Rainfall_2007-2011/Rainfall_2011-01_ACTUAL.txt
ncols         180
nrows         290
xllcorner     -200000
yllcorner     -200000
cellsize      5000
NODATA_value  -9999
[rows 102 to 135 of 290, columns 76 to 151 of 180]
174.38 -9999 211.69 228.16 301.94 272.76 353.12 314.12 324.27 301.70 363.89 347.23 286.77 229.04 218.80 226.51 182.41 148.95 160.41 169.80 152.47 119.79 83.56 86.58 95.91 83.29 69.23 60.40 60.11 76.75 65.70 65.42 70.84 74.36 70.75 57.92 44.53 -9999 -9999 -9999 -9999 -9999 -9999 -9999 -9999 -9999 -9999 -9999 -9999 -9999 -9999 -9999 -9999 -9999 -9999 -9999 -9999 -9999 -9999 -9999 -9999 -9999 -9999 -9999 -9999 -9999 -9999 -9999 -9999 -9999 -9999 -9999 -9999 -9999 -9999 -9999
-9999 166.61 186.68 211.51 202.42 349.03 376.83 280.07 293.84 334.83 313.38 372.22 388.78 268.07 230.10 146.48 207.59 176.31 183.19 175.06 126.40 135.62 132.87 102.83 89.25 77.16 68.29 66.18 79.88 68.22 61.39 69.79 64.95 63.43 57.74 -9999 -9999 -9999 -9999 -9999 -9999 -9999 -9999 -9999 -9999 -9999 -9999 -9999 -9999 -9999 -9999 -9999 -9999 -9999 -9999 -9999 -9999 -9999 -9999 -9999 -9999 -9999 -9999 -9999 -9999 -9999 -9999 -9999 -9999 -9999 -9999 -9999 -9999 -9999 -9999 -9999
197.19 208.18 247.80 282.97 256.60 283.89 287.41 238.84 270.19 278.33 289.13 280.07 274.56 230.86 219.57 229.36 161.96 166.46 149.40 137.92 129.02 103.51 111.86 99.25 83.11 72.70 61.26 64.91 62.73 59.87 60.82 57.56 61.97 50.50 -9999 -9999 -9999 -9999 -9999 -9999 -9999 -9999 -9999 -9999 -9999 -9999 -9999 -9999 -9999 -9999 -9999 -9999 -9999 -9999 -9999 -9999 -9999 -9999 -9999 -9999 -9999 -9999 -9999 -9999 -9999 -9999 -9999 -9999 -9999 -9999 -9999 -9999 -9999 -9999 -9999 -9999
208.75 263.62 282.61 284.83 242.08 273.14 310.57 349.02 348.60 258.24 273.39 276.67 305.43 285.97 210.03 170.02 168.28 167.49 144.99 106.42 78.31 88.61 80.68 77.79 73.88 67.75 55.17 62.57 62.98 62.50 68.54 54.71 52.24 51.01 -9999 -9999 -9999 -9999 -9999 -9999 -9999 -9999 -9999 -9999 -9999 -9999 -9999 -9999 -9999 -9999 -9999 -9999 -9999 -9999 -9999 -9999 -9999 -9999 -9999 -9999 -9999 -9999 -9999 -9999 -9999 -9999 -9999 -9999 -9999 -9999 -9999 -9999 -9999 -9999 -9999 -9999
247.86 267.25 282.37 283.06 283.79 323.64 306.02 315.11 322.51 336.70 252.44 277.83 242.77 264.97 193.85 190.15 223.49 163.23 153.95 142.43 124.11 95.14 88.83 75.97 72.26 62.91 68.48 66.46 70.20 64.01 56.15 57.02 48.63 51.85 54.30 -9999 -9999 -9999 -9999 -9999 -9999 -9999 -9999 -9999 -9999 -9999 -9999 -9999 -9999 -9999 -9999 -9999 -9999 -9999 -9999 -9999 -9999 -9999 -9999 -9999 -9999 -9999 -9999 -9999 -9999 -9999 -9999 -9999 -9999 -9999 -9999 -9999 -9999 -9999 -9999 -9999
216.73 252.94 291.31 256.52 296.58 267.51 244.81 309.94 325.10 318.41 270.87 274.30 256.97 219.44 188.21 220.54 190.68 183.09 252.67 173.55 145.12 112.62 117.16 103.76 103.81 96.65 103.11 105.09 77.74 70.09 59.09 72.08 61.11 62.12 70.64 63.83 -9999 -9999 -9999 -9999 -9999 -9999 -9999 -9999 -9999 -9999 -9999 -9999 -9999 -9999 -9999 -9999 -9999 -9999 -9999 -9999 -9999 -9999 -9999 -9999 -9999 -9999 -9999 -9999 -9999 -9999 -9999 -9999 -9999 -9999 -9999 -9999 -9999 -9999 -9999 -9999
211.76 251.87 262.86 279.87 287.79 280.58 275.81 331.16 318.33 391.64 279.19 244.51 228.52 205.51 170.61 214.46 187.81 150.28 131.04 121.36 102.98 122.03 142.71 158.52 144.31 138.01 110.95 111.63 100.77 80.40 84.68 66.11 74.66 77.92 69.60 62.52 51.92 -9999 -9999 -9999 -9999 -9999 -9999 -9999 -9999 -9999 -9999 -9999 -9999 -9999 -9999 -9999 -9999 -9999 -9999 -9999 -9999 -9999 -9999 -9999 -9999 -9999 -9999 -9999 -9999 -9999 -9999 -9999 -9999 -9999 -9999 -9999 -9999 -9999 -9999 -9999
199.15 212.67 247.55 269.12 266.56 254.52 281.43 333.80 293.59 245.81 235.91 289.91 205.15 195.25 176.11 191.57 156.02 126.81 95.06 92.37 112.83 158.78 171.62 148.85 149.82 137.21 104.55 109.72 99.55 81.83 74.41 62.75 55.44 61.05 56.81 53.56 -9999 -9999 -9999 -9999 -9999 -9999 -9999 -9999 -9999 -9999 -9999 -9999 -9999 -9999 -9999 -9999 -9999 -9999 -9999 -9999 -9999 -9999 -9999 -9999 -9999 -9999 -9999 -9999 -9999 -9999 -9999 -9999 -9999 -9999 -9999 -9999 -9999 -9999 -9999 -9999
154.75 188.77 201.34 199.40 226.33 268.64 247.45 286.58 280.44 253.91 237.41 195.97 220.96 191.30 174.10 122.01 108.91 93.21 80.59 68.95 97.83 86.91 79.73 96.65 111.08 118.79 109.87 111.95 95.61 71.70 66.77 56.73 -9999 -9999 -9999 -9999 -9999 -9999 -9999 -9999 -9999 -9999 -9999 -9999 -9999 -9999 -9999 -9999 -9999 -9999 -9999 -9999 -9999 -9999 -9999 -9999 -9999 -9999 -9999 -9999 -9999 -9999 -9999 -9999 -9999 -9999 -9999 -9999 -9999 -9999 -9999 -9999 -9999 -9999 -9999 -9999
179.17 207.48 188.72 203.08 247.54 231.93 258.16 264.87 195.02 214.25 203.38 160.62 153.68 163.06 116.15 114.82 128.07 114.22 112.32 86.82 84.59 86.98 79.39 82.21 88.32 104.07 98.57 95.53 93.91 70.39 -9999 -9999 -9999 -9999 -9999 -9999 -9999 -9999 -9999 -9999 -9999 -9999 -9999 -9999 -9999 -9999 -9999 -9999 -9999 -9999 -9999 -9999 -9999 -9999 -9999 -9999 -9999 -9999 -9999 -9999 -9999 -9999 -9999 -9999 -9999 -9999 -9999 -9999 -9999 -9999 -9999 -9999 -9999 -9999 -9999 -9999
188.39 218.26 193.89 228.82 212.14 230.81 260.33 235.61 185.85 185.55 163.92 119.12 116.49 115.38 105.86 123.61 146.66 135.34 129.58 111.40 105.22 95.39 71.38 75.43 72.83 79.66 75.48 85.60 80.31 60.60 -9999 -9999 -9999 -9999 -9999 -9999 -9999 -9999 -9999 -9999 -9999 -9999 -9999 -9999 -9999 -9999 -9999 -9999 -9999 -9999 -9999 -9999 -9999 -9999 -9999 -9999 -9999 -9999 -9999 -9999 -9999 -9999 -9999 -9999 -9999 -9999 -9999 -9999 -9999 -9999 -9999 -9999 -9999 -9999 -9999 -9999
201.78 -9999 201.59 215.50 210.90 226.51 235.01 215.35 170.27 129.46 126.19 121.07 123.14 133.39 114.91 170.07 166.33 163.93 156.64 128.70 106.29 86.92 73.69 66.06 62.36 65.70 70.60 55.05 -9999 -9999 -9999 -9999 -9999 49.91 48.19 44.72 39.38 -9999 -9999 -9999 -9999 -9999 -9999 -9999 -9999 -9999 -9999 -9999 -9999 -9999 -9999 -9999 -9999 -9999 -9999 -9999 -9999 -9999 -9999 -9999 -9999 -9999 -9999 -9999 -9999 -9999 -9999 -9999 -9999 -9999 -9999 -9999 -9999 -9999 -9999 -9999
225.68 -9999 181.05 207.37 196.04 183.28 229.50 185.95 144.39 135.58 141.16 128.41 121.08 137.54 113.76 116.72 123.91 117.12 114.74 112.35 104.10 100.43 87.96 70.16 74.08 76.27 73.18 64.19 49.82 45.12 -9999 -9999 47.75 49.87 51.87 43.63 47.35 49.08 47.06 -9999 -9999 -9999 -9999 -9999 -9999 -9999 -9999 -9999 -9999 -9999 -9999 -9999 -9999 -9999 -9999 -9999 -9999 -9999 -9999 -9999 -9999 -9999 -9999 -9999 -9999 -9999 -9999 -9999 -9999 -9999 -9999 -9999 -9999 -9999 -9999 -9999
191.67 159.63 167.74 145.64 172.69 168.53 178.66 170.04 163.74 162.62 157.40 128.44 91.90 92.57 100.28 100.56 98.97 100.57 105.25 101.18 97.37 98.19 92.19 92.73 93.32 75.84 71.96 62.08 55.35 59.28 46.93 50.91 54.45 51.21 49.61 50.51 57.00 59.79 72.44 44.99 -9999 -9999 -9999 -9999 -9999 -9999 -9999 -9999 -9999 -9999 -9999 -9999 -9999 -9999 -9999 -9999 -9999 -9999 -9999 -9999 -9999 -9999 -9999 -9999 -9999 -9999 -9999 -9999 -9999 -9999 -9999 -9999 -9999 -9999 -9999 -9999
162.32 162.73 147.10 165.57 147.96 124.79 147.79 -9999 186.78 206.25 197.49 124.86 96.19 92.33 90.05 85.67 86.60 80.45 82.99 87.07 80.59 94.49 87.50 91.11 104.60 94.18 80.60 73.79 79.29 67.71 56.52 58.47 55.62 54.38 43.37 60.34 63.16 71.50 73.76 68.06 71.61 60.31 37.42 -9999 -9999 -9999 -9999 -9999 -9999 -9999 -9999 -9999 -9999 -9999 -9999 -9999 -9999 -9999 -9999 -9999 -9999 -9999 -9999 -9999 -9999 -9999 -9999 -9999 -9999 -9999 -9999 -9999 -9999 -9999 -9999 -9999
148.18 159.54 128.13 -9999 117.37 106.54 133.76 -9999 166.52 230.30 182.37 138.10 109.51 104.59 102.99 86.83 78.60 67.76 61.66 74.71 84.43 104.36 109.80 93.60 107.93 98.00 88.47 102.17 102.40 71.03 51.70 63.73 64.33 64.60 79.37 90.05 83.42 85.87 76.87 72.62 73.17 48.38 58.01 -9999 -9999 -9999 -9999 -9999 -9999 -9999 -9999 -9999 -9999 -9999 -9999 -9999 -9999 -9999 -9999 -9999 -9999 -9999 -9999 -9999 -9999 -9999 -9999 -9999 -9999 -9999 -9999 -9999 -9999 -9999 -9999 -9999
140.48 135.18 114.28 -9999 -9999 112.69 114.22 126.39 156.56 165.32 148.14 131.10 124.42 125.98 124.69 104.99 98.51 74.68 61.12 69.28 83.90 102.90 118.33 126.51 127.11 125.80 114.43 101.21 96.83 80.84 64.07 61.65 81.57 87.00 84.30 91.43 84.92 71.01 78.17 59.59 58.14 54.20 52.87 47.51 -9999 -9999 -9999 -9999 -9999 -9999 -9999 -9999 -9999 -9999 -9999 -9999 -9999 -9999 -9999 -9999 -9999 -9999 -9999 -9999 -9999 -9999 -9999 -9999 -9999 -9999 -9999 -9999 -9999 -9999 -9999 -9999
143.92 -9999 -9999 -9999 -9999 -9999 110.16 105.91 133.04 146.79 129.87 112.69 116.14 119.79 134.69 118.95 108.14 88.64 71.32 69.18 84.40 93.72 109.68 118.82 119.33 113.23 94.05 92.89 71.27 70.14 87.08 92.27 84.22 83.53 66.34 57.24 68.32 68.37 74.05 56.75 56.20 51.49 60.05 43.07 -9999 -9999 -9999 -9999 -9999 -9999 -9999 -9999 -9999 -9999 -9999 -9999 -9999 -9999 -9999 -9999 -9999 -9999 -9999 -9999 -9999 -9999 -9999 -9999 -9999 -9999 -9999 -9999 -9999 -9999 -9999 -9999
145.23 151.50 157.29 155.87 -9999 -9999 -9999 101.46 116.70 121.38 111.05 99.97 94.39 115.82 115.15 122.30 116.78 101.34 94.88 90.29 86.37 101.67 100.93 83.44 98.00 86.00 83.85 106.34 90.01 109.63 123.99 115.64 98.88 90.95 61.94 57.58 58.60 68.75 74.84 58.28 52.95 49.76 56.53 47.13 47.09 -9999 -9999 -9999 -9999 -9999 -9999 -9999 -9999 -9999 -9999 -9999 -9999 -9999 -9999 -9999 -9999 -9999 -9999 -9999 -9999 -9999 -9999 -9999 -9999 -9999 -9999 -9999 -9999 -9999 -9999 -9999
148.93 144.72 155.48 209.12 196.05 -9999 -9999 -9999 92.90 95.17 93.70 96.85 100.39 100.27 106.31 102.07 106.12 98.56 97.95 90.14 97.66 97.95 93.86 78.55 97.07 86.37 95.63 81.62 96.99 96.40 98.83 112.82 98.04 75.57 71.52 68.03 61.13 56.11 64.11 51.26 47.60 48.34 59.89 52.67 43.55 37.60 -9999 -9999 -9999 -9999 -9999 -9999 -9999 -9999 -9999 -9999 -9999 -9999 -9999 -9999 -9999 -9999 -9999 -9999 -9999 -9999 -9999 -9999 -9999 -9999 -9999 -9999 -9999 -9999 -9999 -9999
144.28 101.94 136.34 211.03 186.86 -9999 -9999 -9999 -9999 -9999 87.37 89.68 89.10 95.64 88.24 95.57 88.89 109.81 120.63 117.58 114.40 101.65 99.46 83.91 78.98 65.09 96.28 88.26 86.88 96.19 95.52 75.50 71.09 52.86 81.05 62.41 61.41 58.43 50.14 50.07 43.75 48.34 49.78 43.79 47.22 40.85 33.30 -9999 -9999 -9999 -9999 -9999 -9999 -9999 -9999 -9999 -9999 -9999 -9999 -9999 -9999 -9999 -9999 -9999 -9999 -9999 -9999 -9999 -9999 -9999 -9999 -9999 -9999 -9999 -9999 -9999
-9999 116.72 132.50 192.32 170.02 -9999 -9999 -9999 -9999 -9999 81.10 87.84 100.76 99.32 97.26 103.74 103.16 114.72 130.55 136.76 125.45 124.54 112.13 95.46 91.88 103.70 97.19 137.19 102.10 118.52 98.14 107.08 99.06 77.78 100.86 56.29 53.87 54.36 52.33 56.46 63.16 51.00 48.51 40.87 43.64 44.10 34.16 43.43 36.87 -9999 -9999 -9999 -9999 -9999 -9999 -9999 -9999 -9999 -9999 -9999 -9999 -9999 -9999 -9999 -9999 -9999 -9999 -9999 -9999 -9999 -9999 -9999 -9999 -9999 -9999 -9999
-9999 -9999 141.64 155.62 138.12 -9999 -9999 -9999 -9999 -9999 75.65 73.30 87.19 81.56 84.69 82.79 93.13 111.43 126.18 139.71 123.80 112.91 115.90 112.64 125.18 119.60 111.47 154.56 143.59 115.51 107.52 79.61 74.61 69.89 76.54 60.57 64.68 67.07 52.87 57.46 59.00 74.79 74.49 48.13 43.58 35.20 42.87 47.35 39.19 -9999 -9999 -9999 -9999 -9999 -9999 -9999 -9999 -9999 -9999 -9999 -9999 -9999 -9999 -9999 -9999 -9999 -9999 -9999 -9999 -9999 -9999 -9999 -9999 -9999 -9999 -9999
-9999 -9999 112.60 120.55 114.26 -9999 -9999 -9999 -9999 -9999 75.43 70.90 80.66 86.14 87.83 89.76 105.84 131.78 147.15 133.24 124.06 105.91 113.80 104.84 117.62 126.11 158.73 161.93 142.16 138.10 122.82 85.78 89.46 76.20 82.21 76.27 61.68 69.51 75.22 81.13 69.21 92.90 94.97 68.06 48.94 44.61 40.94 44.59 42.55 -9999 -9999 -9999 -9999 -9999 -9999 -9999 -9999 -9999 -9999 -9999 -9999 -9999 -9999 -9999 -9999 -9999 -9999 -9999 -9999 -9999 -9999 -9999 -9999 -9999 -9999 -9999
-9999 -9999 -9999 -9999 -9999 -9999 -9999 -9999 -9999 94.62 101.68 105.73 100.04 93.14 98.23 100.24 113.33 121.46 145.55 136.64 117.38 134.92 129.46 142.36 156.19 170.65 191.53 202.48 200.56 165.56 137.51 123.01 103.61 106.25 87.92 75.07 78.82 70.02 84.26 92.09 105.79 92.69 105.13 81.53 55.77 50.71 47.48 47.68 42.01 -9999 -9999 -9999 -9999 -9999 -9999 -9999 -9999 -9999 -9999 -9999 -9999 -9999 -9999 -9999 -9999 -9999 -9999 -9999 -9999 -9999 -9999 -9999 -9999 -9999 -9999 -9999
-9999 -9999 -9999 -9999 -9999 -9999 -9999 -9999 -9999 106.95 100.45 116.09 124.92 121.51 124.77 144.80 136.31 135.67 122.77 141.76 130.52 120.13 153.79 157.82 150.73 126.57 190.36 182.27 199.52 163.35 144.78 127.41 102.27 93.57 103.24 86.23 73.88 81.51 91.22 111.97 110.53 94.56 113.41 91.98 61.80 48.99 51.94 59.25 44.84 -9999 -9999 -9999 -9999 -9999 -9999 -9999 -9999 -9999 -9999 -9999 -9999 -9999 -9999 -9999 -9999 -9999 -9999 -9999 -9999 -9999 -9999 -9999 -9999 -9999 -9999 -9999
-9999 -9999 -9999 -9999 -9999 -9999 -9999 -9999 93.69 105.81 104.88 113.37 116.45 113.68 141.65 174.75 182.14 174.69 175.69 148.82 143.11 143.33 167.37 154.77 158.56 120.51 153.65 201.75 197.70 192.24 161.49 147.97 122.67 112.83 117.65 109.87 85.94 151.08 148.03 136.78 122.40 102.49 93.04 85.31 67.51 67.56 63.33 52.29 51.14 -9999 -9999 -9999 -9999 -9999 -9999 -9999 -9999 -9999 -9999 -9999 -9999 -9999 -9999 -9999 -9999 -9999 -9999 -9999 -9999 -9999 -9999 -9999 -9999 -9999 -9999 -9999
-9999 -9999 -9999 -9999 -9999 -9999 -9999 -9999 93.38 90.93 116.61 112.54 136.87 121.49 146.14 167.39 225.40 206.78 179.21 154.75 153.65 151.42 207.29 187.62 157.58 145.43 150.25 197.33 215.00 195.36 180.51 150.67 154.96 167.89 155.10 166.76 163.95 179.10 133.57 130.80 123.87 106.45 105.51 94.58 69.24 63.70 52.69 48.42 46.00 45.47 -9999 -9999 -9999 -9999 -9999 -9999 -9999 -9999 -9999 -9999 -9999 -9999 -9999 -9999 -9999 -9999 -9999 -9999 -9999 -9999 -9999 -9999 -9999 -9999 -9999 -9999
-9999 -9999 -9999 -9999 -9999 -9999 -9999 82.71 106.27 119.61 129.31 142.06 150.50 134.13 134.63 165.66 191.38 197.44 180.33 159.77 132.90 123.26 143.09 168.02 159.16 143.76 139.90 155.68 154.07 162.24 175.94 192.29 162.47 175.84 170.95 173.23 225.37 187.49 168.99 148.56 105.30 104.33 108.57 102.17 79.73 58.55 51.16 44.59 40.63 36.33 -9999 -9999 -9999 -9999 -9999 -9999 -9999 -9999 -9999 -9999 -9999 -9999 -9999 -9999 -9999 -9999 -9999 -9999 -9999 -9999 -9999 -9999 -9999 -9999 -9999 -9999
-9999 -9999 -9999 -9999 -9999 -9999 -9999 104.36 117.71 134.11 172.78 179.71 175.14 162.79 192.00 165.57 172.09 174.74 161.40 160.16 127.25 117.84 146.67 158.62 164.78 130.82 125.48 122.03 128.31 141.82 192.49 158.55 187.20 188.34 170.38 223.88 206.04 196.05 179.63 122.85 113.46 97.38 84.89 71.20 66.68 58.29 55.16 43.85 44.08 42.85 -9999 -9999 -9999 -9999 -9999 -9999 -9999 -9999 -9999 -9999 -9999 -9999 -9999 -9999 -9999 -9999 -9999 -9999 -9999 -9999 -9999 -9999 -9999 -9999 -9999 -9999
-9999 -9999 -9999 -9999 -9999 -9999 108.34 113.84 129.28 159.55 174.59 180.39 218.02 209.88 229.02 183.00 158.53 151.19 154.34 164.85 150.61 141.38 161.09 149.64 133.17 112.52 123.84 125.04 132.28 166.15 179.32 159.95 199.66 192.38 189.67 211.82 182.57 236.69 194.53 139.28 119.58 99.39 77.28 67.90 56.22 51.29 49.67 42.42 38.18 34.53 -9999 -9999 -9999 -9999 -9999 -9999 -9999 -9999 -9999 -9999 -9999 -9999 -9999 -9999 -9999 -9999 -9999 -9999 -9999 -9999 -9999 -9999 -9999 -9999 -9999 -9999
-9999 -9999 -9999 -9999 -9999 103.96 112.46 129.43 139.27 150.40 146.49 159.07 194.46 210.26 248.79 169.06 119.04 140.26 162.42 160.12 164.96 164.96 149.29 139.30 142.00 127.27 112.25 131.76 139.47 154.72 152.10 150.96 166.07 158.94 176.04 211.98 203.14 237.42 186.27 152.81 117.53 81.03 66.30 58.54 55.54 49.59 42.83 42.20 34.09 32.80 32.54 -9999 -9999 -9999 -9999 -9999 -9999 -9999 -9999 -9999 -9999 -9999 -9999 -9999 -9999 -9999 -9999 -9999 -9999 -9999 -9999 -9999 -9999 -9999 -9999 -9999
-9999 -9999 -9999 -9999 -9999 122.32 143.80 135.01 138.63 140.43 134.74 137.90 219.78 219.37 215.49 190.09 138.77 154.88 177.11 163.26 200.49 162.56 147.44 159.61 132.86 128.12 109.22 131.02 125.80 132.08 121.37 126.48 124.98 135.82 156.58 187.00 193.77 211.39 207.17 136.72 95.89 84.82 58.41 45.55 49.68 45.52 34.78 30.30 27.41 30.18 28.97 -9999 -9999 -9999 -9999 -9999 -9999 -9999 -9999 -9999 -9999 -9999 -9999 -9999 -9999 -9999 -9999 -9999 -9999 -9999 -9999 -9999 -9999 -9999 -9999 -9999
-9999 -9999 -9999 88.32 100.64 122.44 128.78 131.23 138.23 139.58 127.49 121.23 175.26 174.44 219.98 199.65 180.25 171.86 180.66 171.03 158.54 153.05 150.75 131.78 134.72 117.47 101.78 110.81 114.51 120.15 111.64 107.64 113.89 120.40 135.04 170.48 179.55 171.87 158.40 125.09 87.53 78.88 55.98 37.83 30.45 30.53 29.74 28.86 27.03 28.80 28.11 -9999 -9999 -9999 -9999 -9999 -9999 -9999 -9999 -9999 -9999 -9999 -9999 -9999 -9999 -9999 -9999 -9999 -9999 -9999 -9999 -9999 -9999 -9999 -9999 -9999
