Rainfall_2007-2011/Rainfall_2007-12_ACTUAL.txt
ncols         180
nrows         290
xllcorner     -200000
yllcorner     -200000
cellsize      5000
NODATA_value  -9999
[rows 132 to 164 of 290, columns 76 to 151 of 180]
-9999 -9999 -9999 -9999 -9999 -9999 128.54 142.89 165.81 199.05 188.93 181.99 257.38 245.11 280.73 222.09 180.91 165.93 162.56 169.91 154.85 140.91 161.35 149.63 134.75 124.10 140.82 158.27 157.86 184.06 183.18 164.73 201.51 201.36 185.80 205.36 172.93 198.84 158.53 131.79 110.58 122.14 107.36 83.27 72.24 67.21 60.52 59.07 52.82 39.01 -9999 -9999 -9999 -9999 -9999 -9999 -9999 -9999 -9999 -9999 -9999 -9999 -9999 -9999 -9999 -9999 -9999 -9999 -9999 -9999 -9999 -9999 -9999 -9999 -9999 -9999
-9999 -9999 -9999 -9999 -9999 110.90 128.41 160.08 174.03 181.29 197.98 209.58 240.10 242.91 280.44 203.25 156.04 156.58 168.34 159.42 154.67 140.92 135.37 128.34 137.36 113.24 121.76 150.09 157.51 165.99 164.29 159.95 169.54 159.15 170.80 197.33 181.84 198.08 168.58 153.81 123.58 116.99 121.24 85.84 70.40 63.56 57.57 62.27 50.48 39.93 36.71 -9999 -9999 -9999 -9999 -9999 -9999 -9999 -9999 -9999 -9999 -9999 -9999 -9999 -9999 -9999 -9999 -9999 -9999 -9999 -9999 -9999 -9999 -9999 -9999 -9999
-9999 -9999 -9999 -9999 -9999 134.74 160.38 158.26 205.97 142.81 166.36 176.56 277.61 264.78 252.50 226.09 169.98 164.66 166.61 150.21 183.54 136.38 121.53 119.50 114.57 127.51 114.34 145.66 150.06 149.96 145.18 134.87 132.72 137.66 145.59 170.38 169.44 172.26 169.16 140.63 111.76 98.78 83.29 88.86 78.57 62.81 48.39 43.47 40.85 41.89 35.40 -9999 -9999 -9999 -9999 -9999 -9999 -9999 -9999 -9999 -9999 -9999 -9999 -9999 -9999 -9999 -9999 -9999 -9999 -9999 -9999 -9999 -9999 -9999 -9999 -9999
-9999 -9999 -9999 113.51 125.88 147.34 145.84 164.67 257.26 269.79 149.23 105.54 257.50 295.34 265.12 230.96 195.36 155.59 152.38 152.37 146.58 135.92 121.63 108.63 115.63 119.49 117.85 126.61 129.96 126.40 123.69 116.25 118.94 117.40 126.41 152.47 160.46 143.81 139.70 132.61 103.27 92.78 79.86 93.48 55.32 53.73 43.11 41.01 41.03 40.24 39.70 -9999 -9999 -9999 -9999 -9999 -9999 -9999 -9999 -9999 -9999 -9999 -9999 -9999 -9999 -9999 -9999 -9999 -9999 -9999 -9999 -9999 -9999 -9999 -9999 -9999
-9999 -9999 -9999 113.55 124.77 129.10 157.13 165.91 202.71 185.18 137.32 127.89 147.04 209.87 274.14 225.12 183.53 144.02 134.24 123.84 133.05 131.03 142.33 129.61 132.00 113.22 107.75 109.56 106.98 103.17 99.22 102.19 94.44 105.45 113.58 107.50 121.15 123.60 113.08 103.14 88.76 59.78 67.33 83.03 61.37 43.57 45.00 38.86 40.38 37.37 37.28 41.57 -9999 -9999 -9999 -9999 -9999 -9999 -9999 -9999 -9999 -9999 -9999 -9999 -9999 -9999 -9999 -9999 -9999 -9999 -9999 -9999 -9999 -9999 -9999 -9999
-9999 -9999 -9999 109.66 122.35 116.73 133.05 131.68 146.00 143.11 123.83 125.25 133.87 168.84 204.93 181.51 164.94 138.85 119.02 111.41 132.61 136.74 169.13 144.51 -9999 -9999 -9999 95.18 97.31 -9999 88.71 95.60 87.96 91.47 98.18 106.28 126.73 122.43 102.23 105.83 84.72 67.25 66.84 52.36 43.37 51.30 44.33 47.97 34.15 32.95 35.73 39.44 -9999 -9999 -9999 -9999 -9999 -9999 -9999 -9999 -9999 -9999 -9999 -9999 -9999 -9999 -9999 -9999 -9999 -9999 -9999 -9999 -9999 -9999 -9999 -9999
-9999 -9999 -9999 94.37 114.02 111.18 118.98 125.78 130.87 132.96 125.99 130.20 146.30 150.53 190.58 159.54 160.38 139.82 119.03 133.10 121.84 119.42 122.65 128.09 -9999 -9999 -9999 88.52 94.23 92.36 87.53 85.17 87.57 92.08 105.76 122.36 153.48 132.59 135.38 111.36 76.84 86.31 71.50 62.76 54.14 56.13 43.61 46.82 55.36 47.23 40.98 40.06 -9999 -9999 -9999 -9999 -9999 -9999 -9999 -9999 -9999 -9999 -9999 -9999 -9999 -9999 -9999 -9999 -9999 -9999 -9999 -9999 -9999 -9999 -9999 -9999
-9999 -9999 -9999 -9999 96.00 109.45 107.11 -9999 128.90 134.04 130.76 131.87 135.27 -9999 142.03 136.06 153.62 118.26 117.60 143.56 129.39 110.79 -9999 -9999 -9999 -9999 81.09 80.14 90.68 87.70 82.63 76.09 80.87 88.22 111.85 129.53 189.27 158.21 179.04 145.80 120.66 91.95 76.87 85.34 55.14 52.37 60.41 47.49 49.41 47.12 43.74 43.01 40.71 -9999 -9999 -9999 -9999 -9999 -9999 -9999 -9999 -9999 -9999 -9999 -9999 -9999 -9999 -9999 -9999 -9999 -9999 -9999 -9999 -9999 -9999 -9999
-9999 -9999 -9999 -9999 -9999 97.48 -9999 -9999 -9999 120.10 118.26 124.01 125.65 108.18 -9999 -9999 117.47 84.48 114.26 139.57 -9999 -9999 -9999 -9999 -9999 81.61 85.68 78.00 101.42 95.23 88.92 88.50 96.21 106.49 115.76 132.20 155.64 202.30 187.51 177.62 158.53 131.03 104.55 96.97 80.74 75.09 61.82 70.29 59.52 49.15 51.39 51.74 49.93 -9999 -9999 -9999 -9999 -9999 -9999 -9999 -9999 -9999 -9999 -9999 -9999 -9999 -9999 -9999 -9999 -9999 -9999 -9999 -9999 -9999 -9999 -9999
-9999 -9999 -9999 -9999 -9999 90.87 85.37 -9999 -9999 -9999 104.04 120.25 124.63 112.50 -9999 -9999 -9999 -9999 105.63 -9999 -9999 -9999 -9999 -9999 -9999 81.82 95.91 115.06 117.66 124.77 124.88 124.84 101.61 101.88 128.36 113.65 121.75 143.07 193.01 247.15 194.86 176.21 136.13 109.27 100.15 85.03 63.30 62.34 54.45 49.41 49.56 53.65 46.69 -9999 -9999 -9999 -9999 -9999 -9999 -9999 -9999 -9999 -9999 -9999 -9999 -9999 -9999 -9999 -9999 -9999 -9999 -9999 -9999 -9999 -9999 -9999
-9999 -9999 -9999 -9999 -9999 -9999 94.54 -9999 -9999 -9999 -9999 118.95 126.37 115.81 -9999 -9999 -9999 -9999 -9999 -9999 -9999 -9999 -9999 -9999 104.40 101.65 125.23 131.99 155.05 176.42 190.22 170.86 104.44 125.32 113.62 140.74 162.84 213.22 274.71 287.75 218.48 169.53 129.73 126.82 95.97 71.16 79.28 73.54 56.51 53.63 53.97 56.50 49.90 48.46 -9999 -9999 -9999 -9999 -9999 -9999 -9999 -9999 -9999 -9999 -9999 -9999 -9999 -9999 -9999 -9999 -9999 -9999 -9999 -9999 -9999 -9999
-9999 -9999 -9999 -9999 -9999 -9999 104.49 -9999 -9999 -9999 -9999 -9999 -9999 -9999 -9999 -9999 -9999 -9999 -9999 -9999 -9999 -9999 -9999 -9999 105.12 99.46 137.11 144.13 136.44 209.28 253.93 242.95 195.15 131.10 143.16 101.02 107.80 185.57 230.20 255.29 213.37 230.19 226.02 204.86 150.73 96.23 70.59 70.86 60.41 65.77 61.40 60.48 55.76 55.43 50.08 -9999 -9999 -9999 -9999 -9999 -9999 -9999 -9999 -9999 -9999 -9999 -9999 -9999 -9999 -9999 -9999 -9999 -9999 -9999 -9999 -9999
-9999 -9999 -9999 -9999 -9999 -9999 -9999 -9999 -9999 -9999 -9999 -9999 -9999 -9999 -9999 -9999 -9999 -9999 -9999 -9999 -9999 -9999 -9999 92.27 109.88 126.36 149.03 196.68 194.82 293.90 280.46 250.96 187.50 168.59 128.30 109.34 97.65 155.02 266.80 228.52 168.33 193.59 214.92 166.90 121.23 79.40 74.26 70.01 57.12 54.38 52.36 56.54 56.73 50.01 44.65 -9999 -9999 -9999 -9999 -9999 -9999 -9999 -9999 -9999 -9999 -9999 -9999 -9999 -9999 -9999 -9999 -9999 -9999 -9999 -9999 -9999
-9999 -9999 -9999 -9999 -9999 -9999 -9999 -9999 -9999 -9999 -9999 -9999 -9999 -9999 -9999 -9999 -9999 -9999 -9999 -9999 -9999 -9999 -9999 120.02 129.56 146.83 178.46 247.28 255.84 221.35 272.12 313.16 258.66 223.82 167.83 155.91 135.48 155.31 194.15 265.90 217.07 188.76 121.97 147.22 99.36 74.13 78.43 59.08 59.55 49.88 60.54 53.92 55.47 50.38 46.07 46.85 45.72 40.03 -9999 -9999 -9999 -9999 -9999 -9999 -9999 -9999 -9999 -9999 -9999 -9999 -9999 -9999 -9999 -9999 -9999 -9999
-9999 -9999 -9999 -9999 -9999 -9999 -9999 -9999 -9999 -9999 -9999 -9999 -9999 -9999 -9999 -9999 -9999 -9999 -9999 -9999 -9999 -9999 -9999 119.69 146.12 172.69 174.41 258.32 322.33 343.55 365.41 348.30 323.38 333.48 273.82 219.16 192.23 133.96 133.30 183.41 138.31 169.15 169.99 131.57 105.41 92.78 68.29 58.41 62.25 62.00 53.95 53.54 56.06 51.40 53.32 70.60 56.00 57.97 48.16 43.90 -9999 -9999 -9999 -9999 -9999 -9999 -9999 -9999 -9999 -9999 -9999 -9999 -9999 -9999 -9999 -9999
-9999 -9999 -9999 -9999 -9999 -9999 -9999 -9999 -9999 -9999 -9999 -9999 -9999 -9999 -9999 -9999 -9999 -9999 -9999 -9999 -9999 -9999 -9999 113.81 180.16 233.17 301.48 393.67 453.93 362.74 348.06 388.16 435.27 472.34 390.62 319.30 244.12 192.95 195.43 166.33 138.74 164.37 142.21 117.17 108.66 86.74 80.24 75.73 68.52 63.86 53.08 53.71 50.76 55.95 62.57 70.02 78.40 75.50 73.47 68.97 65.77 52.31 -9999 -9999 -9999 -9999 -9999 -9999 -9999 -9999 -9999 -9999 -9999 -9999 -9999 -9999
-9999 -9999 -9999 -9999 -9999 -9999 -9999 -9999 -9999 -9999 -9999 -9999 -9999 -9999 -9999 -9999 -9999 -9999 -9999 -9999 -9999 -9999 -9999 127.70 166.12 212.16 292.96 302.11 433.68 541.97 379.99 387.42 365.89 406.72 377.87 279.15 287.49 234.52 234.16 204.81 244.85 196.29 185.23 172.73 168.03 129.81 108.38 97.70 69.79 58.84 57.58 57.84 59.11 60.15 72.98 67.15 79.98 61.94 76.46 71.61 71.18 54.71 59.62 -9999 -9999 -9999 -9999 -9999 -9999 -9999 -9999 -9999 -9999 -9999 -9999 -9999
-9999 -9999 -9999 -9999 -9999 -9999 -9999 -9999 -9999 -9999 -9999 99.79 85.05 78.10 -9999 -9999 -9999 -9999 -9999 -9999 -9999 -9999 -9999 -9999 155.33 170.33 230.54 251.22 278.55 384.57 347.47 298.06 289.75 312.91 283.98 268.63 275.49 277.43 239.25 262.71 257.81 253.45 254.29 203.63 167.08 134.47 118.23 87.62 71.33 63.85 55.72 60.46 60.92 66.99 109.51 118.38 134.52 122.24 110.61 92.68 64.25 78.21 67.17 53.31 -9999 -9999 -9999 -9999 -9999 -9999 -9999 -9999 -9999 -9999 -9999 -9999
-9999 -9999 -9999 -9999 -9999 -9999 -9999 -9999 -9999 -9999 -9999 108.30 87.79 -9999 -9999 -9999 -9999 -9999 -9999 -9999 -9999 -9999 -9999 -9999 -9999 176.70 204.23 242.35 277.24 392.58 319.51 276.31 252.62 223.26 224.20 227.54 220.01 303.49 253.70 258.23 286.36 259.00 209.56 171.83 182.30 124.50 123.87 83.66 63.89 61.97 61.07 61.67 65.12 69.30 119.22 140.54 122.89 102.69 108.47 104.43 93.19 92.82 79.40 78.81 -9999 -9999 -9999 -9999 -9999 -9999 -9999 -9999 -9999 -9999 -9999 -9999
-9999 -9999 -9999 -9999 -9999 -9999 -9999 -9999 -9999 -9999 109.83 153.76 119.34 111.44 -9999 -9999 -9999 -9999 -9999 -9999 -9999 -9999 -9999 -9999 -9999 146.03 192.15 259.64 269.09 259.82 281.48 243.41 226.91 223.08 214.63 201.13 207.46 206.75 283.83 242.86 254.20 224.48 219.35 212.83 163.10 145.42 99.78 69.37 67.35 67.48 63.90 65.46 76.79 84.73 98.50 119.44 123.94 112.79 111.97 98.64 90.02 94.25 72.45 82.72 70.64 -9999 -9999 -9999 -9999 -9999 -9999 -9999 -9999 -9999 -9999 -9999
-9999 -9999 -9999 -9999 -9999 -9999 -9999 -9999 -9999 120.90 144.67 124.66 146.63 117.66 -9999 -9999 -9999 -9999 -9999 -9999 -9999 -9999 -9999 -9999 -9999 159.46 191.94 230.30 207.43 257.08 236.74 239.93 234.33 214.27 202.10 201.90 194.67 238.45 260.36 270.60 245.18 251.49 195.93 186.39 137.03 135.41 93.72 74.70 74.06 67.89 64.27 64.24 70.89 95.42 102.55 104.24 95.19 89.05 79.53 86.40 86.83 87.75 53.63 62.70 70.09 -9999 -9999 -9999 -9999 -9999 -9999 -9999 -9999 -9999 -9999 -9999
-9999 -9999 -9999 -9999 -9999 -9999 -9999 -9999 104.00 120.69 173.14 152.46 133.44 -9999 -9999 -9999 -9999 -9999 -9999 -9999 -9999 -9999 -9999 -9999 -9999 -9999 188.49 197.69 208.31 262.44 227.44 203.52 185.63 188.91 167.00 191.99 173.54 219.61 262.97 303.09 279.78 289.84 255.46 249.26 198.73 160.50 140.56 115.65 80.06 72.44 60.31 55.34 60.52 77.70 101.02 91.05 74.49 68.23 71.12 58.02 63.06 63.53 66.27 68.54 72.75 64.96 52.34 -9999 -9999 -9999 -9999 -9999 -9999 -9999 -9999 -9999
-9999 -9999 -9999 -9999 -9999 -9999 -9999 -9999 125.83 158.55 146.95 134.96 127.05 -9999 -9999 -9999 -9999 -9999 -9999 -9999 -9999 -9999 -9999 -9999 -9999 -9999 -9999 193.07 197.24 198.98 187.37 184.07 177.24 180.43 174.46 203.23 188.32 253.18 213.35 274.23 281.32 266.90 240.51 247.83 238.91 181.71 158.99 126.40 94.43 73.42 60.80 54.54 52.53 70.40 80.75 70.45 63.00 72.31 62.93 60.90 58.34 63.48 69.79 67.76 63.01 67.63 53.82 -9999 -9999 -9999 -9999 -9999 -9999 -9999 -9999 -9999
-9999 -9999 -9999 -9999 -9999 -9999 -9999 -9999 115.99 128.54 93.37 119.77 -9999 -9999 -9999 -9999 -9999 -9999 -9999 -9999 -9999 -9999 -9999 -9999 -9999 -9999 -9999 157.45 174.67 195.31 -9999 176.11 -9999 170.37 169.70 173.76 175.07 181.89 196.50 229.04 234.15 266.97 215.15 198.53 231.71 205.70 162.88 116.35 103.21 81.22 74.52 62.22 56.57 63.69 71.62 73.15 77.69 70.49 68.02 58.30 57.38 63.52 71.37 69.97 57.70 53.94 58.40 58.51 55.78 -9999 -9999 -9999 -9999 -9999 -9999 -9999
-9999 -9999 -9999 -9999 -9999 -9999 -9999 97.73 105.89 104.10 -9999 -9999 -9999 -9999 -9999 -9999 -9999 -9999 -9999 -9999 -9999 -9999 -9999 -9999 -9999 -9999 -9999 150.14 153.25 161.77 -9999 -9999 -9999 160.51 194.54 159.78 188.33 177.03 211.38 179.41 157.11 219.70 226.88 182.31 195.47 180.56 144.37 131.31 106.55 86.14 70.02 69.85 60.77 56.06 55.35 61.64 63.63 61.80 60.04 54.93 73.94 60.71 75.17 77.09 71.14 63.98 56.39 51.41 52.00 -9999 -9999 -9999 -9999 -9999 -9999 -9999
-9999 -9999 -9999 -9999 -9999 -9999 -9999 -9999 -9999 -9999 -9999 -9999 -9999 -9999 -9999 -9999 -9999 -9999 -9999 -9999 -9999 -9999 -9999 -9999 -9999 -9999 -9999 -9999 -9999 -9999 -9999 -9999 149.69 153.52 178.20 223.62 235.89 253.13 246.13 185.08 191.77 215.53 189.72 178.97 149.33 153.06 144.35 126.69 99.15 80.85 75.99 69.12 64.33 61.45 58.34 56.52 57.76 60.13 62.28 72.74 97.78 74.63 79.85 68.18 56.93 58.27 56.95 53.78 -9999 -9999 -9999 -9999 -9999 -9999 -9999 -9999
-9999 -9999 -9999 -9999 -9999 -9999 -9999 -9999 -9999 -9999 -9999 -9999 -9999 -9999 -9999 -9999 -9999 -9999 -9999 -9999 -9999 -9999 -9999 -9999 -9999 -9999 -9999 -9999 -9999 -9999 -9999 -9999 145.25 178.52 163.02 256.54 300.01 298.67 229.15 192.62 162.47 177.07 160.00 166.62 151.20 166.25 128.11 123.16 99.86 85.28 77.19 63.87 62.65 58.74 56.14 52.85 53.35 57.36 61.94 66.96 85.20 77.24 70.99 62.12 53.01 52.26 57.18 54.34 -9999 -9999 -9999 -9999 -9999 -9999 -9999 -9999
-9999 -9999 -9999 -9999 -9999 -9999 -9999 -9999 -9999 -9999 -9999 -9999 -9999 -9999 -9999 -9999 -9999 -9999 -9999 -9999 -9999 -9999 -9999 -9999 -9999 -9999 -9999 -9999 -9999 -9999 -9999 -9999 126.06 144.61 171.84 212.34 313.84 290.98 241.09 192.24 174.62 187.57 156.18 145.50 131.82 126.03 125.27 107.79 101.35 86.42 75.23 60.71 57.55 54.60 53.11 51.48 54.78 47.76 49.18 56.60 58.13 52.07 59.85 56.52 48.58 53.73 58.97 54.05 -9999 -9999 -9999 -9999 -9999 -9999 -9999 -9999
-9999 -9999 -9999 -9999 -9999 -9999 -9999 -9999 -9999 -9999 -9999 -9999 -9999 -9999 -9999 -9999 -9999 -9999 -9999 -9999 -9999 -9999 -9999 -9999 -9999 -9999 -9999 -9999 -9999 -9999 114.76 124.66 122.80 144.09 164.27 230.95 308.14 270.60 258.76 194.38 201.80 197.36 158.26 151.03 135.83 135.82 118.71 89.80 85.60 72.46 57.11 59.53 53.94 52.81 52.17 49.64 50.80 40.98 40.78 50.01 51.04 49.92 56.61 54.85 49.37 55.14 53.82 52.68 51.97 -9999 -9999 -9999 -9999 -9999 -9999 -9999
-9999 -9999 -9999 -9999 -9999 -9999 -9999 -9999 -9999 -9999 -9999 -9999 -9999 -9999 -9999 -9999 -9999 -9999 -9999 -9999 -9999 -9999 -9999 -9999 -9999 -9999 -9999 -9999 -9999 -9999 122.77 122.81 124.28 150.76 165.50 204.43 193.32 213.20 199.62 200.72 246.54 181.37 176.60 157.89 154.59 121.56 126.30 86.47 92.10 76.10 66.51 56.81 56.78 49.93 44.97 43.56 44.76 41.69 39.97 45.92 50.99 53.76 58.44 52.98 44.77 47.13 48.39 50.69 51.77 -9999 -9999 -9999 -9999 -9999 -9999 -9999
-9999 -9999 -9999 -9999 -9999 -9999 -9999 -9999 -9999 -9999 -9999 -9999 -9999 -9999 -9999 -9999 -9999 -9999 -9999 -9999 -9999 -9999 -9999 -9999 -9999 -9999 -9999 -9999 -9999 -9999 118.15 118.53 126.89 158.21 161.34 179.24 182.13 189.45 191.15 180.16 185.30 183.83 143.82 168.36 142.30 124.38 100.83 97.93 73.81 65.57 67.02 63.23 53.98 48.98 45.94 40.75 44.34 42.42 41.28 43.17 49.25 52.24 53.18 51.69 36.27 46.33 48.22 49.58 48.13 45.27 -9999 -9999 -9999 -9999 -9999 -9999
-9999 -9999 -9999 -9999 -9999 -9999 -9999 -9999 -9999 -9999 -9999 -9999 -9999 -9999 -9999 -9999 -9999 -9999 -9999 -9999 -9999 -9999 -9999 -9999 -9999 -9999 -9999 -9999 -9999 -9999 97.94 116.76 121.03 136.13 142.37 151.60 143.14 160.82 163.03 153.48 176.21 177.94 189.89 182.02 173.94 139.82 111.06 94.39 82.10 65.91 62.72 61.05 54.67 47.05 44.89 41.65 41.63 41.23 41.46 42.03 44.42 46.46 50.65 54.46 46.40 45.07 47.33 47.98 49.12 46.10 37.34 -9999 -9999 -9999 -9999 -9999
-9999 -9999 -9999 -9999 -9999 -9999 -9999 -9999 -9999 -9999 -9999 -9999 -9999 -9999 -9999 -9999 -9999 -9999 -9999 -9999 -9999 -9999 -9999 -9999 -9999 -9999 -9999 -9999 -9999 -9999 113.70 114.32 112.12 114.61 136.61 137.17 159.67 152.98 163.59 161.02 190.21 189.47 205.75 172.67 154.29 111.51 103.29 83.70 80.73 69.34 61.51 48.47 43.05 44.16 44.63 44.00 41.91 39.38 42.85 43.26 44.54 49.02 50.12 50.82 47.38 42.32 43.45 43.92 38.73 34.20 32.90 -9999 -9999 -9999 -9999 -9999
