Rainfall_2007-2011/Rainfall_2009-04_ACTUAL.txt
ncols         180
nrows         290
xllcorner     -200000
yllcorner     -200000
cellsize      5000
NODATA_value  -9999
[rows 136 to 169 of 290, columns 76 to 151 of 180]
-9999 -9999 -9999 102.96 108.82 112.14 138.52 130.83 135.92 126.69 110.92 106.39 113.78 138.49 183.69 150.07 125.46 94.24 84.69 87.39 92.25 80.29 77.12 66.56 67.18 49.57 45.73 41.27 34.40 29.91 23.04 24.44 26.24 24.25 24.97 28.30 35.66 32.42 31.14 31.30 34.57 25.43 27.50 40.63 38.28 34.86 34.65 34.79 36.79 33.46 26.89 23.94 -9999 -9999 -9999 -9999 -9999 -9999 -9999 -9999 -9999 -9999 -9999 -9999 -9999 -9999 -9999 -9999 -9999 -9999 -9999 -9999 -9999 -9999 -9999 -9999
-9999 -9999 -9999 98.78 102.65 97.39 115.65 106.14 113.25 110.70 101.40 99.29 98.62 124.21 144.41 134.27 124.06 101.78 95.75 85.50 84.55 89.13 100.50 77.69 -9999 -9999 -9999 32.44 24.67 -9999 21.42 18.15 21.44 21.93 23.36 27.36 31.75 27.65 29.26 35.45 33.14 30.72 30.10 31.52 36.12 43.95 36.50 39.34 31.70 29.66 27.38 22.45 -9999 -9999 -9999 -9999 -9999 -9999 -9999 -9999 -9999 -9999 -9999 -9999 -9999 -9999 -9999 -9999 -9999 -9999 -9999 -9999 -9999 -9999 -9999 -9999
-9999 -9999 -9999 87.32 103.48 90.14 87.35 97.68 103.92 104.87 101.01 90.32 97.29 103.64 138.77 126.21 123.93 102.46 96.77 104.75 80.03 86.34 77.84 68.42 -9999 -9999 -9999 29.02 24.28 21.66 20.27 17.48 18.91 22.74 29.61 35.75 37.34 32.37 42.06 35.76 29.46 37.28 32.65 36.45 39.07 47.38 41.76 39.36 43.61 38.64 31.95 23.49 -9999 -9999 -9999 -9999 -9999 -9999 -9999 -9999 -9999 -9999 -9999 -9999 -9999 -9999 -9999 -9999 -9999 -9999 -9999 -9999 -9999 -9999 -9999 -9999
-9999 -9999 -9999 -9999 90.59 91.75 80.64 -9999 98.94 99.07 92.32 86.68 86.64 -9999 96.36 89.51 97.06 88.40 90.89 102.15 89.89 66.57 -9999 -9999 -9999 -9999 25.59 24.38 26.25 19.95 15.52 16.42 18.31 21.39 30.10 44.14 49.34 32.80 45.54 39.87 39.35 37.86 38.38 40.59 37.42 42.14 45.86 41.07 40.32 36.40 35.03 33.27 26.60 -9999 -9999 -9999 -9999 -9999 -9999 -9999 -9999 -9999 -9999 -9999 -9999 -9999 -9999 -9999 -9999 -9999 -9999 -9999 -9999 -9999 -9999 -9999
-9999 -9999 -9999 -9999 -9999 91.09 -9999 -9999 -9999 79.86 75.08 78.89 84.50 73.01 -9999 -9999 72.51 78.19 85.75 100.47 -9999 -9999 -9999 -9999 -9999 34.28 32.74 28.64 29.16 23.08 18.00 19.03 21.03 25.33 26.67 39.53 48.03 48.78 42.43 50.06 51.35 53.86 46.76 45.76 48.51 48.94 43.16 53.61 46.23 37.72 35.91 34.23 30.12 -9999 -9999 -9999 -9999 -9999 -9999 -9999 -9999 -9999 -9999 -9999 -9999 -9999 -9999 -9999 -9999 -9999 -9999 -9999 -9999 -9999 -9999 -9999
-9999 -9999 -9999 -9999 -9999 85.96 80.75 -9999 -9999 -9999 65.69 75.45 83.88 78.99 -9999 -9999 -9999 -9999 76.95 -9999 -9999 -9999 -9999 -9999 -9999 38.39 40.37 32.35 32.09 35.40 31.43 23.99 21.81 23.63 32.70 39.39 48.05 41.69 46.53 67.73 63.10 61.52 45.70 48.88 53.65 54.66 47.99 50.24 41.40 39.35 37.74 38.14 34.29 -9999 -9999 -9999 -9999 -9999 -9999 -9999 -9999 -9999 -9999 -9999 -9999 -9999 -9999 -9999 -9999 -9999 -9999 -9999 -9999 -9999 -9999 -9999
-9999 -9999 -9999 -9999 -9999 -9999 89.63 -9999 -9999 -9999 -9999 72.57 78.27 74.26 -9999 -9999 -9999 -9999 -9999 -9999 -9999 -9999 -9999 -9999 49.75 42.79 52.99 46.67 45.12 45.72 40.85 36.56 32.76 29.26 31.35 36.13 46.16 61.74 73.44 73.54 71.03 55.37 47.33 48.72 43.50 43.54 49.82 50.77 40.79 37.55 37.20 41.59 38.73 29.90 -9999 -9999 -9999 -9999 -9999 -9999 -9999 -9999 -9999 -9999 -9999 -9999 -9999 -9999 -9999 -9999 -9999 -9999 -9999 -9999 -9999 -9999
-9999 -9999 -9999 -9999 -9999 -9999 97.58 -9999 -9999 -9999 -9999 -9999 -9999 -9999 -9999 -9999 -9999 -9999 -9999 -9999 -9999 -9999 -9999 -9999 64.93 45.27 50.23 48.03 43.75 52.42 41.48 42.92 45.62 32.81 28.52 27.16 36.36 62.15 72.05 72.88 55.59 62.41 71.91 71.81 60.85 59.63 43.58 45.12 41.47 42.19 38.88 37.81 36.43 29.62 26.15 -9999 -9999 -9999 -9999 -9999 -9999 -9999 -9999 -9999 -9999 -9999 -9999 -9999 -9999 -9999 -9999 -9999 -9999 -9999 -9999 -9999
-9999 -9999 -9999 -9999 -9999 -9999 -9999 -9999 -9999 -9999 -9999 -9999 -9999 -9999 -9999 -9999 -9999 -9999 -9999 -9999 -9999 -9999 -9999 61.34 72.50 65.72 58.15 67.41 56.63 93.84 85.72 65.96 52.39 39.21 31.34 28.04 28.79 43.62 74.28 66.85 51.48 53.28 57.11 57.85 53.01 51.59 50.54 53.32 41.63 36.18 30.57 35.30 31.04 26.25 24.28 -9999 -9999 -9999 -9999 -9999 -9999 -9999 -9999 -9999 -9999 -9999 -9999 -9999 -9999 -9999 -9999 -9999 -9999 -9999 -9999 -9999
-9999 -9999 -9999 -9999 -9999 -9999 -9999 -9999 -9999 -9999 -9999 -9999 -9999 -9999 -9999 -9999 -9999 -9999 -9999 -9999 -9999 -9999 -9999 57.26 57.31 64.54 77.80 99.48 78.69 61.45 88.68 96.67 73.00 54.45 38.80 42.38 36.53 38.39 41.88 69.26 66.60 58.28 43.54 46.07 47.37 42.04 46.59 48.54 42.25 37.81 37.33 32.24 29.38 25.17 21.93 22.80 23.05 20.98 -9999 -9999 -9999 -9999 -9999 -9999 -9999 -9999 -9999 -9999 -9999 -9999 -9999 -9999 -9999 -9999 -9999 -9999
-9999 -9999 -9999 -9999 -9999 -9999 -9999 -9999 -9999 -9999 -9999 -9999 -9999 -9999 -9999 -9999 -9999 -9999 -9999 -9999 -9999 -9999 -9999 56.54 69.17 79.72 77.32 89.88 90.81 114.70 137.05 111.45 91.56 87.61 64.17 58.10 47.28 33.13 29.24 49.76 53.56 55.50 48.58 42.68 38.00 37.83 40.36 36.56 37.52 36.92 34.68 33.97 28.89 24.97 21.71 30.19 25.76 24.74 24.68 22.91 -9999 -9999 -9999 -9999 -9999 -9999 -9999 -9999 -9999 -9999 -9999 -9999 -9999 -9999 -9999 -9999
-9999 -9999 -9999 -9999 -9999 -9999 -9999 -9999 -9999 -9999 -9999 -9999 -9999 -9999 -9999 -9999 -9999 -9999 -9999 -9999 -9999 -9999 -9999 46.22 73.63 95.97 128.26 166.41 158.19 123.38 143.60 136.34 138.61 118.83 93.49 80.47 55.57 44.50 40.88 42.94 46.05 58.40 50.28 44.31 42.43 39.48 41.99 39.92 36.55 35.41 35.17 33.12 27.69 29.02 25.09 27.68 35.66 28.67 29.47 30.86 40.26 30.16 -9999 -9999 -9999 -9999 -9999 -9999 -9999 -9999 -9999 -9999 -9999 -9999 -9999 -9999
-9999 -9999 -9999 -9999 -9999 -9999 -9999 -9999 -9999 -9999 -9999 -9999 -9999 -9999 -9999 -9999 -9999 -9999 -9999 -9999 -9999 -9999 -9999 52.88 59.83 79.60 96.48 110.27 166.23 181.94 105.14 103.12 101.86 104.92 95.70 77.77 61.54 54.81 46.80 47.84 72.43 59.25 55.86 58.65 55.07 51.70 46.99 46.11 37.49 35.93 34.26 32.68 27.69 28.71 26.17 23.36 36.24 27.89 34.88 32.27 38.07 28.90 30.65 -9999 -9999 -9999 -9999 -9999 -9999 -9999 -9999 -9999 -9999 -9999 -9999 -9999
-9999 -9999 -9999 -9999 -9999 -9999 -9999 -9999 -9999 -9999 -9999 79.20 64.38 57.89 -9999 -9999 -9999 -9999 -9999 -9999 -9999 -9999 -9999 -9999 49.44 57.74 68.85 95.75 97.18 133.30 92.71 72.13 79.03 83.02 76.09 69.14 68.15 66.83 56.73 59.17 64.57 55.95 63.74 61.60 51.50 47.85 52.25 45.75 38.39 35.07 30.48 32.93 30.87 28.65 42.63 44.19 46.80 43.07 41.04 41.84 32.81 36.68 32.78 25.91 -9999 -9999 -9999 -9999 -9999 -9999 -9999 -9999 -9999 -9999 -9999 -9999
-9999 -9999 -9999 -9999 -9999 -9999 -9999 -9999 -9999 -9999 -9999 80.40 70.25 -9999 -9999 -9999 -9999 -9999 -9999 -9999 -9999 -9999 -9999 -9999 -9999 59.04 73.70 108.03 96.66 119.13 83.08 70.99 62.16 59.55 60.67 52.09 42.28 73.39 58.29 59.24 70.70 60.17 48.43 40.25 53.53 39.35 53.08 44.89 39.14 35.97 35.09 33.23 33.40 36.14 43.37 44.56 41.28 29.76 37.17 37.74 31.72 33.98 33.77 35.80 -9999 -9999 -9999 -9999 -9999 -9999 -9999 -9999 -9999 -9999 -9999 -9999
-9999 -9999 -9999 -9999 -9999 -9999 -9999 -9999 -9999 -9999 83.47 115.47 84.59 71.48 -9999 -9999 -9999 -9999 -9999 -9999 -9999 -9999 -9999 -9999 -9999 53.59 70.99 88.73 87.85 74.49 78.75 60.84 62.53 61.87 67.60 56.97 51.08 44.31 74.35 60.61 58.54 55.48 57.32 60.60 51.98 57.99 51.07 46.52 39.08 43.07 41.99 36.03 36.76 37.78 44.21 48.18 42.91 38.07 41.50 36.28 32.38 34.83 29.86 37.50 32.70 -9999 -9999 -9999 -9999 -9999 -9999 -9999 -9999 -9999 -9999 -9999
-9999 -9999 -9999 -9999 -9999 -9999 -9999 -9999 -9999 78.82 111.18 114.73 103.32 68.87 -9999 -9999 -9999 -9999 -9999 -9999 -9999 -9999 -9999 -9999 -9999 52.41 57.32 67.47 62.03 73.20 65.00 69.16 59.98 63.55 61.08 59.36 53.68 71.61 77.37 71.59 66.21 72.83 63.78 55.18 54.22 69.56 50.92 52.36 43.49 46.41 48.59 39.29 35.52 40.52 47.00 46.03 38.48 37.39 37.22 38.25 36.57 36.58 23.54 28.46 37.08 -9999 -9999 -9999 -9999 -9999 -9999 -9999 -9999 -9999 -9999 -9999
-9999 -9999 -9999 -9999 -9999 -9999 -9999 -9999 64.69 76.21 123.13 102.56 75.91 -9999 -9999 -9999 -9999 -9999 -9999 -9999 -9999 -9999 -9999 -9999 -9999 -9999 53.82 52.94 51.65 79.16 61.27 62.90 54.47 51.23 53.43 50.17 53.79 61.72 75.39 81.82 74.91 83.74 82.76 74.85 80.41 77.10 58.50 53.05 39.95 38.55 37.72 36.25 36.35 34.32 41.70 42.03 36.87 36.26 39.13 27.76 31.76 31.21 32.63 27.80 28.29 27.02 24.15 -9999 -9999 -9999 -9999 -9999 -9999 -9999 -9999 -9999
-9999 -9999 -9999 -9999 -9999 -9999 -9999 -9999 80.23 103.76 87.15 70.44 67.69 -9999 -9999 -9999 -9999 -9999 -9999 -9999 -9999 -9999 -9999 -9999 -9999 -9999 -9999 51.07 45.53 48.74 45.27 49.42 49.12 50.09 50.01 56.26 50.77 64.80 55.84 85.02 77.29 77.66 74.70 81.47 83.47 54.86 56.59 46.65 40.36 35.61 33.14 33.05 34.75 34.42 36.57 35.72 35.85 35.83 34.39 31.29 31.01 33.30 31.37 25.15 29.16 30.71 26.61 -9999 -9999 -9999 -9999 -9999 -9999 -9999 -9999 -9999
-9999 -9999 -9999 -9999 -9999 -9999 -9999 -9999 73.30 72.15 71.69 67.33 -9999 -9999 -9999 -9999 -9999 -9999 -9999 -9999 -9999 -9999 -9999 -9999 -9999 -9999 -9999 40.35 50.10 52.13 -9999 44.04 -9999 38.31 38.35 42.93 40.52 44.88 46.82 51.34 70.25 92.07 73.14 68.30 79.06 72.70 58.15 46.34 42.54 37.16 36.58 30.35 29.41 30.79 31.72 34.86 39.74 36.01 37.04 31.61 29.06 31.78 30.49 27.08 26.25 25.15 24.80 23.86 22.07 -9999 -9999 -9999 -9999 -9999 -9999 -9999
-9999 -9999 -9999 -9999 -9999 -9999 -9999 56.19 59.97 49.23 -9999 -9999 -9999 -9999 -9999 -9999 -9999 -9999 -9999 -9999 -9999 -9999 -9999 -9999 -9999 -9999 -9999 42.43 46.18 46.81 -9999 -9999 -9999 41.29 46.77 40.17 38.51 42.14 50.74 52.47 62.15 70.77 71.75 59.22 65.27 66.01 51.84 50.09 43.60 38.02 33.80 29.37 28.24 28.24 27.51 30.82 32.82 32.33 31.59 33.03 28.75 28.70 29.89 29.55 26.85 22.72 21.19 21.43 20.24 -9999 -9999 -9999 -9999 -9999 -9999 -9999
-9999 -9999 -9999 -9999 -9999 -9999 -9999 -9999 -9999 -9999 -9999 -9999 -9999 -9999 -9999 -9999 -9999 -9999 -9999 -9999 -9999 -9999 -9999 -9999 -9999 -9999 -9999 -9999 -9999 -9999 -9999 -9999 46.78 49.14 49.12 55.83 57.40 57.40 63.24 55.09 57.82 65.79 67.66 57.96 50.93 54.17 53.34 44.63 37.93 32.67 29.19 29.91 29.91 34.90 33.00 30.36 29.24 29.72 30.15 32.22 36.12 29.76 30.14 24.71 21.44 20.91 22.41 19.57 -9999 -9999 -9999 -9999 -9999 -9999 -9999 -9999
-9999 -9999 -9999 -9999 -9999 -9999 -9999 -9999 -9999 -9999 -9999 -9999 -9999 -9999 -9999 -9999 -9999 -9999 -9999 -9999 -9999 -9999 -9999 -9999 -9999 -9999 -9999 -9999 -9999 -9999 -9999 -9999 44.85 44.59 50.73 66.19 70.46 61.40 62.86 54.20 39.44 47.74 45.01 49.45 48.12 49.17 43.70 39.22 36.90 31.55 30.06 29.43 30.97 33.37 32.11 30.34 28.71 28.94 28.77 29.14 34.98 29.58 22.61 21.35 20.43 19.52 17.86 16.13 -9999 -9999 -9999 -9999 -9999 -9999 -9999 -9999
-9999 -9999 -9999 -9999 -9999 -9999 -9999 -9999 -9999 -9999 -9999 -9999 -9999 -9999 -9999 -9999 -9999 -9999 -9999 -9999 -9999 -9999 -9999 -9999 -9999 -9999 -9999 -9999 -9999 -9999 -9999 -9999 44.24 44.33 49.57 61.54 70.72 66.24 59.57 47.49 41.78 44.78 39.43 36.11 42.38 38.09 43.97 32.96 31.30 30.94 29.15 27.38 27.74 27.72 31.76 31.51 26.59 24.67 24.39 25.38 26.42 24.84 22.70 20.25 20.31 19.01 18.18 16.44 -9999 -9999 -9999 -9999 -9999 -9999 -9999 -9999
-9999 -9999 -9999 -9999 -9999 -9999 -9999 -9999 -9999 -9999 -9999 -9999 -9999 -9999 -9999 -9999 -9999 -9999 -9999 -9999 -9999 -9999 -9999 -9999 -9999 -9999 -9999 -9999 -9999 -9999 34.75 45.82 46.08 44.99 51.06 58.44 71.55 54.16 59.96 43.58 30.02 42.15 36.71 39.59 41.38 42.96 37.09 31.26 34.61 28.99 26.07 28.52 28.67 28.67 29.30 28.38 26.18 22.50 21.81 22.96 22.50 23.52 21.19 19.17 17.83 17.65 17.18 16.99 16.33 -9999 -9999 -9999 -9999 -9999 -9999 -9999
-9999 -9999 -9999 -9999 -9999 -9999 -9999 -9999 -9999 -9999 -9999 -9999 -9999 -9999 -9999 -9999 -9999 -9999 -9999 -9999 -9999 -9999 -9999 -9999 -9999 -9999 -9999 -9999 -9999 -9999 41.22 47.88 44.36 44.50 47.61 50.80 45.84 43.20 41.11 41.01 48.06 39.38 35.70 34.07 39.35 29.38 31.49 30.41 34.76 33.10 31.03 28.58 32.84 30.72 25.49 24.70 24.68 22.96 21.25 20.34 18.97 19.01 20.55 19.51 17.81 15.78 15.49 15.47 15.43 -9999 -9999 -9999 -9999 -9999 -9999 -9999
-9999 -9999 -9999 -9999 -9999 -9999 -9999 -9999 -9999 -9999 -9999 -9999 -9999 -9999 -9999 -9999 -9999 -9999 -9999 -9999 -9999 -9999 -9999 -9999 -9999 -9999 -9999 -9999 -9999 -9999 47.48 46.55 44.36 43.38 44.17 44.57 44.54 42.52 40.18 35.32 38.43 37.92 30.58 39.02 32.54 32.46 30.82 35.41 32.39 29.24 29.41 29.55 31.31 29.11 25.09 23.78 23.73 22.58 20.47 20.39 18.97 19.40 20.47 21.41 20.22 16.31 11.83 13.57 13.20 12.11 -9999 -9999 -9999 -9999 -9999 -9999
-9999 -9999 -9999 -9999 -9999 -9999 -9999 -9999 -9999 -9999 -9999 -9999 -9999 -9999 -9999 -9999 -9999 -9999 -9999 -9999 -9999 -9999 -9999 -9999 -9999 -9999 -9999 -9999 -9999 -9999 38.38 44.18 47.52 46.51 40.80 40.23 38.86 41.52 42.81 37.41 38.80 37.49 46.25 38.67 34.37 30.53 34.20 35.18 39.10 31.33 25.96 27.05 28.81 26.85 24.85 24.17 20.73 21.18 20.41 18.50 16.69 18.98 20.17 22.22 20.40 16.02 12.76 12.40 11.66 10.89 9.91 -9999 -9999 -9999 -9999 -9999
-9999 -9999 -9999 -9999 -9999 -9999 -9999 -9999 -9999 -9999 -9999 -9999 -9999 -9999 -9999 -9999 -9999 -9999 -9999 -9999 -9999 -9999 -9999 -9999 -9999 -9999 -9999 -9999 -9999 -9999 46.48 43.69 44.00 41.59 42.36 38.93 39.47 43.51 44.17 48.53 51.95 51.52 52.50 43.38 39.08 28.21 29.42 27.91 30.85 26.21 25.16 24.47 24.29 25.49 24.46 23.61 21.76 20.39 19.84 18.41 17.24 16.98 18.33 18.61 17.15 15.55 13.26 11.19 9.00 9.63 9.69 -9999 -9999 -9999 -9999 -9999
-9999 -9999 -9999 -9999 -9999 -9999 -9999 -9999 -9999 -9999 -9999 -9999 -9999 -9999 -9999 -9999 -9999 -9999 -9999 -9999 -9999 -9999 -9999 -9999 -9999 -9999 -9999 -9999 -9999 -9999 -9999 44.44 37.87 39.47 35.31 39.00 47.33 49.71 50.71 49.36 50.37 59.28 52.94 46.42 37.71 28.65 25.85 24.76 19.98 21.62 22.91 23.07 24.34 23.74 25.13 24.01 22.60 21.38 20.51 18.93 17.97 17.08 17.72 17.21 14.66 12.55 11.57 -9999 8.91 9.29 8.70 8.41 -9999 -9999 -9999 -9999
-9999 -9999 -9999 -9999 -9999 -9999 -9999 -9999 -9999 -9999 -9999 -9999 -9999 -9999 -9999 -9999 -9999 -9999 -9999 -9999 -9999 -9999 -9999 -9999 -9999 -9999 -9999 -9999 -9999 -9999 50.12 42.70 34.70 37.60 37.74 38.68 52.40 56.35 63.03 61.39 57.42 56.24 53.55 52.03 39.37 36.27 28.86 23.37 24.27 24.24 23.85 24.84 26.96 24.47 25.69 23.94 22.90 21.85 20.12 19.71 19.39 19.75 21.29 17.53 13.57 13.21 11.98 11.74 -9999 8.38 8.89 9.16 8.95 -9999 -9999 -9999
-9999 -9999 -9999 -9999 -9999 -9999 -9999 -9999 -9999 -9999 -9999 -9999 -9999 -9999 -9999 -9999 -9999 -9999 -9999 -9999 -9999 -9999 -9999 -9999 -9999 -9999 -9999 -9999 -9999 -9999 52.49 47.06 37.30 35.93 39.44 34.92 40.65 48.70 44.07 48.70 51.40 51.04 41.51 44.12 41.65 35.75 26.34 23.07 20.66 21.44 26.33 27.67 27.98 29.15 26.01 24.00 23.36 21.61 17.92 18.35 20.11 19.43 21.82 19.32 14.31 14.24 13.84 13.07 12.06 -9999 -9999 -9999 -9999 -9999 -9999 -9999
-9999 -9999 -9999 -9999 -9999 -9999 -9999 -9999 -9999 -9999 -9999 -9999 -9999 -9999 -9999 -9999 -9999 -9999 -9999 -9999 -9999 -9999 -9999 -9999 -9999 -9999 -9999 -9999 -9999 51.47 48.72 45.86 43.05 39.31 39.50 35.09 43.35 48.21 41.79 40.85 42.27 42.52 47.58 49.45 49.37 41.13 33.42 37.70 22.25 23.08 21.97 28.37 28.42 28.65 26.01 24.59 22.54 20.67 18.18 18.81 22.24 20.84 20.83 20.15 20.81 16.09 14.23 14.75 13.17 11.44 10.51 -9999 -9999 -9999 -9999 -9999
-9999 -9999 -9999 -9999 -9999 -9999 -9999 -9999 -9999 -9999 -9999 -9999 -9999 -9999 -9999 -9999 -9999 -9999 -9999 -9999 -9999 -9999 -9999 -9999 -9999 -9999 -9999 -9999 -9999 -9999 49.10 39.86 42.32 40.99 42.21 38.09 38.70 38.56 38.37 38.64 39.15 39.59 39.27 40.80 47.95 46.06 43.73 37.80 35.50 30.23 26.94 33.56 29.85 26.50 28.34 25.08 20.85 22.19 23.06 23.19 23.05 23.09 21.03 20.27 20.05 15.61 16.93 15.64 14.78 12.61 10.06 9.50 9.47 -9999 -9999 -9999
