Rainfall_2007-2011/Rainfall_2010-03_ACTUAL.txt
ncols         180
nrows         290
xllcorner     -200000
yllcorner     -200000
cellsize      5000
NODATA_value  -9999
[rows 102 to 135 of 290, columns 76 to 151 of 180]
57.85 -9999 74.14 91.73 126.60 115.47 161.86 167.17 191.96 192.11 238.93 238.50 285.42 228.39 143.10 122.87 119.44 88.35 90.42 72.48 89.83 75.08 57.47 49.64 40.77 38.46 36.65 35.73 36.58 55.48 57.75 59.47 59.53 58.22 56.96 58.37 39.90 -9999 -9999 -9999 -9999 -9999 -9999 -9999 -9999 -9999 -9999 -9999 -9999 -9999 -9999 -9999 -9999 -9999 -9999 -9999 -9999 -9999 -9999 -9999 -9999 -9999 -9999 -9999 -9999 -9999 -9999 -9999 -9999 -9999 -9999 -9999 -9999 -9999 -9999 -9999
-9999 69.29 69.78 86.70 86.63 132.32 162.89 147.81 177.85 211.14 187.81 286.43 326.67 226.05 141.59 79.80 129.64 236.74 170.29 49.65 77.09 95.94 80.05 54.30 43.88 39.75 39.04 42.22 53.21 53.70 53.90 51.68 49.09 52.25 49.89 -9999 -9999 -9999 -9999 -9999 -9999 -9999 -9999 -9999 -9999 -9999 -9999 -9999 -9999 -9999 -9999 -9999 -9999 -9999 -9999 -9999 -9999 -9999 -9999 -9999 -9999 -9999 -9999 -9999 -9999 -9999 -9999 -9999 -9999 -9999 -9999 -9999 -9999 -9999 -9999 -9999
72.19 79.04 93.93 100.19 90.25 103.92 126.32 127.01 180.24 217.24 154.91 118.38 179.13 184.15 153.36 129.81 82.63 135.77 185.72 99.67 95.79 79.39 68.47 43.32 41.27 38.07 33.96 41.02 44.49 46.88 45.00 44.98 52.70 59.24 -9999 -9999 -9999 -9999 -9999 -9999 -9999 -9999 -9999 -9999 -9999 -9999 -9999 -9999 -9999 -9999 -9999 -9999 -9999 -9999 -9999 -9999 -9999 -9999 -9999 -9999 -9999 -9999 -9999 -9999 -9999 -9999 -9999 -9999 -9999 -9999 -9999 -9999 -9999 -9999 -9999 -9999
64.77 81.37 109.13 93.73 66.01 96.80 134.04 176.47 243.28 237.56 196.28 172.12 195.19 165.01 139.57 117.45 110.86 128.95 125.14 86.62 56.91 67.06 57.16 40.90 39.81 30.49 25.77 38.44 40.87 49.54 64.55 52.93 60.70 63.33 -9999 -9999 -9999 -9999 -9999 -9999 -9999 -9999 -9999 -9999 -9999 -9999 -9999 -9999 -9999 -9999 -9999 -9999 -9999 -9999 -9999 -9999 -9999 -9999 -9999 -9999 -9999 -9999 -9999 -9999 -9999 -9999 -9999 -9999 -9999 -9999 -9999 -9999 -9999 -9999 -9999 -9999
75.03 63.02 92.94 93.07 93.30 123.73 140.22 174.90 186.43 185.08 180.14 254.38 171.63 153.33 139.09 149.83 159.23 130.41 144.49 123.66 65.59 58.62 58.76 50.34 48.20 34.08 33.90 43.48 48.85 55.68 59.14 62.01 54.89 62.51 58.66 -9999 -9999 -9999 -9999 -9999 -9999 -9999 -9999 -9999 -9999 -9999 -9999 -9999 -9999 -9999 -9999 -9999 -9999 -9999 -9999 -9999 -9999 -9999 -9999 -9999 -9999 -9999 -9999 -9999 -9999 -9999 -9999 -9999 -9999 -9999 -9999 -9999 -9999 -9999 -9999 -9999
75.99 78.39 97.72 95.02 104.42 109.00 108.94 148.24 227.32 250.13 169.25 253.27 192.78 106.75 95.70 138.91 124.57 147.68 222.80 151.29 101.76 72.44 59.34 66.00 72.05 64.03 72.31 66.66 58.50 58.26 64.86 84.77 71.09 76.12 76.33 69.56 -9999 -9999 -9999 -9999 -9999 -9999 -9999 -9999 -9999 -9999 -9999 -9999 -9999 -9999 -9999 -9999 -9999 -9999 -9999 -9999 -9999 -9999 -9999 -9999 -9999 -9999 -9999 -9999 -9999 -9999 -9999 -9999 -9999 -9999 -9999 -9999 -9999 -9999 -9999 -9999
72.29 85.05 102.15 118.94 118.08 113.33 114.12 164.91 235.53 358.53 150.21 169.55 165.09 117.23 98.90 101.16 86.65 101.74 108.68 99.41 88.01 86.17 89.94 99.96 80.13 72.46 68.19 65.40 78.60 63.12 80.39 76.96 91.32 104.50 92.85 72.02 61.84 -9999 -9999 -9999 -9999 -9999 -9999 -9999 -9999 -9999 -9999 -9999 -9999 -9999 -9999 -9999 -9999 -9999 -9999 -9999 -9999 -9999 -9999 -9999 -9999 -9999 -9999 -9999 -9999 -9999 -9999 -9999 -9999 -9999 -9999 -9999 -9999 -9999 -9999 -9999
77.87 81.89 110.77 154.63 113.64 116.39 136.46 196.37 207.67 175.90 152.50 191.76 135.90 111.30 93.92 97.64 78.80 79.59 69.61 65.66 91.46 118.08 128.04 98.52 76.72 57.65 65.26 70.53 93.95 65.23 76.49 81.10 72.46 84.00 77.97 64.47 -9999 -9999 -9999 -9999 -9999 -9999 -9999 -9999 -9999 -9999 -9999 -9999 -9999 -9999 -9999 -9999 -9999 -9999 -9999 -9999 -9999 -9999 -9999 -9999 -9999 -9999 -9999 -9999 -9999 -9999 -9999 -9999 -9999 -9999 -9999 -9999 -9999 -9999 -9999 -9999
69.95 86.16 96.79 97.22 118.11 145.45 136.40 173.02 176.02 162.24 160.55 123.30 138.58 104.07 83.08 73.69 64.57 64.55 68.90 60.03 71.40 69.24 61.29 70.94 66.84 64.31 66.86 71.77 67.91 62.30 71.39 71.60 -9999 -9999 -9999 -9999 -9999 -9999 -9999 -9999 -9999 -9999 -9999 -9999 -9999 -9999 -9999 -9999 -9999 -9999 -9999 -9999 -9999 -9999 -9999 -9999 -9999 -9999 -9999 -9999 -9999 -9999 -9999 -9999 -9999 -9999 -9999 -9999 -9999 -9999 -9999 -9999 -9999 -9999 -9999 -9999
89.69 94.30 92.09 98.35 134.06 133.73 148.47 156.26 118.33 133.88 127.54 94.30 90.82 103.66 77.64 78.92 75.42 80.88 87.78 62.97 64.05 60.79 57.67 63.86 64.05 74.00 71.65 72.35 78.22 69.87 -9999 -9999 -9999 -9999 -9999 -9999 -9999 -9999 -9999 -9999 -9999 -9999 -9999 -9999 -9999 -9999 -9999 -9999 -9999 -9999 -9999 -9999 -9999 -9999 -9999 -9999 -9999 -9999 -9999 -9999 -9999 -9999 -9999 -9999 -9999 -9999 -9999 -9999 -9999 -9999 -9999 -9999 -9999 -9999 -9999 -9999
104.19 90.54 89.34 119.21 125.24 135.12 147.32 139.31 115.88 116.59 99.19 68.88 64.99 82.85 88.68 96.48 83.16 100.56 99.85 87.54 69.33 61.05 48.95 56.84 60.31 76.68 73.99 80.73 85.60 71.03 -9999 -9999 -9999 -9999 -9999 -9999 -9999 -9999 -9999 -9999 -9999 -9999 -9999 -9999 -9999 -9999 -9999 -9999 -9999 -9999 -9999 -9999 -9999 -9999 -9999 -9999 -9999 -9999 -9999 -9999 -9999 -9999 -9999 -9999 -9999 -9999 -9999 -9999 -9999 -9999 -9999 -9999 -9999 -9999 -9999 -9999
97.21 -9999 95.72 116.32 129.19 139.46 133.82 129.84 110.60 84.42 80.06 71.06 76.60 96.84 98.69 125.81 122.52 124.22 125.68 94.67 60.71 52.62 61.13 58.11 59.24 68.02 70.46 72.38 -9999 -9999 -9999 -9999 -9999 77.06 69.50 71.30 71.42 -9999 -9999 -9999 -9999 -9999 -9999 -9999 -9999 -9999 -9999 -9999 -9999 -9999 -9999 -9999 -9999 -9999 -9999 -9999 -9999 -9999 -9999 -9999 -9999 -9999 -9999 -9999 -9999 -9999 -9999 -9999 -9999 -9999 -9999 -9999 -9999 -9999 -9999 -9999
116.41 -9999 87.74 99.79 111.23 120.20 149.61 123.21 116.31 95.04 95.59 89.25 81.73 93.91 80.56 90.63 82.71 91.68 93.39 89.86 84.72 81.85 74.72 65.51 76.32 84.33 84.25 80.43 75.56 69.44 -9999 -9999 58.79 57.11 74.15 83.72 91.07 85.40 86.01 -9999 -9999 -9999 -9999 -9999 -9999 -9999 -9999 -9999 -9999 -9999 -9999 -9999 -9999 -9999 -9999 -9999 -9999 -9999 -9999 -9999 -9999 -9999 -9999 -9999 -9999 -9999 -9999 -9999 -9999 -9999 -9999 -9999 -9999 -9999 -9999 -9999
111.26 85.57 75.99 63.51 89.20 120.24 137.90 138.43 131.17 125.21 108.39 101.02 74.76 69.24 71.11 72.88 75.80 85.02 87.72 85.93 91.38 99.33 89.00 93.45 102.49 86.04 73.63 77.72 77.14 78.17 79.68 84.41 75.80 85.70 90.94 133.17 132.96 159.35 146.52 91.53 -9999 -9999 -9999 -9999 -9999 -9999 -9999 -9999 -9999 -9999 -9999 -9999 -9999 -9999 -9999 -9999 -9999 -9999 -9999 -9999 -9999 -9999 -9999 -9999 -9999 -9999 -9999 -9999 -9999 -9999 -9999 -9999 -9999 -9999 -9999 -9999
106.79 101.09 75.43 75.16 96.81 104.54 123.04 -9999 156.55 168.41 139.26 100.20 78.90 67.32 61.21 57.80 66.77 71.45 67.49 70.76 70.13 87.68 87.87 116.57 95.14 92.90 79.48 87.67 95.96 85.85 78.17 85.48 83.29 90.08 79.67 151.30 154.78 142.03 146.06 133.65 130.97 119.75 72.26 -9999 -9999 -9999 -9999 -9999 -9999 -9999 -9999 -9999 -9999 -9999 -9999 -9999 -9999 -9999 -9999 -9999 -9999 -9999 -9999 -9999 -9999 -9999 -9999 -9999 -9999 -9999 -9999 -9999 -9999 -9999 -9999 -9999
112.52 120.79 95.27 -9999 90.83 88.42 114.84 -9999 135.19 201.77 153.22 112.36 89.02 78.55 62.02 57.15 55.85 60.38 59.06 70.26 79.40 87.92 107.54 99.11 115.12 92.22 86.43 102.79 75.23 82.12 80.07 94.56 111.77 102.22 125.54 174.15 154.37 151.50 145.09 145.59 143.98 108.87 95.16 -9999 -9999 -9999 -9999 -9999 -9999 -9999 -9999 -9999 -9999 -9999 -9999 -9999 -9999 -9999 -9999 -9999 -9999 -9999 -9999 -9999 -9999 -9999 -9999 -9999 -9999 -9999 -9999 -9999 -9999 -9999 -9999 -9999
120.17 107.11 90.09 -9999 -9999 98.58 108.64 119.38 154.07 159.84 138.20 111.27 106.90 93.98 81.33 68.83 79.13 69.48 66.99 77.31 79.24 90.86 108.75 120.84 99.89 96.62 104.76 93.04 69.88 85.69 83.01 105.85 122.26 124.86 139.57 161.11 154.80 132.51 143.45 118.56 122.83 118.15 101.93 97.78 -9999 -9999 -9999 -9999 -9999 -9999 -9999 -9999 -9999 -9999 -9999 -9999 -9999 -9999 -9999 -9999 -9999 -9999 -9999 -9999 -9999 -9999 -9999 -9999 -9999 -9999 -9999 -9999 -9999 -9999 -9999 -9999
128.94 -9999 -9999 -9999 -9999 -9999 112.57 116.05 148.75 147.40 117.35 100.31 107.26 101.81 96.51 95.43 92.46 82.51 75.12 71.04 76.35 81.55 97.10 105.94 100.10 96.98 89.26 92.80 96.31 84.23 105.20 119.44 122.39 125.77 115.54 100.41 121.81 125.76 140.86 123.08 94.76 109.60 137.75 84.94 -9999 -9999 -9999 -9999 -9999 -9999 -9999 -9999 -9999 -9999 -9999 -9999 -9999 -9999 -9999 -9999 -9999 -9999 -9999 -9999 -9999 -9999 -9999 -9999 -9999 -9999 -9999 -9999 -9999 -9999 -9999 -9999
136.32 134.44 131.42 131.91 -9999 -9999 -9999 115.64 129.75 116.06 94.33 89.67 88.96 99.90 97.34 103.58 103.86 91.53 87.95 82.40 71.83 84.13 85.27 75.33 90.34 77.47 81.30 108.10 92.80 93.70 109.78 135.85 136.78 138.90 127.42 89.25 101.85 119.34 146.54 117.65 110.56 102.37 128.89 100.80 108.55 -9999 -9999 -9999 -9999 -9999 -9999 -9999 -9999 -9999 -9999 -9999 -9999 -9999 -9999 -9999 -9999 -9999 -9999 -9999 -9999 -9999 -9999 -9999 -9999 -9999 -9999 -9999 -9999 -9999 -9999 -9999
152.51 153.56 153.11 180.58 163.34 -9999 -9999 -9999 93.69 83.08 78.84 78.80 77.75 81.58 90.95 93.49 99.19 89.93 88.49 79.18 87.87 80.62 78.90 79.24 97.49 96.83 109.28 95.25 111.16 97.92 104.76 139.41 141.47 120.94 111.77 102.89 93.13 92.04 121.73 104.93 94.37 91.09 112.54 137.42 120.23 99.94 -9999 -9999 -9999 -9999 -9999 -9999 -9999 -9999 -9999 -9999 -9999 -9999 -9999 -9999 -9999 -9999 -9999 -9999 -9999 -9999 -9999 -9999 -9999 -9999 -9999 -9999 -9999 -9999 -9999 -9999
151.99 116.47 142.03 178.58 153.34 -9999 -9999 -9999 -9999 -9999 71.23 69.09 51.55 73.75 81.88 91.85 83.40 100.09 110.82 102.97 92.31 82.55 83.58 80.67 85.41 89.10 116.05 100.91 113.50 117.32 116.61 101.17 104.39 83.51 111.33 103.33 96.97 97.91 92.71 102.50 89.45 85.42 96.62 98.36 108.78 98.62 84.17 -9999 -9999 -9999 -9999 -9999 -9999 -9999 -9999 -9999 -9999 -9999 -9999 -9999 -9999 -9999 -9999 -9999 -9999 -9999 -9999 -9999 -9999 -9999 -9999 -9999 -9999 -9999 -9999 -9999
-9999 117.24 120.45 175.55 151.43 -9999 -9999 -9999 -9999 -9999 64.32 70.81 76.25 68.06 77.62 66.68 74.07 98.56 109.58 112.32 99.74 105.18 95.32 91.45 99.83 126.87 117.62 161.71 133.96 166.49 128.90 142.29 135.01 100.63 139.29 105.69 84.16 84.35 93.55 106.80 129.98 103.34 101.55 97.91 112.22 105.56 103.58 97.59 68.61 -9999 -9999 -9999 -9999 -9999 -9999 -9999 -9999 -9999 -9999 -9999 -9999 -9999 -9999 -9999 -9999 -9999 -9999 -9999 -9999 -9999 -9999 -9999 -9999 -9999 -9999 -9999
-9999 -9999 144.24 189.14 185.41 -9999 -9999 -9999 -9999 -9999 61.46 65.49 71.39 65.47 65.99 62.25 70.25 91.59 102.29 119.60 106.35 96.34 107.05 117.10 140.09 140.08 136.61 181.86 173.43 142.42 133.71 107.40 101.54 103.76 111.30 99.78 89.70 79.38 82.13 94.21 117.37 149.57 152.74 118.16 113.68 110.83 111.79 107.49 83.00 -9999 -9999 -9999 -9999 -9999 -9999 -9999 -9999 -9999 -9999 -9999 -9999 -9999 -9999 -9999 -9999 -9999 -9999 -9999 -9999 -9999 -9999 -9999 -9999 -9999 -9999 -9999
-9999 -9999 139.18 181.18 181.56 -9999 -9999 -9999 -9999 -9999 65.68 60.88 67.40 68.57 70.70 72.88 86.43 111.83 127.51 114.90 112.22 94.14 102.20 105.28 126.27 135.39 164.48 168.18 158.05 169.15 162.28 135.78 135.13 106.21 111.21 105.21 73.37 68.85 91.04 112.91 118.73 169.84 187.69 150.20 114.48 121.11 112.36 117.87 96.64 -9999 -9999 -9999 -9999 -9999 -9999 -9999 -9999 -9999 -9999 -9999 -9999 -9999 -9999 -9999 -9999 -9999 -9999 -9999 -9999 -9999 -9999 -9999 -9999 -9999 -9999 -9999
-9999 -9999 -9999 -9999 -9999 -9999 -9999 -9999 -9999 93.61 95.18 93.08 83.45 75.03 81.77 84.06 95.30 104.70 131.05 126.60 115.34 130.36 123.21 135.90 150.19 161.18 176.79 188.13 195.17 168.12 156.94 138.48 120.39 132.35 110.30 88.76 97.89 79.99 95.64 114.73 151.42 158.44 189.20 188.75 123.32 119.42 116.82 117.13 102.39 -9999 -9999 -9999 -9999 -9999 -9999 -9999 -9999 -9999 -9999 -9999 -9999 -9999 -9999 -9999 -9999 -9999 -9999 -9999 -9999 -9999 -9999 -9999 -9999 -9999 -9999 -9999
-9999 -9999 -9999 -9999 -9999 -9999 -9999 -9999 -9999 128.07 94.78 102.31 106.52 103.74 105.96 116.06 119.38 116.07 114.69 133.47 131.68 127.13 147.30 149.87 138.98 114.37 166.29 162.52 185.70 150.71 138.70 121.44 103.57 110.45 130.05 137.04 113.12 87.55 90.92 119.36 122.14 125.93 154.41 149.63 117.29 108.75 108.27 125.55 98.24 -9999 -9999 -9999 -9999 -9999 -9999 -9999 -9999 -9999 -9999 -9999 -9999 -9999 -9999 -9999 -9999 -9999 -9999 -9999 -9999 -9999 -9999 -9999 -9999 -9999 -9999 -9999
-9999 -9999 -9999 -9999 -9999 -9999 -9999 -9999 122.21 132.20 103.26 103.29 95.79 95.66 122.76 151.35 156.72 142.92 152.84 131.01 129.93 136.77 155.32 146.50 137.26 96.78 130.33 167.57 158.97 158.44 142.40 137.44 109.92 108.63 125.70 133.43 123.91 135.16 138.54 129.37 122.01 101.46 84.92 109.75 111.35 134.50 138.90 120.44 102.44 -9999 -9999 -9999 -9999 -9999 -9999 -9999 -9999 -9999 -9999 -9999 -9999 -9999 -9999 -9999 -9999 -9999 -9999 -9999 -9999 -9999 -9999 -9999 -9999 -9999 -9999 -9999
-9999 -9999 -9999 -9999 -9999 -9999 -9999 -9999 122.97 115.49 120.09 108.66 117.59 102.64 129.12 143.11 197.74 171.11 148.20 134.78 137.22 131.73 182.64 168.88 128.15 104.60 129.96 152.94 156.78 147.78 144.62 115.07 117.27 135.33 132.76 150.87 150.10 165.43 121.67 114.10 123.18 108.28 111.38 112.88 103.72 119.69 114.33 111.90 100.09 119.41 -9999 -9999 -9999 -9999 -9999 -9999 -9999 -9999 -9999 -9999 -9999 -9999 -9999 -9999 -9999 -9999 -9999 -9999 -9999 -9999 -9999 -9999 -9999 -9999 -9999 -9999
-9999 -9999 -9999 -9999 -9999 -9999 -9999 108.75 143.13 141.25 138.62 154.37 118.07 116.90 122.63 149.72 165.95 156.88 137.95 124.71 102.69 107.37 129.80 150.30 163.28 117.96 112.74 131.00 136.63 135.56 135.00 131.82 110.79 143.60 132.48 121.87 140.79 118.79 135.67 137.19 102.96 113.65 124.19 127.01 128.88 111.18 108.71 103.14 96.98 90.29 -9999 -9999 -9999 -9999 -9999 -9999 -9999 -9999 -9999 -9999 -9999 -9999 -9999 -9999 -9999 -9999 -9999 -9999 -9999 -9999 -9999 -9999 -9999 -9999 -9999 -9999
-9999 -9999 -9999 -9999 -9999 -9999 -9999 132.17 147.73 158.00 190.09 188.88 156.44 148.83 185.87 150.97 149.06 125.96 135.16 121.35 90.69 91.84 125.38 139.48 198.67 115.54 104.33 109.39 117.34 122.37 144.71 113.12 131.73 135.37 117.95 140.98 117.36 118.49 116.54 100.62 97.13 103.76 106.06 110.81 125.58 114.16 115.38 107.44 100.70 93.85 -9999 -9999 -9999 -9999 -9999 -9999 -9999 -9999 -9999 -9999 -9999 -9999 -9999 -9999 -9999 -9999 -9999 -9999 -9999 -9999 -9999 -9999 -9999 -9999 -9999 -9999
-9999 -9999 -9999 -9999 -9999 -9999 106.17 116.11 136.46 171.86 195.55 205.30 220.33 200.35 242.52 165.43 140.01 120.22 121.76 121.32 107.03 106.61 124.30 118.45 110.67 93.09 93.39 108.09 113.00 130.99 124.80 109.81 135.23 128.04 117.87 132.35 108.49 123.10 93.29 99.18 101.03 110.16 111.82 109.03 117.46 114.15 103.32 105.88 95.47 79.57 -9999 -9999 -9999 -9999 -9999 -9999 -9999 -9999 -9999 -9999 -9999 -9999 -9999 -9999 -9999 -9999 -9999 -9999 -9999 -9999 -9999 -9999 -9999 -9999 -9999 -9999
-9999 -9999 -9999 -9999 -9999 101.37 109.62 121.99 127.13 148.04 152.71 173.68 194.35 201.74 227.09 156.01 117.07 121.29 127.70 120.19 117.20 109.99 106.13 103.45 109.06 98.22 90.40 106.83 110.89 113.69 108.98 105.20 117.70 107.64 113.21 127.51 111.51 114.69 105.12 101.94 99.05 94.89 101.64 104.82 117.81 108.29 100.70 104.73 88.52 79.06 73.90 -9999 -9999 -9999 -9999 -9999 -9999 -9999 -9999 -9999 -9999 -9999 -9999 -9999 -9999 -9999 -9999 -9999 -9999 -9999 -9999 -9999 -9999 -9999 -9999 -9999
-9999 -9999 -9999 -9999 -9999 123.04 136.47 126.20 128.70 138.50 142.75 151.22 219.23 223.76 193.39 177.47 130.56 128.58 131.56 118.66 142.35 106.15 97.60 99.54 95.83 100.24 87.67 103.80 96.63 98.01 93.13 98.10 97.27 97.97 97.97 112.58 94.57 91.08 93.76 93.07 93.32 89.37 92.16 78.60 107.90 104.75 92.27 83.49 85.28 82.60 72.12 -9999 -9999 -9999 -9999 -9999 -9999 -9999 -9999 -9999 -9999 -9999 -9999 -9999 -9999 -9999 -9999 -9999 -9999 -9999 -9999 -9999 -9999 -9999 -9999 -9999
-9999 -9999 -9999 103.41 110.28 124.25 121.06 123.85 131.82 135.70 137.39 147.94 175.94 166.77 201.12 177.68 153.97 123.86 120.19 120.02 115.63 109.58 105.09 93.80 102.48 94.00 82.58 88.85 87.57 88.71 84.71 83.07 84.35 82.04 84.72 103.00 79.05 76.51 83.08 93.39 90.02 85.90 80.93 101.31 80.26 93.47 88.35 72.97 79.39 76.09 74.12 -9999 -9999 -9999 -9999 -9999 -9999 -9999 -9999 -9999 -9999 -9999 -9999 -9999 -9999 -9999 -9999 -9999 -9999 -9999 -9999 -9999 -9999 -9999 -9999 -9999
