Rainfall_2007-2011/Rainfall_2008-03_ACTUAL.txt
ncols         180
nrows         290
xllcorner     -200000
yllcorner     -200000
cellsize      5000
NODATA_value  -9999
[rows 99 to 131 of 290, columns 76 to 151 of 180]
312.25 287.26 -9999 261.56 372.60 400.86 432.88 421.98 439.68 419.48 309.75 257.84 214.25 197.60 208.01 224.68 213.46 224.59 196.90 151.10 138.02 128.68 113.66 87.93 100.16 94.73 85.18 81.64 76.66 59.97 57.64 52.15 51.08 46.32 39.45 41.79 46.24 46.66 -9999 -9999 -9999 -9999 -9999 -9999 -9999 -9999 -9999 -9999 -9999 -9999 -9999 -9999 -9999 -9999 -9999 -9999 -9999 -9999 -9999 -9999 -9999 -9999 -9999 -9999 -9999 -9999 -9999 -9999 -9999 -9999 -9999 -9999 -9999 -9999 -9999 -9999
230.69 -9999 188.49 215.55 316.12 369.86 370.45 434.20 455.62 371.97 343.69 298.73 274.54 259.17 240.06 204.43 169.78 168.24 160.56 153.05 139.64 128.54 115.59 91.27 78.18 79.06 70.61 64.48 58.77 48.07 48.01 52.44 52.59 47.37 41.04 44.51 39.34 37.95 -9999 -9999 -9999 -9999 -9999 -9999 -9999 -9999 -9999 -9999 -9999 -9999 -9999 -9999 -9999 -9999 -9999 -9999 -9999 -9999 -9999 -9999 -9999 -9999 -9999 -9999 -9999 -9999 -9999 -9999 -9999 -9999 -9999 -9999 -9999 -9999 -9999 -9999
-9999 168.55 165.28 198.41 359.86 357.78 445.50 383.27 359.30 320.85 352.91 377.13 287.72 289.19 211.01 250.53 248.32 209.91 154.51 169.33 195.47 159.52 115.14 83.59 76.60 74.99 53.14 46.91 48.19 52.10 69.48 63.43 58.66 50.08 43.40 43.85 39.63 32.02 -9999 -9999 -9999 -9999 -9999 -9999 -9999 -9999 -9999 -9999 -9999 -9999 -9999 -9999 -9999 -9999 -9999 -9999 -9999 -9999 -9999 -9999 -9999 -9999 -9999 -9999 -9999 -9999 -9999 -9999 -9999 -9999 -9999 -9999 -9999 -9999 -9999 -9999
157.55 -9999 176.37 234.04 333.00 296.34 383.12 359.20 381.93 359.18 410.86 394.59 373.99 293.92 215.86 229.02 197.80 156.75 177.80 223.45 240.51 172.92 113.82 95.71 77.02 58.79 53.36 46.73 45.99 65.92 60.74 57.81 52.29 45.22 40.71 43.91 33.45 -9999 -9999 -9999 -9999 -9999 -9999 -9999 -9999 -9999 -9999 -9999 -9999 -9999 -9999 -9999 -9999 -9999 -9999 -9999 -9999 -9999 -9999 -9999 -9999 -9999 -9999 -9999 -9999 -9999 -9999 -9999 -9999 -9999 -9999 -9999 -9999 -9999 -9999 -9999
-9999 151.95 163.72 232.96 230.18 352.94 395.85 318.56 356.78 420.15 393.42 415.28 420.82 341.07 242.21 198.02 193.21 236.43 258.82 234.37 195.16 204.52 150.71 98.28 71.19 56.11 47.28 42.15 54.95 52.88 50.87 47.01 41.88 41.72 36.79 -9999 -9999 -9999 -9999 -9999 -9999 -9999 -9999 -9999 -9999 -9999 -9999 -9999 -9999 -9999 -9999 -9999 -9999 -9999 -9999 -9999 -9999 -9999 -9999 -9999 -9999 -9999 -9999 -9999 -9999 -9999 -9999 -9999 -9999 -9999 -9999 -9999 -9999 -9999 -9999 -9999
187.80 195.32 233.54 284.48 268.41 298.98 307.65 266.60 349.84 420.47 403.39 343.25 298.29 281.70 240.87 233.63 200.34 223.77 203.54 192.90 178.60 127.63 112.94 79.24 68.97 60.06 47.97 46.33 43.79 42.83 41.91 39.48 41.94 44.10 -9999 -9999 -9999 -9999 -9999 -9999 -9999 -9999 -9999 -9999 -9999 -9999 -9999 -9999 -9999 -9999 -9999 -9999 -9999 -9999 -9999 -9999 -9999 -9999 -9999 -9999 -9999 -9999 -9999 -9999 -9999 -9999 -9999 -9999 -9999 -9999 -9999 -9999 -9999 -9999 -9999 -9999
195.59 240.33 257.10 265.59 224.46 284.22 309.36 340.15 463.13 436.77 403.74 345.94 354.21 291.46 242.98 200.76 195.38 206.62 178.98 137.70 87.87 86.37 87.44 69.65 63.10 50.19 41.15 45.85 37.11 39.31 48.38 38.05 41.67 41.36 -9999 -9999 -9999 -9999 -9999 -9999 -9999 -9999 -9999 -9999 -9999 -9999 -9999 -9999 -9999 -9999 -9999 -9999 -9999 -9999 -9999 -9999 -9999 -9999 -9999 -9999 -9999 -9999 -9999 -9999 -9999 -9999 -9999 -9999 -9999 -9999 -9999 -9999 -9999 -9999 -9999 -9999
219.91 230.12 272.41 307.68 301.80 347.92 336.35 360.29 352.54 447.47 394.65 368.15 302.87 321.06 262.43 249.62 231.35 208.99 189.17 175.55 122.98 94.80 83.68 72.13 67.52 46.80 53.44 47.11 39.72 40.07 37.12 39.87 37.08 43.66 39.61 -9999 -9999 -9999 -9999 -9999 -9999 -9999 -9999 -9999 -9999 -9999 -9999 -9999 -9999 -9999 -9999 -9999 -9999 -9999 -9999 -9999 -9999 -9999 -9999 -9999 -9999 -9999 -9999 -9999 -9999 -9999 -9999 -9999 -9999 -9999 -9999 -9999 -9999 -9999 -9999 -9999
205.02 230.64 295.74 293.11 304.64 281.01 275.28 281.15 391.99 459.60 347.99 366.37 338.14 266.85 222.62 267.70 208.37 228.48 276.83 192.33 163.37 114.52 91.11 94.18 94.57 75.06 79.12 67.33 46.69 42.39 40.51 54.21 45.01 49.49 45.41 30.87 -9999 -9999 -9999 -9999 -9999 -9999 -9999 -9999 -9999 -9999 -9999 -9999 -9999 -9999 -9999 -9999 -9999 -9999 -9999 -9999 -9999 -9999 -9999 -9999 -9999 -9999 -9999 -9999 -9999 -9999 -9999 -9999 -9999 -9999 -9999 -9999 -9999 -9999 -9999 -9999
204.76 248.09 301.62 339.82 312.85 285.54 280.19 322.95 393.41 531.64 348.97 317.78 299.33 255.53 220.54 230.96 191.74 171.65 151.64 137.12 129.37 127.41 129.11 131.38 103.48 88.67 73.82 66.46 68.06 48.02 54.65 44.25 48.76 45.69 39.85 32.77 28.70 -9999 -9999 -9999 -9999 -9999 -9999 -9999 -9999 -9999 -9999 -9999 -9999 -9999 -9999 -9999 -9999 -9999 -9999 -9999 -9999 -9999 -9999 -9999 -9999 -9999 -9999 -9999 -9999 -9999 -9999 -9999 -9999 -9999 -9999 -9999 -9999 -9999 -9999 -9999
215.69 240.64 330.27 434.09 295.02 286.50 312.74 381.25 360.01 310.50 296.16 366.79 258.36 234.12 206.46 215.34 166.83 141.61 111.21 100.33 133.46 163.88 167.56 116.44 99.45 79.19 68.92 60.10 79.06 51.02 47.81 38.77 34.55 36.74 33.33 30.23 -9999 -9999 -9999 -9999 -9999 -9999 -9999 -9999 -9999 -9999 -9999 -9999 -9999 -9999 -9999 -9999 -9999 -9999 -9999 -9999 -9999 -9999 -9999 -9999 -9999 -9999 -9999 -9999 -9999 -9999 -9999 -9999 -9999 -9999 -9999 -9999 -9999 -9999 -9999 -9999
175.22 242.53 288.23 267.74 301.32 350.55 307.51 351.94 336.17 310.41 311.77 238.03 274.50 235.53 206.41 156.94 124.19 110.94 111.49 94.91 105.45 91.86 76.28 86.44 82.58 78.78 65.36 56.38 54.86 46.88 44.64 36.71 -9999 -9999 -9999 -9999 -9999 -9999 -9999 -9999 -9999 -9999 -9999 -9999 -9999 -9999 -9999 -9999 -9999 -9999 -9999 -9999 -9999 -9999 -9999 -9999 -9999 -9999 -9999 -9999 -9999 -9999 -9999 -9999 -9999 -9999 -9999 -9999 -9999 -9999 -9999 -9999 -9999 -9999 -9999 -9999
193.89 250.84 232.72 254.41 336.15 332.38 372.93 368.79 251.01 272.17 259.23 194.42 183.63 208.45 162.21 157.53 137.12 136.65 141.62 99.44 97.11 84.72 76.85 81.04 74.63 79.68 67.94 61.56 61.95 50.72 -9999 -9999 -9999 -9999 -9999 -9999 -9999 -9999 -9999 -9999 -9999 -9999 -9999 -9999 -9999 -9999 -9999 -9999 -9999 -9999 -9999 -9999 -9999 -9999 -9999 -9999 -9999 -9999 -9999 -9999 -9999 -9999 -9999 -9999 -9999 -9999 -9999 -9999 -9999 -9999 -9999 -9999 -9999 -9999 -9999 -9999
207.47 248.51 233.74 301.46 312.60 343.18 411.48 375.31 266.46 245.25 208.85 151.75 140.07 149.25 139.59 156.86 143.30 169.14 160.98 139.97 117.57 95.86 69.73 75.34 68.58 74.83 61.38 57.82 58.78 48.42 -9999 -9999 -9999 -9999 -9999 -9999 -9999 -9999 -9999 -9999 -9999 -9999 -9999 -9999 -9999 -9999 -9999 -9999 -9999 -9999 -9999 -9999 -9999 -9999 -9999 -9999 -9999 -9999 -9999 -9999 -9999 -9999 -9999 -9999 -9999 -9999 -9999 -9999 -9999 -9999 -9999 -9999 -9999 -9999 -9999 -9999
223.47 -9999 245.79 297.83 318.64 333.16 360.08 339.36 249.15 176.28 166.40 149.95 154.33 174.08 144.98 205.56 209.38 207.70 200.85 150.42 106.52 86.83 77.44 71.97 64.98 61.82 50.99 42.35 -9999 -9999 -9999 -9999 -9999 39.68 37.87 38.35 38.29 -9999 -9999 -9999 -9999 -9999 -9999 -9999 -9999 -9999 -9999 -9999 -9999 -9999 -9999 -9999 -9999 -9999 -9999 -9999 -9999 -9999 -9999 -9999 -9999 -9999 -9999 -9999 -9999 -9999 -9999 -9999 -9999 -9999 -9999 -9999 -9999 -9999 -9999 -9999
270.97 -9999 237.21 282.21 282.13 267.03 331.09 262.72 232.28 187.52 192.22 181.09 162.38 183.54 162.55 171.71 145.78 154.39 148.20 134.87 117.44 106.15 93.45 77.64 77.86 74.52 63.23 50.87 49.19 45.32 -9999 -9999 37.48 37.79 42.17 43.52 46.34 47.42 37.32 -9999 -9999 -9999 -9999 -9999 -9999 -9999 -9999 -9999 -9999 -9999 -9999 -9999 -9999 -9999 -9999 -9999 -9999 -9999 -9999 -9999 -9999 -9999 -9999 -9999 -9999 -9999 -9999 -9999 -9999 -9999 -9999 -9999 -9999 -9999 -9999 -9999
249.15 212.84 224.15 197.43 236.10 243.98 259.88 245.65 230.26 229.54 213.04 209.51 155.95 135.86 137.40 137.76 134.86 143.15 140.43 134.39 119.33 117.63 99.62 92.57 95.24 77.16 60.84 55.63 48.57 50.50 50.70 48.74 44.37 47.85 51.39 64.73 61.06 71.22 58.63 39.31 -9999 -9999 -9999 -9999 -9999 -9999 -9999 -9999 -9999 -9999 -9999 -9999 -9999 -9999 -9999 -9999 -9999 -9999 -9999 -9999 -9999 -9999 -9999 -9999 -9999 -9999 -9999 -9999 -9999 -9999 -9999 -9999 -9999 -9999 -9999 -9999
219.88 231.46 203.22 219.78 215.29 201.47 226.31 -9999 262.66 289.16 262.59 203.42 161.33 131.03 120.96 113.53 120.79 120.23 109.51 119.01 118.37 118.06 92.40 107.04 84.53 86.33 71.06 70.29 70.67 61.25 54.04 56.29 52.96 56.78 56.85 75.07 74.43 67.26 65.77 59.62 61.04 56.09 36.17 -9999 -9999 -9999 -9999 -9999 -9999 -9999 -9999 -9999 -9999 -9999 -9999 -9999 -9999 -9999 -9999 -9999 -9999 -9999 -9999 -9999 -9999 -9999 -9999 -9999 -9999 -9999 -9999 -9999 -9999 -9999 -9999 -9999
215.44 263.88 212.28 -9999 179.75 169.29 206.68 -9999 221.44 321.94 268.10 213.67 173.46 151.63 135.18 124.82 101.95 100.72 96.15 112.19 122.63 125.38 121.14 95.46 109.80 94.61 85.10 98.47 84.84 79.33 69.70 73.37 82.35 73.30 89.20 100.88 77.57 72.74 66.07 64.00 64.44 49.42 52.09 -9999 -9999 -9999 -9999 -9999 -9999 -9999 -9999 -9999 -9999 -9999 -9999 -9999 -9999 -9999 -9999 -9999 -9999 -9999 -9999 -9999 -9999 -9999 -9999 -9999 -9999 -9999 -9999 -9999 -9999 -9999 -9999 -9999
216.77 238.10 201.29 -9999 -9999 172.33 172.87 186.46 221.91 217.70 219.90 198.47 198.64 181.77 169.52 138.16 133.35 114.70 109.55 123.76 119.71 125.98 131.43 133.72 122.68 119.77 93.37 92.45 86.43 99.03 92.39 92.99 97.93 97.85 95.18 99.90 88.67 74.58 73.00 53.38 52.23 46.81 49.82 50.72 -9999 -9999 -9999 -9999 -9999 -9999 -9999 -9999 -9999 -9999 -9999 -9999 -9999 -9999 -9999 -9999 -9999 -9999 -9999 -9999 -9999 -9999 -9999 -9999 -9999 -9999 -9999 -9999 -9999 -9999 -9999 -9999
214.80 -9999 -9999 -9999 -9999 -9999 166.01 155.43 196.54 187.77 183.87 173.70 185.13 183.87 180.69 168.61 151.07 135.01 122.22 113.07 115.12 114.78 126.52 126.98 118.12 106.09 81.41 91.76 107.97 100.73 123.23 113.29 98.59 96.70 81.38 71.99 79.71 74.36 73.58 52.31 35.67 48.75 69.82 46.45 -9999 -9999 -9999 -9999 -9999 -9999 -9999 -9999 -9999 -9999 -9999 -9999 -9999 -9999 -9999 -9999 -9999 -9999 -9999 -9999 -9999 -9999 -9999 -9999 -9999 -9999 -9999 -9999 -9999 -9999 -9999 -9999
208.86 214.69 211.77 213.62 -9999 -9999 -9999 154.77 173.81 165.35 154.91 154.96 151.78 177.25 176.91 184.90 176.62 150.70 142.17 133.94 113.15 119.35 117.50 96.11 107.49 87.65 89.80 119.41 106.02 119.60 134.97 131.22 112.50 106.74 92.82 68.87 66.98 68.52 73.91 57.56 52.12 49.41 67.47 49.56 54.09 -9999 -9999 -9999 -9999 -9999 -9999 -9999 -9999 -9999 -9999 -9999 -9999 -9999 -9999 -9999 -9999 -9999 -9999 -9999 -9999 -9999 -9999 -9999 -9999 -9999 -9999 -9999 -9999 -9999 -9999 -9999
205.09 200.93 215.70 292.04 272.38 -9999 -9999 -9999 138.04 132.60 132.48 138.84 141.98 147.65 164.26 169.64 186.56 156.63 144.91 133.71 148.19 114.18 109.93 105.52 121.28 117.05 132.11 114.51 128.94 112.32 112.46 126.89 118.65 101.51 84.16 67.28 55.37 53.73 63.37 52.22 48.83 49.48 58.68 68.30 54.80 41.80 -9999 -9999 -9999 -9999 -9999 -9999 -9999 -9999 -9999 -9999 -9999 -9999 -9999 -9999 -9999 -9999 -9999 -9999 -9999 -9999 -9999 -9999 -9999 -9999 -9999 -9999 -9999 -9999 -9999 -9999
191.61 143.57 182.34 298.54 262.24 -9999 -9999 -9999 -9999 -9999 119.04 119.05 93.66 135.01 147.33 158.97 177.85 189.68 185.27 168.14 145.56 117.20 116.55 109.25 109.44 109.91 142.41 131.81 133.62 129.65 113.61 87.56 88.23 73.44 78.04 67.94 61.74 60.04 53.95 50.76 47.74 48.91 53.90 49.37 49.64 41.88 36.94 -9999 -9999 -9999 -9999 -9999 -9999 -9999 -9999 -9999 -9999 -9999 -9999 -9999 -9999 -9999 -9999 -9999 -9999 -9999 -9999 -9999 -9999 -9999 -9999 -9999 -9999 -9999 -9999 -9999
-9999 145.64 154.90 261.19 235.43 -9999 -9999 -9999 -9999 -9999 108.10 124.19 136.20 127.80 166.74 195.55 193.68 199.46 186.82 178.08 150.88 151.14 133.24 124.64 134.45 159.20 143.49 208.25 157.72 177.66 120.40 118.08 105.12 76.70 81.05 73.83 57.26 53.31 57.56 58.38 75.69 60.61 54.65 50.34 57.50 52.50 40.97 42.22 31.36 -9999 -9999 -9999 -9999 -9999 -9999 -9999 -9999 -9999 -9999 -9999 -9999 -9999 -9999 -9999 -9999 -9999 -9999 -9999 -9999 -9999 -9999 -9999 -9999 -9999 -9999 -9999
-9999 -9999 166.82 194.46 175.69 -9999 -9999 -9999 -9999 -9999 109.18 118.59 128.13 121.97 138.83 153.85 165.25 178.72 172.81 187.71 160.46 141.31 151.83 162.05 195.51 183.07 154.29 212.18 191.57 135.36 121.65 88.19 77.08 75.29 77.87 70.02 67.05 60.26 50.04 47.70 66.18 85.04 82.45 63.18 57.02 51.93 48.58 46.13 36.75 -9999 -9999 -9999 -9999 -9999 -9999 -9999 -9999 -9999 -9999 -9999 -9999 -9999 -9999 -9999 -9999 -9999 -9999 -9999 -9999 -9999 -9999 -9999 -9999 -9999 -9999 -9999
-9999 -9999 137.07 148.33 140.86 -9999 -9999 -9999 -9999 -9999 107.73 113.17 120.93 123.19 133.35 144.17 167.48 197.43 208.41 178.10 171.93 144.13 151.37 147.13 170.57 160.18 178.61 185.70 166.25 159.08 148.29 117.96 107.29 83.22 88.02 81.53 61.59 58.79 60.87 62.13 67.42 94.51 102.12 75.51 56.01 57.30 48.93 45.84 41.15 -9999 -9999 -9999 -9999 -9999 -9999 -9999 -9999 -9999 -9999 -9999 -9999 -9999 -9999 -9999 -9999 -9999 -9999 -9999 -9999 -9999 -9999 -9999 -9999 -9999 -9999 -9999
-9999 -9999 -9999 -9999 -9999 -9999 -9999 -9999 -9999 128.31 137.32 140.68 139.05 127.98 142.12 146.56 162.60 169.73 201.47 191.18 179.21 209.63 192.92 195.13 201.69 201.10 208.02 209.72 204.27 171.06 153.04 130.20 107.75 117.14 97.73 73.83 78.34 61.79 67.56 77.48 97.84 95.07 106.66 99.96 62.16 58.69 52.35 50.00 36.28 -9999 -9999 -9999 -9999 -9999 -9999 -9999 -9999 -9999 -9999 -9999 -9999 -9999 -9999 -9999 -9999 -9999 -9999 -9999 -9999 -9999 -9999 -9999 -9999 -9999 -9999 -9999
-9999 -9999 -9999 -9999 -9999 -9999 -9999 -9999 -9999 139.16 133.85 151.87 169.26 171.32 176.70 191.02 191.30 177.53 166.45 187.42 199.39 199.56 227.80 216.53 192.96 150.63 207.83 182.74 191.57 157.68 148.24 128.34 104.83 101.40 116.02 113.68 87.51 64.56 54.47 88.43 91.45 90.90 102.30 86.80 61.90 55.48 54.74 55.61 44.04 -9999 -9999 -9999 -9999 -9999 -9999 -9999 -9999 -9999 -9999 -9999 -9999 -9999 -9999 -9999 -9999 -9999 -9999 -9999 -9999 -9999 -9999 -9999 -9999 -9999 -9999 -9999
-9999 -9999 -9999 -9999 -9999 -9999 -9999 -9999 115.98 138.05 138.11 157.26 157.49 162.96 207.58 246.74 243.87 212.34 214.99 175.36 174.61 201.65 226.90 212.45 190.13 128.40 169.43 205.69 186.08 184.58 165.95 155.51 121.62 111.67 116.82 112.18 96.72 123.68 106.84 111.73 102.06 84.73 67.63 71.17 62.92 68.81 63.20 49.63 44.21 -9999 -9999 -9999 -9999 -9999 -9999 -9999 -9999 -9999 -9999 -9999 -9999 -9999 -9999 -9999 -9999 -9999 -9999 -9999 -9999 -9999 -9999 -9999 -9999 -9999 -9999 -9999
-9999 -9999 -9999 -9999 -9999 -9999 -9999 -9999 144.25 151.78 173.13 174.45 199.72 190.27 228.50 237.25 305.21 250.84 209.84 184.99 188.74 179.03 246.71 233.03 172.17 138.86 172.20 205.41 189.18 184.73 184.55 154.24 156.09 142.23 131.46 144.43 142.33 149.93 122.54 109.11 109.25 90.67 84.99 77.92 64.36 65.38 52.26 46.81 43.60 52.53 -9999 -9999 -9999 -9999 -9999 -9999 -9999 -9999 -9999 -9999 -9999 -9999 -9999 -9999 -9999 -9999 -9999 -9999 -9999 -9999 -9999 -9999 -9999 -9999 -9999 -9999
-9999 -9999 -9999 -9999 -9999 -9999 -9999 118.28 184.78 213.14 206.30 242.02 199.84 236.35 214.38 246.88 250.15 227.82 196.61 177.29 151.32 136.09 160.71 192.22 208.62 150.18 149.36 201.78 219.88 201.71 187.29 181.24 129.68 138.54 132.60 134.99 176.45 154.02 139.88 130.39 93.94 96.58 89.75 90.60 84.38 69.80 56.35 47.30 41.92 39.43 -9999 -9999 -9999 -9999 -9999 -9999 -9999 -9999 -9999 -9999 -9999 -9999 -9999 -9999 -9999 -9999 -9999 -9999 -9999 -9999 -9999 -9999 -9999 -9999 -9999 -9999
-9999 -9999 -9999 -9999 -9999 -9999 -9999 158.67 197.53 230.18 237.82 229.91 234.99 239.00 281.52 221.52 214.34 182.85 192.64 172.16 139.28 130.39 158.05 173.39 241.28 137.07 124.00 137.48 178.43 184.84 213.15 142.37 145.32 136.60 122.45 164.54 149.58 148.98 129.01 106.49 104.92 87.97 72.95 70.87 82.70 75.31 61.57 50.51 40.18 40.06 -9999 -9999 -9999 -9999 -9999 -9999 -9999 -9999 -9999 -9999 -9999 -9999 -9999 -9999 -9999 -9999 -9999 -9999 -9999 -9999 -9999 -9999 -9999 -9999 -9999 -9999
