Rainfall_2007-2011/Rainfall_2009-09_ACTUAL.txt
ncols         180
nrows         290
xllcorner     -200000
yllcorner     -200000
cellsize      5000
NODATA_value  -9999
[rows 136 to 169 of 290, columns 77 to 153 of 180]
-9999 -9999 65.52 73.87 78.29 94.83 95.27 98.08 91.75 81.78 88.00 99.10 109.00 138.74 106.04 79.89 60.24 55.11 55.84 62.71 63.05 69.66 72.11 73.45 52.95 42.60 46.28 51.66 52.67 55.00 50.21 56.94 60.89 63.08 61.52 74.27 68.11 55.91 49.52 39.65 28.27 31.37 39.12 33.25 25.47 28.25 29.12 31.70 31.49 31.12 30.76 -9999 -9999 -9999 -9999 -9999 -9999 -9999 -9999 -9999 -9999 -9999 -9999 -9999 -9999 -9999 -9999 -9999 -9999 -9999 -9999 -9999 -9999 -9999 -9999 -9999 -9999
-9999 -9999 57.37 65.27 66.20 76.32 77.78 82.30 82.22 77.36 78.47 79.68 92.30 103.41 84.37 73.74 60.64 49.68 47.42 65.12 67.08 80.35 79.49 -9999 -9999 -9999 47.22 47.96 -9999 49.63 58.01 62.13 69.94 52.78 58.09 72.70 60.37 49.33 46.03 36.66 35.85 34.73 23.92 19.79 23.42 24.44 29.78 25.70 27.69 28.59 23.63 -9999 -9999 -9999 -9999 -9999 -9999 -9999 -9999 -9999 -9999 -9999 -9999 -9999 -9999 -9999 -9999 -9999 -9999 -9999 -9999 -9999 -9999 -9999 -9999 -9999 -9999
-9999 -9999 45.82 55.46 62.34 65.63 73.27 77.63 78.94 76.58 73.24 82.26 83.11 93.84 77.79 74.31 62.86 51.33 57.66 59.73 54.69 58.07 64.43 -9999 -9999 -9999 47.72 46.34 44.58 45.84 50.42 49.49 49.07 53.39 62.04 87.12 59.82 54.57 40.49 29.63 34.72 27.89 24.48 22.42 23.79 20.08 23.81 30.38 29.72 23.21 24.14 -9999 -9999 -9999 -9999 -9999 -9999 -9999 -9999 -9999 -9999 -9999 -9999 -9999 -9999 -9999 -9999 -9999 -9999 -9999 -9999 -9999 -9999 -9999 -9999 -9999 -9999
-9999 -9999 -9999 46.09 60.86 59.90 -9999 75.72 79.46 77.04 74.49 77.40 -9999 72.36 65.59 71.79 62.95 60.96 56.65 51.77 50.12 -9999 -9999 -9999 -9999 47.90 44.97 43.67 34.94 32.06 36.18 36.49 37.94 50.89 63.29 82.48 65.45 58.49 46.34 35.45 32.45 25.64 27.80 22.67 20.34 22.56 21.72 22.56 21.29 19.54 19.76 18.57 -9999 -9999 -9999 -9999 -9999 -9999 -9999 -9999 -9999 -9999 -9999 -9999 -9999 -9999 -9999 -9999 -9999 -9999 -9999 -9999 -9999 -9999 -9999 -9999 -9999
-9999 -9999 -9999 -9999 56.41 -9999 -9999 -9999 72.58 72.99 72.88 68.98 67.07 -9999 -9999 52.85 61.43 65.86 60.47 -9999 -9999 -9999 -9999 -9999 44.44 47.40 47.93 42.98 37.68 34.12 34.63 35.60 39.45 40.65 52.72 59.93 69.28 52.51 50.95 47.12 44.85 29.77 27.34 28.54 26.88 21.19 17.65 20.46 15.59 19.19 21.20 19.92 -9999 -9999 -9999 -9999 -9999 -9999 -9999 -9999 -9999 -9999 -9999 -9999 -9999 -9999 -9999 -9999 -9999 -9999 -9999 -9999 -9999 -9999 -9999 -9999 -9999
-9999 -9999 -9999 -9999 53.26 50.96 -9999 -9999 -9999 65.22 71.92 71.46 69.34 -9999 -9999 -9999 -9999 61.25 -9999 -9999 -9999 -9999 -9999 -9999 46.82 52.87 48.55 44.00 46.58 43.44 36.23 34.06 32.76 42.14 39.38 42.58 76.37 56.36 61.59 53.62 49.13 29.95 32.85 34.75 29.70 22.26 21.88 16.19 12.55 15.33 20.18 17.08 -9999 -9999 -9999 -9999 -9999 -9999 -9999 -9999 -9999 -9999 -9999 -9999 -9999 -9999 -9999 -9999 -9999 -9999 -9999 -9999 -9999 -9999 -9999 -9999 -9999
-9999 -9999 -9999 -9999 -9999 54.58 -9999 -9999 -9999 -9999 67.60 68.09 61.52 -9999 -9999 -9999 -9999 -9999 -9999 -9999 -9999 -9999 -9999 54.04 49.67 59.99 53.23 56.53 65.42 63.40 52.80 41.71 35.19 32.83 41.13 53.96 78.77 72.75 65.80 55.67 43.03 34.17 31.47 26.39 22.76 25.07 24.35 17.10 14.60 14.09 20.48 18.21 16.68 -9999 -9999 -9999 -9999 -9999 -9999 -9999 -9999 -9999 -9999 -9999 -9999 -9999 -9999 -9999 -9999 -9999 -9999 -9999 -9999 -9999 -9999 -9999 -9999
-9999 -9999 -9999 -9999 -9999 57.74 -9999 -9999 -9999 -9999 -9999 -9999 -9999 -9999 -9999 -9999 -9999 -9999 -9999 -9999 -9999 -9999 -9999 55.50 64.56 68.52 54.91 49.17 66.11 108.71 64.80 47.54 29.07 31.24 29.61 31.99 55.61 69.69 67.28 47.54 55.43 53.06 36.26 30.62 27.89 20.10 20.59 19.32 16.08 13.38 17.96 19.46 18.96 16.51 -9999 -9999 -9999 -9999 -9999 -9999 -9999 -9999 -9999 -9999 -9999 -9999 -9999 -9999 -9999 -9999 -9999 -9999 -9999 -9999 -9999 -9999 -9999
-9999 -9999 -9999 -9999 -9999 -9999 -9999 -9999 -9999 -9999 -9999 -9999 -9999 -9999 -9999 -9999 -9999 -9999 -9999 -9999 -9999 -9999 56.37 54.60 60.52 73.74 82.70 66.17 99.62 93.84 67.27 41.73 35.04 29.22 30.29 28.20 42.36 69.87 65.77 53.59 44.11 41.15 36.47 29.30 23.43 19.57 17.78 17.91 16.94 13.91 16.29 19.50 19.00 17.61 -9999 -9999 -9999 -9999 -9999 -9999 -9999 -9999 -9999 -9999 -9999 -9999 -9999 -9999 -9999 -9999 -9999 -9999 -9999 -9999 -9999 -9999 -9999
-9999 -9999 -9999 -9999 -9999 -9999 -9999 -9999 -9999 -9999 -9999 -9999 -9999 -9999 -9999 -9999 -9999 -9999 -9999 -9999 -9999 -9999 64.46 67.71 82.14 100.49 114.60 90.85 80.55 89.42 79.22 61.00 49.14 33.42 37.98 33.36 32.01 44.89 65.05 54.10 46.94 37.93 30.65 22.85 18.29 14.82 13.77 19.91 17.27 19.20 16.61 19.51 19.07 19.34 20.96 19.44 21.57 -9999 -9999 -9999 -9999 -9999 -9999 -9999 -9999 -9999 -9999 -9999 -9999 -9999 -9999 -9999 -9999 -9999 -9999 -9999 -9999
-9999 -9999 -9999 -9999 -9999 -9999 -9999 -9999 -9999 -9999 -9999 -9999 -9999 -9999 -9999 -9999 -9999 -9999 -9999 -9999 -9999 -9999 63.47 79.47 110.30 121.50 109.49 137.10 125.64 130.51 93.65 79.98 85.91 60.47 45.58 43.83 25.62 28.90 41.00 35.33 40.98 37.11 25.44 18.11 18.14 17.67 17.95 17.25 18.73 17.62 17.95 20.52 20.04 19.17 33.71 35.28 35.01 27.10 31.18 -9999 -9999 -9999 -9999 -9999 -9999 -9999 -9999 -9999 -9999 -9999 -9999 -9999 -9999 -9999 -9999 -9999 -9999
-9999 -9999 -9999 -9999 -9999 -9999 -9999 -9999 -9999 -9999 -9999 -9999 -9999 -9999 -9999 -9999 -9999 -9999 -9999 -9999 -9999 -9999 54.60 87.04 126.23 172.53 227.87 236.87 150.94 135.99 135.35 130.48 104.02 99.17 69.06 50.33 36.30 33.76 33.70 29.11 38.15 35.00 26.32 21.43 20.58 19.81 18.76 18.58 17.74 17.53 19.59 20.31 22.47 26.30 38.22 54.73 44.84 47.16 43.03 37.72 24.29 -9999 -9999 -9999 -9999 -9999 -9999 -9999 -9999 -9999 -9999 -9999 -9999 -9999 -9999 -9999 -9999
-9999 -9999 -9999 -9999 -9999 -9999 -9999 -9999 -9999 -9999 -9999 -9999 -9999 -9999 -9999 -9999 -9999 -9999 -9999 -9999 -9999 -9999 58.38 68.35 88.77 129.44 165.54 240.65 198.74 129.31 141.81 115.04 128.79 106.70 72.44 53.26 42.77 38.23 26.97 49.38 42.83 38.45 34.43 31.15 27.30 22.61 22.68 19.14 20.45 20.80 21.78 19.00 22.63 27.05 38.89 51.75 40.77 46.50 40.89 38.84 27.84 30.34 -9999 -9999 -9999 -9999 -9999 -9999 -9999 -9999 -9999 -9999 -9999 -9999 -9999 -9999 -9999
-9999 -9999 -9999 -9999 -9999 -9999 -9999 -9999 -9999 -9999 45.98 42.18 38.73 -9999 -9999 -9999 -9999 -9999 -9999 -9999 -9999 -9999 -9999 53.41 75.12 94.11 128.84 133.70 178.17 122.35 91.95 89.27 101.12 81.44 72.94 66.42 56.57 50.71 47.36 53.53 48.97 49.98 37.30 26.99 27.22 29.25 26.51 20.96 20.98 21.13 22.54 25.50 29.88 43.26 40.89 67.33 65.12 56.70 51.80 37.72 39.59 31.77 23.66 -9999 -9999 -9999 -9999 -9999 -9999 -9999 -9999 -9999 -9999 -9999 -9999 -9999 -9999
-9999 -9999 -9999 -9999 -9999 -9999 -9999 -9999 -9999 -9999 39.19 42.93 -9999 -9999 -9999 -9999 -9999 -9999 -9999 -9999 -9999 -9999 -9999 -9999 71.03 101.45 150.99 136.93 174.10 121.84 97.12 81.67 76.10 64.11 79.23 47.70 73.38 63.00 61.02 65.67 51.62 35.83 33.64 36.04 24.28 30.09 24.34 19.72 20.37 22.39 21.11 31.79 45.10 47.94 49.07 56.19 47.32 50.10 50.01 44.24 45.47 36.52 35.66 -9999 -9999 -9999 -9999 -9999 -9999 -9999 -9999 -9999 -9999 -9999 -9999 -9999 -9999
-9999 -9999 -9999 -9999 -9999 -9999 -9999 -9999 -9999 51.57 55.83 51.94 48.19 -9999 -9999 -9999 -9999 -9999 -9999 -9999 -9999 -9999 -9999 -9999 60.24 90.51 132.36 116.07 134.07 106.56 86.55 72.00 57.31 50.11 55.91 54.17 56.05 72.82 62.41 61.44 39.98 37.90 39.92 32.07 30.76 23.85 18.58 18.30 21.91 24.79 20.43 35.10 43.81 48.33 54.15 54.77 52.45 49.36 41.36 41.67 46.10 36.50 38.88 30.42 -9999 -9999 -9999 -9999 -9999 -9999 -9999 -9999 -9999 -9999 -9999 -9999 -9999
-9999 -9999 -9999 -9999 -9999 -9999 -9999 -9999 62.45 78.97 78.37 78.03 53.43 -9999 -9999 -9999 -9999 -9999 -9999 -9999 -9999 -9999 -9999 -9999 63.97 71.57 86.06 83.88 88.22 82.93 77.80 73.47 57.25 50.67 57.24 58.52 71.19 66.03 68.13 65.73 54.84 37.34 34.63 27.70 30.00 22.41 17.32 18.66 20.03 21.21 24.36 29.18 37.73 51.33 49.16 42.25 44.07 43.71 43.33 42.33 45.35 36.83 32.18 29.30 -9999 -9999 -9999 -9999 -9999 -9999 -9999 -9999 -9999 -9999 -9999 -9999 -9999
-9999 -9999 -9999 -9999 -9999 -9999 -9999 51.71 66.37 91.77 76.38 66.49 -9999 -9999 -9999 -9999 -9999 -9999 -9999 -9999 -9999 -9999 -9999 -9999 -9999 67.79 69.89 71.58 64.78 71.90 66.94 58.17 54.80 46.85 56.91 48.87 61.12 78.93 72.09 78.45 83.65 57.99 51.43 43.58 33.24 34.04 28.56 19.15 18.71 20.14 23.58 26.19 29.27 46.93 43.29 34.10 30.55 45.06 29.56 30.59 28.50 28.13 29.35 28.54 24.36 20.10 -9999 -9999 -9999 -9999 -9999 -9999 -9999 -9999 -9999 -9999 -9999
-9999 -9999 -9999 -9999 -9999 -9999 -9999 77.54 105.95 74.61 64.97 61.13 -9999 -9999 -9999 -9999 -9999 -9999 -9999 -9999 -9999 -9999 -9999 -9999 -9999 -9999 60.26 61.69 63.88 62.35 56.51 53.37 49.86 47.71 56.46 45.30 60.10 88.16 77.97 71.46 77.49 65.33 59.34 51.95 37.83 41.12 31.69 21.70 20.28 21.26 23.47 23.42 32.02 40.50 38.02 31.50 27.11 28.06 29.10 24.61 24.84 28.66 30.51 50.40 28.22 21.89 -9999 -9999 -9999 -9999 -9999 -9999 -9999 -9999 -9999 -9999 -9999
-9999 -9999 -9999 -9999 -9999 -9999 -9999 67.96 68.63 56.91 60.24 -9999 -9999 -9999 -9999 -9999 -9999 -9999 -9999 -9999 -9999 -9999 -9999 -9999 -9999 -9999 44.67 50.16 61.54 -9999 50.91 -9999 38.46 40.23 47.00 45.62 50.77 59.95 76.42 70.99 103.35 64.30 37.30 53.18 45.82 34.09 24.13 25.24 22.32 25.84 25.04 23.17 27.26 34.56 35.50 34.51 28.30 29.62 25.75 23.46 26.10 31.47 30.74 30.48 23.22 23.33 23.66 20.68 -9999 -9999 -9999 -9999 -9999 -9999 -9999 -9999 -9999
-9999 -9999 -9999 -9999 -9999 -9999 55.87 55.57 48.57 -9999 -9999 -9999 -9999 -9999 -9999 -9999 -9999 -9999 -9999 -9999 -9999 -9999 -9999 -9999 -9999 -9999 42.02 44.07 50.54 -9999 -9999 -9999 44.12 47.82 49.39 47.27 53.85 55.12 54.47 39.77 74.87 70.68 45.20 49.69 47.43 37.79 29.58 25.49 23.86 22.91 23.60 21.24 20.90 22.72 29.04 33.55 31.43 27.71 24.36 28.23 26.34 32.58 32.07 29.63 28.50 21.98 19.43 20.65 -9999 -9999 -9999 -9999 -9999 -9999 -9999 -9999 -9999
-9999 -9999 -9999 -9999 -9999 -9999 -9999 -9999 -9999 -9999 -9999 -9999 -9999 -9999 -9999 -9999 -9999 -9999 -9999 -9999 -9999 -9999 -9999 -9999 -9999 -9999 -9999 -9999 -9999 -9999 -9999 52.40 55.55 63.44 72.38 75.42 84.62 77.35 55.39 55.50 67.14 55.87 49.29 44.30 44.13 38.03 31.58 22.89 20.76 22.60 23.00 21.20 20.44 20.37 27.34 36.14 36.93 30.44 31.33 37.89 30.49 32.52 28.36 28.25 23.77 22.77 22.78 -9999 -9999 -9999 -9999 -9999 -9999 -9999 -9999 -9999 -9999
-9999 -9999 -9999 -9999 -9999 -9999 -9999 -9999 -9999 -9999 -9999 -9999 -9999 -9999 -9999 -9999 -9999 -9999 -9999 -9999 -9999 -9999 -9999 -9999 -9999 -9999 -9999 -9999 -9999 -9999 -9999 49.36 51.26 65.72 85.82 121.05 120.98 77.87 72.97 50.78 53.48 47.06 46.75 49.54 47.88 33.55 30.70 20.79 20.76 22.44 22.39 21.38 20.55 21.45 25.57 29.69 32.10 30.63 30.91 38.48 33.41 26.52 24.54 22.47 22.52 22.35 22.64 -9999 -9999 -9999 -9999 -9999 -9999 -9999 -9999 -9999 -9999
-9999 -9999 -9999 -9999 -9999 -9999 -9999 -9999 -9999 -9999 -9999 -9999 -9999 -9999 -9999 -9999 -9999 -9999 -9999 -9999 -9999 -9999 -9999 -9999 -9999 -9999 -9999 -9999 -9999 -9999 -9999 45.03 52.03 66.48 84.11 126.43 111.40 86.36 64.06 54.06 53.25 44.60 25.41 43.81 39.13 41.49 26.09 17.89 21.97 20.65 19.09 20.13 23.30 23.69 23.63 24.55 22.45 22.74 27.32 30.90 27.89 26.53 24.04 25.01 21.81 20.99 19.53 -9999 -9999 -9999 -9999 -9999 -9999 -9999 -9999 -9999 -9999
-9999 -9999 -9999 -9999 -9999 -9999 -9999 -9999 -9999 -9999 -9999 -9999 -9999 -9999 -9999 -9999 -9999 -9999 -9999 -9999 -9999 -9999 -9999 -9999 -9999 -9999 -9999 -9999 -9999 31.74 40.56 43.92 49.66 59.08 88.72 112.92 83.40 88.30 63.49 58.00 44.77 38.36 40.22 35.03 40.31 34.64 26.23 21.66 19.66 16.63 19.03 18.87 20.20 23.09 24.17 24.03 18.40 17.99 24.39 26.65 27.00 31.46 32.79 22.40 22.27 22.21 21.25 20.39 -9999 -9999 -9999 -9999 -9999 -9999 -9999 -9999 -9999
-9999 -9999 -9999 -9999 -9999 -9999 -9999 -9999 -9999 -9999 -9999 -9999 -9999 -9999 -9999 -9999 -9999 -9999 -9999 -9999 -9999 -9999 -9999 -9999 -9999 -9999 -9999 -9999 -9999 35.25 33.91 38.99 44.34 53.80 77.33 74.32 67.05 61.49 62.49 78.51 58.41 65.21 58.85 48.21 32.95 30.53 28.18 24.71 21.04 18.36 17.82 19.08 18.68 23.10 20.47 20.54 19.62 20.17 23.79 22.95 24.61 31.37 31.93 22.36 21.59 21.22 20.32 19.18 -9999 -9999 -9999 -9999 -9999 -9999 -9999 -9999 -9999
-9999 -9999 -9999 -9999 -9999 -9999 -9999 -9999 -9999 -9999 -9999 -9999 -9999 -9999 -9999 -9999 -9999 -9999 -9999 -9999 -9999 -9999 -9999 -9999 -9999 -9999 -9999 -9999 -9999 36.30 35.80 40.62 43.37 49.76 58.08 61.95 58.38 55.95 60.21 60.94 56.27 56.73 65.42 27.20 36.27 27.67 28.98 22.29 14.34 16.97 18.31 18.99 21.32 26.77 15.06 18.10 20.11 21.78 23.58 24.17 24.23 25.82 27.59 22.86 20.16 17.11 19.42 18.60 17.54 -9999 -9999 -9999 -9999 -9999 -9999 -9999 -9999
-9999 -9999 -9999 -9999 -9999 -9999 -9999 -9999 -9999 -9999 -9999 -9999 -9999 -9999 -9999 -9999 -9999 -9999 -9999 -9999 -9999 -9999 -9999 -9999 -9999 -9999 -9999 -9999 -9999 28.48 37.57 41.50 43.19 48.95 49.99 51.75 57.77 54.60 54.72 56.35 53.78 62.23 69.66 46.32 44.81 34.53 27.76 28.10 20.63 9.32 14.89 20.07 20.31 18.48 17.86 18.43 20.08 20.61 19.99 19.37 20.89 23.21 29.19 20.83 19.30 17.60 17.79 16.52 15.76 15.26 -9999 -9999 -9999 -9999 -9999 -9999 -9999
-9999 -9999 -9999 -9999 -9999 -9999 -9999 -9999 -9999 -9999 -9999 -9999 -9999 -9999 -9999 -9999 -9999 -9999 -9999 -9999 -9999 -9999 -9999 -9999 -9999 -9999 -9999 -9999 -9999 34.10 36.97 36.60 37.69 45.06 49.86 51.39 59.57 66.16 64.62 77.47 77.46 73.70 61.63 52.23 35.27 35.05 26.71 23.24 18.07 13.45 16.19 17.26 18.60 16.87 17.83 18.72 20.46 20.78 20.58 17.67 15.82 24.51 28.26 23.20 20.01 19.67 17.79 16.78 15.00 12.68 -9999 -9999 -9999 -9999 -9999 -9999 -9999
-9999 -9999 -9999 -9999 -9999 -9999 -9999 -9999 -9999 -9999 -9999 -9999 -9999 -9999 -9999 -9999 -9999 -9999 -9999 -9999 -9999 -9999 -9999 -9999 -9999 -9999 -9999 -9999 -9999 -9999 42.49 39.17 39.81 41.51 51.46 66.55 71.67 83.26 85.51 79.25 78.40 66.81 66.46 49.33 33.53 30.59 24.49 15.47 14.22 12.88 14.04 18.62 17.49 15.35 16.55 18.44 19.77 20.93 21.29 19.04 18.51 22.80 24.02 22.07 19.17 20.01 -9999 16.79 14.78 14.50 17.12 -9999 -9999 -9999 -9999 -9999 -9999
-9999 -9999 -9999 -9999 -9999 -9999 -9999 -9999 -9999 -9999 -9999 -9999 -9999 -9999 -9999 -9999 -9999 -9999 -9999 -9999 -9999 -9999 -9999 -9999 -9999 -9999 -9999 -9999 -9999 40.55 42.98 54.33 46.19 45.26 41.46 76.84 110.92 90.52 93.46 98.87 79.62 66.34 74.05 48.75 42.40 33.97 25.57 24.24 16.91 11.55 18.58 22.10 18.31 20.94 17.45 18.05 19.37 20.60 22.06 22.50 22.93 24.05 22.55 24.34 19.52 17.99 19.07 -9999 17.69 15.96 16.52 18.00 -9999 -9999 -9999 -9999 -9999
-9999 -9999 -9999 -9999 -9999 -9999 -9999 -9999 -9999 -9999 -9999 -9999 -9999 -9999 -9999 -9999 -9999 -9999 -9999 -9999 -9999 -9999 -9999 -9999 -9999 -9999 -9999 -9999 -9999 34.06 42.61 48.79 38.65 46.62 50.93 71.33 68.04 79.96 73.54 76.58 67.69 58.58 59.84 63.32 56.88 31.55 24.10 25.49 18.09 20.30 22.89 22.69 17.17 17.92 17.79 17.04 18.47 19.18 19.96 25.29 22.63 24.19 23.72 18.62 20.87 22.06 22.44 22.41 -9999 -9999 -9999 -9999 -9999 -9999 -9999 -9999 -9999
-9999 -9999 -9999 -9999 -9999 -9999 -9999 -9999 -9999 -9999 -9999 -9999 -9999 -9999 -9999 -9999 -9999 -9999 -9999 -9999 -9999 -9999 -9999 -9999 -9999 -9999 -9999 -9999 33.28 28.57 35.89 42.55 41.81 41.78 45.68 66.39 78.63 70.00 59.58 61.02 58.27 60.57 72.88 80.12 61.59 45.89 37.86 28.99 15.26 18.35 21.52 20.78 18.51 18.60 17.71 17.17 18.00 19.19 20.82 24.72 24.41 27.36 28.94 27.79 26.47 26.81 30.28 27.27 23.83 23.96 -9999 -9999 -9999 -9999 -9999 -9999 -9999
-9999 -9999 -9999 -9999 -9999 -9999 -9999 -9999 -9999 -9999 -9999 -9999 -9999 -9999 -9999 -9999 -9999 -9999 -9999 -9999 -9999 -9999 -9999 -9999 -9999 -9999 -9999 -9999 -9999 34.89 36.32 41.13 38.49 37.88 42.70 51.05 47.33 52.77 54.39 54.54 53.73 56.36 67.73 83.28 75.42 67.63 41.99 32.27 27.92 23.45 30.29 25.32 19.81 20.35 17.80 14.87 18.04 22.00 27.19 27.33 28.94 27.93 27.35 27.82 28.21 33.44 33.19 33.02 25.57 22.95 24.56 26.49 -9999 -9999 -9999 -9999 -9999
