Rainfall_2007-2011/Rainfall_2009-02_ACTUAL.txt
ncols         180
nrows         290
xllcorner     -200000
yllcorner     -200000
cellsize      5000
NODATA_value  -9999
[rows 136 to 169 of 290, columns 77 to 153 of 180]
-9999 -9999 30.62 32.09 33.53 41.65 41.64 41.80 35.81 32.80 31.73 33.97 42.97 60.72 50.70 39.71 26.58 23.75 23.38 23.49 22.40 20.69 14.54 16.26 18.21 16.15 17.57 21.17 22.20 20.35 20.93 27.44 32.40 36.92 35.25 39.00 43.85 39.81 37.20 41.20 34.31 39.17 51.29 46.12 42.61 41.84 42.52 45.69 39.38 37.70 42.88 -9999 -9999 -9999 -9999 -9999 -9999 -9999 -9999 -9999 -9999 -9999 -9999 -9999 -9999 -9999 -9999 -9999 -9999 -9999 -9999 -9999 -9999 -9999 -9999 -9999 -9999
-9999 -9999 30.41 31.01 28.17 33.10 30.43 31.11 28.25 28.25 27.54 27.25 34.52 45.85 47.00 43.61 29.14 23.12 20.08 22.81 25.38 29.41 20.26 -9999 -9999 -9999 18.14 17.98 -9999 19.93 23.45 28.04 32.99 34.95 38.41 45.02 45.42 35.29 37.85 38.96 47.31 47.88 38.51 35.14 39.49 37.92 47.34 37.42 36.87 34.46 34.14 -9999 -9999 -9999 -9999 -9999 -9999 -9999 -9999 -9999 -9999 -9999 -9999 -9999 -9999 -9999 -9999 -9999 -9999 -9999 -9999 -9999 -9999 -9999 -9999 -9999 -9999
-9999 -9999 28.47 32.76 24.15 23.72 26.61 27.08 26.21 26.61 25.85 27.76 30.89 42.40 41.34 43.12 30.91 22.72 25.18 21.30 26.11 25.68 24.63 -9999 -9999 -9999 20.39 17.45 17.52 19.84 22.75 24.74 30.20 41.09 48.74 53.52 40.63 38.22 32.93 24.32 44.00 40.57 42.00 40.12 46.39 38.40 38.34 43.54 42.16 31.52 33.53 -9999 -9999 -9999 -9999 -9999 -9999 -9999 -9999 -9999 -9999 -9999 -9999 -9999 -9999 -9999 -9999 -9999 -9999 -9999 -9999 -9999 -9999 -9999 -9999 -9999 -9999
-9999 -9999 -9999 28.66 23.10 20.42 -9999 25.10 24.82 26.11 26.34 25.96 -9999 29.23 27.49 31.03 26.97 27.14 29.09 27.26 22.17 -9999 -9999 -9999 -9999 29.36 15.95 17.85 15.54 16.57 20.56 22.91 30.90 39.85 61.99 59.39 39.94 51.04 29.02 30.51 38.22 44.15 49.00 44.95 45.88 46.44 36.72 35.91 37.00 35.06 34.58 26.52 -9999 -9999 -9999 -9999 -9999 -9999 -9999 -9999 -9999 -9999 -9999 -9999 -9999 -9999 -9999 -9999 -9999 -9999 -9999 -9999 -9999 -9999 -9999 -9999 -9999
-9999 -9999 -9999 -9999 20.95 -9999 -9999 -9999 23.15 24.96 25.37 25.00 21.80 -9999 -9999 21.75 22.10 30.00 30.39 -9999 -9999 -9999 -9999 -9999 19.03 20.32 17.03 17.89 17.10 17.83 19.10 21.71 28.58 35.63 44.49 49.32 50.32 58.63 37.32 37.34 52.80 58.06 59.73 47.74 48.27 42.66 35.46 42.94 35.01 35.66 30.54 26.01 -9999 -9999 -9999 -9999 -9999 -9999 -9999 -9999 -9999 -9999 -9999 -9999 -9999 -9999 -9999 -9999 -9999 -9999 -9999 -9999 -9999 -9999 -9999 -9999 -9999
-9999 -9999 -9999 -9999 18.55 17.34 -9999 -9999 -9999 22.00 24.65 23.54 23.45 -9999 -9999 -9999 -9999 25.88 -9999 -9999 -9999 -9999 -9999 -9999 17.33 18.93 20.32 19.05 22.03 22.39 19.41 21.54 22.91 29.90 38.07 48.55 33.21 45.28 48.81 46.32 50.73 48.17 57.33 58.46 45.52 32.92 45.05 44.45 33.55 34.72 34.26 22.96 -9999 -9999 -9999 -9999 -9999 -9999 -9999 -9999 -9999 -9999 -9999 -9999 -9999 -9999 -9999 -9999 -9999 -9999 -9999 -9999 -9999 -9999 -9999 -9999 -9999
-9999 -9999 -9999 -9999 -9999 18.94 -9999 -9999 -9999 -9999 21.50 20.70 21.06 -9999 -9999 -9999 -9999 -9999 -9999 -9999 -9999 -9999 -9999 20.28 20.36 23.76 26.66 27.06 30.34 29.37 27.00 14.65 19.01 24.82 32.57 43.69 54.17 58.30 61.29 53.34 43.46 45.03 49.43 42.84 36.15 41.49 45.94 37.62 36.72 38.30 42.05 39.95 31.95 -9999 -9999 -9999 -9999 -9999 -9999 -9999 -9999 -9999 -9999 -9999 -9999 -9999 -9999 -9999 -9999 -9999 -9999 -9999 -9999 -9999 -9999 -9999 -9999
-9999 -9999 -9999 -9999 -9999 20.68 -9999 -9999 -9999 -9999 -9999 -9999 -9999 -9999 -9999 -9999 -9999 -9999 -9999 -9999 -9999 -9999 -9999 24.75 19.31 25.26 26.95 22.86 46.45 49.43 32.01 23.05 18.18 17.36 21.19 38.68 64.10 68.59 63.92 57.90 63.36 69.50 64.92 57.15 47.97 36.59 41.40 39.45 46.68 43.63 41.82 38.43 37.14 34.31 -9999 -9999 -9999 -9999 -9999 -9999 -9999 -9999 -9999 -9999 -9999 -9999 -9999 -9999 -9999 -9999 -9999 -9999 -9999 -9999 -9999 -9999 -9999
-9999 -9999 -9999 -9999 -9999 -9999 -9999 -9999 -9999 -9999 -9999 -9999 -9999 -9999 -9999 -9999 -9999 -9999 -9999 -9999 -9999 -9999 22.56 26.77 26.98 26.50 31.23 27.51 50.15 52.87 35.00 24.13 19.36 17.01 17.92 23.74 38.86 65.96 61.75 57.20 52.14 56.13 55.03 47.04 50.66 48.15 48.21 39.13 37.79 35.33 37.20 36.80 33.91 32.00 -9999 -9999 -9999 -9999 -9999 -9999 -9999 -9999 -9999 -9999 -9999 -9999 -9999 -9999 -9999 -9999 -9999 -9999 -9999 -9999 -9999 -9999 -9999
-9999 -9999 -9999 -9999 -9999 -9999 -9999 -9999 -9999 -9999 -9999 -9999 -9999 -9999 -9999 -9999 -9999 -9999 -9999 -9999 -9999 -9999 22.97 24.92 27.14 28.00 42.10 34.18 33.03 43.90 30.19 29.93 26.85 26.27 21.59 24.03 36.20 44.48 63.91 56.66 55.88 49.04 49.97 32.83 38.91 39.61 38.60 37.87 34.52 36.71 33.66 34.02 32.40 30.83 31.55 31.75 30.59 -9999 -9999 -9999 -9999 -9999 -9999 -9999 -9999 -9999 -9999 -9999 -9999 -9999 -9999 -9999 -9999 -9999 -9999 -9999 -9999
-9999 -9999 -9999 -9999 -9999 -9999 -9999 -9999 -9999 -9999 -9999 -9999 -9999 -9999 -9999 -9999 -9999 -9999 -9999 -9999 -9999 -9999 23.18 28.39 31.68 37.37 68.11 49.24 45.33 49.09 28.54 30.51 30.85 23.90 21.49 27.20 27.08 32.71 47.77 36.63 50.47 54.16 50.83 40.08 34.04 35.56 32.75 31.02 32.36 28.21 28.11 31.35 32.76 39.34 47.59 44.75 53.07 45.95 41.66 -9999 -9999 -9999 -9999 -9999 -9999 -9999 -9999 -9999 -9999 -9999 -9999 -9999 -9999 -9999 -9999 -9999 -9999
-9999 -9999 -9999 -9999 -9999 -9999 -9999 -9999 -9999 -9999 -9999 -9999 -9999 -9999 -9999 -9999 -9999 -9999 -9999 -9999 -9999 -9999 24.73 33.89 41.53 54.25 76.27 67.97 51.47 46.89 41.33 41.73 30.08 31.99 24.62 28.93 25.89 31.42 39.54 38.80 51.83 53.74 44.03 40.62 37.89 30.52 36.91 31.94 30.81 24.99 21.28 26.82 32.83 39.77 48.55 61.56 72.92 77.78 71.26 66.72 51.16 -9999 -9999 -9999 -9999 -9999 -9999 -9999 -9999 -9999 -9999 -9999 -9999 -9999 -9999 -9999 -9999
-9999 -9999 -9999 -9999 -9999 -9999 -9999 -9999 -9999 -9999 -9999 -9999 -9999 -9999 -9999 -9999 -9999 -9999 -9999 -9999 -9999 -9999 24.99 29.26 51.23 65.23 81.33 96.76 69.18 35.26 37.47 40.02 49.78 43.10 32.14 26.22 20.36 33.36 35.92 56.58 56.18 58.60 52.97 52.54 46.01 35.51 35.89 30.59 28.64 26.46 28.28 27.73 31.22 47.44 56.77 60.22 47.74 80.78 70.08 70.11 50.35 57.39 -9999 -9999 -9999 -9999 -9999 -9999 -9999 -9999 -9999 -9999 -9999 -9999 -9999 -9999 -9999
-9999 -9999 -9999 -9999 -9999 -9999 -9999 -9999 -9999 -9999 24.55 21.72 18.48 -9999 -9999 -9999 -9999 -9999 -9999 -9999 -9999 -9999 -9999 19.78 33.05 53.60 62.23 77.01 97.50 43.70 24.74 36.86 36.06 37.89 35.62 28.70 27.68 34.13 43.70 48.65 45.07 52.61 54.81 53.94 34.35 33.51 20.29 26.13 26.73 21.89 30.90 33.87 37.88 64.53 69.98 75.25 89.91 94.43 89.44 67.43 71.52 63.73 51.97 -9999 -9999 -9999 -9999 -9999 -9999 -9999 -9999 -9999 -9999 -9999 -9999 -9999 -9999
-9999 -9999 -9999 -9999 -9999 -9999 -9999 -9999 -9999 -9999 25.17 31.03 -9999 -9999 -9999 -9999 -9999 -9999 -9999 -9999 -9999 -9999 -9999 -9999 28.04 40.58 62.11 61.83 70.42 44.33 33.56 23.09 23.22 21.78 31.44 27.47 39.88 37.41 41.91 47.31 43.96 32.81 39.02 21.33 15.41 33.90 24.60 25.18 28.17 31.28 34.02 40.50 51.27 75.33 93.72 65.22 75.81 85.44 83.45 73.09 72.50 72.83 75.97 -9999 -9999 -9999 -9999 -9999 -9999 -9999 -9999 -9999 -9999 -9999 -9999 -9999 -9999
-9999 -9999 -9999 -9999 -9999 -9999 -9999 -9999 -9999 26.87 32.42 38.30 34.87 -9999 -9999 -9999 -9999 -9999 -9999 -9999 -9999 -9999 -9999 -9999 21.88 35.58 46.86 47.10 43.67 38.02 29.48 24.07 20.88 18.83 22.76 19.68 23.44 40.77 36.45 30.55 32.23 32.60 38.30 30.16 35.38 36.79 23.00 23.29 31.03 43.90 38.49 45.25 52.46 52.76 70.47 82.76 82.13 83.18 69.93 65.73 79.33 74.09 81.69 56.01 -9999 -9999 -9999 -9999 -9999 -9999 -9999 -9999 -9999 -9999 -9999 -9999 -9999
-9999 -9999 -9999 -9999 -9999 -9999 -9999 -9999 26.21 36.81 41.06 49.73 34.67 -9999 -9999 -9999 -9999 -9999 -9999 -9999 -9999 -9999 -9999 -9999 25.35 40.95 51.85 35.55 37.11 31.64 28.73 27.55 17.66 18.57 21.73 20.43 30.10 35.60 43.29 28.40 38.96 28.66 32.46 31.77 39.94 36.49 18.90 23.81 29.14 31.58 41.58 40.82 48.67 50.59 58.12 64.94 66.91 68.43 76.74 73.50 82.65 76.51 74.49 54.37 -9999 -9999 -9999 -9999 -9999 -9999 -9999 -9999 -9999 -9999 -9999 -9999 -9999
-9999 -9999 -9999 -9999 -9999 -9999 -9999 21.10 25.42 40.63 35.76 29.27 -9999 -9999 -9999 -9999 -9999 -9999 -9999 -9999 -9999 -9999 -9999 -9999 -9999 35.79 41.66 28.85 33.92 27.25 21.47 17.03 15.81 17.06 20.69 21.69 31.34 38.26 35.53 37.23 39.64 39.20 46.49 55.59 49.06 44.16 36.73 27.83 29.51 43.08 36.87 40.44 39.92 49.39 56.84 54.65 50.85 56.33 52.37 55.98 57.24 52.77 63.55 66.53 49.77 42.25 -9999 -9999 -9999 -9999 -9999 -9999 -9999 -9999 -9999 -9999 -9999
-9999 -9999 -9999 -9999 -9999 -9999 -9999 25.66 36.15 31.11 25.54 24.65 -9999 -9999 -9999 -9999 -9999 -9999 -9999 -9999 -9999 -9999 -9999 -9999 -9999 -9999 27.81 21.26 22.72 23.06 18.68 15.11 15.74 16.83 21.81 21.92 32.79 37.92 39.14 39.90 34.86 33.25 42.69 52.37 45.35 48.29 37.97 27.05 30.70 35.09 35.51 36.35 42.27 47.63 47.21 45.91 45.48 45.78 51.51 54.69 66.04 55.73 59.51 72.69 60.00 50.39 -9999 -9999 -9999 -9999 -9999 -9999 -9999 -9999 -9999 -9999 -9999
-9999 -9999 -9999 -9999 -9999 -9999 -9999 22.32 24.96 27.03 25.14 -9999 -9999 -9999 -9999 -9999 -9999 -9999 -9999 -9999 -9999 -9999 -9999 -9999 -9999 -9999 25.61 25.68 22.55 -9999 16.28 -9999 11.76 13.11 17.98 17.65 25.12 34.23 48.19 38.92 33.57 24.99 30.91 45.95 47.96 38.79 28.79 34.46 32.07 31.10 37.36 34.73 38.52 44.74 47.31 49.62 43.73 52.87 53.85 51.59 60.94 64.64 64.04 65.71 62.20 63.57 65.36 61.26 -9999 -9999 -9999 -9999 -9999 -9999 -9999 -9999 -9999
-9999 -9999 -9999 -9999 -9999 -9999 18.71 19.31 20.10 -9999 -9999 -9999 -9999 -9999 -9999 -9999 -9999 -9999 -9999 -9999 -9999 -9999 -9999 -9999 -9999 -9999 24.61 22.19 19.31 -9999 -9999 -9999 12.47 17.47 19.07 22.51 21.48 19.38 26.98 32.02 41.01 40.64 31.13 39.79 40.57 38.98 39.82 36.13 34.17 31.03 36.17 34.95 34.78 36.92 41.62 42.95 45.18 68.53 55.79 55.61 53.52 66.57 73.01 75.56 70.04 61.27 60.67 54.42 -9999 -9999 -9999 -9999 -9999 -9999 -9999 -9999 -9999
-9999 -9999 -9999 -9999 -9999 -9999 -9999 -9999 -9999 -9999 -9999 -9999 -9999 -9999 -9999 -9999 -9999 -9999 -9999 -9999 -9999 -9999 -9999 -9999 -9999 -9999 -9999 -9999 -9999 -9999 -9999 10.48 14.33 24.21 31.72 30.67 24.08 25.50 18.33 26.06 35.35 31.61 33.60 38.69 34.90 34.22 34.62 37.82 34.25 33.24 37.09 37.41 37.51 37.37 37.73 36.91 40.03 53.63 60.49 72.82 61.95 69.46 65.76 67.09 61.01 59.68 57.03 -9999 -9999 -9999 -9999 -9999 -9999 -9999 -9999 -9999 -9999
-9999 -9999 -9999 -9999 -9999 -9999 -9999 -9999 -9999 -9999 -9999 -9999 -9999 -9999 -9999 -9999 -9999 -9999 -9999 -9999 -9999 -9999 -9999 -9999 -9999 -9999 -9999 -9999 -9999 -9999 -9999 12.38 15.73 23.08 42.23 58.28 50.06 24.87 20.68 20.40 23.57 20.20 28.91 34.57 41.34 33.19 34.71 41.76 38.01 39.06 39.70 35.10 35.44 35.68 35.31 36.21 40.54 49.08 55.78 75.08 68.83 55.19 57.91 53.01 54.66 56.60 57.96 -9999 -9999 -9999 -9999 -9999 -9999 -9999 -9999 -9999 -9999
-9999 -9999 -9999 -9999 -9999 -9999 -9999 -9999 -9999 -9999 -9999 -9999 -9999 -9999 -9999 -9999 -9999 -9999 -9999 -9999 -9999 -9999 -9999 -9999 -9999 -9999 -9999 -9999 -9999 -9999 -9999 12.65 15.31 22.43 34.67 56.34 52.89 31.17 19.35 18.58 20.05 14.36 27.10 29.63 30.50 43.88 42.70 45.64 38.31 36.58 34.27 33.66 35.32 34.36 34.83 35.11 39.26 45.51 52.65 64.14 63.28 60.43 58.97 75.65 59.15 58.19 53.76 -9999 -9999 -9999 -9999 -9999 -9999 -9999 -9999 -9999 -9999
-9999 -9999 -9999 -9999 -9999 -9999 -9999 -9999 -9999 -9999 -9999 -9999 -9999 -9999 -9999 -9999 -9999 -9999 -9999 -9999 -9999 -9999 -9999 -9999 -9999 -9999 -9999 -9999 -9999 9.43 11.80 12.70 12.65 20.83 35.39 52.29 51.16 35.97 22.20 20.21 17.01 16.13 25.86 31.40 36.48 35.72 34.68 33.10 32.93 29.21 32.34 32.47 33.44 33.58 33.30 34.60 38.68 40.74 51.24 58.08 60.60 60.91 61.35 56.51 67.07 62.68 55.74 54.96 -9999 -9999 -9999 -9999 -9999 -9999 -9999 -9999 -9999
-9999 -9999 -9999 -9999 -9999 -9999 -9999 -9999 -9999 -9999 -9999 -9999 -9999 -9999 -9999 -9999 -9999 -9999 -9999 -9999 -9999 -9999 -9999 -9999 -9999 -9999 -9999 -9999 -9999 13.15 12.28 12.27 11.70 16.45 29.24 42.71 41.07 27.15 24.69 34.66 22.43 27.10 28.59 32.43 25.40 29.93 31.56 37.02 36.37 35.88 32.18 36.61 35.30 30.11 31.85 34.45 37.39 40.61 54.12 62.20 57.47 60.08 58.75 49.95 52.74 54.18 51.68 49.05 -9999 -9999 -9999 -9999 -9999 -9999 -9999 -9999 -9999
-9999 -9999 -9999 -9999 -9999 -9999 -9999 -9999 -9999 -9999 -9999 -9999 -9999 -9999 -9999 -9999 -9999 -9999 -9999 -9999 -9999 -9999 -9999 -9999 -9999 -9999 -9999 -9999 -9999 10.88 11.54 11.97 11.64 15.91 22.11 38.31 34.34 26.20 27.21 27.72 29.43 25.33 37.00 25.13 25.51 23.66 27.82 33.78 31.55 33.54 34.27 35.02 33.42 28.07 32.71 35.32 37.47 40.99 56.21 60.28 59.60 62.13 61.59 53.29 51.37 47.87 50.71 49.39 49.28 -9999 -9999 -9999 -9999 -9999 -9999 -9999 -9999
-9999 -9999 -9999 -9999 -9999 -9999 -9999 -9999 -9999 -9999 -9999 -9999 -9999 -9999 -9999 -9999 -9999 -9999 -9999 -9999 -9999 -9999 -9999 -9999 -9999 -9999 -9999 -9999 -9999 9.85 10.89 10.91 12.76 15.71 16.86 20.14 25.14 28.04 24.10 25.11 25.30 42.11 48.16 33.82 32.13 28.51 28.91 35.78 31.81 26.84 31.51 34.20 31.60 31.03 33.78 33.51 37.89 41.26 43.23 44.83 54.53 64.17 71.44 49.16 51.04 47.97 47.82 54.25 55.32 52.41 -9999 -9999 -9999 -9999 -9999 -9999 -9999
-9999 -9999 -9999 -9999 -9999 -9999 -9999 -9999 -9999 -9999 -9999 -9999 -9999 -9999 -9999 -9999 -9999 -9999 -9999 -9999 -9999 -9999 -9999 -9999 -9999 -9999 -9999 -9999 -9999 9.40 10.17 10.06 11.28 14.66 15.49 17.47 22.17 26.76 29.73 24.23 36.70 45.05 41.84 40.56 36.29 33.16 31.13 36.91 38.23 33.30 32.91 30.83 31.80 34.36 35.13 35.39 39.37 41.79 43.91 42.50 43.28 58.47 67.98 53.32 54.68 48.54 47.77 50.50 47.49 54.14 -9999 -9999 -9999 -9999 -9999 -9999 -9999
-9999 -9999 -9999 -9999 -9999 -9999 -9999 -9999 -9999 -9999 -9999 -9999 -9999 -9999 -9999 -9999 -9999 -9999 -9999 -9999 -9999 -9999 -9999 -9999 -9999 -9999 -9999 -9999 -9999 -9999 10.79 10.30 10.33 13.09 16.11 23.27 24.20 29.32 25.78 25.62 34.62 37.00 43.60 39.99 34.70 31.11 32.09 29.31 44.02 34.91 30.37 33.19 33.53 37.39 37.31 35.94 34.56 40.69 42.48 39.53 34.03 49.72 54.59 46.05 43.25 44.84 -9999 49.10 46.28 50.03 50.47 -9999 -9999 -9999 -9999 -9999 -9999
-9999 -9999 -9999 -9999 -9999 -9999 -9999 -9999 -9999 -9999 -9999 -9999 -9999 -9999 -9999 -9999 -9999 -9999 -9999 -9999 -9999 -9999 -9999 -9999 -9999 -9999 -9999 -9999 -9999 9.87 10.44 8.78 11.49 13.46 13.82 30.16 37.47 39.77 37.76 30.91 32.47 33.48 36.19 43.94 41.15 38.73 32.29 33.54 37.04 35.78 32.44 35.69 32.50 37.08 37.19 38.20 38.38 39.02 39.15 37.13 46.04 41.51 43.53 46.68 50.82 48.77 46.76 -9999 46.31 47.66 45.37 46.58 -9999 -9999 -9999 -9999 -9999
-9999 -9999 -9999 -9999 -9999 -9999 -9999 -9999 -9999 -9999 -9999 -9999 -9999 -9999 -9999 -9999 -9999 -9999 -9999 -9999 -9999 -9999 -9999 -9999 -9999 -9999 -9999 -9999 -9999 10.46 11.98 10.50 11.06 15.02 15.47 22.64 39.18 33.03 31.69 28.47 22.72 28.53 32.34 46.14 44.10 40.26 38.68 28.76 33.56 38.21 35.12 36.43 36.93 35.18 39.09 40.58 40.16 40.31 37.35 32.27 35.54 35.55 41.93 33.08 45.76 51.50 48.03 45.98 -9999 -9999 -9999 -9999 -9999 -9999 -9999 -9999 -9999
-9999 -9999 -9999 -9999 -9999 -9999 -9999 -9999 -9999 -9999 -9999 -9999 -9999 -9999 -9999 -9999 -9999 -9999 -9999 -9999 -9999 -9999 -9999 -9999 -9999 -9999 -9999 -9999 9.34 11.31 11.58 12.16 12.32 12.51 15.71 24.09 28.52 29.04 21.36 22.28 26.25 30.89 50.53 92.94 75.62 49.39 52.90 42.18 40.19 32.75 28.79 31.23 35.76 34.90 41.18 39.63 34.72 39.65 42.07 41.32 39.52 37.15 40.27 42.40 46.19 48.89 49.32 47.46 46.56 45.61 -9999 -9999 -9999 -9999 -9999 -9999 -9999
-9999 -9999 -9999 -9999 -9999 -9999 -9999 -9999 -9999 -9999 -9999 -9999 -9999 -9999 -9999 -9999 -9999 -9999 -9999 -9999 -9999 -9999 -9999 -9999 -9999 -9999 -9999 -9999 -9999 11.01 10.49 12.42 13.87 16.68 17.09 19.63 16.50 21.45 21.91 21.83 25.81 31.43 42.25 47.51 70.39 89.36 62.28 42.84 44.07 35.86 38.47 32.03 28.42 34.95 38.46 38.89 39.16 38.71 40.67 42.64 50.90 44.76 38.73 40.80 49.48 49.61 48.26 48.99 45.32 41.61 42.72 43.97 -9999 -9999 -9999 -9999 -9999
