Rainfall_2007-2011/Rainfall_2011-06_ACTUAL.txt
ncols         180
nrows         290
xllcorner     -200000
yllcorner     -200000
cellsize      5000
NODATA_value  -9999
[rows 170 to 203 of 290, columns 76 to 151 of 180]
-9999 -9999 -9999 -9999 -9999 -9999 -9999 -9999 -9999 -9999 -9999 -9999 -9999 -9999 -9999 -9999 -9999 -9999 -9999 -9999 -9999 -9999 -9999 -9999 -9999 -9999 -9999 -9999 -9999 -9999 36.05 50.90 50.42 50.23 59.06 60.25 66.53 66.95 65.64 65.39 72.96 69.25 77.51 65.03 65.38 80.09 90.21 83.97 73.86 54.24 48.30 40.35 44.12 50.03 52.64 48.03 57.47 49.76 36.87 33.07 36.78 37.62 45.98 48.44 48.53 44.36 40.13 59.07 73.99 65.34 66.90 68.09 60.46 -9999 -9999 -9999
-9999 -9999 -9999 -9999 -9999 -9999 -9999 -9999 -9999 -9999 57.98 53.06 49.86 57.91 -9999 -9999 -9999 -9999 -9999 -9999 -9999 -9999 -9999 -9999 -9999 -9999 -9999 -9999 -9999 35.92 31.17 38.53 48.64 46.49 51.73 54.64 61.67 61.57 61.83 62.87 69.42 67.68 65.96 66.98 85.29 77.81 84.12 71.15 71.65 64.02 43.06 46.29 39.34 52.66 43.34 39.25 42.79 35.38 31.50 30.82 31.74 34.84 44.08 45.41 47.67 49.20 60.23 69.50 73.88 69.78 67.09 65.94 65.10 67.35 -9999 -9999
-9999 -9999 -9999 -9999 -9999 -9999 -9999 -9999 -9999 -9999 58.81 58.51 54.84 52.90 -9999 -9999 -9999 -9999 -9999 -9999 -9999 -9999 -9999 -9999 -9999 -9999 -9999 -9999 44.25 33.47 38.92 45.24 56.34 53.66 52.20 44.40 50.75 59.72 61.76 66.59 67.19 63.90 64.34 50.16 65.58 88.11 91.79 70.10 59.20 56.93 52.53 44.93 41.56 41.76 41.65 39.09 39.05 29.76 30.79 36.06 32.66 35.39 38.57 43.80 50.71 61.20 59.01 66.15 62.83 70.19 66.23 64.95 64.30 69.59 -9999 -9999
-9999 -9999 -9999 -9999 -9999 -9999 -9999 -9999 52.85 51.83 50.90 59.72 56.27 57.10 53.83 47.46 63.24 -9999 -9999 37.65 46.12 -9999 -9999 -9999 38.49 39.14 43.41 -9999 41.77 33.30 46.35 51.04 54.20 55.77 55.31 53.17 55.82 59.71 66.80 63.73 62.35 62.43 60.19 48.08 62.77 77.66 83.47 55.51 55.19 57.67 48.16 51.37 45.94 41.85 42.37 47.64 49.91 40.31 42.47 41.95 35.69 37.52 37.33 41.84 43.61 49.35 53.87 65.69 70.76 86.27 80.75 66.99 73.32 70.78 69.02 -9999
-9999 -9999 -9999 -9999 -9999 -9999 -9999 -9999 -9999 48.88 50.49 53.26 51.50 55.00 61.12 65.43 59.23 -9999 44.95 42.94 61.27 60.01 54.83 49.48 43.89 51.17 52.80 51.73 -9999 48.18 60.75 57.54 51.15 56.39 59.01 57.20 57.91 60.08 63.37 63.88 60.50 78.12 75.33 92.54 71.12 82.53 71.09 56.39 61.27 57.21 48.28 44.16 43.41 47.87 38.80 45.96 53.43 46.60 42.46 50.59 47.62 44.87 40.81 46.56 46.55 47.17 56.31 65.70 77.84 90.44 90.55 78.04 72.58 70.76 70.93 -9999
-9999 -9999 -9999 -9999 -9999 -9999 -9999 -9999 -9999 -9999 50.27 49.62 53.09 56.82 60.65 54.31 60.37 66.56 92.03 58.23 70.01 71.58 67.77 54.34 49.14 39.48 52.79 69.60 56.81 51.48 63.71 60.63 60.61 63.91 80.17 67.48 64.45 59.39 60.06 60.69 63.96 70.63 71.97 90.57 92.11 75.51 64.17 52.98 48.40 47.68 46.51 46.74 45.12 46.02 39.51 36.85 40.67 41.33 43.58 43.79 43.32 43.27 44.30 46.50 46.16 49.34 58.06 64.22 68.52 75.41 87.86 81.09 74.63 70.18 66.74 67.42
-9999 -9999 -9999 -9999 -9999 -9999 -9999 -9999 -9999 -9999 -9999 50.21 49.99 60.52 62.86 64.32 75.51 116.48 105.58 67.35 75.98 62.52 60.18 52.88 49.02 46.78 83.94 73.31 65.67 55.99 52.47 57.48 53.44 60.12 68.88 56.87 61.97 63.93 58.74 60.58 61.66 59.10 64.55 76.04 73.64 71.09 59.55 57.87 45.97 46.60 59.15 54.42 48.45 44.69 35.55 36.70 39.77 41.28 41.46 40.25 39.53 43.76 44.29 47.46 46.59 48.38 55.53 67.79 73.91 75.66 86.21 81.39 71.75 67.62 62.41 61.87
-9999 -9999 -9999 -9999 -9999 -9999 -9999 -9999 -9999 -9999 -9999 -9999 52.03 50.68 75.62 85.02 103.69 146.20 131.30 108.21 96.76 58.32 67.57 61.00 59.98 53.09 45.72 67.31 52.51 45.37 48.90 51.73 50.88 55.27 61.84 59.27 60.23 59.12 58.45 56.38 54.21 53.60 50.23 65.03 69.64 65.49 57.29 60.34 55.23 40.24 58.17 54.31 50.12 50.14 41.15 39.81 45.71 38.66 41.87 38.44 35.91 46.36 48.47 48.92 47.52 47.33 57.67 80.85 91.67 82.41 74.62 70.99 69.45 61.52 57.93 61.17
-9999 -9999 -9999 -9999 -9999 -9999 -9999 -9999 -9999 -9999 -9999 -9999 53.48 54.06 75.15 104.27 184.67 188.35 165.22 94.56 73.92 92.32 86.39 78.03 60.54 48.66 42.05 57.33 59.84 51.51 47.41 49.76 48.87 55.39 66.57 64.49 67.05 57.80 58.63 50.75 49.26 57.59 62.24 55.94 59.31 71.15 76.48 70.28 69.66 69.42 62.60 58.25 45.70 51.06 49.97 46.62 46.40 43.09 47.45 45.22 42.27 41.93 37.68 43.38 50.04 49.35 58.60 73.87 77.37 78.18 71.93 70.68 67.92 56.72 45.57 -9999
-9999 -9999 -9999 -9999 -9999 -9999 -9999 -9999 -9999 -9999 -9999 -9999 70.47 78.80 114.90 146.01 220.57 181.02 145.24 142.27 92.58 99.87 86.68 69.93 78.19 68.00 53.09 63.79 57.11 53.25 49.75 52.57 50.43 54.73 66.98 60.91 71.37 63.13 56.61 49.29 50.68 57.00 61.78 59.55 70.03 73.38 84.95 73.84 67.24 70.85 73.06 55.93 54.21 50.19 48.28 45.73 47.49 49.56 45.33 45.34 46.98 39.73 35.29 49.61 45.07 59.97 56.98 65.46 61.63 67.82 64.90 68.78 64.75 58.91 -9999 -9999
-9999 -9999 -9999 -9999 -9999 -9999 -9999 -9999 -9999 -9999 -9999 71.79 122.63 99.90 147.77 167.23 158.44 220.75 196.19 168.78 137.93 126.16 94.70 82.77 61.86 61.09 67.70 77.70 64.36 55.98 53.13 56.38 54.01 58.71 59.80 57.92 61.59 58.68 54.64 56.82 67.09 62.76 65.85 71.17 61.02 75.73 80.12 69.72 74.24 69.71 67.61 71.71 56.81 41.27 45.49 49.22 50.49 45.13 36.83 39.29 44.76 44.00 41.39 43.33 40.21 55.29 56.95 61.23 64.72 69.47 55.94 65.12 65.01 -9999 -9999 -9999
-9999 -9999 -9999 -9999 -9999 -9999 -9999 -9999 -9999 54.18 61.34 70.13 90.54 90.85 117.77 141.07 125.17 164.71 147.17 162.87 159.97 149.98 114.07 100.51 68.84 74.79 79.24 63.94 60.01 54.82 59.91 55.75 47.86 59.11 56.58 59.49 59.48 55.78 52.15 57.24 66.34 61.61 65.58 70.55 66.26 67.74 62.80 69.87 64.50 68.81 65.88 60.99 51.38 42.88 46.96 46.39 38.15 39.38 39.10 31.89 33.84 43.28 41.67 42.33 47.21 50.67 54.39 58.97 61.22 60.50 58.35 59.74 -9999 -9999 -9999 -9999
-9999 -9999 -9999 -9999 -9999 -9999 -9999 -9999 55.10 53.11 75.08 72.46 78.49 71.74 81.50 79.04 99.39 126.53 147.98 157.36 205.33 127.44 80.44 83.49 67.18 100.36 108.36 92.28 69.62 68.12 64.07 59.92 50.95 58.18 84.87 67.36 60.64 58.05 60.47 67.71 61.47 63.54 67.22 68.69 58.35 62.87 60.80 56.80 55.04 60.06 59.49 49.53 46.35 51.24 43.37 43.13 44.09 45.53 43.52 38.33 36.01 37.70 39.06 40.49 49.77 54.10 50.79 54.96 57.22 54.92 57.44 56.89 -9999 -9999 -9999 -9999
-9999 -9999 -9999 -9999 -9999 -9999 -9999 46.94 64.20 65.43 72.20 -9999 -9999 -9999 -9999 72.04 111.88 158.81 157.68 157.33 148.33 131.90 117.33 114.75 83.52 138.20 124.16 94.40 81.01 83.50 60.90 56.99 58.46 55.10 62.43 61.03 54.53 66.89 63.59 66.94 61.69 70.55 66.52 64.77 63.09 64.59 59.12 51.22 53.09 48.43 47.29 49.66 42.24 39.89 38.54 37.46 40.54 43.65 43.37 42.10 38.95 34.46 36.48 45.94 49.33 48.30 55.74 54.44 53.52 54.00 53.15 54.21 56.57 -9999 -9999 -9999
-9999 -9999 -9999 -9999 -9999 -9999 -9999 51.05 65.16 63.60 63.25 -9999 -9999 -9999 -9999 74.97 104.22 175.66 163.23 159.24 164.53 155.85 155.03 149.80 119.33 144.22 98.76 92.60 82.75 72.05 60.12 57.63 56.84 60.45 58.78 58.70 58.99 60.07 58.56 66.29 63.07 63.16 60.09 57.24 56.91 61.77 57.91 51.80 45.59 44.47 42.46 44.58 43.40 36.40 36.69 35.82 41.03 45.87 42.57 44.38 41.54 35.09 36.53 44.68 37.38 47.62 55.22 56.93 53.38 52.89 49.03 46.52 53.62 55.62 -9999 -9999
-9999 -9999 -9999 -9999 -9999 -9999 -9999 -9999 -9999 -9999 -9999 -9999 -9999 -9999 -9999 82.82 123.30 144.87 135.14 160.68 159.81 192.18 173.47 129.79 148.22 137.54 104.04 89.95 73.23 65.15 56.99 57.03 46.49 57.97 57.46 56.39 53.33 47.12 47.01 54.09 55.15 53.36 57.39 57.99 58.41 55.38 52.24 52.08 45.30 46.41 47.47 45.88 41.91 39.18 38.31 40.09 48.86 56.62 44.18 41.27 41.85 45.58 45.02 44.29 46.71 45.86 54.80 58.52 51.03 44.92 41.01 49.37 53.09 55.39 58.15 58.31
-9999 -9999 -9999 -9999 -9999 -9999 -9999 -9999 -9999 -9999 -9999 -9999 -9999 -9999 -9999 -9999 123.98 117.74 123.59 168.51 202.43 184.81 181.13 169.88 139.24 107.23 96.81 81.36 69.86 60.03 65.93 48.44 50.74 54.33 54.84 56.39 48.03 48.18 48.41 51.18 52.79 53.84 54.63 59.57 60.38 47.89 44.68 43.67 43.46 40.20 44.78 44.77 43.25 46.29 34.89 38.40 46.11 42.87 41.91 41.17 38.30 43.20 42.15 42.34 40.44 40.95 59.89 56.86 53.33 46.18 48.29 53.42 54.75 57.02 58.05 59.21
-9999 -9999 -9999 -9999 -9999 -9999 -9999 -9999 -9999 -9999 -9999 -9999 -9999 -9999 -9999 -9999 120.19 179.72 322.20 242.46 201.59 180.73 164.05 133.65 120.26 96.57 84.53 89.74 76.82 64.64 74.02 58.31 48.91 50.68 48.92 55.22 48.71 57.31 58.97 47.82 48.05 52.94 56.43 56.10 57.19 44.83 46.41 38.46 40.85 43.80 43.99 42.74 43.57 50.27 44.74 45.80 42.66 43.20 46.05 45.72 41.15 40.28 42.87 41.92 38.19 37.14 50.52 51.14 51.19 50.57 35.93 43.01 46.44 54.07 57.78 60.50
-9999 -9999 -9999 -9999 -9999 -9999 -9999 -9999 -9999 -9999 -9999 -9999 -9999 -9999 -9999 120.38 135.91 169.78 241.19 228.96 172.93 167.99 172.07 134.41 128.20 97.01 90.43 90.05 73.38 88.93 60.12 47.94 46.16 54.39 76.00 61.21 68.15 63.37 68.14 48.41 48.35 53.75 53.95 53.62 53.49 45.40 42.17 40.66 39.76 38.92 36.08 40.40 47.78 49.88 44.07 48.92 42.49 43.72 36.18 41.77 32.55 41.75 42.58 40.82 37.71 38.00 43.12 46.90 49.01 48.92 47.52 47.18 50.27 54.19 56.94 61.08
-9999 -9999 -9999 -9999 -9999 -9999 -9999 -9999 -9999 -9999 -9999 -9999 -9999 -9999 -9999 117.79 137.53 189.15 176.59 155.35 133.16 138.83 155.15 145.96 115.58 97.00 89.15 80.78 71.97 62.92 56.92 78.12 56.98 47.80 47.80 59.79 62.83 70.72 54.71 50.64 52.45 50.72 51.12 52.08 46.82 45.99 43.43 38.95 39.38 40.50 41.86 40.67 39.43 48.96 49.17 42.97 46.99 48.13 46.53 40.96 38.75 47.74 45.41 43.31 34.65 38.68 45.70 47.40 51.83 49.83 48.76 50.68 50.03 55.17 70.95 66.72
-9999 -9999 -9999 -9999 -9999 -9999 -9999 -9999 -9999 -9999 -9999 -9999 -9999 -9999 -9999 101.56 152.78 119.74 135.20 125.71 123.68 127.33 151.36 123.42 120.87 111.12 88.76 70.92 64.80 66.08 69.37 73.65 74.29 59.50 61.86 57.19 57.47 59.17 50.78 49.23 52.35 48.80 50.43 48.33 45.73 47.62 48.46 39.70 38.65 47.56 48.19 45.31 44.89 45.20 47.25 45.32 45.58 49.07 47.73 39.90 39.56 40.80 40.82 44.49 43.11 32.84 40.30 52.28 54.52 50.72 46.69 50.62 53.58 54.36 61.32 66.38
-9999 -9999 -9999 -9999 -9999 -9999 -9999 -9999 -9999 -9999 -9999 -9999 -9999 -9999 -9999 -9999 101.27 125.45 150.56 161.51 169.19 132.18 128.41 101.38 73.07 79.55 68.95 66.10 64.74 57.82 68.72 55.00 67.10 66.37 59.67 57.07 62.06 61.42 48.11 47.03 48.95 45.23 53.15 50.09 43.02 41.06 41.83 39.14 40.53 46.70 47.43 42.28 47.25 48.12 47.94 47.19 51.12 50.39 48.30 41.22 40.99 38.89 40.70 43.99 41.63 41.97 43.85 50.54 53.67 52.83 49.50 48.28 51.82 52.01 57.08 61.74
-9999 -9999 -9999 -9999 -9999 -9999 -9999 -9999 -9999 -9999 -9999 -9999 -9999 -9999 -9999 -9999 107.60 117.34 143.14 178.74 201.55 170.74 128.37 99.14 77.19 84.00 82.11 82.33 85.64 71.17 64.99 58.62 70.68 79.40 75.11 84.11 67.72 70.01 53.77 55.21 53.57 50.36 50.13 52.45 44.44 40.64 41.79 49.03 49.35 47.17 43.01 42.37 45.87 48.65 49.01 48.68 53.55 52.27 53.03 38.21 42.57 38.51 39.92 46.57 44.32 43.97 49.52 50.94 50.73 52.47 42.94 49.31 49.66 58.25 56.74 51.33
-9999 -9999 -9999 -9999 -9999 -9999 -9999 -9999 -9999 -9999 -9999 -9999 -9999 -9999 -9999 76.79 96.00 112.32 138.18 149.80 193.67 174.72 117.07 118.04 135.78 111.20 96.43 90.35 76.37 63.24 65.38 69.41 68.26 74.84 80.91 78.61 73.20 63.02 48.70 51.88 50.90 49.80 53.47 54.55 52.56 50.31 47.86 49.52 48.58 40.93 38.84 45.33 45.05 49.40 41.16 45.68 46.31 52.00 57.29 52.13 42.32 44.37 44.55 47.99 47.54 51.22 54.13 51.80 50.81 57.08 54.40 47.44 51.28 60.58 59.75 61.44
-9999 -9999 -9999 -9999 -9999 -9999 -9999 -9999 -9999 -9999 -9999 -9999 -9999 -9999 -9999 94.54 108.00 101.21 110.98 143.28 189.37 162.80 131.18 102.65 101.42 116.85 115.66 104.22 84.42 81.04 72.47 63.99 76.46 67.89 85.68 75.38 87.58 65.65 53.87 50.57 48.18 50.98 51.78 66.19 70.64 53.81 53.88 54.05 49.88 32.33 39.16 42.16 43.68 53.26 39.16 39.23 38.16 39.08 50.67 48.72 44.35 38.82 40.21 41.46 47.14 51.08 52.96 53.19 48.15 49.41 58.26 59.86 59.95 66.10 66.88 61.98
-9999 -9999 -9999 -9999 -9999 -9999 -9999 -9999 -9999 -9999 -9999 -9999 -9999 -9999 -9999 93.27 100.32 80.35 93.10 136.00 168.78 161.64 140.42 110.32 101.79 109.34 100.45 99.60 105.88 87.04 71.58 68.45 73.63 92.49 80.29 71.93 77.13 62.75 59.89 50.64 45.42 49.26 52.33 54.82 48.57 52.99 50.20 51.15 47.88 44.27 45.65 42.52 47.31 47.36 37.54 37.38 34.72 35.82 37.20 39.60 46.23 39.81 39.26 43.14 47.68 48.13 46.74 48.14 50.84 50.23 52.67 63.75 75.71 67.59 69.60 62.64
-9999 -9999 -9999 -9999 -9999 -9999 -9999 -9999 -9999 -9999 -9999 -9999 -9999 -9999 82.16 88.85 106.67 100.93 92.48 114.69 141.10 144.84 124.56 105.58 98.72 97.63 94.26 96.90 93.47 74.75 81.64 76.44 81.08 79.78 72.96 66.14 64.28 67.13 59.79 52.65 50.79 48.15 50.04 55.36 52.26 47.73 46.70 44.60 46.53 44.23 42.28 42.18 42.62 41.87 36.25 39.72 37.49 37.82 36.25 36.52 45.18 38.89 33.10 45.56 49.34 46.47 47.13 47.38 48.96 50.83 53.24 56.88 63.20 62.19 63.05 60.94
-9999 -9999 -9999 -9999 -9999 -9999 -9999 -9999 -9999 -9999 -9999 -9999 -9999 82.07 82.35 76.96 85.93 88.34 112.87 138.48 157.41 132.05 133.88 107.45 108.94 103.21 83.13 104.71 87.16 92.34 76.71 68.40 65.26 78.97 68.64 74.86 67.51 64.36 57.23 55.40 51.24 49.03 51.66 46.22 53.05 52.69 45.28 43.34 42.05 37.28 40.20 39.60 41.15 39.70 38.09 41.75 36.91 39.03 39.70 41.92 40.87 40.67 39.47 56.75 49.84 47.49 47.34 50.18 46.93 53.48 52.80 53.44 53.70 55.83 54.81 58.32
-9999 -9999 -9999 -9999 -9999 -9999 -9999 -9999 -9999 -9999 -9999 59.88 58.61 74.94 77.57 68.01 89.67 107.07 125.86 130.69 188.00 167.05 133.09 115.80 88.98 100.59 75.02 111.80 86.37 78.94 85.32 69.88 70.88 78.52 70.47 74.04 65.81 55.64 48.12 50.48 51.34 47.33 51.87 50.51 50.93 50.43 41.15 35.60 34.78 36.44 37.73 35.70 37.17 39.16 37.32 31.63 37.26 39.20 41.73 47.51 42.06 39.29 40.56 45.60 50.54 50.22 53.74 54.93 53.17 52.81 59.44 63.16 59.37 63.07 52.92 56.56
-9999 -9999 -9999 -9999 -9999 -9999 -9999 60.70 45.20 51.78 74.10 79.27 84.47 92.72 83.75 89.13 106.09 129.64 129.03 148.59 169.48 154.45 120.84 102.44 76.02 93.96 88.70 127.42 113.76 84.61 76.79 75.16 68.98 78.34 65.48 71.55 66.45 53.82 47.02 41.22 44.71 43.51 48.60 37.82 40.99 39.70 36.25 32.30 34.45 38.91 39.92 33.28 36.33 34.68 35.15 35.11 40.99 42.20 42.45 48.54 44.38 43.17 47.59 55.03 49.56 51.44 61.43 65.66 64.84 60.87 63.12 60.89 58.44 59.48 56.75 64.05
-9999 -9999 -9999 -9999 -9999 -9999 75.57 78.94 72.63 66.80 61.30 75.21 85.40 94.15 86.72 71.63 109.51 126.99 133.99 118.70 156.65 145.03 118.42 123.78 90.29 81.00 113.11 98.47 87.18 59.95 62.65 62.52 66.67 59.42 59.51 48.80 53.14 53.25 48.60 50.96 45.32 43.78 36.85 35.61 41.19 41.86 36.95 34.43 34.67 40.00 42.05 44.83 37.37 29.89 38.50 49.00 44.48 41.34 39.31 40.91 43.43 51.57 53.57 48.96 54.48 48.65 57.89 65.89 69.50 69.89 70.79 67.31 60.80 58.94 56.26 54.92
-9999 -9999 -9999 -9999 -9999 61.82 68.92 80.60 77.00 67.56 70.85 80.42 96.47 95.58 99.42 133.77 117.50 108.52 137.78 110.78 127.46 149.27 149.75 125.25 118.20 98.36 91.73 72.81 55.53 73.88 72.98 51.73 51.34 51.38 57.26 45.20 43.16 51.17 51.44 47.24 43.36 38.42 32.84 33.18 41.94 41.76 36.20 40.26 40.37 40.19 43.18 46.71 37.07 33.85 43.24 50.87 51.55 49.78 43.76 40.80 49.32 54.15 59.20 54.76 39.44 60.98 60.79 63.65 68.70 71.85 72.90 62.47 59.38 56.91 55.58 47.81
-9999 83.53 100.12 94.33 112.55 90.05 88.83 102.50 106.26 88.47 95.40 93.48 103.00 102.22 131.02 163.59 128.20 111.82 131.69 133.65 120.53 141.57 128.41 113.15 100.13 104.10 91.44 71.24 81.43 80.57 63.71 57.17 57.20 63.30 51.12 48.65 57.17 45.45 51.00 51.89 38.14 29.86 33.15 44.30 41.26 36.57 40.00 36.63 41.06 42.94 41.55 61.39 46.02 42.01 50.00 49.55 46.57 49.85 47.20 40.85 57.64 56.73 57.15 54.52 62.16 56.94 60.39 64.06 60.79 69.86 76.09 66.70 68.08 65.46 58.95 60.31
79.86 93.57 109.81 129.47 131.79 161.97 140.17 152.08 127.88 136.25 133.75 118.00 115.78 127.90 155.91 144.58 143.44 111.97 112.56 112.72 111.78 125.59 110.28 109.24 101.87 89.18 95.42 98.56 127.66 94.19 74.17 61.54 59.69 52.34 59.84 49.35 45.82 42.76 43.37 45.33 37.87 27.16 31.08 42.05 44.00 53.48 49.98 50.46 45.03 49.23 60.20 66.46 42.65 46.74 50.93 52.43 51.82 49.43 48.12 46.90 69.24 58.92 61.94 57.17 59.71 60.98 73.40 70.23 62.52 72.74 72.79 66.59 75.59 68.06 61.02 69.09
