Rainfall_2007-2011/Rainfall_2011-06_ACTUAL.txt
ncols         180
nrows         290
xllcorner     -200000
yllcorner     -200000
cellsize      5000
NODATA_value  -9999
[rows 136 to 169 of 290, columns 76 to 151 of 180]
-9999 -9999 -9999 99.34 106.01 109.57 132.26 122.66 124.82 114.95 105.26 111.40 127.26 135.68 179.54 159.86 135.68 114.32 111.78 108.84 105.29 108.22 114.04 103.46 105.90 100.79 113.84 104.54 99.14 97.25 91.81 101.22 97.43 114.65 119.27 100.62 101.62 107.25 90.10 70.48 76.91 71.97 90.73 82.78 76.31 58.87 72.26 60.85 57.49 49.83 46.13 48.50 -9999 -9999 -9999 -9999 -9999 -9999 -9999 -9999 -9999 -9999 -9999 -9999 -9999 -9999 -9999 -9999 -9999 -9999 -9999 -9999 -9999 -9999 -9999 -9999
-9999 -9999 -9999 93.51 100.34 100.42 120.13 112.05 115.26 105.00 97.90 103.59 112.41 131.22 159.85 156.79 140.34 113.84 100.51 96.63 100.75 112.75 142.22 111.05 -9999 -9999 -9999 94.95 102.39 -9999 85.35 85.25 90.95 98.94 111.28 104.83 119.74 110.19 91.99 83.68 73.84 71.10 70.90 53.36 53.72 63.33 63.87 62.28 48.80 47.30 47.12 44.95 -9999 -9999 -9999 -9999 -9999 -9999 -9999 -9999 -9999 -9999 -9999 -9999 -9999 -9999 -9999 -9999 -9999 -9999 -9999 -9999 -9999 -9999 -9999 -9999
-9999 -9999 -9999 80.09 94.87 97.54 99.43 108.24 109.69 105.91 100.28 99.07 110.17 117.15 161.68 140.60 136.65 117.85 104.45 115.83 96.20 118.14 119.15 107.26 -9999 -9999 -9999 102.56 100.20 95.70 79.98 79.08 80.03 83.70 97.98 110.65 133.40 94.95 97.43 76.86 68.93 75.13 66.77 59.46 58.03 67.43 62.31 60.62 67.67 56.53 55.02 43.20 -9999 -9999 -9999 -9999 -9999 -9999 -9999 -9999 -9999 -9999 -9999 -9999 -9999 -9999 -9999 -9999 -9999 -9999 -9999 -9999 -9999 -9999 -9999 -9999
-9999 -9999 -9999 -9999 82.32 99.59 92.95 -9999 106.69 104.76 99.98 100.23 103.91 -9999 118.40 108.46 121.70 120.61 120.35 127.17 109.95 114.30 -9999 -9999 -9999 -9999 89.08 80.90 81.92 67.40 69.78 69.38 70.46 72.05 94.55 105.54 130.80 97.99 91.44 81.42 73.06 71.76 59.16 64.98 59.80 58.83 65.34 61.82 63.42 51.99 52.86 52.60 47.65 -9999 -9999 -9999 -9999 -9999 -9999 -9999 -9999 -9999 -9999 -9999 -9999 -9999 -9999 -9999 -9999 -9999 -9999 -9999 -9999 -9999 -9999 -9999
-9999 -9999 -9999 -9999 -9999 91.73 -9999 -9999 -9999 86.27 81.19 87.81 98.62 105.47 -9999 -9999 106.12 125.57 125.57 126.75 -9999 -9999 -9999 -9999 -9999 77.38 88.36 91.22 75.55 62.94 67.95 67.09 70.72 75.52 82.02 94.28 105.38 102.91 72.61 86.08 85.50 95.21 71.89 65.16 68.45 65.27 59.02 66.59 63.21 48.53 53.79 56.92 54.37 -9999 -9999 -9999 -9999 -9999 -9999 -9999 -9999 -9999 -9999 -9999 -9999 -9999 -9999 -9999 -9999 -9999 -9999 -9999 -9999 -9999 -9999 -9999
-9999 -9999 -9999 -9999 -9999 85.18 80.93 -9999 -9999 -9999 71.53 81.38 101.84 99.69 -9999 -9999 -9999 -9999 111.71 -9999 -9999 -9999 -9999 -9999 -9999 64.30 76.09 68.75 64.01 72.48 73.45 57.26 63.53 64.40 72.73 81.22 98.59 109.68 79.06 92.78 86.11 85.94 63.47 68.53 76.99 62.42 55.45 61.33 58.28 43.95 49.85 56.53 48.44 -9999 -9999 -9999 -9999 -9999 -9999 -9999 -9999 -9999 -9999 -9999 -9999 -9999 -9999 -9999 -9999 -9999 -9999 -9999 -9999 -9999 -9999 -9999
-9999 -9999 -9999 -9999 -9999 -9999 89.98 -9999 -9999 -9999 -9999 79.32 91.31 90.14 -9999 -9999 -9999 -9999 -9999 -9999 -9999 -9999 -9999 -9999 66.71 66.42 76.44 68.76 74.62 80.99 73.99 64.29 51.94 53.29 58.77 67.25 85.30 117.68 100.04 87.31 83.90 63.20 53.62 66.79 60.63 52.67 62.71 65.32 53.81 49.80 52.23 59.48 55.47 49.88 -9999 -9999 -9999 -9999 -9999 -9999 -9999 -9999 -9999 -9999 -9999 -9999 -9999 -9999 -9999 -9999 -9999 -9999 -9999 -9999 -9999 -9999
-9999 -9999 -9999 -9999 -9999 -9999 97.71 -9999 -9999 -9999 -9999 -9999 -9999 -9999 -9999 -9999 -9999 -9999 -9999 -9999 -9999 -9999 -9999 -9999 60.80 62.97 68.65 67.52 62.61 92.72 94.87 73.91 63.56 52.70 65.12 43.73 58.86 92.30 105.45 102.00 81.94 98.72 101.82 78.10 70.21 68.25 53.72 57.81 56.83 62.58 59.74 58.35 56.70 53.39 51.12 -9999 -9999 -9999 -9999 -9999 -9999 -9999 -9999 -9999 -9999 -9999 -9999 -9999 -9999 -9999 -9999 -9999 -9999 -9999 -9999 -9999
-9999 -9999 -9999 -9999 -9999 -9999 -9999 -9999 -9999 -9999 -9999 -9999 -9999 -9999 -9999 -9999 -9999 -9999 -9999 -9999 -9999 -9999 -9999 52.91 56.24 62.70 70.46 86.19 76.63 126.71 113.86 83.09 67.03 55.64 49.23 45.18 49.16 73.88 130.15 115.07 83.42 84.08 80.18 83.97 75.31 62.34 58.45 56.06 56.26 54.41 56.92 56.84 56.03 52.00 49.50 -9999 -9999 -9999 -9999 -9999 -9999 -9999 -9999 -9999 -9999 -9999 -9999 -9999 -9999 -9999 -9999 -9999 -9999 -9999 -9999 -9999
-9999 -9999 -9999 -9999 -9999 -9999 -9999 -9999 -9999 -9999 -9999 -9999 -9999 -9999 -9999 -9999 -9999 -9999 -9999 -9999 -9999 -9999 -9999 51.04 52.09 74.28 83.07 104.10 90.41 78.01 92.99 81.45 72.79 56.98 43.86 53.19 56.69 81.08 94.03 141.76 131.17 108.83 89.43 77.79 70.73 57.78 69.32 53.44 57.62 53.87 58.20 55.45 55.73 52.20 52.17 53.63 54.58 49.31 -9999 -9999 -9999 -9999 -9999 -9999 -9999 -9999 -9999 -9999 -9999 -9999 -9999 -9999 -9999 -9999 -9999 -9999
-9999 -9999 -9999 -9999 -9999 -9999 -9999 -9999 -9999 -9999 -9999 -9999 -9999 -9999 -9999 -9999 -9999 -9999 -9999 -9999 -9999 -9999 -9999 44.49 54.94 76.13 72.68 84.38 101.94 99.64 97.79 95.05 77.87 73.64 56.07 60.63 67.56 66.08 62.26 108.31 118.20 106.09 93.74 74.74 60.47 62.03 61.75 55.81 56.56 62.25 59.78 59.21 57.55 57.57 59.27 72.16 65.83 58.74 51.26 39.88 -9999 -9999 -9999 -9999 -9999 -9999 -9999 -9999 -9999 -9999 -9999 -9999 -9999 -9999 -9999 -9999
-9999 -9999 -9999 -9999 -9999 -9999 -9999 -9999 -9999 -9999 -9999 -9999 -9999 -9999 -9999 -9999 -9999 -9999 -9999 -9999 -9999 -9999 -9999 43.26 68.95 94.02 124.64 161.86 150.41 107.49 99.32 114.56 115.48 85.84 88.78 69.73 70.74 67.71 87.56 90.85 94.24 113.96 100.49 83.03 70.54 71.41 62.01 67.45 65.76 64.67 62.57 60.40 57.97 62.95 62.36 69.83 81.03 66.57 57.79 53.19 57.94 50.32 -9999 -9999 -9999 -9999 -9999 -9999 -9999 -9999 -9999 -9999 -9999 -9999 -9999 -9999
-9999 -9999 -9999 -9999 -9999 -9999 -9999 -9999 -9999 -9999 -9999 -9999 -9999 -9999 -9999 -9999 -9999 -9999 -9999 -9999 -9999 -9999 -9999 50.80 76.05 110.68 106.41 120.76 163.54 173.79 121.56 119.56 100.72 106.51 98.40 73.81 63.07 68.10 106.22 100.67 138.23 107.00 95.36 93.37 91.29 80.23 59.49 65.31 59.78 60.71 57.99 58.57 63.61 63.46 62.19 68.82 76.20 53.58 56.01 56.03 58.95 51.25 51.73 -9999 -9999 -9999 -9999 -9999 -9999 -9999 -9999 -9999 -9999 -9999 -9999 -9999
-9999 -9999 -9999 -9999 -9999 -9999 -9999 -9999 -9999 -9999 -9999 76.66 75.52 74.85 -9999 -9999 -9999 -9999 -9999 -9999 -9999 -9999 -9999 -9999 57.36 63.56 78.35 98.19 113.98 193.31 107.57 85.53 87.19 87.52 67.40 68.82 83.44 85.93 96.14 100.42 113.36 97.63 109.69 99.73 80.49 72.67 72.77 65.42 57.14 54.34 51.09 55.79 58.16 73.37 89.22 78.74 88.27 76.25 71.01 70.33 55.68 62.73 51.10 42.02 -9999 -9999 -9999 -9999 -9999 -9999 -9999 -9999 -9999 -9999 -9999 -9999
-9999 -9999 -9999 -9999 -9999 -9999 -9999 -9999 -9999 -9999 -9999 68.50 88.99 -9999 -9999 -9999 -9999 -9999 -9999 -9999 -9999 -9999 -9999 -9999 -9999 61.36 79.80 109.03 109.63 145.00 96.72 89.22 69.71 59.77 58.78 81.51 68.09 111.14 106.75 101.78 122.33 103.44 84.70 80.51 86.39 61.55 73.41 62.42 53.10 51.25 54.45 53.29 60.12 64.27 79.48 76.10 72.45 62.02 65.93 74.23 67.33 64.76 60.48 61.10 -9999 -9999 -9999 -9999 -9999 -9999 -9999 -9999 -9999 -9999 -9999 -9999
-9999 -9999 -9999 -9999 -9999 -9999 -9999 -9999 -9999 -9999 73.15 91.64 113.09 107.49 -9999 -9999 -9999 -9999 -9999 -9999 -9999 -9999 -9999 -9999 -9999 53.53 79.26 101.26 98.52 141.91 97.27 82.10 68.41 56.78 54.33 64.42 66.66 67.93 124.80 106.80 108.24 113.55 83.95 90.93 77.01 78.34 63.51 53.92 46.20 51.82 56.64 55.10 67.48 73.13 69.27 69.91 72.23 68.30 71.71 71.83 67.82 70.32 59.72 66.82 58.97 -9999 -9999 -9999 -9999 -9999 -9999 -9999 -9999 -9999 -9999 -9999
-9999 -9999 -9999 -9999 -9999 -9999 -9999 -9999 -9999 89.30 118.02 114.17 123.05 87.37 -9999 -9999 -9999 -9999 -9999 -9999 -9999 -9999 -9999 -9999 -9999 64.01 84.20 102.21 78.88 86.36 75.20 80.39 67.22 55.28 56.04 69.50 68.63 108.81 105.56 120.29 115.92 112.89 67.25 75.88 62.76 71.53 61.62 52.44 51.89 52.04 54.60 56.14 58.91 68.35 74.36 70.20 61.69 61.80 63.10 65.10 67.52 72.21 59.66 55.49 59.24 -9999 -9999 -9999 -9999 -9999 -9999 -9999 -9999 -9999 -9999 -9999
-9999 -9999 -9999 -9999 -9999 -9999 -9999 -9999 77.58 91.39 141.79 119.57 92.98 -9999 -9999 -9999 -9999 -9999 -9999 -9999 -9999 -9999 -9999 -9999 -9999 -9999 78.23 84.09 72.76 99.50 71.43 71.40 59.21 49.74 54.96 71.12 87.56 103.60 123.21 134.58 114.72 99.64 98.87 96.04 83.87 70.26 60.13 62.86 52.16 50.46 50.27 46.74 49.36 57.25 79.36 74.44 58.21 50.11 66.29 51.22 55.09 56.09 58.37 49.95 51.79 55.43 49.69 -9999 -9999 -9999 -9999 -9999 -9999 -9999 -9999 -9999
-9999 -9999 -9999 -9999 -9999 -9999 -9999 -9999 101.55 124.14 98.68 90.95 89.18 -9999 -9999 -9999 -9999 -9999 -9999 -9999 -9999 -9999 -9999 -9999 -9999 -9999 -9999 64.23 74.61 72.11 66.34 58.62 55.83 53.33 59.65 77.53 78.63 101.58 125.80 137.26 117.25 98.16 96.47 108.03 105.03 76.47 74.42 66.61 67.08 55.32 50.36 42.28 44.73 60.77 71.76 73.18 56.17 52.34 56.05 57.93 53.76 52.86 55.13 45.76 64.46 65.30 56.18 -9999 -9999 -9999 -9999 -9999 -9999 -9999 -9999 -9999
-9999 -9999 -9999 -9999 -9999 -9999 -9999 -9999 99.47 98.28 82.51 84.78 -9999 -9999 -9999 -9999 -9999 -9999 -9999 -9999 -9999 -9999 -9999 -9999 -9999 -9999 -9999 46.33 53.67 65.07 -9999 56.07 -9999 47.20 65.08 64.57 59.66 71.99 84.32 94.02 106.79 135.24 90.00 87.29 103.77 90.20 71.24 77.19 73.76 62.60 57.26 51.26 50.40 56.15 66.16 65.93 61.47 53.43 58.51 53.62 51.56 54.98 59.60 55.82 61.38 70.17 65.11 61.73 54.78 -9999 -9999 -9999 -9999 -9999 -9999 -9999
-9999 -9999 -9999 -9999 -9999 -9999 -9999 78.38 84.83 81.80 -9999 -9999 -9999 -9999 -9999 -9999 -9999 -9999 -9999 -9999 -9999 -9999 -9999 -9999 -9999 -9999 -9999 45.72 47.22 52.85 -9999 -9999 -9999 45.47 65.16 57.75 52.05 68.74 75.14 81.98 76.12 104.82 104.05 82.13 92.14 87.10 74.02 85.41 75.31 64.93 54.99 53.35 50.91 46.97 54.58 55.54 53.17 53.31 58.07 49.64 60.76 54.79 70.95 73.01 68.01 67.32 59.45 56.16 48.34 -9999 -9999 -9999 -9999 -9999 -9999 -9999
-9999 -9999 -9999 -9999 -9999 -9999 -9999 -9999 -9999 -9999 -9999 -9999 -9999 -9999 -9999 -9999 -9999 -9999 -9999 -9999 -9999 -9999 -9999 -9999 -9999 -9999 -9999 -9999 -9999 -9999 -9999 -9999 42.19 45.94 59.41 78.33 79.59 101.96 100.02 83.85 86.56 100.98 93.18 86.30 82.68 74.07 76.32 74.11 65.17 57.51 51.32 52.16 51.99 50.05 48.70 50.91 43.93 46.34 55.87 62.93 76.91 66.63 79.36 70.45 72.20 60.52 54.08 55.16 -9999 -9999 -9999 -9999 -9999 -9999 -9999 -9999
-9999 -9999 -9999 -9999 -9999 -9999 -9999 -9999 -9999 -9999 -9999 -9999 -9999 -9999 -9999 -9999 -9999 -9999 -9999 -9999 -9999 -9999 -9999 -9999 -9999 -9999 -9999 -9999 -9999 -9999 -9999 -9999 44.62 48.74 57.11 93.17 117.53 119.31 98.86 98.15 83.93 78.97 72.77 80.81 92.61 81.08 71.52 72.72 67.28 53.52 49.79 51.54 50.18 50.02 51.28 54.75 50.99 50.58 57.13 61.76 77.19 71.17 63.04 62.73 57.96 59.75 57.54 61.70 -9999 -9999 -9999 -9999 -9999 -9999 -9999 -9999
-9999 -9999 -9999 -9999 -9999 -9999 -9999 -9999 -9999 -9999 -9999 -9999 -9999 -9999 -9999 -9999 -9999 -9999 -9999 -9999 -9999 -9999 -9999 -9999 -9999 -9999 -9999 -9999 -9999 -9999 -9999 -9999 48.87 51.26 61.58 80.89 112.73 105.30 107.50 113.78 91.87 75.98 65.59 58.42 70.97 60.06 78.86 61.86 63.92 47.00 45.64 46.74 47.00 47.34 52.13 53.37 55.25 53.60 55.92 58.75 65.15 62.85 57.84 56.37 61.09 55.37 55.58 57.84 -9999 -9999 -9999 -9999 -9999 -9999 -9999 -9999
-9999 -9999 -9999 -9999 -9999 -9999 -9999 -9999 -9999 -9999 -9999 -9999 -9999 -9999 -9999 -9999 -9999 -9999 -9999 -9999 -9999 -9999 -9999 -9999 -9999 -9999 -9999 -9999 -9999 -9999 44.39 51.88 48.83 51.64 67.24 96.21 115.19 100.54 110.53 93.49 82.47 75.01 63.77 68.96 72.85 73.68 67.14 53.83 44.96 48.93 45.38 49.31 47.37 47.42 48.48 51.22 53.10 51.47 52.24 56.48 58.71 61.09 55.20 49.90 51.13 52.38 55.50 55.34 53.08 -9999 -9999 -9999 -9999 -9999 -9999 -9999
-9999 -9999 -9999 -9999 -9999 -9999 -9999 -9999 -9999 -9999 -9999 -9999 -9999 -9999 -9999 -9999 -9999 -9999 -9999 -9999 -9999 -9999 -9999 -9999 -9999 -9999 -9999 -9999 -9999 -9999 60.61 54.74 51.74 48.34 60.08 90.73 85.46 88.26 82.39 87.65 93.42 69.58 87.31 80.53 74.21 55.97 53.33 53.37 54.85 56.97 55.27 48.81 49.91 48.14 40.26 42.29 46.55 49.25 50.95 55.52 57.42 58.86 57.19 51.61 46.86 59.72 59.07 54.29 49.54 -9999 -9999 -9999 -9999 -9999 -9999 -9999
-9999 -9999 -9999 -9999 -9999 -9999 -9999 -9999 -9999 -9999 -9999 -9999 -9999 -9999 -9999 -9999 -9999 -9999 -9999 -9999 -9999 -9999 -9999 -9999 -9999 -9999 -9999 -9999 -9999 -9999 52.74 52.01 51.89 47.27 58.40 73.01 78.08 85.73 85.57 98.81 86.48 70.34 74.24 85.67 63.68 56.77 49.60 56.36 55.08 54.92 53.29 51.83 48.68 44.20 36.27 38.70 39.90 46.34 49.90 53.34 57.45 54.25 54.29 55.68 58.79 53.24 58.70 56.07 52.80 52.71 -9999 -9999 -9999 -9999 -9999 -9999
-9999 -9999 -9999 -9999 -9999 -9999 -9999 -9999 -9999 -9999 -9999 -9999 -9999 -9999 -9999 -9999 -9999 -9999 -9999 -9999 -9999 -9999 -9999 -9999 -9999 -9999 -9999 -9999 -9999 -9999 50.32 52.19 48.00 50.20 70.36 67.99 71.00 81.90 88.97 71.53 80.03 66.51 89.70 95.65 84.85 75.68 59.26 57.25 62.54 49.88 52.28 52.40 49.46 42.71 37.92 39.70 38.96 45.23 47.60 47.01 45.78 46.38 50.87 53.24 58.91 50.63 54.74 48.90 49.10 52.32 55.78 -9999 -9999 -9999 -9999 -9999
-9999 -9999 -9999 -9999 -9999 -9999 -9999 -9999 -9999 -9999 -9999 -9999 -9999 -9999 -9999 -9999 -9999 -9999 -9999 -9999 -9999 -9999 -9999 -9999 -9999 -9999 -9999 -9999 -9999 -9999 48.80 50.12 44.21 43.56 62.48 71.52 71.64 68.29 76.98 73.42 85.50 96.02 97.90 89.50 85.13 67.91 63.87 55.66 55.73 50.16 50.15 44.38 42.02 41.54 39.96 39.80 41.37 46.97 45.99 47.09 44.99 45.63 53.31 59.77 54.04 50.23 49.99 45.50 46.08 54.55 61.74 -9999 -9999 -9999 -9999 -9999
-9999 -9999 -9999 -9999 -9999 -9999 -9999 -9999 -9999 -9999 -9999 -9999 -9999 -9999 -9999 -9999 -9999 -9999 -9999 -9999 -9999 -9999 -9999 -9999 -9999 -9999 -9999 -9999 -9999 -9999 -9999 45.41 43.42 44.70 44.11 70.44 82.09 83.96 86.84 75.98 90.06 98.07 98.63 101.29 86.43 64.83 55.35 52.39 46.10 48.07 40.78 42.19 42.47 38.07 36.80 38.38 42.59 44.80 44.79 45.21 43.53 41.85 47.18 48.39 49.06 44.24 45.56 -9999 46.68 60.72 60.57 58.78 -9999 -9999 -9999 -9999
-9999 -9999 -9999 -9999 -9999 -9999 -9999 -9999 -9999 -9999 -9999 -9999 -9999 -9999 -9999 -9999 -9999 -9999 -9999 -9999 -9999 -9999 -9999 -9999 -9999 -9999 -9999 -9999 -9999 -9999 47.58 44.66 38.09 49.81 61.97 68.76 88.94 84.18 80.46 94.89 102.68 101.97 99.24 117.84 97.02 77.20 58.13 47.87 50.81 41.92 35.71 36.81 36.17 38.04 40.52 41.61 46.66 46.19 44.94 44.13 41.93 38.53 43.04 45.51 50.40 50.95 47.09 47.35 -9999 57.46 60.00 59.51 50.69 -9999 -9999 -9999
-9999 -9999 -9999 -9999 -9999 -9999 -9999 -9999 -9999 -9999 -9999 -9999 -9999 -9999 -9999 -9999 -9999 -9999 -9999 -9999 -9999 -9999 -9999 -9999 -9999 -9999 -9999 -9999 -9999 -9999 50.44 44.01 44.68 55.14 63.02 67.80 73.98 112.50 81.23 78.89 84.15 75.46 69.50 82.45 88.86 68.39 53.43 51.77 46.83 44.30 43.05 33.23 33.62 37.71 38.37 47.73 51.92 48.30 44.41 44.42 43.35 41.42 43.42 47.13 57.06 52.13 47.68 49.60 52.08 -9999 -9999 -9999 -9999 -9999 -9999 -9999
-9999 -9999 -9999 -9999 -9999 -9999 -9999 -9999 -9999 -9999 -9999 -9999 -9999 -9999 -9999 -9999 -9999 -9999 -9999 -9999 -9999 -9999 -9999 -9999 -9999 -9999 -9999 -9999 -9999 35.40 36.90 43.29 53.07 55.11 61.96 63.18 76.65 85.50 78.39 73.43 74.79 71.26 73.33 91.24 97.24 98.68 61.28 57.21 50.21 46.04 36.13 30.78 36.32 38.24 39.79 47.23 57.06 53.97 44.14 43.44 43.78 45.81 45.80 50.65 51.41 48.76 45.63 58.04 66.17 56.74 63.39 -9999 -9999 -9999 -9999 -9999
-9999 -9999 -9999 -9999 -9999 -9999 -9999 -9999 -9999 -9999 -9999 -9999 -9999 -9999 -9999 -9999 -9999 -9999 -9999 -9999 -9999 -9999 -9999 -9999 -9999 -9999 -9999 -9999 -9999 -9999 36.94 45.65 50.92 54.66 55.49 60.53 70.69 73.07 73.71 73.51 78.75 72.99 71.16 72.95 88.02 88.34 85.13 67.70 70.74 53.72 43.29 42.96 39.53 41.45 47.36 55.54 67.97 60.21 40.91 37.08 36.90 41.67 49.97 50.25 50.88 39.05 37.91 62.31 65.66 60.85 63.03 65.90 64.48 -9999 -9999 -9999
