Rainfall_2007-2011/Rainfall_2007-01_ACTUAL.txt
ncols         180
nrows         290
xllcorner     -200000
yllcorner     -200000
cellsize      5000
NODATA_value  -9999
[rows 165 to 197 of 290, columns 76 to 151 of 180]
-9999 -9999 -9999 -9999 -9999 -9999 -9999 -9999 -9999 -9999 -9999 -9999 -9999 -9999 -9999 -9999 -9999 -9999 -9999 -9999 -9999 -9999 -9999 -9999 -9999 -9999 -9999 -9999 -9999 -9999 -9999 93.10 96.26 94.87 100.07 119.49 139.87 158.05 160.40 199.65 191.72 228.78 235.53 220.24 196.86 162.54 127.20 104.16 74.89 88.75 72.07 64.09 62.78 54.51 44.53 48.30 48.21 49.23 51.44 51.59 47.38 42.85 56.01 56.30 55.74 51.62 51.32 -9999 49.00 46.95 48.37 48.41 -9999 -9999 -9999 -9999
-9999 -9999 -9999 -9999 -9999 -9999 -9999 -9999 -9999 -9999 -9999 -9999 -9999 -9999 -9999 -9999 -9999 -9999 -9999 -9999 -9999 -9999 -9999 -9999 -9999 -9999 -9999 -9999 -9999 -9999 101.09 95.06 111.30 103.73 113.46 117.75 146.51 157.62 169.82 214.21 210.17 200.30 211.04 180.71 212.80 195.50 152.57 110.07 106.13 83.28 68.54 63.26 57.13 50.60 51.93 47.03 44.50 47.09 48.38 47.94 45.42 51.28 60.64 57.06 60.47 55.74 51.66 47.61 -9999 43.37 46.73 45.95 46.10 -9999 -9999 -9999
-9999 -9999 -9999 -9999 -9999 -9999 -9999 -9999 -9999 -9999 -9999 -9999 -9999 -9999 -9999 -9999 -9999 -9999 -9999 -9999 -9999 -9999 -9999 -9999 -9999 -9999 -9999 -9999 -9999 -9999 97.87 97.59 105.22 107.58 121.04 134.52 138.87 161.15 155.27 165.51 177.40 165.77 166.59 185.67 212.76 223.18 174.38 143.78 117.12 89.09 88.97 65.40 61.80 51.77 49.15 44.11 39.39 44.62 46.67 45.80 38.61 46.71 64.10 57.56 51.62 51.88 46.39 44.40 46.58 -9999 -9999 -9999 -9999 -9999 -9999 -9999
-9999 -9999 -9999 -9999 -9999 -9999 -9999 -9999 -9999 -9999 -9999 -9999 -9999 -9999 -9999 -9999 -9999 -9999 -9999 -9999 -9999 -9999 -9999 -9999 -9999 -9999 -9999 -9999 -9999 92.77 101.04 99.39 110.48 116.18 121.78 128.10 140.81 148.07 141.64 142.76 148.11 152.26 163.72 188.84 203.25 269.88 214.37 177.03 146.29 111.40 78.48 62.76 63.85 54.20 51.51 47.62 42.64 45.58 46.90 48.12 44.80 48.16 53.93 57.83 59.84 49.73 45.88 46.79 48.95 45.23 48.71 -9999 -9999 -9999 -9999 -9999
-9999 -9999 -9999 -9999 -9999 -9999 -9999 -9999 -9999 -9999 -9999 -9999 -9999 -9999 -9999 -9999 -9999 -9999 -9999 -9999 -9999 -9999 -9999 -9999 -9999 -9999 -9999 -9999 -9999 -9999 83.88 99.30 107.19 108.68 119.36 116.52 127.36 127.81 126.47 130.17 122.18 134.05 141.98 156.93 194.01 234.90 253.98 192.26 178.46 142.34 96.09 79.85 59.86 59.46 66.23 58.40 52.63 52.33 51.43 53.63 52.82 53.69 54.57 54.86 56.53 47.85 49.72 50.97 51.69 48.15 47.17 46.67 45.83 -9999 -9999 -9999
-9999 -9999 -9999 -9999 -9999 -9999 -9999 -9999 -9999 -9999 -9999 -9999 -9999 -9999 -9999 -9999 -9999 -9999 -9999 -9999 -9999 -9999 -9999 -9999 -9999 -9999 -9999 -9999 -9999 -9999 90.43 104.45 102.09 105.85 115.38 113.66 112.55 107.09 111.60 112.60 108.56 113.40 134.54 165.57 164.88 209.12 248.91 260.81 233.92 159.97 121.53 90.50 79.32 72.32 78.08 67.11 64.17 53.76 57.15 50.53 48.58 47.29 53.56 52.89 52.46 46.93 40.76 55.42 63.79 54.32 49.38 47.45 45.71 -9999 -9999 -9999
-9999 -9999 -9999 -9999 -9999 -9999 -9999 -9999 -9999 -9999 135.53 127.18 106.80 118.82 -9999 -9999 -9999 -9999 -9999 -9999 -9999 -9999 -9999 -9999 -9999 -9999 -9999 -9999 -9999 72.42 83.69 110.97 107.88 108.13 113.60 128.73 109.68 98.15 100.05 107.53 107.89 113.65 130.47 163.63 193.47 180.33 236.89 224.18 231.05 198.04 113.56 112.41 75.65 91.16 79.51 70.09 69.80 58.31 49.16 56.46 52.49 53.26 56.95 54.21 51.35 49.63 46.23 64.18 68.66 63.23 52.53 49.54 47.33 47.65 -9999 -9999
-9999 -9999 -9999 -9999 -9999 -9999 -9999 -9999 -9999 -9999 135.50 133.15 112.37 110.49 -9999 -9999 -9999 -9999 -9999 -9999 -9999 -9999 -9999 -9999 -9999 -9999 -9999 -9999 77.26 76.56 81.71 98.01 107.33 97.90 106.61 154.59 120.06 91.35 91.14 98.08 108.99 114.63 136.38 147.05 154.97 199.96 280.50 215.54 194.51 176.95 159.55 122.41 97.88 98.70 85.29 80.53 75.17 60.25 54.82 57.87 62.27 59.24 57.93 57.59 54.15 58.11 53.58 66.50 58.47 57.81 53.61 54.96 51.35 49.23 -9999 -9999
-9999 -9999 -9999 -9999 -9999 -9999 -9999 -9999 67.28 100.98 133.26 138.17 119.64 126.44 123.26 103.16 130.55 -9999 -9999 100.45 91.25 -9999 -9999 -9999 85.89 86.06 81.11 -9999 73.02 73.02 85.79 86.93 89.27 91.56 88.66 96.98 100.15 93.42 101.72 95.27 112.14 118.14 122.58 192.29 160.16 187.87 226.75 176.49 160.11 151.19 130.48 137.24 109.16 97.42 95.60 88.23 81.91 72.81 62.11 60.60 57.92 60.60 55.29 57.33 54.73 53.29 55.97 63.05 64.42 57.52 59.69 54.12 50.92 44.09 53.01 -9999
-9999 -9999 -9999 -9999 -9999 -9999 -9999 -9999 -9999 92.91 96.97 128.12 133.71 140.95 131.65 143.73 138.39 -9999 129.06 128.35 122.80 101.61 96.23 91.38 91.58 111.30 87.29 83.65 -9999 77.07 83.45 83.23 87.71 84.12 81.85 78.42 78.05 83.97 86.15 102.04 112.68 127.60 124.34 172.18 236.43 190.05 196.08 156.31 184.38 144.93 119.02 107.36 97.75 123.43 117.84 87.74 87.15 76.12 65.92 65.04 65.11 64.42 55.96 58.42 54.36 51.57 55.09 59.71 63.23 54.76 66.28 60.10 55.82 51.58 53.08 -9999
-9999 -9999 -9999 -9999 -9999 -9999 -9999 -9999 -9999 -9999 95.43 125.57 141.80 139.30 122.47 131.49 163.54 177.85 257.94 152.15 145.10 144.66 140.91 119.88 109.34 93.35 87.87 93.76 93.20 78.83 75.06 78.02 79.07 74.88 75.19 80.18 75.47 79.73 79.55 89.32 102.11 121.88 118.70 167.44 200.77 199.35 185.29 154.66 147.99 124.56 118.46 110.75 101.03 118.60 106.22 85.31 85.93 73.65 69.79 60.27 57.75 60.97 58.03 58.06 55.35 54.36 53.01 55.84 54.82 59.28 64.44 55.53 57.12 52.45 54.52 56.40
-9999 -9999 -9999 -9999 -9999 -9999 -9999 -9999 -9999 -9999 -9999 123.69 116.98 119.12 133.94 177.39 215.87 308.45 314.89 256.35 196.52 166.14 176.47 154.29 116.58 109.40 108.97 88.42 101.18 87.45 66.32 64.80 65.40 65.89 72.47 79.45 74.57 81.96 76.97 86.85 95.54 101.17 124.98 150.71 154.41 189.75 153.50 151.32 129.53 121.22 117.81 99.27 101.33 115.41 130.40 94.08 93.95 72.17 67.10 62.40 57.73 67.20 76.14 65.82 60.02 54.50 50.79 49.27 49.82 53.28 61.21 50.42 52.48 54.14 55.28 55.07
-9999 -9999 -9999 -9999 -9999 -9999 -9999 -9999 -9999 -9999 -9999 -9999 121.92 120.52 186.96 225.87 305.02 424.06 455.85 358.91 328.04 236.08 218.48 195.77 168.81 141.33 124.98 133.47 102.99 86.25 78.43 64.54 67.42 65.89 67.97 71.64 68.82 68.21 73.34 79.11 81.63 94.87 115.50 136.16 135.83 143.79 134.30 144.05 132.97 96.78 123.29 106.64 108.35 111.73 101.70 100.62 86.96 69.66 70.77 62.12 60.27 77.49 80.22 68.10 58.25 53.59 47.02 41.47 46.07 45.76 50.56 47.84 54.52 53.90 54.78 53.72
-9999 -9999 -9999 -9999 -9999 -9999 -9999 -9999 -9999 -9999 -9999 -9999 132.86 137.94 202.74 275.48 458.99 583.24 514.17 362.89 295.51 299.24 263.31 248.52 203.64 197.32 134.91 128.04 125.32 105.23 87.04 68.55 63.19 63.67 69.26 70.02 70.02 65.45 70.00 71.12 66.49 77.52 110.76 101.78 111.04 149.23 151.81 146.10 130.63 121.36 123.91 119.33 112.65 104.28 89.88 87.47 84.62 72.30 71.06 65.44 62.47 64.43 60.54 58.22 53.47 50.48 45.41 36.60 31.72 37.64 41.12 42.88 47.56 54.43 56.36 -9999
-9999 -9999 -9999 -9999 -9999 -9999 -9999 -9999 -9999 -9999 -9999 -9999 164.92 211.17 264.04 316.36 554.76 512.03 433.99 373.14 308.88 319.29 285.34 234.86 226.57 187.17 152.66 167.09 129.20 123.89 88.58 76.83 67.19 68.53 78.34 76.14 72.57 75.89 69.74 68.17 76.97 84.04 96.89 101.32 107.34 127.19 126.81 145.05 112.04 119.71 134.66 96.13 95.99 96.33 89.95 88.12 76.56 79.69 66.21 65.73 62.26 60.85 53.27 61.81 50.85 50.70 43.83 37.77 35.53 38.12 36.45 41.04 44.92 49.33 -9999 -9999
-9999 -9999 -9999 -9999 -9999 -9999 -9999 -9999 -9999 -9999 -9999 127.61 249.09 220.70 305.01 345.95 325.89 384.36 392.74 427.31 433.95 404.60 303.31 233.88 187.88 176.38 179.67 186.19 146.92 145.75 95.27 74.79 67.07 78.01 76.14 73.78 73.59 69.58 65.79 64.48 62.49 74.41 93.22 104.65 89.58 130.25 129.46 111.29 114.58 103.13 102.13 90.46 81.26 90.09 87.79 83.27 76.19 70.45 61.45 56.95 58.82 56.81 46.70 52.59 49.51 48.06 46.77 41.46 39.02 40.69 47.59 46.51 42.43 -9999 -9999 -9999
-9999 -9999 -9999 -9999 -9999 -9999 -9999 -9999 -9999 89.60 103.59 123.50 119.03 175.03 197.28 226.15 205.21 231.49 257.58 400.32 436.56 426.88 379.19 290.37 201.36 202.97 176.29 138.34 130.90 112.80 99.22 83.07 69.41 82.07 77.89 76.77 77.02 64.23 71.04 65.89 60.97 84.28 87.11 101.87 107.19 102.18 98.10 104.92 93.62 84.39 87.62 84.52 84.05 85.66 85.30 72.74 67.15 67.90 60.01 50.78 54.41 49.47 40.15 40.85 47.40 44.15 48.31 45.52 48.57 47.93 49.90 51.33 -9999 -9999 -9999 -9999
-9999 -9999 -9999 -9999 -9999 -9999 -9999 -9999 89.19 87.74 106.55 116.40 110.37 119.65 145.74 161.61 174.93 232.80 285.95 359.97 479.86 365.57 283.89 268.83 211.48 250.25 239.76 210.02 160.72 143.58 108.13 83.27 80.76 86.25 86.19 82.62 81.55 76.28 76.41 82.76 75.89 77.66 90.95 110.05 106.94 106.09 97.97 89.95 78.04 77.53 77.75 74.27 75.34 87.44 73.65 62.87 56.64 60.54 53.80 47.43 47.88 51.37 44.88 46.86 47.59 45.19 46.15 45.63 44.59 47.46 49.96 51.99 -9999 -9999 -9999 -9999
-9999 -9999 -9999 -9999 -9999 -9999 -9999 94.79 108.39 106.95 111.14 -9999 -9999 -9999 -9999 123.90 185.49 296.23 329.29 344.46 349.78 362.31 362.29 329.13 264.42 345.81 289.99 226.33 158.37 163.42 118.90 101.38 98.42 93.28 88.64 85.00 79.47 80.32 72.22 78.49 74.31 76.79 81.55 101.96 101.65 95.33 84.65 80.76 76.60 64.95 62.59 65.54 61.28 64.65 62.32 60.76 61.13 59.79 50.52 49.66 54.51 50.51 50.80 49.97 47.25 49.72 48.11 48.04 47.85 48.68 50.34 50.42 60.10 -9999 -9999 -9999
-9999 -9999 -9999 -9999 -9999 -9999 -9999 79.23 110.88 96.66 92.11 -9999 -9999 -9999 -9999 133.43 176.90 324.15 291.83 315.81 362.22 394.01 431.31 413.36 289.40 330.49 250.71 156.99 159.93 137.49 119.33 125.65 94.73 93.41 100.37 88.44 86.40 85.68 75.21 67.16 77.99 73.06 72.29 77.51 80.92 74.70 76.73 80.48 68.56 63.26 58.52 70.51 67.22 53.96 55.75 55.71 62.46 61.23 55.42 59.44 55.90 53.66 51.87 50.78 51.31 48.40 48.97 48.82 50.91 48.76 49.79 54.44 59.38 60.43 -9999 -9999
-9999 -9999 -9999 -9999 -9999 -9999 -9999 -9999 -9999 -9999 -9999 -9999 -9999 -9999 -9999 164.24 200.93 230.20 219.76 285.18 289.30 437.51 485.24 380.09 346.41 301.54 246.39 201.26 162.14 154.18 115.08 100.31 81.15 83.57 80.21 78.21 77.38 64.87 69.84 71.33 74.06 69.36 70.79 70.56 70.10 66.73 66.71 70.44 62.33 66.04 71.13 78.88 65.39 55.59 55.62 58.65 55.68 60.86 56.35 53.49 54.08 59.09 51.51 49.32 48.88 47.96 53.12 52.36 57.98 51.42 47.35 55.93 60.91 68.15 62.20 66.18
-9999 -9999 -9999 -9999 -9999 -9999 -9999 -9999 -9999 -9999 -9999 -9999 -9999 -9999 -9999 -9999 181.55 176.63 248.57 290.33 389.63 449.37 500.93 483.94 351.64 256.71 212.55 158.86 143.30 111.35 96.51 85.70 85.59 76.48 73.50 74.07 61.27 59.63 66.18 65.41 68.09 67.85 64.69 67.63 67.85 56.31 55.00 63.30 62.05 61.17 62.28 66.42 55.78 58.24 63.49 58.45 56.27 47.31 49.16 55.62 56.86 58.24 54.75 54.04 53.27 56.54 58.00 57.91 53.27 49.77 55.54 57.57 61.91 68.73 67.54 65.58
-9999 -9999 -9999 -9999 -9999 -9999 -9999 -9999 -9999 -9999 -9999 -9999 -9999 -9999 -9999 -9999 179.19 258.87 396.36 383.69 394.76 365.20 362.24 359.51 304.96 237.22 160.84 161.90 120.33 98.45 101.55 90.79 79.56 74.43 68.93 70.22 66.61 60.33 70.00 63.74 61.77 63.58 61.25 58.19 51.20 48.64 46.16 53.47 55.27 66.05 66.10 62.89 57.07 71.68 66.81 59.28 52.23 51.96 53.15 60.49 63.75 59.75 53.87 55.38 60.80 58.98 54.67 52.82 51.17 47.38 53.60 61.31 56.84 57.75 56.98 58.86
-9999 -9999 -9999 -9999 -9999 -9999 -9999 -9999 -9999 -9999 -9999 -9999 -9999 -9999 -9999 169.35 194.47 261.14 363.97 354.22 315.75 288.94 263.65 296.13 277.88 213.93 153.93 159.29 108.48 140.91 102.12 89.06 78.79 80.82 71.22 67.71 79.21 70.53 67.62 55.42 58.27 60.43 60.15 61.40 53.04 53.60 56.30 51.19 51.67 65.08 54.39 57.34 53.81 60.27 59.25 49.48 50.61 53.37 54.33 61.48 66.93 65.72 64.06 60.40 64.38 72.17 60.62 53.18 51.64 51.02 52.51 54.67 56.49 58.97 57.40 57.58
-9999 -9999 -9999 -9999 -9999 -9999 -9999 -9999 -9999 -9999 -9999 -9999 -9999 -9999 -9999 138.70 170.99 276.23 283.37 272.78 221.97 229.85 263.96 276.18 219.34 180.85 153.29 145.06 115.56 107.27 95.48 121.56 97.51 79.94 75.26 64.46 67.83 70.22 68.81 54.42 61.64 65.83 59.41 66.42 60.46 65.00 68.69 55.65 53.66 55.26 56.28 52.17 52.44 60.00 60.02 52.83 56.13 57.01 63.68 58.67 71.10 72.43 67.58 68.27 59.36 58.00 64.44 56.05 58.72 50.41 50.25 53.48 55.09 59.29 57.89 53.56
-9999 -9999 -9999 -9999 -9999 -9999 -9999 -9999 -9999 -9999 -9999 -9999 -9999 -9999 -9999 100.56 140.21 167.65 197.60 213.31 216.49 239.73 285.53 248.60 241.21 189.34 160.64 126.88 119.98 121.01 101.19 110.48 123.18 101.24 93.29 76.66 70.64 68.71 63.00 61.43 60.47 60.77 61.38 63.16 66.82 71.41 65.31 60.70 55.81 63.07 61.39 54.00 54.82 50.85 51.70 50.01 60.60 57.78 63.12 66.16 66.83 59.45 64.99 66.89 67.35 48.56 47.68 56.80 55.94 50.63 47.87 51.86 55.73 47.55 56.91 54.21
-9999 -9999 -9999 -9999 -9999 -9999 -9999 -9999 -9999 -9999 -9999 -9999 -9999 -9999 -9999 -9999 140.98 191.27 230.87 279.55 352.32 316.56 305.05 237.94 177.93 161.56 138.42 119.15 107.80 79.45 88.73 98.17 124.15 96.40 77.98 63.49 76.75 81.74 62.52 66.31 59.11 61.93 65.37 66.14 66.27 63.71 64.93 59.22 56.03 63.83 63.92 56.25 56.35 50.82 51.45 54.83 57.71 53.97 65.42 64.40 67.76 63.09 65.54 63.68 54.03 50.91 49.19 54.12 55.22 51.86 47.99 51.82 54.68 49.86 58.43 59.70
-9999 -9999 -9999 -9999 -9999 -9999 -9999 -9999 -9999 -9999 -9999 -9999 -9999 -9999 -9999 -9999 144.34 182.09 227.62 323.64 496.68 408.01 371.76 232.60 179.86 172.31 153.17 148.38 142.14 114.32 95.69 99.03 104.82 82.25 84.45 89.23 72.10 73.16 69.85 68.78 60.06 61.30 65.64 73.92 71.74 70.34 70.33 66.38 64.39 66.87 68.29 63.69 64.64 66.40 66.65 66.91 66.15 60.65 69.36 71.85 70.43 71.42 67.88 63.07 53.86 52.89 49.75 61.47 53.13 53.19 50.28 57.04 60.18 59.41 60.54 63.43
-9999 -9999 -9999 -9999 -9999 -9999 -9999 -9999 -9999 -9999 -9999 -9999 -9999 -9999 -9999 102.18 113.18 164.12 229.15 296.85 382.87 385.28 286.33 246.51 245.52 189.77 170.49 147.81 120.74 117.29 118.67 102.70 81.26 82.63 86.68 78.39 75.96 74.73 64.79 66.64 62.28 67.23 72.87 76.97 76.69 80.08 70.65 65.67 64.80 76.64 73.52 91.61 69.41 66.25 61.85 78.66 76.62 71.43 71.65 73.38 62.51 62.16 67.40 62.43 48.81 59.29 63.83 62.18 54.29 57.09 55.90 60.98 60.08 63.64 67.97 69.06
-9999 -9999 -9999 -9999 -9999 -9999 -9999 -9999 -9999 -9999 -9999 -9999 -9999 -9999 -9999 124.10 148.60 170.50 180.46 241.47 343.40 357.85 297.02 183.46 197.15 177.15 163.92 160.58 139.71 145.89 127.26 89.59 95.34 78.23 80.08 65.88 88.35 64.90 66.69 64.26 55.02 66.73 64.94 88.66 82.47 78.67 75.75 71.88 82.41 74.09 62.24 59.20 67.55 62.59 64.22 74.09 79.17 67.60 76.52 75.45 68.48 58.58 59.74 57.15 55.20 61.00 63.46 62.60 66.93 60.55 64.13 64.37 63.41 66.71 72.50 68.79
-9999 -9999 -9999 -9999 -9999 -9999 -9999 -9999 -9999 -9999 -9999 -9999 -9999 -9999 -9999 137.74 163.46 170.60 205.83 230.65 308.58 333.38 277.79 197.12 199.14 185.50 150.27 141.85 163.12 124.98 104.23 92.10 80.65 94.01 77.56 69.05 69.02 66.37 67.93 65.57 58.94 59.70 66.03 68.80 73.50 76.82 77.45 74.41 72.73 66.17 58.67 60.59 68.23 66.86 65.47 71.03 68.92 77.02 70.40 67.37 71.62 68.03 65.22 60.40 62.22 62.24 55.32 53.87 57.78 61.59 64.20 66.41 63.21 68.26 74.83 65.70
-9999 -9999 -9999 -9999 -9999 -9999 -9999 -9999 -9999 -9999 -9999 -9999 -9999 -9999 146.63 160.20 190.82 180.64 191.33 238.12 262.79 296.90 238.09 173.54 156.64 165.15 145.09 153.58 131.65 102.18 113.29 96.84 77.17 73.41 66.46 56.56 59.62 76.22 62.87 61.96 63.15 61.23 62.94 63.55 70.11 81.96 78.28 69.55 70.84 66.47 61.75 58.53 58.90 58.38 56.25 66.74 72.12 67.23 66.26 67.84 66.62 66.63 57.92 62.90 62.59 61.24 58.39 53.37 58.71 67.28 65.92 66.04 65.92 61.48 68.33 63.44
-9999 -9999 -9999 -9999 -9999 -9999 -9999 -9999 -9999 -9999 -9999 -9999 -9999 157.04 175.16 163.49 190.28 185.09 202.92 224.27 278.32 273.40 281.47 215.97 210.06 183.38 147.67 176.36 129.77 126.59 95.74 90.28 80.10 73.14 60.95 73.78 77.64 78.64 74.98 82.41 70.33 63.02 65.88 68.08 66.71 102.25 87.68 69.43 68.47 69.81 63.64 60.18 63.72 60.87 56.66 65.76 63.17 65.13 59.10 58.73 60.07 59.84 59.36 66.75 60.96 61.18 59.15 59.96 68.00 70.07 70.70 72.50 69.43 65.03 60.40 64.86
