Rainfall_2007-2011/Rainfall_2009-10_ACTUAL.txt
ncols         180
nrows         290
xllcorner     -200000
yllcorner     -200000
cellsize      5000
NODATA_value  -9999
[rows 102 to 135 of 290, columns 76 to 151 of 180]
192.45 -9999 195.66 232.31 336.33 305.55 356.96 316.31 318.68 312.48 377.85 331.39 292.72 228.53 178.89 208.83 183.54 129.03 140.40 164.98 185.69 145.79 131.60 121.75 106.56 90.18 80.26 78.65 80.60 107.87 84.82 90.23 100.58 108.50 105.46 92.46 76.63 -9999 -9999 -9999 -9999 -9999 -9999 -9999 -9999 -9999 -9999 -9999 -9999 -9999 -9999 -9999 -9999 -9999 -9999 -9999 -9999 -9999 -9999 -9999 -9999 -9999 -9999 -9999 -9999 -9999 -9999 -9999 -9999 -9999 -9999 -9999 -9999 -9999 -9999 -9999
-9999 167.27 178.34 227.05 222.51 356.75 380.65 268.12 279.79 330.30 302.99 343.14 357.65 306.30 207.34 176.62 167.12 195.00 199.29 153.61 160.33 170.78 150.92 109.49 89.13 80.28 78.46 80.38 96.38 84.11 73.46 82.76 77.78 77.57 79.91 -9999 -9999 -9999 -9999 -9999 -9999 -9999 -9999 -9999 -9999 -9999 -9999 -9999 -9999 -9999 -9999 -9999 -9999 -9999 -9999 -9999 -9999 -9999 -9999 -9999 -9999 -9999 -9999 -9999 -9999 -9999 -9999 -9999 -9999 -9999 -9999 -9999 -9999 -9999 -9999 -9999
197.82 204.37 233.20 270.54 258.11 302.32 292.68 237.30 254.61 282.26 286.58 261.33 249.91 260.23 232.10 217.77 165.62 195.46 174.18 149.80 154.10 121.27 109.13 84.36 76.91 78.54 71.77 71.75 68.49 64.62 69.02 67.34 69.65 56.18 -9999 -9999 -9999 -9999 -9999 -9999 -9999 -9999 -9999 -9999 -9999 -9999 -9999 -9999 -9999 -9999 -9999 -9999 -9999 -9999 -9999 -9999 -9999 -9999 -9999 -9999 -9999 -9999 -9999 -9999 -9999 -9999 -9999 -9999 -9999 -9999 -9999 -9999 -9999 -9999 -9999 -9999
213.73 255.95 254.26 260.43 229.84 267.71 293.51 303.16 319.86 288.50 286.48 277.60 294.32 257.97 215.21 177.58 156.64 179.47 154.33 114.83 99.00 98.06 84.10 71.38 70.74 70.66 60.93 66.46 57.78 60.21 71.09 58.17 61.38 65.85 -9999 -9999 -9999 -9999 -9999 -9999 -9999 -9999 -9999 -9999 -9999 -9999 -9999 -9999 -9999 -9999 -9999 -9999 -9999 -9999 -9999 -9999 -9999 -9999 -9999 -9999 -9999 -9999 -9999 -9999 -9999 -9999 -9999 -9999 -9999 -9999 -9999 -9999 -9999 -9999 -9999 -9999
261.44 251.87 264.73 258.64 259.92 303.96 287.78 295.44 276.25 321.36 282.66 297.19 242.00 269.10 211.16 229.85 148.07 120.87 170.08 144.99 108.61 90.67 80.15 68.98 61.94 66.42 70.04 66.12 71.14 63.51 59.06 53.19 53.88 64.74 60.23 -9999 -9999 -9999 -9999 -9999 -9999 -9999 -9999 -9999 -9999 -9999 -9999 -9999 -9999 -9999 -9999 -9999 -9999 -9999 -9999 -9999 -9999 -9999 -9999 -9999 -9999 -9999 -9999 -9999 -9999 -9999 -9999 -9999 -9999 -9999 -9999 -9999 -9999 -9999 -9999 -9999
220.74 252.54 280.35 235.60 267.58 246.50 227.01 248.91 311.51 344.22 289.36 296.59 261.74 222.82 190.52 213.61 162.06 160.28 222.83 155.30 126.51 110.55 96.27 89.43 90.75 89.20 95.62 87.03 68.68 64.23 64.65 67.95 63.84 72.61 69.56 66.26 -9999 -9999 -9999 -9999 -9999 -9999 -9999 -9999 -9999 -9999 -9999 -9999 -9999 -9999 -9999 -9999 -9999 -9999 -9999 -9999 -9999 -9999 -9999 -9999 -9999 -9999 -9999 -9999 -9999 -9999 -9999 -9999 -9999 -9999 -9999 -9999 -9999 -9999 -9999 -9999
222.24 259.33 261.33 266.72 262.12 249.43 240.13 278.02 331.15 471.30 293.33 260.03 231.08 206.25 171.07 173.75 134.69 134.04 122.45 112.06 109.90 111.51 125.00 135.11 114.47 104.95 90.59 85.37 85.17 66.30 68.62 55.75 65.23 68.27 65.50 57.70 47.11 -9999 -9999 -9999 -9999 -9999 -9999 -9999 -9999 -9999 -9999 -9999 -9999 -9999 -9999 -9999 -9999 -9999 -9999 -9999 -9999 -9999 -9999 -9999 -9999 -9999 -9999 -9999 -9999 -9999 -9999 -9999 -9999 -9999 -9999 -9999 -9999 -9999 -9999 -9999
201.40 220.15 253.70 268.88 243.84 233.45 258.05 318.36 303.25 276.23 250.46 302.22 205.07 176.93 164.20 162.67 128.98 115.44 96.62 97.42 103.93 152.31 154.60 133.79 110.35 97.85 88.61 77.21 78.53 66.64 56.87 44.47 41.43 54.56 54.63 52.69 -9999 -9999 -9999 -9999 -9999 -9999 -9999 -9999 -9999 -9999 -9999 -9999 -9999 -9999 -9999 -9999 -9999 -9999 -9999 -9999 -9999 -9999 -9999 -9999 -9999 -9999 -9999 -9999 -9999 -9999 -9999 -9999 -9999 -9999 -9999 -9999 -9999 -9999 -9999 -9999
153.41 193.65 217.87 210.39 239.94 277.21 242.36 282.96 280.43 264.17 250.45 203.16 219.35 175.29 143.93 120.15 108.35 94.66 101.54 84.95 100.97 89.04 86.99 91.36 100.83 100.79 82.35 70.74 70.53 58.97 52.39 42.23 -9999 -9999 -9999 -9999 -9999 -9999 -9999 -9999 -9999 -9999 -9999 -9999 -9999 -9999 -9999 -9999 -9999 -9999 -9999 -9999 -9999 -9999 -9999 -9999 -9999 -9999 -9999 -9999 -9999 -9999 -9999 -9999 -9999 -9999 -9999 -9999 -9999 -9999 -9999 -9999 -9999 -9999 -9999 -9999
188.27 204.38 216.94 198.98 256.62 244.53 262.21 265.68 189.64 220.82 220.22 178.31 165.80 169.90 123.26 122.78 143.58 120.27 132.11 95.41 89.65 80.48 88.87 84.24 80.56 92.06 80.71 77.77 72.38 59.28 -9999 -9999 -9999 -9999 -9999 -9999 -9999 -9999 -9999 -9999 -9999 -9999 -9999 -9999 -9999 -9999 -9999 -9999 -9999 -9999 -9999 -9999 -9999 -9999 -9999 -9999 -9999 -9999 -9999 -9999 -9999 -9999 -9999 -9999 -9999 -9999 -9999 -9999 -9999 -9999 -9999 -9999 -9999 -9999 -9999 -9999
224.26 185.97 194.55 237.67 231.31 241.34 267.70 240.19 192.38 197.44 187.03 141.12 138.52 131.53 124.48 128.23 143.29 143.96 135.45 120.90 95.10 86.20 73.17 77.15 69.20 75.82 67.76 66.15 63.24 50.18 -9999 -9999 -9999 -9999 -9999 -9999 -9999 -9999 -9999 -9999 -9999 -9999 -9999 -9999 -9999 -9999 -9999 -9999 -9999 -9999 -9999 -9999 -9999 -9999 -9999 -9999 -9999 -9999 -9999 -9999 -9999 -9999 -9999 -9999 -9999 -9999 -9999 -9999 -9999 -9999 -9999 -9999 -9999 -9999 -9999 -9999
205.18 -9999 195.27 229.39 231.88 244.20 242.48 225.76 180.52 141.87 146.88 147.02 145.80 145.65 127.95 168.95 178.28 168.56 165.45 122.27 89.55 73.55 68.68 64.03 61.49 59.25 50.30 42.37 -9999 -9999 -9999 -9999 -9999 37.89 40.18 41.21 46.49 -9999 -9999 -9999 -9999 -9999 -9999 -9999 -9999 -9999 -9999 -9999 -9999 -9999 -9999 -9999 -9999 -9999 -9999 -9999 -9999 -9999 -9999 -9999 -9999 -9999 -9999 -9999 -9999 -9999 -9999 -9999 -9999 -9999 -9999 -9999 -9999 -9999 -9999 -9999
225.31 -9999 178.88 208.31 211.09 201.65 244.24 193.67 183.47 147.16 161.01 155.53 138.40 147.05 139.76 138.51 125.45 124.11 121.59 108.47 96.09 86.56 79.08 68.41 62.79 60.85 50.77 41.63 45.21 41.76 -9999 -9999 32.33 36.68 39.76 38.27 39.29 36.01 39.65 -9999 -9999 -9999 -9999 -9999 -9999 -9999 -9999 -9999 -9999 -9999 -9999 -9999 -9999 -9999 -9999 -9999 -9999 -9999 -9999 -9999 -9999 -9999 -9999 -9999 -9999 -9999 -9999 -9999 -9999 -9999 -9999 -9999 -9999 -9999 -9999 -9999
194.94 160.40 158.26 138.10 178.87 203.13 208.87 180.49 166.22 173.93 176.39 162.37 131.01 111.71 117.32 116.64 112.42 111.89 111.68 104.19 92.79 91.39 79.52 74.74 74.86 60.75 49.41 47.91 42.57 44.98 40.76 34.20 36.32 37.80 34.22 40.34 52.67 57.42 56.45 38.09 -9999 -9999 -9999 -9999 -9999 -9999 -9999 -9999 -9999 -9999 -9999 -9999 -9999 -9999 -9999 -9999 -9999 -9999 -9999 -9999 -9999 -9999 -9999 -9999 -9999 -9999 -9999 -9999 -9999 -9999 -9999 -9999 -9999 -9999 -9999 -9999
160.00 165.79 146.83 159.64 175.10 177.22 188.63 -9999 183.08 213.54 193.10 166.20 128.19 95.46 96.91 92.50 100.90 95.89 89.79 95.76 88.84 91.38 74.76 63.62 63.85 68.17 62.79 53.38 47.32 41.21 46.81 43.53 38.61 36.01 32.02 46.61 51.68 54.11 60.51 57.55 67.34 69.97 42.53 -9999 -9999 -9999 -9999 -9999 -9999 -9999 -9999 -9999 -9999 -9999 -9999 -9999 -9999 -9999 -9999 -9999 -9999 -9999 -9999 -9999 -9999 -9999 -9999 -9999 -9999 -9999 -9999 -9999 -9999 -9999 -9999 -9999
149.34 179.09 146.84 -9999 154.13 159.02 173.91 -9999 168.23 233.22 202.98 167.07 125.57 106.25 103.92 97.88 89.68 85.34 84.01 89.51 90.20 94.13 87.69 57.98 73.73 80.21 73.41 75.88 68.62 50.16 35.70 46.00 40.38 42.96 52.08 62.46 56.23 52.87 59.68 60.33 73.51 78.13 54.87 -9999 -9999 -9999 -9999 -9999 -9999 -9999 -9999 -9999 -9999 -9999 -9999 -9999 -9999 -9999 -9999 -9999 -9999 -9999 -9999 -9999 -9999 -9999 -9999 -9999 -9999 -9999 -9999 -9999 -9999 -9999 -9999 -9999
157.11 158.91 134.04 -9999 -9999 147.28 137.54 145.00 172.23 182.47 173.84 153.56 150.89 134.80 126.60 108.75 116.25 95.58 84.60 95.56 91.50 94.33 94.71 97.09 97.28 98.12 91.23 75.14 61.68 53.44 44.52 53.19 47.20 52.99 61.20 72.34 59.55 43.17 52.87 48.21 53.22 53.87 52.56 50.72 -9999 -9999 -9999 -9999 -9999 -9999 -9999 -9999 -9999 -9999 -9999 -9999 -9999 -9999 -9999 -9999 -9999 -9999 -9999 -9999 -9999 -9999 -9999 -9999 -9999 -9999 -9999 -9999 -9999 -9999 -9999 -9999
159.50 -9999 -9999 -9999 -9999 -9999 129.94 121.22 155.76 163.13 153.91 152.77 160.51 152.32 145.81 136.06 129.61 114.24 93.03 78.88 82.85 82.47 89.54 92.50 91.54 89.07 77.05 72.68 60.68 49.33 57.54 60.57 48.89 53.73 59.03 64.91 63.81 45.58 54.34 49.48 35.69 48.84 56.38 46.77 -9999 -9999 -9999 -9999 -9999 -9999 -9999 -9999 -9999 -9999 -9999 -9999 -9999 -9999 -9999 -9999 -9999 -9999 -9999 -9999 -9999 -9999 -9999 -9999 -9999 -9999 -9999 -9999 -9999 -9999 -9999 -9999
168.58 183.18 196.16 200.47 -9999 -9999 -9999 122.00 140.48 145.29 141.81 141.28 134.53 152.96 148.66 149.94 144.92 122.23 109.14 83.99 67.60 76.30 77.95 68.59 79.04 70.21 67.93 85.19 65.64 66.17 74.06 75.21 66.89 68.11 54.96 65.84 55.89 52.13 57.07 48.57 54.58 49.22 47.72 43.85 50.84 -9999 -9999 -9999 -9999 -9999 -9999 -9999 -9999 -9999 -9999 -9999 -9999 -9999 -9999 -9999 -9999 -9999 -9999 -9999 -9999 -9999 -9999 -9999 -9999 -9999 -9999 -9999 -9999 -9999 -9999 -9999
186.58 192.91 209.10 294.62 277.28 -9999 -9999 -9999 113.46 114.23 116.57 126.18 128.95 130.81 141.40 138.50 145.18 119.95 101.64 82.41 86.79 67.68 73.19 77.19 84.09 77.07 87.83 75.45 82.36 65.88 66.04 77.24 72.81 64.74 58.87 54.65 42.91 39.44 48.19 41.51 43.89 45.11 48.75 50.18 44.14 44.74 -9999 -9999 -9999 -9999 -9999 -9999 -9999 -9999 -9999 -9999 -9999 -9999 -9999 -9999 -9999 -9999 -9999 -9999 -9999 -9999 -9999 -9999 -9999 -9999 -9999 -9999 -9999 -9999 -9999 -9999
181.59 148.10 182.17 307.85 272.22 -9999 -9999 -9999 -9999 -9999 105.63 109.06 118.31 122.97 129.63 131.21 135.38 148.96 132.63 107.27 88.74 77.96 77.58 75.70 71.00 65.69 87.28 91.77 75.30 78.43 68.58 54.70 54.85 49.10 57.07 48.08 45.29 40.44 35.33 35.13 36.82 35.23 36.76 55.90 51.94 47.10 45.25 -9999 -9999 -9999 -9999 -9999 -9999 -9999 -9999 -9999 -9999 -9999 -9999 -9999 -9999 -9999 -9999 -9999 -9999 -9999 -9999 -9999 -9999 -9999 -9999 -9999 -9999 -9999 -9999 -9999
-9999 138.16 145.94 258.83 238.12 -9999 -9999 -9999 -9999 -9999 95.58 94.88 112.89 113.26 142.36 170.82 159.49 156.32 135.03 119.04 97.01 96.25 87.39 79.57 80.13 97.68 86.88 138.47 85.73 99.31 71.65 84.23 79.00 58.30 51.84 43.59 40.19 36.73 37.16 41.85 52.09 40.64 43.81 47.06 53.71 58.66 53.17 62.25 61.22 -9999 -9999 -9999 -9999 -9999 -9999 -9999 -9999 -9999 -9999 -9999 -9999 -9999 -9999 -9999 -9999 -9999 -9999 -9999 -9999 -9999 -9999 -9999 -9999 -9999 -9999 -9999
-9999 -9999 155.89 179.80 160.77 -9999 -9999 -9999 -9999 -9999 81.58 78.65 96.37 103.55 120.11 130.98 137.08 140.37 126.88 130.75 110.00 98.51 101.23 97.31 107.47 106.29 106.93 142.27 124.95 94.63 91.38 80.80 60.42 67.98 56.97 44.82 43.86 44.48 41.46 38.21 49.17 64.12 67.17 60.71 56.30 48.75 63.70 65.03 61.54 -9999 -9999 -9999 -9999 -9999 -9999 -9999 -9999 -9999 -9999 -9999 -9999 -9999 -9999 -9999 -9999 -9999 -9999 -9999 -9999 -9999 -9999 -9999 -9999 -9999 -9999 -9999
-9999 -9999 129.94 134.43 128.68 -9999 -9999 -9999 -9999 -9999 80.51 91.28 94.78 101.17 109.23 119.01 137.67 156.32 157.02 135.99 120.75 104.52 101.70 94.27 100.67 107.15 134.70 136.28 120.90 115.07 106.67 79.88 79.15 61.58 59.41 57.91 41.43 42.49 49.13 49.12 52.43 76.13 77.10 77.30 58.55 58.23 67.63 71.26 65.46 -9999 -9999 -9999 -9999 -9999 -9999 -9999 -9999 -9999 -9999 -9999 -9999 -9999 -9999 -9999 -9999 -9999 -9999 -9999 -9999 -9999 -9999 -9999 -9999 -9999 -9999 -9999
-9999 -9999 -9999 -9999 -9999 -9999 -9999 -9999 -9999 90.30 83.54 93.51 105.37 107.36 114.66 116.94 133.20 136.23 154.47 139.49 120.90 131.45 125.12 135.78 140.79 148.76 158.46 169.02 180.39 144.21 112.04 95.80 76.91 65.38 51.02 50.98 57.59 46.48 56.60 64.84 82.30 81.00 90.61 78.47 58.05 63.95 58.92 60.10 71.95 -9999 -9999 -9999 -9999 -9999 -9999 -9999 -9999 -9999 -9999 -9999 -9999 -9999 -9999 -9999 -9999 -9999 -9999 -9999 -9999 -9999 -9999 -9999 -9999 -9999 -9999 -9999
-9999 -9999 -9999 -9999 -9999 -9999 -9999 -9999 -9999 104.96 90.29 104.93 132.76 144.37 147.08 157.50 153.41 144.67 130.22 141.54 137.72 132.12 155.00 168.99 150.63 123.23 161.96 150.25 173.24 148.08 110.49 92.26 74.66 57.49 61.43 71.76 57.08 49.71 52.48 79.16 82.87 85.00 93.06 83.57 62.34 62.35 61.14 80.09 75.72 -9999 -9999 -9999 -9999 -9999 -9999 -9999 -9999 -9999 -9999 -9999 -9999 -9999 -9999 -9999 -9999 -9999 -9999 -9999 -9999 -9999 -9999 -9999 -9999 -9999 -9999 -9999
-9999 -9999 -9999 -9999 -9999 -9999 -9999 -9999 90.42 104.35 104.78 126.30 150.68 151.22 180.64 209.09 199.79 184.55 168.06 131.94 134.00 144.80 173.85 168.20 149.80 110.66 128.67 158.44 151.97 145.72 113.29 103.53 86.12 78.45 77.64 68.51 62.55 79.91 89.18 97.43 89.73 72.40 59.42 69.91 64.71 81.83 90.19 79.06 74.86 -9999 -9999 -9999 -9999 -9999 -9999 -9999 -9999 -9999 -9999 -9999 -9999 -9999 -9999 -9999 -9999 -9999 -9999 -9999 -9999 -9999 -9999 -9999 -9999 -9999 -9999 -9999
-9999 -9999 -9999 -9999 -9999 -9999 -9999 -9999 105.33 103.55 135.93 143.24 178.46 167.41 197.24 210.61 250.19 209.26 170.48 141.13 146.68 146.02 198.87 183.75 137.27 121.60 123.86 148.73 154.43 138.56 130.44 108.33 111.84 119.20 105.28 104.96 100.56 113.31 87.57 81.07 88.09 75.88 73.68 63.08 55.28 66.05 71.45 71.10 70.89 79.65 -9999 -9999 -9999 -9999 -9999 -9999 -9999 -9999 -9999 -9999 -9999 -9999 -9999 -9999 -9999 -9999 -9999 -9999 -9999 -9999 -9999 -9999 -9999 -9999 -9999 -9999
-9999 -9999 -9999 -9999 -9999 -9999 -9999 87.87 127.74 148.36 158.84 175.31 183.89 188.34 179.16 213.32 218.92 199.71 171.27 148.90 125.26 117.41 135.30 155.74 142.74 118.51 109.25 117.61 121.92 121.37 127.94 132.42 108.04 131.08 118.06 100.84 126.84 108.42 106.67 102.34 78.55 79.23 74.31 67.98 72.90 59.63 63.15 63.45 61.73 57.52 -9999 -9999 -9999 -9999 -9999 -9999 -9999 -9999 -9999 -9999 -9999 -9999 -9999 -9999 -9999 -9999 -9999 -9999 -9999 -9999 -9999 -9999 -9999 -9999 -9999 -9999
-9999 -9999 -9999 -9999 -9999 -9999 -9999 121.91 143.30 165.68 206.18 209.17 213.97 202.72 245.05 197.10 190.64 171.70 160.52 153.52 115.28 110.75 135.10 145.56 151.30 109.27 102.84 93.92 97.12 118.34 143.58 113.71 127.83 130.42 110.14 127.50 101.43 105.14 102.05 86.81 83.65 73.06 60.83 66.65 70.43 60.42 68.56 67.37 59.51 60.49 -9999 -9999 -9999 -9999 -9999 -9999 -9999 -9999 -9999 -9999 -9999 -9999 -9999 -9999 -9999 -9999 -9999 -9999 -9999 -9999 -9999 -9999 -9999 -9999 -9999 -9999
-9999 -9999 -9999 -9999 -9999 -9999 151.84 151.81 160.91 194.28 204.47 205.94 256.84 260.09 299.34 207.78 172.52 160.92 154.21 158.70 131.45 122.97 140.58 133.29 113.82 93.38 112.76 105.30 105.17 128.69 133.38 122.23 135.66 114.83 117.20 128.81 99.25 109.82 86.45 90.71 85.32 74.90 65.66 66.12 56.58 54.52 63.05 64.66 57.87 52.50 -9999 -9999 -9999 -9999 -9999 -9999 -9999 -9999 -9999 -9999 -9999 -9999 -9999 -9999 -9999 -9999 -9999 -9999 -9999 -9999 -9999 -9999 -9999 -9999 -9999 -9999
-9999 -9999 -9999 -9999 -9999 146.79 159.00 173.42 166.05 181.22 182.38 190.79 226.25 240.72 299.13 197.81 158.29 152.69 156.39 141.75 136.33 128.52 122.26 119.07 121.05 113.86 96.37 111.30 112.78 114.95 119.78 120.49 126.59 110.42 120.40 138.07 116.68 119.03 102.12 96.92 68.99 59.65 55.58 56.61 57.62 53.47 55.06 63.66 52.15 56.95 55.81 -9999 -9999 -9999 -9999 -9999 -9999 -9999 -9999 -9999 -9999 -9999 -9999 -9999 -9999 -9999 -9999 -9999 -9999 -9999 -9999 -9999 -9999 -9999 -9999 -9999
-9999 -9999 -9999 -9999 -9999 169.55 192.52 174.90 169.43 181.09 201.96 212.52 254.61 254.52 224.74 217.05 169.43 156.42 142.68 125.26 161.46 125.01 116.80 133.49 118.00 112.83 95.28 108.57 109.39 106.78 102.36 108.80 106.32 112.79 109.97 122.66 112.81 113.46 106.37 79.37 64.94 62.76 50.94 42.27 54.34 52.82 47.51 46.59 46.87 44.81 57.43 -9999 -9999 -9999 -9999 -9999 -9999 -9999 -9999 -9999 -9999 -9999 -9999 -9999 -9999 -9999 -9999 -9999 -9999 -9999 -9999 -9999 -9999 -9999 -9999 -9999
-9999 -9999 -9999 131.17 145.29 169.60 170.74 169.20 174.29 183.66 192.24 214.01 216.69 188.14 227.36 208.04 181.39 144.92 144.64 131.60 132.87 131.12 132.94 111.73 122.04 101.03 79.50 87.20 96.09 95.17 91.45 89.74 97.20 96.50 97.86 127.80 101.48 104.82 88.79 77.16 61.28 56.48 45.93 40.13 40.35 40.44 47.22 45.20 48.67 54.54 59.74 -9999 -9999 -9999 -9999 -9999 -9999 -9999 -9999 -9999 -9999 -9999 -9999 -9999 -9999 -9999 -9999 -9999 -9999 -9999 -9999 -9999 -9999 -9999 -9999 -9999
