Rainfall_2007-2011/Rainfall_2009-02_ACTUAL.txt
ncols         180
nrows         290
xllcorner     -200000
yllcorner     -200000
cellsize      5000
NODATA_value  -9999
[rows 102 to 135 of 290, columns 77 to 153 of 180]
-9999 79.35 99.58 140.14 122.64 143.03 124.68 123.96 108.65 116.37 99.49 83.94 64.79 49.12 63.94 65.51 34.13 34.33 33.36 41.95 38.78 34.79 32.57 33.13 36.27 32.24 28.71 29.50 48.50 49.18 48.87 69.14 45.64 39.04 36.06 32.17 -9999 -9999 -9999 -9999 -9999 -9999 -9999 -9999 -9999 -9999 -9999 -9999 -9999 -9999 -9999 -9999 -9999 -9999 -9999 -9999 -9999 -9999 -9999 -9999 -9999 -9999 -9999 -9999 -9999 -9999 -9999 -9999 -9999 -9999 -9999 -9999 -9999 -9999 -9999 -9999 -9999
65.89 69.27 90.59 90.77 134.64 146.76 116.43 125.17 131.86 117.16 113.41 121.29 81.65 45.80 27.32 81.43 51.36 39.18 22.29 30.21 42.27 46.59 37.41 34.13 32.12 31.38 31.57 39.00 46.20 50.51 51.17 41.73 38.81 36.91 -9999 -9999 -9999 -9999 -9999 -9999 -9999 -9999 -9999 -9999 -9999 -9999 -9999 -9999 -9999 -9999 -9999 -9999 -9999 -9999 -9999 -9999 -9999 -9999 -9999 -9999 -9999 -9999 -9999 -9999 -9999 -9999 -9999 -9999 -9999 -9999 -9999 -9999 -9999 -9999 -9999 -9999 -9999
82.76 99.56 127.76 127.17 112.64 102.90 120.97 133.28 151.84 96.06 67.47 72.04 62.46 47.38 47.19 53.16 48.34 39.88 32.29 36.57 36.64 38.68 34.35 29.92 27.91 25.88 28.86 31.14 38.70 46.47 43.30 40.81 34.65 -9999 -9999 -9999 -9999 -9999 -9999 -9999 -9999 -9999 -9999 -9999 -9999 -9999 -9999 -9999 -9999 -9999 -9999 -9999 -9999 -9999 -9999 -9999 -9999 -9999 -9999 -9999 -9999 -9999 -9999 -9999 -9999 -9999 -9999 -9999 -9999 -9999 -9999 -9999 -9999 -9999 -9999 -9999 -9999
115.46 114.86 126.24 110.92 111.46 117.79 134.17 168.54 173.21 147.93 88.52 85.08 58.04 48.16 38.46 39.30 40.84 34.43 27.83 23.52 25.78 25.02 24.14 25.28 22.19 20.69 25.50 25.46 31.72 43.97 37.10 35.15 34.77 -9999 -9999 -9999 -9999 -9999 -9999 -9999 -9999 -9999 -9999 -9999 -9999 -9999 -9999 -9999 -9999 -9999 -9999 -9999 -9999 -9999 -9999 -9999 -9999 -9999 -9999 -9999 -9999 -9999 -9999 -9999 -9999 -9999 -9999 -9999 -9999 -9999 -9999 -9999 -9999 -9999 -9999 -9999 -9999
125.34 120.78 112.15 114.89 128.35 121.65 135.46 128.49 189.15 157.32 82.10 68.00 61.38 46.85 46.37 42.97 30.30 25.82 32.85 23.37 25.36 34.80 27.00 24.57 18.93 24.34 25.08 23.38 29.37 37.13 38.12 32.78 33.86 31.43 -9999 -9999 -9999 -9999 -9999 -9999 -9999 -9999 -9999 -9999 -9999 -9999 -9999 -9999 -9999 -9999 -9999 -9999 -9999 -9999 -9999 -9999 -9999 -9999 -9999 -9999 -9999 -9999 -9999 -9999 -9999 -9999 -9999 -9999 -9999 -9999 -9999 -9999 -9999 -9999 -9999 -9999 -9999
124.65 129.10 111.90 113.20 93.84 94.35 104.05 130.19 136.76 84.51 71.64 64.17 42.13 38.26 46.49 34.03 29.83 33.10 31.87 32.04 36.43 42.55 36.32 41.82 30.91 34.39 35.82 29.79 31.66 40.01 46.94 40.41 41.68 42.02 39.09 -9999 -9999 -9999 -9999 -9999 -9999 -9999 -9999 -9999 -9999 -9999 -9999 -9999 -9999 -9999 -9999 -9999 -9999 -9999 -9999 -9999 -9999 -9999 -9999 -9999 -9999 -9999 -9999 -9999 -9999 -9999 -9999 -9999 -9999 -9999 -9999 -9999 -9999 -9999 -9999 -9999 -9999
112.13 113.80 115.40 105.13 93.80 94.48 115.19 140.41 220.94 70.85 64.39 56.33 40.21 32.02 29.01 30.07 25.94 23.09 24.34 31.80 37.52 47.84 53.10 47.00 43.97 39.93 33.19 36.64 32.07 44.54 37.72 47.37 62.08 54.82 39.93 31.84 -9999 -9999 -9999 -9999 -9999 -9999 -9999 -9999 -9999 -9999 -9999 -9999 -9999 -9999 -9999 -9999 -9999 -9999 -9999 -9999 -9999 -9999 -9999 -9999 -9999 -9999 -9999 -9999 -9999 -9999 -9999 -9999 -9999 -9999 -9999 -9999 -9999 -9999 -9999 -9999 -9999
92.27 116.88 120.63 96.31 91.45 101.58 124.55 121.27 95.98 72.28 70.83 50.04 36.86 29.27 26.97 22.86 23.18 19.72 20.46 26.44 44.90 54.38 48.34 46.64 37.50 37.10 31.45 36.74 33.69 38.25 31.99 30.77 46.86 44.27 34.08 -9999 -9999 -9999 -9999 -9999 -9999 -9999 -9999 -9999 -9999 -9999 -9999 -9999 -9999 -9999 -9999 -9999 -9999 -9999 -9999 -9999 -9999 -9999 -9999 -9999 -9999 -9999 -9999 -9999 -9999 -9999 -9999 -9999 -9999 -9999 -9999 -9999 -9999 -9999 -9999 -9999 -9999
87.83 106.84 96.98 101.28 107.89 92.38 107.12 100.10 88.49 71.18 54.79 52.81 29.60 18.63 23.03 20.79 18.36 16.90 15.26 23.54 23.68 22.21 29.56 38.08 38.76 32.30 28.50 30.76 30.97 33.86 29.81 -9999 -9999 -9999 -9999 -9999 -9999 -9999 -9999 -9999 -9999 -9999 -9999 -9999 -9999 -9999 -9999 -9999 -9999 -9999 -9999 -9999 -9999 -9999 -9999 -9999 -9999 -9999 -9999 -9999 -9999 -9999 -9999 -9999 -9999 -9999 -9999 -9999 -9999 -9999 -9999 -9999 -9999 -9999 -9999 -9999 -9999
85.29 65.59 76.54 101.02 90.95 95.77 95.55 65.38 68.57 59.54 45.60 38.57 34.63 25.51 26.68 26.24 24.35 21.18 16.00 20.81 22.29 22.60 24.35 28.25 34.33 31.99 32.48 35.95 33.19 -9999 -9999 -9999 -9999 -9999 -9999 -9999 -9999 -9999 -9999 -9999 -9999 -9999 -9999 -9999 -9999 -9999 -9999 -9999 -9999 -9999 -9999 -9999 -9999 -9999 -9999 -9999 -9999 -9999 -9999 -9999 -9999 -9999 -9999 -9999 -9999 -9999 -9999 -9999 -9999 -9999 -9999 -9999 -9999 -9999 -9999 -9999 -9999
80.45 76.44 90.46 80.70 89.65 85.58 79.60 65.86 58.82 45.80 31.39 30.94 30.22 32.15 33.74 36.97 33.54 31.22 26.68 21.56 21.12 18.70 21.00 23.11 29.53 29.63 35.55 37.38 31.62 -9999 -9999 -9999 -9999 -9999 -9999 -9999 -9999 -9999 -9999 -9999 -9999 -9999 -9999 -9999 -9999 -9999 -9999 -9999 -9999 -9999 -9999 -9999 -9999 -9999 -9999 -9999 -9999 -9999 -9999 -9999 -9999 -9999 -9999 -9999 -9999 -9999 -9999 -9999 -9999 -9999 -9999 -9999 -9999 -9999 -9999 -9999 -9999
-9999 76.98 81.32 79.37 90.42 78.84 73.51 59.75 40.92 35.20 31.09 31.59 35.65 33.91 45.86 47.55 46.53 45.67 31.71 17.84 18.52 18.42 17.49 20.28 24.18 22.61 27.06 -9999 -9999 -9999 -9999 -9999 36.89 35.53 44.24 55.30 -9999 -9999 -9999 -9999 -9999 -9999 -9999 -9999 -9999 -9999 -9999 -9999 -9999 -9999 -9999 -9999 -9999 -9999 -9999 -9999 -9999 -9999 -9999 -9999 -9999 -9999 -9999 -9999 -9999 -9999 -9999 -9999 -9999 -9999 -9999 -9999 -9999 -9999 -9999 -9999 -9999
-9999 64.41 70.39 70.33 68.11 83.80 65.16 64.92 42.07 39.30 32.91 31.29 34.99 33.65 35.79 33.49 34.82 35.32 36.70 33.51 33.98 23.80 20.99 25.60 27.69 28.26 27.48 26.75 24.64 -9999 -9999 32.74 38.12 43.58 43.71 45.09 44.81 43.42 -9999 -9999 -9999 -9999 -9999 -9999 -9999 -9999 -9999 -9999 -9999 -9999 -9999 -9999 -9999 -9999 -9999 -9999 -9999 -9999 -9999 -9999 -9999 -9999 -9999 -9999 -9999 -9999 -9999 -9999 -9999 -9999 -9999 -9999 -9999 -9999 -9999 -9999 -9999
59.26 52.91 42.49 56.89 65.40 69.65 65.19 60.79 56.84 45.63 32.11 23.05 23.79 27.25 28.95 29.27 32.31 37.58 40.06 39.48 42.64 29.33 31.16 29.90 27.07 26.13 28.33 25.94 29.99 28.46 35.59 35.49 38.05 40.52 66.64 60.75 62.28 64.64 42.44 -9999 -9999 -9999 -9999 -9999 -9999 -9999 -9999 -9999 -9999 -9999 -9999 -9999 -9999 -9999 -9999 -9999 -9999 -9999 -9999 -9999 -9999 -9999 -9999 -9999 -9999 -9999 -9999 -9999 -9999 -9999 -9999 -9999 -9999 -9999 -9999 -9999 -9999
64.78 48.78 49.75 55.53 56.22 61.50 -9999 69.40 75.99 55.82 33.17 24.46 22.21 20.87 19.57 25.19 29.25 32.38 38.66 38.44 37.86 26.60 32.77 33.97 24.35 28.19 28.65 31.26 24.29 41.50 35.97 36.56 43.91 42.78 76.27 69.36 63.73 67.67 63.76 66.59 65.36 40.33 -9999 -9999 -9999 -9999 -9999 -9999 -9999 -9999 -9999 -9999 -9999 -9999 -9999 -9999 -9999 -9999 -9999 -9999 -9999 -9999 -9999 -9999 -9999 -9999 -9999 -9999 -9999 -9999 -9999 -9999 -9999 -9999 -9999 -9999 -9999
75.47 58.09 -9999 48.20 46.73 54.89 -9999 62.05 84.88 65.18 45.23 28.87 23.42 17.15 14.90 21.18 26.42 27.61 32.23 38.65 38.89 36.51 30.90 35.91 29.77 26.31 36.34 33.17 25.96 25.62 37.73 37.69 53.68 75.66 91.75 72.26 65.31 67.01 66.52 83.78 65.35 53.72 -9999 -9999 -9999 -9999 -9999 -9999 -9999 -9999 -9999 -9999 -9999 -9999 -9999 -9999 -9999 -9999 -9999 -9999 -9999 -9999 -9999 -9999 -9999 -9999 -9999 -9999 -9999 -9999 -9999 -9999 -9999 -9999 -9999 -9999 -9999
65.01 53.53 -9999 -9999 44.89 42.58 45.24 57.26 55.92 57.72 54.55 48.83 33.53 23.34 19.80 30.65 31.76 26.02 27.20 31.35 34.25 36.71 38.92 37.15 37.53 35.67 36.92 30.20 36.08 34.05 35.61 52.99 58.37 72.12 86.86 86.62 83.43 85.38 64.12 70.14 66.30 58.59 59.64 -9999 -9999 -9999 -9999 -9999 -9999 -9999 -9999 -9999 -9999 -9999 -9999 -9999 -9999 -9999 -9999 -9999 -9999 -9999 -9999 -9999 -9999 -9999 -9999 -9999 -9999 -9999 -9999 -9999 -9999 -9999 -9999 -9999 -9999
-9999 -9999 -9999 -9999 -9999 40.04 39.61 49.74 46.92 50.52 62.87 73.84 58.10 45.10 38.02 39.58 34.94 26.42 20.77 24.60 25.62 30.30 34.84 35.86 36.99 36.09 36.54 36.95 35.56 45.56 51.70 55.72 60.35 61.13 57.46 68.72 75.47 79.08 63.31 62.30 63.86 76.62 56.72 -9999 -9999 -9999 -9999 -9999 -9999 -9999 -9999 -9999 -9999 -9999 -9999 -9999 -9999 -9999 -9999 -9999 -9999 -9999 -9999 -9999 -9999 -9999 -9999 -9999 -9999 -9999 -9999 -9999 -9999 -9999 -9999 -9999 -9999
63.65 61.98 57.30 -9999 -9999 -9999 37.88 43.54 43.82 50.21 61.30 60.40 66.70 62.69 59.47 52.09 39.05 30.04 20.52 15.76 20.86 23.36 23.59 30.72 28.50 31.29 40.66 35.90 40.91 49.96 57.43 54.28 59.27 56.12 48.92 54.11 64.18 68.17 54.37 59.95 62.64 79.92 75.20 66.37 -9999 -9999 -9999 -9999 -9999 -9999 -9999 -9999 -9999 -9999 -9999 -9999 -9999 -9999 -9999 -9999 -9999 -9999 -9999 -9999 -9999 -9999 -9999 -9999 -9999 -9999 -9999 -9999 -9999 -9999 -9999 -9999 -9999
62.27 61.12 69.60 64.32 -9999 -9999 -9999 35.48 37.93 39.59 51.00 58.46 58.90 60.35 61.94 56.42 43.67 28.23 16.40 18.83 19.71 21.90 24.41 31.48 29.83 37.24 32.48 39.39 38.63 41.55 47.65 34.48 48.14 49.84 52.22 47.80 49.12 64.93 59.75 68.36 76.01 80.32 78.36 55.95 46.86 -9999 -9999 -9999 -9999 -9999 -9999 -9999 -9999 -9999 -9999 -9999 -9999 -9999 -9999 -9999 -9999 -9999 -9999 -9999 -9999 -9999 -9999 -9999 -9999 -9999 -9999 -9999 -9999 -9999 -9999 -9999 -9999
44.85 56.00 69.22 63.16 -9999 -9999 -9999 -9999 -9999 35.10 39.17 49.63 51.98 53.13 59.11 53.43 55.40 39.64 25.04 23.36 22.86 24.35 26.28 28.29 24.76 38.04 36.61 35.41 41.37 41.19 30.32 21.80 35.55 43.43 52.59 51.35 60.44 57.80 58.76 60.75 67.12 71.89 77.39 63.54 50.77 48.33 -9999 -9999 -9999 -9999 -9999 -9999 -9999 -9999 -9999 -9999 -9999 -9999 -9999 -9999 -9999 -9999 -9999 -9999 -9999 -9999 -9999 -9999 -9999 -9999 -9999 -9999 -9999 -9999 -9999 -9999 -9999
47.84 47.85 67.79 58.56 -9999 -9999 -9999 -9999 -9999 31.94 32.85 40.66 41.30 54.51 70.70 64.01 59.50 45.40 35.74 31.08 33.16 38.07 29.38 31.92 40.65 37.57 53.17 40.13 52.84 44.94 54.26 53.19 44.94 42.83 44.85 40.80 53.25 58.35 69.96 95.34 77.38 71.22 71.08 66.92 73.10 52.41 47.74 34.35 -9999 -9999 -9999 -9999 -9999 -9999 -9999 -9999 -9999 -9999 -9999 -9999 -9999 -9999 -9999 -9999 -9999 -9999 -9999 -9999 -9999 -9999 -9999 -9999 -9999 -9999 -9999 -9999 -9999
-9999 56.00 67.35 63.62 -9999 -9999 -9999 -9999 -9999 26.17 27.85 29.91 31.20 40.87 45.19 51.05 51.31 41.26 42.06 36.26 35.15 39.63 36.29 40.56 46.62 50.72 62.86 57.78 49.33 50.83 51.20 41.31 39.42 42.98 42.58 49.78 55.59 56.14 53.92 75.14 92.60 85.29 64.23 64.97 65.24 57.52 49.50 39.03 -9999 -9999 -9999 -9999 -9999 -9999 -9999 -9999 -9999 -9999 -9999 -9999 -9999 -9999 -9999 -9999 -9999 -9999 -9999 -9999 -9999 -9999 -9999 -9999 -9999 -9999 -9999 -9999 -9999
-9999 49.58 58.67 58.17 -9999 -9999 -9999 -9999 -9999 23.54 21.94 26.17 30.95 36.18 40.85 46.95 52.77 50.53 40.17 43.00 35.34 39.65 35.39 41.80 55.39 70.79 63.82 52.21 55.74 53.22 47.52 50.58 40.54 43.54 46.97 46.76 53.30 56.25 59.78 71.61 90.88 93.98 76.36 63.66 68.98 47.78 54.28 43.55 -9999 -9999 -9999 -9999 -9999 -9999 -9999 -9999 -9999 -9999 -9999 -9999 -9999 -9999 -9999 -9999 -9999 -9999 -9999 -9999 -9999 -9999 -9999 -9999 -9999 -9999 -9999 -9999 -9999
-9999 -9999 -9999 -9999 -9999 -9999 -9999 -9999 29.72 27.15 30.48 31.89 32.54 36.20 37.35 41.18 40.87 45.01 43.43 46.92 58.03 52.84 49.19 53.40 62.52 71.04 65.99 64.93 50.67 51.51 48.86 43.77 45.06 36.53 38.14 49.57 45.55 52.68 61.06 86.06 78.69 98.49 100.37 66.48 66.02 57.54 59.61 52.38 -9999 -9999 -9999 -9999 -9999 -9999 -9999 -9999 -9999 -9999 -9999 -9999 -9999 -9999 -9999 -9999 -9999 -9999 -9999 -9999 -9999 -9999 -9999 -9999 -9999 -9999 -9999 -9999 -9999
-9999 -9999 -9999 -9999 -9999 -9999 -9999 -9999 38.87 28.89 34.92 39.67 43.89 43.37 43.81 40.84 39.53 29.95 35.56 50.16 55.98 56.65 43.32 45.14 42.35 60.98 50.47 47.04 43.76 47.15 40.58 35.09 36.36 42.23 44.70 45.33 45.51 50.49 64.26 67.71 57.21 85.37 81.29 64.93 63.49 67.23 70.17 49.78 -9999 -9999 -9999 -9999 -9999 -9999 -9999 -9999 -9999 -9999 -9999 -9999 -9999 -9999 -9999 -9999 -9999 -9999 -9999 -9999 -9999 -9999 -9999 -9999 -9999 -9999 -9999 -9999 -9999
-9999 -9999 -9999 -9999 -9999 -9999 -9999 35.20 38.71 31.40 38.37 43.24 40.84 49.76 57.93 56.57 48.65 42.31 32.30 33.66 47.07 47.53 39.72 44.31 36.20 47.56 61.75 60.07 61.38 50.43 40.43 32.88 36.85 45.83 50.57 52.55 79.60 68.83 76.86 71.85 61.68 54.51 58.18 59.11 73.56 73.66 61.56 48.56 -9999 -9999 -9999 -9999 -9999 -9999 -9999 -9999 -9999 -9999 -9999 -9999 -9999 -9999 -9999 -9999 -9999 -9999 -9999 -9999 -9999 -9999 -9999 -9999 -9999 -9999 -9999 -9999 -9999
-9999 -9999 -9999 -9999 -9999 -9999 -9999 36.09 33.99 41.48 40.02 50.34 42.44 53.26 57.50 70.12 57.71 45.23 35.96 37.80 39.91 55.97 50.46 42.96 40.00 45.89 66.15 68.23 65.83 54.08 36.42 38.52 46.89 50.35 63.71 69.41 80.37 59.08 67.97 64.64 61.10 62.35 55.78 53.08 61.66 58.92 56.63 47.92 58.33 -9999 -9999 -9999 -9999 -9999 -9999 -9999 -9999 -9999 -9999 -9999 -9999 -9999 -9999 -9999 -9999 -9999 -9999 -9999 -9999 -9999 -9999 -9999 -9999 -9999 -9999 -9999 -9999
-9999 -9999 -9999 -9999 -9999 -9999 31.61 42.14 45.57 49.08 50.52 49.74 45.64 51.18 58.56 56.39 55.23 50.26 41.89 32.55 30.72 36.94 42.79 42.84 40.02 44.68 64.44 67.25 60.35 53.33 45.70 37.46 44.89 48.49 53.25 71.07 66.78 70.84 69.31 48.34 54.39 61.46 62.58 67.03 58.91 52.97 48.18 42.29 41.57 -9999 -9999 -9999 -9999 -9999 -9999 -9999 -9999 -9999 -9999 -9999 -9999 -9999 -9999 -9999 -9999 -9999 -9999 -9999 -9999 -9999 -9999 -9999 -9999 -9999 -9999 -9999 -9999
-9999 -9999 -9999 -9999 -9999 -9999 39.54 45.75 54.57 74.73 76.37 66.84 51.35 62.32 47.31 43.87 46.86 47.33 45.80 28.65 26.65 32.50 35.76 41.67 33.60 36.34 39.41 48.62 46.38 56.41 42.33 47.99 47.38 46.11 62.73 53.02 60.58 55.68 56.72 56.76 51.39 49.15 45.58 63.31 59.92 54.82 48.77 39.27 44.89 -9999 -9999 -9999 -9999 -9999 -9999 -9999 -9999 -9999 -9999 -9999 -9999 -9999 -9999 -9999 -9999 -9999 -9999 -9999 -9999 -9999 -9999 -9999 -9999 -9999 -9999 -9999 -9999
-9999 -9999 -9999 -9999 -9999 37.57 41.48 48.82 64.45 79.68 86.01 83.16 65.70 68.99 40.27 37.29 38.70 43.08 43.78 29.34 21.99 25.70 28.18 28.45 25.26 33.64 36.87 42.56 49.49 46.72 41.25 51.71 45.10 47.60 58.10 47.38 40.28 32.61 43.25 54.55 54.04 51.30 45.18 46.95 43.04 45.04 48.87 44.89 45.39 -9999 -9999 -9999 -9999 -9999 -9999 -9999 -9999 -9999 -9999 -9999 -9999 -9999 -9999 -9999 -9999 -9999 -9999 -9999 -9999 -9999 -9999 -9999 -9999 -9999 -9999 -9999 -9999
-9999 -9999 -9999 -9999 32.79 36.62 48.08 52.95 58.01 61.13 73.36 69.28 66.71 75.31 35.12 22.17 33.17 37.40 33.37 24.80 18.02 20.01 22.46 27.61 27.05 25.76 34.75 38.15 38.97 38.04 37.74 46.72 41.23 45.96 55.80 49.64 47.36 38.19 31.40 44.78 46.51 50.20 47.25 48.54 44.74 44.45 50.14 43.48 45.54 44.73 -9999 -9999 -9999 -9999 -9999 -9999 -9999 -9999 -9999 -9999 -9999 -9999 -9999 -9999 -9999 -9999 -9999 -9999 -9999 -9999 -9999 -9999 -9999 -9999 -9999 -9999 -9999
-9999 -9999 -9999 -9999 42.71 58.13 54.44 53.03 51.26 51.42 56.38 76.90 79.97 66.52 37.13 24.04 30.30 32.11 28.94 27.33 15.70 16.51 18.10 19.57 25.32 24.40 31.82 33.79 31.37 29.51 34.52 40.02 41.70 39.82 47.99 45.68 41.05 43.66 36.76 42.53 42.73 53.47 47.21 50.42 46.17 41.41 41.42 41.94 42.10 44.02 -9999 -9999 -9999 -9999 -9999 -9999 -9999 -9999 -9999 -9999 -9999 -9999 -9999 -9999 -9999 -9999 -9999 -9999 -9999 -9999 -9999 -9999 -9999 -9999 -9999 -9999 -9999
-9999 -9999 31.54 35.09 45.19 50.39 51.56 49.74 46.62 46.64 51.47 57.72 59.41 66.97 47.63 36.49 28.11 27.61 28.56 25.01 19.90 17.33 14.27 16.79 20.30 19.12 22.94 28.44 28.65 26.72 27.69 33.85 35.20 37.56 44.39 42.90 41.48 41.59 44.20 43.15 43.42 46.62 43.05 40.35 47.34 43.34 41.79 42.23 41.57 41.25 -9999 -9999 -9999 -9999 -9999 -9999 -9999 -9999 -9999 -9999 -9999 -9999 -9999 -9999 -9999 -9999 -9999 -9999 -9999 -9999 -9999 -9999 -9999 -9999 -9999 -9999 -9999
