Rainfall_2007-2011/Rainfall_2008-05_ACTUAL.txt
ncols         180
nrows         290
xllcorner     -200000
yllcorner     -200000
cellsize      5000
NODATA_value  -9999
[rows 170 to 203 of 290, columns 77 to 153 of 180]
-9999 -9999 -9999 -9999 -9999 -9999 -9999 -9999 -9999 -9999 -9999 -9999 -9999 -9999 -9999 -9999 -9999 -9999 -9999 -9999 -9999 -9999 -9999 -9999 -9999 -9999 -9999 -9999 -9999 44.78 47.50 43.40 39.25 48.43 45.73 43.87 44.93 43.44 44.59 33.51 30.40 30.69 35.29 39.76 57.56 60.57 60.61 53.48 40.56 37.20 34.76 33.42 27.42 30.82 32.23 31.66 28.46 29.77 25.60 28.66 27.37 27.16 26.45 23.83 22.38 23.10 21.70 20.13 18.35 13.21 13.57 14.88 -9999 -9999 -9999 -9999 -9999
-9999 -9999 -9999 -9999 -9999 -9999 -9999 -9999 -9999 18.36 18.31 20.35 23.26 -9999 -9999 -9999 -9999 -9999 -9999 -9999 -9999 -9999 -9999 -9999 -9999 -9999 -9999 -9999 36.41 36.44 44.74 45.00 37.78 42.92 43.21 43.37 43.25 44.62 40.06 36.96 32.62 32.97 38.23 49.76 58.50 61.92 51.73 51.46 48.15 36.73 38.16 36.27 35.67 36.79 35.38 34.69 28.25 29.02 27.11 25.04 29.17 29.58 29.02 26.01 22.87 23.07 23.15 22.54 23.69 17.44 16.06 16.36 17.37 -9999 -9999 -9999 -9999
-9999 -9999 -9999 -9999 -9999 -9999 -9999 -9999 -9999 22.04 22.10 23.73 23.46 -9999 -9999 -9999 -9999 -9999 -9999 -9999 -9999 -9999 -9999 -9999 -9999 -9999 -9999 35.16 34.36 42.16 43.96 51.81 46.92 43.74 42.25 44.53 47.06 58.29 50.88 39.38 36.54 41.56 43.49 43.74 57.46 61.59 50.95 48.08 44.09 46.62 39.70 38.89 40.88 39.23 34.62 30.47 26.73 27.06 30.33 28.98 29.39 31.06 32.96 30.37 28.34 23.35 26.76 27.97 23.99 22.07 17.18 16.92 18.73 -9999 -9999 -9999 -9999
-9999 -9999 -9999 -9999 -9999 -9999 -9999 33.17 29.54 22.10 23.87 24.85 27.02 27.04 19.30 22.90 -9999 -9999 33.70 30.14 -9999 -9999 -9999 28.70 32.25 22.37 -9999 33.06 33.03 43.62 42.88 43.67 43.96 46.55 47.85 43.21 45.40 53.63 49.95 46.70 35.94 37.53 56.54 46.09 49.48 54.45 50.09 48.46 48.77 38.72 46.13 40.56 41.77 41.67 32.57 29.80 30.88 30.34 30.85 29.45 29.33 31.11 37.71 30.82 26.72 25.27 26.32 25.78 25.38 22.22 20.46 20.78 19.26 20.15 -9999 -9999 -9999
-9999 -9999 -9999 -9999 -9999 -9999 -9999 -9999 28.38 28.62 29.67 28.20 28.98 28.76 27.34 23.32 -9999 36.89 37.63 35.77 32.60 28.36 27.34 30.95 35.44 33.55 34.43 -9999 45.20 51.20 43.86 36.30 41.49 43.06 43.93 41.60 42.52 45.58 51.24 49.52 49.14 46.98 55.36 53.92 42.33 47.73 49.40 55.61 47.76 44.77 42.08 40.87 49.22 46.79 38.10 36.10 37.44 32.55 35.17 31.57 33.01 34.45 39.45 34.48 27.19 27.58 24.63 23.76 24.93 26.89 24.59 22.12 21.15 23.00 -9999 -9999 -9999
-9999 -9999 -9999 -9999 -9999 -9999 -9999 -9999 -9999 30.94 40.95 33.56 27.96 23.65 26.03 32.08 36.63 46.61 32.46 30.55 35.98 34.66 36.30 35.11 33.06 40.30 38.83 36.47 44.12 56.53 47.44 43.96 47.61 50.93 49.84 45.81 45.04 41.76 48.45 53.47 48.43 43.96 49.43 55.64 56.44 50.33 53.13 46.45 45.25 47.35 40.93 43.20 50.05 44.07 40.74 41.39 38.38 39.12 36.35 33.57 34.83 40.14 39.11 38.81 32.96 29.36 23.76 21.64 25.42 27.11 24.97 25.15 23.76 23.75 22.73 -9999 -9999
-9999 -9999 -9999 -9999 -9999 -9999 -9999 -9999 -9999 -9999 38.86 23.67 23.39 25.01 36.32 69.78 66.63 44.27 31.51 34.84 30.26 30.18 30.92 37.36 37.74 48.44 41.66 43.93 43.42 35.72 42.33 40.93 45.00 49.35 46.50 58.90 61.86 47.22 49.20 50.90 44.81 47.75 47.64 53.95 46.74 54.14 59.27 52.11 48.03 58.41 54.57 50.17 47.62 38.65 39.65 43.48 40.52 42.47 39.18 30.45 38.36 38.75 42.05 41.44 37.48 30.57 25.94 24.94 26.77 29.35 25.09 28.01 27.87 22.46 19.76 -9999 -9999
-9999 -9999 -9999 -9999 -9999 -9999 -9999 -9999 -9999 -9999 -9999 26.61 28.45 32.29 42.82 74.11 60.17 45.55 44.91 42.64 36.81 33.08 32.32 46.20 43.35 41.01 44.89 39.39 43.94 47.06 46.40 45.88 44.84 47.83 48.39 48.32 45.99 44.57 42.14 40.47 42.32 52.79 45.98 40.14 43.32 47.21 58.60 65.44 45.06 55.32 64.88 54.76 53.07 43.86 44.60 45.67 40.78 42.93 40.66 23.94 43.50 36.90 43.55 40.76 37.02 32.70 26.91 24.76 28.14 30.58 30.45 37.48 31.97 22.91 17.37 -9999 -9999
-9999 -9999 -9999 -9999 -9999 -9999 -9999 -9999 -9999 -9999 -9999 27.01 30.38 28.44 42.66 53.29 39.22 34.14 45.08 42.91 40.68 37.49 37.56 42.79 44.95 39.64 46.11 52.62 62.05 55.59 56.03 40.77 43.90 47.74 49.19 48.45 37.99 39.31 34.27 36.71 41.95 44.11 35.74 33.97 41.78 45.75 59.25 63.87 63.45 61.40 61.03 52.30 53.08 48.41 49.20 50.58 44.22 41.38 39.90 38.68 42.90 47.65 45.75 39.63 40.19 37.57 29.18 26.93 31.00 35.20 31.20 34.11 30.54 28.67 -9999 -9999 -9999
-9999 -9999 -9999 -9999 -9999 -9999 -9999 -9999 -9999 -9999 -9999 26.61 28.44 38.08 44.98 45.96 34.77 36.73 39.85 25.26 29.39 31.06 29.46 44.92 45.41 41.53 52.59 58.75 55.40 45.21 46.19 43.64 44.94 48.98 50.45 53.32 44.41 39.00 31.73 39.02 42.77 39.37 39.55 38.05 37.84 30.60 47.08 53.88 64.10 64.54 54.75 60.99 56.00 53.89 51.49 49.26 49.20 42.76 43.30 46.16 44.20 49.77 55.36 45.90 49.42 43.65 32.97 27.43 31.36 34.61 31.74 34.40 30.73 -9999 -9999 -9999 -9999
-9999 -9999 -9999 -9999 -9999 -9999 -9999 -9999 -9999 -9999 37.06 38.70 29.50 40.85 53.04 38.97 41.70 41.65 35.10 29.85 36.96 33.42 34.02 33.19 41.81 45.73 54.71 56.00 52.85 45.24 43.00 43.07 50.48 52.64 50.75 47.88 45.08 42.83 45.12 49.61 50.17 41.20 39.05 34.96 38.73 44.37 42.16 57.99 56.66 55.80 60.06 56.22 54.40 60.11 54.81 50.25 51.29 38.89 47.23 47.78 46.30 46.66 52.63 49.00 47.75 45.12 37.51 34.57 31.99 33.15 31.97 33.96 -9999 -9999 -9999 -9999 -9999
-9999 -9999 -9999 -9999 -9999 -9999 -9999 -9999 39.68 38.19 46.60 38.80 37.47 38.24 40.13 27.57 31.49 26.57 36.54 40.93 30.50 31.53 36.46 30.91 39.89 46.49 44.67 46.26 41.32 47.25 46.08 40.51 56.90 60.98 53.56 46.08 47.20 50.26 50.13 53.24 52.20 44.85 41.17 39.96 38.73 40.30 45.61 48.61 42.74 49.90 57.14 53.69 51.80 57.22 56.02 46.29 49.26 44.53 44.34 46.53 44.65 45.31 49.40 47.92 43.09 44.06 39.10 36.48 34.87 36.00 33.17 -9999 -9999 -9999 -9999 -9999 22.13
-9999 -9999 -9999 -9999 -9999 -9999 -9999 40.74 41.06 39.67 40.83 39.84 29.05 29.06 24.96 26.39 28.25 30.69 38.28 60.76 28.03 24.18 27.94 23.82 39.61 51.83 52.54 48.62 54.30 52.49 46.22 43.61 52.85 56.66 47.28 44.81 45.04 47.33 50.52 49.73 46.55 47.06 41.56 42.41 38.64 38.38 43.39 44.20 45.47 46.55 47.18 48.13 47.87 50.80 54.66 53.35 49.79 44.56 45.14 41.73 43.54 47.64 50.86 46.51 46.13 44.63 41.79 38.94 33.14 35.08 33.56 -9999 -9999 -9999 -9999 -9999 22.28
-9999 -9999 -9999 -9999 -9999 -9999 47.01 49.39 48.52 43.09 -9999 -9999 -9999 -9999 27.64 34.08 34.57 29.19 32.89 32.37 27.40 29.69 30.63 26.43 47.42 58.96 52.16 50.21 54.33 46.02 44.72 45.97 44.80 45.75 44.32 42.29 39.60 44.59 50.01 43.62 40.92 43.26 41.04 39.34 38.44 38.91 41.84 44.82 43.10 43.24 37.83 43.41 45.82 48.06 51.94 53.92 50.07 52.06 51.28 45.96 45.27 48.14 50.58 46.41 46.96 53.73 47.45 44.69 43.99 42.49 39.44 40.52 -9999 -9999 -9999 -9999 26.22
-9999 -9999 -9999 -9999 -9999 -9999 45.79 55.50 44.93 41.87 -9999 -9999 -9999 -9999 21.88 31.74 37.72 33.86 31.04 31.09 31.27 27.31 27.24 31.57 45.89 38.14 46.90 49.27 51.10 50.53 39.91 43.64 46.37 46.03 44.15 42.47 44.00 44.14 40.50 45.59 41.61 41.77 39.66 40.87 42.09 43.57 47.08 43.29 41.40 40.74 43.83 44.51 45.19 47.89 53.31 51.33 52.27 53.18 51.70 48.14 49.99 48.71 53.27 43.34 49.24 51.87 51.85 48.53 47.50 47.98 45.42 44.76 40.99 -9999 -9999 32.02 29.28
-9999 -9999 -9999 -9999 -9999 -9999 -9999 -9999 -9999 -9999 -9999 -9999 -9999 -9999 24.10 31.04 31.22 31.54 29.06 27.07 32.70 24.94 22.90 33.68 35.78 43.63 50.62 48.84 65.71 54.35 45.22 45.15 45.55 35.85 34.42 39.16 41.18 48.66 45.39 43.91 41.16 39.94 40.84 39.51 39.06 45.00 49.58 44.88 37.96 46.35 50.33 44.19 44.90 47.31 33.51 44.52 48.59 47.52 46.76 45.23 49.56 45.40 53.83 53.16 50.59 51.16 53.64 47.51 50.01 51.10 46.32 45.32 42.56 33.15 38.69 37.09 35.54
-9999 -9999 -9999 -9999 -9999 -9999 -9999 -9999 -9999 -9999 -9999 -9999 -9999 -9999 -9999 28.09 25.20 31.98 33.89 35.47 25.99 33.89 34.90 28.25 39.57 47.00 43.16 52.98 49.95 40.40 44.15 45.80 43.68 43.02 42.88 46.35 46.62 48.29 47.66 47.49 46.49 41.81 47.42 46.29 44.10 46.92 45.48 41.49 40.24 45.50 48.89 42.78 45.87 70.68 45.28 43.05 40.18 41.26 40.97 32.78 49.49 48.96 69.18 58.88 51.40 51.96 52.18 51.20 52.62 48.40 46.18 50.03 44.98 40.75 40.99 41.28 39.19
-9999 -9999 -9999 -9999 -9999 -9999 -9999 -9999 -9999 -9999 -9999 -9999 -9999 -9999 -9999 27.32 36.03 42.06 33.69 36.00 33.25 35.40 27.48 30.01 32.38 35.24 50.04 69.18 51.37 39.69 41.37 50.22 43.88 45.52 47.17 50.64 44.04 52.98 51.78 49.53 48.32 48.46 51.86 53.33 46.25 45.95 46.37 43.31 41.12 43.51 46.62 47.94 52.86 51.49 40.98 35.63 41.27 42.03 43.75 35.93 50.51 62.25 62.53 58.38 55.59 60.29 55.92 55.37 55.29 55.21 57.39 52.09 50.79 46.08 41.90 44.43 40.24
-9999 -9999 -9999 -9999 -9999 -9999 -9999 -9999 -9999 -9999 -9999 -9999 -9999 -9999 29.12 31.49 29.96 33.27 32.39 32.27 34.41 37.29 36.55 40.66 35.74 37.65 51.50 50.45 59.66 45.55 38.64 48.79 48.69 47.80 48.75 54.67 53.05 58.07 49.92 49.67 52.38 54.38 57.15 59.98 55.09 50.95 48.39 47.18 42.25 43.22 45.42 46.46 47.84 47.76 40.23 37.62 41.73 42.23 46.84 51.75 53.06 57.62 60.21 63.21 67.88 70.68 67.41 62.68 57.48 57.27 59.17 56.29 50.87 45.86 49.34 48.99 46.83
-9999 -9999 -9999 -9999 -9999 -9999 -9999 -9999 -9999 -9999 -9999 -9999 -9999 -9999 24.21 27.76 33.05 25.18 23.93 31.46 33.01 37.50 45.01 43.51 37.51 35.09 45.09 40.50 43.62 43.67 45.83 50.41 49.90 42.86 51.97 51.18 48.38 49.84 49.30 55.08 60.04 61.37 69.06 64.59 62.15 55.72 58.35 56.25 48.68 47.24 48.98 51.84 49.59 50.67 51.53 46.23 49.89 51.78 52.71 56.54 73.00 59.59 62.90 61.63 66.17 73.28 74.89 81.96 61.62 53.83 63.68 61.06 54.93 50.90 57.63 51.93 50.42
-9999 -9999 -9999 -9999 -9999 -9999 -9999 -9999 -9999 -9999 -9999 -9999 -9999 -9999 18.45 25.21 22.71 22.65 26.43 36.64 35.97 44.50 45.89 48.99 39.00 37.61 42.99 46.34 45.16 47.21 52.44 62.86 52.74 55.37 57.32 54.12 48.99 48.11 50.65 56.13 59.33 68.02 71.89 68.94 70.54 63.20 67.63 65.91 58.94 51.36 54.00 57.62 50.01 49.55 49.10 50.25 53.21 57.25 57.25 56.32 57.43 57.99 68.27 81.99 82.53 77.15 78.93 83.98 64.65 68.92 69.62 67.46 60.91 57.92 56.97 56.89 55.34
-9999 -9999 -9999 -9999 -9999 -9999 -9999 -9999 -9999 -9999 -9999 -9999 -9999 -9999 -9999 22.61 27.04 31.95 41.07 49.25 36.72 44.41 46.79 39.84 39.47 44.10 41.98 38.87 33.34 37.04 49.00 63.17 55.78 50.22 46.88 59.96 61.37 53.22 56.46 54.15 60.94 71.42 71.24 68.63 70.34 69.56 67.26 71.53 70.49 63.53 58.19 62.84 48.04 51.86 53.14 53.73 52.88 57.88 58.42 59.61 56.99 61.66 67.01 81.30 81.53 84.11 80.36 76.39 72.66 79.25 83.79 68.36 67.98 65.40 60.41 59.56 54.03
-9999 -9999 -9999 -9999 -9999 -9999 -9999 -9999 -9999 -9999 -9999 -9999 -9999 -9999 -9999 24.81 21.80 32.97 53.26 67.12 64.09 46.32 49.55 44.05 56.44 55.29 55.68 55.49 49.77 43.54 51.21 57.89 54.65 54.54 64.77 72.42 60.03 57.67 59.93 53.25 64.77 67.00 80.09 81.02 69.20 70.10 73.68 72.92 78.91 83.77 71.86 65.24 64.27 62.90 61.95 62.43 58.81 59.61 67.33 65.35 66.59 60.78 66.14 76.34 89.30 80.57 77.10 64.53 72.23 74.62 72.20 64.62 61.26 64.45 64.49 61.62 57.86
-9999 -9999 -9999 -9999 -9999 -9999 -9999 -9999 -9999 -9999 -9999 -9999 -9999 -9999 24.85 22.44 28.24 37.88 47.47 64.33 64.01 57.91 59.73 68.94 63.50 63.57 71.03 60.74 58.02 61.11 61.62 50.92 53.78 63.88 72.84 79.85 71.64 56.72 54.33 57.02 60.93 69.84 78.47 87.87 78.58 78.91 82.70 77.42 102.04 98.52 102.19 71.69 70.43 60.10 66.22 67.12 70.04 65.14 67.83 64.84 61.21 63.84 66.32 68.25 78.79 69.91 67.44 63.33 72.48 67.34 64.08 62.21 65.51 69.03 67.58 66.65 64.52
-9999 -9999 -9999 -9999 -9999 -9999 -9999 -9999 -9999 -9999 -9999 -9999 -9999 -9999 29.97 34.23 35.25 37.93 63.28 71.69 74.07 63.65 62.47 62.56 69.69 68.91 78.08 70.73 74.27 71.79 58.48 57.77 47.28 65.11 75.36 94.04 77.64 64.78 51.47 54.79 59.89 63.81 85.16 87.60 90.81 89.53 89.11 92.04 110.98 89.56 81.25 66.49 58.10 64.25 67.23 73.16 66.01 70.27 71.48 64.92 61.24 58.31 67.14 70.19 78.87 68.10 65.44 66.49 62.79 62.28 62.62 63.71 65.25 75.44 70.11 71.65 72.45
-9999 -9999 -9999 -9999 -9999 -9999 -9999 -9999 -9999 -9999 -9999 -9999 -9999 -9999 35.23 39.79 35.44 39.98 64.59 71.95 72.30 61.85 60.13 72.32 69.94 64.91 73.65 94.00 83.22 69.57 71.08 56.30 63.49 61.36 75.77 80.41 77.70 77.13 61.13 54.50 62.48 74.96 85.65 92.69 88.39 96.24 95.59 90.23 89.20 88.50 84.56 65.50 57.82 71.23 74.33 73.61 72.87 71.38 72.17 70.71 63.85 67.42 62.57 65.14 67.56 57.56 55.70 55.28 59.29 57.81 69.30 63.92 65.22 72.65 66.08 60.70 79.52
-9999 -9999 -9999 -9999 -9999 -9999 -9999 -9999 -9999 -9999 -9999 -9999 -9999 39.16 41.87 45.76 40.72 33.47 49.23 62.75 66.36 61.17 55.93 59.14 61.28 64.01 76.78 72.15 79.18 77.30 67.47 53.10 50.55 63.35 76.35 76.39 93.01 77.96 65.44 61.44 64.98 71.20 87.86 89.61 88.80 102.38 97.28 93.29 90.22 86.02 80.63 70.21 66.56 79.12 80.96 75.17 72.88 73.63 77.52 70.93 69.95 69.35 69.49 61.99 55.94 54.81 52.18 55.94 60.70 58.08 63.28 73.78 58.76 65.78 65.45 70.53 68.66
-9999 -9999 -9999 -9999 -9999 -9999 -9999 -9999 -9999 -9999 -9999 -9999 49.88 45.52 45.52 48.46 45.21 45.69 58.10 69.53 70.41 81.75 64.99 68.83 71.86 77.47 113.91 79.09 69.80 69.86 54.48 52.87 67.48 69.56 77.45 71.28 84.00 89.73 77.51 69.72 67.04 73.64 77.99 86.54 89.53 93.84 93.11 94.74 101.39 91.95 85.82 85.02 79.02 76.71 79.02 74.83 75.43 67.52 66.21 70.63 74.38 69.44 75.49 66.47 62.38 57.52 55.01 57.23 63.01 61.85 65.52 70.19 65.81 63.01 65.62 66.48 70.12
-9999 -9999 -9999 -9999 -9999 -9999 -9999 -9999 -9999 -9999 67.11 64.50 51.68 45.87 44.14 49.96 46.73 53.09 59.51 75.17 76.59 75.22 72.65 69.77 76.63 77.90 101.46 83.08 77.75 76.58 61.32 57.47 75.34 73.44 70.23 64.98 88.11 84.85 74.08 72.19 68.74 78.22 74.48 84.16 88.49 85.23 84.37 87.74 99.63 91.65 87.58 91.61 85.31 84.04 85.61 80.92 71.42 72.49 79.83 79.53 82.07 76.19 68.71 69.12 66.98 64.48 50.42 59.70 62.04 57.34 56.06 60.75 66.91 61.21 61.20 59.67 65.96
-9999 -9999 -9999 -9999 -9999 -9999 65.10 55.89 61.88 74.21 69.67 74.14 60.85 53.63 50.30 43.43 57.08 59.30 69.29 72.08 70.68 68.11 69.25 64.55 74.98 86.37 150.91 140.83 102.82 80.76 71.94 74.13 83.92 71.97 77.37 82.71 88.78 77.87 71.58 62.76 66.46 71.29 64.45 76.15 75.53 79.29 81.50 87.78 99.72 96.01 85.89 91.51 83.23 80.39 93.07 90.17 85.14 83.74 91.04 85.74 81.95 84.33 88.97 87.13 75.52 72.56 73.71 68.05 67.00 62.58 58.72 59.98 64.11 63.48 66.57 64.60 65.78
-9999 -9999 -9999 -9999 -9999 67.24 69.41 80.90 79.91 62.11 64.30 66.60 64.44 59.25 49.89 46.44 56.08 67.09 59.21 70.90 66.67 58.19 80.14 63.93 77.36 116.33 121.54 122.39 98.48 86.21 80.90 96.72 86.01 78.42 75.94 85.13 88.62 76.84 76.15 63.70 67.43 66.80 64.57 74.23 76.24 78.20 82.00 89.44 99.73 103.93 111.75 88.81 83.00 83.32 86.00 86.92 92.12 90.84 86.12 88.06 84.36 95.29 94.36 116.31 100.47 82.79 83.44 63.17 70.42 68.26 62.30 61.51 68.47 63.46 61.08 67.43 67.69
-9999 -9999 -9999 -9999 61.63 67.62 61.29 65.41 64.70 59.01 60.66 66.67 61.66 59.28 64.59 51.31 53.36 61.95 50.75 59.97 53.28 66.27 81.97 82.23 85.91 107.53 112.84 131.63 155.12 116.80 91.87 96.64 81.76 81.08 78.00 74.40 78.83 78.58 79.39 66.12 66.96 64.19 66.65 74.73 75.82 82.22 100.49 97.66 99.58 109.11 118.06 88.24 82.11 71.26 86.89 97.63 115.70 95.11 87.66 83.52 81.28 95.48 82.76 73.13 94.43 89.39 82.79 75.81 72.80 72.84 71.25 68.77 59.12 63.26 60.17 68.85 67.00
50.63 56.44 52.67 65.12 64.77 70.71 67.36 65.81 63.59 68.07 75.45 69.27 59.83 76.77 72.77 61.80 55.93 46.82 41.81 56.25 64.31 69.67 71.70 70.89 95.32 113.66 133.75 144.51 150.46 117.22 116.62 101.00 92.42 81.20 69.31 93.40 73.36 81.42 62.44 65.05 70.02 68.92 80.17 72.80 73.83 103.95 98.56 100.73 103.20 110.59 99.72 92.44 87.85 88.13 77.80 87.75 88.66 89.09 87.60 80.27 78.72 86.77 92.86 97.42 84.50 86.81 81.79 78.98 75.14 81.88 80.55 79.61 75.72 72.94 58.22 63.66 69.94
64.62 60.48 62.14 71.62 75.53 84.56 75.17 67.94 70.62 75.83 79.00 72.87 75.00 77.59 69.99 70.02 54.34 43.24 41.79 54.63 62.59 65.38 69.84 74.97 93.18 116.89 134.43 185.56 155.60 135.15 107.56 107.58 101.22 96.50 79.09 82.87 75.67 68.51 69.29 70.74 73.24 70.03 72.55 74.66 88.01 101.95 101.47 101.90 96.35 112.66 100.71 99.42 91.70 83.19 81.60 84.10 87.98 79.66 79.56 75.18 68.39 90.46 86.16 84.39 90.34 94.67 87.63 93.27 95.23 84.62 79.51 69.83 61.93 70.06 72.60 70.94 72.56
