Rainfall_2007-2011/Rainfall_2011-04_ACTUAL.txt
ncols         180
nrows         290
xllcorner     -200000
yllcorner     -200000
cellsize      5000
NODATA_value  -9999
[rows 105 to 139 of 290, columns 77 to 153 of 180]
189.28 204.12 199.73 147.70 166.81 197.03 219.03 224.23 224.48 214.09 192.99 209.07 134.23 103.68 94.56 89.20 95.98 75.31 41.92 34.62 33.77 26.87 28.33 21.93 11.29 8.81 12.92 13.52 12.90 14.39 11.06 9.46 7.95 -9999 -9999 -9999 -9999 -9999 -9999 -9999 -9999 -9999 -9999 -9999 -9999 -9999 -9999 -9999 -9999 -9999 -9999 -9999 -9999 -9999 -9999 -9999 -9999 -9999 -9999 -9999 -9999 -9999 -9999 -9999 -9999 -9999 -9999 -9999 -9999 -9999 -9999 -9999 -9999 -9999 -9999 -9999 -9999
198.24 201.51 203.13 202.73 232.55 226.11 244.76 202.59 255.96 199.77 214.83 157.42 178.94 116.91 126.22 132.59 86.07 89.13 74.48 44.92 33.20 30.50 24.91 18.30 11.61 10.00 13.50 15.23 15.60 14.20 12.14 8.75 8.14 6.51 -9999 -9999 -9999 -9999 -9999 -9999 -9999 -9999 -9999 -9999 -9999 -9999 -9999 -9999 -9999 -9999 -9999 -9999 -9999 -9999 -9999 -9999 -9999 -9999 -9999 -9999 -9999 -9999 -9999 -9999 -9999 -9999 -9999 -9999 -9999 -9999 -9999 -9999 -9999 -9999 -9999 -9999 -9999
154.83 201.00 177.98 204.86 184.11 167.33 188.85 232.87 239.02 156.98 218.85 208.49 143.28 104.25 133.63 102.63 97.88 182.57 112.14 55.24 41.31 32.05 32.26 32.00 22.28 24.61 28.78 18.72 16.13 14.70 14.99 10.93 10.04 8.24 7.09 -9999 -9999 -9999 -9999 -9999 -9999 -9999 -9999 -9999 -9999 -9999 -9999 -9999 -9999 -9999 -9999 -9999 -9999 -9999 -9999 -9999 -9999 -9999 -9999 -9999 -9999 -9999 -9999 -9999 -9999 -9999 -9999 -9999 -9999 -9999 -9999 -9999 -9999 -9999 -9999 -9999 -9999
157.96 172.57 203.66 191.06 180.24 164.56 200.10 209.39 241.61 172.52 309.39 265.95 138.29 94.64 93.47 65.28 74.35 77.43 75.33 53.51 45.13 47.33 52.69 47.61 47.00 38.54 27.03 26.54 18.53 18.31 13.65 12.95 10.77 8.85 7.43 5.27 -9999 -9999 -9999 -9999 -9999 -9999 -9999 -9999 -9999 -9999 -9999 -9999 -9999 -9999 -9999 -9999 -9999 -9999 -9999 -9999 -9999 -9999 -9999 -9999 -9999 -9999 -9999 -9999 -9999 -9999 -9999 -9999 -9999 -9999 -9999 -9999 -9999 -9999 -9999 -9999 -9999
126.55 160.70 198.94 151.36 158.26 187.91 244.55 206.76 154.66 199.40 480.17 270.55 140.34 107.68 92.67 68.20 63.65 47.30 44.32 50.95 63.76 58.88 50.87 51.98 49.08 38.42 29.61 27.53 20.26 17.31 11.63 9.78 8.85 7.40 6.38 -9999 -9999 -9999 -9999 -9999 -9999 -9999 -9999 -9999 -9999 -9999 -9999 -9999 -9999 -9999 -9999 -9999 -9999 -9999 -9999 -9999 -9999 -9999 -9999 -9999 -9999 -9999 -9999 -9999 -9999 -9999 -9999 -9999 -9999 -9999 -9999 -9999 -9999 -9999 -9999 -9999 -9999
107.50 115.60 117.16 147.10 193.05 159.81 199.82 191.51 178.40 195.14 194.85 218.36 140.67 94.58 70.62 55.41 41.68 39.27 34.43 44.92 33.87 30.01 31.09 36.28 42.05 34.42 28.66 24.99 18.92 15.46 11.04 -9999 -9999 -9999 -9999 -9999 -9999 -9999 -9999 -9999 -9999 -9999 -9999 -9999 -9999 -9999 -9999 -9999 -9999 -9999 -9999 -9999 -9999 -9999 -9999 -9999 -9999 -9999 -9999 -9999 -9999 -9999 -9999 -9999 -9999 -9999 -9999 -9999 -9999 -9999 -9999 -9999 -9999 -9999 -9999 -9999 -9999
109.01 104.14 106.44 156.66 152.51 169.98 172.31 124.76 126.80 144.38 93.47 94.45 108.37 71.60 68.26 64.57 58.45 54.15 37.11 35.95 30.58 28.90 30.15 32.26 36.70 32.59 30.40 26.57 19.74 -9999 -9999 -9999 -9999 -9999 -9999 -9999 -9999 -9999 -9999 -9999 -9999 -9999 -9999 -9999 -9999 -9999 -9999 -9999 -9999 -9999 -9999 -9999 -9999 -9999 -9999 -9999 -9999 -9999 -9999 -9999 -9999 -9999 -9999 -9999 -9999 -9999 -9999 -9999 -9999 -9999 -9999 -9999 -9999 -9999 -9999 -9999 -9999
98.75 96.51 132.41 123.81 135.63 166.55 143.98 112.65 125.31 105.82 60.68 53.86 62.85 58.58 68.82 71.04 71.57 59.37 51.53 41.62 32.91 24.47 27.72 27.40 28.98 28.84 29.47 25.59 17.75 -9999 -9999 -9999 -9999 -9999 -9999 -9999 -9999 -9999 -9999 -9999 -9999 -9999 -9999 -9999 -9999 -9999 -9999 -9999 -9999 -9999 -9999 -9999 -9999 -9999 -9999 -9999 -9999 -9999 -9999 -9999 -9999 -9999 -9999 -9999 -9999 -9999 -9999 -9999 -9999 -9999 -9999 -9999 -9999 -9999 -9999 -9999 -9999
-9999 96.70 120.08 115.62 121.73 140.48 131.24 97.73 77.07 75.35 63.96 63.98 72.29 58.09 91.19 97.74 87.58 77.24 55.69 39.96 34.96 25.80 24.94 25.08 26.40 26.86 20.04 -9999 -9999 -9999 -9999 -9999 9.62 8.83 9.38 8.94 -9999 -9999 -9999 -9999 -9999 -9999 -9999 -9999 -9999 -9999 -9999 -9999 -9999 -9999 -9999 -9999 -9999 -9999 -9999 -9999 -9999 -9999 -9999 -9999 -9999 -9999 -9999 -9999 -9999 -9999 -9999 -9999 -9999 -9999 -9999 -9999 -9999 -9999 -9999 -9999 -9999
-9999 82.42 101.75 99.41 93.02 133.51 98.55 112.39 71.43 74.02 71.69 69.13 81.11 73.75 73.73 74.60 62.09 54.96 51.16 41.22 39.03 32.47 27.80 29.22 29.81 25.96 22.24 15.57 14.00 -9999 -9999 9.72 10.28 10.37 8.75 7.80 6.26 5.68 -9999 -9999 -9999 -9999 -9999 -9999 -9999 -9999 -9999 -9999 -9999 -9999 -9999 -9999 -9999 -9999 -9999 -9999 -9999 -9999 -9999 -9999 -9999 -9999 -9999 -9999 -9999 -9999 -9999 -9999 -9999 -9999 -9999 -9999 -9999 -9999 -9999 -9999 -9999
70.77 73.04 61.99 77.91 88.14 95.50 78.79 76.91 83.09 82.95 76.08 63.10 57.24 61.70 61.28 57.33 54.98 53.07 50.93 43.54 40.33 34.65 39.32 38.25 30.86 26.23 24.91 19.04 17.49 14.40 11.99 12.06 8.70 8.51 9.57 10.26 8.63 10.70 8.79 -9999 -9999 -9999 -9999 -9999 -9999 -9999 -9999 -9999 -9999 -9999 -9999 -9999 -9999 -9999 -9999 -9999 -9999 -9999 -9999 -9999 -9999 -9999 -9999 -9999 -9999 -9999 -9999 -9999 -9999 -9999 -9999 -9999 -9999 -9999 -9999 -9999 -9999
75.17 62.34 71.53 70.23 62.88 70.47 -9999 83.51 105.14 99.95 75.53 62.53 50.36 49.49 49.69 51.36 44.37 45.19 51.25 48.84 42.83 35.80 43.76 38.43 31.20 30.52 27.81 23.89 18.60 20.11 15.50 12.68 9.82 9.27 11.08 11.00 12.55 15.29 13.23 13.89 13.06 7.57 -9999 -9999 -9999 -9999 -9999 -9999 -9999 -9999 -9999 -9999 -9999 -9999 -9999 -9999 -9999 -9999 -9999 -9999 -9999 -9999 -9999 -9999 -9999 -9999 -9999 -9999 -9999 -9999 -9999 -9999 -9999 -9999 -9999 -9999 -9999
78.32 57.84 -9999 56.51 55.53 63.85 -9999 82.36 115.30 97.04 79.85 64.95 55.79 49.26 48.02 49.88 41.81 40.08 42.78 40.93 44.46 47.90 40.52 45.65 38.71 37.25 40.64 35.01 24.86 16.75 18.94 15.24 14.42 16.90 17.85 15.72 16.40 16.23 13.63 16.86 11.16 9.05 -9999 -9999 -9999 -9999 -9999 -9999 -9999 -9999 -9999 -9999 -9999 -9999 -9999 -9999 -9999 -9999 -9999 -9999 -9999 -9999 -9999 -9999 -9999 -9999 -9999 -9999 -9999 -9999 -9999 -9999 -9999 -9999 -9999 -9999 -9999
64.35 52.19 -9999 -9999 56.56 55.35 60.67 77.23 84.10 79.76 70.55 76.44 64.88 58.83 50.47 52.98 44.09 39.61 44.55 42.50 46.98 51.40 54.95 55.48 58.19 52.72 41.53 34.03 29.91 24.78 24.22 21.44 19.92 18.03 18.12 16.60 13.99 14.98 11.58 11.61 11.81 10.08 8.63 -9999 -9999 -9999 -9999 -9999 -9999 -9999 -9999 -9999 -9999 -9999 -9999 -9999 -9999 -9999 -9999 -9999 -9999 -9999 -9999 -9999 -9999 -9999 -9999 -9999 -9999 -9999 -9999 -9999 -9999 -9999 -9999 -9999 -9999
-9999 -9999 -9999 -9999 -9999 53.83 52.02 68.98 73.68 65.80 61.03 67.06 67.68 64.65 61.04 60.19 53.37 44.50 35.41 42.92 45.95 49.03 50.61 51.76 51.81 43.22 39.16 31.69 28.16 33.29 31.00 23.37 20.50 15.49 12.23 13.79 13.68 15.34 13.35 11.23 10.47 9.85 7.81 -9999 -9999 -9999 -9999 -9999 -9999 -9999 -9999 -9999 -9999 -9999 -9999 -9999 -9999 -9999 -9999 -9999 -9999 -9999 -9999 -9999 -9999 -9999 -9999 -9999 -9999 -9999 -9999 -9999 -9999 -9999 -9999 -9999 -9999
70.66 81.96 78.38 -9999 -9999 -9999 51.25 60.59 61.04 56.80 53.77 52.10 60.22 59.13 64.80 64.88 55.41 50.14 44.47 44.09 44.91 44.82 39.27 44.16 39.86 36.99 45.43 38.48 36.31 40.17 37.24 28.99 24.90 12.71 14.34 13.13 14.69 17.13 13.26 10.94 10.21 9.35 7.77 7.18 -9999 -9999 -9999 -9999 -9999 -9999 -9999 -9999 -9999 -9999 -9999 -9999 -9999 -9999 -9999 -9999 -9999 -9999 -9999 -9999 -9999 -9999 -9999 -9999 -9999 -9999 -9999 -9999 -9999 -9999 -9999 -9999 -9999
77.93 84.68 99.79 81.66 -9999 -9999 -9999 45.02 43.67 41.11 45.01 45.10 46.88 53.90 53.80 58.07 51.80 49.86 45.43 48.62 39.57 43.67 41.17 48.28 44.68 52.82 37.97 38.09 33.54 33.15 38.11 31.16 24.29 19.95 16.40 14.04 12.98 14.51 11.90 11.02 10.42 9.80 8.28 7.01 6.81 -9999 -9999 -9999 -9999 -9999 -9999 -9999 -9999 -9999 -9999 -9999 -9999 -9999 -9999 -9999 -9999 -9999 -9999 -9999 -9999 -9999 -9999 -9999 -9999 -9999 -9999 -9999 -9999 -9999 -9999 -9999 -9999
57.38 76.33 98.16 79.60 -9999 -9999 -9999 -9999 -9999 32.33 36.22 36.71 42.62 46.49 47.69 52.10 61.26 63.33 57.48 50.83 47.29 49.46 43.82 43.63 43.76 61.55 43.59 31.50 37.47 35.39 28.97 24.16 17.81 18.39 16.72 16.42 14.92 12.39 10.40 9.88 8.40 8.17 11.18 8.95 6.82 4.10 -9999 -9999 -9999 -9999 -9999 -9999 -9999 -9999 -9999 -9999 -9999 -9999 -9999 -9999 -9999 -9999 -9999 -9999 -9999 -9999 -9999 -9999 -9999 -9999 -9999 -9999 -9999 -9999 -9999 -9999 -9999
58.59 62.53 92.96 74.19 -9999 -9999 -9999 -9999 -9999 30.26 38.79 46.93 45.27 53.89 63.08 60.12 64.25 69.36 68.27 56.09 59.32 53.18 47.42 51.60 66.27 58.07 72.12 37.07 49.80 38.89 42.80 38.58 23.37 16.31 16.33 15.59 14.32 13.51 12.92 12.70 10.11 9.96 10.14 8.30 5.63 3.62 5.50 5.76 -9999 -9999 -9999 -9999 -9999 -9999 -9999 -9999 -9999 -9999 -9999 -9999 -9999 -9999 -9999 -9999 -9999 -9999 -9999 -9999 -9999 -9999 -9999 -9999 -9999 -9999 -9999 -9999 -9999
-9999 65.29 71.37 61.19 -9999 -9999 -9999 -9999 -9999 37.48 37.52 45.04 41.72 46.22 49.05 51.73 58.97 65.64 69.59 62.14 57.95 57.98 60.21 71.69 68.23 68.72 81.05 65.23 46.85 44.40 37.59 31.90 22.05 21.26 17.06 17.77 17.59 14.75 13.28 12.08 13.09 12.37 9.23 7.05 4.70 5.56 5.79 4.65 -9999 -9999 -9999 -9999 -9999 -9999 -9999 -9999 -9999 -9999 -9999 -9999 -9999 -9999 -9999 -9999 -9999 -9999 -9999 -9999 -9999 -9999 -9999 -9999 -9999 -9999 -9999 -9999 -9999
-9999 48.83 50.78 49.59 -9999 -9999 -9999 -9999 -9999 43.14 44.67 47.50 47.86 46.84 50.43 57.56 71.68 79.90 68.67 70.30 69.95 56.54 52.13 59.03 60.06 81.92 76.99 66.03 56.89 49.04 36.26 36.28 26.42 26.76 23.52 16.35 17.00 19.73 19.29 17.44 16.22 13.38 11.61 7.40 6.04 6.74 3.70 4.72 -9999 -9999 -9999 -9999 -9999 -9999 -9999 -9999 -9999 -9999 -9999 -9999 -9999 -9999 -9999 -9999 -9999 -9999 -9999 -9999 -9999 -9999 -9999 -9999 -9999 -9999 -9999 -9999 -9999
-9999 -9999 -9999 -9999 -9999 -9999 -9999 -9999 54.14 55.25 58.94 53.10 53.12 52.52 51.75 59.40 63.74 77.40 72.37 68.75 84.28 75.09 73.64 74.13 83.15 95.54 100.49 108.51 74.36 59.23 48.77 36.64 34.16 27.13 25.89 25.68 20.13 22.97 24.53 28.50 20.92 18.40 14.33 8.83 7.79 7.28 6.61 8.55 -9999 -9999 -9999 -9999 -9999 -9999 -9999 -9999 -9999 -9999 -9999 -9999 -9999 -9999 -9999 -9999 -9999 -9999 -9999 -9999 -9999 -9999 -9999 -9999 -9999 -9999 -9999 -9999 -9999
-9999 -9999 -9999 -9999 -9999 -9999 -9999 -9999 65.99 54.65 61.47 60.39 64.44 64.41 68.38 72.83 65.56 58.93 67.61 77.59 80.90 85.54 78.66 73.05 65.81 101.29 89.47 94.13 79.31 67.00 56.12 42.70 30.32 33.58 35.03 30.67 24.07 20.59 29.62 28.81 26.85 25.64 18.06 10.94 8.45 7.75 8.88 10.15 -9999 -9999 -9999 -9999 -9999 -9999 -9999 -9999 -9999 -9999 -9999 -9999 -9999 -9999 -9999 -9999 -9999 -9999 -9999 -9999 -9999 -9999 -9999 -9999 -9999 -9999 -9999 -9999 -9999
-9999 -9999 -9999 -9999 -9999 -9999 -9999 57.22 65.37 52.32 59.26 62.23 56.67 70.66 88.13 89.46 78.28 78.28 63.18 62.26 74.60 88.21 78.11 74.89 60.56 81.29 113.62 100.18 99.25 76.29 70.59 57.42 46.41 43.24 37.07 33.69 47.41 30.02 39.44 34.64 26.59 21.78 17.63 12.83 12.47 10.03 7.01 7.99 -9999 -9999 -9999 -9999 -9999 -9999 -9999 -9999 -9999 -9999 -9999 -9999 -9999 -9999 -9999 -9999 -9999 -9999 -9999 -9999 -9999 -9999 -9999 -9999 -9999 -9999 -9999 -9999 -9999
-9999 -9999 -9999 -9999 -9999 -9999 -9999 50.12 57.65 63.48 58.69 67.94 57.41 71.67 78.62 105.50 93.89 82.38 71.88 73.94 72.28 110.44 101.10 75.50 62.58 85.15 116.80 108.96 102.09 95.12 70.20 72.43 73.47 59.33 55.04 49.74 47.67 32.90 35.54 33.57 27.83 22.49 13.36 12.09 12.30 8.81 6.66 7.17 7.78 -9999 -9999 -9999 -9999 -9999 -9999 -9999 -9999 -9999 -9999 -9999 -9999 -9999 -9999 -9999 -9999 -9999 -9999 -9999 -9999 -9999 -9999 -9999 -9999 -9999 -9999 -9999 -9999
-9999 -9999 -9999 -9999 -9999 -9999 35.63 49.77 59.05 65.00 70.98 67.46 62.69 60.46 80.79 92.00 92.99 85.52 80.57 67.87 60.51 76.11 82.99 73.52 69.94 79.46 106.91 116.66 110.26 96.28 94.70 69.61 74.67 68.46 53.55 65.94 54.94 48.26 40.77 28.07 27.03 17.51 13.28 16.27 13.05 10.33 8.92 8.79 7.45 -9999 -9999 -9999 -9999 -9999 -9999 -9999 -9999 -9999 -9999 -9999 -9999 -9999 -9999 -9999 -9999 -9999 -9999 -9999 -9999 -9999 -9999 -9999 -9999 -9999 -9999 -9999 -9999
-9999 -9999 -9999 -9999 -9999 -9999 46.38 52.79 59.21 78.23 79.85 80.26 73.90 99.26 76.24 81.63 80.65 85.80 80.29 64.58 57.14 66.81 73.07 68.85 63.12 73.86 85.58 102.82 103.51 109.40 78.84 92.05 87.63 70.96 73.71 52.69 55.16 56.01 32.27 26.94 23.45 16.66 16.59 16.17 13.49 11.75 9.85 10.99 8.05 -9999 -9999 -9999 -9999 -9999 -9999 -9999 -9999 -9999 -9999 -9999 -9999 -9999 -9999 -9999 -9999 -9999 -9999 -9999 -9999 -9999 -9999 -9999 -9999 -9999 -9999 -9999 -9999
-9999 -9999 -9999 -9999 -9999 34.29 38.67 48.93 68.02 73.47 75.69 107.65 109.97 114.38 91.53 74.04 75.06 76.85 78.23 69.66 50.58 53.52 65.45 59.00 54.17 69.55 81.77 89.24 103.76 98.32 88.79 108.43 119.58 93.84 80.84 56.10 69.60 61.06 38.37 29.69 25.79 18.97 16.14 13.49 11.94 10.71 8.63 7.94 6.26 -9999 -9999 -9999 -9999 -9999 -9999 -9999 -9999 -9999 -9999 -9999 -9999 -9999 -9999 -9999 -9999 -9999 -9999 -9999 -9999 -9999 -9999 -9999 -9999 -9999 -9999 -9999 -9999
-9999 -9999 -9999 -9999 30.50 33.46 39.19 40.94 55.42 61.02 68.23 102.18 114.03 134.81 91.11 73.55 65.41 76.87 74.11 73.38 69.44 56.72 53.43 60.87 49.28 52.10 71.42 78.99 79.72 81.48 82.46 80.72 83.76 80.84 85.38 68.08 70.36 53.59 42.49 29.28 19.71 15.65 13.41 12.58 10.99 9.48 8.66 7.15 5.85 4.99 -9999 -9999 -9999 -9999 -9999 -9999 -9999 -9999 -9999 -9999 -9999 -9999 -9999 -9999 -9999 -9999 -9999 -9999 -9999 -9999 -9999 -9999 -9999 -9999 -9999 -9999 -9999
-9999 -9999 -9999 -9999 42.01 51.53 44.79 44.86 55.13 60.87 63.47 127.26 133.53 114.43 108.91 79.58 72.80 76.36 69.95 91.46 70.13 56.57 51.59 50.30 56.75 48.44 63.56 66.32 66.97 60.87 51.92 56.22 63.74 66.52 79.29 65.09 65.14 61.38 37.93 23.93 19.38 12.13 9.95 11.61 10.05 7.99 6.75 5.92 7.28 5.63 -9999 -9999 -9999 -9999 -9999 -9999 -9999 -9999 -9999 -9999 -9999 -9999 -9999 -9999 -9999 -9999 -9999 -9999 -9999 -9999 -9999 -9999 -9999 -9999 -9999 -9999 -9999
-9999 -9999 29.50 33.39 42.39 44.73 43.75 48.53 54.59 60.95 63.41 90.59 103.40 120.73 99.02 88.42 70.06 71.21 73.51 70.99 67.21 58.28 46.80 50.25 49.33 39.73 44.98 55.35 58.70 51.87 48.52 50.29 45.59 50.07 69.05 59.80 53.02 47.05 36.45 23.12 18.37 13.93 10.97 8.40 7.84 7.96 6.08 5.94 5.87 5.93 -9999 -9999 -9999 -9999 -9999 -9999 -9999 -9999 -9999 -9999 -9999 -9999 -9999 -9999 -9999 -9999 -9999 -9999 -9999 -9999 -9999 -9999 -9999 -9999 -9999 -9999 -9999
-9999 -9999 26.48 27.95 28.27 35.70 37.66 45.73 47.25 42.66 41.85 42.61 65.12 103.11 90.18 79.86 66.46 63.04 62.85 70.24 64.37 66.38 56.55 57.34 44.82 37.15 36.92 43.74 44.10 39.22 44.85 41.30 40.00 37.88 37.95 43.83 37.26 32.79 26.16 20.74 11.43 11.50 12.51 9.23 5.27 6.97 6.35 5.55 4.06 6.19 2.84 -9999 -9999 -9999 -9999 -9999 -9999 -9999 -9999 -9999 -9999 -9999 -9999 -9999 -9999 -9999 -9999 -9999 -9999 -9999 -9999 -9999 -9999 -9999 -9999 -9999 -9999
-9999 -9999 23.59 24.15 21.19 24.27 25.94 35.32 37.90 33.67 35.36 37.14 52.49 76.50 79.91 75.04 65.12 61.43 55.79 68.81 71.89 83.80 67.64 -9999 -9999 -9999 39.89 41.16 -9999 35.86 33.44 33.49 32.41 28.90 32.65 35.96 28.97 29.44 28.50 19.40 12.72 11.60 8.18 6.18 6.82 6.71 7.14 5.17 5.04 6.39 9.16 -9999 -9999 -9999 -9999 -9999 -9999 -9999 -9999 -9999 -9999 -9999 -9999 -9999 -9999 -9999 -9999 -9999 -9999 -9999 -9999 -9999 -9999 -9999 -9999 -9999 -9999
-9999 -9999 19.83 23.46 20.04 19.73 22.98 30.45 34.94 33.64 31.39 33.75 41.78 72.12 75.27 73.90 61.54 60.69 67.77 63.83 68.57 63.10 62.33 -9999 -9999 -9999 43.52 40.40 38.75 35.22 31.76 31.43 30.22 31.04 35.44 41.95 38.99 42.18 28.40 18.56 18.10 12.68 10.61 8.19 6.95 5.68 6.25 7.37 7.80 6.90 7.99 -9999 -9999 -9999 -9999 -9999 -9999 -9999 -9999 -9999 -9999 -9999 -9999 -9999 -9999 -9999 -9999 -9999 -9999 -9999 -9999 -9999 -9999 -9999 -9999 -9999 -9999
-9999 -9999 -9999 19.99 20.64 18.16 -9999 27.89 31.83 31.12 31.00 30.67 -9999 45.29 47.53 51.30 47.24 49.09 54.00 51.61 52.54 -9999 -9999 -9999 -9999 50.02 34.89 39.45 36.41 34.64 31.38 29.59 29.47 29.42 38.87 56.82 49.02 47.05 30.26 26.68 21.72 12.63 11.45 9.36 6.97 6.16 5.66 6.05 6.98 7.82 7.85 5.14 -9999 -9999 -9999 -9999 -9999 -9999 -9999 -9999 -9999 -9999 -9999 -9999 -9999 -9999 -9999 -9999 -9999 -9999 -9999 -9999 -9999 -9999 -9999 -9999 -9999
