Rainfall_2007-2011/Rainfall_2007-08_ACTUAL.txt
ncols         180
nrows         290
xllcorner     -200000
yllcorner     -200000
cellsize      5000
NODATA_value  -9999
[rows 170 to 203 of 290, columns 76 to 151 of 180]
-9999 -9999 -9999 -9999 -9999 -9999 -9999 -9999 -9999 -9999 -9999 -9999 -9999 -9999 -9999 -9999 -9999 -9999 -9999 -9999 -9999 -9999 -9999 -9999 -9999 -9999 -9999 -9999 -9999 -9999 50.42 57.68 59.73 67.91 66.44 62.21 57.71 56.37 54.39 54.38 46.95 44.46 48.45 49.97 47.82 60.98 54.76 51.33 35.34 28.34 25.74 22.45 21.28 20.50 23.67 24.55 23.88 22.22 25.65 26.54 29.18 28.64 35.09 36.71 38.70 39.95 38.99 50.52 48.91 43.63 46.54 46.65 39.04 -9999 -9999 -9999
-9999 -9999 -9999 -9999 -9999 -9999 -9999 -9999 -9999 -9999 59.57 63.65 82.05 90.60 -9999 -9999 -9999 -9999 -9999 -9999 -9999 -9999 -9999 -9999 -9999 -9999 -9999 -9999 -9999 54.81 57.07 58.72 69.98 70.58 63.43 55.98 54.20 48.60 46.23 45.84 46.62 44.18 45.37 51.68 60.67 69.70 64.13 45.21 43.14 33.48 24.02 26.05 19.51 25.51 26.26 25.25 24.69 21.19 19.66 25.59 30.00 32.51 30.09 34.97 37.58 40.52 51.89 63.06 58.60 55.95 45.08 43.85 41.71 45.57 -9999 -9999
-9999 -9999 -9999 -9999 -9999 -9999 -9999 -9999 -9999 -9999 73.72 74.85 89.03 86.06 -9999 -9999 -9999 -9999 -9999 -9999 -9999 -9999 -9999 -9999 -9999 -9999 -9999 -9999 51.29 61.42 56.18 59.15 81.56 73.88 61.52 50.79 53.24 43.35 38.97 44.15 45.39 44.34 48.55 46.57 55.71 76.16 72.12 49.66 37.21 33.10 30.59 24.44 20.56 25.03 26.72 25.50 23.17 22.84 19.85 25.61 23.83 26.53 28.43 33.11 36.59 43.19 52.69 60.17 64.47 54.17 39.06 48.28 51.08 46.96 -9999 -9999
-9999 -9999 -9999 -9999 -9999 -9999 -9999 -9999 72.96 73.40 70.24 79.25 93.65 98.95 93.99 76.39 91.65 -9999 -9999 51.22 60.53 -9999 -9999 -9999 57.78 70.51 65.20 -9999 52.06 63.75 59.29 57.30 62.67 62.66 64.97 61.45 50.11 37.93 41.48 39.52 40.49 43.18 43.16 56.62 49.88 57.65 60.64 40.22 36.79 35.33 26.13 29.57 22.59 24.30 23.48 24.55 23.05 24.67 24.55 27.43 28.20 24.05 26.05 32.88 38.04 42.30 41.97 53.94 59.40 53.17 49.84 46.54 49.70 37.96 49.51 -9999
-9999 -9999 -9999 -9999 -9999 -9999 -9999 -9999 -9999 63.83 62.93 88.30 105.94 115.18 100.49 101.57 86.92 -9999 59.31 60.56 79.19 74.59 61.82 56.54 60.18 72.12 66.11 61.23 -9999 49.92 53.45 54.59 62.23 58.56 52.86 46.42 40.44 37.54 39.01 40.98 37.20 43.29 43.48 58.48 62.71 52.46 51.79 39.24 47.51 28.46 29.17 24.64 23.68 26.13 25.45 22.19 23.27 29.50 27.51 30.91 33.81 31.41 30.46 37.15 38.75 41.67 42.81 47.73 49.37 52.34 56.04 47.41 46.08 47.49 56.27 -9999
-9999 -9999 -9999 -9999 -9999 -9999 -9999 -9999 -9999 -9999 64.01 85.37 107.15 109.85 91.43 79.44 85.30 80.72 122.32 78.25 83.37 87.99 83.82 66.17 64.59 54.61 75.43 73.21 72.41 46.66 54.49 54.83 54.52 50.16 46.47 42.46 37.42 37.83 37.80 38.77 39.79 45.49 47.80 62.79 67.50 58.79 46.18 37.79 36.63 27.42 31.06 23.06 24.42 24.67 25.29 25.63 27.18 27.28 28.67 29.06 28.58 32.34 38.50 40.60 38.82 39.38 39.08 45.02 44.83 47.50 46.23 42.87 54.03 51.13 58.83 64.03
-9999 -9999 -9999 -9999 -9999 -9999 -9999 -9999 -9999 -9999 -9999 82.40 80.42 77.17 94.33 107.45 104.94 159.79 129.00 71.55 76.93 74.59 88.62 75.46 64.06 67.80 95.90 74.42 59.12 45.81 38.25 41.02 53.40 44.22 42.10 45.54 34.03 36.28 34.32 36.45 37.33 43.13 52.75 56.80 49.80 52.96 44.32 42.98 32.63 34.17 40.04 40.90 32.68 32.18 33.65 26.81 31.12 28.40 26.39 26.32 29.94 34.83 39.06 41.87 41.25 40.22 37.25 39.29 44.57 42.51 47.41 39.19 43.23 48.40 50.47 50.95
-9999 -9999 -9999 -9999 -9999 -9999 -9999 -9999 -9999 -9999 -9999 -9999 80.99 80.22 116.02 122.70 169.54 214.27 169.21 89.31 80.20 88.10 101.04 85.74 77.72 70.24 53.26 74.82 58.03 40.71 61.21 36.05 48.22 42.01 39.89 43.36 35.78 32.37 36.75 38.65 39.64 45.10 55.23 55.56 52.26 46.80 40.11 49.39 50.58 80.11 54.96 38.82 35.44 37.79 42.84 41.76 39.36 30.17 26.27 24.21 35.72 36.04 33.26 40.98 41.15 38.33 36.31 37.88 33.71 38.86 41.33 39.37 45.04 45.10 44.40 46.13
-9999 -9999 -9999 -9999 -9999 -9999 -9999 -9999 -9999 -9999 -9999 -9999 85.74 88.17 135.12 162.80 308.68 318.92 155.27 88.72 66.14 100.46 89.57 76.77 66.24 57.42 48.43 53.10 56.64 37.17 46.94 31.91 33.01 37.40 37.92 38.84 35.45 27.98 33.75 37.74 40.25 43.72 53.09 44.13 44.47 50.39 54.69 56.04 54.25 48.66 47.84 39.41 32.93 38.67 38.47 41.41 43.64 33.33 29.97 31.07 33.83 34.24 34.84 34.04 43.53 37.71 36.15 37.37 33.15 38.25 39.31 42.20 43.50 40.65 41.39 -9999
-9999 -9999 -9999 -9999 -9999 -9999 -9999 -9999 -9999 -9999 -9999 -9999 116.91 157.91 198.12 216.92 378.41 311.02 169.44 113.68 66.40 77.61 70.87 59.26 66.11 39.84 41.70 55.07 49.87 42.70 34.81 33.40 32.94 32.83 37.07 36.67 40.70 33.47 33.73 35.92 44.44 44.99 48.19 52.21 59.88 53.92 51.47 51.98 46.04 48.37 62.21 37.34 39.31 39.26 39.25 38.79 34.50 37.04 29.31 29.60 31.94 31.73 32.56 33.77 29.75 32.43 32.85 36.49 42.91 41.81 36.07 41.63 41.52 43.01 -9999 -9999
-9999 -9999 -9999 -9999 -9999 -9999 -9999 -9999 -9999 -9999 -9999 99.69 189.80 154.50 216.69 258.81 203.04 221.65 169.30 99.12 70.01 82.53 63.61 63.23 44.94 51.48 55.60 53.36 47.67 44.01 30.76 31.33 31.46 34.85 34.03 33.18 33.97 33.02 33.05 38.33 41.35 44.37 49.35 53.90 46.78 52.63 57.11 48.78 47.08 44.10 42.83 43.17 36.89 32.66 36.89 39.83 33.46 34.85 34.42 32.02 32.41 34.26 32.03 29.12 25.95 30.90 34.18 35.73 37.13 41.63 45.16 42.49 41.89 -9999 -9999 -9999
-9999 -9999 -9999 -9999 -9999 -9999 -9999 -9999 -9999 77.39 85.73 100.26 113.53 114.87 143.00 179.49 131.72 151.11 116.76 97.65 72.17 61.65 56.04 58.55 43.74 52.67 54.73 35.40 34.91 33.53 35.15 30.90 29.31 33.27 30.50 27.72 29.81 32.95 33.04 37.07 42.53 44.76 44.37 41.18 48.07 46.03 41.36 49.01 41.48 32.52 37.52 38.93 37.33 33.59 36.56 36.05 38.50 43.05 46.92 33.43 38.89 34.23 31.56 31.26 31.95 29.86 34.73 34.87 32.08 43.09 42.42 54.40 -9999 -9999 -9999 -9999
-9999 -9999 -9999 -9999 -9999 -9999 -9999 -9999 69.89 76.60 78.92 83.55 88.99 68.85 83.42 85.31 90.62 95.51 105.98 91.28 86.18 51.54 31.06 39.97 36.16 57.39 64.82 53.80 39.59 37.30 35.41 31.42 27.93 29.52 29.54 23.96 27.76 31.87 36.73 39.62 38.00 45.95 44.68 38.05 38.57 35.66 35.64 40.27 35.04 31.90 32.91 27.26 32.08 35.38 36.62 32.36 37.51 39.39 41.98 36.68 29.46 33.53 31.92 33.62 33.78 30.76 35.51 37.41 33.63 44.95 51.13 58.08 -9999 -9999 -9999 -9999
-9999 -9999 -9999 -9999 -9999 -9999 -9999 61.37 81.75 84.55 80.97 -9999 -9999 -9999 -9999 71.69 95.84 113.93 102.76 93.71 73.19 54.29 50.54 56.56 41.44 73.70 74.37 57.80 52.27 45.40 32.98 26.85 23.09 23.42 25.11 25.67 25.38 30.68 36.58 38.71 33.85 33.37 35.92 36.48 35.54 35.90 31.66 34.53 37.36 33.91 30.98 27.04 29.84 35.80 39.16 36.71 35.38 40.59 38.81 39.31 33.27 37.69 37.83 35.37 35.32 38.54 44.65 48.73 47.75 54.07 51.47 47.76 50.85 -9999 -9999 -9999
-9999 -9999 -9999 -9999 -9999 -9999 -9999 60.93 83.05 75.61 71.04 -9999 -9999 -9999 -9999 54.75 79.25 114.84 85.37 92.66 88.62 73.31 83.34 83.89 57.95 70.77 50.06 44.96 43.87 42.71 29.32 26.19 21.54 23.53 29.31 26.29 21.98 23.27 29.25 28.26 33.77 32.17 31.61 29.81 31.32 39.24 38.37 39.66 37.95 37.62 33.72 35.60 34.80 42.97 46.61 34.29 33.54 39.52 40.31 42.17 39.17 43.40 43.07 47.32 46.31 42.46 56.05 66.18 51.82 57.49 45.77 44.52 45.07 46.09 -9999 -9999
-9999 -9999 -9999 -9999 -9999 -9999 -9999 -9999 -9999 -9999 -9999 -9999 -9999 -9999 -9999 49.74 83.77 86.72 75.35 81.75 79.39 103.78 99.60 68.32 73.40 65.62 51.21 42.08 33.79 25.21 21.98 21.77 20.42 23.08 25.85 24.73 18.13 16.86 21.77 29.85 30.57 28.20 32.64 30.69 29.90 30.49 35.56 37.85 37.09 37.65 41.83 38.57 35.73 37.09 30.26 38.88 36.03 36.54 38.11 37.78 37.58 46.08 48.41 55.41 40.52 40.35 56.68 63.52 44.92 31.05 36.28 39.00 42.63 43.72 30.12 38.69
-9999 -9999 -9999 -9999 -9999 -9999 -9999 -9999 -9999 -9999 -9999 -9999 -9999 -9999 -9999 -9999 95.19 71.71 64.65 85.67 105.68 115.67 101.25 81.41 62.95 32.55 40.94 30.14 24.60 19.63 17.78 17.71 17.06 16.46 20.46 21.29 16.06 16.49 20.24 23.88 24.58 24.17 23.71 31.45 35.17 29.85 30.94 31.83 35.08 39.47 40.82 41.03 36.39 37.44 40.47 38.02 35.68 33.15 34.72 38.29 38.86 40.55 44.34 34.19 36.75 39.19 52.24 47.93 44.51 35.07 37.50 36.88 46.09 47.01 40.15 53.84
-9999 -9999 -9999 -9999 -9999 -9999 -9999 -9999 -9999 -9999 -9999 -9999 -9999 -9999 -9999 -9999 75.69 117.70 163.53 117.09 101.18 89.32 79.28 62.05 52.02 34.05 30.30 31.14 27.40 19.57 16.76 14.49 14.96 12.18 18.08 19.04 19.03 18.48 21.92 22.34 20.93 19.54 24.87 28.07 34.47 29.53 26.05 33.91 36.35 40.17 40.93 44.72 44.78 52.20 44.88 34.97 34.87 36.37 39.03 40.38 41.64 38.51 35.76 38.25 39.32 38.66 44.47 44.94 43.07 39.60 44.19 42.26 43.19 45.95 48.74 65.22
-9999 -9999 -9999 -9999 -9999 -9999 -9999 -9999 -9999 -9999 -9999 -9999 -9999 -9999 -9999 76.02 83.33 98.77 128.64 110.77 88.19 78.54 72.59 54.94 47.78 34.98 27.29 26.29 15.73 23.03 17.56 11.76 11.61 15.91 18.42 18.34 21.48 25.07 22.05 22.18 21.82 24.04 25.19 29.73 34.28 31.38 30.80 34.92 36.54 38.37 34.87 40.32 41.54 48.12 37.77 34.21 37.98 41.59 42.13 43.59 51.19 43.74 39.35 43.47 39.40 41.77 41.97 40.55 39.33 37.08 40.27 40.62 45.02 49.36 50.57 52.55
-9999 -9999 -9999 -9999 -9999 -9999 -9999 -9999 -9999 -9999 -9999 -9999 -9999 -9999 -9999 61.83 70.85 100.89 86.86 81.07 65.75 63.91 66.72 55.18 32.61 26.01 24.29 23.77 16.71 19.01 21.35 21.10 19.47 17.94 18.31 16.24 20.90 26.10 24.03 24.32 27.01 29.83 25.39 33.39 33.91 33.59 34.77 33.28 34.97 36.40 38.42 44.09 49.59 47.62 43.52 37.90 38.73 46.31 46.47 39.04 44.13 40.67 36.85 39.82 36.11 38.48 43.15 35.55 39.25 34.83 32.15 39.48 45.35 48.60 47.75 59.02
-9999 -9999 -9999 -9999 -9999 -9999 -9999 -9999 -9999 -9999 -9999 -9999 -9999 -9999 -9999 47.87 58.33 58.20 66.92 61.94 59.66 58.95 63.71 44.73 36.24 20.32 19.94 20.89 17.36 16.55 23.97 30.68 29.21 24.15 22.68 22.05 23.77 26.19 23.19 26.68 26.17 28.93 29.81 33.11 35.05 37.38 34.40 30.89 34.64 43.14 43.89 41.32 45.43 41.82 46.05 44.86 51.30 51.13 45.16 41.34 37.20 31.95 37.06 39.82 41.02 30.52 32.17 29.60 29.41 38.07 41.97 41.94 46.43 44.37 51.12 57.96
-9999 -9999 -9999 -9999 -9999 -9999 -9999 -9999 -9999 -9999 -9999 -9999 -9999 -9999 -9999 -9999 56.19 70.75 80.03 81.12 77.67 56.45 51.07 35.20 23.92 22.46 18.76 18.76 18.85 14.43 17.66 25.41 29.51 22.76 21.16 19.43 27.85 30.24 25.09 28.79 27.58 30.59 35.81 37.15 34.85 33.70 35.17 36.34 35.83 42.43 43.04 42.95 46.67 44.98 44.17 45.63 51.62 43.27 46.48 40.01 34.47 29.77 38.92 37.99 32.00 24.59 29.94 34.14 36.51 39.44 37.65 42.94 48.01 49.74 57.91 59.01
-9999 -9999 -9999 -9999 -9999 -9999 -9999 -9999 -9999 -9999 -9999 -9999 -9999 -9999 -9999 -9999 61.06 74.23 89.95 83.69 85.22 68.70 46.77 35.39 29.09 27.61 29.40 29.66 25.37 22.15 18.10 21.52 27.49 26.33 25.73 33.37 37.88 33.55 29.47 32.85 31.71 30.84 35.51 42.60 36.94 34.52 35.35 37.24 43.01 42.98 45.38 43.85 45.23 45.57 44.12 44.47 44.29 39.34 49.10 52.35 39.63 41.96 47.80 33.87 33.35 28.57 31.07 42.09 46.15 39.64 43.06 46.32 50.17 57.67 60.76 64.05
-9999 -9999 -9999 -9999 -9999 -9999 -9999 -9999 -9999 -9999 -9999 -9999 -9999 -9999 -9999 58.94 49.35 71.19 86.10 84.01 72.83 62.34 36.02 39.99 45.74 38.94 34.20 36.64 28.53 25.20 27.84 27.79 24.23 26.57 33.24 42.03 43.75 35.65 29.78 35.96 32.06 33.96 38.20 44.40 46.90 42.83 49.65 48.26 40.22 48.94 50.18 43.87 43.28 41.47 42.32 43.32 44.11 44.18 37.74 41.36 34.75 30.31 34.64 30.69 32.99 37.01 43.13 49.61 46.69 38.46 42.80 49.62 53.71 59.69 64.91 64.42
-9999 -9999 -9999 -9999 -9999 -9999 -9999 -9999 -9999 -9999 -9999 -9999 -9999 -9999 -9999 61.61 61.57 73.53 75.97 90.71 83.92 53.57 38.78 32.56 32.97 42.07 43.39 44.07 32.97 34.74 34.07 26.03 30.82 26.57 31.23 36.08 35.89 30.85 29.16 33.71 29.81 33.45 35.80 50.38 54.09 60.70 64.83 62.03 47.45 51.02 36.81 38.80 42.54 43.52 41.09 41.67 45.11 43.39 40.91 38.91 32.68 28.77 32.67 37.23 35.58 40.31 45.73 51.74 49.19 47.81 51.79 53.47 53.84 56.43 67.67 61.56
-9999 -9999 -9999 -9999 -9999 -9999 -9999 -9999 -9999 -9999 -9999 -9999 -9999 -9999 -9999 63.62 68.13 72.09 55.94 86.15 82.62 54.77 42.81 32.56 34.22 38.77 38.52 42.50 41.00 34.54 29.33 30.33 25.70 35.91 30.40 28.60 29.87 28.90 28.36 27.94 24.47 35.30 45.78 49.24 72.87 67.31 57.41 55.07 52.91 44.96 34.38 38.49 42.00 44.58 42.54 43.90 44.45 46.53 32.38 29.85 36.61 33.70 35.48 34.22 38.60 39.82 39.43 41.39 45.40 53.52 56.37 58.32 54.81 51.08 50.96 57.54
-9999 -9999 -9999 -9999 -9999 -9999 -9999 -9999 -9999 -9999 -9999 -9999 -9999 -9999 73.16 87.41 93.53 88.62 59.02 78.76 69.08 51.55 38.81 31.02 32.23 35.29 35.57 47.43 37.43 30.94 33.27 30.32 28.75 29.14 27.43 21.92 25.27 36.84 29.47 27.84 24.71 41.67 45.36 46.22 58.12 53.38 56.04 55.42 48.80 41.78 39.04 38.95 39.31 34.65 25.83 35.75 44.86 39.05 27.86 27.33 34.84 34.02 32.55 40.95 38.37 37.18 37.90 38.04 42.03 48.82 52.32 53.24 61.82 50.09 48.76 61.98
-9999 -9999 -9999 -9999 -9999 -9999 -9999 -9999 -9999 -9999 -9999 -9999 -9999 52.90 90.41 115.65 98.59 81.09 86.98 102.68 83.45 63.22 48.75 39.37 46.61 42.14 36.17 48.18 34.53 33.39 29.53 26.82 22.76 33.51 28.54 34.29 33.23 36.60 30.01 37.60 35.26 40.17 42.79 43.33 43.26 49.16 47.74 46.97 40.85 34.20 37.80 39.36 42.94 35.38 27.52 31.24 35.31 36.13 29.28 29.90 32.17 33.03 38.51 42.81 38.74 37.09 37.68 39.79 37.80 50.01 53.30 56.03 57.34 52.55 53.85 68.79
-9999 -9999 -9999 -9999 -9999 -9999 -9999 -9999 -9999 -9999 -9999 56.29 49.74 60.79 65.65 97.43 99.83 81.57 101.82 109.78 102.08 83.92 58.90 53.21 46.21 45.09 36.56 45.61 35.61 31.90 35.64 28.00 23.77 30.81 32.15 38.93 34.39 40.05 31.37 34.23 36.25 37.01 40.85 41.58 43.70 43.70 40.29 35.03 30.10 26.20 29.21 39.05 42.46 42.92 41.89 38.91 37.18 39.19 32.16 34.76 34.88 31.67 37.62 33.94 38.66 35.36 38.21 39.81 43.11 49.00 61.50 62.69 63.94 53.16 59.72 65.19
-9999 -9999 -9999 -9999 -9999 -9999 -9999 62.07 50.47 58.74 86.40 85.13 88.19 94.08 87.22 82.11 78.75 101.10 95.83 94.75 92.01 79.71 57.00 45.24 30.69 39.85 39.34 55.22 45.53 35.37 33.17 27.63 28.04 35.67 29.88 37.93 42.11 43.09 24.16 23.94 29.43 32.75 39.72 40.89 47.23 37.03 33.57 29.18 29.37 30.57 34.83 37.73 48.52 42.32 36.77 42.63 42.35 39.51 36.68 34.93 37.99 34.25 37.56 32.97 35.42 38.00 39.17 42.94 49.41 53.53 62.04 61.89 61.57 59.88 63.65 84.42
-9999 -9999 -9999 -9999 -9999 -9999 58.76 62.24 77.48 79.39 73.20 84.89 86.27 92.36 87.26 61.69 89.64 96.51 116.38 100.51 95.56 72.88 56.24 60.69 47.15 33.49 51.60 42.94 35.72 26.74 26.80 25.67 30.37 25.53 29.46 29.04 32.91 40.82 36.41 46.80 40.68 36.25 45.07 44.40 49.57 43.64 34.55 30.71 27.03 33.58 37.52 45.05 42.74 42.20 42.05 40.91 38.62 38.81 36.16 38.98 42.50 38.27 35.19 31.35 33.67 32.53 38.83 44.44 41.94 50.42 58.64 62.09 68.28 62.83 62.12 71.19
-9999 -9999 -9999 -9999 -9999 47.32 54.51 55.00 63.82 66.40 68.56 79.77 90.50 87.61 87.84 105.16 90.20 84.61 113.31 91.35 87.66 66.41 72.29 55.92 49.55 42.29 43.18 41.55 28.46 34.50 33.68 21.79 21.33 19.49 23.86 24.40 26.21 37.34 44.37 46.14 39.78 40.06 47.16 53.11 45.63 32.96 34.30 46.74 38.13 37.35 33.50 35.98 41.51 39.42 59.03 44.04 39.26 41.60 42.57 40.03 42.39 39.24 33.51 33.63 33.78 31.48 45.76 46.75 50.61 51.56 55.87 69.51 73.04 62.70 68.86 75.88
-9999 46.33 57.22 58.56 79.03 69.56 65.90 70.33 73.72 74.20 83.48 87.29 102.98 112.47 125.42 100.68 90.67 88.85 94.01 86.64 79.51 76.82 65.16 51.10 60.56 46.02 45.11 41.62 44.02 39.46 27.60 27.00 25.74 24.77 21.10 23.26 34.14 35.11 37.55 50.20 39.12 42.59 44.02 50.12 33.47 14.63 35.39 43.46 41.22 36.08 29.26 48.50 43.30 32.55 37.45 34.06 37.15 37.77 40.68 40.17 42.88 35.00 33.65 46.64 41.12 42.10 45.55 46.69 50.66 54.23 67.06 72.00 73.27 77.29 75.73 74.61
57.40 62.90 66.50 70.22 93.92 115.82 99.43 87.20 77.12 97.68 120.91 103.52 110.72 121.29 125.18 107.31 104.90 80.77 75.63 77.44 74.72 79.71 57.79 44.29 41.34 33.79 46.59 52.58 75.46 47.85 34.36 26.80 30.46 31.74 34.04 24.99 30.59 30.87 33.63 39.58 40.76 44.96 44.14 40.00 34.04 41.08 41.56 49.60 42.77 45.96 51.55 49.70 42.85 37.98 39.72 42.58 40.13 40.96 39.07 41.95 37.76 36.01 44.41 41.53 41.44 54.87 53.11 55.04 58.98 56.95 73.46 73.43 74.20 71.85 71.64 73.64
