Rainfall_2007-2011/Rainfall_2009-03_ACTUAL.txt
ncols         180
nrows         290
xllcorner     -200000
yllcorner     -200000
cellsize      5000
NODATA_value  -9999
[rows 170 to 203 of 290, columns 77 to 153 of 180]
-9999 -9999 -9999 -9999 -9999 -9999 -9999 -9999 -9999 -9999 -9999 -9999 -9999 -9999 -9999 -9999 -9999 -9999 -9999 -9999 -9999 -9999 -9999 -9999 -9999 -9999 -9999 -9999 -9999 31.66 33.62 33.32 34.34 36.87 38.48 38.23 37.53 40.16 41.15 41.05 43.25 47.33 60.61 67.87 82.87 95.39 95.05 62.92 46.19 40.35 31.16 29.22 26.20 28.63 27.43 26.63 21.15 20.28 18.98 20.57 20.45 22.36 22.30 21.88 22.18 23.25 24.20 25.40 22.47 17.44 18.73 22.95 -9999 -9999 -9999 -9999 -9999
-9999 -9999 -9999 -9999 -9999 -9999 -9999 -9999 -9999 53.35 47.63 43.25 45.06 -9999 -9999 -9999 -9999 -9999 -9999 -9999 -9999 -9999 -9999 -9999 -9999 -9999 -9999 -9999 21.74 26.70 31.18 32.85 32.36 34.30 32.63 30.81 33.89 34.83 32.69 40.92 43.29 48.22 60.35 79.10 74.72 99.02 85.12 78.48 70.68 41.74 40.18 29.64 32.46 38.94 32.28 24.92 19.73 18.02 18.64 19.35 18.55 19.40 20.31 20.43 20.18 21.70 23.47 26.34 25.63 22.43 22.47 25.12 25.78 -9999 -9999 -9999 -9999
-9999 -9999 -9999 -9999 -9999 -9999 -9999 -9999 -9999 45.50 44.46 49.18 46.35 -9999 -9999 -9999 -9999 -9999 -9999 -9999 -9999 -9999 -9999 -9999 -9999 -9999 -9999 25.64 23.99 25.64 30.75 34.33 31.09 31.69 30.44 32.46 32.12 35.55 35.67 36.27 41.36 47.56 52.32 65.88 78.77 125.30 90.01 82.57 67.03 48.65 39.58 27.76 28.97 35.71 28.93 21.87 20.10 18.95 16.62 11.71 19.63 18.27 20.67 19.66 21.46 20.36 24.85 21.01 25.32 27.23 25.49 24.43 26.42 -9999 -9999 -9999 -9999
-9999 -9999 -9999 -9999 -9999 -9999 -9999 28.81 33.16 37.34 45.47 47.15 51.11 50.51 38.70 42.56 -9999 -9999 27.92 34.58 -9999 -9999 -9999 26.20 32.20 35.29 -9999 24.87 27.53 26.30 26.65 27.38 29.17 31.00 32.46 34.79 31.27 29.86 29.16 30.71 43.52 44.42 62.91 60.96 73.00 89.21 70.11 65.95 59.36 48.04 46.47 32.58 29.78 28.28 22.87 21.00 19.59 18.46 16.96 15.15 16.41 15.90 21.79 19.84 20.62 21.15 24.91 26.31 27.19 28.74 27.62 24.83 26.74 28.18 -9999 -9999 -9999
-9999 -9999 -9999 -9999 -9999 -9999 -9999 -9999 29.12 28.42 42.69 50.08 49.54 47.10 46.85 45.67 -9999 35.78 42.25 45.87 38.97 28.59 29.15 26.64 31.76 28.77 28.54 -9999 22.64 21.39 24.98 27.52 27.16 26.95 26.40 28.12 29.04 28.09 31.22 23.82 44.76 45.08 60.77 94.97 89.45 79.67 61.17 73.69 54.98 48.59 39.92 34.19 32.05 29.33 21.93 20.59 20.95 20.50 19.71 16.95 17.61 17.79 19.36 19.52 20.32 22.06 25.21 26.45 27.02 36.00 33.21 30.14 28.45 28.19 -9999 -9999 -9999
-9999 -9999 -9999 -9999 -9999 -9999 -9999 -9999 -9999 28.49 37.49 47.34 48.03 43.76 48.59 56.60 69.30 85.01 53.22 52.52 48.07 43.05 36.59 32.00 27.69 26.21 30.14 31.84 24.36 21.98 24.48 28.40 22.27 23.94 25.65 28.97 28.89 25.18 32.76 36.71 43.86 40.70 62.34 77.29 80.16 76.68 64.34 59.04 60.97 53.69 43.52 36.52 30.57 26.96 23.26 23.64 22.19 21.11 19.42 17.83 17.75 17.88 16.95 19.85 21.24 22.59 23.78 24.48 29.38 35.60 34.11 32.83 30.29 28.20 28.42 -9999 -9999
-9999 -9999 -9999 -9999 -9999 -9999 -9999 -9999 -9999 -9999 37.09 38.50 48.47 50.55 62.57 77.86 107.19 100.69 74.32 59.15 46.58 52.92 45.73 34.62 33.50 30.23 26.30 31.68 29.65 27.07 20.58 18.32 19.01 22.36 17.83 34.98 38.48 28.74 32.33 34.69 39.95 54.88 64.05 100.77 85.87 78.04 74.24 56.87 57.18 60.99 46.58 39.92 32.33 29.94 24.40 25.10 21.91 19.27 18.05 16.07 17.63 20.70 22.30 21.28 22.23 23.08 22.31 24.00 29.06 35.62 32.97 30.64 29.95 27.65 25.93 -9999 -9999
-9999 -9999 -9999 -9999 -9999 -9999 -9999 -9999 -9999 -9999 -9999 43.75 46.92 72.01 91.46 107.71 137.87 133.20 90.17 81.65 55.62 62.40 58.23 48.42 39.84 27.76 40.90 34.40 28.68 27.29 19.61 19.89 19.76 19.65 21.24 24.70 26.53 28.73 32.59 32.82 37.87 56.99 63.98 66.32 71.80 64.60 69.01 58.71 47.93 53.11 46.72 37.13 33.59 28.36 26.74 25.62 22.29 19.07 16.94 12.99 17.56 15.42 22.44 22.12 22.34 24.31 24.95 27.79 29.35 30.70 24.82 29.50 29.55 28.34 24.72 -9999 -9999
-9999 -9999 -9999 -9999 -9999 -9999 -9999 -9999 -9999 -9999 -9999 46.05 50.61 76.80 107.22 178.06 189.25 135.43 82.75 69.16 73.14 68.05 66.72 54.67 50.42 29.02 30.29 37.83 40.86 30.89 19.94 18.35 19.63 20.33 21.72 23.79 23.35 27.00 34.83 34.66 35.52 53.81 52.03 44.75 62.43 66.53 65.50 50.67 44.55 47.19 44.67 33.07 33.58 31.71 27.41 25.76 22.90 19.08 16.82 16.28 18.96 20.84 22.15 22.58 24.67 26.89 26.27 28.50 28.30 28.96 27.39 28.34 30.00 31.79 -9999 -9999 -9999
-9999 -9999 -9999 -9999 -9999 -9999 -9999 -9999 -9999 -9999 -9999 53.48 60.48 88.06 124.49 211.11 183.45 126.36 93.49 69.08 80.68 58.67 59.56 55.12 45.67 35.27 40.05 35.43 36.81 27.61 22.66 20.10 20.66 20.68 20.94 24.00 23.54 28.00 35.13 41.26 41.98 48.60 59.86 57.85 56.25 56.86 59.84 46.39 44.73 40.69 34.67 34.67 34.13 33.78 33.30 26.15 26.36 18.17 16.20 23.05 21.77 21.38 29.29 27.68 30.57 30.26 28.08 32.34 28.09 27.14 26.72 28.65 29.03 -9999 -9999 -9999 -9999
-9999 -9999 -9999 -9999 -9999 -9999 -9999 -9999 -9999 -9999 51.23 87.64 66.42 110.47 133.74 139.82 201.78 161.23 129.33 123.28 101.15 68.22 54.42 40.94 41.94 43.13 45.47 40.55 40.69 26.58 19.83 19.98 21.60 21.27 20.97 22.99 24.01 26.77 34.32 37.49 36.56 49.98 51.69 54.00 51.40 56.41 47.90 44.86 39.92 39.52 30.71 31.09 36.30 33.02 30.63 25.19 26.91 25.38 23.59 22.76 22.90 22.71 29.56 28.50 31.14 30.48 27.48 28.29 26.33 25.94 28.37 27.64 -9999 -9999 -9999 -9999 -9999
-9999 -9999 -9999 -9999 -9999 -9999 -9999 -9999 32.58 38.86 48.80 63.74 67.74 80.90 104.11 96.86 148.46 166.00 138.91 127.18 106.64 65.41 74.48 52.26 51.54 46.36 35.37 33.97 32.79 28.70 24.28 20.84 20.49 18.94 20.66 22.30 24.22 27.86 33.60 37.21 40.79 42.91 45.73 52.53 42.91 42.89 46.34 39.63 36.54 37.47 33.94 31.09 29.73 31.14 31.19 25.98 24.23 25.84 26.00 23.26 23.34 22.93 25.52 27.23 25.08 26.86 27.21 27.31 25.36 19.51 25.45 -9999 -9999 -9999 -9999 -9999 28.84
-9999 -9999 -9999 -9999 -9999 -9999 -9999 35.74 31.35 41.53 43.70 54.26 50.47 61.18 69.25 70.51 96.79 123.96 121.03 141.99 93.17 74.16 72.61 56.56 65.38 58.97 50.33 39.68 34.24 30.53 25.47 21.44 20.61 19.12 17.62 21.29 24.73 26.70 30.84 35.08 39.39 43.09 43.54 42.52 41.78 37.98 36.14 34.07 34.57 33.86 30.46 32.19 31.73 29.14 29.02 27.32 25.90 26.20 25.31 23.68 24.32 24.43 27.70 27.12 24.94 24.70 25.12 26.28 23.58 23.89 24.80 -9999 -9999 -9999 -9999 -9999 36.64
-9999 -9999 -9999 -9999 -9999 -9999 34.40 40.46 39.04 43.67 -9999 -9999 -9999 -9999 44.96 65.83 108.99 113.05 119.82 115.99 114.81 102.30 93.34 75.96 93.10 68.13 51.87 40.94 37.11 26.09 22.14 18.57 18.86 19.16 19.28 19.53 23.62 23.96 27.64 29.18 35.58 37.03 37.14 34.50 36.11 32.94 33.61 35.70 32.83 29.35 29.00 29.03 30.40 30.29 28.35 27.27 27.36 28.10 27.77 24.93 21.73 22.85 28.54 26.54 24.78 22.42 23.24 22.58 21.54 24.20 24.95 26.82 -9999 -9999 -9999 -9999 36.15
-9999 -9999 -9999 -9999 -9999 -9999 33.09 42.72 42.87 45.61 -9999 -9999 -9999 -9999 50.11 63.01 117.72 111.35 125.10 142.35 139.78 134.90 118.05 87.08 93.04 67.14 47.33 39.61 29.34 25.08 18.63 16.97 18.47 19.68 21.38 20.50 23.58 23.99 30.35 32.52 34.68 34.31 31.96 29.93 25.26 30.56 37.61 38.22 35.53 30.08 31.84 29.71 30.09 31.60 27.65 23.04 26.43 27.23 26.07 23.26 22.07 23.61 26.32 25.89 25.28 22.73 23.65 22.78 21.14 25.01 26.48 27.43 29.70 -9999 -9999 34.27 37.04
-9999 -9999 -9999 -9999 -9999 -9999 -9999 -9999 -9999 -9999 -9999 -9999 -9999 -9999 45.66 68.05 90.81 100.33 123.91 123.01 148.32 157.65 102.35 88.45 77.43 58.38 42.01 35.15 24.53 20.61 22.02 19.58 20.14 19.76 19.23 21.35 20.77 26.41 31.70 31.62 32.65 35.86 33.02 27.70 13.99 24.26 32.49 37.94 31.11 34.25 34.34 28.23 25.93 26.18 27.41 19.91 21.58 25.63 23.09 22.84 27.74 28.16 26.35 27.65 27.26 22.37 24.21 22.00 24.57 24.56 28.19 30.84 33.61 29.63 32.33 34.26 38.43
-9999 -9999 -9999 -9999 -9999 -9999 -9999 -9999 -9999 -9999 -9999 -9999 -9999 -9999 -9999 57.62 72.03 99.98 114.75 137.80 139.34 143.93 115.11 89.79 64.80 38.32 21.08 32.17 26.18 22.96 21.74 21.29 20.59 20.74 19.98 19.83 22.42 27.08 28.01 29.67 29.72 26.83 31.81 29.91 23.18 25.67 25.33 25.38 27.47 29.80 30.18 26.34 28.68 31.03 25.78 22.14 18.01 21.64 27.41 28.72 28.40 25.91 24.54 25.33 26.63 20.31 20.53 22.43 24.63 28.29 33.36 31.08 33.15 31.18 31.22 32.54 37.51
-9999 -9999 -9999 -9999 -9999 -9999 -9999 -9999 -9999 -9999 -9999 -9999 -9999 -9999 -9999 69.07 102.94 162.01 147.17 139.27 124.70 120.00 99.55 81.17 58.77 37.84 38.85 44.82 28.35 25.47 23.82 26.88 19.19 20.93 20.50 20.97 24.18 28.86 29.54 28.32 29.01 29.37 29.36 30.22 26.99 27.38 24.11 23.58 24.96 27.74 27.65 25.41 30.23 29.05 26.08 24.40 20.58 23.97 28.86 32.42 30.30 27.08 26.64 27.71 26.49 20.53 21.58 23.39 25.65 30.10 32.67 30.45 28.00 28.89 30.27 32.61 38.05
-9999 -9999 -9999 -9999 -9999 -9999 -9999 -9999 -9999 -9999 -9999 -9999 -9999 -9999 60.44 68.49 109.23 150.08 139.36 134.35 134.24 141.30 105.54 89.85 63.77 43.13 44.62 35.28 40.20 28.45 24.19 18.60 22.76 21.05 22.65 27.40 28.80 29.32 25.98 27.40 28.33 29.03 29.47 30.38 27.64 27.94 25.05 24.33 24.22 23.23 26.45 24.87 26.37 27.90 20.26 24.05 24.66 24.55 30.45 38.95 34.07 33.89 27.73 25.10 21.14 22.61 22.51 23.28 26.47 28.22 28.12 28.44 29.09 28.98 31.58 35.33 37.87
-9999 -9999 -9999 -9999 -9999 -9999 -9999 -9999 -9999 -9999 -9999 -9999 -9999 -9999 51.36 63.15 111.94 115.24 117.11 103.50 104.75 117.35 99.84 84.17 58.74 40.90 39.88 24.20 26.51 28.29 29.31 30.01 25.22 27.82 22.45 26.13 28.10 31.15 24.96 26.26 26.28 29.67 29.24 29.35 29.69 29.23 26.49 25.92 24.26 24.99 24.03 22.88 25.03 23.89 23.23 21.61 23.92 28.31 27.85 36.56 42.13 40.73 27.55 20.46 19.44 23.32 23.34 20.29 25.93 28.47 25.43 28.22 28.46 28.38 34.18 36.14 40.57
-9999 -9999 -9999 -9999 -9999 -9999 -9999 -9999 -9999 -9999 -9999 -9999 -9999 -9999 38.07 48.77 55.49 98.03 91.10 92.25 99.82 102.49 76.92 72.67 55.20 45.05 35.35 27.81 26.14 30.87 35.31 41.71 35.91 31.01 25.79 26.69 29.90 27.34 25.17 24.30 25.57 28.82 25.99 27.81 30.42 27.32 24.49 26.08 28.47 27.88 25.52 24.20 21.98 18.21 18.91 21.69 22.00 26.49 27.24 27.75 31.17 31.44 27.29 23.78 19.19 20.49 24.89 24.68 22.83 22.71 25.22 28.63 28.00 29.66 31.08 31.07 36.63
-9999 -9999 -9999 -9999 -9999 -9999 -9999 -9999 -9999 -9999 -9999 -9999 -9999 -9999 -9999 46.73 71.09 95.45 114.21 136.96 115.99 97.47 63.46 47.10 44.57 38.05 35.99 32.76 25.67 29.22 30.66 39.01 32.75 24.70 21.06 26.92 29.01 22.73 23.57 21.34 22.59 26.34 26.77 27.46 26.59 27.69 27.42 25.57 28.46 28.05 26.09 26.75 24.12 19.44 20.77 21.74 21.13 28.41 24.61 26.19 25.31 27.90 26.46 21.44 19.11 20.54 24.08 25.10 23.17 22.07 24.67 26.37 28.06 29.26 29.91 30.75 37.06
-9999 -9999 -9999 -9999 -9999 -9999 -9999 -9999 -9999 -9999 -9999 -9999 -9999 -9999 -9999 51.95 70.37 92.40 136.03 169.55 153.42 113.48 64.77 45.15 45.15 47.07 46.14 44.05 33.44 26.97 27.90 30.83 23.13 28.80 35.76 29.41 27.93 22.00 21.84 21.85 22.60 23.41 27.92 29.66 28.78 28.24 27.93 29.54 27.67 26.01 25.66 26.29 24.67 22.25 23.67 25.01 24.04 36.67 19.82 25.06 26.48 22.29 23.52 22.05 21.56 22.25 25.88 27.41 22.38 21.44 22.97 24.39 27.02 29.32 32.56 31.57 33.48
-9999 -9999 -9999 -9999 -9999 -9999 -9999 -9999 -9999 -9999 -9999 -9999 -9999 -9999 36.50 39.86 65.75 105.42 123.42 149.78 142.29 89.36 72.20 70.33 55.85 50.88 39.92 32.59 30.91 30.28 31.01 25.96 24.92 28.22 26.98 31.49 27.61 21.96 22.09 19.84 19.24 21.94 30.20 29.86 32.68 33.47 32.81 26.84 26.00 25.12 28.02 24.21 23.26 19.75 26.06 26.88 27.94 28.29 27.06 23.81 24.16 21.82 22.81 21.72 24.09 24.37 28.17 27.92 21.90 22.85 21.86 23.91 26.05 29.62 31.15 31.79 34.59
-9999 -9999 -9999 -9999 -9999 -9999 -9999 -9999 -9999 -9999 -9999 -9999 -9999 -9999 45.94 58.22 62.24 73.25 114.66 137.47 119.14 101.31 61.75 51.36 55.82 51.32 45.76 40.25 39.52 34.33 27.96 29.15 23.61 26.08 24.02 28.09 22.34 20.56 19.87 16.68 18.24 20.04 29.30 32.89 30.09 38.90 36.64 27.84 23.89 23.82 21.81 21.66 20.12 22.01 25.32 27.00 28.18 27.83 26.37 23.54 25.19 21.19 22.54 22.39 26.01 26.90 28.78 30.13 27.32 27.02 26.88 25.66 23.59 30.90 29.95 30.83 38.11
-9999 -9999 -9999 -9999 -9999 -9999 -9999 -9999 -9999 -9999 -9999 -9999 -9999 -9999 50.77 59.39 52.60 77.33 109.02 120.01 117.92 103.15 63.17 51.11 54.51 48.73 49.88 52.33 37.41 32.61 34.07 26.06 29.52 24.10 24.01 24.56 22.33 18.37 18.55 17.38 20.14 24.04 27.53 31.25 28.63 30.20 29.12 27.40 24.07 21.35 21.36 23.02 23.43 22.60 23.98 24.82 24.78 23.92 21.75 17.86 20.88 21.86 21.60 22.85 24.32 24.01 24.53 25.50 25.90 25.26 27.40 26.68 25.62 26.26 27.24 26.94 27.88
-9999 -9999 -9999 -9999 -9999 -9999 -9999 -9999 -9999 -9999 -9999 -9999 -9999 48.59 54.77 64.53 64.66 62.94 84.02 93.86 105.91 80.07 56.91 51.56 46.94 43.61 56.29 47.51 31.59 36.86 33.01 24.48 22.37 21.66 20.93 23.13 35.43 22.53 19.66 18.47 18.94 20.95 27.72 28.06 27.74 27.46 25.24 25.23 24.20 22.34 21.56 21.73 23.67 25.61 26.83 26.00 24.33 22.93 22.88 18.95 20.57 18.73 21.82 21.48 21.34 23.92 23.53 24.95 28.49 25.50 26.22 28.77 27.60 26.69 27.80 25.84 28.48
-9999 -9999 -9999 -9999 -9999 -9999 -9999 -9999 -9999 -9999 -9999 -9999 47.76 54.86 59.71 59.65 52.07 72.62 96.94 98.55 85.90 82.05 62.28 54.33 48.42 44.38 60.25 42.85 35.55 34.39 31.67 28.37 22.38 19.68 25.05 25.55 29.12 29.14 25.69 22.12 21.28 23.37 25.48 22.07 22.58 25.62 24.51 23.85 26.08 22.49 22.62 23.11 25.20 25.49 23.88 24.80 24.97 21.88 21.37 19.81 19.51 19.87 24.59 22.83 23.37 24.40 24.95 25.79 28.57 26.80 28.39 32.37 31.79 30.83 35.07 31.46 35.57
-9999 -9999 -9999 -9999 -9999 -9999 -9999 -9999 -9999 -9999 39.53 38.17 45.99 52.83 56.54 65.45 60.77 84.87 102.85 106.60 98.41 80.62 59.28 41.40 53.06 45.18 57.30 46.65 34.81 31.31 27.77 26.35 18.02 16.94 24.53 22.29 25.26 25.00 24.13 25.71 26.21 26.28 26.47 23.66 22.72 23.92 22.30 18.85 18.88 20.15 26.22 27.21 29.33 31.00 29.44 25.91 24.06 21.42 22.61 23.68 23.91 20.24 21.71 23.90 25.12 24.24 25.41 24.80 25.00 27.47 28.28 30.73 32.32 32.46 33.89 36.88 43.12
-9999 -9999 -9999 -9999 -9999 -9999 38.71 29.67 35.11 50.10 50.61 53.76 60.38 56.09 62.74 62.43 80.12 90.75 111.77 101.90 95.20 79.30 60.90 54.33 55.55 43.19 51.91 51.77 38.68 28.79 26.25 24.33 25.18 20.47 25.17 25.65 25.38 25.59 23.83 27.17 27.19 25.90 27.62 28.78 26.90 23.02 18.95 17.88 20.24 22.97 25.10 28.71 29.57 28.99 28.15 26.43 24.98 23.83 24.18 24.41 23.84 24.24 25.15 22.95 20.42 20.82 21.85 25.41 26.72 29.89 29.09 29.54 31.57 34.46 39.56 39.30 47.45
-9999 -9999 -9999 -9999 -9999 37.42 44.99 50.56 49.52 42.14 51.96 53.52 63.36 58.57 50.47 65.68 79.65 109.34 122.47 127.56 99.23 82.79 75.40 57.25 47.86 58.66 44.71 41.14 31.67 26.44 24.20 28.31 22.74 21.40 18.97 22.10 28.14 28.36 28.68 26.78 26.93 29.06 27.96 26.58 25.30 21.57 18.47 17.96 19.96 23.12 27.60 25.80 27.82 27.57 24.76 24.83 24.15 22.69 23.45 25.47 26.03 27.55 26.70 24.28 21.19 23.96 23.42 24.35 30.40 30.17 29.65 31.83 33.19 33.34 17.92 37.02 43.18
-9999 -9999 -9999 -9999 31.32 33.82 40.90 47.01 51.35 52.03 48.72 57.44 61.53 63.10 75.75 65.02 76.42 105.20 89.21 91.63 99.95 97.62 79.85 76.31 56.13 47.00 40.91 32.55 43.19 34.55 24.00 23.17 20.09 19.45 17.81 19.10 24.05 24.79 24.67 25.60 27.36 28.42 30.99 25.97 25.61 22.70 26.52 19.45 15.31 23.07 24.24 25.23 24.99 24.72 25.33 22.22 23.79 22.77 21.22 27.42 26.06 27.40 27.64 23.57 21.81 26.93 26.74 27.70 30.50 31.96 29.24 34.87 34.91 33.57 37.46 36.46 38.51
32.61 40.80 41.97 52.84 44.44 46.54 55.40 56.55 55.33 56.87 50.87 63.20 76.31 78.64 78.32 76.60 80.00 83.86 77.59 75.81 90.51 77.40 69.11 57.31 57.59 43.75 33.15 42.44 45.76 34.18 30.38 22.11 22.33 19.74 19.69 25.87 20.32 24.31 23.67 23.40 26.35 25.40 31.01 25.86 26.50 31.07 26.25 23.02 21.10 24.44 23.61 24.41 24.17 24.34 16.45 19.26 20.05 20.78 19.26 27.54 25.26 24.86 27.68 27.45 23.17 28.39 26.37 24.90 31.37 36.03 33.32 39.23 42.02 40.32 33.97 40.33 40.18
41.66 47.77 51.10 63.05 71.07 72.43 73.66 66.63 65.45 63.63 60.78 67.66 76.39 72.56 75.37 79.98 71.39 71.36 71.95 77.98 86.18 68.56 65.41 58.74 51.16 47.75 48.42 75.64 58.66 37.01 26.42 27.57 23.86 25.74 21.30 23.36 22.40 22.30 24.37 25.39 27.47 25.97 32.65 25.70 31.30 31.75 31.00 27.12 26.89 28.25 25.50 26.75 24.90 22.76 18.93 19.02 21.35 21.14 24.16 27.78 25.12 28.07 27.44 24.54 27.19 25.49 26.71 27.84 33.15 33.15 30.08 39.98 39.53 40.73 42.42 39.80 36.10
