Rainfall_2007-2011/Rainfall_2009-05_ACTUAL.txt
ncols         180
nrows         290
xllcorner     -200000
yllcorner     -200000
cellsize      5000
NODATA_value  -9999
[rows 204 to 237 of 290, columns 76 to 151 of 180]
65.77 81.52 81.82 85.28 107.78 121.59 118.66 105.97 99.91 95.40 100.66 103.04 98.77 109.66 141.78 123.11 105.60 79.41 91.98 112.44 106.16 120.76 98.50 97.34 75.64 75.94 68.65 92.08 95.51 112.04 80.46 71.32 60.98 50.74 47.21 39.22 38.65 34.63 38.29 35.76 34.63 32.30 31.40 29.75 32.79 46.21 47.69 38.66 31.90 47.29 49.20 52.47 51.07 48.50 52.17 51.13 50.43 50.12 37.41 32.11 25.78 25.76 26.79 25.81 24.79 21.24 18.07 22.24 26.03 32.86 35.52 27.60 26.23 25.87 26.94 30.27
65.39 69.02 79.58 78.99 79.85 86.35 105.21 98.34 86.19 79.37 76.81 102.50 96.54 91.77 102.99 96.26 91.84 101.43 109.61 141.85 172.26 143.03 124.68 108.57 115.77 108.08 76.46 70.80 107.15 93.56 60.82 72.86 62.65 53.10 40.66 34.66 41.83 42.85 42.49 33.18 32.51 36.66 39.79 40.87 42.65 52.78 49.24 42.49 43.84 45.45 54.04 55.34 51.12 48.27 50.14 52.05 67.83 40.94 40.92 37.53 29.17 27.84 26.17 25.53 25.92 23.29 24.04 24.91 27.74 30.86 31.56 27.26 27.93 24.40 26.36 26.65
-9999 73.10 74.46 78.72 78.85 76.20 83.26 87.62 78.47 74.40 67.35 76.97 75.38 82.22 90.04 101.37 92.58 108.39 118.91 133.67 142.39 146.33 120.62 128.80 145.41 104.92 96.90 86.54 70.35 73.09 107.45 50.81 42.07 45.18 53.35 47.74 52.92 50.26 44.17 38.33 36.44 40.36 46.64 52.38 50.74 55.92 49.84 44.98 47.13 45.56 53.69 56.48 55.45 53.84 48.01 49.77 48.50 40.76 39.18 39.04 27.71 26.33 28.35 26.61 24.84 24.40 25.41 26.98 27.85 33.88 23.90 24.46 24.24 24.96 26.58 20.84
59.36 60.09 55.21 69.31 69.92 75.21 81.02 84.53 71.82 68.32 65.67 59.92 62.51 80.99 80.93 93.44 88.52 95.93 98.75 115.70 109.93 115.62 101.46 119.74 125.44 110.45 90.38 84.90 83.52 102.13 71.53 45.43 36.82 57.39 59.93 65.07 54.65 58.66 44.49 41.78 43.82 54.23 60.30 55.16 55.32 50.57 49.91 50.42 46.54 46.87 46.49 50.39 55.01 51.86 46.26 45.30 47.65 42.58 40.71 38.76 33.17 29.59 29.65 29.08 23.00 25.13 25.65 24.86 31.47 28.08 27.56 26.13 24.10 24.68 27.34 26.09
52.64 57.84 59.04 62.05 64.46 63.56 70.70 66.02 59.01 57.91 52.40 53.42 55.88 64.33 82.01 79.60 97.13 102.51 108.51 140.10 117.49 91.06 101.50 93.01 97.61 80.72 89.48 80.21 76.41 107.50 61.79 57.27 43.60 48.22 58.15 64.11 65.00 44.84 43.60 41.83 50.74 46.87 50.72 46.54 48.74 51.31 42.04 42.42 44.93 45.17 44.58 47.36 51.96 50.24 43.52 46.29 44.53 41.88 39.37 37.80 33.98 30.12 31.19 31.49 25.51 29.87 34.74 24.17 66.76 30.54 30.15 21.19 24.58 27.67 24.97 28.06
-9999 53.91 56.84 59.43 64.90 67.90 66.03 -9999 -9999 -9999 -9999 45.40 51.65 59.98 63.00 64.69 74.52 84.05 96.74 110.40 106.80 137.67 150.58 119.68 99.21 79.99 85.44 81.97 82.62 75.63 58.10 57.40 49.38 58.04 48.57 50.77 40.88 35.03 43.35 44.03 52.32 45.55 50.86 50.54 47.13 46.69 32.02 31.91 39.23 41.84 42.47 44.37 45.27 42.28 50.18 47.39 43.47 43.43 42.37 41.80 36.23 34.81 35.06 35.35 30.26 37.55 34.40 40.20 27.64 34.51 31.59 24.98 24.63 27.76 29.12 28.67
-9999 53.57 56.59 58.95 57.76 66.17 46.49 -9999 -9999 -9999 -9999 -9999 -9999 -9999 56.58 69.24 67.03 64.40 75.25 94.29 120.20 141.48 155.95 137.15 125.73 99.45 90.07 69.42 79.66 81.17 56.69 53.23 60.35 58.64 55.50 44.72 40.40 35.66 42.77 50.01 45.78 42.22 44.86 44.11 50.59 42.88 32.33 31.77 37.77 37.21 37.65 39.43 42.42 42.18 43.67 45.25 41.01 42.14 49.91 47.36 38.41 33.61 36.23 40.15 31.97 54.08 57.33 49.66 26.81 32.27 28.75 15.74 23.46 24.76 28.66 27.58
-9999 -9999 -9999 52.98 -9999 -9999 -9999 -9999 -9999 -9999 -9999 -9999 36.14 44.56 54.73 62.79 52.91 54.84 66.61 81.45 108.00 129.21 138.75 124.04 106.32 90.11 93.00 77.11 73.78 66.61 50.42 48.85 54.66 53.33 47.83 43.97 44.96 42.03 43.17 54.61 45.39 36.47 37.38 39.68 43.43 41.61 38.96 40.47 39.93 33.14 31.80 32.73 38.44 39.94 43.60 49.06 41.08 40.04 47.35 45.53 43.03 34.29 32.89 36.79 28.72 48.87 51.27 55.83 32.69 30.08 27.85 24.61 27.50 23.55 30.94 29.20
-9999 -9999 -9999 -9999 -9999 -9999 -9999 -9999 -9999 -9999 -9999 -9999 29.47 35.88 45.70 47.14 56.30 -9999 -9999 64.26 91.98 95.37 108.35 100.25 98.68 85.81 87.44 66.41 64.67 61.19 45.49 47.19 45.68 44.72 43.37 43.12 40.41 40.26 42.79 50.13 39.54 34.56 37.99 28.90 35.88 43.26 42.08 41.90 39.10 36.93 26.51 37.24 47.45 42.49 42.01 43.44 36.97 40.68 44.72 41.36 37.22 32.96 34.75 34.12 35.23 32.10 35.43 28.51 27.39 28.67 27.75 24.74 27.00 27.60 28.17 28.68
-9999 -9999 -9999 -9999 -9999 -9999 -9999 -9999 -9999 -9999 -9999 -9999 -9999 -9999 -9999 -9999 -9999 -9999 -9999 55.50 60.23 72.66 81.30 84.67 83.07 68.47 74.31 69.57 56.15 50.03 40.34 42.03 45.03 -9999 42.90 45.07 44.87 35.66 36.86 38.08 35.71 42.92 38.53 31.66 34.67 43.62 42.82 45.71 41.87 36.85 34.64 37.52 47.66 43.04 44.44 53.47 47.85 42.99 39.30 38.65 35.60 33.57 28.23 31.10 32.60 34.18 34.13 32.22 29.29 27.18 26.86 28.31 30.14 30.14 27.58 28.27
-9999 -9999 -9999 -9999 -9999 -9999 -9999 -9999 -9999 -9999 -9999 -9999 -9999 -9999 -9999 -9999 -9999 -9999 -9999 -9999 53.36 51.15 57.17 65.16 60.85 60.00 57.19 68.98 55.39 -9999 -9999 -9999 -9999 43.34 40.68 44.61 44.03 37.80 38.78 37.63 37.28 37.70 37.84 34.03 34.54 40.15 44.02 42.11 45.36 41.90 37.70 42.34 45.42 43.69 46.02 48.89 42.31 34.66 27.04 29.89 31.89 30.29 27.98 37.27 33.48 29.97 32.56 31.56 28.19 26.96 29.23 29.86 31.40 34.02 28.47 26.62
-9999 -9999 -9999 -9999 -9999 -9999 -9999 -9999 -9999 -9999 -9999 -9999 -9999 -9999 -9999 -9999 -9999 -9999 -9999 -9999 -9999 51.51 52.09 50.05 46.70 56.15 60.81 63.15 -9999 -9999 -9999 -9999 46.61 52.36 47.69 42.34 43.42 38.49 42.87 36.61 42.39 39.96 41.48 36.27 33.24 35.63 37.32 38.66 42.16 45.22 45.84 41.81 39.03 44.55 49.78 43.08 29.88 28.42 22.49 26.33 29.36 28.12 33.76 39.46 30.64 30.31 31.03 31.51 31.13 29.77 35.02 35.92 34.95 32.60 29.54 28.30
-9999 -9999 -9999 -9999 -9999 -9999 -9999 -9999 -9999 -9999 -9999 -9999 -9999 -9999 -9999 -9999 -9999 -9999 -9999 -9999 -9999 -9999 42.95 44.14 39.79 49.51 57.64 56.60 -9999 -9999 -9999 41.01 47.45 45.29 34.87 40.12 39.75 37.45 39.04 40.41 42.06 38.85 38.64 35.23 29.52 29.14 32.72 33.53 36.23 38.74 38.05 39.37 40.93 40.77 41.99 43.28 31.91 27.43 27.14 29.69 34.37 35.98 27.55 31.59 24.96 28.83 29.91 30.86 31.18 30.87 35.40 39.19 37.86 35.68 32.76 28.02
-9999 -9999 -9999 -9999 -9999 -9999 -9999 -9999 -9999 -9999 -9999 -9999 -9999 -9999 -9999 -9999 -9999 -9999 -9999 -9999 -9999 -9999 -9999 -9999 -9999 -9999 -9999 -9999 -9999 -9999 49.13 50.31 50.98 47.35 48.53 40.37 39.97 41.45 40.83 37.99 36.73 32.51 31.08 28.06 24.74 25.35 27.61 24.42 33.64 37.81 38.55 46.87 43.43 43.56 38.70 37.67 24.65 26.17 30.56 33.40 35.58 37.68 27.98 29.65 30.99 30.85 36.85 39.20 33.15 35.36 43.16 45.22 47.00 39.25 28.74 29.57
-9999 -9999 -9999 -9999 -9999 -9999 -9999 -9999 -9999 -9999 -9999 -9999 -9999 -9999 -9999 -9999 -9999 -9999 -9999 -9999 -9999 -9999 -9999 -9999 -9999 -9999 -9999 -9999 -9999 -9999 47.85 51.22 53.72 65.18 57.94 45.80 47.66 45.87 41.83 37.95 33.18 30.29 27.87 25.68 22.84 20.60 24.48 23.53 36.84 40.82 39.77 48.67 45.21 39.91 42.29 34.33 27.50 20.29 26.22 35.17 41.05 38.77 41.84 36.99 29.07 37.83 48.51 53.76 44.05 45.40 47.77 51.29 47.57 38.20 27.41 29.36
-9999 -9999 -9999 -9999 -9999 -9999 -9999 -9999 -9999 -9999 -9999 -9999 -9999 -9999 -9999 -9999 -9999 -9999 -9999 -9999 -9999 -9999 -9999 -9999 -9999 -9999 -9999 -9999 -9999 -9999 43.29 44.92 53.68 57.37 55.32 56.84 60.77 57.07 44.78 39.31 32.36 27.18 29.19 29.46 23.49 26.59 27.03 29.77 33.07 36.63 39.70 40.02 37.44 35.41 34.05 31.37 28.96 21.05 26.86 32.81 49.16 51.91 48.28 48.41 46.67 50.03 60.24 54.75 58.72 51.35 50.34 52.30 39.54 41.86 29.78 28.36
-9999 -9999 -9999 -9999 -9999 -9999 -9999 -9999 -9999 -9999 -9999 -9999 -9999 66.61 79.48 78.09 105.36 101.19 103.15 83.88 81.17 57.03 69.36 48.05 -9999 -9999 -9999 -9999 -9999 -9999 43.78 47.87 47.45 43.64 50.90 57.99 67.24 60.97 47.78 36.03 30.06 30.21 32.07 28.58 28.45 29.23 29.85 31.97 32.21 36.53 36.21 33.00 30.66 31.92 31.79 24.41 29.50 31.77 25.69 34.49 44.66 47.22 47.92 48.82 49.80 55.25 61.65 63.12 61.93 50.83 52.42 51.78 42.41 34.62 29.55 20.26
-9999 -9999 -9999 -9999 -9999 -9999 -9999 -9999 -9999 -9999 -9999 -9999 -9999 74.42 81.38 97.12 94.96 117.18 128.04 91.45 96.17 70.07 76.94 58.32 39.14 42.03 40.10 39.26 45.60 48.73 49.81 51.21 44.29 42.57 46.73 49.40 52.10 50.79 41.87 34.13 34.99 32.67 28.97 28.56 30.65 27.25 29.60 30.42 32.28 41.87 39.22 30.79 24.37 27.14 29.13 24.36 21.44 32.99 38.79 37.92 39.17 40.46 44.94 49.22 52.25 69.34 72.78 71.95 79.83 61.11 57.95 48.23 38.13 40.00 30.11 24.72
-9999 -9999 -9999 -9999 -9999 -9999 -9999 -9999 -9999 -9999 -9999 -9999 37.86 70.96 69.36 87.54 101.76 116.20 128.04 132.51 104.14 95.28 79.35 66.19 54.67 56.46 53.43 45.95 49.40 48.55 47.03 47.96 43.12 46.72 38.92 40.41 43.85 42.45 32.23 43.58 37.51 36.19 32.42 28.12 30.19 29.89 29.32 30.81 33.46 36.93 38.05 27.60 28.61 30.24 26.77 27.48 27.79 28.65 36.69 37.58 41.40 44.40 45.05 52.77 52.32 60.15 72.79 68.70 72.58 64.73 61.06 51.97 51.38 41.77 39.42 39.51
-9999 -9999 -9999 -9999 -9999 -9999 -9999 -9999 -9999 -9999 -9999 -9999 -9999 53.49 61.15 74.35 86.35 100.30 107.70 130.57 100.08 66.02 66.23 62.15 71.43 64.60 49.81 39.44 50.02 43.44 39.01 41.61 37.43 40.41 37.32 36.51 37.42 38.80 35.51 36.54 34.55 34.56 33.33 25.01 25.73 29.30 28.10 30.96 31.24 34.41 32.87 27.81 29.88 29.44 25.70 27.25 29.15 33.91 37.98 37.64 39.71 42.11 49.44 49.53 50.75 63.25 75.16 80.76 77.77 67.65 64.76 64.76 58.11 49.74 44.96 41.41
-9999 -9999 -9999 -9999 -9999 -9999 -9999 -9999 -9999 58.23 -9999 -9999 58.82 57.05 68.76 73.23 93.18 109.72 86.25 89.77 86.44 80.71 74.63 65.87 75.93 68.89 48.41 40.58 40.49 39.07 41.32 35.01 41.31 40.61 34.82 35.36 33.34 36.73 33.85 30.25 28.08 30.67 29.26 24.30 30.10 30.03 29.47 26.84 25.91 28.51 24.59 30.34 26.60 30.33 32.25 30.64 33.16 34.83 42.20 39.74 41.47 44.28 48.00 47.26 51.03 58.43 77.78 80.39 78.05 62.02 61.70 58.19 52.04 40.48 44.84 37.14
-9999 -9999 -9999 -9999 -9999 -9999 -9999 -9999 69.94 76.78 88.70 80.99 68.88 79.57 81.87 80.29 88.89 89.48 77.09 88.22 84.16 77.75 56.78 67.03 69.58 56.45 42.26 41.27 42.64 37.23 32.22 37.35 35.39 36.11 33.36 32.45 36.34 32.50 29.62 26.35 28.89 31.46 31.12 30.14 35.20 33.96 30.26 27.21 28.47 28.20 29.57 32.02 28.20 28.13 29.68 31.75 30.26 37.62 38.93 38.66 41.79 50.34 48.00 50.49 50.67 50.79 59.86 67.28 63.41 54.64 54.22 50.92 44.60 42.76 39.46 38.82
-9999 -9999 -9999 -9999 -9999 -9999 -9999 -9999 78.85 81.70 80.72 83.47 77.32 84.19 77.29 81.83 89.06 91.35 93.59 92.01 78.48 79.69 75.73 70.03 68.90 59.87 61.31 57.23 51.49 40.86 38.04 31.55 33.04 35.17 36.41 35.16 40.67 31.41 31.34 29.59 28.21 25.59 31.15 28.84 31.79 31.78 27.95 26.51 25.78 24.95 25.39 22.43 25.56 26.66 26.01 29.16 32.46 36.39 41.19 39.90 54.26 49.30 50.21 46.55 53.04 43.87 53.17 54.12 51.85 45.86 53.11 46.19 44.37 41.60 40.54 39.13
-9999 -9999 -9999 -9999 -9999 -9999 -9999 -9999 84.20 96.30 92.97 95.90 82.54 87.09 80.30 78.39 81.35 73.84 68.81 74.16 60.08 66.95 53.76 61.28 59.72 61.17 74.51 61.37 45.52 48.93 42.57 37.31 39.08 35.62 41.72 39.78 34.64 32.85 31.07 31.42 31.32 31.08 29.52 29.78 29.79 28.80 27.60 26.32 26.62 25.49 22.54 21.27 24.69 29.48 27.49 29.76 36.02 34.52 39.10 43.79 52.18 51.56 49.50 57.41 49.17 54.48 54.91 45.65 47.86 62.72 57.50 54.52 38.98 36.36 36.59 35.56
-9999 -9999 -9999 -9999 -9999 -9999 -9999 -9999 65.37 93.85 92.28 103.25 85.32 83.40 75.75 71.52 68.96 65.24 74.08 67.80 60.70 54.86 51.61 53.56 52.49 55.64 72.94 59.78 51.44 51.06 41.73 42.87 40.10 38.07 35.87 31.57 33.30 33.28 35.40 33.34 33.36 29.14 28.66 27.89 27.75 28.13 27.14 28.12 26.84 24.52 22.85 25.61 28.92 23.05 24.24 29.05 37.88 31.11 32.44 37.77 38.92 41.01 46.63 44.06 37.98 48.65 49.86 48.74 48.88 50.41 46.80 51.98 40.68 35.48 36.04 38.25
-9999 -9999 -9999 -9999 -9999 -9999 -9999 -9999 66.49 82.52 76.18 91.72 100.89 103.96 87.59 70.70 60.69 60.89 55.97 48.97 44.46 44.82 45.28 46.93 49.91 50.66 55.71 48.37 51.65 46.32 36.85 43.44 40.12 34.28 38.92 33.72 38.06 41.46 39.86 32.44 32.93 29.08 25.71 27.16 27.77 25.61 23.45 26.23 26.95 22.94 21.95 26.31 24.64 23.07 21.90 20.78 26.54 26.13 31.44 34.23 36.74 39.68 42.59 43.68 36.18 40.40 42.34 41.26 -9999 -9999 37.25 37.05 40.39 36.02 34.71 45.24
-9999 -9999 -9999 -9999 -9999 -9999 -9999 73.95 71.63 86.12 86.22 95.52 106.58 115.31 96.24 82.79 67.40 62.40 49.84 37.30 36.51 39.63 40.62 42.14 41.97 44.68 48.78 51.15 50.49 41.03 37.14 41.03 34.02 29.84 32.53 33.86 39.47 38.29 37.09 34.54 31.27 29.85 26.99 24.45 27.34 26.26 26.03 25.06 25.57 22.84 22.99 23.17 22.99 21.37 -9999 -9999 23.55 21.59 29.42 32.28 33.95 35.85 38.07 -9999 -9999 -9999 -9999 -9999 -9999 -9999 -9999 -9999 -9999 36.38 39.17 44.65
-9999 -9999 -9999 -9999 -9999 -9999 84.55 70.12 72.33 85.05 83.65 87.32 102.35 109.22 107.01 101.01 98.02 66.02 47.30 44.03 44.48 38.44 39.02 38.27 40.22 42.28 51.77 47.73 46.44 36.97 39.11 30.92 31.00 30.95 33.95 34.31 31.26 33.30 31.86 33.26 31.70 29.58 24.46 24.59 24.71 26.00 27.12 24.32 20.73 19.86 19.99 -9999 23.97 22.72 22.98 22.03 22.92 -9999 -9999 -9999 -9999 32.19 -9999 -9999 -9999 -9999 -9999 -9999 -9999 -9999 -9999 -9999 -9999 -9999 -9999 -9999
-9999 -9999 -9999 -9999 -9999 64.16 84.13 89.17 94.76 81.83 84.24 97.68 93.57 90.84 111.97 138.58 115.31 77.73 51.65 60.46 46.66 44.26 37.21 34.27 41.63 39.12 41.45 38.86 32.73 -9999 -9999 -9999 -9999 -9999 28.44 29.14 29.07 27.50 30.19 30.86 26.70 22.94 23.55 26.56 24.59 -9999 -9999 -9999 -9999 -9999 27.72 27.86 26.46 25.49 26.29 27.75 25.76 -9999 -9999 -9999 -9999 -9999 -9999 -9999 -9999 -9999 -9999 -9999 -9999 -9999 -9999 -9999 -9999 -9999 -9999 -9999
-9999 -9999 -9999 -9999 58.83 66.57 97.11 96.80 102.35 100.99 81.85 77.90 86.20 88.28 119.58 133.29 144.20 100.93 75.74 54.23 47.82 42.39 39.35 32.68 33.33 32.52 -9999 -9999 -9999 -9999 -9999 -9999 -9999 -9999 -9999 21.89 23.02 20.46 25.75 28.32 28.62 24.28 25.13 27.57 29.64 -9999 -9999 -9999 -9999 -9999 -9999 -9999 24.02 30.60 19.79 31.34 -9999 -9999 -9999 -9999 -9999 -9999 -9999 -9999 -9999 -9999 -9999 -9999 -9999 -9999 -9999 -9999 -9999 -9999 -9999 -9999
-9999 51.97 50.26 51.01 62.00 74.11 97.84 101.77 111.00 99.39 82.50 67.65 78.99 84.58 95.78 121.37 112.49 86.17 72.71 57.22 42.26 39.34 39.68 32.36 -9999 -9999 -9999 -9999 -9999 -9999 -9999 -9999 -9999 -9999 -9999 -9999 -9999 19.30 -9999 -9999 -9999 -9999 22.57 29.50 30.26 -9999 -9999 -9999 -9999 -9999 -9999 -9999 -9999 27.62 30.79 24.90 -9999 -9999 -9999 -9999 -9999 -9999 -9999 -9999 -9999 -9999 -9999 -9999 -9999 -9999 -9999 -9999 -9999 -9999 -9999 -9999
-9999 55.00 53.26 52.17 59.99 72.22 85.60 96.39 110.23 100.88 82.62 82.29 61.31 67.06 85.28 101.11 113.66 78.14 55.62 57.36 36.79 27.28 27.25 -9999 -9999 -9999 -9999 -9999 -9999 -9999 -9999 -9999 -9999 -9999 -9999 -9999 -9999 18.73 -9999 -9999 -9999 -9999 -9999 -9999 -9999 -9999 -9999 -9999 -9999 -9999 -9999 -9999 -9999 -9999 -9999 -9999 -9999 -9999 -9999 -9999 -9999 -9999 -9999 -9999 -9999 -9999 -9999 -9999 -9999 -9999 -9999 -9999 -9999 -9999 -9999 -9999
-9999 59.24 63.44 63.58 69.00 78.26 80.89 84.71 97.33 94.39 81.25 74.35 61.11 60.31 78.24 95.55 102.76 108.25 68.95 51.02 33.06 31.62 27.92 -9999 -9999 -9999 -9999 -9999 -9999 -9999 -9999 -9999 -9999 -9999 -9999 -9999 -9999 -9999 -9999 -9999 -9999 -9999 -9999 -9999 -9999 -9999 -9999 -9999 -9999 -9999 -9999 -9999 -9999 -9999 -9999 -9999 -9999 -9999 -9999 -9999 -9999 -9999 -9999 -9999 -9999 -9999 -9999 -9999 -9999 -9999 -9999 -9999 -9999 -9999 -9999 -9999
47.62 54.10 54.79 70.97 77.51 79.59 77.65 78.31 83.90 82.79 72.80 65.73 54.24 54.34 60.08 72.13 77.38 81.29 69.51 48.47 35.51 29.71 20.38 -9999 -9999 -9999 -9999 -9999 -9999 -9999 -9999 -9999 -9999 -9999 -9999 -9999 -9999 -9999 -9999 -9999 -9999 -9999 -9999 -9999 -9999 -9999 -9999 -9999 -9999 -9999 -9999 -9999 -9999 -9999 -9999 -9999 -9999 -9999 -9999 -9999 -9999 -9999 -9999 -9999 -9999 -9999 -9999 -9999 -9999 -9999 -9999 -9999 -9999 -9999 -9999 -9999
