Rainfall_2007-2011/Rainfall_2009-06_ACTUAL.txt
ncols         180
nrows         290
xllcorner     -200000
yllcorner     -200000
cellsize      5000
NODATA_value  -9999
[rows 102 to 135 of 290, columns 77 to 153 of 180]
-9999 87.38 92.89 114.22 90.34 119.38 103.54 104.17 102.68 144.31 118.83 105.01 81.81 79.12 78.08 54.84 49.64 72.12 103.37 96.56 68.16 51.37 52.21 50.21 47.03 49.33 54.07 56.52 74.42 63.02 68.21 70.97 72.27 68.39 58.52 53.00 -9999 -9999 -9999 -9999 -9999 -9999 -9999 -9999 -9999 -9999 -9999 -9999 -9999 -9999 -9999 -9999 -9999 -9999 -9999 -9999 -9999 -9999 -9999 -9999 -9999 -9999 -9999 -9999 -9999 -9999 -9999 -9999 -9999 -9999 -9999 -9999 -9999 -9999 -9999 -9999 -9999
73.29 77.27 74.61 67.29 117.45 120.18 77.24 86.11 120.42 117.95 114.45 116.10 74.95 77.86 65.49 77.37 75.71 101.41 106.62 79.86 86.81 77.63 57.61 48.53 45.21 47.72 52.02 62.26 54.11 43.06 52.16 54.39 57.93 55.18 -9999 -9999 -9999 -9999 -9999 -9999 -9999 -9999 -9999 -9999 -9999 -9999 -9999 -9999 -9999 -9999 -9999 -9999 -9999 -9999 -9999 -9999 -9999 -9999 -9999 -9999 -9999 -9999 -9999 -9999 -9999 -9999 -9999 -9999 -9999 -9999 -9999 -9999 -9999 -9999 -9999 -9999 -9999
86.71 94.68 111.79 95.06 96.59 79.34 63.32 76.48 92.26 111.10 95.03 76.87 61.91 61.75 64.22 62.86 72.66 71.05 84.19 88.70 66.88 67.85 57.91 51.09 48.37 45.00 46.53 43.77 39.96 42.03 43.74 46.03 46.89 -9999 -9999 -9999 -9999 -9999 -9999 -9999 -9999 -9999 -9999 -9999 -9999 -9999 -9999 -9999 -9999 -9999 -9999 -9999 -9999 -9999 -9999 -9999 -9999 -9999 -9999 -9999 -9999 -9999 -9999 -9999 -9999 -9999 -9999 -9999 -9999 -9999 -9999 -9999 -9999 -9999 -9999 -9999 -9999
109.62 99.89 116.15 102.05 84.77 84.98 94.59 87.25 93.38 85.46 96.51 100.21 65.28 59.27 57.32 66.09 78.57 67.11 57.75 58.15 60.30 67.58 58.91 50.16 43.90 39.77 40.00 32.70 33.46 39.40 38.66 44.60 45.62 -9999 -9999 -9999 -9999 -9999 -9999 -9999 -9999 -9999 -9999 -9999 -9999 -9999 -9999 -9999 -9999 -9999 -9999 -9999 -9999 -9999 -9999 -9999 -9999 -9999 -9999 -9999 -9999 -9999 -9999 -9999 -9999 -9999 -9999 -9999 -9999 -9999 -9999 -9999 -9999 -9999 -9999 -9999 -9999
114.07 106.10 99.39 98.52 102.45 87.74 82.05 68.75 84.82 68.24 96.06 80.80 90.79 66.68 76.62 99.55 79.91 63.11 65.37 74.55 61.99 64.03 57.72 43.55 41.86 47.57 35.29 31.85 32.68 29.54 32.02 37.03 42.77 39.25 -9999 -9999 -9999 -9999 -9999 -9999 -9999 -9999 -9999 -9999 -9999 -9999 -9999 -9999 -9999 -9999 -9999 -9999 -9999 -9999 -9999 -9999 -9999 -9999 -9999 -9999 -9999 -9999 -9999 -9999 -9999 -9999 -9999 -9999 -9999 -9999 -9999 -9999 -9999 -9999 -9999 -9999 -9999
101.86 106.33 77.79 97.83 88.63 68.04 62.47 92.53 109.07 86.00 95.08 86.68 70.56 65.15 81.81 75.22 83.18 83.77 64.44 77.34 69.77 67.50 65.02 57.08 46.80 45.76 38.59 32.85 31.01 32.57 39.59 39.24 45.44 44.18 44.72 -9999 -9999 -9999 -9999 -9999 -9999 -9999 -9999 -9999 -9999 -9999 -9999 -9999 -9999 -9999 -9999 -9999 -9999 -9999 -9999 -9999 -9999 -9999 -9999 -9999 -9999 -9999 -9999 -9999 -9999 -9999 -9999 -9999 -9999 -9999 -9999 -9999 -9999 -9999 -9999 -9999 -9999
101.77 93.56 92.52 91.79 91.33 79.49 83.74 105.31 154.32 93.00 79.16 75.77 72.20 64.58 82.99 78.32 66.01 61.50 61.28 64.91 62.53 78.75 78.38 56.84 48.31 41.75 34.45 39.71 33.62 36.51 35.05 40.03 39.56 37.73 34.98 33.31 -9999 -9999 -9999 -9999 -9999 -9999 -9999 -9999 -9999 -9999 -9999 -9999 -9999 -9999 -9999 -9999 -9999 -9999 -9999 -9999 -9999 -9999 -9999 -9999 -9999 -9999 -9999 -9999 -9999 -9999 -9999 -9999 -9999 -9999 -9999 -9999 -9999 -9999 -9999 -9999 -9999
85.62 95.71 95.88 81.25 72.53 83.64 105.71 95.09 84.13 77.38 100.84 66.23 65.30 60.54 72.10 64.98 63.24 67.18 62.88 80.12 88.57 87.32 68.89 51.27 41.55 34.26 52.09 47.90 40.18 36.75 30.11 28.35 33.85 33.84 35.46 -9999 -9999 -9999 -9999 -9999 -9999 -9999 -9999 -9999 -9999 -9999 -9999 -9999 -9999 -9999 -9999 -9999 -9999 -9999 -9999 -9999 -9999 -9999 -9999 -9999 -9999 -9999 -9999 -9999 -9999 -9999 -9999 -9999 -9999 -9999 -9999 -9999 -9999 -9999 -9999 -9999 -9999
82.75 87.88 84.05 69.87 85.10 70.38 88.53 86.05 79.63 75.11 62.50 79.07 58.58 39.79 45.39 48.42 52.84 80.76 69.05 72.00 56.64 56.52 49.56 41.99 42.86 48.22 60.22 47.76 39.55 37.16 30.42 -9999 -9999 -9999 -9999 -9999 -9999 -9999 -9999 -9999 -9999 -9999 -9999 -9999 -9999 -9999 -9999 -9999 -9999 -9999 -9999 -9999 -9999 -9999 -9999 -9999 -9999 -9999 -9999 -9999 -9999 -9999 -9999 -9999 -9999 -9999 -9999 -9999 -9999 -9999 -9999 -9999 -9999 -9999 -9999 -9999 -9999
85.72 88.80 71.91 79.63 70.39 77.17 79.66 54.05 68.93 68.94 48.90 52.46 62.22 49.62 51.79 53.54 72.83 105.04 70.80 55.16 48.46 56.58 55.19 47.46 51.31 50.11 53.88 49.36 40.65 -9999 -9999 -9999 -9999 -9999 -9999 -9999 -9999 -9999 -9999 -9999 -9999 -9999 -9999 -9999 -9999 -9999 -9999 -9999 -9999 -9999 -9999 -9999 -9999 -9999 -9999 -9999 -9999 -9999 -9999 -9999 -9999 -9999 -9999 -9999 -9999 -9999 -9999 -9999 -9999 -9999 -9999 -9999 -9999 -9999 -9999 -9999 -9999
75.62 74.89 82.50 59.62 64.51 76.66 66.07 56.29 64.98 59.98 37.43 36.09 43.34 49.44 58.80 58.61 73.78 81.87 67.42 53.91 50.77 45.04 51.06 48.92 51.43 49.80 51.63 50.68 41.17 -9999 -9999 -9999 -9999 -9999 -9999 -9999 -9999 -9999 -9999 -9999 -9999 -9999 -9999 -9999 -9999 -9999 -9999 -9999 -9999 -9999 -9999 -9999 -9999 -9999 -9999 -9999 -9999 -9999 -9999 -9999 -9999 -9999 -9999 -9999 -9999 -9999 -9999 -9999 -9999 -9999 -9999 -9999 -9999 -9999 -9999 -9999 -9999
-9999 66.13 70.19 58.17 63.48 67.19 66.52 52.15 44.66 46.57 42.39 43.56 50.10 40.49 60.24 68.02 73.26 80.46 66.67 51.95 46.96 58.92 55.06 51.97 49.38 41.64 43.02 -9999 -9999 -9999 -9999 -9999 32.86 33.72 42.86 39.07 -9999 -9999 -9999 -9999 -9999 -9999 -9999 -9999 -9999 -9999 -9999 -9999 -9999 -9999 -9999 -9999 -9999 -9999 -9999 -9999 -9999 -9999 -9999 -9999 -9999 -9999 -9999 -9999 -9999 -9999 -9999 -9999 -9999 -9999 -9999 -9999 -9999 -9999 -9999 -9999 -9999
-9999 52.14 63.50 56.91 50.08 71.70 55.92 60.79 44.10 47.62 47.12 45.65 57.66 38.92 34.91 45.82 52.37 59.82 55.33 51.35 51.76 61.91 57.96 58.62 55.18 45.78 41.96 35.74 42.33 -9999 -9999 26.65 31.44 46.26 48.13 42.75 37.56 40.32 -9999 -9999 -9999 -9999 -9999 -9999 -9999 -9999 -9999 -9999 -9999 -9999 -9999 -9999 -9999 -9999 -9999 -9999 -9999 -9999 -9999 -9999 -9999 -9999 -9999 -9999 -9999 -9999 -9999 -9999 -9999 -9999 -9999 -9999 -9999 -9999 -9999 -9999 -9999
45.21 44.47 40.40 51.77 57.30 63.19 57.08 54.64 54.86 51.26 47.15 37.06 37.24 37.69 36.12 40.15 46.80 53.14 55.15 51.86 49.56 56.74 69.94 72.41 56.82 42.25 37.21 37.11 73.31 64.28 22.64 33.40 63.22 59.26 59.79 56.43 46.71 56.21 52.33 -9999 -9999 -9999 -9999 -9999 -9999 -9999 -9999 -9999 -9999 -9999 -9999 -9999 -9999 -9999 -9999 -9999 -9999 -9999 -9999 -9999 -9999 -9999 -9999 -9999 -9999 -9999 -9999 -9999 -9999 -9999 -9999 -9999 -9999 -9999 -9999 -9999 -9999
50.99 40.65 46.46 50.44 48.51 54.67 -9999 67.73 73.70 58.44 41.58 36.03 35.08 35.72 33.94 38.48 41.14 42.17 51.04 52.27 48.18 60.51 84.43 79.48 60.97 56.02 46.39 48.01 58.67 53.32 43.54 50.32 70.33 73.83 70.10 64.57 65.81 74.70 70.41 84.68 70.56 36.33 -9999 -9999 -9999 -9999 -9999 -9999 -9999 -9999 -9999 -9999 -9999 -9999 -9999 -9999 -9999 -9999 -9999 -9999 -9999 -9999 -9999 -9999 -9999 -9999 -9999 -9999 -9999 -9999 -9999 -9999 -9999 -9999 -9999 -9999 -9999
57.21 42.33 -9999 43.92 46.65 52.07 -9999 65.83 80.79 62.16 49.67 40.92 40.04 33.25 30.96 31.69 36.54 38.61 41.16 38.67 46.84 68.76 85.93 89.36 74.96 72.87 65.86 57.36 51.58 50.29 52.34 45.43 71.90 108.54 87.01 71.88 71.08 81.94 80.28 75.94 41.90 36.03 -9999 -9999 -9999 -9999 -9999 -9999 -9999 -9999 -9999 -9999 -9999 -9999 -9999 -9999 -9999 -9999 -9999 -9999 -9999 -9999 -9999 -9999 -9999 -9999 -9999 -9999 -9999 -9999 -9999 -9999 -9999 -9999 -9999 -9999 -9999
47.55 38.67 -9999 -9999 47.08 46.90 49.09 61.00 56.31 52.42 50.55 51.88 45.80 38.86 33.64 34.92 39.88 37.04 40.41 45.78 55.35 70.50 83.55 71.40 72.86 53.00 59.80 58.40 52.97 48.78 52.41 51.44 62.17 69.43 69.57 64.19 50.43 62.75 55.58 43.98 36.06 38.81 35.32 -9999 -9999 -9999 -9999 -9999 -9999 -9999 -9999 -9999 -9999 -9999 -9999 -9999 -9999 -9999 -9999 -9999 -9999 -9999 -9999 -9999 -9999 -9999 -9999 -9999 -9999 -9999 -9999 -9999 -9999 -9999 -9999 -9999 -9999
-9999 -9999 -9999 -9999 -9999 48.52 53.13 63.43 48.12 46.92 53.87 58.17 55.29 49.55 40.57 34.17 37.07 39.45 37.79 48.25 57.98 64.03 68.34 67.61 65.61 64.95 54.62 55.14 49.78 58.38 56.35 49.61 55.36 53.31 40.26 58.56 53.58 60.96 48.85 60.62 40.49 36.30 29.34 -9999 -9999 -9999 -9999 -9999 -9999 -9999 -9999 -9999 -9999 -9999 -9999 -9999 -9999 -9999 -9999 -9999 -9999 -9999 -9999 -9999 -9999 -9999 -9999 -9999 -9999 -9999 -9999 -9999 -9999 -9999 -9999 -9999 -9999
55.86 59.13 59.44 -9999 -9999 -9999 52.79 58.06 50.98 49.88 51.41 55.34 57.13 52.68 48.41 44.41 42.00 45.88 46.72 42.13 56.75 57.09 53.59 58.37 52.95 55.47 64.46 54.35 55.11 61.98 60.00 49.57 51.10 47.51 64.44 71.09 67.77 72.84 66.48 29.98 38.25 38.68 35.49 34.52 -9999 -9999 -9999 -9999 -9999 -9999 -9999 -9999 -9999 -9999 -9999 -9999 -9999 -9999 -9999 -9999 -9999 -9999 -9999 -9999 -9999 -9999 -9999 -9999 -9999 -9999 -9999 -9999 -9999 -9999 -9999 -9999 -9999
69.26 73.90 81.30 61.84 -9999 -9999 -9999 43.98 48.69 47.86 47.78 46.27 48.41 47.11 42.25 45.34 42.35 46.17 46.31 49.81 46.84 54.09 57.72 59.92 56.52 63.19 49.70 53.60 49.70 51.27 56.43 48.33 39.37 43.95 61.08 81.05 65.97 66.16 55.41 42.51 42.54 45.90 37.64 25.57 20.17 -9999 -9999 -9999 -9999 -9999 -9999 -9999 -9999 -9999 -9999 -9999 -9999 -9999 -9999 -9999 -9999 -9999 -9999 -9999 -9999 -9999 -9999 -9999 -9999 -9999 -9999 -9999 -9999 -9999 -9999 -9999 -9999
53.51 69.21 85.68 67.02 -9999 -9999 -9999 -9999 -9999 50.70 48.00 37.18 43.42 35.93 37.09 39.43 49.95 57.66 56.65 49.98 53.18 58.02 54.22 46.48 50.18 65.30 49.86 41.31 50.06 49.33 37.67 38.69 34.34 36.81 36.08 58.15 71.62 66.78 53.97 45.97 50.63 48.30 43.77 31.90 22.53 27.25 -9999 -9999 -9999 -9999 -9999 -9999 -9999 -9999 -9999 -9999 -9999 -9999 -9999 -9999 -9999 -9999 -9999 -9999 -9999 -9999 -9999 -9999 -9999 -9999 -9999 -9999 -9999 -9999 -9999 -9999 -9999
51.13 54.30 85.59 65.99 -9999 -9999 -9999 -9999 -9999 46.85 56.29 57.94 48.69 43.86 48.57 46.36 52.09 60.88 63.37 52.81 57.79 55.10 47.92 46.30 62.24 58.44 78.23 44.79 55.28 45.03 52.68 49.99 36.58 31.52 29.01 36.29 69.13 78.03 60.17 58.35 50.73 48.84 39.07 42.98 30.63 35.43 28.75 16.22 -9999 -9999 -9999 -9999 -9999 -9999 -9999 -9999 -9999 -9999 -9999 -9999 -9999 -9999 -9999 -9999 -9999 -9999 -9999 -9999 -9999 -9999 -9999 -9999 -9999 -9999 -9999 -9999 -9999
-9999 63.19 71.77 62.99 -9999 -9999 -9999 -9999 -9999 51.98 55.22 59.05 48.77 43.26 45.26 43.71 50.27 59.30 63.51 55.52 52.33 53.06 53.34 58.23 56.65 52.29 75.82 65.09 45.22 45.80 49.51 34.52 52.99 42.12 33.78 39.56 47.07 54.01 52.20 55.28 78.70 80.23 54.96 50.01 42.88 37.60 30.79 22.81 -9999 -9999 -9999 -9999 -9999 -9999 -9999 -9999 -9999 -9999 -9999 -9999 -9999 -9999 -9999 -9999 -9999 -9999 -9999 -9999 -9999 -9999 -9999 -9999 -9999 -9999 -9999 -9999 -9999
-9999 53.48 57.25 57.12 -9999 -9999 -9999 -9999 -9999 49.47 50.01 54.28 50.98 46.05 47.29 52.16 63.61 70.74 60.78 54.98 46.45 47.33 46.18 50.77 46.83 57.60 61.74 54.88 51.97 51.74 46.50 50.72 43.80 43.87 48.70 38.63 39.83 52.22 57.03 57.53 93.06 99.96 70.89 49.15 45.05 33.47 37.62 27.31 -9999 -9999 -9999 -9999 -9999 -9999 -9999 -9999 -9999 -9999 -9999 -9999 -9999 -9999 -9999 -9999 -9999 -9999 -9999 -9999 -9999 -9999 -9999 -9999 -9999 -9999 -9999 -9999 -9999
-9999 -9999 -9999 -9999 -9999 -9999 -9999 -9999 58.90 56.91 57.97 55.73 54.35 52.25 50.03 54.85 58.26 68.38 61.46 50.53 53.46 53.60 70.35 69.54 66.32 68.29 71.26 61.60 58.96 56.18 52.23 46.00 41.31 34.09 39.72 53.48 45.43 53.98 59.47 73.57 77.22 92.69 61.28 52.57 56.12 35.81 30.60 31.09 -9999 -9999 -9999 -9999 -9999 -9999 -9999 -9999 -9999 -9999 -9999 -9999 -9999 -9999 -9999 -9999 -9999 -9999 -9999 -9999 -9999 -9999 -9999 -9999 -9999 -9999 -9999 -9999 -9999
-9999 -9999 -9999 -9999 -9999 -9999 -9999 -9999 75.09 57.22 58.97 63.79 63.58 61.41 54.29 54.27 58.63 51.48 64.19 62.49 56.79 71.47 104.69 82.89 56.32 74.94 63.14 64.75 57.68 55.22 50.74 44.08 36.19 41.26 60.49 61.43 51.09 55.08 64.25 68.14 71.61 84.80 71.12 53.82 62.28 63.62 47.71 30.53 -9999 -9999 -9999 -9999 -9999 -9999 -9999 -9999 -9999 -9999 -9999 -9999 -9999 -9999 -9999 -9999 -9999 -9999 -9999 -9999 -9999 -9999 -9999 -9999 -9999 -9999 -9999 -9999 -9999
-9999 -9999 -9999 -9999 -9999 -9999 -9999 67.27 71.96 56.79 61.01 58.31 58.36 72.12 81.49 77.68 76.57 73.54 67.64 69.87 68.79 100.90 111.49 78.59 44.05 58.80 80.31 73.15 71.48 59.71 59.32 51.07 46.09 50.75 58.50 62.66 61.17 67.43 69.85 67.43 73.50 72.22 70.40 61.53 70.74 59.23 42.21 27.42 -9999 -9999 -9999 -9999 -9999 -9999 -9999 -9999 -9999 -9999 -9999 -9999 -9999 -9999 -9999 -9999 -9999 -9999 -9999 -9999 -9999 -9999 -9999 -9999 -9999 -9999 -9999 -9999 -9999
-9999 -9999 -9999 -9999 -9999 -9999 -9999 56.35 58.25 69.64 61.95 79.61 66.47 74.79 77.91 102.53 86.30 75.20 69.98 77.89 80.99 121.08 111.39 66.00 44.82 55.17 78.19 85.36 74.04 69.37 54.14 55.40 56.41 53.71 64.53 65.53 71.98 48.73 53.08 51.49 70.17 81.31 74.79 59.55 59.51 47.10 39.61 29.61 31.22 -9999 -9999 -9999 -9999 -9999 -9999 -9999 -9999 -9999 -9999 -9999 -9999 -9999 -9999 -9999 -9999 -9999 -9999 -9999 -9999 -9999 -9999 -9999 -9999 -9999 -9999 -9999 -9999
-9999 -9999 -9999 -9999 -9999 -9999 40.29 59.61 70.53 71.34 65.37 82.24 68.11 56.57 79.48 86.87 84.15 75.94 73.60 70.02 72.63 90.25 88.39 66.48 51.20 51.60 66.24 69.56 67.81 69.59 66.24 49.13 46.62 49.30 51.44 62.87 52.79 61.40 56.02 37.84 56.83 84.18 81.72 79.03 60.46 54.53 55.76 55.09 50.24 -9999 -9999 -9999 -9999 -9999 -9999 -9999 -9999 -9999 -9999 -9999 -9999 -9999 -9999 -9999 -9999 -9999 -9999 -9999 -9999 -9999 -9999 -9999 -9999 -9999 -9999 -9999 -9999
-9999 -9999 -9999 -9999 -9999 -9999 56.95 65.89 74.26 89.15 85.76 78.30 67.63 83.78 70.77 71.38 75.14 78.24 71.63 62.34 61.27 76.11 73.05 63.61 47.95 50.05 53.69 64.78 72.90 85.94 55.01 58.63 53.56 49.08 64.97 48.66 53.09 60.59 54.79 55.82 61.05 69.09 75.99 76.32 63.33 75.55 74.77 60.69 60.05 -9999 -9999 -9999 -9999 -9999 -9999 -9999 -9999 -9999 -9999 -9999 -9999 -9999 -9999 -9999 -9999 -9999 -9999 -9999 -9999 -9999 -9999 -9999 -9999 -9999 -9999 -9999 -9999
-9999 -9999 -9999 -9999 -9999 66.95 66.77 69.52 83.38 85.33 86.19 103.53 84.53 84.37 96.45 60.54 67.56 71.75 70.84 63.80 55.64 63.86 59.22 47.61 42.14 58.60 53.86 62.59 78.59 63.83 47.54 62.35 56.26 56.09 66.67 53.74 57.38 65.03 61.50 64.78 76.73 85.51 82.86 103.35 93.41 85.20 79.62 71.69 49.97 -9999 -9999 -9999 -9999 -9999 -9999 -9999 -9999 -9999 -9999 -9999 -9999 -9999 -9999 -9999 -9999 -9999 -9999 -9999 -9999 -9999 -9999 -9999 -9999 -9999 -9999 -9999 -9999
-9999 -9999 -9999 -9999 58.54 71.02 76.78 66.84 72.64 76.69 77.76 92.88 89.78 101.54 79.41 64.51 64.96 67.20 61.62 59.42 51.83 51.20 49.27 51.91 41.55 46.26 57.05 62.16 62.72 56.34 48.30 58.21 52.95 55.11 61.65 62.06 66.82 62.74 62.11 76.24 84.06 114.88 112.71 104.73 95.54 81.82 80.84 68.77 46.23 41.79 -9999 -9999 -9999 -9999 -9999 -9999 -9999 -9999 -9999 -9999 -9999 -9999 -9999 -9999 -9999 -9999 -9999 -9999 -9999 -9999 -9999 -9999 -9999 -9999 -9999 -9999 -9999
-9999 -9999 -9999 -9999 75.70 90.38 78.04 69.95 71.45 78.58 81.17 113.63 114.08 90.65 87.06 67.54 61.45 58.62 53.71 69.41 49.88 44.53 43.43 45.23 52.12 47.46 56.04 57.80 57.99 56.41 53.51 53.82 58.31 48.54 49.59 54.44 71.65 68.65 62.34 68.15 63.64 113.63 94.46 97.11 89.95 73.72 69.68 76.78 52.02 39.65 -9999 -9999 -9999 -9999 -9999 -9999 -9999 -9999 -9999 -9999 -9999 -9999 -9999 -9999 -9999 -9999 -9999 -9999 -9999 -9999 -9999 -9999 -9999 -9999 -9999 -9999 -9999
-9999 -9999 58.54 64.56 78.38 79.02 75.76 75.64 74.86 76.61 81.33 99.83 88.48 94.09 85.17 71.44 50.00 49.39 55.55 54.80 54.01 47.48 40.65 46.39 49.17 44.23 46.88 53.96 55.63 56.16 55.40 55.66 61.13 51.75 51.46 44.84 41.71 56.36 67.33 71.20 69.09 72.71 97.43 81.79 77.98 66.42 64.45 74.61 62.52 49.66 -9999 -9999 -9999 -9999 -9999 -9999 -9999 -9999 -9999 -9999 -9999 -9999 -9999 -9999 -9999 -9999 -9999 -9999 -9999 -9999 -9999 -9999 -9999 -9999 -9999 -9999 -9999
