Rainfall_2007-2011/Rainfall_2009-10_ACTUAL.txt
ncols         180
nrows         290
xllcorner     -200000
yllcorner     -200000
cellsize      5000
NODATA_value  -9999
[rows 204 to 237 of 290, columns 76 to 151 of 180]
111.09 126.16 150.97 171.49 207.18 229.70 188.83 183.12 176.47 177.33 193.57 169.34 155.31 170.74 185.27 156.36 150.93 126.81 128.68 146.72 133.58 153.92 124.42 112.34 88.67 102.07 82.28 128.34 128.54 156.77 156.51 107.91 81.89 55.93 53.21 52.97 50.49 47.42 65.81 42.99 42.38 40.36 33.76 40.13 37.12 60.17 60.90 51.54 50.52 52.44 56.32 51.65 57.30 55.24 53.52 48.20 45.68 48.17 37.37 39.15 41.84 39.71 40.91 36.83 30.91 33.13 33.18 28.72 30.08 30.77 35.97 32.13 35.89 37.08 39.39 43.27
103.06 112.24 147.24 155.22 169.35 181.54 167.24 166.28 165.60 195.07 173.09 155.87 138.62 135.07 145.94 155.84 161.74 165.36 161.70 194.16 235.63 199.63 177.56 163.18 153.75 139.88 105.59 105.07 162.36 141.02 123.52 114.38 99.88 67.64 59.31 56.84 57.28 60.83 63.42 56.18 43.85 41.52 45.41 49.37 59.36 70.32 64.22 58.57 53.82 55.61 58.91 59.54 56.38 53.64 51.03 45.09 45.06 35.22 36.95 37.49 35.96 36.24 35.00 33.69 34.50 28.65 36.29 29.21 29.57 31.76 32.94 33.15 35.63 37.73 36.34 36.83
-9999 126.92 135.25 151.49 166.08 169.36 188.37 173.00 185.66 166.69 186.98 160.73 142.68 151.69 150.97 186.10 170.84 177.88 181.80 191.89 198.41 206.32 177.71 196.53 210.44 142.86 136.73 127.53 110.82 145.51 122.77 78.79 85.69 67.88 77.00 69.06 74.79 66.37 58.29 50.45 48.56 49.52 54.26 72.06 64.31 70.16 64.14 60.38 55.52 64.31 65.77 52.57 55.42 43.96 44.22 42.79 41.86 36.94 34.90 38.70 34.00 34.78 38.92 40.44 41.61 34.00 35.78 29.53 31.32 40.36 36.68 34.51 35.97 36.26 36.19 31.08
126.60 128.21 126.29 132.75 156.61 170.42 185.26 186.76 177.30 172.30 163.55 149.18 150.12 159.98 146.58 170.65 158.05 152.84 151.89 165.76 156.92 168.14 165.84 176.42 170.90 163.11 131.72 115.14 130.87 165.79 118.97 96.03 109.72 84.44 77.50 80.38 71.96 73.37 54.31 53.33 57.56 78.53 74.85 71.06 72.64 62.89 64.38 63.67 60.43 54.17 53.28 54.03 48.25 44.39 43.53 41.95 43.08 40.44 40.46 40.79 38.40 42.24 44.22 45.53 36.55 37.07 42.27 32.44 34.72 33.82 33.54 34.90 36.25 33.67 33.29 34.38
126.71 120.00 129.72 146.12 160.41 157.65 171.61 155.98 155.27 144.71 127.19 125.14 122.76 140.17 163.31 153.88 176.45 165.06 163.00 173.89 172.77 145.53 150.24 144.81 136.43 128.03 139.07 129.59 113.15 150.31 115.92 116.27 87.57 81.11 81.19 75.27 82.11 62.55 46.85 43.09 57.75 62.23 66.12 64.05 61.78 64.85 58.01 58.08 56.65 52.41 46.97 46.58 47.37 51.17 44.29 42.06 36.81 38.34 38.38 40.84 41.47 45.09 50.30 46.81 41.50 41.81 42.61 40.18 44.92 38.20 38.74 35.23 36.04 38.13 25.43 29.72
-9999 116.91 138.93 150.05 145.65 165.35 152.54 -9999 -9999 -9999 -9999 115.46 125.80 136.96 136.03 134.56 145.61 146.09 145.94 162.56 161.41 216.27 243.83 188.79 154.43 134.40 142.42 126.02 134.29 139.97 120.32 127.97 97.84 94.40 75.73 72.59 57.52 42.51 46.42 46.04 67.76 59.60 68.81 69.65 64.75 59.07 59.09 56.81 51.49 49.05 46.34 47.35 45.76 48.51 46.23 44.12 40.91 42.55 42.50 44.99 43.84 51.79 50.67 48.62 44.58 43.10 41.76 41.19 36.93 37.79 39.38 33.69 32.22 34.60 33.21 33.34
-9999 128.30 147.69 147.10 136.31 155.45 117.55 -9999 -9999 -9999 -9999 -9999 -9999 -9999 123.04 135.71 138.61 130.09 127.14 145.58 189.38 230.61 272.75 223.89 203.87 147.66 138.16 96.60 133.62 154.83 127.06 111.13 118.52 102.56 89.87 63.15 52.67 43.22 55.20 68.05 73.95 62.51 65.88 58.60 59.85 55.23 52.46 51.25 49.80 47.23 46.56 43.57 43.96 48.79 45.88 46.04 45.01 46.39 42.33 50.06 56.05 54.53 52.60 48.07 43.52 47.30 47.04 49.08 39.12 38.84 35.03 36.39 33.56 29.51 32.23 29.81
-9999 -9999 -9999 128.05 -9999 -9999 -9999 -9999 -9999 -9999 -9999 -9999 97.23 110.55 123.87 128.21 123.05 123.35 115.34 130.26 167.00 202.97 228.66 209.17 182.15 145.87 146.23 129.32 129.14 113.40 90.47 86.89 102.73 91.06 79.84 63.26 57.37 61.15 62.26 86.50 76.55 64.55 65.79 58.74 56.30 55.32 51.17 51.54 46.35 44.59 38.00 38.73 41.11 50.15 47.33 49.86 43.80 46.34 54.81 51.32 57.96 48.50 47.53 45.93 43.18 41.67 48.15 50.73 41.27 37.91 32.18 31.07 34.09 34.80 34.51 34.19
-9999 -9999 -9999 -9999 -9999 -9999 -9999 -9999 -9999 -9999 -9999 -9999 92.56 106.18 110.22 113.17 108.84 -9999 -9999 91.00 148.25 159.43 173.37 160.71 161.21 139.73 139.43 126.87 116.77 96.42 83.13 93.74 88.58 77.64 65.84 59.19 54.93 61.16 65.86 73.94 67.91 62.89 62.71 62.88 62.84 60.18 51.29 50.26 46.98 38.74 38.92 46.83 44.27 47.65 45.86 45.72 48.43 49.01 46.69 49.71 50.14 43.96 47.95 44.23 42.02 40.68 43.09 35.71 34.32 37.41 31.09 28.83 32.17 34.90 35.21 35.01
-9999 -9999 -9999 -9999 -9999 -9999 -9999 -9999 -9999 -9999 -9999 -9999 -9999 -9999 -9999 -9999 -9999 -9999 -9999 90.73 107.55 141.58 133.22 128.23 132.04 103.85 109.03 97.62 80.70 77.39 75.25 78.81 77.81 -9999 61.37 56.67 62.84 70.19 64.22 75.30 70.41 63.30 56.11 62.46 59.62 71.11 53.54 56.65 65.41 44.76 41.24 55.44 60.63 53.69 51.00 51.89 47.49 54.63 50.57 46.49 44.04 44.60 39.92 41.66 41.00 39.08 42.10 37.44 34.10 30.13 28.18 31.16 33.06 41.38 36.95 32.62
-9999 -9999 -9999 -9999 -9999 -9999 -9999 -9999 -9999 -9999 -9999 -9999 -9999 -9999 -9999 -9999 -9999 -9999 -9999 -9999 90.89 100.17 114.71 104.70 100.38 91.15 86.80 75.30 73.56 -9999 -9999 -9999 -9999 59.84 53.91 57.17 65.89 71.18 70.85 77.48 69.56 65.20 61.99 61.74 66.27 60.13 70.94 105.39 95.23 60.14 51.52 59.51 64.36 61.59 52.15 49.47 43.71 48.26 48.61 42.51 42.32 37.53 39.43 40.66 39.70 39.51 37.64 34.43 31.45 32.23 29.05 31.32 35.34 36.16 34.64 31.86
-9999 -9999 -9999 -9999 -9999 -9999 -9999 -9999 -9999 -9999 -9999 -9999 -9999 -9999 -9999 -9999 -9999 -9999 -9999 -9999 -9999 96.98 104.24 89.27 83.83 85.59 81.43 76.95 -9999 -9999 -9999 -9999 57.65 69.81 69.14 55.88 60.51 68.38 82.50 78.95 69.43 67.56 66.63 65.17 66.45 73.05 80.01 97.83 83.11 62.63 59.80 60.19 55.69 59.94 55.45 44.14 44.73 43.39 44.00 41.94 40.10 35.89 40.96 42.82 41.92 38.13 37.00 34.84 33.22 31.32 32.06 27.16 32.40 32.36 32.04 33.41
-9999 -9999 -9999 -9999 -9999 -9999 -9999 -9999 -9999 -9999 -9999 -9999 -9999 -9999 -9999 -9999 -9999 -9999 -9999 -9999 -9999 -9999 83.40 60.29 70.34 70.70 72.61 68.79 -9999 -9999 -9999 63.35 66.24 62.96 67.45 58.99 70.14 60.61 60.40 51.88 62.90 68.19 65.16 72.53 81.04 81.03 73.88 82.33 72.26 63.18 57.67 57.47 55.95 53.64 50.73 50.88 46.32 43.86 40.69 41.23 41.15 42.23 42.01 41.98 37.56 39.30 36.72 34.50 32.20 27.81 34.02 34.08 33.26 35.80 34.08 33.84
-9999 -9999 -9999 -9999 -9999 -9999 -9999 -9999 -9999 -9999 -9999 -9999 -9999 -9999 -9999 -9999 -9999 -9999 -9999 -9999 -9999 -9999 -9999 -9999 -9999 -9999 -9999 -9999 -9999 -9999 84.49 75.82 75.29 74.91 74.02 73.57 71.50 69.95 62.83 57.65 56.24 60.03 58.57 63.61 68.09 69.90 70.61 78.89 77.08 70.41 63.96 75.30 62.21 59.84 52.61 53.62 55.53 45.47 46.66 43.08 40.05 43.39 41.95 37.01 39.61 40.15 38.43 37.66 34.85 36.74 34.88 39.62 42.25 41.21 34.71 42.08
-9999 -9999 -9999 -9999 -9999 -9999 -9999 -9999 -9999 -9999 -9999 -9999 -9999 -9999 -9999 -9999 -9999 -9999 -9999 -9999 -9999 -9999 -9999 -9999 -9999 -9999 -9999 -9999 -9999 -9999 72.84 88.23 90.82 116.31 98.21 73.15 75.30 75.63 67.92 61.62 52.10 56.96 60.52 67.52 72.44 74.43 74.81 84.95 84.82 87.30 69.95 80.05 80.73 64.39 58.02 54.39 51.70 47.87 45.29 46.90 48.58 48.34 43.87 41.07 37.24 46.45 40.98 42.02 35.96 41.36 36.56 39.75 47.61 43.18 41.26 44.38
-9999 -9999 -9999 -9999 -9999 -9999 -9999 -9999 -9999 -9999 -9999 -9999 -9999 -9999 -9999 -9999 -9999 -9999 -9999 -9999 -9999 -9999 -9999 -9999 -9999 -9999 -9999 -9999 -9999 -9999 64.24 74.29 93.45 101.25 98.41 92.61 85.12 77.96 77.50 72.84 74.96 68.16 84.24 86.07 83.90 82.35 73.60 70.28 70.18 75.21 77.54 80.36 73.85 61.48 57.81 59.35 55.52 51.07 51.14 50.42 49.95 56.87 45.18 42.74 42.24 41.43 47.76 42.31 42.99 45.87 42.27 42.77 40.84 54.63 48.42 47.59
-9999 -9999 -9999 -9999 -9999 -9999 -9999 -9999 -9999 -9999 -9999 -9999 -9999 102.09 125.51 103.54 125.15 119.21 103.15 109.34 101.52 63.26 83.23 57.12 -9999 -9999 -9999 -9999 -9999 -9999 64.52 72.26 66.97 80.63 76.77 100.16 91.47 90.53 84.62 76.22 81.74 95.95 95.03 91.13 78.07 77.44 67.41 64.30 72.34 67.06 62.01 67.13 66.39 60.16 64.75 66.34 69.53 60.34 56.15 55.92 50.33 48.34 49.80 47.69 47.61 51.86 48.74 47.31 42.92 41.21 42.82 53.62 45.21 50.87 47.84 43.27
-9999 -9999 -9999 -9999 -9999 -9999 -9999 -9999 -9999 -9999 -9999 -9999 -9999 121.31 139.41 138.56 94.86 132.42 185.77 122.77 127.07 86.65 82.69 63.89 44.38 58.95 62.28 59.84 68.18 81.61 67.08 67.38 67.17 76.86 83.02 83.43 88.69 92.14 97.22 74.29 89.26 91.10 85.64 86.63 86.08 80.33 69.64 68.17 69.10 72.25 65.35 72.46 56.92 65.10 68.88 69.26 64.18 71.69 69.42 55.52 49.36 47.77 52.70 53.39 53.58 69.67 61.17 56.21 52.65 51.81 51.16 50.61 56.58 57.30 50.79 49.08
-9999 -9999 -9999 -9999 -9999 -9999 -9999 -9999 -9999 -9999 -9999 -9999 85.35 120.62 112.03 100.71 86.94 113.55 147.02 136.07 126.40 118.69 107.88 82.24 64.35 72.02 72.89 80.52 69.78 85.29 72.53 68.27 73.70 81.87 80.55 93.41 90.46 84.86 83.36 86.12 80.90 99.64 97.68 82.89 81.21 90.49 76.67 72.81 69.26 66.68 69.09 63.27 64.97 64.65 65.10 65.32 66.64 68.18 67.76 60.79 57.34 64.17 55.88 51.58 58.88 60.20 64.65 61.37 51.97 55.95 61.34 72.88 73.24 60.31 58.20 66.96
-9999 -9999 -9999 -9999 -9999 -9999 -9999 -9999 -9999 -9999 -9999 -9999 -9999 93.33 94.86 75.01 76.76 90.82 103.64 131.14 117.78 105.03 100.75 101.01 96.61 93.82 85.40 71.94 80.05 85.85 70.83 73.83 69.98 76.79 72.37 75.48 69.83 75.78 79.49 83.63 78.36 99.07 112.23 89.69 80.68 87.01 80.06 75.72 71.11 72.91 70.37 72.04 69.79 59.67 64.37 64.48 67.95 70.20 69.82 67.26 66.44 77.09 69.94 64.40 59.81 58.71 73.71 63.64 48.96 68.09 74.03 83.26 87.23 78.26 74.95 77.40
-9999 -9999 -9999 -9999 -9999 -9999 -9999 -9999 -9999 80.39 -9999 -9999 80.53 80.00 90.62 70.12 63.18 69.40 77.56 83.82 90.32 95.25 97.98 104.18 104.66 107.58 91.71 77.49 75.60 90.47 73.92 72.57 75.49 81.39 72.80 72.86 77.65 89.60 86.36 85.86 77.02 92.89 91.77 90.30 98.67 90.43 78.59 73.13 76.34 74.66 76.45 82.23 78.84 69.72 74.21 68.96 75.56 74.41 84.11 70.44 71.69 72.74 70.68 70.55 68.81 68.31 69.80 70.28 77.49 69.74 72.77 76.95 78.41 77.00 79.02 80.44
-9999 -9999 -9999 -9999 -9999 -9999 -9999 -9999 95.75 112.30 118.71 117.64 92.24 91.70 88.00 63.70 48.85 61.00 62.22 82.17 85.59 98.26 100.93 101.64 90.43 81.28 84.36 77.63 78.11 83.45 80.71 76.19 71.41 81.51 87.43 72.90 83.11 79.91 80.07 81.19 88.92 102.67 96.32 101.62 109.32 91.62 86.20 80.56 78.31 83.70 83.42 73.32 73.98 68.89 74.49 75.71 77.04 79.16 76.96 77.04 73.25 75.85 80.25 78.03 74.56 73.41 68.89 71.98 69.83 71.98 76.86 80.55 77.99 84.16 75.06 80.09
-9999 -9999 -9999 -9999 -9999 -9999 -9999 -9999 111.65 124.85 107.13 107.14 82.66 80.64 75.25 66.33 66.05 63.89 69.93 80.91 81.07 100.10 107.60 114.50 105.42 94.23 104.74 106.66 97.45 88.98 83.64 87.28 96.85 88.47 90.61 85.65 87.45 78.42 84.36 81.08 86.07 104.30 148.00 96.00 91.21 96.59 82.41 77.85 87.53 84.26 78.95 75.25 68.15 60.60 73.21 79.23 80.05 86.08 86.72 75.08 101.16 88.85 93.37 90.44 79.41 79.56 78.81 75.19 73.52 78.15 85.14 81.47 88.93 79.79 79.08 80.72
-9999 -9999 -9999 -9999 -9999 -9999 -9999 -9999 112.09 108.77 123.35 115.01 88.49 80.41 82.39 73.37 64.91 65.20 73.85 85.80 83.33 95.97 103.55 104.07 92.56 91.69 113.20 113.45 131.51 106.98 104.13 91.48 107.60 98.56 113.06 103.49 85.41 84.99 82.00 84.27 93.51 104.82 99.89 102.35 96.99 92.75 86.48 82.66 84.08 90.13 84.89 65.24 71.17 68.30 66.41 77.99 68.94 80.91 84.23 83.11 99.23 96.76 98.99 111.30 81.86 99.05 94.95 82.49 82.95 102.08 97.38 103.73 87.13 86.71 78.34 75.67
-9999 -9999 -9999 -9999 -9999 -9999 -9999 -9999 97.04 114.16 116.09 114.04 91.71 87.05 72.40 57.09 72.87 73.18 71.79 83.38 85.08 86.61 105.20 109.50 82.42 96.37 127.17 118.62 120.36 120.97 118.41 104.63 115.89 118.17 120.59 137.40 95.83 95.04 93.80 96.70 107.95 113.43 105.91 98.86 97.55 92.09 87.36 83.28 83.59 86.42 87.06 73.30 76.61 69.89 70.81 71.59 83.77 74.09 75.41 77.63 76.02 79.03 85.72 89.11 86.03 90.60 89.10 86.28 84.46 93.70 86.62 106.54 85.46 77.08 81.25 81.59
-9999 -9999 -9999 -9999 -9999 -9999 -9999 -9999 89.95 99.51 94.48 106.42 89.85 86.07 79.69 74.77 71.01 80.61 75.11 82.57 82.25 88.86 93.73 89.66 94.95 96.42 104.02 110.22 123.10 116.64 116.86 139.44 147.53 145.98 147.56 131.85 119.54 118.85 113.55 105.83 104.85 104.46 101.19 96.62 94.15 86.84 83.86 83.45 84.59 80.82 78.11 73.90 70.88 66.77 64.93 68.89 65.84 65.44 65.55 62.08 69.48 76.45 82.74 81.26 82.45 79.91 78.46 76.06 -9999 -9999 78.97 89.83 89.33 82.51 79.15 103.16
-9999 -9999 -9999 -9999 -9999 -9999 -9999 100.69 91.25 101.92 99.74 100.35 92.15 96.40 89.84 98.72 83.63 88.13 84.34 84.98 82.81 91.96 89.99 86.88 85.08 95.33 106.25 126.11 124.03 108.45 118.76 128.15 122.14 127.72 115.25 118.52 123.43 118.63 99.35 104.23 99.22 98.72 98.13 91.64 89.95 84.64 79.96 82.55 80.91 74.39 66.95 70.40 66.72 69.66 -9999 -9999 64.94 65.14 67.02 64.40 71.56 76.04 81.84 -9999 -9999 -9999 -9999 -9999 -9999 -9999 -9999 -9999 -9999 80.89 89.69 99.08
-9999 -9999 -9999 -9999 -9999 -9999 103.18 100.03 107.55 106.19 93.92 83.81 98.18 106.77 108.63 124.35 113.96 119.41 92.49 100.10 109.74 91.71 90.77 79.66 88.23 88.89 113.75 111.66 123.72 119.85 123.40 98.35 109.54 113.56 113.78 120.73 126.47 110.10 124.13 109.85 101.12 98.26 89.76 88.05 91.30 84.81 73.04 77.61 70.90 71.82 61.06 -9999 69.21 75.44 71.81 70.47 67.46 -9999 -9999 -9999 -9999 73.72 -9999 -9999 -9999 -9999 -9999 -9999 -9999 -9999 -9999 -9999 -9999 -9999 -9999 -9999
-9999 -9999 -9999 -9999 -9999 92.30 121.04 126.64 132.43 103.42 97.52 88.69 97.40 94.01 144.65 179.96 187.85 144.07 112.44 125.82 134.48 113.81 106.71 102.66 99.41 86.59 87.19 87.73 84.28 -9999 -9999 -9999 -9999 -9999 96.85 112.76 125.94 107.53 115.80 108.77 93.92 96.22 90.69 97.70 88.69 -9999 -9999 -9999 -9999 -9999 74.21 77.28 74.99 84.30 78.11 73.42 64.12 -9999 -9999 -9999 -9999 -9999 -9999 -9999 -9999 -9999 -9999 -9999 -9999 -9999 -9999 -9999 -9999 -9999 -9999 -9999
-9999 -9999 -9999 -9999 80.34 106.42 129.20 132.91 129.22 104.33 105.18 93.48 111.13 128.26 180.36 204.64 242.24 193.10 155.81 128.00 126.00 105.96 108.12 90.37 73.33 82.21 -9999 -9999 -9999 -9999 -9999 -9999 -9999 -9999 -9999 85.02 96.84 89.45 98.35 109.48 112.81 102.12 117.91 103.12 90.89 -9999 -9999 -9999 -9999 -9999 -9999 -9999 58.21 89.70 77.26 91.74 -9999 -9999 -9999 -9999 -9999 -9999 -9999 -9999 -9999 -9999 -9999 -9999 -9999 -9999 -9999 -9999 -9999 -9999 -9999 -9999
-9999 70.05 70.92 71.06 71.83 96.12 131.05 137.92 145.68 118.60 111.17 116.80 136.86 156.36 163.84 212.71 212.03 161.63 153.80 151.59 109.57 115.59 123.51 94.27 -9999 -9999 -9999 -9999 -9999 -9999 -9999 -9999 -9999 -9999 -9999 -9999 -9999 88.26 -9999 -9999 -9999 -9999 97.01 98.66 93.99 -9999 -9999 -9999 -9999 -9999 -9999 -9999 -9999 77.74 84.01 78.89 -9999 -9999 -9999 -9999 -9999 -9999 -9999 -9999 -9999 -9999 -9999 -9999 -9999 -9999 -9999 -9999 -9999 -9999 -9999 -9999
-9999 80.97 80.32 69.02 86.93 98.30 118.46 140.60 144.52 127.34 121.06 137.43 139.80 144.84 150.96 207.43 202.12 168.42 153.39 140.30 94.53 99.02 96.20 -9999 -9999 -9999 -9999 -9999 -9999 -9999 -9999 -9999 -9999 -9999 -9999 -9999 -9999 63.15 -9999 -9999 -9999 -9999 -9999 -9999 -9999 -9999 -9999 -9999 -9999 -9999 -9999 -9999 -9999 -9999 -9999 -9999 -9999 -9999 -9999 -9999 -9999 -9999 -9999 -9999 -9999 -9999 -9999 -9999 -9999 -9999 -9999 -9999 -9999 -9999 -9999 -9999
-9999 82.80 93.46 97.30 98.73 111.03 131.47 140.67 133.12 105.41 119.22 140.82 128.09 136.70 149.63 175.98 207.06 204.18 158.68 136.99 120.69 110.07 110.96 -9999 -9999 -9999 -9999 -9999 -9999 -9999 -9999 -9999 -9999 -9999 -9999 -9999 -9999 -9999 -9999 -9999 -9999 -9999 -9999 -9999 -9999 -9999 -9999 -9999 -9999 -9999 -9999 -9999 -9999 -9999 -9999 -9999 -9999 -9999 -9999 -9999 -9999 -9999 -9999 -9999 -9999 -9999 -9999 -9999 -9999 -9999 -9999 -9999 -9999 -9999 -9999 -9999
85.00 85.17 79.57 106.92 119.15 131.97 137.49 130.19 136.90 125.71 117.98 122.65 126.57 128.68 148.50 183.11 217.33 210.90 172.46 144.67 120.48 128.49 97.81 -9999 -9999 -9999 -9999 -9999 -9999 -9999 -9999 -9999 -9999 -9999 -9999 -9999 -9999 -9999 -9999 -9999 -9999 -9999 -9999 -9999 -9999 -9999 -9999 -9999 -9999 -9999 -9999 -9999 -9999 -9999 -9999 -9999 -9999 -9999 -9999 -9999 -9999 -9999 -9999 -9999 -9999 -9999 -9999 -9999 -9999 -9999 -9999 -9999 -9999 -9999 -9999 -9999
