Rainfall_2007-2011/Rainfall_2007-08_ACTUAL.txt
ncols         180
nrows         290
xllcorner     -200000
yllcorner     -200000
cellsize      5000
NODATA_value  -9999
[rows 136 to 169 of 290, columns 76 to 151 of 180]
-9999 -9999 -9999 123.64 128.05 126.93 152.80 154.29 166.34 151.49 137.19 156.28 177.81 186.57 256.54 202.82 162.44 132.03 126.18 117.80 128.46 124.51 122.93 101.59 101.63 91.73 92.27 86.10 78.21 75.88 64.85 56.98 63.10 63.14 80.32 68.34 68.29 67.45 62.12 61.56 53.43 42.29 48.06 53.05 45.35 46.19 39.89 35.74 46.39 46.97 42.95 35.66 -9999 -9999 -9999 -9999 -9999 -9999 -9999 -9999 -9999 -9999 -9999 -9999 -9999 -9999 -9999 -9999 -9999 -9999 -9999 -9999 -9999 -9999 -9999 -9999
-9999 -9999 -9999 119.76 119.52 106.52 125.14 124.44 143.82 139.55 115.32 133.32 144.99 163.50 196.41 180.82 165.98 134.76 108.12 104.91 139.12 143.47 152.20 113.89 -9999 -9999 -9999 73.28 73.56 -9999 64.51 62.51 65.70 68.74 63.33 61.68 60.49 67.78 56.17 57.07 50.55 52.98 50.95 40.67 31.33 36.00 38.23 40.94 37.40 39.06 40.01 37.81 -9999 -9999 -9999 -9999 -9999 -9999 -9999 -9999 -9999 -9999 -9999 -9999 -9999 -9999 -9999 -9999 -9999 -9999 -9999 -9999 -9999 -9999 -9999 -9999
-9999 -9999 -9999 111.70 127.85 104.18 102.31 114.30 128.42 128.69 117.91 100.01 95.78 128.99 185.30 156.02 156.65 138.18 112.15 130.76 131.68 125.74 116.55 104.33 -9999 -9999 -9999 76.94 74.11 70.00 63.84 65.04 63.35 61.10 62.85 65.22 64.94 56.50 61.90 53.51 36.52 51.76 48.91 40.41 37.03 41.64 34.76 42.08 49.63 45.18 38.30 41.37 -9999 -9999 -9999 -9999 -9999 -9999 -9999 -9999 -9999 -9999 -9999 -9999 -9999 -9999 -9999 -9999 -9999 -9999 -9999 -9999 -9999 -9999 -9999 -9999
-9999 -9999 -9999 -9999 116.81 109.83 95.97 -9999 126.63 133.87 123.70 99.03 86.49 -9999 130.94 116.03 125.55 119.29 120.17 136.73 125.81 105.50 -9999 -9999 -9999 -9999 67.55 59.16 66.18 57.15 57.37 67.77 60.73 58.82 60.08 68.53 82.13 54.38 66.62 69.32 61.34 52.37 44.34 47.09 37.27 38.95 44.45 47.72 45.42 37.84 37.83 41.37 39.73 -9999 -9999 -9999 -9999 -9999 -9999 -9999 -9999 -9999 -9999 -9999 -9999 -9999 -9999 -9999 -9999 -9999 -9999 -9999 -9999 -9999 -9999 -9999
-9999 -9999 -9999 -9999 -9999 103.31 -9999 -9999 -9999 128.74 136.73 126.28 117.47 108.00 -9999 -9999 107.73 99.02 116.59 134.36 -9999 -9999 -9999 -9999 -9999 61.38 66.02 65.42 70.13 61.08 61.21 64.37 59.53 62.47 60.34 65.80 70.83 73.53 58.36 79.42 75.07 65.46 46.15 41.51 50.98 48.49 45.34 41.80 38.22 33.86 39.00 43.87 41.26 -9999 -9999 -9999 -9999 -9999 -9999 -9999 -9999 -9999 -9999 -9999 -9999 -9999 -9999 -9999 -9999 -9999 -9999 -9999 -9999 -9999 -9999 -9999
-9999 -9999 -9999 -9999 -9999 95.64 91.15 -9999 -9999 -9999 124.18 135.98 123.34 113.61 -9999 -9999 -9999 -9999 108.96 -9999 -9999 -9999 -9999 -9999 -9999 56.24 71.29 74.26 69.27 70.98 69.09 63.91 54.16 53.37 62.89 56.29 59.63 68.84 62.12 73.30 68.60 66.47 39.42 47.98 56.18 47.83 42.56 33.61 31.26 31.98 35.56 45.97 51.47 -9999 -9999 -9999 -9999 -9999 -9999 -9999 -9999 -9999 -9999 -9999 -9999 -9999 -9999 -9999 -9999 -9999 -9999 -9999 -9999 -9999 -9999 -9999
-9999 -9999 -9999 -9999 -9999 -9999 99.33 -9999 -9999 -9999 -9999 122.60 119.35 107.73 -9999 -9999 -9999 -9999 -9999 -9999 -9999 -9999 -9999 -9999 71.63 67.17 84.10 90.82 84.76 88.07 80.65 70.01 59.71 54.42 54.22 64.54 78.17 97.00 85.74 71.97 60.87 47.31 34.65 44.01 39.95 36.51 42.46 42.43 33.59 32.97 36.29 43.16 39.64 39.90 -9999 -9999 -9999 -9999 -9999 -9999 -9999 -9999 -9999 -9999 -9999 -9999 -9999 -9999 -9999 -9999 -9999 -9999 -9999 -9999 -9999 -9999
-9999 -9999 -9999 -9999 -9999 -9999 107.15 -9999 -9999 -9999 -9999 -9999 -9999 -9999 -9999 -9999 -9999 -9999 -9999 -9999 -9999 -9999 -9999 -9999 71.27 66.87 80.49 88.30 71.49 100.61 111.58 80.52 75.52 56.43 57.69 56.58 63.05 102.61 109.61 80.05 57.91 71.60 73.87 64.92 52.74 44.88 34.41 40.00 38.87 43.26 40.35 39.53 40.75 40.12 35.67 -9999 -9999 -9999 -9999 -9999 -9999 -9999 -9999 -9999 -9999 -9999 -9999 -9999 -9999 -9999 -9999 -9999 -9999 -9999 -9999 -9999
-9999 -9999 -9999 -9999 -9999 -9999 -9999 -9999 -9999 -9999 -9999 -9999 -9999 -9999 -9999 -9999 -9999 -9999 -9999 -9999 -9999 -9999 -9999 59.81 70.71 66.04 82.26 101.85 85.27 134.92 135.26 90.28 64.95 62.26 53.31 58.14 61.00 85.01 125.25 92.10 59.59 60.54 58.58 58.11 49.84 50.27 44.24 43.24 36.57 34.67 31.02 34.76 39.45 39.25 33.45 -9999 -9999 -9999 -9999 -9999 -9999 -9999 -9999 -9999 -9999 -9999 -9999 -9999 -9999 -9999 -9999 -9999 -9999 -9999 -9999 -9999
-9999 -9999 -9999 -9999 -9999 -9999 -9999 -9999 -9999 -9999 -9999 -9999 -9999 -9999 -9999 -9999 -9999 -9999 -9999 -9999 -9999 -9999 -9999 73.82 84.74 85.89 96.33 127.61 106.62 94.81 117.58 87.62 85.07 80.71 71.11 72.07 66.75 67.86 90.50 122.11 84.76 68.70 63.52 48.14 37.13 38.65 40.99 36.69 36.53 34.73 35.37 32.96 36.24 34.74 33.97 31.07 27.36 26.17 -9999 -9999 -9999 -9999 -9999 -9999 -9999 -9999 -9999 -9999 -9999 -9999 -9999 -9999 -9999 -9999 -9999 -9999
-9999 -9999 -9999 -9999 -9999 -9999 -9999 -9999 -9999 -9999 -9999 -9999 -9999 -9999 -9999 -9999 -9999 -9999 -9999 -9999 -9999 -9999 -9999 72.98 83.84 108.76 128.14 145.26 136.10 153.46 138.72 134.05 128.20 124.29 91.22 87.09 96.49 55.82 63.02 81.55 60.23 66.06 56.22 41.72 31.37 36.96 34.96 31.41 32.79 34.14 34.89 33.83 33.68 34.58 35.93 43.00 30.80 32.15 28.04 29.69 -9999 -9999 -9999 -9999 -9999 -9999 -9999 -9999 -9999 -9999 -9999 -9999 -9999 -9999 -9999 -9999
-9999 -9999 -9999 -9999 -9999 -9999 -9999 -9999 -9999 -9999 -9999 -9999 -9999 -9999 -9999 -9999 -9999 -9999 -9999 -9999 -9999 -9999 -9999 57.54 97.50 135.30 195.95 284.72 274.67 178.90 161.14 182.50 224.54 261.50 145.01 108.85 100.58 65.44 83.35 70.61 66.47 72.22 49.78 39.21 35.89 29.48 28.04 22.64 30.11 31.28 35.22 34.92 35.48 36.14 40.60 38.09 42.49 37.43 49.36 47.93 35.10 23.13 -9999 -9999 -9999 -9999 -9999 -9999 -9999 -9999 -9999 -9999 -9999 -9999 -9999 -9999
-9999 -9999 -9999 -9999 -9999 -9999 -9999 -9999 -9999 -9999 -9999 -9999 -9999 -9999 -9999 -9999 -9999 -9999 -9999 -9999 -9999 -9999 -9999 63.37 87.63 118.34 163.61 174.27 276.19 222.55 164.09 158.03 190.25 201.53 169.17 121.65 93.20 90.50 102.60 82.18 104.93 74.86 58.66 57.81 51.87 41.88 27.86 29.89 31.23 38.41 38.47 36.01 29.89 31.40 34.30 34.16 43.34 41.49 51.59 44.17 39.56 21.00 25.35 -9999 -9999 -9999 -9999 -9999 -9999 -9999 -9999 -9999 -9999 -9999 -9999 -9999
-9999 -9999 -9999 -9999 -9999 -9999 -9999 -9999 -9999 -9999 -9999 87.51 76.99 69.47 -9999 -9999 -9999 -9999 -9999 -9999 -9999 -9999 -9999 -9999 71.81 86.87 124.36 138.35 156.47 265.05 158.48 122.07 171.36 164.39 142.32 127.35 122.37 115.89 106.97 99.84 97.18 71.84 75.14 67.30 55.20 48.17 43.11 37.23 34.80 37.31 32.79 40.47 38.21 36.42 49.82 51.23 66.50 64.13 58.93 56.84 43.52 44.94 35.73 27.04 -9999 -9999 -9999 -9999 -9999 -9999 -9999 -9999 -9999 -9999 -9999 -9999
-9999 -9999 -9999 -9999 -9999 -9999 -9999 -9999 -9999 -9999 -9999 89.10 83.33 -9999 -9999 -9999 -9999 -9999 -9999 -9999 -9999 -9999 -9999 -9999 -9999 87.70 114.02 141.92 161.37 212.58 154.13 145.94 145.04 124.11 101.34 112.27 105.95 159.69 142.30 115.34 115.56 77.20 56.83 42.01 65.47 45.58 50.72 41.93 40.38 36.99 39.29 42.96 44.65 48.32 56.92 59.48 56.56 58.79 54.32 64.47 63.20 56.25 45.27 39.05 -9999 -9999 -9999 -9999 -9999 -9999 -9999 -9999 -9999 -9999 -9999 -9999
-9999 -9999 -9999 -9999 -9999 -9999 -9999 -9999 -9999 -9999 88.29 130.04 98.91 82.00 -9999 -9999 -9999 -9999 -9999 -9999 -9999 -9999 -9999 -9999 -9999 79.67 113.74 142.30 132.46 109.93 143.89 133.85 121.18 111.28 103.06 104.53 112.61 113.03 150.35 108.42 101.42 66.39 63.27 69.28 57.85 61.09 50.36 46.83 41.47 41.61 44.17 41.19 48.37 50.61 48.43 51.48 56.11 56.03 51.29 51.61 64.12 59.27 40.96 38.70 28.17 -9999 -9999 -9999 -9999 -9999 -9999 -9999 -9999 -9999 -9999 -9999
-9999 -9999 -9999 -9999 -9999 -9999 -9999 -9999 -9999 101.67 118.80 97.51 126.20 89.92 -9999 -9999 -9999 -9999 -9999 -9999 -9999 -9999 -9999 -9999 -9999 94.13 113.89 130.42 114.94 126.54 122.42 127.02 117.86 98.92 104.90 110.05 105.28 148.93 124.23 117.00 82.63 87.27 64.35 61.02 47.17 53.03 51.07 43.69 42.52 38.58 39.34 43.09 45.32 49.88 49.95 47.51 42.17 41.21 36.67 39.09 44.93 49.30 41.42 32.42 25.98 -9999 -9999 -9999 -9999 -9999 -9999 -9999 -9999 -9999 -9999 -9999
-9999 -9999 -9999 -9999 -9999 -9999 -9999 -9999 93.40 111.18 146.09 115.29 102.22 -9999 -9999 -9999 -9999 -9999 -9999 -9999 -9999 -9999 -9999 -9999 -9999 -9999 107.76 109.90 123.73 134.65 111.69 109.28 96.58 89.83 89.70 110.25 116.24 144.33 127.79 122.38 111.85 100.38 94.56 86.34 64.06 49.70 47.81 45.99 38.06 38.10 39.06 49.12 51.51 41.63 49.56 46.80 34.97 28.54 29.36 29.56 30.29 30.04 29.79 27.23 26.33 29.68 30.60 -9999 -9999 -9999 -9999 -9999 -9999 -9999 -9999 -9999
-9999 -9999 -9999 -9999 -9999 -9999 -9999 -9999 126.05 162.66 121.00 100.08 95.30 -9999 -9999 -9999 -9999 -9999 -9999 -9999 -9999 -9999 -9999 -9999 -9999 -9999 -9999 110.52 115.32 111.92 100.41 91.68 89.72 86.97 79.54 102.78 100.95 127.38 114.56 113.66 105.67 100.22 96.70 100.56 95.12 74.88 55.31 45.91 45.73 38.26 38.06 50.80 51.27 44.32 46.83 42.70 34.18 30.68 28.15 23.18 23.27 23.50 29.47 29.15 38.34 36.07 34.17 -9999 -9999 -9999 -9999 -9999 -9999 -9999 -9999 -9999
-9999 -9999 -9999 -9999 -9999 -9999 -9999 -9999 111.03 111.98 92.00 91.94 -9999 -9999 -9999 -9999 -9999 -9999 -9999 -9999 -9999 -9999 -9999 -9999 -9999 -9999 -9999 89.51 105.90 109.13 -9999 85.46 -9999 67.87 71.09 81.03 79.82 84.97 95.06 112.22 102.50 126.40 80.98 81.85 102.69 93.10 62.12 50.13 49.14 39.22 37.14 29.81 34.05 38.40 41.12 41.29 38.61 32.66 33.55 30.66 25.26 28.56 36.35 33.49 29.92 31.48 38.05 39.50 38.62 -9999 -9999 -9999 -9999 -9999 -9999 -9999
-9999 -9999 -9999 -9999 -9999 -9999 -9999 87.21 86.40 67.48 -9999 -9999 -9999 -9999 -9999 -9999 -9999 -9999 -9999 -9999 -9999 -9999 -9999 -9999 -9999 -9999 -9999 90.07 92.43 92.82 -9999 -9999 -9999 69.23 82.28 81.14 76.52 78.38 67.82 82.43 80.44 120.74 111.79 73.72 85.31 80.48 65.55 59.86 51.78 41.73 33.26 27.15 30.44 33.94 30.04 33.79 33.14 32.75 40.37 32.44 27.67 34.76 40.77 40.93 39.15 44.27 38.81 34.92 35.69 -9999 -9999 -9999 -9999 -9999 -9999 -9999
-9999 -9999 -9999 -9999 -9999 -9999 -9999 -9999 -9999 -9999 -9999 -9999 -9999 -9999 -9999 -9999 -9999 -9999 -9999 -9999 -9999 -9999 -9999 -9999 -9999 -9999 -9999 -9999 -9999 -9999 -9999 -9999 65.01 73.66 98.01 116.11 111.19 122.02 104.25 87.07 87.37 104.55 91.65 76.54 70.03 68.96 66.66 57.63 44.78 38.87 34.03 30.46 31.45 27.66 29.05 31.34 28.26 29.76 34.97 34.94 36.51 37.15 41.68 37.77 37.38 35.41 34.01 34.89 -9999 -9999 -9999 -9999 -9999 -9999 -9999 -9999
-9999 -9999 -9999 -9999 -9999 -9999 -9999 -9999 -9999 -9999 -9999 -9999 -9999 -9999 -9999 -9999 -9999 -9999 -9999 -9999 -9999 -9999 -9999 -9999 -9999 -9999 -9999 -9999 -9999 -9999 -9999 -9999 74.18 81.32 98.50 143.55 160.28 157.36 107.39 115.44 78.44 79.01 73.61 76.21 91.13 70.23 61.59 57.44 44.77 36.54 35.13 35.27 31.11 27.73 29.67 34.53 30.75 31.08 34.83 36.73 48.14 45.42 37.54 35.34 36.38 35.92 31.43 31.86 -9999 -9999 -9999 -9999 -9999 -9999 -9999 -9999
-9999 -9999 -9999 -9999 -9999 -9999 -9999 -9999 -9999 -9999 -9999 -9999 -9999 -9999 -9999 -9999 -9999 -9999 -9999 -9999 -9999 -9999 -9999 -9999 -9999 -9999 -9999 -9999 -9999 -9999 -9999 -9999 76.21 83.19 100.61 123.20 168.44 145.71 107.64 93.39 80.86 81.63 76.38 78.39 61.59 48.57 50.04 51.74 49.81 32.27 31.39 31.84 30.71 30.96 34.62 37.85 30.17 31.28 33.26 36.83 49.10 49.65 38.68 34.99 35.16 36.95 31.90 35.70 -9999 -9999 -9999 -9999 -9999 -9999 -9999 -9999
-9999 -9999 -9999 -9999 -9999 -9999 -9999 -9999 -9999 -9999 -9999 -9999 -9999 -9999 -9999 -9999 -9999 -9999 -9999 -9999 -9999 -9999 -9999 -9999 -9999 -9999 -9999 -9999 -9999 -9999 63.97 68.38 77.29 76.90 107.64 132.62 168.73 132.00 121.05 89.09 87.39 84.18 76.98 74.51 62.38 61.98 45.51 41.57 42.52 38.38 31.57 33.43 30.65 30.62 32.16 32.23 29.80 29.39 29.35 33.50 40.37 47.27 38.46 34.67 36.12 38.69 41.49 37.14 36.22 -9999 -9999 -9999 -9999 -9999 -9999 -9999
-9999 -9999 -9999 -9999 -9999 -9999 -9999 -9999 -9999 -9999 -9999 -9999 -9999 -9999 -9999 -9999 -9999 -9999 -9999 -9999 -9999 -9999 -9999 -9999 -9999 -9999 -9999 -9999 -9999 -9999 62.33 69.52 72.12 82.25 95.04 120.22 118.07 116.20 96.65 97.55 122.44 83.87 71.93 65.20 61.84 41.74 41.18 39.39 43.33 41.04 39.38 32.38 30.41 27.98 27.10 27.02 28.59 29.14 28.31 27.12 24.17 31.76 38.98 36.36 36.17 42.73 40.70 38.28 37.36 -9999 -9999 -9999 -9999 -9999 -9999 -9999
-9999 -9999 -9999 -9999 -9999 -9999 -9999 -9999 -9999 -9999 -9999 -9999 -9999 -9999 -9999 -9999 -9999 -9999 -9999 -9999 -9999 -9999 -9999 -9999 -9999 -9999 -9999 -9999 -9999 -9999 65.47 67.33 70.24 93.58 92.23 98.47 111.29 105.77 81.28 104.96 88.88 70.40 67.53 64.71 45.31 48.14 35.14 38.61 32.11 31.39 33.85 33.30 29.70 27.57 27.64 24.20 26.56 27.66 25.68 27.15 24.85 28.96 33.49 38.99 36.85 36.38 32.37 37.84 39.13 40.16 -9999 -9999 -9999 -9999 -9999 -9999
-9999 -9999 -9999 -9999 -9999 -9999 -9999 -9999 -9999 -9999 -9999 -9999 -9999 -9999 -9999 -9999 -9999 -9999 -9999 -9999 -9999 -9999 -9999 -9999 -9999 -9999 -9999 -9999 -9999 -9999 54.18 63.19 58.82 66.89 73.96 82.26 77.18 81.48 70.50 64.98 70.61 62.86 73.79 67.83 71.82 63.65 42.83 35.40 37.24 31.54 27.42 30.90 31.68 27.66 25.44 25.52 23.74 26.57 26.75 24.54 22.50 26.31 29.67 36.79 40.59 30.49 32.75 36.35 40.98 44.09 39.22 -9999 -9999 -9999 -9999 -9999
-9999 -9999 -9999 -9999 -9999 -9999 -9999 -9999 -9999 -9999 -9999 -9999 -9999 -9999 -9999 -9999 -9999 -9999 -9999 -9999 -9999 -9999 -9999 -9999 -9999 -9999 -9999 -9999 -9999 -9999 59.89 60.80 52.71 52.07 63.14 72.96 72.94 68.69 71.90 70.29 82.59 73.49 75.43 57.60 56.58 39.03 41.92 34.33 42.16 32.49 29.06 30.27 27.62 27.84 27.00 27.14 26.16 27.09 27.74 25.19 22.48 21.67 27.91 35.69 36.06 29.79 32.60 37.64 40.78 44.14 39.18 -9999 -9999 -9999 -9999 -9999
-9999 -9999 -9999 -9999 -9999 -9999 -9999 -9999 -9999 -9999 -9999 -9999 -9999 -9999 -9999 -9999 -9999 -9999 -9999 -9999 -9999 -9999 -9999 -9999 -9999 -9999 -9999 -9999 -9999 -9999 -9999 55.87 55.23 53.20 62.80 65.99 69.98 76.62 79.40 73.57 65.15 70.34 63.73 42.16 49.33 36.35 32.77 32.10 27.47 32.26 27.51 28.17 29.07 26.89 24.50 27.48 26.81 27.40 27.18 26.02 23.49 20.15 30.78 30.67 32.13 36.89 33.89 -9999 41.40 44.09 42.10 42.89 -9999 -9999 -9999 -9999
-9999 -9999 -9999 -9999 -9999 -9999 -9999 -9999 -9999 -9999 -9999 -9999 -9999 -9999 -9999 -9999 -9999 -9999 -9999 -9999 -9999 -9999 -9999 -9999 -9999 -9999 -9999 -9999 -9999 -9999 53.81 56.81 54.99 56.54 61.36 57.73 78.75 97.53 74.06 89.56 65.78 62.18 59.64 57.53 55.47 50.97 31.13 24.98 30.40 31.77 25.99 25.14 25.29 25.58 26.36 26.04 26.68 29.61 28.74 28.18 26.40 27.38 30.06 29.87 26.46 39.25 37.55 42.20 -9999 43.33 42.92 43.44 42.98 -9999 -9999 -9999
-9999 -9999 -9999 -9999 -9999 -9999 -9999 -9999 -9999 -9999 -9999 -9999 -9999 -9999 -9999 -9999 -9999 -9999 -9999 -9999 -9999 -9999 -9999 -9999 -9999 -9999 -9999 -9999 -9999 -9999 52.63 67.94 60.33 59.98 65.12 59.70 69.51 95.20 69.80 67.59 66.77 56.46 50.87 51.87 50.65 34.38 25.12 23.24 19.70 22.05 26.38 23.98 25.99 29.14 28.39 25.55 25.19 29.46 29.16 31.53 26.41 27.28 31.95 35.50 31.15 40.58 53.51 49.64 44.24 -9999 -9999 -9999 -9999 -9999 -9999 -9999
-9999 -9999 -9999 -9999 -9999 -9999 -9999 -9999 -9999 -9999 -9999 -9999 -9999 -9999 -9999 -9999 -9999 -9999 -9999 -9999 -9999 -9999 -9999 -9999 -9999 -9999 -9999 -9999 -9999 55.05 50.53 58.86 63.96 58.00 58.10 57.48 69.09 73.95 64.11 57.10 56.99 53.04 55.71 57.05 68.83 47.38 28.10 30.36 23.57 17.30 20.52 20.25 22.28 29.37 28.67 28.93 24.93 22.30 28.05 28.95 28.87 29.97 33.78 37.85 42.21 43.99 48.22 47.75 41.22 40.52 42.31 -9999 -9999 -9999 -9999 -9999
-9999 -9999 -9999 -9999 -9999 -9999 -9999 -9999 -9999 -9999 -9999 -9999 -9999 -9999 -9999 -9999 -9999 -9999 -9999 -9999 -9999 -9999 -9999 -9999 -9999 -9999 -9999 -9999 -9999 -9999 52.53 58.55 63.58 64.20 79.44 62.85 64.68 62.18 58.79 57.49 56.85 52.00 49.00 45.96 60.20 54.74 45.95 32.77 29.90 26.30 22.51 21.53 15.38 20.62 25.24 25.71 24.99 26.88 27.44 27.00 27.21 36.15 37.40 36.76 39.95 38.16 38.98 42.90 41.20 40.36 42.81 42.96 41.48 -9999 -9999 -9999
