Rainfall_2007-2011/Rainfall_2010-08_ACTUAL.txt
ncols         180
nrows         290
xllcorner     -200000
yllcorner     -200000
cellsize      5000
NODATA_value  -9999
[rows 136 to 169 of 290, columns 77 to 153 of 180]
-9999 -9999 59.28 63.14 65.14 80.38 79.03 80.47 73.49 70.55 75.61 89.98 100.88 144.81 117.34 92.92 70.98 66.05 66.48 74.70 76.64 83.33 76.09 77.21 61.78 53.08 53.90 59.70 64.40 68.91 67.64 57.26 59.88 60.37 63.68 74.15 75.50 72.70 80.15 79.67 71.24 85.08 94.05 82.95 69.70 82.88 79.14 67.24 66.71 70.34 73.90 -9999 -9999 -9999 -9999 -9999 -9999 -9999 -9999 -9999 -9999 -9999 -9999 -9999 -9999 -9999 -9999 -9999 -9999 -9999 -9999 -9999 -9999 -9999 -9999 -9999 -9999
-9999 -9999 55.12 56.85 54.63 66.05 62.11 69.25 66.06 66.94 70.08 77.60 89.81 115.47 116.46 107.20 81.17 69.06 67.45 76.47 84.39 101.81 83.11 -9999 -9999 -9999 54.28 56.04 -9999 55.63 51.82 48.43 46.87 57.43 65.82 80.61 77.88 67.14 74.04 73.87 85.92 84.94 71.48 58.99 69.07 67.61 70.87 58.21 59.68 64.09 57.99 -9999 -9999 -9999 -9999 -9999 -9999 -9999 -9999 -9999 -9999 -9999 -9999 -9999 -9999 -9999 -9999 -9999 -9999 -9999 -9999 -9999 -9999 -9999 -9999 -9999 -9999
-9999 -9999 48.78 56.86 49.66 47.25 55.33 63.44 67.18 67.43 66.40 64.07 75.10 112.24 103.59 104.71 86.33 71.91 83.01 73.79 83.41 80.37 74.33 -9999 -9999 -9999 63.70 57.87 55.35 51.96 44.54 49.38 55.94 68.11 79.47 93.16 68.87 75.68 67.76 49.50 77.91 77.84 67.62 66.18 66.48 52.63 61.54 74.93 66.93 53.46 60.79 -9999 -9999 -9999 -9999 -9999 -9999 -9999 -9999 -9999 -9999 -9999 -9999 -9999 -9999 -9999 -9999 -9999 -9999 -9999 -9999 -9999 -9999 -9999 -9999 -9999 -9999
-9999 -9999 -9999 51.35 50.79 43.88 -9999 62.37 67.08 65.59 65.03 56.00 -9999 76.27 68.72 74.10 73.37 75.44 86.37 80.96 74.49 -9999 -9999 -9999 -9999 69.15 45.37 53.95 49.21 52.60 60.75 55.42 57.62 70.29 82.48 98.16 65.68 82.62 85.77 77.29 69.72 70.90 78.26 64.28 58.85 63.10 64.30 65.64 55.41 54.73 55.43 47.69 -9999 -9999 -9999 -9999 -9999 -9999 -9999 -9999 -9999 -9999 -9999 -9999 -9999 -9999 -9999 -9999 -9999 -9999 -9999 -9999 -9999 -9999 -9999 -9999 -9999
-9999 -9999 -9999 -9999 53.27 -9999 -9999 -9999 56.78 55.22 58.25 61.12 57.56 -9999 -9999 61.26 61.61 74.42 85.72 -9999 -9999 -9999 -9999 -9999 35.91 49.15 51.46 56.64 53.61 56.47 57.22 62.03 66.63 63.60 73.84 82.92 88.62 78.64 96.47 87.87 80.83 72.09 73.94 75.06 71.63 59.00 62.83 59.42 47.80 54.23 56.05 52.08 -9999 -9999 -9999 -9999 -9999 -9999 -9999 -9999 -9999 -9999 -9999 -9999 -9999 -9999 -9999 -9999 -9999 -9999 -9999 -9999 -9999 -9999 -9999 -9999 -9999
-9999 -9999 -9999 -9999 52.08 49.95 -9999 -9999 -9999 48.23 56.33 63.47 60.75 -9999 -9999 -9999 -9999 69.74 -9999 -9999 -9999 -9999 -9999 -9999 40.05 54.58 56.46 50.18 62.29 61.65 52.56 60.31 59.64 60.90 61.97 74.39 88.43 77.91 92.06 83.87 84.12 71.68 75.20 83.74 70.60 64.45 56.64 50.76 44.47 48.63 52.70 47.67 -9999 -9999 -9999 -9999 -9999 -9999 -9999 -9999 -9999 -9999 -9999 -9999 -9999 -9999 -9999 -9999 -9999 -9999 -9999 -9999 -9999 -9999 -9999 -9999 -9999
-9999 -9999 -9999 -9999 -9999 54.03 -9999 -9999 -9999 -9999 54.61 59.86 57.64 -9999 -9999 -9999 -9999 -9999 -9999 -9999 -9999 -9999 -9999 58.73 59.15 69.82 69.96 68.00 78.34 69.16 61.79 63.44 53.23 46.26 54.29 73.42 107.51 108.61 96.56 79.39 70.06 76.39 67.81 59.31 55.79 65.20 63.99 48.88 45.96 46.19 51.63 46.67 46.23 -9999 -9999 -9999 -9999 -9999 -9999 -9999 -9999 -9999 -9999 -9999 -9999 -9999 -9999 -9999 -9999 -9999 -9999 -9999 -9999 -9999 -9999 -9999 -9999
-9999 -9999 -9999 -9999 -9999 56.86 -9999 -9999 -9999 -9999 -9999 -9999 -9999 -9999 -9999 -9999 -9999 -9999 -9999 -9999 -9999 -9999 -9999 56.88 54.94 63.98 70.25 60.94 102.50 113.84 75.37 72.97 45.56 46.22 37.84 53.22 93.01 119.18 98.18 62.29 92.44 105.70 85.49 72.89 72.73 52.43 53.67 50.30 51.57 47.50 50.23 50.40 50.43 45.73 -9999 -9999 -9999 -9999 -9999 -9999 -9999 -9999 -9999 -9999 -9999 -9999 -9999 -9999 -9999 -9999 -9999 -9999 -9999 -9999 -9999 -9999 -9999
-9999 -9999 -9999 -9999 -9999 -9999 -9999 -9999 -9999 -9999 -9999 -9999 -9999 -9999 -9999 -9999 -9999 -9999 -9999 -9999 -9999 -9999 48.18 53.38 57.74 70.01 94.68 95.32 155.36 126.94 82.90 57.90 54.24 45.60 42.21 42.57 67.88 127.06 113.43 88.60 80.22 83.19 75.97 69.62 63.98 52.99 47.50 42.07 41.85 46.43 49.54 51.75 52.28 46.28 -9999 -9999 -9999 -9999 -9999 -9999 -9999 -9999 -9999 -9999 -9999 -9999 -9999 -9999 -9999 -9999 -9999 -9999 -9999 -9999 -9999 -9999 -9999
-9999 -9999 -9999 -9999 -9999 -9999 -9999 -9999 -9999 -9999 -9999 -9999 -9999 -9999 -9999 -9999 -9999 -9999 -9999 -9999 -9999 -9999 60.34 71.02 74.17 96.88 130.38 122.30 112.57 113.72 93.53 78.02 65.24 56.23 57.13 55.62 69.82 92.12 128.77 94.34 82.07 76.76 59.53 59.10 48.27 37.39 39.11 40.92 39.69 40.83 42.66 47.74 49.48 51.74 51.44 48.61 45.32 -9999 -9999 -9999 -9999 -9999 -9999 -9999 -9999 -9999 -9999 -9999 -9999 -9999 -9999 -9999 -9999 -9999 -9999 -9999 -9999
-9999 -9999 -9999 -9999 -9999 -9999 -9999 -9999 -9999 -9999 -9999 -9999 -9999 -9999 -9999 -9999 -9999 -9999 -9999 -9999 -9999 -9999 61.35 72.59 92.76 113.69 118.62 144.78 136.33 134.90 109.26 92.08 83.12 71.49 70.90 84.15 59.79 64.10 79.78 53.48 75.53 66.65 58.15 47.52 40.93 38.04 33.92 32.23 32.28 32.47 36.78 43.58 52.79 58.52 71.56 55.73 62.59 50.93 46.50 -9999 -9999 -9999 -9999 -9999 -9999 -9999 -9999 -9999 -9999 -9999 -9999 -9999 -9999 -9999 -9999 -9999 -9999
-9999 -9999 -9999 -9999 -9999 -9999 -9999 -9999 -9999 -9999 -9999 -9999 -9999 -9999 -9999 -9999 -9999 -9999 -9999 -9999 -9999 -9999 57.53 85.58 116.59 161.91 213.88 218.16 149.66 149.38 138.24 147.74 114.26 122.49 101.60 92.75 72.40 76.37 67.85 64.42 83.69 78.99 64.94 45.52 32.14 32.11 23.59 27.36 26.33 29.06 36.65 47.00 53.41 65.81 68.60 86.19 80.32 72.35 66.93 57.47 47.71 -9999 -9999 -9999 -9999 -9999 -9999 -9999 -9999 -9999 -9999 -9999 -9999 -9999 -9999 -9999 -9999
-9999 -9999 -9999 -9999 -9999 -9999 -9999 -9999 -9999 -9999 -9999 -9999 -9999 -9999 -9999 -9999 -9999 -9999 -9999 -9999 -9999 -9999 57.77 75.06 111.21 132.59 169.50 231.20 186.64 156.63 164.57 135.47 143.90 131.94 100.51 90.37 70.01 91.20 77.94 108.97 102.82 96.02 82.41 66.38 49.91 33.79 34.82 32.11 33.73 33.39 39.07 43.19 45.98 52.15 64.29 86.24 67.98 79.23 65.45 64.77 57.75 55.60 -9999 -9999 -9999 -9999 -9999 -9999 -9999 -9999 -9999 -9999 -9999 -9999 -9999 -9999 -9999
-9999 -9999 -9999 -9999 -9999 -9999 -9999 -9999 -9999 -9999 40.26 39.33 39.38 -9999 -9999 -9999 -9999 -9999 -9999 -9999 -9999 -9999 -9999 59.22 70.87 96.62 125.54 138.98 204.67 139.81 112.52 122.00 119.53 106.64 99.57 94.97 92.14 94.89 97.03 107.29 107.23 115.44 90.52 69.58 56.62 47.22 37.37 35.47 32.55 34.46 39.07 43.66 50.84 72.03 65.39 95.79 93.65 86.83 81.28 62.63 70.74 53.80 41.44 -9999 -9999 -9999 -9999 -9999 -9999 -9999 -9999 -9999 -9999 -9999 -9999 -9999 -9999
-9999 -9999 -9999 -9999 -9999 -9999 -9999 -9999 -9999 -9999 35.73 44.19 -9999 -9999 -9999 -9999 -9999 -9999 -9999 -9999 -9999 -9999 -9999 -9999 74.01 99.73 141.12 148.68 206.31 145.21 109.58 112.98 94.23 66.79 86.52 75.87 126.56 118.22 123.74 123.41 105.34 91.32 68.19 72.19 50.35 55.51 43.70 39.18 34.51 36.26 38.38 48.40 57.67 69.63 71.87 77.60 78.23 75.70 80.63 74.30 73.84 66.72 68.07 -9999 -9999 -9999 -9999 -9999 -9999 -9999 -9999 -9999 -9999 -9999 -9999 -9999 -9999
-9999 -9999 -9999 -9999 -9999 -9999 -9999 -9999 -9999 41.07 46.98 57.84 56.33 -9999 -9999 -9999 -9999 -9999 -9999 -9999 -9999 -9999 -9999 -9999 67.11 99.67 137.56 136.02 127.56 126.10 99.14 89.67 76.35 75.28 80.84 80.68 84.22 130.80 98.98 100.71 95.36 83.75 91.87 68.43 68.04 54.68 49.33 33.94 35.41 35.54 33.66 53.27 61.68 58.45 64.62 76.85 78.41 73.86 67.54 78.26 83.30 72.80 84.50 66.93 -9999 -9999 -9999 -9999 -9999 -9999 -9999 -9999 -9999 -9999 -9999 -9999 -9999
-9999 -9999 -9999 -9999 -9999 -9999 -9999 -9999 50.62 66.32 61.31 73.88 56.85 -9999 -9999 -9999 -9999 -9999 -9999 -9999 -9999 -9999 -9999 -9999 77.76 97.48 115.63 103.56 115.25 115.07 98.27 89.14 77.89 77.34 87.08 83.78 132.90 110.98 97.58 89.33 95.60 59.42 74.07 53.50 60.20 56.39 48.75 42.51 32.35 32.24 38.90 45.42 54.46 60.05 58.99 56.59 59.54 58.08 66.10 72.91 87.17 93.26 84.63 65.25 -9999 -9999 -9999 -9999 -9999 -9999 -9999 -9999 -9999 -9999 -9999 -9999 -9999
-9999 -9999 -9999 -9999 -9999 -9999 -9999 44.79 55.07 85.30 71.13 63.95 -9999 -9999 -9999 -9999 -9999 -9999 -9999 -9999 -9999 -9999 -9999 -9999 -9999 90.98 97.06 98.55 109.37 93.51 81.24 73.32 69.80 70.67 90.55 101.66 131.39 120.43 110.54 91.55 93.88 87.21 88.94 68.15 57.36 59.61 54.54 39.85 37.03 35.87 37.69 41.96 41.37 48.25 51.47 44.05 37.90 44.64 53.32 54.96 61.16 68.87 76.38 80.37 66.11 59.66 -9999 -9999 -9999 -9999 -9999 -9999 -9999 -9999 -9999 -9999 -9999
-9999 -9999 -9999 -9999 -9999 -9999 -9999 64.64 78.86 65.99 57.25 58.44 -9999 -9999 -9999 -9999 -9999 -9999 -9999 -9999 -9999 -9999 -9999 -9999 -9999 -9999 83.75 86.00 86.78 80.53 71.13 70.67 68.97 67.09 86.58 88.35 115.73 119.58 107.91 100.41 91.80 85.96 95.39 85.56 64.01 67.38 53.72 41.09 38.31 38.57 37.45 38.82 40.72 35.33 38.56 40.02 36.94 39.34 40.08 49.15 57.99 66.55 67.37 90.31 74.30 65.37 -9999 -9999 -9999 -9999 -9999 -9999 -9999 -9999 -9999 -9999 -9999
-9999 -9999 -9999 -9999 -9999 -9999 -9999 62.81 63.15 53.27 53.93 -9999 -9999 -9999 -9999 -9999 -9999 -9999 -9999 -9999 -9999 -9999 -9999 -9999 -9999 -9999 66.51 77.93 84.76 -9999 67.49 -9999 59.96 64.11 69.10 65.77 78.74 100.31 128.93 102.02 124.43 76.37 76.71 87.55 76.07 71.64 56.62 38.85 40.06 47.37 38.67 40.23 41.95 38.63 44.82 48.25 40.62 54.11 57.14 52.31 58.39 68.34 69.60 62.55 63.19 77.88 83.31 74.94 -9999 -9999 -9999 -9999 -9999 -9999 -9999 -9999 -9999
-9999 -9999 -9999 -9999 -9999 -9999 48.70 50.39 48.30 -9999 -9999 -9999 -9999 -9999 -9999 -9999 -9999 -9999 -9999 -9999 -9999 -9999 -9999 -9999 -9999 -9999 70.35 67.95 70.08 -9999 -9999 -9999 63.87 73.23 66.31 61.78 68.56 73.85 76.56 90.16 119.67 110.67 71.49 81.14 81.52 72.89 54.37 43.93 43.86 42.55 37.15 39.11 46.25 42.44 48.40 53.24 54.75 75.33 62.51 62.32 58.37 66.93 70.65 72.06 83.10 79.18 78.05 68.55 -9999 -9999 -9999 -9999 -9999 -9999 -9999 -9999 -9999
-9999 -9999 -9999 -9999 -9999 -9999 -9999 -9999 -9999 -9999 -9999 -9999 -9999 -9999 -9999 -9999 -9999 -9999 -9999 -9999 -9999 -9999 -9999 -9999 -9999 -9999 -9999 -9999 -9999 -9999 -9999 61.85 64.94 78.15 91.39 90.08 92.11 86.37 67.14 76.78 100.61 89.27 74.17 68.51 72.15 68.48 57.01 43.09 40.54 41.22 41.15 40.34 51.07 52.92 51.65 54.76 57.94 65.48 71.67 83.38 67.45 68.69 65.66 70.25 62.86 61.89 63.59 -9999 -9999 -9999 -9999 -9999 -9999 -9999 -9999 -9999 -9999
-9999 -9999 -9999 -9999 -9999 -9999 -9999 -9999 -9999 -9999 -9999 -9999 -9999 -9999 -9999 -9999 -9999 -9999 -9999 -9999 -9999 -9999 -9999 -9999 -9999 -9999 -9999 -9999 -9999 -9999 -9999 59.74 65.10 78.98 113.69 118.65 75.30 82.98 76.52 64.97 68.90 65.26 75.21 83.30 79.27 61.69 56.25 41.57 39.35 42.87 45.77 44.54 48.96 50.99 53.99 54.73 57.65 62.47 67.58 86.62 76.69 63.45 61.57 60.65 60.91 52.49 51.57 -9999 -9999 -9999 -9999 -9999 -9999 -9999 -9999 -9999 -9999
-9999 -9999 -9999 -9999 -9999 -9999 -9999 -9999 -9999 -9999 -9999 -9999 -9999 -9999 -9999 -9999 -9999 -9999 -9999 -9999 -9999 -9999 -9999 -9999 -9999 -9999 -9999 -9999 -9999 -9999 -9999 53.25 63.45 76.14 96.04 104.25 100.36 77.93 71.45 67.42 70.93 58.50 83.73 71.96 62.90 60.85 52.21 44.36 39.03 39.88 41.33 43.41 47.80 53.58 55.54 55.18 53.38 55.50 61.17 69.76 67.98 62.59 59.06 58.45 58.23 50.61 54.62 -9999 -9999 -9999 -9999 -9999 -9999 -9999 -9999 -9999 -9999
-9999 -9999 -9999 -9999 -9999 -9999 -9999 -9999 -9999 -9999 -9999 -9999 -9999 -9999 -9999 -9999 -9999 -9999 -9999 -9999 -9999 -9999 -9999 -9999 -9999 -9999 -9999 -9999 -9999 42.27 50.06 53.14 57.05 72.78 92.61 106.24 87.92 94.02 71.72 73.36 80.81 63.75 72.12 69.94 73.79 55.19 45.78 43.24 42.63 36.91 43.28 42.94 46.51 52.37 54.29 54.73 48.92 48.79 55.61 54.93 61.50 61.86 57.52 55.72 54.68 63.77 59.91 60.21 -9999 -9999 -9999 -9999 -9999 -9999 -9999 -9999 -9999
-9999 -9999 -9999 -9999 -9999 -9999 -9999 -9999 -9999 -9999 -9999 -9999 -9999 -9999 -9999 -9999 -9999 -9999 -9999 -9999 -9999 -9999 -9999 -9999 -9999 -9999 -9999 -9999 -9999 49.54 59.50 58.72 60.22 70.34 83.79 71.74 81.85 77.46 81.64 96.63 84.75 76.10 73.12 76.05 55.74 46.95 47.47 48.38 44.89 41.91 42.33 43.46 44.08 51.36 51.23 52.25 51.06 49.28 48.74 46.37 54.93 66.29 61.03 55.68 60.53 64.16 64.98 63.91 -9999 -9999 -9999 -9999 -9999 -9999 -9999 -9999 -9999
-9999 -9999 -9999 -9999 -9999 -9999 -9999 -9999 -9999 -9999 -9999 -9999 -9999 -9999 -9999 -9999 -9999 -9999 -9999 -9999 -9999 -9999 -9999 -9999 -9999 -9999 -9999 -9999 -9999 57.02 59.58 62.67 69.85 73.73 83.56 83.90 79.94 66.20 82.15 87.87 85.40 75.92 81.97 70.91 57.29 44.74 52.59 40.92 36.48 43.57 47.82 45.77 48.92 56.71 49.50 51.65 51.04 47.21 51.30 48.60 56.21 63.84 70.67 69.98 67.46 61.39 69.16 68.20 67.00 -9999 -9999 -9999 -9999 -9999 -9999 -9999 -9999
-9999 -9999 -9999 -9999 -9999 -9999 -9999 -9999 -9999 -9999 -9999 -9999 -9999 -9999 -9999 -9999 -9999 -9999 -9999 -9999 -9999 -9999 -9999 -9999 -9999 -9999 -9999 -9999 -9999 58.69 66.10 69.00 82.18 90.94 86.71 90.17 87.98 101.43 78.04 90.85 90.39 104.57 105.14 96.39 85.96 57.24 50.84 51.44 44.63 41.62 48.59 52.27 49.59 49.88 51.17 45.94 50.30 51.08 48.65 46.47 53.97 61.34 74.21 87.64 71.86 65.74 68.37 70.33 70.64 61.20 -9999 -9999 -9999 -9999 -9999 -9999 -9999
-9999 -9999 -9999 -9999 -9999 -9999 -9999 -9999 -9999 -9999 -9999 -9999 -9999 -9999 -9999 -9999 -9999 -9999 -9999 -9999 -9999 -9999 -9999 -9999 -9999 -9999 -9999 -9999 -9999 61.18 68.95 75.08 80.95 87.34 94.28 99.39 87.23 94.66 114.44 123.93 111.23 112.20 86.12 86.37 64.48 66.35 58.11 74.82 55.99 48.84 50.97 46.63 47.55 45.94 48.02 48.04 51.12 54.65 53.11 52.43 54.65 66.38 75.43 76.13 70.31 67.29 67.69 65.99 66.85 58.97 -9999 -9999 -9999 -9999 -9999 -9999 -9999
-9999 -9999 -9999 -9999 -9999 -9999 -9999 -9999 -9999 -9999 -9999 -9999 -9999 -9999 -9999 -9999 -9999 -9999 -9999 -9999 -9999 -9999 -9999 -9999 -9999 -9999 -9999 -9999 -9999 -9999 73.33 83.17 80.83 84.97 80.85 98.09 104.69 104.93 114.57 106.12 105.37 87.40 64.50 83.67 62.05 59.11 65.78 67.16 60.48 52.79 52.14 49.21 44.73 39.22 45.59 46.52 50.42 54.05 56.56 56.45 51.42 73.32 67.52 71.18 61.35 55.41 -9999 65.37 66.81 63.61 66.42 -9999 -9999 -9999 -9999 -9999 -9999
-9999 -9999 -9999 -9999 -9999 -9999 -9999 -9999 -9999 -9999 -9999 -9999 -9999 -9999 -9999 -9999 -9999 -9999 -9999 -9999 -9999 -9999 -9999 -9999 -9999 -9999 -9999 -9999 -9999 65.11 73.35 65.43 75.55 79.01 75.03 101.10 121.47 106.62 127.45 112.53 98.40 93.01 120.22 98.81 88.12 68.24 55.33 65.08 53.74 47.02 46.34 43.78 42.49 43.16 41.93 40.48 51.07 56.02 61.06 64.86 75.15 74.79 70.47 77.01 66.78 61.03 66.30 -9999 68.44 67.42 69.45 69.87 -9999 -9999 -9999 -9999 -9999
-9999 -9999 -9999 -9999 -9999 -9999 -9999 -9999 -9999 -9999 -9999 -9999 -9999 -9999 -9999 -9999 -9999 -9999 -9999 -9999 -9999 -9999 -9999 -9999 -9999 -9999 -9999 -9999 -9999 65.55 85.29 76.09 85.16 87.45 87.57 85.79 104.39 94.83 100.31 103.92 69.13 83.24 98.03 103.25 94.59 70.08 63.31 51.99 50.46 50.89 41.46 45.01 43.30 44.55 35.86 31.81 47.74 54.64 63.40 69.02 70.32 78.48 73.55 64.45 71.85 71.90 70.82 72.02 -9999 -9999 -9999 -9999 -9999 -9999 -9999 -9999 -9999
-9999 -9999 -9999 -9999 -9999 -9999 -9999 -9999 -9999 -9999 -9999 -9999 -9999 -9999 -9999 -9999 -9999 -9999 -9999 -9999 -9999 -9999 -9999 -9999 -9999 -9999 -9999 -9999 60.31 67.36 74.06 80.53 77.06 75.28 83.82 91.29 99.10 88.13 95.82 121.80 86.22 92.78 120.69 139.73 112.59 77.59 70.63 48.92 50.16 41.60 30.66 40.64 46.03 46.62 44.70 37.32 38.34 53.32 57.69 69.63 70.82 68.40 68.35 70.02 77.72 75.61 77.51 71.88 69.81 70.80 -9999 -9999 -9999 -9999 -9999 -9999 -9999
-9999 -9999 -9999 -9999 -9999 -9999 -9999 -9999 -9999 -9999 -9999 -9999 -9999 -9999 -9999 -9999 -9999 -9999 -9999 -9999 -9999 -9999 -9999 -9999 -9999 -9999 -9999 -9999 -9999 57.43 71.72 79.18 75.99 86.65 79.33 81.46 73.89 81.41 84.27 109.13 94.85 91.91 107.06 126.48 119.38 96.84 67.37 62.61 55.72 44.42 41.67 33.90 39.29 46.45 44.44 41.11 47.77 57.14 56.42 56.80 79.16 75.27 69.55 72.04 72.87 76.80 78.95 75.49 70.06 66.49 69.82 78.20 -9999 -9999 -9999 -9999 -9999
