Rainfall_2007-2011/Rainfall_2007-01_ACTUAL.txt
ncols         180
nrows         290
xllcorner     -200000
yllcorner     -200000
cellsize      5000
NODATA_value  -9999
[rows 99 to 131 of 290, columns 76 to 151 of 180]
503.51 474.90 -9999 451.64 613.92 640.20 689.32 628.32 684.35 648.73 518.93 440.76 368.69 336.85 361.85 366.65 351.86 377.85 311.44 219.84 201.01 177.13 148.60 104.51 137.84 155.34 140.24 130.88 116.29 82.57 80.10 62.61 59.37 56.61 53.81 69.74 82.99 62.94 -9999 -9999 -9999 -9999 -9999 -9999 -9999 -9999 -9999 -9999 -9999 -9999 -9999 -9999 -9999 -9999 -9999 -9999 -9999 -9999 -9999 -9999 -9999 -9999 -9999 -9999 -9999 -9999 -9999 -9999 -9999 -9999 -9999 -9999 -9999 -9999 -9999 -9999
388.03 -9999 295.90 366.16 484.95 596.09 594.30 650.54 689.39 567.71 578.91 523.64 473.48 431.77 406.98 428.84 292.31 264.21 244.87 249.55 190.71 180.26 157.22 127.35 139.18 148.33 133.51 115.34 95.12 76.76 67.63 71.44 67.03 62.46 71.32 89.59 85.71 74.73 -9999 -9999 -9999 -9999 -9999 -9999 -9999 -9999 -9999 -9999 -9999 -9999 -9999 -9999 -9999 -9999 -9999 -9999 -9999 -9999 -9999 -9999 -9999 -9999 -9999 -9999 -9999 -9999 -9999 -9999 -9999 -9999 -9999 -9999 -9999 -9999 -9999 -9999
-9999 279.02 258.01 358.26 619.06 600.96 739.44 604.26 559.08 491.04 630.05 689.49 483.60 481.79 360.03 424.06 398.93 301.68 236.37 273.37 262.82 205.01 145.55 102.21 156.40 145.14 129.40 113.47 86.26 79.27 86.00 77.66 82.19 93.70 97.14 96.27 85.70 64.91 -9999 -9999 -9999 -9999 -9999 -9999 -9999 -9999 -9999 -9999 -9999 -9999 -9999 -9999 -9999 -9999 -9999 -9999 -9999 -9999 -9999 -9999 -9999 -9999 -9999 -9999 -9999 -9999 -9999 -9999 -9999 -9999 -9999 -9999 -9999 -9999 -9999 -9999
262.32 -9999 371.97 430.93 588.16 501.78 626.05 564.63 600.23 573.98 725.15 714.12 598.84 478.10 377.76 347.76 293.22 223.02 238.88 250.35 230.00 195.81 161.35 146.36 146.02 125.12 160.43 138.66 106.76 114.70 86.87 82.28 84.76 92.95 85.84 92.04 75.13 -9999 -9999 -9999 -9999 -9999 -9999 -9999 -9999 -9999 -9999 -9999 -9999 -9999 -9999 -9999 -9999 -9999 -9999 -9999 -9999 -9999 -9999 -9999 -9999 -9999 -9999 -9999 -9999 -9999 -9999 -9999 -9999 -9999 -9999 -9999 -9999 -9999 -9999 -9999
-9999 289.52 330.64 413.39 401.07 630.27 640.66 493.09 547.47 634.40 552.37 648.40 689.83 570.35 407.14 279.89 309.13 305.35 299.37 225.24 236.00 228.44 235.21 175.49 140.03 117.56 111.07 97.39 127.94 91.87 70.03 81.01 76.00 78.30 78.56 -9999 -9999 -9999 -9999 -9999 -9999 -9999 -9999 -9999 -9999 -9999 -9999 -9999 -9999 -9999 -9999 -9999 -9999 -9999 -9999 -9999 -9999 -9999 -9999 -9999 -9999 -9999 -9999 -9999 -9999 -9999 -9999 -9999 -9999 -9999 -9999 -9999 -9999 -9999 -9999 -9999
331.17 362.81 446.89 528.87 488.08 488.28 468.05 403.18 517.49 589.31 485.58 431.66 500.20 478.33 421.49 394.15 267.65 286.59 266.42 225.29 216.30 186.93 206.61 172.89 139.07 120.01 100.13 102.66 95.94 79.92 69.25 67.41 77.12 64.38 -9999 -9999 -9999 -9999 -9999 -9999 -9999 -9999 -9999 -9999 -9999 -9999 -9999 -9999 -9999 -9999 -9999 -9999 -9999 -9999 -9999 -9999 -9999 -9999 -9999 -9999 -9999 -9999 -9999 -9999 -9999 -9999 -9999 -9999 -9999 -9999 -9999 -9999 -9999 -9999 -9999 -9999
349.66 464.94 511.33 527.98 460.25 469.80 468.58 506.58 659.63 667.70 596.45 512.30 560.11 518.65 378.18 306.44 297.20 312.19 285.51 214.92 157.23 146.46 148.06 134.68 127.21 111.91 87.04 99.22 96.39 91.07 93.52 73.86 69.86 67.68 -9999 -9999 -9999 -9999 -9999 -9999 -9999 -9999 -9999 -9999 -9999 -9999 -9999 -9999 -9999 -9999 -9999 -9999 -9999 -9999 -9999 -9999 -9999 -9999 -9999 -9999 -9999 -9999 -9999 -9999 -9999 -9999 -9999 -9999 -9999 -9999 -9999 -9999 -9999 -9999 -9999 -9999
371.99 498.27 494.52 457.83 464.92 557.86 529.97 553.65 511.64 680.96 582.02 563.41 452.05 409.77 304.81 350.22 430.48 360.09 334.48 302.34 224.83 171.54 155.86 127.66 125.69 118.94 91.88 102.40 104.26 95.80 80.53 83.12 69.00 74.51 72.13 -9999 -9999 -9999 -9999 -9999 -9999 -9999 -9999 -9999 -9999 -9999 -9999 -9999 -9999 -9999 -9999 -9999 -9999 -9999 -9999 -9999 -9999 -9999 -9999 -9999 -9999 -9999 -9999 -9999 -9999 -9999 -9999 -9999 -9999 -9999 -9999 -9999 -9999 -9999 -9999 -9999
294.41 393.06 490.90 426.93 499.50 463.17 445.91 490.95 584.90 727.78 536.33 560.33 519.31 285.79 223.03 344.42 335.77 391.93 543.66 364.90 277.87 213.50 192.26 177.19 179.16 172.21 185.23 154.82 113.76 103.96 84.88 106.26 88.04 88.97 92.37 85.98 -9999 -9999 -9999 -9999 -9999 -9999 -9999 -9999 -9999 -9999 -9999 -9999 -9999 -9999 -9999 -9999 -9999 -9999 -9999 -9999 -9999 -9999 -9999 -9999 -9999 -9999 -9999 -9999 -9999 -9999 -9999 -9999 -9999 -9999 -9999 -9999 -9999 -9999 -9999 -9999
321.64 399.29 439.41 476.26 493.51 481.71 471.92 569.71 608.53 773.62 530.25 528.21 473.36 345.13 385.86 302.91 277.93 288.48 272.65 246.89 200.07 236.65 305.12 305.71 230.93 207.71 173.40 171.75 145.53 111.15 119.01 90.03 98.81 94.28 83.44 74.87 63.97 -9999 -9999 -9999 -9999 -9999 -9999 -9999 -9999 -9999 -9999 -9999 -9999 -9999 -9999 -9999 -9999 -9999 -9999 -9999 -9999 -9999 -9999 -9999 -9999 -9999 -9999 -9999 -9999 -9999 -9999 -9999 -9999 -9999 -9999 -9999 -9999 -9999 -9999 -9999
324.73 358.80 430.69 468.20 462.61 440.21 485.87 584.14 541.77 477.67 480.20 664.08 444.18 368.38 328.07 314.16 254.10 243.28 200.71 195.90 229.78 325.89 397.10 268.42 218.91 197.53 164.44 150.35 132.52 117.62 102.53 79.45 70.34 73.73 67.82 65.71 -9999 -9999 -9999 -9999 -9999 -9999 -9999 -9999 -9999 -9999 -9999 -9999 -9999 -9999 -9999 -9999 -9999 -9999 -9999 -9999 -9999 -9999 -9999 -9999 -9999 -9999 -9999 -9999 -9999 -9999 -9999 -9999 -9999 -9999 -9999 -9999 -9999 -9999 -9999 -9999
252.67 330.95 383.14 358.01 405.13 485.33 449.45 523.96 524.04 493.93 485.64 421.68 464.97 376.65 328.82 255.10 217.49 196.96 195.61 162.97 206.81 173.18 154.91 184.48 176.02 174.49 157.44 148.27 131.01 104.98 94.75 74.04 -9999 -9999 -9999 -9999 -9999 -9999 -9999 -9999 -9999 -9999 -9999 -9999 -9999 -9999 -9999 -9999 -9999 -9999 -9999 -9999 -9999 -9999 -9999 -9999 -9999 -9999 -9999 -9999 -9999 -9999 -9999 -9999 -9999 -9999 -9999 -9999 -9999 -9999 -9999 -9999 -9999 -9999 -9999 -9999
278.91 326.22 301.70 355.50 462.63 445.54 487.42 500.14 373.57 425.86 429.33 361.94 345.39 351.45 274.80 270.95 281.82 249.45 249.45 179.68 182.64 175.57 156.29 159.46 155.89 169.37 155.60 148.96 149.15 110.66 -9999 -9999 -9999 -9999 -9999 -9999 -9999 -9999 -9999 -9999 -9999 -9999 -9999 -9999 -9999 -9999 -9999 -9999 -9999 -9999 -9999 -9999 -9999 -9999 -9999 -9999 -9999 -9999 -9999 -9999 -9999 -9999 -9999 -9999 -9999 -9999 -9999 -9999 -9999 -9999 -9999 -9999 -9999 -9999 -9999 -9999
289.84 292.94 303.42 403.74 415.86 472.09 473.01 431.31 355.87 374.78 361.12 285.29 279.55 260.94 241.13 284.42 335.75 300.94 278.07 250.61 231.49 201.67 145.87 151.34 136.87 144.07 146.80 184.00 158.74 103.92 -9999 -9999 -9999 -9999 -9999 -9999 -9999 -9999 -9999 -9999 -9999 -9999 -9999 -9999 -9999 -9999 -9999 -9999 -9999 -9999 -9999 -9999 -9999 -9999 -9999 -9999 -9999 -9999 -9999 -9999 -9999 -9999 -9999 -9999 -9999 -9999 -9999 -9999 -9999 -9999 -9999 -9999 -9999 -9999 -9999 -9999
298.26 -9999 314.81 389.23 419.77 542.50 445.76 397.44 325.25 262.22 276.77 282.41 285.83 293.67 255.57 401.53 392.46 372.13 347.82 283.88 231.76 186.83 142.11 128.12 119.38 123.17 142.75 123.47 -9999 -9999 -9999 -9999 -9999 67.47 64.31 55.43 42.86 -9999 -9999 -9999 -9999 -9999 -9999 -9999 -9999 -9999 -9999 -9999 -9999 -9999 -9999 -9999 -9999 -9999 -9999 -9999 -9999 -9999 -9999 -9999 -9999 -9999 -9999 -9999 -9999 -9999 -9999 -9999 -9999 -9999 -9999 -9999 -9999 -9999 -9999 -9999
342.17 -9999 281.53 333.54 371.52 379.68 451.21 349.28 272.95 270.47 305.85 295.25 280.25 298.40 303.88 300.22 296.65 266.93 252.40 240.30 215.96 204.75 173.65 138.12 140.91 140.37 133.08 111.51 90.58 80.30 -9999 -9999 65.00 66.29 66.83 52.99 51.39 49.51 53.77 -9999 -9999 -9999 -9999 -9999 -9999 -9999 -9999 -9999 -9999 -9999 -9999 -9999 -9999 -9999 -9999 -9999 -9999 -9999 -9999 -9999 -9999 -9999 -9999 -9999 -9999 -9999 -9999 -9999 -9999 -9999 -9999 -9999 -9999 -9999 -9999 -9999
296.83 246.58 243.72 203.36 271.81 309.53 329.14 300.24 290.69 312.45 339.56 310.53 230.69 215.65 241.71 242.43 228.92 227.62 233.95 219.33 198.01 193.98 204.54 187.46 169.60 136.29 130.01 107.70 93.02 98.93 76.69 71.02 73.91 56.33 58.55 62.37 63.61 64.84 88.91 58.77 -9999 -9999 -9999 -9999 -9999 -9999 -9999 -9999 -9999 -9999 -9999 -9999 -9999 -9999 -9999 -9999 -9999 -9999 -9999 -9999 -9999 -9999 -9999 -9999 -9999 -9999 -9999 -9999 -9999 -9999 -9999 -9999 -9999 -9999 -9999 -9999
256.33 264.17 222.58 237.53 247.25 234.37 269.34 -9999 310.88 376.93 412.28 292.12 230.77 197.31 173.06 156.87 180.46 184.76 194.30 193.38 178.21 198.21 192.57 192.99 168.94 163.85 152.22 132.59 138.37 113.32 91.54 87.25 76.76 67.99 60.58 75.13 76.54 83.89 89.93 82.61 81.06 65.84 37.78 -9999 -9999 -9999 -9999 -9999 -9999 -9999 -9999 -9999 -9999 -9999 -9999 -9999 -9999 -9999 -9999 -9999 -9999 -9999 -9999 -9999 -9999 -9999 -9999 -9999 -9999 -9999 -9999 -9999 -9999 -9999 -9999 -9999
237.28 290.62 233.32 -9999 209.94 200.09 244.48 -9999 280.67 416.09 362.83 292.41 231.77 221.40 132.76 104.35 152.02 168.90 168.27 183.16 181.43 215.54 222.93 196.12 212.26 170.76 154.66 177.68 160.32 116.87 87.49 101.76 100.78 104.50 120.12 119.87 105.79 107.25 94.59 89.41 83.00 51.09 56.12 -9999 -9999 -9999 -9999 -9999 -9999 -9999 -9999 -9999 -9999 -9999 -9999 -9999 -9999 -9999 -9999 -9999 -9999 -9999 -9999 -9999 -9999 -9999 -9999 -9999 -9999 -9999 -9999 -9999 -9999 -9999 -9999 -9999
218.06 256.82 218.26 -9999 -9999 203.24 210.57 244.48 280.49 297.76 282.90 260.01 248.60 240.68 182.31 157.70 203.31 191.36 187.85 215.69 193.84 209.51 228.07 232.75 204.66 199.64 219.12 176.57 148.50 150.86 131.88 106.37 139.02 152.19 132.22 132.18 112.88 92.29 97.08 69.86 63.52 59.61 53.18 46.27 -9999 -9999 -9999 -9999 -9999 -9999 -9999 -9999 -9999 -9999 -9999 -9999 -9999 -9999 -9999 -9999 -9999 -9999 -9999 -9999 -9999 -9999 -9999 -9999 -9999 -9999 -9999 -9999 -9999 -9999 -9999 -9999
211.02 -9999 -9999 -9999 -9999 -9999 194.38 164.19 216.50 257.54 242.73 215.60 222.79 231.71 257.79 246.39 226.57 221.09 216.93 193.22 181.60 176.26 200.28 211.04 199.73 189.14 144.65 157.20 117.34 132.82 171.98 156.07 143.69 143.55 107.79 97.66 102.33 88.23 88.12 61.60 59.76 52.67 58.03 43.29 -9999 -9999 -9999 -9999 -9999 -9999 -9999 -9999 -9999 -9999 -9999 -9999 -9999 -9999 -9999 -9999 -9999 -9999 -9999 -9999 -9999 -9999 -9999 -9999 -9999 -9999 -9999 -9999 -9999 -9999 -9999 -9999
213.64 245.23 259.43 250.55 -9999 -9999 -9999 155.00 186.06 212.10 205.10 189.22 179.41 223.02 237.38 279.08 310.38 262.52 229.54 195.98 169.41 168.12 171.51 146.35 168.96 143.49 134.68 174.68 137.30 126.36 148.81 175.42 158.70 146.57 98.72 99.59 85.00 83.41 84.99 65.10 44.01 47.11 55.94 37.14 39.97 -9999 -9999 -9999 -9999 -9999 -9999 -9999 -9999 -9999 -9999 -9999 -9999 -9999 -9999 -9999 -9999 -9999 -9999 -9999 -9999 -9999 -9999 -9999 -9999 -9999 -9999 -9999 -9999 -9999 -9999 -9999
226.62 230.19 244.35 309.82 285.62 -9999 -9999 -9999 157.22 168.59 169.14 177.98 181.40 185.13 217.31 223.08 253.08 230.50 212.41 189.16 205.00 159.37 157.97 136.56 168.55 143.98 155.71 132.94 150.52 134.23 137.16 170.94 161.41 134.42 110.80 89.23 66.37 65.13 74.78 58.99 53.21 57.92 55.06 44.59 32.27 24.38 -9999 -9999 -9999 -9999 -9999 -9999 -9999 -9999 -9999 -9999 -9999 -9999 -9999 -9999 -9999 -9999 -9999 -9999 -9999 -9999 -9999 -9999 -9999 -9999 -9999 -9999 -9999 -9999 -9999 -9999
223.32 164.10 215.96 303.86 265.79 -9999 -9999 -9999 -9999 -9999 154.43 161.43 162.12 180.51 177.98 192.12 218.70 252.56 254.81 238.78 221.26 173.59 168.33 147.60 138.19 99.98 138.59 138.02 134.62 147.58 144.41 116.56 116.92 97.02 106.30 88.16 81.59 77.38 65.61 60.10 49.75 47.14 41.23 37.31 35.85 26.74 25.65 -9999 -9999 -9999 -9999 -9999 -9999 -9999 -9999 -9999 -9999 -9999 -9999 -9999 -9999 -9999 -9999 -9999 -9999 -9999 -9999 -9999 -9999 -9999 -9999 -9999 -9999 -9999 -9999 -9999
-9999 184.43 205.72 282.10 245.63 -9999 -9999 -9999 -9999 -9999 143.50 159.13 185.91 194.24 210.56 249.76 244.56 259.46 271.61 267.60 232.71 219.10 196.48 180.50 174.86 161.66 140.00 211.64 158.05 180.37 147.34 165.80 156.47 114.64 114.92 115.98 91.33 74.06 71.11 66.92 68.14 53.79 47.74 40.13 49.46 37.95 22.94 39.20 37.57 -9999 -9999 -9999 -9999 -9999 -9999 -9999 -9999 -9999 -9999 -9999 -9999 -9999 -9999 -9999 -9999 -9999 -9999 -9999 -9999 -9999 -9999 -9999 -9999 -9999 -9999 -9999
-9999 -9999 213.40 234.42 208.79 -9999 -9999 -9999 -9999 -9999 136.66 134.16 160.73 155.91 179.11 189.02 211.83 240.06 253.52 264.29 225.03 201.09 208.97 218.95 250.10 219.59 183.04 242.00 218.90 165.62 152.30 123.29 121.10 113.58 112.59 103.67 86.86 76.42 62.74 67.35 66.82 80.88 81.07 65.28 57.79 40.15 39.62 43.15 38.41 -9999 -9999 -9999 -9999 -9999 -9999 -9999 -9999 -9999 -9999 -9999 -9999 -9999 -9999 -9999 -9999 -9999 -9999 -9999 -9999 -9999 -9999 -9999 -9999 -9999 -9999 -9999
-9999 -9999 168.08 183.40 174.25 -9999 -9999 -9999 -9999 -9999 124.91 135.02 149.09 158.85 171.91 184.39 218.20 260.11 276.02 239.49 219.91 186.70 198.98 187.68 217.82 220.83 255.42 247.25 209.72 196.00 172.92 129.16 141.20 120.23 126.51 106.60 66.64 71.51 84.01 92.25 79.49 99.46 98.44 90.33 67.35 53.80 42.67 46.57 43.18 -9999 -9999 -9999 -9999 -9999 -9999 -9999 -9999 -9999 -9999 -9999 -9999 -9999 -9999 -9999 -9999 -9999 -9999 -9999 -9999 -9999 -9999 -9999 -9999 -9999 -9999 -9999
-9999 -9999 -9999 -9999 -9999 -9999 -9999 -9999 -9999 139.85 143.02 158.87 171.29 164.57 179.36 185.80 208.94 217.40 248.73 231.05 210.71 239.70 225.37 241.66 259.40 272.18 290.62 292.88 281.64 235.48 200.24 184.77 159.90 176.40 150.49 107.88 93.56 77.60 91.71 101.89 118.87 103.42 117.78 99.61 70.32 59.42 49.28 49.68 49.66 -9999 -9999 -9999 -9999 -9999 -9999 -9999 -9999 -9999 -9999 -9999 -9999 -9999 -9999 -9999 -9999 -9999 -9999 -9999 -9999 -9999 -9999 -9999 -9999 -9999 -9999 -9999
-9999 -9999 -9999 -9999 -9999 -9999 -9999 -9999 -9999 152.35 145.28 174.92 206.34 210.02 218.72 252.39 232.99 223.40 192.34 216.59 229.29 223.83 264.35 264.13 241.37 190.35 280.98 258.57 275.98 229.18 213.60 194.43 158.05 151.91 172.22 115.95 87.55 88.33 86.69 121.64 123.11 106.35 129.11 108.81 74.88 58.83 60.98 70.55 56.07 -9999 -9999 -9999 -9999 -9999 -9999 -9999 -9999 -9999 -9999 -9999 -9999 -9999 -9999 -9999 -9999 -9999 -9999 -9999 -9999 -9999 -9999 -9999 -9999 -9999 -9999 -9999
-9999 -9999 -9999 -9999 -9999 -9999 -9999 -9999 129.99 148.45 154.93 183.04 205.89 207.12 251.13 296.58 295.33 272.42 261.34 212.59 207.44 231.23 267.04 255.52 243.51 177.33 224.72 287.89 278.37 273.18 241.45 234.93 194.75 169.74 165.18 136.98 101.82 171.67 182.51 149.22 134.55 113.82 103.91 100.31 83.14 86.08 84.67 72.54 57.34 -9999 -9999 -9999 -9999 -9999 -9999 -9999 -9999 -9999 -9999 -9999 -9999 -9999 -9999 -9999 -9999 -9999 -9999 -9999 -9999 -9999 -9999 -9999 -9999 -9999 -9999 -9999
-9999 -9999 -9999 -9999 -9999 -9999 -9999 -9999 129.96 123.59 171.26 195.28 265.29 246.78 264.65 281.37 356.25 311.45 261.70 221.82 217.77 202.25 276.02 272.55 227.49 211.02 215.15 284.63 299.97 276.68 271.80 262.92 274.99 237.02 201.82 202.03 191.40 213.75 150.25 141.32 136.74 119.45 120.44 109.99 87.54 86.42 72.77 67.48 54.61 54.68 -9999 -9999 -9999 -9999 -9999 -9999 -9999 -9999 -9999 -9999 -9999 -9999 -9999 -9999 -9999 -9999 -9999 -9999 -9999 -9999 -9999 -9999 -9999 -9999 -9999 -9999
-9999 -9999 -9999 -9999 -9999 -9999 -9999 118.71 148.62 159.02 180.34 239.54 293.78 298.73 220.49 270.93 293.24 290.18 259.52 225.60 183.64 146.52 165.25 214.83 207.09 184.96 187.83 236.31 247.40 249.78 256.64 307.38 248.73 224.92 216.73 203.88 254.86 206.06 189.18 165.95 117.25 119.50 127.15 115.75 111.47 88.31 74.42 64.21 57.10 50.59 -9999 -9999 -9999 -9999 -9999 -9999 -9999 -9999 -9999 -9999 -9999 -9999 -9999 -9999 -9999 -9999 -9999 -9999 -9999 -9999 -9999 -9999 -9999 -9999 -9999 -9999
-9999 -9999 -9999 -9999 -9999 -9999 -9999 143.41 159.49 173.90 216.18 236.77 281.68 276.20 303.97 252.13 256.37 254.52 234.03 229.46 178.53 158.36 185.06 199.98 195.11 143.49 140.25 168.84 203.46 212.07 258.59 215.40 247.67 240.96 211.04 261.18 242.63 217.26 192.23 140.30 131.56 116.38 113.97 108.86 103.09 91.47 84.56 68.43 61.39 61.87 -9999 -9999 -9999 -9999 -9999 -9999 -9999 -9999 -9999 -9999 -9999 -9999 -9999 -9999 -9999 -9999 -9999 -9999 -9999 -9999 -9999 -9999 -9999 -9999 -9999 -9999
