Rainfall_2007-2011/Rainfall_2010-01_ACTUAL.txt
ncols         180
nrows         290
xllcorner     -200000
yllcorner     -200000
cellsize      5000
NODATA_value  -9999
[rows 102 to 135 of 290, columns 76 to 151 of 180]
63.97 -9999 86.24 103.55 144.14 123.19 152.44 135.17 141.99 130.55 149.37 145.64 164.76 139.29 127.13 136.57 117.51 110.29 123.07 134.95 150.84 129.41 119.11 108.96 83.66 79.24 66.74 60.45 62.57 78.67 64.43 66.13 71.48 74.62 68.20 63.55 59.15 -9999 -9999 -9999 -9999 -9999 -9999 -9999 -9999 -9999 -9999 -9999 -9999 -9999 -9999 -9999 -9999 -9999 -9999 -9999 -9999 -9999 -9999 -9999 -9999 -9999 -9999 -9999 -9999 -9999 -9999 -9999 -9999 -9999 -9999 -9999 -9999 -9999 -9999 -9999
-9999 65.41 75.94 100.28 99.51 156.90 159.03 120.16 129.25 142.83 114.26 124.78 167.15 164.43 138.49 100.48 134.92 118.74 132.53 134.51 147.82 141.75 126.28 89.64 78.80 72.68 63.78 61.33 73.63 58.12 47.88 57.94 58.44 61.84 60.86 -9999 -9999 -9999 -9999 -9999 -9999 -9999 -9999 -9999 -9999 -9999 -9999 -9999 -9999 -9999 -9999 -9999 -9999 -9999 -9999 -9999 -9999 -9999 -9999 -9999 -9999 -9999 -9999 -9999 -9999 -9999 -9999 -9999 -9999 -9999 -9999 -9999 -9999 -9999 -9999 -9999
79.06 83.85 101.67 116.02 110.21 118.54 118.40 100.07 121.77 131.75 102.79 92.27 122.58 137.74 138.32 149.70 101.52 108.03 107.42 112.14 117.95 91.13 81.66 60.39 58.57 58.51 50.42 54.99 53.61 48.95 46.94 47.30 57.46 50.61 -9999 -9999 -9999 -9999 -9999 -9999 -9999 -9999 -9999 -9999 -9999 -9999 -9999 -9999 -9999 -9999 -9999 -9999 -9999 -9999 -9999 -9999 -9999 -9999 -9999 -9999 -9999 -9999 -9999 -9999 -9999 -9999 -9999 -9999 -9999 -9999 -9999 -9999 -9999 -9999 -9999 -9999
84.57 108.03 116.26 112.00 93.40 112.64 123.99 135.02 158.09 138.96 134.47 123.37 152.99 164.82 137.49 124.01 141.03 147.60 125.46 93.27 69.56 79.75 58.87 47.86 49.99 42.72 37.20 48.45 51.13 51.88 57.81 49.01 52.47 53.81 -9999 -9999 -9999 -9999 -9999 -9999 -9999 -9999 -9999 -9999 -9999 -9999 -9999 -9999 -9999 -9999 -9999 -9999 -9999 -9999 -9999 -9999 -9999 -9999 -9999 -9999 -9999 -9999 -9999 -9999 -9999 -9999 -9999 -9999 -9999 -9999 -9999 -9999 -9999 -9999 -9999 -9999
98.09 108.37 118.68 126.95 126.46 136.27 128.30 140.37 142.61 152.48 133.11 141.44 129.79 146.37 133.68 142.45 308.62 246.98 177.63 133.59 71.80 63.67 66.67 52.56 49.01 41.70 41.13 48.77 55.34 53.32 46.01 49.47 50.17 61.99 63.59 -9999 -9999 -9999 -9999 -9999 -9999 -9999 -9999 -9999 -9999 -9999 -9999 -9999 -9999 -9999 -9999 -9999 -9999 -9999 -9999 -9999 -9999 -9999 -9999 -9999 -9999 -9999 -9999 -9999 -9999 -9999 -9999 -9999 -9999 -9999 -9999 -9999 -9999 -9999 -9999 -9999
85.45 101.29 123.51 112.81 126.75 101.87 99.97 134.31 169.47 195.92 142.50 143.99 149.17 108.82 108.73 151.67 187.87 225.49 253.72 170.02 102.59 74.07 72.62 68.58 69.70 64.93 70.17 68.96 60.60 58.63 47.90 62.20 61.20 73.68 78.74 75.15 -9999 -9999 -9999 -9999 -9999 -9999 -9999 -9999 -9999 -9999 -9999 -9999 -9999 -9999 -9999 -9999 -9999 -9999 -9999 -9999 -9999 -9999 -9999 -9999 -9999 -9999 -9999 -9999 -9999 -9999 -9999 -9999 -9999 -9999 -9999 -9999 -9999 -9999 -9999 -9999
89.84 107.74 115.64 122.13 116.61 103.25 105.50 145.89 152.21 173.30 150.53 138.03 132.77 111.35 98.88 101.33 91.49 117.32 119.85 106.01 76.06 80.78 91.28 101.28 87.68 87.27 70.55 70.99 69.14 59.04 66.88 55.21 68.25 77.23 69.63 56.57 51.72 -9999 -9999 -9999 -9999 -9999 -9999 -9999 -9999 -9999 -9999 -9999 -9999 -9999 -9999 -9999 -9999 -9999 -9999 -9999 -9999 -9999 -9999 -9999 -9999 -9999 -9999 -9999 -9999 -9999 -9999 -9999 -9999 -9999 -9999 -9999 -9999 -9999 -9999 -9999
102.59 107.68 121.90 125.39 115.36 103.98 118.42 151.35 137.87 118.83 122.16 156.63 111.59 102.01 91.35 94.54 79.47 81.56 66.61 64.79 74.42 93.89 97.14 88.99 79.82 104.86 63.40 56.43 60.98 57.97 56.77 49.34 45.84 59.01 56.40 52.16 -9999 -9999 -9999 -9999 -9999 -9999 -9999 -9999 -9999 -9999 -9999 -9999 -9999 -9999 -9999 -9999 -9999 -9999 -9999 -9999 -9999 -9999 -9999 -9999 -9999 -9999 -9999 -9999 -9999 -9999 -9999 -9999 -9999 -9999 -9999 -9999 -9999 -9999 -9999 -9999
96.28 114.89 116.64 104.37 110.78 128.70 119.92 140.15 138.01 127.85 123.85 105.25 117.30 91.83 78.41 62.52 61.76 56.52 50.37 43.45 58.05 45.81 41.85 53.85 65.82 75.53 61.53 52.06 53.12 48.84 50.36 44.69 -9999 -9999 -9999 -9999 -9999 -9999 -9999 -9999 -9999 -9999 -9999 -9999 -9999 -9999 -9999 -9999 -9999 -9999 -9999 -9999 -9999 -9999 -9999 -9999 -9999 -9999 -9999 -9999 -9999 -9999 -9999 -9999 -9999 -9999 -9999 -9999 -9999 -9999 -9999 -9999 -9999 -9999 -9999 -9999
122.84 130.57 122.21 116.20 135.74 128.96 148.93 149.94 103.62 111.71 109.21 90.15 86.54 88.09 59.16 62.99 75.78 67.09 63.37 46.17 45.77 42.26 37.30 40.90 49.45 61.49 56.02 52.42 56.55 48.06 -9999 -9999 -9999 -9999 -9999 -9999 -9999 -9999 -9999 -9999 -9999 -9999 -9999 -9999 -9999 -9999 -9999 -9999 -9999 -9999 -9999 -9999 -9999 -9999 -9999 -9999 -9999 -9999 -9999 -9999 -9999 -9999 -9999 -9999 -9999 -9999 -9999 -9999 -9999 -9999 -9999 -9999 -9999 -9999 -9999 -9999
135.17 121.29 119.64 134.78 125.11 138.75 165.11 148.10 105.53 99.54 90.10 69.81 69.41 67.50 85.77 90.62 89.22 78.56 70.46 59.75 50.14 41.80 30.32 33.49 36.80 44.12 43.54 51.19 51.09 41.71 -9999 -9999 -9999 -9999 -9999 -9999 -9999 -9999 -9999 -9999 -9999 -9999 -9999 -9999 -9999 -9999 -9999 -9999 -9999 -9999 -9999 -9999 -9999 -9999 -9999 -9999 -9999 -9999 -9999 -9999 -9999 -9999 -9999 -9999 -9999 -9999 -9999 -9999 -9999 -9999 -9999 -9999 -9999 -9999 -9999 -9999
129.44 -9999 116.09 119.17 120.37 135.03 147.29 133.77 96.76 69.65 68.82 68.82 68.66 65.59 64.57 90.24 94.56 92.43 85.09 65.58 48.37 36.04 25.46 24.76 29.24 34.46 39.22 32.25 -9999 -9999 -9999 -9999 -9999 38.50 40.44 48.90 47.66 -9999 -9999 -9999 -9999 -9999 -9999 -9999 -9999 -9999 -9999 -9999 -9999 -9999 -9999 -9999 -9999 -9999 -9999 -9999 -9999 -9999 -9999 -9999 -9999 -9999 -9999 -9999 -9999 -9999 -9999 -9999 -9999 -9999 -9999 -9999 -9999 -9999 -9999 -9999
135.90 -9999 85.75 90.40 96.10 101.45 132.06 105.47 78.63 72.20 75.95 71.33 65.39 61.24 61.07 64.41 68.12 63.69 60.06 56.04 49.57 46.25 33.22 27.84 33.93 37.78 37.67 34.56 31.12 30.43 -9999 -9999 35.11 37.92 51.50 56.22 62.45 58.57 63.17 -9999 -9999 -9999 -9999 -9999 -9999 -9999 -9999 -9999 -9999 -9999 -9999 -9999 -9999 -9999 -9999 -9999 -9999 -9999 -9999 -9999 -9999 -9999 -9999 -9999 -9999 -9999 -9999 -9999 -9999 -9999 -9999 -9999 -9999 -9999 -9999 -9999
106.04 77.81 67.58 55.32 74.41 89.93 97.12 88.95 84.97 85.25 85.14 76.44 58.11 49.81 52.59 54.21 52.74 52.56 53.91 50.68 46.96 47.23 43.08 39.86 37.46 34.35 34.42 29.84 31.86 42.13 34.73 36.55 44.54 60.87 60.88 85.11 87.85 90.17 105.18 67.42 -9999 -9999 -9999 -9999 -9999 -9999 -9999 -9999 -9999 -9999 -9999 -9999 -9999 -9999 -9999 -9999 -9999 -9999 -9999 -9999 -9999 -9999 -9999 -9999 -9999 -9999 -9999 -9999 -9999 -9999 -9999 -9999 -9999 -9999 -9999 -9999
86.78 78.18 61.86 65.32 72.47 72.59 82.28 -9999 94.08 106.79 105.62 72.08 57.34 47.86 44.49 41.36 43.16 40.08 42.14 44.22 42.27 51.92 42.15 39.09 31.71 39.46 42.45 38.15 43.62 39.84 40.74 46.81 53.98 64.46 54.90 101.74 106.02 113.42 107.81 95.22 87.19 82.19 52.65 -9999 -9999 -9999 -9999 -9999 -9999 -9999 -9999 -9999 -9999 -9999 -9999 -9999 -9999 -9999 -9999 -9999 -9999 -9999 -9999 -9999 -9999 -9999 -9999 -9999 -9999 -9999 -9999 -9999 -9999 -9999 -9999 -9999
80.22 77.48 60.72 -9999 63.54 62.21 74.57 -9999 84.50 119.79 95.34 72.74 56.28 53.33 45.32 38.04 37.27 31.22 29.05 43.14 58.91 62.29 54.39 42.22 48.06 56.08 53.38 62.48 63.23 46.85 39.81 56.17 65.19 75.62 99.76 127.35 136.12 144.57 111.84 105.94 108.00 72.44 74.15 -9999 -9999 -9999 -9999 -9999 -9999 -9999 -9999 -9999 -9999 -9999 -9999 -9999 -9999 -9999 -9999 -9999 -9999 -9999 -9999 -9999 -9999 -9999 -9999 -9999 -9999 -9999 -9999 -9999 -9999 -9999 -9999 -9999
78.76 64.85 54.31 -9999 -9999 62.04 59.88 62.01 83.41 88.16 76.63 67.20 63.04 61.78 55.92 47.38 51.22 32.90 27.47 36.61 47.96 55.67 60.92 66.25 75.32 77.52 72.94 69.34 60.07 63.95 58.80 58.70 86.14 97.45 102.35 121.64 126.86 118.35 122.16 89.82 92.74 89.64 78.99 79.56 -9999 -9999 -9999 -9999 -9999 -9999 -9999 -9999 -9999 -9999 -9999 -9999 -9999 -9999 -9999 -9999 -9999 -9999 -9999 -9999 -9999 -9999 -9999 -9999 -9999 -9999 -9999 -9999 -9999 -9999 -9999 -9999
84.78 -9999 -9999 -9999 -9999 -9999 60.74 67.48 80.16 80.57 66.53 59.32 62.78 60.06 63.93 59.06 61.02 48.86 34.50 35.03 41.73 44.78 55.92 67.02 73.75 85.02 96.72 81.52 53.42 61.71 80.64 87.75 88.98 93.59 80.73 75.98 90.42 98.05 107.91 88.99 95.04 86.77 105.95 77.44 -9999 -9999 -9999 -9999 -9999 -9999 -9999 -9999 -9999 -9999 -9999 -9999 -9999 -9999 -9999 -9999 -9999 -9999 -9999 -9999 -9999 -9999 -9999 -9999 -9999 -9999 -9999 -9999 -9999 -9999 -9999 -9999
90.96 90.89 89.85 85.48 -9999 -9999 -9999 64.38 70.70 64.44 54.70 52.37 51.72 55.26 53.09 58.88 61.60 52.37 46.50 43.56 39.69 38.11 46.69 48.87 64.69 68.43 78.69 91.81 71.24 85.97 101.88 104.74 97.95 96.38 71.86 75.94 73.60 83.91 93.61 73.83 95.98 86.95 107.38 87.75 89.54 -9999 -9999 -9999 -9999 -9999 -9999 -9999 -9999 -9999 -9999 -9999 -9999 -9999 -9999 -9999 -9999 -9999 -9999 -9999 -9999 -9999 -9999 -9999 -9999 -9999 -9999 -9999 -9999 -9999 -9999 -9999
102.60 101.46 100.95 114.65 103.50 -9999 -9999 -9999 49.41 45.16 42.36 42.66 38.67 40.55 43.34 41.59 49.32 49.06 48.15 43.25 47.62 36.21 57.27 51.48 66.89 63.83 75.13 66.14 77.21 75.76 80.82 99.72 96.22 81.04 73.55 71.47 61.41 62.34 80.30 67.47 74.99 77.92 103.53 99.72 89.95 82.25 -9999 -9999 -9999 -9999 -9999 -9999 -9999 -9999 -9999 -9999 -9999 -9999 -9999 -9999 -9999 -9999 -9999 -9999 -9999 -9999 -9999 -9999 -9999 -9999 -9999 -9999 -9999 -9999 -9999 -9999
103.45 74.33 94.68 112.46 97.36 -9999 -9999 -9999 -9999 -9999 37.85 38.42 35.09 38.58 33.55 36.50 37.86 53.74 61.64 59.15 60.71 73.98 79.07 61.64 59.23 47.54 70.90 79.19 69.44 76.97 77.72 65.78 69.01 60.58 67.60 58.01 63.94 68.29 61.83 64.79 63.63 66.69 73.90 100.27 101.85 87.67 79.26 -9999 -9999 -9999 -9999 -9999 -9999 -9999 -9999 -9999 -9999 -9999 -9999 -9999 -9999 -9999 -9999 -9999 -9999 -9999 -9999 -9999 -9999 -9999 -9999 -9999 -9999 -9999 -9999 -9999
-9999 83.49 88.38 106.31 89.58 -9999 -9999 -9999 -9999 -9999 35.02 38.03 43.40 42.00 37.97 38.14 40.46 55.22 70.77 77.15 76.43 86.68 83.40 77.42 87.95 82.99 69.41 119.43 80.95 91.69 75.77 90.41 88.61 68.14 73.21 62.49 60.43 63.36 63.18 71.38 88.05 74.17 82.14 90.32 97.17 94.35 111.01 77.73 74.75 -9999 -9999 -9999 -9999 -9999 -9999 -9999 -9999 -9999 -9999 -9999 -9999 -9999 -9999 -9999 -9999 -9999 -9999 -9999 -9999 -9999 -9999 -9999 -9999 -9999 -9999 -9999
-9999 -9999 87.01 84.35 71.36 -9999 -9999 -9999 -9999 -9999 32.18 31.60 38.26 36.11 35.80 33.04 39.94 57.12 73.84 87.97 83.15 80.48 87.78 102.42 139.74 113.56 77.33 115.24 106.34 79.06 74.48 65.57 67.52 62.23 66.19 60.84 66.07 68.72 57.04 61.74 72.17 97.15 104.14 98.51 97.59 87.82 97.53 76.39 80.94 -9999 -9999 -9999 -9999 -9999 -9999 -9999 -9999 -9999 -9999 -9999 -9999 -9999 -9999 -9999 -9999 -9999 -9999 -9999 -9999 -9999 -9999 -9999 -9999 -9999 -9999 -9999
-9999 -9999 65.17 61.60 57.12 -9999 -9999 -9999 -9999 -9999 28.95 31.24 35.55 39.60 41.61 43.36 54.32 75.57 94.29 93.28 94.77 86.73 92.07 86.75 107.86 82.31 91.24 103.56 93.97 91.35 83.41 65.74 76.28 66.43 73.30 70.38 59.07 68.16 74.58 82.69 78.60 107.12 105.96 120.93 101.88 99.38 84.12 110.85 93.19 -9999 -9999 -9999 -9999 -9999 -9999 -9999 -9999 -9999 -9999 -9999 -9999 -9999 -9999 -9999 -9999 -9999 -9999 -9999 -9999 -9999 -9999 -9999 -9999 -9999 -9999 -9999
-9999 -9999 -9999 -9999 -9999 -9999 -9999 -9999 -9999 34.62 31.72 36.71 43.20 45.60 52.06 55.76 66.12 76.13 98.44 100.51 97.83 124.43 114.92 103.09 106.97 106.13 111.57 120.23 121.12 103.82 90.85 86.29 79.68 93.76 81.69 67.04 70.85 62.80 74.87 87.97 111.74 107.98 134.82 131.44 103.35 94.16 89.59 94.94 83.21 -9999 -9999 -9999 -9999 -9999 -9999 -9999 -9999 -9999 -9999 -9999 -9999 -9999 -9999 -9999 -9999 -9999 -9999 -9999 -9999 -9999 -9999 -9999 -9999 -9999 -9999 -9999
-9999 -9999 -9999 -9999 -9999 -9999 -9999 -9999 -9999 43.20 35.36 44.61 60.69 68.67 74.87 89.86 86.46 88.97 84.08 100.88 105.71 106.69 125.73 87.58 88.16 73.15 108.89 103.04 118.91 97.86 86.38 77.25 67.34 77.90 93.54 74.48 68.71 64.17 71.65 94.60 104.14 99.09 132.57 127.74 97.84 80.60 87.61 108.73 83.73 -9999 -9999 -9999 -9999 -9999 -9999 -9999 -9999 -9999 -9999 -9999 -9999 -9999 -9999 -9999 -9999 -9999 -9999 -9999 -9999 -9999 -9999 -9999 -9999 -9999 -9999 -9999
-9999 -9999 -9999 -9999 -9999 -9999 -9999 -9999 38.30 45.48 48.59 59.72 71.30 75.25 96.49 118.11 121.72 116.93 119.53 102.07 101.00 111.17 107.60 80.65 87.53 65.61 84.63 99.78 90.12 93.62 85.78 81.88 70.64 71.22 84.15 87.57 79.77 112.52 113.98 112.77 108.33 102.92 97.43 104.09 94.69 105.85 107.48 92.42 83.96 -9999 -9999 -9999 -9999 -9999 -9999 -9999 -9999 -9999 -9999 -9999 -9999 -9999 -9999 -9999 -9999 -9999 -9999 -9999 -9999 -9999 -9999 -9999 -9999 -9999 -9999 -9999
-9999 -9999 -9999 -9999 -9999 -9999 -9999 -9999 50.76 47.27 65.35 70.65 91.57 88.29 107.76 119.97 154.92 140.46 123.51 108.16 112.09 111.92 144.00 113.17 87.53 78.56 78.68 87.95 74.29 79.49 89.55 71.22 74.26 86.62 87.73 103.33 105.82 123.20 81.17 94.69 93.74 98.80 113.02 114.47 89.73 93.33 87.36 84.63 76.50 78.59 -9999 -9999 -9999 -9999 -9999 -9999 -9999 -9999 -9999 -9999 -9999 -9999 -9999 -9999 -9999 -9999 -9999 -9999 -9999 -9999 -9999 -9999 -9999 -9999 -9999 -9999
-9999 -9999 -9999 -9999 -9999 -9999 -9999 50.65 65.12 71.77 79.37 92.01 100.36 102.99 101.40 120.28 132.12 135.36 126.10 119.10 116.38 93.65 105.63 108.52 88.23 74.94 71.32 73.94 75.88 87.05 96.30 84.06 69.50 85.65 86.16 86.07 106.79 93.57 100.97 99.97 69.50 84.94 122.77 125.40 100.87 79.51 80.17 76.48 68.34 63.52 -9999 -9999 -9999 -9999 -9999 -9999 -9999 -9999 -9999 -9999 -9999 -9999 -9999 -9999 -9999 -9999 -9999 -9999 -9999 -9999 -9999 -9999 -9999 -9999 -9999 -9999
-9999 -9999 -9999 -9999 -9999 -9999 -9999 69.41 76.64 85.21 107.70 113.58 115.66 111.64 131.99 112.71 119.76 120.57 113.55 116.32 118.81 99.72 98.47 95.07 85.49 63.80 67.16 64.75 64.30 104.32 124.18 74.26 82.86 86.53 79.85 101.55 86.88 91.44 89.00 86.51 88.40 81.91 86.20 69.95 83.04 77.16 86.96 82.89 65.80 72.65 -9999 -9999 -9999 -9999 -9999 -9999 -9999 -9999 -9999 -9999 -9999 -9999 -9999 -9999 -9999 -9999 -9999 -9999 -9999 -9999 -9999 -9999 -9999 -9999 -9999 -9999
-9999 -9999 -9999 -9999 -9999 -9999 113.64 103.24 95.05 101.18 106.85 112.08 137.24 130.71 156.98 117.51 111.75 104.05 107.29 114.66 102.89 77.74 85.60 80.32 65.49 46.29 71.24 69.19 70.34 99.39 83.95 62.77 80.87 75.66 81.15 93.84 79.61 88.17 70.36 83.24 89.48 85.15 78.45 67.90 69.89 69.11 80.06 81.20 73.39 66.04 -9999 -9999 -9999 -9999 -9999 -9999 -9999 -9999 -9999 -9999 -9999 -9999 -9999 -9999 -9999 -9999 -9999 -9999 -9999 -9999 -9999 -9999 -9999 -9999 -9999 -9999
-9999 -9999 -9999 -9999 -9999 111.19 125.37 127.10 108.13 90.34 76.07 96.86 119.10 123.47 146.09 114.51 87.24 94.14 102.08 95.52 84.75 71.22 70.92 68.23 70.72 71.20 56.00 67.15 68.29 68.84 61.53 58.37 66.33 62.94 70.18 84.00 85.35 98.37 87.46 84.51 80.60 74.27 78.95 75.02 71.35 67.29 69.67 81.53 69.91 68.58 70.09 -9999 -9999 -9999 -9999 -9999 -9999 -9999 -9999 -9999 -9999 -9999 -9999 -9999 -9999 -9999 -9999 -9999 -9999 -9999 -9999 -9999 -9999 -9999 -9999 -9999
-9999 -9999 -9999 -9999 -9999 116.31 120.05 114.69 110.19 91.40 82.28 111.08 133.98 124.19 131.20 130.81 99.70 92.75 91.72 83.26 93.06 67.11 63.87 69.32 61.12 65.09 56.30 65.76 56.82 52.61 48.91 43.87 49.79 58.28 57.10 66.22 75.65 87.85 90.37 75.83 72.98 73.25 75.68 65.97 70.40 67.04 62.26 64.12 69.25 65.63 64.64 -9999 -9999 -9999 -9999 -9999 -9999 -9999 -9999 -9999 -9999 -9999 -9999 -9999 -9999 -9999 -9999 -9999 -9999 -9999 -9999 -9999 -9999 -9999 -9999 -9999
-9999 -9999 -9999 98.04 103.60 114.18 108.49 111.33 114.17 107.16 106.20 105.85 122.84 106.92 136.04 125.34 107.08 82.94 81.75 79.51 72.62 67.46 65.52 55.48 60.26 59.38 59.85 62.04 52.24 49.76 47.67 45.22 45.71 49.98 54.49 65.19 65.22 65.66 71.71 71.91 67.12 68.10 63.55 62.22 43.58 59.93 66.79 65.97 54.73 59.63 67.01 -9999 -9999 -9999 -9999 -9999 -9999 -9999 -9999 -9999 -9999 -9999 -9999 -9999 -9999 -9999 -9999 -9999 -9999 -9999 -9999 -9999 -9999 -9999 -9999 -9999
