Rainfall_2007-2011/Rainfall_2011-01_ACTUAL.txt
ncols         180
nrows         290
xllcorner     -200000
yllcorner     -200000
cellsize      5000
NODATA_value  -9999
[rows 136 to 169 of 290, columns 76 to 151 of 180]
-9999 -9999 -9999 82.79 91.20 95.59 116.15 117.68 127.92 123.25 108.72 109.07 119.02 149.15 223.30 193.20 177.59 156.66 154.25 135.66 140.30 140.32 155.97 137.48 139.48 109.98 94.27 97.43 107.46 103.36 95.03 94.17 93.63 111.44 106.14 107.98 125.87 118.98 105.84 87.20 73.09 44.94 44.22 46.91 35.13 26.36 28.18 24.67 20.35 28.99 27.09 27.57 -9999 -9999 -9999 -9999 -9999 -9999 -9999 -9999 -9999 -9999 -9999 -9999 -9999 -9999 -9999 -9999 -9999 -9999 -9999 -9999 -9999 -9999 -9999 -9999
-9999 -9999 -9999 77.95 85.60 81.58 92.19 89.67 104.01 110.25 101.03 100.47 103.98 129.61 176.69 176.64 154.41 134.62 130.46 121.22 142.53 143.74 174.07 141.13 -9999 -9999 -9999 97.67 109.48 -9999 85.71 84.10 87.35 95.78 96.82 97.46 114.47 103.65 84.31 86.14 66.22 51.56 51.79 34.24 29.19 31.56 29.84 34.95 26.26 28.45 28.16 30.87 -9999 -9999 -9999 -9999 -9999 -9999 -9999 -9999 -9999 -9999 -9999 -9999 -9999 -9999 -9999 -9999 -9999 -9999 -9999 -9999 -9999 -9999 -9999 -9999
-9999 -9999 -9999 68.21 80.92 78.04 83.50 85.86 93.93 102.78 100.40 96.34 106.80 120.57 167.18 152.35 148.03 128.05 126.98 140.33 129.53 124.12 122.68 125.29 -9999 -9999 -9999 100.98 104.50 100.62 83.72 79.32 79.58 83.93 97.54 108.67 133.67 101.26 95.73 83.67 58.44 66.43 58.52 46.05 36.96 37.45 31.37 36.57 41.01 41.23 35.37 30.62 -9999 -9999 -9999 -9999 -9999 -9999 -9999 -9999 -9999 -9999 -9999 -9999 -9999 -9999 -9999 -9999 -9999 -9999 -9999 -9999 -9999 -9999 -9999 -9999
-9999 -9999 -9999 -9999 68.80 76.52 75.39 -9999 94.00 102.41 100.97 97.55 104.96 -9999 121.85 108.61 120.66 121.00 120.81 143.03 131.68 104.93 -9999 -9999 -9999 -9999 92.74 93.94 95.35 82.63 83.15 70.80 70.21 77.01 96.67 117.00 142.89 113.08 129.58 108.25 92.79 74.11 58.50 62.17 44.35 38.81 41.57 40.27 37.63 38.04 37.80 36.07 30.81 -9999 -9999 -9999 -9999 -9999 -9999 -9999 -9999 -9999 -9999 -9999 -9999 -9999 -9999 -9999 -9999 -9999 -9999 -9999 -9999 -9999 -9999 -9999
-9999 -9999 -9999 -9999 -9999 68.07 -9999 -9999 -9999 93.34 93.87 99.45 110.88 106.44 -9999 -9999 87.53 107.13 104.22 136.51 -9999 -9999 -9999 -9999 -9999 88.32 99.33 104.48 96.89 90.37 89.66 77.59 74.16 84.65 93.00 104.98 116.30 145.75 129.07 134.53 117.55 112.68 84.80 77.95 63.11 57.15 42.12 46.76 43.58 33.70 37.90 38.54 36.46 -9999 -9999 -9999 -9999 -9999 -9999 -9999 -9999 -9999 -9999 -9999 -9999 -9999 -9999 -9999 -9999 -9999 -9999 -9999 -9999 -9999 -9999 -9999
-9999 -9999 -9999 -9999 -9999 62.67 58.78 -9999 -9999 -9999 84.17 95.48 108.44 110.63 -9999 -9999 -9999 -9999 98.67 -9999 -9999 -9999 -9999 -9999 -9999 84.90 96.75 112.31 111.70 115.88 111.86 85.47 75.42 76.05 93.00 85.16 96.35 110.13 138.93 180.71 130.49 116.67 95.87 83.57 79.26 61.71 41.14 50.85 38.56 31.27 33.07 38.40 33.30 -9999 -9999 -9999 -9999 -9999 -9999 -9999 -9999 -9999 -9999 -9999 -9999 -9999 -9999 -9999 -9999 -9999 -9999 -9999 -9999 -9999 -9999 -9999
-9999 -9999 -9999 -9999 -9999 -9999 65.55 -9999 -9999 -9999 -9999 92.09 101.27 89.89 -9999 -9999 -9999 -9999 -9999 -9999 -9999 -9999 -9999 -9999 91.11 80.27 103.55 98.47 132.34 145.14 153.56 140.16 104.96 91.99 76.04 86.95 109.95 148.93 198.56 213.14 130.70 97.22 89.25 91.76 68.87 52.07 54.92 52.99 40.36 36.56 33.55 40.48 37.29 30.28 -9999 -9999 -9999 -9999 -9999 -9999 -9999 -9999 -9999 -9999 -9999 -9999 -9999 -9999 -9999 -9999 -9999 -9999 -9999 -9999 -9999 -9999
-9999 -9999 -9999 -9999 -9999 -9999 73.75 -9999 -9999 -9999 -9999 -9999 -9999 -9999 -9999 -9999 -9999 -9999 -9999 -9999 -9999 -9999 -9999 -9999 95.06 80.72 92.24 104.81 106.83 172.86 188.53 206.69 145.61 86.90 90.16 61.64 66.50 117.57 154.42 212.23 153.66 166.16 164.93 152.23 114.22 72.81 50.11 45.87 43.77 47.01 40.95 39.21 36.17 31.42 26.65 -9999 -9999 -9999 -9999 -9999 -9999 -9999 -9999 -9999 -9999 -9999 -9999 -9999 -9999 -9999 -9999 -9999 -9999 -9999 -9999 -9999
-9999 -9999 -9999 -9999 -9999 -9999 -9999 -9999 -9999 -9999 -9999 -9999 -9999 -9999 -9999 -9999 -9999 -9999 -9999 -9999 -9999 -9999 -9999 94.34 96.83 99.48 119.57 160.66 161.74 259.00 247.25 211.25 127.30 116.43 87.11 62.99 63.75 97.26 179.63 184.32 168.04 145.33 159.04 127.36 91.77 62.12 53.16 39.23 39.35 36.62 31.82 35.70 33.98 28.04 24.37 -9999 -9999 -9999 -9999 -9999 -9999 -9999 -9999 -9999 -9999 -9999 -9999 -9999 -9999 -9999 -9999 -9999 -9999 -9999 -9999 -9999
-9999 -9999 -9999 -9999 -9999 -9999 -9999 -9999 -9999 -9999 -9999 -9999 -9999 -9999 -9999 -9999 -9999 -9999 -9999 -9999 -9999 -9999 -9999 91.52 90.88 127.61 149.48 213.48 218.46 189.35 243.65 240.25 191.47 161.63 120.30 110.25 92.31 108.60 115.76 174.77 152.90 152.28 128.89 114.66 75.02 50.71 46.50 36.81 39.41 34.21 34.53 31.52 31.53 27.49 26.38 25.20 23.74 20.03 -9999 -9999 -9999 -9999 -9999 -9999 -9999 -9999 -9999 -9999 -9999 -9999 -9999 -9999 -9999 -9999 -9999 -9999
-9999 -9999 -9999 -9999 -9999 -9999 -9999 -9999 -9999 -9999 -9999 -9999 -9999 -9999 -9999 -9999 -9999 -9999 -9999 -9999 -9999 -9999 -9999 86.27 102.57 143.22 188.83 266.02 292.03 323.57 355.48 295.82 254.71 221.23 188.13 163.63 122.32 90.50 76.82 118.01 103.95 126.18 109.80 98.29 62.74 59.14 48.64 40.53 37.19 35.58 31.23 30.30 30.80 30.23 30.94 42.28 33.99 38.86 25.99 30.87 -9999 -9999 -9999 -9999 -9999 -9999 -9999 -9999 -9999 -9999 -9999 -9999 -9999 -9999 -9999 -9999
-9999 -9999 -9999 -9999 -9999 -9999 -9999 -9999 -9999 -9999 -9999 -9999 -9999 -9999 -9999 -9999 -9999 -9999 -9999 -9999 -9999 -9999 -9999 81.20 129.36 186.27 276.64 349.04 430.10 353.66 329.23 364.65 366.13 310.38 290.82 223.74 180.17 137.03 131.96 112.40 91.98 110.95 85.54 94.15 76.41 65.10 55.50 52.02 43.70 36.70 31.65 29.91 26.06 30.54 36.09 43.75 58.59 48.07 44.60 42.16 44.17 39.38 -9999 -9999 -9999 -9999 -9999 -9999 -9999 -9999 -9999 -9999 -9999 -9999 -9999 -9999
-9999 -9999 -9999 -9999 -9999 -9999 -9999 -9999 -9999 -9999 -9999 -9999 -9999 -9999 -9999 -9999 -9999 -9999 -9999 -9999 -9999 -9999 -9999 88.12 110.64 149.91 215.36 255.89 411.90 405.11 318.68 321.41 296.18 319.46 292.32 244.89 228.92 196.26 157.93 146.99 173.42 151.01 146.36 129.59 108.68 87.06 62.55 57.73 43.70 38.14 35.24 32.05 31.27 32.15 34.63 46.17 62.35 41.97 56.57 47.76 50.07 44.68 58.99 -9999 -9999 -9999 -9999 -9999 -9999 -9999 -9999 -9999 -9999 -9999 -9999 -9999
-9999 -9999 -9999 -9999 -9999 -9999 -9999 -9999 -9999 -9999 -9999 91.32 79.74 72.22 -9999 -9999 -9999 -9999 -9999 -9999 -9999 -9999 -9999 -9999 92.50 103.68 155.29 257.76 268.53 358.31 282.60 253.65 221.23 269.19 248.33 242.76 290.08 240.91 197.39 188.28 195.61 181.74 185.00 145.44 110.97 88.66 69.15 44.46 41.58 39.71 36.26 33.27 34.08 40.19 59.79 52.40 69.94 66.83 67.01 64.31 46.55 58.10 65.59 49.69 -9999 -9999 -9999 -9999 -9999 -9999 -9999 -9999 -9999 -9999 -9999 -9999
-9999 -9999 -9999 -9999 -9999 -9999 -9999 -9999 -9999 -9999 -9999 97.00 90.25 -9999 -9999 -9999 -9999 -9999 -9999 -9999 -9999 -9999 -9999 -9999 -9999 110.87 141.56 147.67 220.87 306.48 243.22 216.14 205.47 200.88 192.90 228.64 203.44 281.85 257.19 205.03 247.07 196.89 138.04 123.92 116.01 79.43 78.64 48.67 38.74 36.85 34.87 31.93 37.90 47.49 58.41 61.93 61.06 64.15 59.98 63.06 56.56 58.58 55.75 59.13 -9999 -9999 -9999 -9999 -9999 -9999 -9999 -9999 -9999 -9999 -9999 -9999
-9999 -9999 -9999 -9999 -9999 -9999 -9999 -9999 -9999 -9999 92.38 104.27 106.85 98.66 -9999 -9999 -9999 -9999 -9999 -9999 -9999 -9999 -9999 -9999 -9999 102.21 130.96 154.85 188.05 211.52 216.35 184.81 174.58 159.91 158.26 169.72 199.07 212.67 271.79 242.79 269.21 192.58 165.50 162.38 114.71 103.27 74.36 47.70 37.26 36.55 34.27 29.90 42.31 49.02 52.89 63.95 67.77 63.24 62.27 52.94 51.84 60.18 50.91 58.54 41.20 -9999 -9999 -9999 -9999 -9999 -9999 -9999 -9999 -9999 -9999 -9999
-9999 -9999 -9999 -9999 -9999 -9999 -9999 -9999 -9999 85.70 115.28 119.63 134.92 93.05 -9999 -9999 -9999 -9999 -9999 -9999 -9999 -9999 -9999 -9999 -9999 110.64 125.70 151.20 154.32 194.80 158.38 174.62 189.07 151.37 150.57 166.86 178.44 269.67 270.64 273.41 233.59 227.05 162.85 144.44 101.39 101.90 72.63 50.77 45.40 34.18 30.88 33.70 37.20 46.54 55.22 57.38 54.78 52.87 48.47 50.92 53.24 61.03 44.83 50.88 42.62 -9999 -9999 -9999 -9999 -9999 -9999 -9999 -9999 -9999 -9999 -9999
-9999 -9999 -9999 -9999 -9999 -9999 -9999 -9999 69.64 80.54 120.51 102.11 78.37 -9999 -9999 -9999 -9999 -9999 -9999 -9999 -9999 -9999 -9999 -9999 -9999 -9999 120.24 124.12 128.90 174.79 152.13 130.90 123.71 135.27 125.35 162.75 162.28 203.45 239.22 274.31 300.60 262.34 215.40 195.40 148.91 118.55 90.78 76.12 50.52 41.32 40.35 30.67 31.05 36.48 50.97 52.57 47.44 42.78 40.35 33.80 40.64 46.40 52.46 46.41 44.93 44.54 41.74 -9999 -9999 -9999 -9999 -9999 -9999 -9999 -9999 -9999
-9999 -9999 -9999 -9999 -9999 -9999 -9999 -9999 80.80 102.04 88.96 72.61 69.12 -9999 -9999 -9999 -9999 -9999 -9999 -9999 -9999 -9999 -9999 -9999 -9999 -9999 -9999 107.87 94.67 107.01 108.93 115.59 111.53 128.19 125.68 153.07 155.97 201.70 185.64 234.01 225.29 226.38 183.27 184.76 155.90 111.17 94.44 78.00 59.03 44.49 36.91 29.76 28.03 37.97 43.91 42.69 41.80 42.48 38.51 38.24 44.16 52.11 51.16 51.97 57.72 55.69 48.97 -9999 -9999 -9999 -9999 -9999 -9999 -9999 -9999 -9999
-9999 -9999 -9999 -9999 -9999 -9999 -9999 -9999 68.18 73.47 87.54 72.55 -9999 -9999 -9999 -9999 -9999 -9999 -9999 -9999 -9999 -9999 -9999 -9999 -9999 -9999 -9999 77.09 93.69 108.30 -9999 104.97 -9999 100.87 110.20 123.65 128.63 130.12 119.86 132.78 180.32 236.53 154.35 152.08 139.29 113.51 110.56 79.56 60.91 47.80 39.87 32.47 28.94 33.76 40.80 43.33 47.21 41.34 49.45 47.19 44.03 50.43 54.28 52.15 51.75 47.62 48.95 50.32 43.92 -9999 -9999 -9999 -9999 -9999 -9999 -9999
-9999 -9999 -9999 -9999 -9999 -9999 -9999 57.67 56.34 47.79 -9999 -9999 -9999 -9999 -9999 -9999 -9999 -9999 -9999 -9999 -9999 -9999 -9999 -9999 -9999 -9999 -9999 78.28 80.69 90.65 -9999 -9999 -9999 94.41 121.97 111.99 133.82 124.90 151.06 125.19 118.55 166.35 165.99 130.51 123.83 110.53 102.92 80.90 61.26 49.10 37.61 28.92 27.26 26.68 29.35 38.89 44.22 44.41 54.16 52.98 53.28 46.98 55.16 58.45 58.43 43.58 39.70 45.50 39.86 -9999 -9999 -9999 -9999 -9999 -9999 -9999
-9999 -9999 -9999 -9999 -9999 -9999 -9999 -9999 -9999 -9999 -9999 -9999 -9999 -9999 -9999 -9999 -9999 -9999 -9999 -9999 -9999 -9999 -9999 -9999 -9999 -9999 -9999 -9999 -9999 -9999 -9999 -9999 87.05 90.17 112.21 143.34 162.50 195.93 182.07 134.90 134.54 150.71 123.00 109.86 90.79 90.30 78.68 67.98 52.65 42.98 37.23 30.69 29.17 26.67 26.82 36.68 44.23 46.12 50.03 57.39 70.57 55.65 58.80 55.04 56.29 45.58 45.24 41.66 -9999 -9999 -9999 -9999 -9999 -9999 -9999 -9999
-9999 -9999 -9999 -9999 -9999 -9999 -9999 -9999 -9999 -9999 -9999 -9999 -9999 -9999 -9999 -9999 -9999 -9999 -9999 -9999 -9999 -9999 -9999 -9999 -9999 -9999 -9999 -9999 -9999 -9999 -9999 -9999 82.37 81.51 112.32 160.16 207.80 221.81 189.40 162.45 107.25 117.85 95.50 92.51 100.50 89.80 60.91 58.58 50.52 45.32 43.10 34.51 31.78 27.66 29.65 36.08 39.33 43.62 48.50 52.65 68.34 61.71 53.02 49.37 36.86 38.33 42.25 39.26 -9999 -9999 -9999 -9999 -9999 -9999 -9999 -9999
-9999 -9999 -9999 -9999 -9999 -9999 -9999 -9999 -9999 -9999 -9999 -9999 -9999 -9999 -9999 -9999 -9999 -9999 -9999 -9999 -9999 -9999 -9999 -9999 -9999 -9999 -9999 -9999 -9999 -9999 -9999 -9999 67.08 83.74 111.95 146.60 207.09 188.90 166.31 121.35 106.14 109.29 89.20 69.93 74.66 62.40 70.19 52.48 47.45 47.09 42.34 35.21 33.29 31.95 36.68 36.91 34.73 38.58 44.39 48.54 56.32 53.52 49.55 43.52 36.19 36.12 41.68 42.01 -9999 -9999 -9999 -9999 -9999 -9999 -9999 -9999
-9999 -9999 -9999 -9999 -9999 -9999 -9999 -9999 -9999 -9999 -9999 -9999 -9999 -9999 -9999 -9999 -9999 -9999 -9999 -9999 -9999 -9999 -9999 -9999 -9999 -9999 -9999 -9999 -9999 -9999 45.56 65.66 64.40 85.76 110.36 152.42 190.17 154.79 149.91 109.55 88.74 98.57 87.68 86.20 69.24 74.82 62.56 47.47 42.73 40.39 35.16 37.17 35.97 37.51 37.72 34.71 33.62 37.96 39.61 45.19 49.14 50.77 46.02 43.50 34.76 34.10 35.86 38.47 38.68 -9999 -9999 -9999 -9999 -9999 -9999 -9999
-9999 -9999 -9999 -9999 -9999 -9999 -9999 -9999 -9999 -9999 -9999 -9999 -9999 -9999 -9999 -9999 -9999 -9999 -9999 -9999 -9999 -9999 -9999 -9999 -9999 -9999 -9999 -9999 -9999 -9999 57.66 62.67 64.27 69.97 85.85 113.65 115.07 119.13 103.91 100.58 115.47 98.80 99.32 89.48 85.93 65.98 52.25 45.70 48.86 47.80 45.61 38.41 42.22 39.70 37.73 37.02 35.30 36.03 38.94 43.10 45.41 44.22 44.27 41.88 31.02 32.45 33.38 34.33 34.13 -9999 -9999 -9999 -9999 -9999 -9999 -9999
-9999 -9999 -9999 -9999 -9999 -9999 -9999 -9999 -9999 -9999 -9999 -9999 -9999 -9999 -9999 -9999 -9999 -9999 -9999 -9999 -9999 -9999 -9999 -9999 -9999 -9999 -9999 -9999 -9999 -9999 58.91 61.74 65.28 68.76 79.20 93.65 96.50 99.12 97.51 88.29 101.97 90.77 70.97 108.62 71.07 71.38 50.73 48.98 44.81 35.44 41.97 41.34 39.95 40.16 38.42 39.58 37.94 35.46 38.37 41.39 44.74 41.74 41.32 41.41 35.92 33.82 29.94 32.44 29.99 28.67 -9999 -9999 -9999 -9999 -9999 -9999
-9999 -9999 -9999 -9999 -9999 -9999 -9999 -9999 -9999 -9999 -9999 -9999 -9999 -9999 -9999 -9999 -9999 -9999 -9999 -9999 -9999 -9999 -9999 -9999 -9999 -9999 -9999 -9999 -9999 -9999 43.78 56.52 64.45 69.16 81.07 78.44 75.19 88.01 94.26 85.27 96.59 98.12 102.39 109.16 99.62 80.89 60.32 49.22 52.98 39.52 38.51 38.70 39.21 37.27 40.51 38.59 35.55 32.92 33.49 32.75 31.79 34.23 39.11 43.16 38.39 34.74 30.98 30.59 28.98 28.78 27.89 -9999 -9999 -9999 -9999 -9999
-9999 -9999 -9999 -9999 -9999 -9999 -9999 -9999 -9999 -9999 -9999 -9999 -9999 -9999 -9999 -9999 -9999 -9999 -9999 -9999 -9999 -9999 -9999 -9999 -9999 -9999 -9999 -9999 -9999 -9999 49.84 52.29 57.68 59.31 73.94 71.40 72.36 81.36 93.18 95.23 107.44 120.81 126.44 112.50 97.66 67.28 62.98 51.08 51.45 45.78 40.27 32.81 34.40 33.73 33.61 34.40 33.31 29.74 33.99 33.34 30.05 30.28 35.41 38.74 36.20 32.70 30.52 28.43 26.42 26.52 27.59 -9999 -9999 -9999 -9999 -9999
-9999 -9999 -9999 -9999 -9999 -9999 -9999 -9999 -9999 -9999 -9999 -9999 -9999 -9999 -9999 -9999 -9999 -9999 -9999 -9999 -9999 -9999 -9999 -9999 -9999 -9999 -9999 -9999 -9999 -9999 -9999 51.56 52.78 56.42 59.20 71.32 86.63 93.05 104.96 117.46 112.76 128.85 119.60 124.66 108.67 72.03 59.81 52.35 42.18 45.27 36.58 33.51 33.31 31.70 33.16 34.44 32.65 32.69 33.48 32.79 28.74 25.42 33.03 33.92 32.68 28.15 28.62 -9999 26.21 26.47 27.58 28.38 -9999 -9999 -9999 -9999
-9999 -9999 -9999 -9999 -9999 -9999 -9999 -9999 -9999 -9999 -9999 -9999 -9999 -9999 -9999 -9999 -9999 -9999 -9999 -9999 -9999 -9999 -9999 -9999 -9999 -9999 -9999 -9999 -9999 -9999 45.62 50.57 55.23 56.05 63.65 64.50 90.99 98.11 122.64 131.61 122.42 119.45 109.16 126.52 123.34 104.77 72.15 51.23 50.45 41.46 34.73 32.48 29.73 31.13 36.48 34.19 35.08 33.75 32.41 32.07 29.23 26.54 30.94 32.02 35.69 32.42 30.16 29.43 -9999 25.20 27.33 27.51 28.34 -9999 -9999 -9999
-9999 -9999 -9999 -9999 -9999 -9999 -9999 -9999 -9999 -9999 -9999 -9999 -9999 -9999 -9999 -9999 -9999 -9999 -9999 -9999 -9999 -9999 -9999 -9999 -9999 -9999 -9999 -9999 -9999 -9999 39.04 44.93 52.92 53.20 65.54 76.05 78.64 103.28 91.68 98.50 102.83 105.42 95.18 99.78 129.74 102.09 75.01 59.42 45.21 36.87 42.36 34.12 33.62 42.02 36.24 37.02 38.55 34.62 32.41 32.35 34.49 29.36 32.53 31.25 29.82 31.71 33.48 31.28 30.12 -9999 -9999 -9999 -9999 -9999 -9999 -9999
-9999 -9999 -9999 -9999 -9999 -9999 -9999 -9999 -9999 -9999 -9999 -9999 -9999 -9999 -9999 -9999 -9999 -9999 -9999 -9999 -9999 -9999 -9999 -9999 -9999 -9999 -9999 -9999 -9999 35.28 38.51 42.24 53.64 59.07 61.32 71.52 82.35 88.79 82.79 79.18 80.39 82.33 84.22 103.37 128.16 124.15 95.36 86.51 53.68 42.10 36.74 36.87 36.78 40.44 35.43 34.31 34.38 30.79 32.19 32.75 33.07 31.90 28.96 29.43 31.93 31.58 33.24 33.05 32.95 29.34 30.24 -9999 -9999 -9999 -9999 -9999
-9999 -9999 -9999 -9999 -9999 -9999 -9999 -9999 -9999 -9999 -9999 -9999 -9999 -9999 -9999 -9999 -9999 -9999 -9999 -9999 -9999 -9999 -9999 -9999 -9999 -9999 -9999 -9999 -9999 -9999 31.21 41.33 47.01 56.51 65.58 63.21 68.35 62.74 70.82 73.53 70.97 74.90 78.28 89.47 115.11 127.14 128.26 90.99 72.23 60.47 44.82 43.97 34.28 31.69 34.77 31.45 28.62 29.15 30.25 30.63 30.23 33.62 29.91 28.49 31.20 34.32 39.81 35.42 35.22 31.44 27.76 28.14 29.95 -9999 -9999 -9999
