Rainfall_2007-2011/Rainfall_2008-04_ACTUAL.txt
ncols         180
nrows         290
xllcorner     -200000
yllcorner     -200000
cellsize      5000
NODATA_value  -9999
[rows 136 to 169 of 290, columns 77 to 153 of 180]
-9999 -9999 55.29 60.88 65.25 81.64 75.98 77.63 71.28 63.86 68.22 75.74 88.83 116.52 98.98 86.56 69.96 67.09 66.22 73.32 65.88 62.31 50.89 52.99 41.15 33.80 35.30 43.64 45.73 42.11 48.91 52.56 51.07 70.11 71.17 82.52 81.13 78.33 76.53 87.98 76.67 92.96 108.89 110.23 125.78 104.56 76.21 81.15 90.38 87.63 79.31 -9999 -9999 -9999 -9999 -9999 -9999 -9999 -9999 -9999 -9999 -9999 -9999 -9999 -9999 -9999 -9999 -9999 -9999 -9999 -9999 -9999 -9999 -9999 -9999 -9999 -9999
-9999 -9999 52.64 58.86 60.16 73.18 67.62 67.10 61.26 55.76 60.62 64.04 80.72 94.64 89.82 85.11 68.91 55.72 52.08 70.86 76.05 85.10 63.25 -9999 -9999 -9999 38.60 40.38 -9999 40.95 41.83 46.34 48.26 61.82 71.72 85.21 74.44 75.17 83.97 80.44 80.07 81.45 80.19 90.85 107.78 95.26 91.99 75.60 79.98 85.52 78.47 -9999 -9999 -9999 -9999 -9999 -9999 -9999 -9999 -9999 -9999 -9999 -9999 -9999 -9999 -9999 -9999 -9999 -9999 -9999 -9999 -9999 -9999 -9999 -9999 -9999 -9999
-9999 -9999 44.03 55.32 58.53 61.39 65.96 63.88 59.13 56.25 52.17 57.53 67.05 92.87 83.91 84.88 70.57 58.29 68.53 66.87 76.46 70.08 63.11 -9999 -9999 -9999 41.94 40.00 39.33 40.86 42.17 44.96 54.12 74.16 93.93 102.30 83.18 99.78 78.50 65.17 87.58 77.87 85.26 90.21 102.30 89.77 84.06 99.15 96.16 85.52 75.26 -9999 -9999 -9999 -9999 -9999 -9999 -9999 -9999 -9999 -9999 -9999 -9999 -9999 -9999 -9999 -9999 -9999 -9999 -9999 -9999 -9999 -9999 -9999 -9999 -9999 -9999
-9999 -9999 -9999 46.71 59.89 56.95 -9999 62.91 60.55 57.17 53.32 56.02 -9999 69.06 69.88 80.43 66.61 66.92 78.62 71.84 59.51 -9999 -9999 -9999 -9999 38.90 37.60 40.86 37.85 37.12 41.01 44.63 55.11 73.01 125.72 125.34 88.25 103.06 89.70 84.39 79.85 89.36 92.74 70.34 85.15 93.76 79.64 83.97 82.51 80.57 77.97 69.24 -9999 -9999 -9999 -9999 -9999 -9999 -9999 -9999 -9999 -9999 -9999 -9999 -9999 -9999 -9999 -9999 -9999 -9999 -9999 -9999 -9999 -9999 -9999 -9999 -9999
-9999 -9999 -9999 -9999 60.24 -9999 -9999 -9999 53.20 53.59 56.55 62.73 54.95 -9999 -9999 65.28 58.66 64.48 77.31 -9999 -9999 -9999 -9999 -9999 44.50 45.28 42.64 44.45 39.52 39.90 39.14 44.48 55.15 57.73 89.15 106.68 106.20 91.80 105.96 104.71 109.26 100.48 95.18 90.21 91.31 88.72 102.41 91.46 82.21 81.25 84.11 79.20 -9999 -9999 -9999 -9999 -9999 -9999 -9999 -9999 -9999 -9999 -9999 -9999 -9999 -9999 -9999 -9999 -9999 -9999 -9999 -9999 -9999 -9999 -9999 -9999 -9999
-9999 -9999 -9999 -9999 58.22 55.69 -9999 -9999 -9999 47.27 55.28 61.41 58.69 -9999 -9999 -9999 -9999 58.01 -9999 -9999 -9999 -9999 -9999 -9999 51.16 56.51 49.75 54.33 50.80 48.38 39.49 43.03 46.34 61.62 83.47 108.64 81.63 93.46 150.38 118.01 112.59 105.63 104.62 114.81 86.74 72.19 91.17 81.14 86.24 82.63 77.67 65.12 -9999 -9999 -9999 -9999 -9999 -9999 -9999 -9999 -9999 -9999 -9999 -9999 -9999 -9999 -9999 -9999 -9999 -9999 -9999 -9999 -9999 -9999 -9999 -9999 -9999
-9999 -9999 -9999 -9999 -9999 60.84 -9999 -9999 -9999 -9999 51.69 56.01 53.81 -9999 -9999 -9999 -9999 -9999 -9999 -9999 -9999 -9999 -9999 61.88 66.24 80.01 88.58 72.83 67.87 60.30 52.77 39.28 44.71 54.58 65.41 90.92 117.71 122.84 121.38 112.37 88.30 75.89 88.25 75.74 65.36 79.28 92.01 81.92 79.97 75.27 77.28 70.87 62.18 -9999 -9999 -9999 -9999 -9999 -9999 -9999 -9999 -9999 -9999 -9999 -9999 -9999 -9999 -9999 -9999 -9999 -9999 -9999 -9999 -9999 -9999 -9999 -9999
-9999 -9999 -9999 -9999 -9999 63.91 -9999 -9999 -9999 -9999 -9999 -9999 -9999 -9999 -9999 -9999 -9999 -9999 -9999 -9999 -9999 -9999 -9999 64.26 57.61 70.37 86.81 69.99 77.57 84.80 58.12 56.71 61.43 68.74 54.34 69.67 116.46 125.98 123.41 91.75 112.79 125.90 103.08 92.41 78.58 63.94 76.96 77.93 78.84 71.59 77.80 73.75 64.21 58.51 -9999 -9999 -9999 -9999 -9999 -9999 -9999 -9999 -9999 -9999 -9999 -9999 -9999 -9999 -9999 -9999 -9999 -9999 -9999 -9999 -9999 -9999 -9999
-9999 -9999 -9999 -9999 -9999 -9999 -9999 -9999 -9999 -9999 -9999 -9999 -9999 -9999 -9999 -9999 -9999 -9999 -9999 -9999 -9999 -9999 56.21 68.04 68.79 70.08 78.28 64.64 107.73 94.99 64.77 45.18 53.86 49.28 52.98 49.32 76.00 130.71 113.01 84.02 96.63 104.73 99.33 86.22 80.42 78.04 74.99 76.47 73.72 76.20 84.24 68.65 59.48 57.88 -9999 -9999 -9999 -9999 -9999 -9999 -9999 -9999 -9999 -9999 -9999 -9999 -9999 -9999 -9999 -9999 -9999 -9999 -9999 -9999 -9999 -9999 -9999
-9999 -9999 -9999 -9999 -9999 -9999 -9999 -9999 -9999 -9999 -9999 -9999 -9999 -9999 -9999 -9999 -9999 -9999 -9999 -9999 -9999 -9999 47.77 51.20 60.94 71.23 94.06 77.88 60.87 82.54 52.69 60.01 60.42 50.33 54.66 52.56 61.32 85.86 130.66 115.04 104.25 83.76 86.15 77.13 67.37 75.32 62.13 81.40 78.60 85.90 74.09 66.60 61.71 58.81 63.49 67.22 59.80 -9999 -9999 -9999 -9999 -9999 -9999 -9999 -9999 -9999 -9999 -9999 -9999 -9999 -9999 -9999 -9999 -9999 -9999 -9999 -9999
-9999 -9999 -9999 -9999 -9999 -9999 -9999 -9999 -9999 -9999 -9999 -9999 -9999 -9999 -9999 -9999 -9999 -9999 -9999 -9999 -9999 -9999 41.38 52.53 66.48 66.44 83.79 91.53 95.75 95.02 78.25 74.55 77.09 61.47 63.63 58.44 49.29 60.60 87.28 92.91 95.87 83.10 73.18 63.50 71.42 67.26 61.04 72.36 77.68 74.41 73.51 64.40 66.96 67.49 85.59 73.75 75.27 68.40 59.45 -9999 -9999 -9999 -9999 -9999 -9999 -9999 -9999 -9999 -9999 -9999 -9999 -9999 -9999 -9999 -9999 -9999 -9999
-9999 -9999 -9999 -9999 -9999 -9999 -9999 -9999 -9999 -9999 -9999 -9999 -9999 -9999 -9999 -9999 -9999 -9999 -9999 -9999 -9999 -9999 42.35 59.91 80.39 100.86 140.77 148.60 103.63 102.20 94.89 107.78 110.50 98.30 80.94 64.98 54.65 60.07 66.19 70.99 97.60 100.79 92.71 79.97 73.57 70.58 68.12 71.84 74.87 72.32 68.42 56.71 67.68 70.96 82.85 95.69 92.33 92.89 94.38 102.46 72.86 -9999 -9999 -9999 -9999 -9999 -9999 -9999 -9999 -9999 -9999 -9999 -9999 -9999 -9999 -9999 -9999
-9999 -9999 -9999 -9999 -9999 -9999 -9999 -9999 -9999 -9999 -9999 -9999 -9999 -9999 -9999 -9999 -9999 -9999 -9999 -9999 -9999 -9999 46.20 54.22 72.98 93.10 108.60 152.87 123.11 99.17 114.48 104.04 122.05 107.11 92.97 65.83 57.70 66.14 59.20 109.06 95.96 93.89 106.60 98.69 90.35 72.98 75.02 67.00 66.14 63.47 64.35 52.79 58.82 59.68 82.28 95.44 68.87 78.55 85.90 96.06 71.67 77.16 -9999 -9999 -9999 -9999 -9999 -9999 -9999 -9999 -9999 -9999 -9999 -9999 -9999 -9999 -9999
-9999 -9999 -9999 -9999 -9999 -9999 -9999 -9999 -9999 -9999 51.55 43.34 39.62 -9999 -9999 -9999 -9999 -9999 -9999 -9999 -9999 -9999 -9999 43.90 54.38 71.74 80.69 82.50 91.36 82.81 70.98 106.03 111.99 99.03 88.97 84.85 76.18 76.24 84.03 98.23 95.60 109.15 105.56 88.47 82.26 82.72 68.07 64.23 62.83 61.60 64.24 63.59 62.12 86.30 82.53 115.40 110.74 106.23 103.12 80.18 95.56 86.49 70.47 -9999 -9999 -9999 -9999 -9999 -9999 -9999 -9999 -9999 -9999 -9999 -9999 -9999 -9999
-9999 -9999 -9999 -9999 -9999 -9999 -9999 -9999 -9999 -9999 52.98 46.87 -9999 -9999 -9999 -9999 -9999 -9999 -9999 -9999 -9999 -9999 -9999 -9999 51.29 61.48 84.61 84.21 104.12 74.32 68.92 88.75 89.62 71.23 73.30 69.84 102.78 82.49 101.11 106.21 96.13 79.13 72.80 92.88 69.62 86.52 69.82 64.49 61.65 62.95 63.78 73.63 84.04 90.97 85.44 103.18 89.98 100.94 101.27 89.95 104.73 95.52 100.33 -9999 -9999 -9999 -9999 -9999 -9999 -9999 -9999 -9999 -9999 -9999 -9999 -9999 -9999
-9999 -9999 -9999 -9999 -9999 -9999 -9999 -9999 -9999 52.63 74.63 56.33 48.86 -9999 -9999 -9999 -9999 -9999 -9999 -9999 -9999 -9999 -9999 -9999 45.32 59.14 72.25 75.07 72.44 75.43 69.56 69.75 61.18 67.75 71.88 62.31 53.66 98.89 76.77 76.39 81.48 84.31 93.30 84.17 95.97 87.03 68.64 65.35 63.72 63.58 62.83 78.59 89.34 99.86 109.26 105.85 101.28 107.36 102.57 102.01 105.88 91.31 108.83 82.52 -9999 -9999 -9999 -9999 -9999 -9999 -9999 -9999 -9999 -9999 -9999 -9999 -9999
-9999 -9999 -9999 -9999 -9999 -9999 -9999 -9999 47.47 68.62 72.98 67.88 46.73 -9999 -9999 -9999 -9999 -9999 -9999 -9999 -9999 -9999 -9999 -9999 45.31 53.95 69.26 58.24 66.44 55.66 71.16 63.52 65.97 66.38 71.94 66.16 74.01 94.24 81.58 77.43 95.91 75.17 80.01 77.44 97.22 88.84 66.77 66.06 58.59 57.50 67.05 73.40 96.62 107.39 106.92 89.44 85.15 84.67 95.18 96.46 105.58 84.38 94.61 83.96 -9999 -9999 -9999 -9999 -9999 -9999 -9999 -9999 -9999 -9999 -9999 -9999 -9999
-9999 -9999 -9999 -9999 -9999 -9999 -9999 37.33 44.77 74.91 63.92 49.05 -9999 -9999 -9999 -9999 -9999 -9999 -9999 -9999 -9999 -9999 -9999 -9999 -9999 52.33 55.11 54.30 80.49 60.17 59.29 59.61 61.23 64.36 65.04 81.87 98.34 107.85 104.74 96.23 128.07 104.95 105.86 112.75 102.86 114.67 99.05 69.38 63.02 61.90 65.05 70.12 81.32 104.19 104.56 81.26 74.32 79.39 69.33 78.51 81.09 105.44 87.51 84.76 79.39 70.81 -9999 -9999 -9999 -9999 -9999 -9999 -9999 -9999 -9999 -9999 -9999
-9999 -9999 -9999 -9999 -9999 -9999 -9999 45.64 59.21 52.58 43.31 43.24 -9999 -9999 -9999 -9999 -9999 -9999 -9999 -9999 -9999 -9999 -9999 -9999 -9999 -9999 53.87 51.90 53.30 48.55 58.18 57.22 59.20 62.69 78.46 78.31 102.88 92.20 116.11 107.09 111.06 96.07 114.36 127.73 88.94 113.62 95.88 79.32 69.28 65.09 59.60 64.40 83.87 112.72 101.23 75.13 72.04 70.23 69.70 68.18 70.46 88.38 88.00 97.26 91.77 74.48 -9999 -9999 -9999 -9999 -9999 -9999 -9999 -9999 -9999 -9999 -9999
-9999 -9999 -9999 -9999 -9999 -9999 -9999 45.45 46.48 47.32 42.18 -9999 -9999 -9999 -9999 -9999 -9999 -9999 -9999 -9999 -9999 -9999 -9999 -9999 -9999 -9999 44.11 55.33 57.35 -9999 52.82 -9999 57.25 58.01 65.46 68.40 71.92 86.04 78.47 90.74 96.87 90.79 90.67 116.73 107.91 108.16 85.13 85.52 76.65 78.60 66.82 64.91 73.78 87.58 89.38 84.15 73.58 79.17 70.59 65.96 70.87 80.64 86.09 85.85 78.50 73.19 72.41 72.01 -9999 -9999 -9999 -9999 -9999 -9999 -9999 -9999 -9999
-9999 -9999 -9999 -9999 -9999 -9999 35.26 41.50 36.92 -9999 -9999 -9999 -9999 -9999 -9999 -9999 -9999 -9999 -9999 -9999 -9999 -9999 -9999 -9999 -9999 -9999 47.65 54.25 54.84 -9999 -9999 -9999 59.32 70.44 63.44 67.82 63.11 67.54 69.46 76.11 90.43 96.29 85.77 105.34 115.16 110.34 99.33 86.85 80.36 73.02 67.10 66.34 65.64 63.49 69.71 69.37 68.58 67.94 71.40 74.65 66.12 91.43 97.55 93.83 77.40 64.90 64.60 67.01 -9999 -9999 -9999 -9999 -9999 -9999 -9999 -9999 -9999
-9999 -9999 -9999 -9999 -9999 -9999 -9999 -9999 -9999 -9999 -9999 -9999 -9999 -9999 -9999 -9999 -9999 -9999 -9999 -9999 -9999 -9999 -9999 -9999 -9999 -9999 -9999 -9999 -9999 -9999 -9999 59.58 70.85 75.32 83.77 90.26 71.90 77.69 67.45 76.33 94.30 104.87 97.82 90.69 99.09 108.39 95.86 84.88 75.12 66.83 68.45 71.33 74.57 71.51 64.50 57.18 59.80 67.45 77.37 94.81 83.80 99.81 87.33 87.39 79.41 79.02 67.59 -9999 -9999 -9999 -9999 -9999 -9999 -9999 -9999 -9999 -9999
-9999 -9999 -9999 -9999 -9999 -9999 -9999 -9999 -9999 -9999 -9999 -9999 -9999 -9999 -9999 -9999 -9999 -9999 -9999 -9999 -9999 -9999 -9999 -9999 -9999 -9999 -9999 -9999 -9999 -9999 -9999 64.33 70.82 83.18 96.97 101.58 73.90 72.01 68.16 59.86 82.10 82.28 89.19 80.37 98.60 102.12 100.27 85.32 79.92 77.78 69.86 70.61 71.86 68.25 60.45 58.13 61.53 69.12 76.21 100.33 92.77 74.90 76.25 74.31 74.58 66.77 62.33 -9999 -9999 -9999 -9999 -9999 -9999 -9999 -9999 -9999 -9999
-9999 -9999 -9999 -9999 -9999 -9999 -9999 -9999 -9999 -9999 -9999 -9999 -9999 -9999 -9999 -9999 -9999 -9999 -9999 -9999 -9999 -9999 -9999 -9999 -9999 -9999 -9999 -9999 -9999 -9999 -9999 57.20 65.50 75.66 93.73 102.42 94.35 83.01 75.01 71.32 83.89 76.55 70.36 77.86 76.34 98.42 91.74 90.33 84.26 78.48 67.74 64.73 61.72 64.21 58.34 54.90 59.67 66.11 73.70 89.46 89.89 79.98 74.04 75.12 70.48 68.52 61.98 -9999 -9999 -9999 -9999 -9999 -9999 -9999 -9999 -9999 -9999
-9999 -9999 -9999 -9999 -9999 -9999 -9999 -9999 -9999 -9999 -9999 -9999 -9999 -9999 -9999 -9999 -9999 -9999 -9999 -9999 -9999 -9999 -9999 -9999 -9999 -9999 -9999 -9999 -9999 40.90 50.32 54.05 64.42 79.44 91.09 106.59 88.70 102.63 81.26 62.05 75.39 76.10 80.96 87.28 92.21 84.74 77.13 84.99 74.05 66.63 70.89 68.95 67.40 63.26 57.50 55.07 59.49 61.17 72.01 80.21 85.93 80.71 77.54 68.09 62.35 70.22 72.10 72.10 -9999 -9999 -9999 -9999 -9999 -9999 -9999 -9999 -9999
-9999 -9999 -9999 -9999 -9999 -9999 -9999 -9999 -9999 -9999 -9999 -9999 -9999 -9999 -9999 -9999 -9999 -9999 -9999 -9999 -9999 -9999 -9999 -9999 -9999 -9999 -9999 -9999 -9999 42.18 53.78 55.48 66.74 75.19 90.37 78.44 79.07 76.86 84.50 105.88 80.94 75.90 76.66 89.78 75.57 81.13 72.84 83.67 80.46 79.34 70.94 79.45 75.13 56.93 55.15 57.09 59.29 61.14 73.83 80.49 77.10 80.73 78.24 67.83 77.57 75.74 76.63 76.66 -9999 -9999 -9999 -9999 -9999 -9999 -9999 -9999 -9999
-9999 -9999 -9999 -9999 -9999 -9999 -9999 -9999 -9999 -9999 -9999 -9999 -9999 -9999 -9999 -9999 -9999 -9999 -9999 -9999 -9999 -9999 -9999 -9999 -9999 -9999 -9999 -9999 -9999 50.72 52.68 58.71 69.02 75.06 88.00 87.75 83.66 71.49 83.71 85.81 83.84 81.96 107.17 78.50 76.65 66.69 72.44 70.62 63.07 70.39 72.75 75.59 67.99 54.27 52.36 56.27 59.60 62.07 75.30 79.20 86.82 92.94 88.49 83.56 78.65 75.31 78.43 73.83 69.33 -9999 -9999 -9999 -9999 -9999 -9999 -9999 -9999
-9999 -9999 -9999 -9999 -9999 -9999 -9999 -9999 -9999 -9999 -9999 -9999 -9999 -9999 -9999 -9999 -9999 -9999 -9999 -9999 -9999 -9999 -9999 -9999 -9999 -9999 -9999 -9999 -9999 45.88 53.22 66.68 70.53 68.94 80.33 79.65 76.09 74.59 71.17 81.55 89.62 105.13 100.57 103.80 90.22 73.85 72.57 75.67 64.48 58.30 66.86 72.38 64.06 56.37 55.29 51.42 57.98 62.75 65.38 67.89 95.82 104.03 96.44 83.67 78.04 77.04 73.57 72.92 68.88 62.05 -9999 -9999 -9999 -9999 -9999 -9999 -9999
-9999 -9999 -9999 -9999 -9999 -9999 -9999 -9999 -9999 -9999 -9999 -9999 -9999 -9999 -9999 -9999 -9999 -9999 -9999 -9999 -9999 -9999 -9999 -9999 -9999 -9999 -9999 -9999 -9999 40.18 48.43 63.21 63.24 70.80 75.92 79.53 77.83 79.62 75.38 94.10 106.02 108.90 99.80 99.33 74.76 75.91 71.82 80.83 72.43 66.45 68.55 67.10 66.30 65.51 62.91 58.57 58.08 61.56 63.48 66.68 69.70 77.75 79.71 77.73 80.18 72.35 68.53 67.33 62.34 58.37 -9999 -9999 -9999 -9999 -9999 -9999 -9999
-9999 -9999 -9999 -9999 -9999 -9999 -9999 -9999 -9999 -9999 -9999 -9999 -9999 -9999 -9999 -9999 -9999 -9999 -9999 -9999 -9999 -9999 -9999 -9999 -9999 -9999 -9999 -9999 -9999 -9999 47.61 61.36 63.28 58.83 67.54 81.41 86.45 92.05 105.70 92.06 117.74 100.45 104.91 95.50 74.49 68.69 74.46 75.02 77.38 68.91 68.13 68.46 63.30 73.05 69.78 64.20 62.73 63.57 63.15 65.49 67.39 69.40 72.28 70.06 68.31 66.14 -9999 65.42 52.64 50.40 53.44 -9999 -9999 -9999 -9999 -9999 -9999
-9999 -9999 -9999 -9999 -9999 -9999 -9999 -9999 -9999 -9999 -9999 -9999 -9999 -9999 -9999 -9999 -9999 -9999 -9999 -9999 -9999 -9999 -9999 -9999 -9999 -9999 -9999 -9999 -9999 50.08 50.68 58.86 63.58 64.96 68.18 86.24 87.60 90.48 105.40 95.40 100.11 106.37 118.34 103.98 95.65 77.86 68.31 76.30 70.61 69.36 59.92 58.95 59.17 70.47 68.19 68.63 66.27 63.64 64.21 64.78 71.92 67.80 67.89 69.25 71.23 67.92 65.63 -9999 48.36 52.15 56.48 58.02 -9999 -9999 -9999 -9999 -9999
-9999 -9999 -9999 -9999 -9999 -9999 -9999 -9999 -9999 -9999 -9999 -9999 -9999 -9999 -9999 -9999 -9999 -9999 -9999 -9999 -9999 -9999 -9999 -9999 -9999 -9999 -9999 -9999 -9999 51.36 63.80 63.14 75.93 74.49 74.81 72.94 90.00 89.68 87.43 94.50 88.41 87.49 103.57 106.98 92.68 76.04 73.46 64.42 62.47 70.42 58.30 57.46 58.75 58.36 69.79 74.29 67.55 62.34 64.07 62.94 64.01 65.41 67.11 60.77 68.47 69.93 64.69 60.07 -9999 -9999 -9999 -9999 -9999 -9999 -9999 -9999 -9999
-9999 -9999 -9999 -9999 -9999 -9999 -9999 -9999 -9999 -9999 -9999 -9999 -9999 -9999 -9999 -9999 -9999 -9999 -9999 -9999 -9999 -9999 -9999 -9999 -9999 -9999 -9999 -9999 74.77 68.07 72.67 78.08 75.09 69.08 73.45 75.64 78.04 77.78 81.57 87.57 84.50 98.48 120.89 115.88 113.65 91.71 93.67 86.40 64.45 57.05 55.98 51.49 57.46 56.50 66.81 69.91 62.27 62.13 63.40 67.18 65.55 67.08 66.06 67.73 63.66 61.81 63.19 56.34 53.06 53.07 -9999 -9999 -9999 -9999 -9999 -9999 -9999
-9999 -9999 -9999 -9999 -9999 -9999 -9999 -9999 -9999 -9999 -9999 -9999 -9999 -9999 -9999 -9999 -9999 -9999 -9999 -9999 -9999 -9999 -9999 -9999 -9999 -9999 -9999 -9999 -9999 81.42 89.00 93.31 74.67 76.30 70.02 73.31 80.21 74.51 77.66 83.06 83.58 87.45 94.53 113.54 122.00 126.22 107.36 86.99 77.39 62.57 56.84 46.95 49.88 56.91 59.13 59.08 62.58 62.47 58.84 59.60 72.83 67.78 64.11 63.90 62.21 74.09 61.54 57.88 54.70 49.44 48.89 48.78 -9999 -9999 -9999 -9999 -9999
