Rainfall_2007-2011/Rainfall_2010-05_ACTUAL.txt
ncols         180
nrows         290
xllcorner     -200000
yllcorner     -200000
cellsize      5000
NODATA_value  -9999
[rows 204 to 237 of 290, columns 77 to 153 of 180]
68.88 65.13 62.26 70.80 74.54 71.80 65.56 61.36 62.27 64.81 60.48 54.92 60.08 66.74 56.88 50.57 37.32 40.19 45.03 53.77 58.29 49.48 49.11 44.60 44.36 41.46 59.82 65.17 65.82 49.76 51.95 59.24 62.72 59.13 50.37 53.14 48.27 49.82 46.87 46.31 41.40 37.58 35.88 42.58 54.06 50.04 41.94 41.42 47.33 47.01 45.24 41.94 40.00 42.15 42.39 45.05 51.44 44.42 51.18 55.80 55.09 46.90 44.86 39.45 38.48 37.91 23.54 30.58 36.89 33.17 23.76 24.00 22.37 24.17 26.62 25.43 28.19
57.59 65.67 58.57 59.92 68.38 64.78 62.90 62.90 62.81 58.54 67.97 56.30 51.76 50.20 48.93 47.29 48.57 49.91 63.88 77.47 57.17 58.75 66.22 67.01 60.02 42.03 43.57 72.32 62.67 40.98 53.61 55.74 56.55 46.08 44.04 54.14 56.06 58.02 51.85 46.87 43.02 41.55 40.94 46.26 54.68 50.76 44.50 38.87 39.96 43.40 44.89 40.78 39.11 38.56 39.87 56.44 42.10 44.01 46.82 46.10 46.37 42.54 40.50 36.90 34.45 36.02 32.96 34.47 28.04 25.39 23.87 29.34 24.67 24.54 25.06 26.96 22.70
65.15 69.41 68.88 66.00 62.92 66.81 69.62 65.43 62.25 55.79 60.56 57.27 54.70 48.28 54.13 47.99 51.01 53.18 59.43 60.03 61.70 59.48 77.24 82.92 58.82 53.99 49.65 47.07 53.79 76.43 39.35 36.67 37.71 45.31 49.58 58.29 55.25 53.47 48.17 43.90 41.92 41.64 50.73 48.81 46.19 44.24 44.06 33.40 36.50 43.98 43.04 41.20 41.00 36.93 38.73 40.21 41.20 41.79 38.30 40.53 42.39 40.59 36.18 33.65 36.31 35.09 38.19 35.30 35.35 24.45 26.83 32.35 29.17 26.89 20.99 31.46 28.29
59.20 55.17 68.42 72.67 84.74 80.60 79.93 67.27 61.11 58.82 55.77 59.24 69.62 51.67 48.46 39.27 45.59 45.79 50.98 44.24 47.60 49.66 59.85 64.98 69.48 42.63 47.49 54.37 70.44 48.51 37.67 35.69 43.49 44.22 51.22 51.40 57.91 46.04 44.40 48.28 56.77 45.35 46.73 49.05 38.18 40.23 49.30 40.29 38.65 38.18 38.42 39.86 37.34 32.58 32.93 35.98 36.34 38.39 36.92 35.88 40.37 41.16 38.69 31.59 36.11 35.36 38.55 38.50 35.82 27.70 26.71 28.48 29.08 31.62 30.11 32.65 32.86
51.60 57.21 65.03 76.80 85.74 66.27 66.91 56.65 55.82 53.72 54.55 55.31 56.47 60.32 46.91 47.48 54.71 51.37 55.85 49.31 38.35 31.85 39.07 50.33 40.05 41.52 52.69 61.61 63.59 38.23 39.36 34.13 36.99 42.20 40.71 50.13 42.77 41.46 38.51 54.68 48.71 46.65 43.28 44.04 45.74 38.29 39.15 39.14 40.65 38.55 34.97 33.52 33.20 28.27 29.67 27.64 30.56 31.92 34.40 35.66 40.61 44.59 39.52 33.81 37.65 42.61 44.17 41.36 37.09 34.51 24.83 29.66 33.93 30.53 33.34 33.84 31.03
50.44 59.71 64.41 73.51 76.87 74.61 -9999 -9999 -9999 -9999 50.02 52.19 52.84 51.30 49.88 51.75 50.94 49.69 44.62 44.78 59.64 61.48 47.80 44.57 38.61 42.21 44.77 52.75 32.59 37.29 34.15 33.29 42.52 35.67 35.43 32.69 28.92 39.58 41.83 54.29 47.59 49.22 46.23 42.15 42.79 33.21 33.23 31.58 35.08 29.80 28.31 30.37 28.20 30.83 29.71 27.69 28.29 30.80 33.09 33.72 40.26 40.80 39.89 35.28 40.21 47.66 45.47 46.48 46.01 39.06 31.44 31.49 34.75 35.12 32.82 36.99 35.62
57.31 64.50 67.50 66.12 77.51 67.13 -9999 -9999 -9999 -9999 -9999 -9999 -9999 49.89 56.29 54.72 47.24 44.59 47.43 57.68 66.43 67.80 51.66 51.96 41.62 36.66 33.08 44.04 48.12 41.68 34.91 41.93 42.43 42.23 36.10 34.75 29.53 41.51 52.44 51.43 52.82 52.21 41.70 42.15 37.94 31.90 29.26 29.35 28.64 21.51 23.26 27.90 25.71 26.96 28.01 31.00 31.02 34.31 36.05 33.46 40.50 40.09 43.24 34.68 43.36 51.65 55.86 48.97 46.18 38.62 21.24 32.83 31.68 34.87 35.18 54.12 52.40
-9999 -9999 60.54 -9999 -9999 -9999 -9999 -9999 -9999 -9999 -9999 59.90 58.81 59.41 62.38 48.23 48.91 43.51 48.32 61.12 71.57 68.83 55.78 45.94 37.21 37.74 38.10 39.26 33.95 30.13 32.78 38.73 39.08 36.45 36.23 40.30 38.92 47.77 55.95 54.75 56.18 56.37 46.21 41.41 39.36 36.06 33.05 31.19 27.09 22.74 23.46 26.01 24.82 26.86 30.22 33.77 36.10 40.28 38.93 38.93 37.32 37.16 39.50 40.14 38.57 48.15 59.85 56.60 55.11 41.47 33.41 36.03 30.78 39.49 41.55 51.83 52.40
-9999 -9999 -9999 -9999 -9999 -9999 -9999 -9999 -9999 -9999 -9999 59.15 58.71 56.81 59.02 66.32 -9999 -9999 51.76 76.51 57.25 60.39 48.07 43.23 40.35 37.15 30.33 33.24 27.49 24.97 30.75 33.93 33.72 32.76 33.95 35.82 37.14 44.47 56.59 53.33 51.78 58.13 45.83 47.40 44.10 39.83 37.51 32.13 33.87 24.73 28.67 31.73 28.93 27.45 29.25 28.13 40.67 42.40 36.81 32.87 31.63 35.04 35.13 39.44 34.92 39.47 55.19 64.82 73.68 41.78 34.42 33.26 31.33 32.34 36.09 37.63 42.42
-9999 -9999 -9999 -9999 -9999 -9999 -9999 -9999 -9999 -9999 -9999 -9999 -9999 -9999 -9999 -9999 -9999 -9999 46.46 52.29 52.56 45.46 40.21 37.25 36.73 24.64 22.26 28.20 26.51 22.66 25.61 32.35 -9999 31.47 30.36 35.20 42.68 41.73 59.62 62.21 64.60 53.98 50.30 46.10 46.60 41.37 43.53 38.45 34.56 32.90 34.20 34.64 30.24 27.86 26.73 24.73 33.72 32.63 33.43 29.60 29.23 27.68 30.45 38.78 37.18 36.92 40.51 52.56 51.31 42.67 34.72 31.34 23.26 25.64 33.81 33.57 35.75
-9999 -9999 -9999 -9999 -9999 -9999 -9999 -9999 -9999 -9999 -9999 -9999 -9999 -9999 -9999 -9999 -9999 -9999 -9999 44.06 51.14 41.90 40.45 36.94 29.97 26.25 28.90 26.85 -9999 -9999 -9999 -9999 30.07 29.31 31.80 35.74 43.68 42.43 46.76 65.72 62.50 45.14 45.07 47.88 43.79 42.35 30.30 41.92 49.39 37.01 34.25 30.97 27.69 27.13 27.82 24.87 25.44 22.97 19.72 21.42 23.80 27.04 27.53 26.16 20.72 28.22 28.48 33.38 37.39 42.11 28.44 30.08 29.60 26.76 31.35 30.05 33.86
-9999 -9999 -9999 -9999 -9999 -9999 -9999 -9999 -9999 -9999 -9999 -9999 -9999 -9999 -9999 -9999 -9999 -9999 -9999 -9999 45.15 42.20 39.34 35.55 31.36 27.85 27.60 -9999 -9999 -9999 -9999 31.85 35.21 34.13 31.56 35.01 34.45 46.29 44.12 52.55 45.08 37.62 40.29 38.51 37.78 36.90 33.70 41.62 51.15 39.29 33.19 27.59 26.97 28.86 27.52 24.02 22.45 17.75 18.73 20.60 20.11 26.36 28.24 21.76 22.31 20.73 26.34 31.04 33.73 36.60 36.00 33.66 29.87 29.97 32.62 31.37 34.27
-9999 -9999 -9999 -9999 -9999 -9999 -9999 -9999 -9999 -9999 -9999 -9999 -9999 -9999 -9999 -9999 -9999 -9999 -9999 -9999 -9999 34.76 37.63 33.73 30.40 26.63 25.25 -9999 -9999 -9999 31.11 33.09 31.71 27.77 32.77 34.84 29.72 37.60 40.22 41.71 35.63 33.84 40.37 30.06 28.34 34.21 35.29 35.45 32.22 22.20 27.93 30.12 31.95 29.74 30.40 24.55 21.68 20.51 20.97 21.85 24.61 25.00 25.50 19.76 23.16 17.69 22.42 25.21 29.00 30.19 36.21 35.55 34.89 35.02 35.08 33.33 36.23
-9999 -9999 -9999 -9999 -9999 -9999 -9999 -9999 -9999 -9999 -9999 -9999 -9999 -9999 -9999 -9999 -9999 -9999 -9999 -9999 -9999 -9999 -9999 -9999 -9999 -9999 -9999 -9999 -9999 34.78 36.40 34.98 29.34 34.01 38.65 35.81 33.28 35.58 38.24 26.77 26.10 23.98 26.23 23.17 24.73 30.09 36.05 35.32 34.03 28.41 35.46 34.08 34.50 32.27 30.64 20.27 21.45 24.74 23.68 22.34 26.13 29.59 28.28 25.33 24.09 25.39 26.93 26.41 28.46 36.63 38.20 42.26 39.37 34.55 38.50 39.06 41.81
-9999 -9999 -9999 -9999 -9999 -9999 -9999 -9999 -9999 -9999 -9999 -9999 -9999 -9999 -9999 -9999 -9999 -9999 -9999 -9999 -9999 -9999 -9999 -9999 -9999 -9999 -9999 -9999 -9999 28.72 32.61 37.22 42.70 38.31 36.83 36.32 34.76 29.41 27.25 23.52 24.67 23.80 23.00 25.25 23.53 29.40 37.62 35.54 39.89 40.23 38.17 38.89 34.59 38.80 31.37 27.43 29.68 25.50 25.74 29.74 31.22 27.74 26.49 28.74 24.08 29.27 33.71 34.63 33.78 50.27 41.24 47.56 39.80 41.47 39.85 38.31 38.54
-9999 -9999 -9999 -9999 -9999 -9999 -9999 -9999 -9999 -9999 -9999 -9999 -9999 -9999 -9999 -9999 -9999 -9999 -9999 -9999 -9999 -9999 -9999 -9999 -9999 -9999 -9999 -9999 -9999 20.16 24.80 38.80 42.95 39.60 37.64 40.22 37.42 24.28 28.83 25.50 22.57 25.87 27.79 28.21 28.25 27.48 30.70 32.42 33.98 35.45 41.65 35.14 33.47 35.25 29.33 28.53 30.37 28.13 25.81 29.89 32.41 27.33 26.37 23.73 28.57 31.08 27.65 31.75 32.51 30.45 31.19 38.00 40.87 36.19 32.97 34.77 37.95
-9999 -9999 -9999 -9999 -9999 -9999 -9999 -9999 -9999 -9999 -9999 -9999 45.81 53.50 46.45 54.92 50.75 47.69 55.30 60.44 40.78 37.51 25.48 -9999 -9999 -9999 -9999 -9999 -9999 21.75 24.88 30.09 23.62 34.58 38.52 44.94 40.43 31.48 27.47 26.17 27.00 28.58 26.05 27.21 27.30 24.68 28.96 36.78 30.16 27.34 30.43 27.02 29.28 32.61 33.91 32.24 28.20 27.15 24.76 23.22 24.51 27.05 26.39 25.48 28.59 27.59 26.48 27.63 24.77 25.58 28.78 29.99 26.84 25.01 21.61 30.34 30.40
-9999 -9999 -9999 -9999 -9999 -9999 -9999 -9999 -9999 -9999 -9999 -9999 57.94 57.29 62.58 43.68 63.01 74.25 68.09 65.05 43.20 34.16 29.96 22.85 24.45 22.69 22.49 25.78 26.15 24.18 20.45 25.59 24.45 30.69 32.59 30.22 33.97 28.96 26.65 30.76 26.59 25.26 25.84 26.32 18.68 24.14 26.03 28.92 25.99 24.56 21.17 22.00 22.53 24.65 27.27 22.89 25.03 23.97 19.25 18.14 20.33 23.92 25.94 27.15 34.43 29.96 28.32 27.41 28.33 28.07 28.41 29.85 29.67 24.29 24.61 21.71 28.24
-9999 -9999 -9999 -9999 -9999 -9999 -9999 -9999 -9999 -9999 -9999 39.77 69.48 54.00 54.03 50.41 61.36 73.88 75.24 61.20 58.19 46.84 36.52 30.82 30.52 31.81 28.16 28.32 21.68 26.08 23.28 25.53 28.32 26.75 26.44 20.95 20.65 24.43 29.09 27.72 27.34 28.02 24.59 25.39 21.99 24.94 26.67 24.78 17.64 20.10 21.68 22.43 21.31 14.16 17.00 20.50 23.07 22.75 21.64 19.74 21.80 21.61 25.73 27.42 29.57 27.20 25.82 30.06 29.57 29.34 29.61 33.18 27.92 28.27 31.22 29.70 29.97
-9999 -9999 -9999 -9999 -9999 -9999 -9999 -9999 -9999 -9999 -9999 -9999 49.00 49.25 47.33 49.27 52.00 65.16 77.97 58.86 56.07 33.74 31.25 40.23 35.52 36.53 27.39 31.40 28.48 24.15 23.38 24.89 27.68 26.38 27.52 24.49 29.68 30.96 30.30 30.97 32.01 30.72 21.46 23.05 29.30 28.18 27.82 25.27 22.96 22.51 22.58 21.32 18.33 16.49 16.24 17.81 21.71 22.93 20.48 21.59 19.93 18.16 20.48 22.62 24.34 21.53 22.07 26.67 28.25 26.67 32.62 32.92 28.63 29.56 31.68 31.15 29.57
-9999 -9999 -9999 -9999 -9999 -9999 -9999 -9999 35.88 -9999 -9999 41.95 41.58 44.22 43.15 47.26 49.00 49.81 57.41 51.53 48.62 44.50 35.82 39.61 32.30 32.44 26.83 28.38 29.60 28.26 31.60 29.88 29.56 31.93 29.88 28.80 37.70 39.13 40.68 40.85 36.71 28.17 21.01 28.44 29.76 28.09 26.38 26.76 23.46 19.21 22.44 20.16 21.22 23.24 22.59 21.11 21.23 23.79 20.69 20.18 18.97 16.94 17.80 20.04 20.85 22.08 22.39 20.83 24.04 24.05 28.31 21.51 20.70 27.65 29.95 28.76 26.69
-9999 -9999 -9999 -9999 -9999 -9999 -9999 39.84 37.62 38.15 47.91 41.07 45.05 47.61 46.23 45.06 44.31 38.75 46.25 47.48 44.82 32.57 36.78 38.74 31.53 26.90 28.66 33.96 36.27 35.68 31.60 23.10 29.07 44.24 36.99 34.54 32.42 32.97 33.45 38.30 47.95 35.67 29.72 34.82 34.26 29.75 26.91 30.41 29.07 26.64 19.30 20.46 19.50 21.05 22.48 21.25 19.95 18.90 15.65 18.35 19.52 18.31 16.11 18.68 19.38 20.83 21.78 21.39 23.06 23.49 22.84 20.96 21.55 20.69 26.19 27.99 28.53
-9999 -9999 -9999 -9999 -9999 -9999 -9999 42.58 40.49 41.04 46.18 44.58 41.15 40.13 47.00 47.59 39.98 42.94 44.05 44.28 43.23 27.13 39.10 38.59 34.10 36.77 41.03 41.81 35.65 37.02 26.87 28.17 31.90 40.37 39.35 37.92 30.32 32.15 32.52 34.44 25.44 32.78 30.40 31.79 32.59 30.08 29.82 33.75 32.58 27.56 21.56 19.77 19.61 18.30 17.71 17.31 19.06 20.09 17.41 22.69 20.36 20.08 19.04 19.04 18.32 21.20 21.18 21.97 23.55 24.40 21.31 21.37 18.87 18.92 22.85 27.22 26.57
-9999 -9999 -9999 -9999 -9999 -9999 -9999 45.49 48.82 44.51 47.51 44.91 42.07 42.15 40.66 42.92 38.74 37.59 41.19 34.78 38.28 28.97 32.07 32.65 34.64 40.71 42.03 35.41 40.51 49.53 34.84 34.54 30.30 47.81 58.02 41.30 35.64 26.84 32.25 38.01 39.84 36.71 32.94 27.27 28.78 31.79 31.90 31.41 34.61 32.88 21.07 20.36 22.33 20.25 15.92 16.77 16.80 17.97 19.14 21.64 22.53 21.64 23.33 20.08 22.65 22.66 19.04 20.50 28.02 26.88 23.53 16.85 16.21 19.00 22.94 29.26 21.27
-9999 -9999 -9999 -9999 -9999 -9999 -9999 46.80 46.81 44.90 46.10 39.59 39.62 37.30 35.64 41.93 41.30 41.65 41.03 37.35 34.89 32.89 33.52 23.55 30.98 43.17 40.59 41.87 41.59 36.34 35.73 34.84 34.72 39.72 41.12 28.95 26.46 30.91 31.62 39.76 43.74 36.26 34.23 26.69 26.98 29.63 36.30 29.81 31.80 33.39 23.68 25.27 25.93 24.71 18.18 14.61 11.42 12.68 18.01 14.48 17.28 17.66 18.20 17.34 20.70 20.67 21.02 20.30 20.80 19.38 22.77 20.29 17.63 17.14 21.62 26.73 25.32
-9999 -9999 -9999 -9999 -9999 -9999 -9999 42.92 43.93 41.94 42.83 38.21 39.81 36.00 35.45 40.01 42.60 41.06 38.40 34.71 35.78 34.10 31.73 33.79 26.89 26.80 40.69 47.52 33.89 30.48 36.49 35.65 31.39 32.00 32.40 27.83 28.10 28.34 22.05 27.28 32.49 28.72 26.60 23.81 22.41 22.82 20.54 25.60 26.13 27.06 21.17 21.07 21.36 18.90 18.11 14.68 12.55 14.43 16.84 18.38 15.14 13.40 15.36 15.36 17.10 17.52 16.61 -9999 -9999 17.45 21.15 24.82 18.90 15.61 24.19 24.19 -9999
-9999 -9999 -9999 -9999 -9999 -9999 43.90 42.22 46.71 48.43 41.81 37.33 36.67 35.71 37.52 39.41 48.03 39.61 36.79 34.03 34.73 34.49 33.74 32.00 30.46 34.18 42.89 42.76 32.68 35.40 33.87 28.40 27.31 26.80 26.96 28.61 25.70 23.12 16.55 17.00 19.93 21.04 18.55 17.21 16.81 15.76 17.74 23.37 21.11 19.79 19.28 18.99 18.63 -9999 -9999 14.64 12.58 15.05 15.76 14.53 13.50 10.75 -9999 -9999 -9999 -9999 -9999 -9999 -9999 -9999 -9999 -9999 19.34 19.26 22.82 24.00 -9999
-9999 -9999 -9999 -9999 -9999 46.80 37.26 39.39 42.89 37.93 34.45 37.14 40.03 41.02 39.90 43.33 40.06 34.20 38.34 39.54 36.70 39.12 36.47 37.27 29.23 35.40 37.79 36.56 23.92 26.67 25.81 25.67 25.70 24.87 25.03 23.77 19.55 20.79 20.34 16.93 16.48 16.74 16.68 14.89 15.70 13.12 15.80 21.43 17.72 13.72 -9999 18.36 20.22 19.26 18.42 17.74 -9999 -9999 -9999 -9999 11.23 -9999 -9999 -9999 -9999 -9999 -9999 -9999 -9999 -9999 -9999 -9999 -9999 -9999 -9999 -9999 -9999
-9999 -9999 -9999 -9999 44.78 47.64 45.37 45.33 38.93 37.02 36.64 33.77 35.11 48.50 51.04 44.07 37.29 30.90 36.43 42.98 40.82 41.07 32.87 32.69 24.41 20.37 24.89 24.46 -9999 -9999 -9999 -9999 -9999 21.84 22.82 21.51 19.50 20.76 19.23 11.54 14.94 15.05 15.79 15.77 -9999 -9999 -9999 -9999 -9999 15.54 17.22 19.23 26.39 21.59 19.86 17.89 -9999 -9999 -9999 -9999 -9999 -9999 -9999 -9999 -9999 -9999 -9999 -9999 -9999 -9999 -9999 -9999 -9999 -9999 -9999 -9999 -9999
-9999 -9999 -9999 41.52 46.38 50.25 49.62 44.60 38.96 36.07 34.57 36.99 39.02 45.41 61.14 43.31 42.00 42.05 40.44 43.12 38.48 33.69 29.05 24.87 17.86 -9999 -9999 -9999 -9999 -9999 -9999 -9999 -9999 -9999 17.07 17.43 15.90 17.00 18.74 16.16 15.55 18.01 18.10 16.10 -9999 -9999 -9999 -9999 -9999 -9999 -9999 12.91 21.80 18.40 15.73 -9999 -9999 -9999 -9999 -9999 -9999 -9999 -9999 -9999 -9999 -9999 -9999 -9999 -9999 -9999 -9999 -9999 -9999 -9999 -9999 -9999 -9999
37.09 36.19 36.89 43.09 48.87 48.03 52.50 45.94 45.81 46.26 42.37 47.11 48.12 46.98 58.96 58.42 46.67 47.40 49.52 36.43 38.46 37.11 28.89 -9999 -9999 -9999 -9999 -9999 -9999 -9999 -9999 -9999 -9999 -9999 -9999 -9999 12.43 -9999 -9999 -9999 -9999 15.80 19.07 16.37 -9999 -9999 -9999 -9999 -9999 -9999 -9999 -9999 17.04 20.75 16.58 -9999 -9999 -9999 -9999 -9999 -9999 -9999 -9999 -9999 -9999 -9999 -9999 -9999 -9999 -9999 -9999 -9999 -9999 -9999 -9999 -9999 -9999
39.19 39.20 40.04 42.64 50.62 59.70 51.20 59.08 61.85 57.19 54.25 53.37 48.47 48.86 54.52 48.54 45.47 38.45 50.57 33.89 30.05 30.52 -9999 -9999 -9999 -9999 -9999 -9999 -9999 -9999 -9999 -9999 -9999 -9999 -9999 -9999 18.29 -9999 -9999 -9999 -9999 -9999 -9999 -9999 -9999 -9999 -9999 -9999 -9999 -9999 -9999 -9999 -9999 -9999 -9999 -9999 -9999 -9999 -9999 -9999 -9999 -9999 -9999 -9999 -9999 -9999 -9999 -9999 -9999 -9999 -9999 -9999 -9999 -9999 -9999 -9999 -9999
40.24 44.48 46.24 39.38 55.76 59.92 53.82 59.08 57.23 54.51 59.36 52.52 44.39 52.10 50.73 52.72 45.45 41.55 36.34 30.80 28.56 27.11 -9999 -9999 -9999 -9999 -9999 -9999 -9999 -9999 -9999 -9999 -9999 -9999 -9999 -9999 -9999 -9999 -9999 -9999 -9999 -9999 -9999 -9999 -9999 -9999 -9999 -9999 -9999 -9999 -9999 -9999 -9999 -9999 -9999 -9999 -9999 -9999 -9999 -9999 -9999 -9999 -9999 -9999 -9999 -9999 -9999 -9999 -9999 -9999 -9999 -9999 -9999 -9999 -9999 -9999 -9999
35.43 44.76 52.34 48.54 60.69 59.51 57.50 65.16 61.46 55.98 58.62 48.44 50.07 47.59 56.79 50.75 57.25 43.05 32.96 28.52 26.53 19.59 -9999 -9999 -9999 -9999 -9999 -9999 -9999 -9999 -9999 -9999 -9999 -9999 -9999 -9999 -9999 -9999 -9999 -9999 -9999 -9999 -9999 -9999 -9999 -9999 -9999 -9999 -9999 -9999 -9999 -9999 -9999 -9999 -9999 -9999 -9999 -9999 -9999 -9999 -9999 -9999 -9999 -9999 -9999 -9999 -9999 -9999 -9999 -9999 -9999 -9999 -9999 -9999 -9999 -9999 -9999
