Rainfall_2007-2011/Rainfall_2009-12_ACTUAL.txt
ncols         180
nrows         290
xllcorner     -200000
yllcorner     -200000
cellsize      5000
NODATA_value  -9999
[rows 136 to 169 of 290, columns 76 to 151 of 180]
-9999 -9999 -9999 130.49 144.76 151.23 183.84 184.74 211.00 185.06 127.58 137.91 149.82 166.47 212.24 183.99 157.59 130.28 123.07 118.72 126.67 121.76 130.72 127.66 130.25 95.84 79.32 85.22 94.21 93.13 91.70 96.11 93.42 103.29 110.64 96.36 85.87 87.48 86.60 89.19 83.85 54.74 57.22 96.07 85.43 64.00 75.53 72.78 70.61 67.15 71.42 87.74 -9999 -9999 -9999 -9999 -9999 -9999 -9999 -9999 -9999 -9999 -9999 -9999 -9999 -9999 -9999 -9999 -9999 -9999 -9999 -9999 -9999 -9999 -9999 -9999
-9999 -9999 -9999 130.28 144.53 138.55 159.46 148.40 146.25 118.76 91.30 112.81 122.18 150.01 170.37 147.35 137.21 129.60 127.82 120.12 129.31 132.83 160.91 138.86 -9999 -9999 -9999 86.60 93.41 -9999 87.40 102.85 99.07 109.10 102.85 104.26 115.21 86.38 78.59 91.94 81.95 75.89 76.03 75.50 73.37 79.23 71.14 82.38 59.13 57.81 65.13 65.14 -9999 -9999 -9999 -9999 -9999 -9999 -9999 -9999 -9999 -9999 -9999 -9999 -9999 -9999 -9999 -9999 -9999 -9999 -9999 -9999 -9999 -9999 -9999 -9999
-9999 -9999 -9999 118.17 140.83 127.62 133.69 140.51 130.52 109.76 94.81 102.68 126.77 133.41 161.23 127.60 130.71 129.71 124.52 137.46 117.98 116.84 119.77 124.22 -9999 -9999 -9999 93.48 91.68 90.05 88.21 94.27 95.47 99.21 115.40 126.93 144.15 100.75 107.01 93.25 71.76 93.62 88.03 88.47 83.65 102.12 82.96 85.14 96.02 78.56 67.63 64.88 -9999 -9999 -9999 -9999 -9999 -9999 -9999 -9999 -9999 -9999 -9999 -9999 -9999 -9999 -9999 -9999 -9999 -9999 -9999 -9999 -9999 -9999 -9999 -9999
-9999 -9999 -9999 -9999 120.15 123.60 118.83 -9999 130.06 119.16 109.23 113.48 126.03 -9999 128.30 123.08 142.61 110.06 111.21 132.50 121.20 108.07 -9999 -9999 -9999 -9999 94.01 94.40 90.67 84.10 81.71 81.06 86.60 100.19 120.57 131.49 152.86 101.58 136.07 114.97 108.08 103.53 115.03 130.68 86.25 93.13 105.72 97.90 88.33 74.98 69.99 69.85 61.61 -9999 -9999 -9999 -9999 -9999 -9999 -9999 -9999 -9999 -9999 -9999 -9999 -9999 -9999 -9999 -9999 -9999 -9999 -9999 -9999 -9999 -9999 -9999
-9999 -9999 -9999 -9999 -9999 106.12 -9999 -9999 -9999 109.92 104.06 117.21 131.65 112.29 -9999 -9999 111.93 78.54 106.89 128.82 -9999 -9999 -9999 -9999 -9999 113.45 102.04 84.38 95.47 89.70 85.48 85.36 91.44 102.82 109.09 125.34 138.71 144.48 140.55 146.20 139.15 135.41 150.26 163.59 99.36 100.84 84.73 113.95 97.32 74.10 78.80 75.29 70.54 -9999 -9999 -9999 -9999 -9999 -9999 -9999 -9999 -9999 -9999 -9999 -9999 -9999 -9999 -9999 -9999 -9999 -9999 -9999 -9999 -9999 -9999 -9999
-9999 -9999 -9999 -9999 -9999 96.63 90.88 -9999 -9999 -9999 92.82 111.66 127.05 114.30 -9999 -9999 -9999 -9999 97.80 -9999 -9999 -9999 -9999 -9999 -9999 93.56 99.11 105.75 106.14 110.37 102.59 97.89 90.07 90.02 109.36 111.72 131.54 115.57 133.83 183.40 154.57 155.87 130.24 116.83 109.22 107.08 88.31 101.17 87.37 71.92 74.13 79.55 71.57 -9999 -9999 -9999 -9999 -9999 -9999 -9999 -9999 -9999 -9999 -9999 -9999 -9999 -9999 -9999 -9999 -9999 -9999 -9999 -9999 -9999 -9999 -9999
-9999 -9999 -9999 -9999 -9999 -9999 99.88 -9999 -9999 -9999 -9999 110.43 122.30 112.25 -9999 -9999 -9999 -9999 -9999 -9999 -9999 -9999 -9999 -9999 100.14 97.05 116.28 127.42 135.10 130.77 128.18 116.44 70.51 91.22 91.83 119.23 143.37 170.48 167.46 168.46 165.80 137.51 127.24 114.58 98.03 82.37 96.15 100.54 82.25 80.48 82.34 83.41 74.67 64.61 -9999 -9999 -9999 -9999 -9999 -9999 -9999 -9999 -9999 -9999 -9999 -9999 -9999 -9999 -9999 -9999 -9999 -9999 -9999 -9999 -9999 -9999
-9999 -9999 -9999 -9999 -9999 -9999 108.67 -9999 -9999 -9999 -9999 -9999 -9999 -9999 -9999 -9999 -9999 -9999 -9999 -9999 -9999 -9999 -9999 -9999 111.17 89.01 112.18 135.03 117.65 143.97 133.62 134.10 127.28 94.13 100.23 87.69 103.56 164.62 169.86 200.99 195.39 181.41 171.65 113.26 103.53 102.76 78.67 86.96 81.71 101.12 98.51 91.14 80.26 65.55 52.79 -9999 -9999 -9999 -9999 -9999 -9999 -9999 -9999 -9999 -9999 -9999 -9999 -9999 -9999 -9999 -9999 -9999 -9999 -9999 -9999 -9999
-9999 -9999 -9999 -9999 -9999 -9999 -9999 -9999 -9999 -9999 -9999 -9999 -9999 -9999 -9999 -9999 -9999 -9999 -9999 -9999 -9999 -9999 -9999 93.23 121.57 124.98 123.46 159.64 146.70 209.21 190.10 136.92 112.28 116.66 90.72 104.18 81.12 124.49 192.19 186.66 169.27 140.54 139.27 112.60 95.24 91.53 85.29 85.07 75.71 77.63 82.64 87.09 80.81 66.50 57.80 -9999 -9999 -9999 -9999 -9999 -9999 -9999 -9999 -9999 -9999 -9999 -9999 -9999 -9999 -9999 -9999 -9999 -9999 -9999 -9999 -9999
-9999 -9999 -9999 -9999 -9999 -9999 -9999 -9999 -9999 -9999 -9999 -9999 -9999 -9999 -9999 -9999 -9999 -9999 -9999 -9999 -9999 -9999 -9999 105.70 115.91 128.32 152.98 207.58 184.42 154.68 188.29 178.96 158.71 143.76 105.42 106.32 95.18 106.65 120.69 176.00 157.24 137.58 105.04 93.14 74.59 77.85 93.17 72.22 80.87 68.35 79.45 76.33 77.38 71.42 67.37 69.84 70.28 62.23 -9999 -9999 -9999 -9999 -9999 -9999 -9999 -9999 -9999 -9999 -9999 -9999 -9999 -9999 -9999 -9999 -9999 -9999
-9999 -9999 -9999 -9999 -9999 -9999 -9999 -9999 -9999 -9999 -9999 -9999 -9999 -9999 -9999 -9999 -9999 -9999 -9999 -9999 -9999 -9999 -9999 100.62 122.55 153.48 160.95 205.34 243.26 238.51 247.73 256.49 213.50 200.63 161.48 130.92 120.06 86.83 81.44 119.09 92.20 114.38 99.28 80.83 64.91 73.13 68.29 60.52 66.48 70.36 69.66 70.63 76.27 75.14 82.41 105.85 85.36 89.60 78.10 70.01 -9999 -9999 -9999 -9999 -9999 -9999 -9999 -9999 -9999 -9999 -9999 -9999 -9999 -9999 -9999 -9999
-9999 -9999 -9999 -9999 -9999 -9999 -9999 -9999 -9999 -9999 -9999 -9999 -9999 -9999 -9999 -9999 -9999 -9999 -9999 -9999 -9999 -9999 -9999 106.59 152.52 203.38 279.09 279.55 349.07 256.22 229.25 271.24 272.67 248.59 227.42 198.37 141.42 107.66 100.40 100.39 90.76 109.80 99.55 83.93 81.23 71.52 64.75 72.58 66.67 64.20 68.68 69.69 68.45 78.58 91.87 100.92 135.79 116.34 111.79 108.95 114.12 81.46 -9999 -9999 -9999 -9999 -9999 -9999 -9999 -9999 -9999 -9999 -9999 -9999 -9999 -9999
-9999 -9999 -9999 -9999 -9999 -9999 -9999 -9999 -9999 -9999 -9999 -9999 -9999 -9999 -9999 -9999 -9999 -9999 -9999 -9999 -9999 -9999 -9999 111.66 137.31 176.20 228.04 237.35 330.99 395.98 285.30 284.24 227.17 245.32 240.53 188.49 145.66 124.46 112.17 102.66 148.09 125.57 117.33 114.03 117.13 99.90 72.90 77.79 69.61 68.53 72.06 75.12 79.62 83.93 102.36 88.01 134.89 90.21 114.39 108.38 112.62 84.73 102.91 -9999 -9999 -9999 -9999 -9999 -9999 -9999 -9999 -9999 -9999 -9999 -9999 -9999
-9999 -9999 -9999 -9999 -9999 -9999 -9999 -9999 -9999 -9999 -9999 118.15 102.62 95.73 -9999 -9999 -9999 -9999 -9999 -9999 -9999 -9999 -9999 -9999 122.02 130.75 172.80 231.35 239.85 289.99 244.27 200.45 197.41 207.16 185.51 174.25 173.25 154.23 136.23 150.43 150.04 121.64 135.24 119.53 96.45 96.16 101.35 89.29 73.70 77.86 73.25 80.01 85.83 100.38 150.79 124.28 161.17 149.35 144.75 133.76 97.80 114.33 112.47 90.00 -9999 -9999 -9999 -9999 -9999 -9999 -9999 -9999 -9999 -9999 -9999 -9999
-9999 -9999 -9999 -9999 -9999 -9999 -9999 -9999 -9999 -9999 -9999 122.15 106.29 -9999 -9999 -9999 -9999 -9999 -9999 -9999 -9999 -9999 -9999 -9999 -9999 135.69 177.33 256.76 243.46 278.79 208.62 207.08 172.65 169.00 148.10 149.32 135.38 184.01 147.01 162.90 171.43 138.45 100.91 104.68 117.46 84.04 108.06 82.08 65.29 71.30 78.59 82.62 98.57 126.81 150.65 143.50 133.84 110.08 126.81 125.34 110.78 118.88 113.85 121.91 -9999 -9999 -9999 -9999 -9999 -9999 -9999 -9999 -9999 -9999 -9999 -9999
-9999 -9999 -9999 -9999 -9999 -9999 -9999 -9999 -9999 -9999 140.15 162.22 147.68 141.14 -9999 -9999 -9999 -9999 -9999 -9999 -9999 -9999 -9999 -9999 -9999 113.79 162.79 235.02 222.60 170.96 190.26 159.79 152.87 154.17 139.62 127.49 127.46 127.73 169.44 143.46 148.28 154.33 130.51 133.50 111.12 117.98 102.52 69.70 65.46 73.86 85.73 95.02 110.20 124.53 115.19 136.24 140.33 126.66 132.96 111.92 99.17 122.29 110.42 129.99 104.51 -9999 -9999 -9999 -9999 -9999 -9999 -9999 -9999 -9999 -9999 -9999
-9999 -9999 -9999 -9999 -9999 -9999 -9999 -9999 -9999 138.07 189.04 207.13 187.38 143.70 -9999 -9999 -9999 -9999 -9999 -9999 -9999 -9999 -9999 -9999 -9999 122.44 156.81 195.00 154.70 173.94 159.78 150.87 141.48 123.50 126.80 125.15 120.65 171.97 164.04 152.67 132.16 156.06 124.75 117.96 101.24 114.33 101.63 77.67 74.36 77.46 78.04 81.88 85.99 104.61 113.31 118.18 111.15 106.67 98.65 115.78 114.13 124.85 103.77 109.46 102.57 -9999 -9999 -9999 -9999 -9999 -9999 -9999 -9999 -9999 -9999 -9999
-9999 -9999 -9999 -9999 -9999 -9999 -9999 -9999 119.78 132.34 195.10 172.74 145.15 -9999 -9999 -9999 -9999 -9999 -9999 -9999 -9999 -9999 -9999 -9999 -9999 -9999 150.21 164.40 141.01 170.71 145.97 117.22 101.82 103.82 95.72 112.07 108.09 145.32 161.37 153.04 151.96 152.60 160.63 164.36 145.30 128.00 116.28 101.17 74.32 73.80 66.32 63.72 69.14 77.33 104.68 101.24 86.30 82.66 83.77 80.00 84.57 85.90 107.04 92.48 90.30 95.40 85.00 -9999 -9999 -9999 -9999 -9999 -9999 -9999 -9999 -9999
-9999 -9999 -9999 -9999 -9999 -9999 -9999 -9999 148.68 162.41 151.41 126.16 130.50 -9999 -9999 -9999 -9999 -9999 -9999 -9999 -9999 -9999 -9999 -9999 -9999 -9999 -9999 132.09 121.75 126.12 121.35 106.13 92.42 90.30 90.29 109.65 96.48 133.20 142.55 141.81 155.90 151.57 155.33 173.71 150.92 96.38 122.71 101.65 81.50 67.44 60.20 62.03 60.69 73.85 84.06 75.92 69.65 81.95 77.77 77.94 70.67 73.17 94.38 93.77 88.31 104.54 92.15 -9999 -9999 -9999 -9999 -9999 -9999 -9999 -9999 -9999
-9999 -9999 -9999 -9999 -9999 -9999 -9999 -9999 141.91 134.50 93.21 117.30 -9999 -9999 -9999 -9999 -9999 -9999 -9999 -9999 -9999 -9999 -9999 -9999 -9999 -9999 -9999 107.00 119.23 124.06 -9999 100.29 -9999 78.65 78.91 86.38 86.25 93.79 98.17 134.91 167.30 244.18 161.38 155.63 160.45 148.06 114.76 79.13 91.13 71.95 67.35 60.51 56.90 66.01 75.44 80.09 86.50 78.75 90.82 86.21 73.60 80.74 99.62 98.77 84.16 83.04 92.13 89.73 80.20 -9999 -9999 -9999 -9999 -9999 -9999 -9999
-9999 -9999 -9999 -9999 -9999 -9999 -9999 103.22 107.65 92.81 -9999 -9999 -9999 -9999 -9999 -9999 -9999 -9999 -9999 -9999 -9999 -9999 -9999 -9999 -9999 -9999 -9999 98.46 103.67 103.37 -9999 -9999 -9999 76.07 92.06 79.21 91.91 90.93 105.43 107.10 107.26 164.08 163.38 128.06 131.90 127.42 116.31 101.18 89.96 74.38 62.76 62.37 58.15 56.63 59.10 69.71 74.92 77.16 94.46 94.31 92.77 89.12 103.85 110.66 111.68 100.83 86.44 79.13 72.43 -9999 -9999 -9999 -9999 -9999 -9999 -9999
-9999 -9999 -9999 -9999 -9999 -9999 -9999 -9999 -9999 -9999 -9999 -9999 -9999 -9999 -9999 -9999 -9999 -9999 -9999 -9999 -9999 -9999 -9999 -9999 -9999 -9999 -9999 -9999 -9999 -9999 -9999 -9999 77.34 78.59 91.62 113.68 130.28 136.17 129.33 109.31 117.09 136.32 116.26 106.81 93.75 98.81 95.49 87.22 76.58 65.47 65.58 62.16 61.95 62.98 61.75 65.96 67.51 72.34 87.91 101.34 122.08 102.25 108.03 102.74 103.84 96.66 89.77 83.22 -9999 -9999 -9999 -9999 -9999 -9999 -9999 -9999
-9999 -9999 -9999 -9999 -9999 -9999 -9999 -9999 -9999 -9999 -9999 -9999 -9999 -9999 -9999 -9999 -9999 -9999 -9999 -9999 -9999 -9999 -9999 -9999 -9999 -9999 -9999 -9999 -9999 -9999 -9999 -9999 76.80 93.20 91.83 131.37 155.38 131.97 133.91 109.13 88.35 91.17 73.35 85.72 111.14 98.60 88.91 87.85 77.31 65.46 61.13 57.10 60.80 60.47 62.83 70.36 66.64 72.97 87.71 96.85 127.00 116.35 98.14 93.85 78.46 83.61 90.62 86.97 -9999 -9999 -9999 -9999 -9999 -9999 -9999 -9999
-9999 -9999 -9999 -9999 -9999 -9999 -9999 -9999 -9999 -9999 -9999 -9999 -9999 -9999 -9999 -9999 -9999 -9999 -9999 -9999 -9999 -9999 -9999 -9999 -9999 -9999 -9999 -9999 -9999 -9999 -9999 -9999 71.30 78.84 99.82 130.72 157.48 148.16 122.77 99.65 90.58 90.65 71.40 76.91 73.01 72.63 82.78 71.34 79.61 63.64 57.95 53.96 57.02 59.55 68.19 77.73 65.45 72.08 85.08 93.25 114.72 113.41 97.39 87.34 74.54 82.68 95.91 91.44 -9999 -9999 -9999 -9999 -9999 -9999 -9999 -9999
-9999 -9999 -9999 -9999 -9999 -9999 -9999 -9999 -9999 -9999 -9999 -9999 -9999 -9999 -9999 -9999 -9999 -9999 -9999 -9999 -9999 -9999 -9999 -9999 -9999 -9999 -9999 -9999 -9999 -9999 74.22 77.22 71.69 78.87 97.85 125.39 154.31 123.37 124.03 91.39 96.94 78.87 70.34 77.67 57.57 65.67 72.43 59.78 60.07 57.11 50.35 56.20 57.09 61.33 67.19 65.32 62.49 71.94 77.24 86.87 99.83 106.76 92.69 86.20 78.04 81.22 86.76 88.74 89.25 -9999 -9999 -9999 -9999 -9999 -9999 -9999
-9999 -9999 -9999 -9999 -9999 -9999 -9999 -9999 -9999 -9999 -9999 -9999 -9999 -9999 -9999 -9999 -9999 -9999 -9999 -9999 -9999 -9999 -9999 -9999 -9999 -9999 -9999 -9999 -9999 -9999 91.84 90.24 80.80 85.75 92.11 109.49 98.48 100.36 91.68 93.48 112.28 64.37 80.10 79.01 76.88 50.60 64.61 54.34 67.33 69.77 66.40 57.18 65.34 62.65 62.19 66.51 65.38 66.11 67.68 78.94 91.83 95.35 93.26 83.25 74.28 83.01 81.50 84.95 88.90 -9999 -9999 -9999 -9999 -9999 -9999 -9999
-9999 -9999 -9999 -9999 -9999 -9999 -9999 -9999 -9999 -9999 -9999 -9999 -9999 -9999 -9999 -9999 -9999 -9999 -9999 -9999 -9999 -9999 -9999 -9999 -9999 -9999 -9999 -9999 -9999 -9999 90.08 86.66 82.53 91.84 89.51 89.92 87.61 88.44 85.76 81.45 95.30 87.29 79.25 112.17 64.21 61.27 55.70 61.16 61.81 63.06 64.41 64.04 62.46 63.64 60.05 76.77 72.10 65.00 65.04 72.14 86.86 88.98 88.24 83.00 59.89 75.72 76.25 81.16 83.24 82.81 -9999 -9999 -9999 -9999 -9999 -9999
-9999 -9999 -9999 -9999 -9999 -9999 -9999 -9999 -9999 -9999 -9999 -9999 -9999 -9999 -9999 -9999 -9999 -9999 -9999 -9999 -9999 -9999 -9999 -9999 -9999 -9999 -9999 -9999 -9999 -9999 90.47 86.50 79.88 84.65 76.21 79.94 80.18 83.52 86.08 77.91 94.02 85.88 103.99 112.27 80.63 69.96 64.29 61.63 76.37 62.72 60.73 62.71 63.59 60.99 65.99 69.25 65.33 62.04 62.83 65.25 70.07 78.31 86.76 87.93 76.45 60.61 71.32 77.92 88.57 89.59 76.40 -9999 -9999 -9999 -9999 -9999
-9999 -9999 -9999 -9999 -9999 -9999 -9999 -9999 -9999 -9999 -9999 -9999 -9999 -9999 -9999 -9999 -9999 -9999 -9999 -9999 -9999 -9999 -9999 -9999 -9999 -9999 -9999 -9999 -9999 -9999 86.15 83.88 75.99 74.89 79.17 81.66 93.33 82.63 91.46 79.42 90.38 116.08 121.62 107.03 92.64 65.44 66.04 63.18 71.02 67.25 62.49 58.68 56.80 58.03 61.30 63.08 61.44 58.06 63.10 63.26 63.52 68.45 79.22 83.73 70.92 50.52 60.38 74.50 73.77 71.93 75.15 -9999 -9999 -9999 -9999 -9999
-9999 -9999 -9999 -9999 -9999 -9999 -9999 -9999 -9999 -9999 -9999 -9999 -9999 -9999 -9999 -9999 -9999 -9999 -9999 -9999 -9999 -9999 -9999 -9999 -9999 -9999 -9999 -9999 -9999 -9999 -9999 82.78 80.84 77.31 103.84 82.35 95.67 94.51 118.68 104.86 102.89 121.24 115.75 112.50 105.11 70.88 64.82 67.22 60.47 70.74 62.16 59.17 59.43 58.62 63.69 65.26 59.15 59.93 64.44 63.37 60.75 59.18 72.01 74.39 68.56 63.04 64.47 -9999 70.45 70.29 80.01 81.59 -9999 -9999 -9999 -9999
-9999 -9999 -9999 -9999 -9999 -9999 -9999 -9999 -9999 -9999 -9999 -9999 -9999 -9999 -9999 -9999 -9999 -9999 -9999 -9999 -9999 -9999 -9999 -9999 -9999 -9999 -9999 -9999 -9999 -9999 93.52 81.31 86.44 81.39 86.27 89.77 95.08 113.02 102.06 125.18 110.21 117.68 117.61 116.72 114.49 111.53 83.36 65.78 67.15 63.32 62.02 59.82 55.85 55.22 65.66 59.93 57.06 59.27 61.82 62.04 59.48 67.19 67.67 68.70 75.97 71.94 67.16 65.86 -9999 70.73 73.03 72.24 77.29 -9999 -9999 -9999
-9999 -9999 -9999 -9999 -9999 -9999 -9999 -9999 -9999 -9999 -9999 -9999 -9999 -9999 -9999 -9999 -9999 -9999 -9999 -9999 -9999 -9999 -9999 -9999 -9999 -9999 -9999 -9999 -9999 -9999 88.68 82.17 83.70 88.74 87.24 95.12 89.26 88.91 93.01 95.90 101.98 109.53 98.91 104.60 113.65 114.69 94.68 83.97 59.12 54.92 67.63 62.48 63.83 70.87 62.61 56.44 56.66 58.44 64.33 61.42 57.70 59.86 67.21 68.14 67.98 69.98 72.34 70.88 68.88 -9999 -9999 -9999 -9999 -9999 -9999 -9999
-9999 -9999 -9999 -9999 -9999 -9999 -9999 -9999 -9999 -9999 -9999 -9999 -9999 -9999 -9999 -9999 -9999 -9999 -9999 -9999 -9999 -9999 -9999 -9999 -9999 -9999 -9999 -9999 -9999 84.87 77.68 79.19 88.49 85.85 73.43 87.79 88.03 86.82 84.93 77.42 79.11 91.79 103.34 115.33 130.94 126.04 122.03 112.04 77.42 64.85 55.64 60.75 64.05 69.42 61.00 55.69 56.13 52.47 64.44 66.15 61.64 63.83 68.90 70.56 72.21 76.86 78.45 83.27 77.81 68.79 74.54 -9999 -9999 -9999 -9999 -9999
-9999 -9999 -9999 -9999 -9999 -9999 -9999 -9999 -9999 -9999 -9999 -9999 -9999 -9999 -9999 -9999 -9999 -9999 -9999 -9999 -9999 -9999 -9999 -9999 -9999 -9999 -9999 -9999 -9999 -9999 85.69 82.24 87.48 79.43 82.30 78.30 79.24 75.99 76.07 75.61 63.55 78.74 88.02 106.57 134.52 147.78 159.56 129.13 97.09 83.40 65.73 71.44 61.29 53.51 58.71 57.66 57.08 57.48 62.77 62.35 63.31 70.66 68.24 66.97 71.32 81.56 82.36 77.92 77.75 70.46 63.93 63.49 66.71 -9999 -9999 -9999
