Rainfall_2007-2011/Rainfall_2010-01_ACTUAL.txt
ncols         180
nrows         290
xllcorner     -200000
yllcorner     -200000
cellsize      5000
NODATA_value  -9999
[rows 136 to 169 of 290, columns 76 to 151 of 180]
-9999 -9999 -9999 104.49 106.20 107.04 124.64 114.98 113.35 103.27 91.00 89.05 97.84 108.86 141.83 112.23 94.38 72.56 68.94 58.62 60.12 60.67 68.46 63.87 65.99 55.56 56.57 55.18 47.44 43.32 43.85 46.63 40.61 46.94 44.76 45.69 48.44 49.88 50.97 52.34 54.31 39.13 44.96 60.49 51.95 50.94 56.82 49.84 33.65 49.52 62.45 68.82 -9999 -9999 -9999 -9999 -9999 -9999 -9999 -9999 -9999 -9999 -9999 -9999 -9999 -9999 -9999 -9999 -9999 -9999 -9999 -9999 -9999 -9999 -9999 -9999
-9999 -9999 -9999 113.35 112.76 100.92 115.97 99.56 98.25 97.00 90.33 84.94 85.20 97.37 107.72 93.83 80.41 60.03 46.16 43.69 59.17 59.30 72.46 62.99 -9999 -9999 -9999 43.39 44.29 -9999 34.40 32.27 38.68 46.15 46.41 47.48 55.77 45.42 42.48 54.52 49.21 35.83 40.12 40.09 35.87 40.01 47.26 56.32 43.08 50.15 57.80 62.59 -9999 -9999 -9999 -9999 -9999 -9999 -9999 -9999 -9999 -9999 -9999 -9999 -9999 -9999 -9999 -9999 -9999 -9999 -9999 -9999 -9999 -9999 -9999 -9999
-9999 -9999 -9999 112.53 126.74 89.32 86.09 92.05 91.37 90.99 88.77 83.35 88.65 87.95 98.45 79.16 77.39 57.86 45.38 50.17 52.41 43.20 44.59 49.84 -9999 -9999 -9999 37.02 41.02 40.09 30.30 24.25 30.16 39.90 49.54 58.26 67.32 54.11 56.40 56.54 44.74 56.33 58.93 55.16 46.11 54.33 47.21 47.36 58.89 63.95 55.26 57.65 -9999 -9999 -9999 -9999 -9999 -9999 -9999 -9999 -9999 -9999 -9999 -9999 -9999 -9999 -9999 -9999 -9999 -9999 -9999 -9999 -9999 -9999 -9999 -9999
-9999 -9999 -9999 -9999 113.63 89.47 76.85 -9999 94.03 91.04 85.88 85.32 92.01 -9999 76.18 62.32 69.16 56.16 47.61 43.51 41.85 33.73 -9999 -9999 -9999 -9999 30.45 29.31 34.34 27.51 24.67 27.72 30.60 38.28 50.52 69.68 79.27 60.90 84.42 75.56 69.71 67.45 73.87 85.83 74.40 58.37 54.48 43.64 49.24 57.99 58.40 57.79 57.21 -9999 -9999 -9999 -9999 -9999 -9999 -9999 -9999 -9999 -9999 -9999 -9999 -9999 -9999 -9999 -9999 -9999 -9999 -9999 -9999 -9999 -9999 -9999
-9999 -9999 -9999 -9999 -9999 101.48 -9999 -9999 -9999 84.30 79.52 84.04 84.73 81.43 -9999 -9999 53.74 47.26 44.69 45.09 -9999 -9999 -9999 -9999 -9999 22.63 29.86 34.87 36.83 30.94 27.52 32.74 40.64 45.52 48.77 59.62 71.25 96.60 91.97 88.74 85.97 97.91 95.31 110.07 93.34 77.75 41.60 58.04 62.15 60.90 63.52 68.14 68.92 -9999 -9999 -9999 -9999 -9999 -9999 -9999 -9999 -9999 -9999 -9999 -9999 -9999 -9999 -9999 -9999 -9999 -9999 -9999 -9999 -9999 -9999 -9999
-9999 -9999 -9999 -9999 -9999 100.09 92.87 -9999 -9999 -9999 72.25 81.81 84.30 83.85 -9999 -9999 -9999 -9999 41.82 -9999 -9999 -9999 -9999 -9999 -9999 26.46 34.14 45.11 47.61 46.55 43.93 44.46 47.65 42.20 49.17 50.49 60.29 94.71 89.15 95.90 88.60 95.51 82.43 104.64 107.28 59.02 44.13 65.42 55.90 64.97 59.99 63.34 53.71 -9999 -9999 -9999 -9999 -9999 -9999 -9999 -9999 -9999 -9999 -9999 -9999 -9999 -9999 -9999 -9999 -9999 -9999 -9999 -9999 -9999 -9999 -9999
-9999 -9999 -9999 -9999 -9999 -9999 101.08 -9999 -9999 -9999 -9999 75.72 78.59 65.30 -9999 -9999 -9999 -9999 -9999 -9999 -9999 -9999 -9999 -9999 35.43 30.49 42.48 43.33 56.98 59.13 58.34 51.19 25.15 33.41 42.42 56.67 73.21 100.54 105.52 110.81 95.62 76.80 73.55 82.71 67.97 48.04 57.48 65.59 58.78 58.57 51.00 63.77 60.04 52.92 -9999 -9999 -9999 -9999 -9999 -9999 -9999 -9999 -9999 -9999 -9999 -9999 -9999 -9999 -9999 -9999 -9999 -9999 -9999 -9999 -9999 -9999
-9999 -9999 -9999 -9999 -9999 -9999 108.65 -9999 -9999 -9999 -9999 -9999 -9999 -9999 -9999 -9999 -9999 -9999 -9999 -9999 -9999 -9999 -9999 -9999 42.42 37.26 44.44 46.32 49.99 71.80 91.24 47.41 43.10 35.88 35.22 48.81 45.99 75.45 89.28 137.19 118.69 114.09 110.28 81.00 74.59 64.49 49.55 54.39 58.26 60.94 52.22 60.71 59.62 56.37 49.90 -9999 -9999 -9999 -9999 -9999 -9999 -9999 -9999 -9999 -9999 -9999 -9999 -9999 -9999 -9999 -9999 -9999 -9999 -9999 -9999 -9999
-9999 -9999 -9999 -9999 -9999 -9999 -9999 -9999 -9999 -9999 -9999 -9999 -9999 -9999 -9999 -9999 -9999 -9999 -9999 -9999 -9999 -9999 -9999 42.41 45.60 48.71 57.48 71.89 64.89 106.28 97.65 66.35 36.49 42.76 35.36 46.50 34.76 53.22 98.53 120.50 125.59 89.56 86.97 79.95 72.87 72.11 60.25 47.39 52.83 52.36 52.70 58.89 57.54 51.67 48.88 -9999 -9999 -9999 -9999 -9999 -9999 -9999 -9999 -9999 -9999 -9999 -9999 -9999 -9999 -9999 -9999 -9999 -9999 -9999 -9999 -9999
-9999 -9999 -9999 -9999 -9999 -9999 -9999 -9999 -9999 -9999 -9999 -9999 -9999 -9999 -9999 -9999 -9999 -9999 -9999 -9999 -9999 -9999 -9999 44.35 44.03 61.59 78.48 108.93 86.36 75.98 95.33 92.38 67.96 59.27 47.92 45.30 40.09 45.75 59.87 101.92 101.42 91.59 73.67 66.40 64.53 54.36 53.89 44.61 54.21 50.24 56.55 50.93 54.46 54.62 58.15 65.98 72.46 51.99 -9999 -9999 -9999 -9999 -9999 -9999 -9999 -9999 -9999 -9999 -9999 -9999 -9999 -9999 -9999 -9999 -9999 -9999
-9999 -9999 -9999 -9999 -9999 -9999 -9999 -9999 -9999 -9999 -9999 -9999 -9999 -9999 -9999 -9999 -9999 -9999 -9999 -9999 -9999 -9999 -9999 44.37 55.11 76.10 97.29 125.82 110.45 124.35 139.62 101.08 89.22 86.01 63.03 53.62 44.66 36.18 40.46 75.47 90.06 84.26 67.71 56.83 55.98 48.09 49.30 44.79 49.64 52.41 42.67 45.19 53.64 64.94 73.16 94.78 76.39 77.38 73.63 57.73 -9999 -9999 -9999 -9999 -9999 -9999 -9999 -9999 -9999 -9999 -9999 -9999 -9999 -9999 -9999 -9999
-9999 -9999 -9999 -9999 -9999 -9999 -9999 -9999 -9999 -9999 -9999 -9999 -9999 -9999 -9999 -9999 -9999 -9999 -9999 -9999 -9999 -9999 -9999 40.97 68.65 99.13 140.67 164.64 198.31 141.69 149.51 118.25 119.09 92.96 86.26 59.70 63.53 47.10 45.04 58.72 63.87 83.03 84.23 66.83 58.39 49.69 49.54 54.43 55.08 54.40 37.88 43.24 45.20 60.10 78.29 82.11 110.70 85.53 87.40 84.87 85.80 77.65 -9999 -9999 -9999 -9999 -9999 -9999 -9999 -9999 -9999 -9999 -9999 -9999 -9999 -9999
-9999 -9999 -9999 -9999 -9999 -9999 -9999 -9999 -9999 -9999 -9999 -9999 -9999 -9999 -9999 -9999 -9999 -9999 -9999 -9999 -9999 -9999 -9999 45.69 64.00 86.64 112.15 138.12 185.48 164.95 120.37 121.46 109.93 112.83 92.15 75.67 83.91 66.09 48.05 52.34 92.30 86.30 86.38 88.87 82.63 70.26 51.62 54.81 50.39 47.68 45.12 48.13 54.18 58.88 65.72 79.50 115.21 75.90 121.26 94.00 92.09 78.62 83.45 -9999 -9999 -9999 -9999 -9999 -9999 -9999 -9999 -9999 -9999 -9999 -9999 -9999
-9999 -9999 -9999 -9999 -9999 -9999 -9999 -9999 -9999 -9999 -9999 106.48 89.50 69.57 -9999 -9999 -9999 -9999 -9999 -9999 -9999 -9999 -9999 -9999 56.01 59.29 83.36 125.89 131.02 146.47 118.35 89.79 112.48 104.90 104.14 89.94 66.81 78.44 69.50 75.23 90.58 84.16 95.72 100.57 88.47 80.18 68.82 55.58 49.47 47.72 44.08 47.90 58.53 78.49 114.65 103.28 130.86 125.72 133.22 123.22 87.90 100.87 85.88 66.89 -9999 -9999 -9999 -9999 -9999 -9999 -9999 -9999 -9999 -9999 -9999 -9999
-9999 -9999 -9999 -9999 -9999 -9999 -9999 -9999 -9999 -9999 -9999 123.68 108.82 -9999 -9999 -9999 -9999 -9999 -9999 -9999 -9999 -9999 -9999 -9999 -9999 64.78 91.44 138.43 133.54 171.92 128.54 107.30 96.72 82.21 63.05 74.52 44.88 83.43 72.62 90.57 105.37 90.71 62.07 78.45 118.95 86.02 77.45 55.21 46.06 47.50 49.94 44.84 69.41 102.11 117.41 119.70 115.46 125.70 121.05 146.51 134.77 92.81 93.24 99.29 -9999 -9999 -9999 -9999 -9999 -9999 -9999 -9999 -9999 -9999 -9999 -9999
-9999 -9999 -9999 -9999 -9999 -9999 -9999 -9999 -9999 -9999 130.12 142.96 144.41 125.15 -9999 -9999 -9999 -9999 -9999 -9999 -9999 -9999 -9999 -9999 -9999 59.95 88.28 117.27 129.72 129.32 117.60 99.57 83.48 74.67 65.53 67.12 59.46 64.82 94.52 105.89 95.46 87.19 78.33 81.94 86.70 91.22 69.28 49.68 45.76 49.68 58.32 55.53 79.41 100.41 105.86 127.19 129.89 123.08 127.35 129.44 136.83 108.96 92.58 111.47 83.30 -9999 -9999 -9999 -9999 -9999 -9999 -9999 -9999 -9999 -9999 -9999
-9999 -9999 -9999 -9999 -9999 -9999 -9999 -9999 -9999 123.89 165.58 171.82 192.18 126.98 -9999 -9999 -9999 -9999 -9999 -9999 -9999 -9999 -9999 -9999 -9999 69.51 100.08 138.28 101.16 115.05 99.05 93.10 92.56 71.24 66.61 65.02 57.79 77.08 94.83 128.45 85.09 91.37 69.03 71.51 68.08 78.84 67.08 53.06 51.65 48.30 47.88 56.34 64.74 86.12 109.88 114.61 105.44 104.23 100.38 113.67 114.67 117.75 83.16 99.00 89.42 -9999 -9999 -9999 -9999 -9999 -9999 -9999 -9999 -9999 -9999 -9999
-9999 -9999 -9999 -9999 -9999 -9999 -9999 -9999 101.25 116.25 174.82 148.90 114.04 -9999 -9999 -9999 -9999 -9999 -9999 -9999 -9999 -9999 -9999 -9999 -9999 -9999 98.61 113.98 88.60 103.77 84.35 70.25 60.40 60.77 54.72 64.22 55.29 68.88 92.08 85.84 68.46 91.47 89.03 99.09 100.16 88.24 67.18 67.92 54.13 52.06 58.36 49.88 52.69 62.98 89.04 95.59 90.13 85.79 82.85 76.84 82.71 81.08 91.78 85.47 87.21 67.75 56.35 -9999 -9999 -9999 -9999 -9999 -9999 -9999 -9999 -9999
-9999 -9999 -9999 -9999 -9999 -9999 -9999 -9999 117.27 146.44 128.82 106.09 100.96 -9999 -9999 -9999 -9999 -9999 -9999 -9999 -9999 -9999 -9999 -9999 -9999 -9999 -9999 81.07 66.81 64.06 56.02 52.37 49.96 51.22 49.88 60.46 50.66 67.49 86.15 86.09 83.45 80.90 72.20 90.43 106.16 91.54 89.38 79.24 64.40 54.50 52.32 48.98 47.58 62.69 70.75 72.34 78.46 83.36 77.85 73.83 70.60 77.84 83.72 84.37 97.61 78.86 65.37 -9999 -9999 -9999 -9999 -9999 -9999 -9999 -9999 -9999
-9999 -9999 -9999 -9999 -9999 -9999 -9999 -9999 101.58 109.33 130.04 106.12 -9999 -9999 -9999 -9999 -9999 -9999 -9999 -9999 -9999 -9999 -9999 -9999 -9999 -9999 -9999 64.31 76.21 65.72 -9999 46.97 -9999 36.93 39.82 49.64 53.24 56.25 66.15 72.14 72.86 81.50 52.96 68.35 97.07 91.64 95.54 67.18 75.72 60.51 54.16 55.51 50.42 56.66 67.02 73.81 85.75 77.91 85.39 74.32 67.67 76.65 88.48 87.17 86.75 76.09 75.73 79.07 74.38 -9999 -9999 -9999 -9999 -9999 -9999 -9999
-9999 -9999 -9999 -9999 -9999 -9999 -9999 87.96 86.99 74.82 -9999 -9999 -9999 -9999 -9999 -9999 -9999 -9999 -9999 -9999 -9999 -9999 -9999 -9999 -9999 -9999 -9999 60.92 63.06 58.58 -9999 -9999 -9999 39.19 47.39 48.61 58.93 56.74 65.72 53.38 51.14 75.95 76.68 65.54 82.13 87.64 89.98 89.14 75.26 62.41 52.59 56.69 48.19 47.68 53.00 66.46 73.24 73.38 80.09 76.46 76.56 72.79 96.10 101.84 97.69 72.44 62.19 68.80 66.39 -9999 -9999 -9999 -9999 -9999 -9999 -9999
-9999 -9999 -9999 -9999 -9999 -9999 -9999 -9999 -9999 -9999 -9999 -9999 -9999 -9999 -9999 -9999 -9999 -9999 -9999 -9999 -9999 -9999 -9999 -9999 -9999 -9999 -9999 -9999 -9999 -9999 -9999 -9999 42.62 45.83 59.20 76.11 70.86 86.41 86.03 50.97 58.24 74.70 66.78 68.96 62.99 71.48 75.15 74.67 63.93 54.52 53.17 54.73 47.68 55.89 55.40 62.26 68.51 72.65 76.79 83.83 100.58 88.65 102.88 91.66 83.59 77.86 77.21 70.23 -9999 -9999 -9999 -9999 -9999 -9999 -9999 -9999
-9999 -9999 -9999 -9999 -9999 -9999 -9999 -9999 -9999 -9999 -9999 -9999 -9999 -9999 -9999 -9999 -9999 -9999 -9999 -9999 -9999 -9999 -9999 -9999 -9999 -9999 -9999 -9999 -9999 -9999 -9999 -9999 43.11 45.30 55.69 96.36 102.36 143.71 99.61 80.35 59.31 68.86 59.48 65.93 65.16 71.19 66.10 71.24 64.80 54.47 52.01 50.32 52.34 53.75 56.20 63.40 63.45 69.60 77.75 82.04 106.19 99.42 86.61 83.11 81.96 72.95 72.17 64.58 -9999 -9999 -9999 -9999 -9999 -9999 -9999 -9999
-9999 -9999 -9999 -9999 -9999 -9999 -9999 -9999 -9999 -9999 -9999 -9999 -9999 -9999 -9999 -9999 -9999 -9999 -9999 -9999 -9999 -9999 -9999 -9999 -9999 -9999 -9999 -9999 -9999 -9999 -9999 -9999 38.98 46.35 60.79 76.41 103.20 106.67 81.17 70.69 64.49 68.00 52.67 58.96 57.38 50.72 73.34 73.61 74.89 51.83 47.76 46.00 48.54 51.31 62.76 68.44 54.32 63.09 73.72 78.71 87.63 83.27 82.47 77.29 70.80 70.19 73.29 69.62 -9999 -9999 -9999 -9999 -9999 -9999 -9999 -9999
-9999 -9999 -9999 -9999 -9999 -9999 -9999 -9999 -9999 -9999 -9999 -9999 -9999 -9999 -9999 -9999 -9999 -9999 -9999 -9999 -9999 -9999 -9999 -9999 -9999 -9999 -9999 -9999 -9999 -9999 36.41 42.44 38.94 51.40 68.51 87.82 102.96 84.65 84.72 63.44 54.12 66.80 60.90 63.70 65.71 69.44 62.25 54.89 54.61 48.90 40.35 44.92 46.68 53.96 59.13 56.49 52.36 61.93 65.80 74.65 77.97 79.08 77.56 74.42 68.68 66.48 70.00 71.89 72.66 -9999 -9999 -9999 -9999 -9999 -9999 -9999
-9999 -9999 -9999 -9999 -9999 -9999 -9999 -9999 -9999 -9999 -9999 -9999 -9999 -9999 -9999 -9999 -9999 -9999 -9999 -9999 -9999 -9999 -9999 -9999 -9999 -9999 -9999 -9999 -9999 -9999 45.01 50.04 45.78 47.53 56.23 78.49 65.67 66.38 61.20 61.99 69.20 64.71 55.30 58.56 68.95 51.41 56.46 48.32 57.66 53.66 48.88 43.58 51.09 54.66 53.50 55.52 55.20 58.18 64.14 72.19 77.20 76.55 76.94 73.10 66.81 63.54 68.61 70.98 69.82 -9999 -9999 -9999 -9999 -9999 -9999 -9999
-9999 -9999 -9999 -9999 -9999 -9999 -9999 -9999 -9999 -9999 -9999 -9999 -9999 -9999 -9999 -9999 -9999 -9999 -9999 -9999 -9999 -9999 -9999 -9999 -9999 -9999 -9999 -9999 -9999 -9999 48.08 48.26 47.26 47.54 51.73 53.71 59.92 61.76 56.70 58.62 58.10 58.91 50.33 107.27 55.36 52.41 47.49 51.99 48.71 39.15 48.11 48.84 49.40 54.75 51.55 59.15 58.17 56.98 63.71 70.15 76.38 80.54 83.82 82.02 75.01 72.80 70.73 72.67 66.09 64.33 -9999 -9999 -9999 -9999 -9999 -9999
-9999 -9999 -9999 -9999 -9999 -9999 -9999 -9999 -9999 -9999 -9999 -9999 -9999 -9999 -9999 -9999 -9999 -9999 -9999 -9999 -9999 -9999 -9999 -9999 -9999 -9999 -9999 -9999 -9999 -9999 45.82 48.31 46.45 46.62 47.12 48.49 54.92 59.46 67.12 57.14 57.52 64.19 73.94 80.89 66.22 58.47 53.41 50.97 59.99 45.80 46.63 48.04 50.89 51.37 57.46 57.03 54.63 53.14 56.53 57.75 60.14 74.24 86.33 94.40 81.48 75.28 71.52 69.69 69.49 70.48 68.42 -9999 -9999 -9999 -9999 -9999
-9999 -9999 -9999 -9999 -9999 -9999 -9999 -9999 -9999 -9999 -9999 -9999 -9999 -9999 -9999 -9999 -9999 -9999 -9999 -9999 -9999 -9999 -9999 -9999 -9999 -9999 -9999 -9999 -9999 -9999 46.36 47.71 42.00 40.07 48.70 54.29 58.09 61.79 71.49 72.45 70.03 85.90 91.66 86.59 74.63 55.07 53.69 50.10 57.20 58.10 51.67 42.82 46.62 48.32 50.73 52.75 52.22 48.53 58.09 59.93 56.99 58.20 80.10 93.98 77.14 67.69 64.82 66.91 69.64 68.39 71.14 -9999 -9999 -9999 -9999 -9999
-9999 -9999 -9999 -9999 -9999 -9999 -9999 -9999 -9999 -9999 -9999 -9999 -9999 -9999 -9999 -9999 -9999 -9999 -9999 -9999 -9999 -9999 -9999 -9999 -9999 -9999 -9999 -9999 -9999 -9999 -9999 54.85 51.69 42.84 46.46 59.42 63.78 81.13 90.13 85.76 80.72 92.00 84.27 103.10 77.16 55.59 50.39 52.24 46.66 64.94 53.52 45.31 47.22 46.80 51.66 54.04 51.48 53.31 56.90 58.22 53.81 48.88 69.12 73.44 62.04 55.62 57.70 -9999 67.53 67.25 70.79 69.97 -9999 -9999 -9999 -9999
-9999 -9999 -9999 -9999 -9999 -9999 -9999 -9999 -9999 -9999 -9999 -9999 -9999 -9999 -9999 -9999 -9999 -9999 -9999 -9999 -9999 -9999 -9999 -9999 -9999 -9999 -9999 -9999 -9999 -9999 60.19 54.58 59.08 53.41 58.41 63.37 84.35 96.07 89.38 97.77 86.84 90.98 103.87 79.79 80.20 69.80 60.53 48.40 52.45 53.78 54.17 47.66 47.12 44.66 54.94 52.10 53.59 54.10 54.22 54.05 51.51 60.25 60.71 59.98 60.82 59.14 57.08 59.61 -9999 59.46 65.43 63.29 62.41 -9999 -9999 -9999
-9999 -9999 -9999 -9999 -9999 -9999 -9999 -9999 -9999 -9999 -9999 -9999 -9999 -9999 -9999 -9999 -9999 -9999 -9999 -9999 -9999 -9999 -9999 -9999 -9999 -9999 -9999 -9999 -9999 -9999 56.54 57.88 57.24 59.37 65.79 74.78 72.42 87.63 75.84 76.97 80.32 76.47 71.62 68.33 84.48 83.02 63.89 56.37 44.02 43.65 54.86 51.26 52.01 53.13 49.06 54.02 56.12 54.42 53.52 52.95 45.77 51.65 60.42 57.38 52.51 56.93 61.29 58.44 58.38 -9999 -9999 -9999 -9999 -9999 -9999 -9999
-9999 -9999 -9999 -9999 -9999 -9999 -9999 -9999 -9999 -9999 -9999 -9999 -9999 -9999 -9999 -9999 -9999 -9999 -9999 -9999 -9999 -9999 -9999 -9999 -9999 -9999 -9999 -9999 -9999 65.99 68.32 65.55 66.50 64.68 66.48 71.07 75.17 78.08 69.64 59.82 62.41 69.46 76.45 91.02 97.84 131.09 74.57 79.08 69.63 52.55 44.21 47.92 49.95 51.69 48.34 51.74 53.82 51.07 53.06 54.40 49.85 52.22 52.66 54.55 53.31 53.48 54.78 55.99 57.12 52.79 56.47 -9999 -9999 -9999 -9999 -9999
-9999 -9999 -9999 -9999 -9999 -9999 -9999 -9999 -9999 -9999 -9999 -9999 -9999 -9999 -9999 -9999 -9999 -9999 -9999 -9999 -9999 -9999 -9999 -9999 -9999 -9999 -9999 -9999 -9999 -9999 64.35 71.62 75.11 64.16 70.37 64.68 67.85 69.52 63.02 61.02 61.55 61.84 64.83 76.14 78.91 106.25 121.78 92.33 67.67 64.99 51.45 57.18 46.39 44.37 51.38 51.01 50.52 51.55 53.69 53.88 53.64 60.59 53.65 49.46 51.13 52.93 58.61 57.45 58.74 53.44 49.97 51.80 55.42 -9999 -9999 -9999
