Rainfall_2007-2011/Rainfall_2011-03_ACTUAL.txt
ncols         180
nrows         290
xllcorner     -200000
yllcorner     -200000
cellsize      5000
NODATA_value  -9999
[rows 204 to 237 of 290, columns 77 to 153 of 180]
37.37 37.61 37.04 42.18 44.58 42.31 40.47 42.89 38.27 38.18 37.04 43.15 46.70 44.20 38.91 33.53 27.00 31.83 42.46 34.15 29.58 25.02 15.51 11.19 15.05 13.86 18.89 18.24 22.97 13.71 13.12 15.43 14.81 14.05 15.67 14.81 13.73 12.92 11.18 10.46 9.50 7.51 8.49 4.89 7.87 9.81 9.18 8.08 8.91 8.13 6.86 6.05 5.75 6.00 4.96 5.74 5.36 5.81 6.36 7.25 6.82 4.36 4.16 4.62 5.24 5.21 4.05 3.53 4.63 6.42 4.94 7.07 7.49 7.27 7.02 6.53 6.09
32.28 35.14 32.34 35.96 35.63 35.33 36.03 34.02 34.98 33.42 35.17 35.49 36.11 34.29 31.95 31.61 36.09 39.89 51.31 57.77 49.45 38.96 36.09 31.47 25.37 18.33 16.60 21.67 17.59 16.68 15.35 16.21 14.66 12.42 17.91 18.55 14.64 13.13 12.41 9.87 10.27 9.16 8.78 9.73 10.60 11.24 8.25 9.12 11.59 6.69 7.61 6.58 6.00 5.93 7.90 6.63 6.47 6.79 6.72 6.40 6.27 5.45 5.29 5.84 5.72 6.21 5.49 5.60 6.42 7.17 6.79 7.26 7.31 7.77 8.08 7.08 6.58
35.14 34.26 34.90 36.31 34.70 33.90 36.88 33.94 28.69 29.82 31.49 31.58 34.69 34.63 36.94 33.04 41.05 46.28 51.39 50.45 52.45 44.25 51.17 49.33 28.63 25.55 26.05 12.42 11.26 14.95 11.99 11.82 12.54 16.20 16.91 17.84 14.34 12.44 10.71 9.70 10.04 10.48 12.66 9.16 10.95 10.39 8.87 8.23 19.60 11.69 8.00 7.01 7.72 7.39 7.57 7.46 7.42 7.13 7.01 5.93 6.15 7.01 7.22 7.31 7.30 7.83 9.38 7.60 8.32 7.76 7.31 7.79 7.54 7.88 7.55 7.02 7.08
33.65 31.63 34.60 35.17 37.56 38.96 40.98 37.65 31.52 30.01 29.09 31.25 36.09 32.38 35.16 31.96 37.00 42.31 46.95 37.07 38.14 39.74 39.94 36.73 34.92 26.07 31.13 20.42 17.76 16.16 14.31 12.32 16.98 17.32 17.96 14.25 14.02 11.54 11.29 12.02 13.95 14.38 12.59 12.47 10.56 10.42 10.49 10.88 12.30 11.61 8.97 8.75 8.42 8.44 8.43 8.84 8.41 8.14 7.40 6.95 7.77 8.51 8.93 8.03 8.31 8.93 11.63 8.90 8.59 7.62 7.44 7.86 7.23 7.72 7.33 7.24 7.71
39.26 32.36 34.26 31.72 31.60 36.78 33.11 31.79 29.20 25.95 27.51 28.56 30.40 35.54 32.88 37.99 40.90 46.38 50.77 42.65 29.19 29.51 30.18 28.71 28.99 26.46 21.46 17.90 16.71 14.95 16.84 13.06 15.01 18.07 17.93 18.72 13.63 10.41 10.19 12.20 12.27 13.14 11.63 11.62 13.34 11.37 11.05 11.22 10.75 10.12 9.15 10.33 10.88 9.05 10.64 9.52 9.00 8.53 8.71 8.52 9.02 10.07 10.28 9.85 9.73 9.47 8.51 7.46 9.50 9.67 7.78 7.54 6.91 6.82 7.09 7.34 7.57
36.83 35.32 35.27 31.59 33.84 32.11 -9999 -9999 -9999 -9999 23.49 26.40 29.97 30.24 28.85 32.79 36.82 37.88 41.20 39.21 49.85 49.73 39.81 33.54 27.91 26.06 21.78 20.27 19.05 17.32 15.54 17.18 20.40 17.36 18.40 13.76 9.83 11.16 10.85 14.80 11.89 13.14 12.23 11.32 13.05 12.24 11.15 11.23 10.09 9.13 8.87 9.26 10.25 10.69 10.64 10.77 10.14 9.91 10.45 9.92 11.00 11.34 12.02 11.35 10.88 9.80 9.25 10.65 9.70 9.70 7.86 7.25 7.00 7.84 6.96 7.73 8.58
32.97 33.07 33.27 29.64 32.47 24.44 -9999 -9999 -9999 -9999 -9999 -9999 -9999 27.07 27.22 27.57 29.27 31.80 37.29 47.48 53.80 56.02 46.45 41.99 33.53 30.76 17.38 23.48 26.50 21.12 22.12 32.76 29.24 22.96 16.00 13.38 11.33 13.12 14.10 14.54 13.47 13.82 12.47 13.28 11.38 10.92 10.45 11.76 9.44 8.96 7.90 8.47 9.36 9.51 10.18 10.36 11.39 10.04 12.67 12.29 11.63 12.00 12.91 11.05 10.61 10.22 10.66 10.80 10.49 9.08 8.45 8.24 7.27 7.98 7.92 9.16 9.21
-9999 -9999 28.82 -9999 -9999 -9999 -9999 -9999 -9999 -9999 -9999 21.02 24.25 27.36 28.23 23.83 25.04 28.24 35.78 38.80 49.14 52.40 45.52 38.93 32.02 32.72 24.58 26.11 25.68 21.02 23.37 35.75 30.89 22.20 16.14 15.04 17.01 15.53 16.75 16.28 13.56 13.03 12.08 11.75 10.98 9.95 10.75 10.11 9.06 8.25 7.95 8.28 9.25 9.73 9.41 10.88 11.70 13.30 13.33 14.27 9.66 10.75 11.95 10.81 10.75 11.75 12.10 11.59 11.03 9.02 8.43 8.85 9.25 8.21 9.64 9.56 9.97
-9999 -9999 -9999 -9999 -9999 -9999 -9999 -9999 -9999 -9999 -9999 19.68 21.97 24.28 24.89 26.62 -9999 -9999 27.17 40.55 40.00 44.40 36.90 33.47 31.52 31.82 26.47 24.92 22.84 20.84 22.31 25.00 26.51 18.04 14.50 14.05 17.51 16.56 17.05 15.71 15.23 10.43 11.99 11.69 11.01 9.71 9.86 10.16 8.11 8.11 10.57 10.80 10.01 9.62 10.01 11.58 11.68 12.47 14.10 14.58 10.73 11.93 11.44 11.65 12.53 13.27 11.41 10.88 12.34 8.95 7.86 8.62 9.08 9.31 10.08 9.60 11.74
-9999 -9999 -9999 -9999 -9999 -9999 -9999 -9999 -9999 -9999 -9999 -9999 -9999 -9999 -9999 -9999 -9999 -9999 25.22 29.01 34.88 34.85 28.94 28.44 24.82 26.80 24.81 21.99 21.60 19.78 21.32 22.82 -9999 16.21 12.82 13.46 12.11 15.54 16.55 15.13 14.83 12.34 12.29 11.04 11.74 9.82 9.60 11.33 9.31 8.65 10.79 12.75 11.76 10.80 10.65 10.26 12.82 13.11 13.63 12.02 11.58 10.94 11.53 13.13 13.81 14.80 11.38 11.38 11.63 10.15 9.28 8.98 9.14 9.52 11.14 10.84 10.64
-9999 -9999 -9999 -9999 -9999 -9999 -9999 -9999 -9999 -9999 -9999 -9999 -9999 -9999 -9999 -9999 -9999 -9999 -9999 25.48 29.43 27.86 28.43 26.15 22.54 22.04 22.58 21.81 -9999 -9999 -9999 -9999 19.77 14.75 13.07 13.91 13.46 13.26 14.98 14.55 12.64 10.27 12.51 12.63 12.01 12.66 11.87 12.36 10.97 11.98 12.08 11.45 9.93 10.68 11.16 10.33 12.29 13.15 11.46 11.46 10.76 11.35 12.37 12.81 14.62 12.55 10.80 10.77 11.38 10.82 9.78 10.18 11.02 9.96 10.42 9.98 10.31
-9999 -9999 -9999 -9999 -9999 -9999 -9999 -9999 -9999 -9999 -9999 -9999 -9999 -9999 -9999 -9999 -9999 -9999 -9999 -9999 26.88 29.29 26.85 21.86 22.56 22.84 24.22 -9999 -9999 -9999 -9999 21.88 22.39 17.93 13.58 13.85 11.09 13.63 14.75 14.17 12.91 11.78 12.29 12.64 13.81 14.02 13.63 12.99 12.23 13.58 12.18 10.83 9.48 11.27 10.75 11.88 11.57 12.70 11.50 11.66 12.04 12.60 14.10 13.64 13.00 12.37 11.22 11.22 11.12 10.45 8.02 12.40 11.05 11.56 12.94 10.93 11.51
-9999 -9999 -9999 -9999 -9999 -9999 -9999 -9999 -9999 -9999 -9999 -9999 -9999 -9999 -9999 -9999 -9999 -9999 -9999 -9999 -9999 25.07 18.34 12.38 20.03 20.46 21.22 -9999 -9999 -9999 29.55 22.73 19.93 13.52 16.25 14.41 13.99 13.76 12.61 14.56 14.86 12.75 13.63 14.45 14.61 13.70 14.98 14.53 13.61 12.79 12.60 11.48 10.87 10.70 11.60 11.63 11.15 11.11 11.95 11.70 12.81 13.17 14.38 15.19 8.70 12.83 11.33 11.44 11.87 11.33 10.29 11.05 12.21 13.00 14.75 13.43 12.74
-9999 -9999 -9999 -9999 -9999 -9999 -9999 -9999 -9999 -9999 -9999 -9999 -9999 -9999 -9999 -9999 -9999 -9999 -9999 -9999 -9999 -9999 -9999 -9999 -9999 -9999 -9999 -9999 -9999 32.92 29.12 22.98 21.78 21.11 18.49 15.13 14.78 14.97 14.24 14.80 14.89 13.90 12.26 13.56 14.30 13.78 12.42 14.50 16.11 14.45 16.46 14.34 12.26 10.84 12.01 12.47 11.63 11.71 11.98 11.74 12.49 13.15 13.97 12.58 10.53 11.46 12.84 13.03 12.96 12.71 13.76 14.22 13.93 12.15 15.11 14.96 15.95
-9999 -9999 -9999 -9999 -9999 -9999 -9999 -9999 -9999 -9999 -9999 -9999 -9999 -9999 -9999 -9999 -9999 -9999 -9999 -9999 -9999 -9999 -9999 -9999 -9999 -9999 -9999 -9999 -9999 29.52 34.41 33.05 37.55 29.45 24.16 17.95 14.70 16.00 19.87 16.45 13.66 13.52 12.33 13.12 13.32 14.28 14.82 14.94 18.30 19.25 16.23 18.69 14.65 13.05 12.55 13.00 11.64 11.95 11.75 12.29 12.09 12.96 13.34 12.99 12.26 11.90 12.59 14.90 13.80 15.05 14.11 15.96 15.51 15.22 15.34 16.04 15.31
-9999 -9999 -9999 -9999 -9999 -9999 -9999 -9999 -9999 -9999 -9999 -9999 -9999 -9999 -9999 -9999 -9999 -9999 -9999 -9999 -9999 -9999 -9999 -9999 -9999 -9999 -9999 -9999 -9999 28.02 32.47 33.89 37.38 24.60 24.25 20.95 18.63 17.97 17.43 16.43 14.95 18.24 17.91 16.34 16.92 17.35 17.51 17.66 18.15 20.11 20.64 19.40 15.80 14.95 13.09 12.90 13.07 13.68 12.51 13.27 12.81 15.04 13.17 11.99 12.38 14.59 12.33 13.60 13.26 13.78 14.63 13.02 17.79 15.54 15.10 15.35 12.96
-9999 -9999 -9999 -9999 -9999 -9999 -9999 -9999 -9999 -9999 -9999 -9999 23.93 29.45 22.12 29.71 29.77 28.80 29.74 27.34 17.91 20.55 18.17 -9999 -9999 -9999 -9999 -9999 -9999 35.10 41.36 39.73 29.40 26.74 27.02 21.83 22.89 20.64 15.79 18.07 16.78 21.28 20.60 16.72 18.01 18.05 18.54 24.07 21.76 21.19 20.61 27.77 19.70 18.27 18.17 17.93 15.44 13.51 13.92 14.84 13.28 14.59 14.37 13.69 14.95 13.46 13.28 13.51 11.62 13.18 13.57 14.03 14.62 14.42 13.74 13.80 12.90
-9999 -9999 -9999 -9999 -9999 -9999 -9999 -9999 -9999 -9999 -9999 -9999 30.68 28.91 30.94 25.06 41.76 45.33 32.10 35.19 27.03 25.64 24.26 21.99 18.90 24.39 25.51 34.35 35.26 50.68 54.95 38.50 28.96 25.78 22.70 22.42 23.17 22.96 20.62 24.80 27.00 20.74 19.26 18.38 14.24 18.70 22.43 21.91 22.97 22.28 21.23 30.63 22.80 18.32 18.37 17.76 15.39 13.25 14.05 14.49 14.05 14.88 14.80 13.28 17.56 15.50 14.90 14.70 16.42 17.04 15.33 17.19 17.09 16.19 15.99 15.44 16.52
-9999 -9999 -9999 -9999 -9999 -9999 -9999 -9999 -9999 -9999 -9999 21.80 34.51 27.27 29.36 32.99 41.72 50.23 45.49 40.14 39.45 35.04 33.74 26.04 26.36 26.66 34.58 38.86 45.79 43.81 55.19 34.26 24.02 22.93 23.38 22.11 23.11 25.01 26.13 25.83 36.21 22.63 17.26 17.04 15.16 18.60 23.12 19.97 22.55 23.09 20.51 21.74 21.41 16.52 16.54 17.58 16.61 14.50 17.21 15.61 17.49 15.75 19.41 13.75 14.73 15.70 15.22 15.93 17.78 16.51 18.08 18.02 16.72 18.26 20.63 18.48 18.47
-9999 -9999 -9999 -9999 -9999 -9999 -9999 -9999 -9999 -9999 -9999 -9999 24.63 25.62 24.64 26.26 35.11 42.15 52.96 41.51 38.37 34.14 34.93 36.39 33.73 28.64 27.47 36.38 37.52 33.62 31.11 24.14 21.92 18.13 20.32 19.71 21.33 23.59 23.08 22.98 24.57 20.45 17.54 16.78 16.36 16.04 16.69 17.81 20.89 20.34 17.56 23.45 28.46 18.82 15.21 14.92 16.54 17.46 17.62 18.80 19.09 16.62 15.30 14.10 13.80 14.48 13.38 15.67 18.50 18.49 18.89 17.32 19.58 21.17 22.72 21.96 19.42
-9999 -9999 -9999 -9999 -9999 -9999 -9999 -9999 28.80 -9999 -9999 23.93 24.05 23.65 23.33 26.04 28.10 29.97 33.40 31.87 31.31 31.25 34.11 37.39 37.03 30.14 27.36 28.70 35.69 31.77 27.77 27.14 23.90 19.37 17.52 17.37 21.21 21.39 23.23 21.34 20.87 18.08 20.69 21.11 18.55 16.99 15.25 14.34 17.25 17.55 18.40 21.19 19.05 18.14 15.90 16.29 16.72 19.86 17.30 17.77 16.90 13.82 12.64 13.55 14.17 15.36 16.73 17.98 17.23 18.00 20.25 20.48 20.48 22.39 24.89 23.40 19.62
-9999 -9999 -9999 -9999 -9999 -9999 -9999 28.59 30.25 29.80 28.85 24.36 24.45 26.62 23.67 22.50 24.91 21.62 25.63 26.96 30.65 29.73 30.18 30.88 27.61 28.30 29.30 29.30 31.94 28.09 24.97 22.85 23.81 21.42 19.40 23.64 20.21 20.34 22.78 22.42 23.41 21.08 20.68 26.49 20.93 18.04 16.56 16.23 15.66 16.05 14.48 15.53 14.56 16.33 17.10 17.02 17.82 17.54 18.49 16.98 11.71 12.21 10.83 13.07 13.66 15.08 17.37 17.32 17.36 16.87 19.97 20.19 21.71 20.28 23.10 26.72 24.14
-9999 -9999 -9999 -9999 -9999 -9999 -9999 27.73 29.52 30.28 30.26 27.44 26.49 23.88 23.91 25.80 23.85 19.50 22.46 25.94 28.95 29.16 29.02 28.79 27.92 31.95 39.09 38.16 31.61 41.53 24.56 22.99 21.99 21.51 19.71 16.97 17.79 19.39 20.24 19.18 20.83 24.44 19.82 20.47 20.24 18.05 17.21 16.93 16.05 15.09 13.70 14.63 13.58 15.53 16.40 16.97 19.22 20.38 19.64 22.92 18.03 17.41 17.57 15.89 13.30 15.71 18.61 18.04 18.16 20.64 19.80 20.88 18.75 22.21 22.86 22.75 22.56
-9999 -9999 -9999 -9999 -9999 -9999 -9999 28.42 30.59 30.55 32.07 27.64 26.14 24.09 24.85 24.98 22.13 21.01 23.07 21.05 26.40 28.93 28.13 25.49 25.06 32.80 34.90 39.17 30.15 28.03 24.16 20.98 14.15 16.02 16.14 16.39 16.80 15.81 18.54 20.85 19.71 19.92 19.11 19.18 18.86 18.87 18.08 17.49 17.58 16.99 14.81 14.86 15.26 14.61 16.46 15.80 18.58 19.84 20.51 23.51 22.89 19.43 22.23 17.26 19.60 20.36 19.07 19.84 25.76 25.08 26.60 21.82 21.24 20.98 19.97 18.32 21.50
-9999 -9999 -9999 -9999 -9999 -9999 -9999 29.09 29.88 30.81 30.82 26.78 26.71 24.39 22.84 21.24 21.08 20.99 22.16 21.84 23.55 25.94 26.65 25.08 24.88 30.93 33.71 34.14 32.93 32.82 29.57 22.88 18.72 18.97 17.37 16.57 17.31 19.91 19.56 20.72 17.70 18.91 18.48 18.21 17.85 18.03 17.79 17.82 17.32 15.71 16.01 15.53 14.75 15.01 14.93 17.06 18.18 17.34 18.96 18.69 18.33 17.90 18.00 17.05 19.16 19.82 21.71 21.05 23.48 23.17 28.49 22.28 20.46 24.09 22.88 21.37 22.05
-9999 -9999 -9999 -9999 -9999 -9999 -9999 26.03 28.12 29.60 30.67 28.31 26.59 24.50 21.56 19.46 20.46 21.40 19.35 18.69 23.25 23.07 22.44 24.20 25.15 26.30 32.40 31.35 25.02 26.50 30.40 22.54 19.32 24.72 19.84 18.99 21.21 22.18 19.16 19.94 18.99 17.91 18.36 18.87 17.81 17.87 18.41 18.13 18.35 18.21 18.51 16.44 14.89 13.62 12.68 15.97 17.73 18.31 20.33 19.48 18.13 17.46 17.51 16.74 17.62 18.37 18.15 -9999 -9999 20.57 21.50 18.17 21.93 21.95 27.37 25.27 -9999
-9999 -9999 -9999 -9999 -9999 -9999 25.73 24.32 29.21 31.41 28.71 29.70 30.63 26.88 23.66 20.70 23.47 21.17 19.21 18.13 22.98 20.78 22.92 23.79 27.37 31.21 33.43 28.61 23.75 23.38 26.40 22.34 19.84 20.51 21.73 20.64 21.64 21.41 18.38 17.90 17.98 18.73 18.34 20.31 19.43 19.01 18.26 18.50 17.71 17.48 17.13 15.64 14.84 -9999 -9999 16.85 19.53 18.00 19.05 17.92 17.41 16.94 -9999 -9999 -9999 -9999 -9999 -9999 -9999 -9999 -9999 -9999 20.17 20.67 22.41 21.98 -9999
-9999 -9999 -9999 -9999 -9999 29.19 24.86 28.68 27.86 25.75 25.63 24.04 31.98 27.87 27.42 26.13 22.12 18.00 20.86 21.60 23.42 22.14 20.95 27.16 28.48 39.13 32.48 30.04 25.92 29.89 22.19 20.22 21.37 21.61 22.78 23.48 20.24 20.47 19.51 18.85 17.84 16.64 17.20 19.70 20.24 20.12 17.74 16.74 17.18 17.25 -9999 16.76 17.25 16.62 15.80 16.21 -9999 -9999 -9999 -9999 16.04 -9999 -9999 -9999 -9999 -9999 -9999 -9999 -9999 -9999 -9999 -9999 -9999 -9999 -9999 -9999 -9999
-9999 -9999 -9999 -9999 32.16 32.05 30.46 27.07 25.06 25.92 25.25 23.25 27.45 32.46 39.20 34.19 26.34 21.66 24.02 25.67 24.07 20.03 19.19 25.69 27.57 34.03 29.89 23.61 -9999 -9999 -9999 -9999 -9999 19.90 23.25 26.41 23.64 21.40 19.34 17.72 17.78 16.34 17.60 17.83 -9999 -9999 -9999 -9999 -9999 19.50 19.87 19.55 22.76 20.15 19.00 17.46 -9999 -9999 -9999 -9999 -9999 -9999 -9999 -9999 -9999 -9999 -9999 -9999 -9999 -9999 -9999 -9999 -9999 -9999 -9999 -9999 -9999
-9999 -9999 -9999 25.77 31.09 33.38 31.95 27.51 26.50 23.57 24.14 28.27 29.03 36.83 34.94 33.49 39.68 32.07 25.04 23.24 19.61 20.62 17.30 18.92 21.84 -9999 -9999 -9999 -9999 -9999 -9999 -9999 -9999 -9999 19.04 22.03 20.22 20.94 21.72 22.01 19.53 21.61 21.81 18.68 -9999 -9999 -9999 -9999 -9999 -9999 -9999 16.42 19.08 19.64 21.85 -9999 -9999 -9999 -9999 -9999 -9999 -9999 -9999 -9999 -9999 -9999 -9999 -9999 -9999 -9999 -9999 -9999 -9999 -9999 -9999 -9999 -9999
18.19 18.27 18.10 25.07 28.64 28.98 32.56 30.41 28.74 26.21 24.40 27.91 29.04 32.30 39.54 36.34 34.66 26.41 24.81 23.40 22.98 21.60 18.56 -9999 -9999 -9999 -9999 -9999 -9999 -9999 -9999 -9999 -9999 -9999 -9999 -9999 20.68 -9999 -9999 -9999 -9999 19.70 22.74 20.16 -9999 -9999 -9999 -9999 -9999 -9999 -9999 -9999 17.72 21.63 20.02 -9999 -9999 -9999 -9999 -9999 -9999 -9999 -9999 -9999 -9999 -9999 -9999 -9999 -9999 -9999 -9999 -9999 -9999 -9999 -9999 -9999 -9999
20.69 19.79 19.38 24.44 29.70 32.74 31.35 32.37 32.66 29.17 29.44 29.13 26.45 29.47 37.59 30.90 30.00 24.71 27.28 19.53 21.61 18.78 -9999 -9999 -9999 -9999 -9999 -9999 -9999 -9999 -9999 -9999 -9999 -9999 -9999 -9999 16.08 -9999 -9999 -9999 -9999 -9999 -9999 -9999 -9999 -9999 -9999 -9999 -9999 -9999 -9999 -9999 -9999 -9999 -9999 -9999 -9999 -9999 -9999 -9999 -9999 -9999 -9999 -9999 -9999 -9999 -9999 -9999 -9999 -9999 -9999 -9999 -9999 -9999 -9999 -9999 -9999
22.84 25.47 26.57 27.30 28.56 29.98 30.51 31.50 29.63 30.37 32.46 29.08 31.44 30.67 38.40 38.49 43.22 32.96 26.83 23.22 22.24 21.52 -9999 -9999 -9999 -9999 -9999 -9999 -9999 -9999 -9999 -9999 -9999 -9999 -9999 -9999 -9999 -9999 -9999 -9999 -9999 -9999 -9999 -9999 -9999 -9999 -9999 -9999 -9999 -9999 -9999 -9999 -9999 -9999 -9999 -9999 -9999 -9999 -9999 -9999 -9999 -9999 -9999 -9999 -9999 -9999 -9999 -9999 -9999 -9999 -9999 -9999 -9999 -9999 -9999 -9999 -9999
22.67 27.04 31.07 30.37 26.00 27.17 33.13 37.83 34.17 30.84 32.77 31.38 31.89 34.11 39.82 46.91 45.69 34.70 27.77 24.09 26.35 19.98 -9999 -9999 -9999 -9999 -9999 -9999 -9999 -9999 -9999 -9999 -9999 -9999 -9999 -9999 -9999 -9999 -9999 -9999 -9999 -9999 -9999 -9999 -9999 -9999 -9999 -9999 -9999 -9999 -9999 -9999 -9999 -9999 -9999 -9999 -9999 -9999 -9999 -9999 -9999 -9999 -9999 -9999 -9999 -9999 -9999 -9999 -9999 -9999 -9999 -9999 -9999 -9999 -9999 -9999 -9999
