Rainfall_2007-2011/Rainfall_2009-04_ACTUAL.txt
ncols         180
nrows         290
xllcorner     -200000
yllcorner     -200000
cellsize      5000
NODATA_value  -9999
[rows 170 to 203 of 290, columns 76 to 151 of 180]
-9999 -9999 -9999 -9999 -9999 -9999 -9999 -9999 -9999 -9999 -9999 -9999 -9999 -9999 -9999 -9999 -9999 -9999 -9999 -9999 -9999 -9999 -9999 -9999 -9999 -9999 -9999 -9999 -9999 -9999 47.77 38.10 36.99 42.02 40.16 38.37 36.89 34.26 34.67 33.38 32.87 33.07 35.25 39.08 37.42 46.99 46.20 40.72 39.43 40.14 32.88 29.93 29.11 30.63 32.82 31.96 26.40 23.98 26.79 25.39 24.26 24.80 23.15 20.44 17.12 13.76 11.60 17.29 19.09 14.07 9.32 8.75 9.44 -9999 -9999 -9999
-9999 -9999 -9999 -9999 -9999 -9999 -9999 -9999 -9999 -9999 68.57 64.77 60.13 56.29 -9999 -9999 -9999 -9999 -9999 -9999 -9999 -9999 -9999 -9999 -9999 -9999 -9999 -9999 -9999 49.29 38.99 42.34 43.16 44.15 41.29 39.23 38.30 35.62 33.73 31.16 31.52 32.42 34.74 38.01 43.66 39.07 41.58 35.61 50.11 46.22 37.38 36.52 30.22 37.28 56.61 45.45 34.54 27.33 26.61 27.31 27.00 26.80 24.87 22.74 18.60 14.54 14.53 16.32 23.56 15.27 10.84 9.60 9.65 8.98 -9999 -9999
-9999 -9999 -9999 -9999 -9999 -9999 -9999 -9999 -9999 -9999 71.16 69.14 60.29 60.90 -9999 -9999 -9999 -9999 -9999 -9999 -9999 -9999 -9999 -9999 -9999 -9999 -9999 -9999 48.11 49.76 43.71 44.67 47.27 41.41 38.38 39.43 40.71 37.05 37.16 35.74 33.84 33.93 33.48 35.81 34.50 36.15 42.70 46.90 43.45 40.58 54.12 41.44 33.51 29.84 49.91 42.06 29.78 28.57 27.12 27.41 26.24 26.77 27.50 25.63 20.95 17.27 13.72 14.41 12.42 13.24 11.38 10.20 9.28 8.68 -9999 -9999
-9999 -9999 -9999 -9999 -9999 -9999 -9999 -9999 59.41 68.87 69.92 71.47 66.38 65.20 57.28 41.29 43.72 -9999 -9999 32.72 36.29 -9999 -9999 -9999 29.34 37.07 35.52 -9999 39.61 47.66 45.74 40.29 40.51 38.09 34.99 37.03 41.89 39.36 39.53 36.60 40.53 39.67 38.57 44.75 36.82 39.28 47.99 38.02 40.27 38.77 35.50 41.10 34.77 31.67 34.49 30.99 26.30 23.90 26.91 28.21 29.08 33.29 29.56 29.19 23.14 17.00 15.22 15.50 15.67 13.62 13.55 11.09 9.86 8.05 8.22 -9999
-9999 -9999 -9999 -9999 -9999 -9999 -9999 -9999 -9999 66.34 55.63 67.62 66.84 67.50 52.45 48.27 41.49 -9999 33.72 37.19 48.48 42.38 31.05 26.78 24.12 35.91 38.31 38.63 -9999 36.36 37.99 36.85 32.22 34.71 35.95 33.55 31.71 35.99 36.65 39.70 43.30 46.93 43.99 51.41 51.04 45.13 44.59 39.09 47.66 41.54 36.59 30.86 29.04 30.15 25.63 22.70 21.35 24.58 27.75 32.23 32.47 30.89 30.26 33.26 23.87 16.60 16.72 16.03 15.99 14.83 15.45 12.84 10.59 8.96 8.72 -9999
-9999 -9999 -9999 -9999 -9999 -9999 -9999 -9999 -9999 -9999 56.04 67.20 70.63 63.56 44.05 46.38 52.83 61.21 75.26 41.72 47.94 48.60 44.50 33.40 28.66 27.44 41.67 40.89 39.33 35.53 38.79 38.63 34.22 34.44 33.58 35.39 29.09 32.35 36.24 40.66 47.78 46.31 40.52 53.80 50.60 46.53 43.62 43.49 46.58 50.95 34.80 29.22 29.21 29.59 24.14 21.32 22.79 24.98 29.28 33.68 30.99 26.63 25.41 21.71 20.49 18.22 17.35 15.97 14.82 15.41 15.05 12.29 11.28 9.53 9.70 9.86
-9999 -9999 -9999 -9999 -9999 -9999 -9999 -9999 -9999 -9999 -9999 65.85 57.26 63.92 48.29 65.00 79.49 106.33 77.47 48.80 44.61 39.89 46.60 40.26 32.23 27.41 54.50 38.85 39.06 38.87 43.55 38.23 33.63 33.66 34.72 36.67 31.04 31.36 34.00 42.20 47.66 45.76 55.21 53.57 58.09 51.14 45.81 46.62 42.55 49.15 46.23 40.17 33.44 32.02 28.71 24.65 24.57 25.62 25.06 25.59 23.43 19.90 18.88 21.06 19.59 18.05 17.18 17.23 16.08 16.05 15.05 11.77 10.59 10.07 10.80 12.01
-9999 -9999 -9999 -9999 -9999 -9999 -9999 -9999 -9999 -9999 -9999 -9999 70.24 74.92 93.31 114.44 148.39 117.94 86.18 64.17 62.47 43.74 52.23 39.76 43.98 34.75 35.83 52.53 45.48 42.12 43.33 37.70 37.24 34.34 30.39 24.57 30.24 30.34 35.77 43.70 46.82 49.40 61.48 59.37 54.20 47.68 40.32 49.27 49.95 39.53 42.27 26.16 32.84 36.06 38.49 35.59 28.41 25.47 23.79 20.98 16.92 16.45 15.47 20.96 17.98 15.30 16.81 18.94 22.51 18.49 15.41 10.34 10.21 9.61 9.30 13.32
-9999 -9999 -9999 -9999 -9999 -9999 -9999 -9999 -9999 -9999 -9999 -9999 72.29 79.91 120.01 135.36 148.41 117.35 87.79 56.12 43.38 57.38 59.72 59.86 51.27 47.56 37.17 43.93 57.58 49.97 48.76 37.73 40.32 35.76 32.49 32.61 34.46 28.42 37.95 51.35 50.17 59.95 58.89 51.02 48.25 53.35 53.88 53.93 50.05 39.10 34.05 16.96 35.56 35.75 34.71 29.87 27.47 24.73 23.22 20.81 19.42 18.05 17.51 18.89 17.45 15.48 15.88 21.74 29.57 17.36 14.64 13.45 10.96 9.30 7.93 -9999
-9999 -9999 -9999 -9999 -9999 -9999 -9999 -9999 -9999 -9999 -9999 -9999 81.43 97.93 122.76 130.07 143.56 111.41 84.33 78.60 40.21 55.97 74.86 60.10 61.19 53.60 46.74 64.80 70.47 60.28 45.84 43.13 40.56 39.06 35.86 34.53 36.87 33.53 41.37 54.50 52.93 55.18 59.39 61.14 63.09 59.77 49.89 53.67 41.89 42.03 38.75 34.19 33.89 33.81 29.74 27.65 27.02 26.20 21.69 21.91 16.22 18.13 17.51 18.44 15.13 14.24 13.71 17.73 14.63 14.87 13.23 13.50 11.24 9.35 -9999 -9999
-9999 -9999 -9999 -9999 -9999 -9999 -9999 -9999 -9999 -9999 -9999 91.46 133.23 107.05 129.75 122.91 98.86 103.62 92.71 78.97 60.66 68.04 64.09 55.89 47.53 50.71 58.62 78.43 71.99 63.09 51.50 44.08 39.32 42.26 37.76 35.11 36.88 37.05 39.84 44.77 41.97 41.53 52.21 59.94 53.20 58.06 62.21 63.61 45.38 40.03 39.61 43.13 36.51 32.34 33.28 28.29 27.42 23.06 26.44 27.06 20.76 19.53 17.48 16.26 14.05 14.20 14.50 14.71 14.03 12.71 13.44 11.53 7.71 -9999 -9999 -9999
-9999 -9999 -9999 -9999 -9999 -9999 -9999 -9999 -9999 93.73 82.97 99.92 92.37 88.19 86.71 95.35 70.49 65.21 68.00 78.01 77.69 77.10 62.41 68.47 52.62 61.89 66.85 59.54 66.59 70.13 54.52 46.77 40.80 44.30 43.68 41.00 40.31 39.97 43.50 41.51 39.94 35.85 43.27 48.20 53.14 49.10 48.79 57.56 44.50 42.34 41.51 38.26 34.26 30.87 32.15 26.46 18.60 22.60 28.91 32.31 30.10 20.19 16.43 14.73 16.13 15.05 15.14 13.08 10.89 12.09 13.32 11.20 -9999 -9999 -9999 -9999
-9999 -9999 -9999 -9999 -9999 -9999 -9999 -9999 99.02 96.16 90.87 87.07 80.60 62.43 67.12 61.31 65.97 67.17 75.82 84.58 104.65 69.19 57.70 61.42 58.85 77.04 79.46 74.15 65.58 67.69 55.95 48.55 43.84 44.39 39.56 40.69 43.43 42.98 42.49 43.72 40.64 37.12 44.14 45.35 43.18 51.79 50.33 45.54 40.28 41.22 37.60 32.28 33.44 34.05 30.23 24.32 20.64 22.67 25.27 26.03 18.06 18.78 15.89 13.38 16.58 15.37 14.88 12.68 10.59 10.90 11.76 10.61 -9999 -9999 -9999 -9999
-9999 -9999 -9999 -9999 -9999 -9999 -9999 100.17 108.10 93.41 91.79 -9999 -9999 -9999 -9999 63.03 86.82 94.18 87.04 90.68 85.68 78.55 78.14 82.61 81.21 103.45 88.55 70.81 70.92 62.96 51.55 53.57 49.16 47.30 44.72 44.28 45.20 43.07 40.15 41.78 40.04 46.21 44.50 44.96 46.95 53.96 48.43 41.84 40.06 39.47 33.47 27.86 29.83 30.71 28.63 26.42 25.57 26.09 25.80 24.66 19.16 17.48 17.15 17.52 17.82 16.54 14.79 12.97 12.07 12.06 11.52 9.95 9.60 -9999 -9999 -9999
-9999 -9999 -9999 -9999 -9999 -9999 -9999 104.04 122.28 84.72 86.11 -9999 -9999 -9999 -9999 71.42 84.97 108.26 99.37 92.79 100.78 94.13 105.55 102.33 82.08 91.23 72.67 60.71 60.69 55.25 51.29 50.98 52.18 47.35 47.41 50.59 47.07 47.46 45.64 43.15 41.28 42.22 41.26 44.29 46.46 46.50 46.14 43.10 39.24 41.16 37.20 34.87 33.17 29.70 29.11 24.31 25.79 28.21 27.09 25.78 22.58 19.10 18.93 21.20 20.29 17.89 14.00 12.65 12.26 12.70 10.64 8.52 9.07 8.98 -9999 -9999
-9999 -9999 -9999 -9999 -9999 -9999 -9999 -9999 -9999 -9999 -9999 -9999 -9999 -9999 -9999 59.18 85.86 96.32 92.78 93.83 88.89 118.01 133.26 90.89 73.33 67.71 66.56 65.47 58.74 58.91 49.47 50.66 40.35 47.14 45.50 44.41 46.40 45.01 42.03 36.63 34.72 35.48 38.75 43.47 44.12 38.68 40.25 33.89 36.62 48.34 43.08 38.72 34.23 31.11 29.90 26.04 27.47 26.95 27.67 24.33 22.60 23.39 20.22 24.45 23.73 20.15 13.92 12.17 11.73 12.02 11.23 10.04 9.32 8.94 7.86 7.45
-9999 -9999 -9999 -9999 -9999 -9999 -9999 -9999 -9999 -9999 -9999 -9999 -9999 -9999 -9999 -9999 80.47 78.52 97.18 101.43 111.13 104.57 112.24 88.93 56.08 48.57 51.64 46.48 55.82 45.85 46.45 43.32 47.71 46.97 46.18 44.19 39.35 43.11 43.21 37.95 34.25 33.03 36.94 43.05 45.22 39.99 38.35 21.91 27.29 40.00 39.47 38.91 34.18 35.89 38.11 30.99 28.66 24.38 25.27 24.08 25.95 27.31 23.26 28.38 22.23 17.79 14.09 13.11 12.14 12.24 12.12 11.17 9.56 9.34 8.16 8.43
-9999 -9999 -9999 -9999 -9999 -9999 -9999 -9999 -9999 -9999 -9999 -9999 -9999 -9999 -9999 -9999 85.03 113.99 130.82 98.80 101.77 93.60 88.61 72.22 61.20 51.77 44.58 57.01 80.57 51.88 54.57 48.32 45.45 46.50 44.31 42.73 37.43 50.64 46.12 39.43 30.32 27.67 29.71 38.70 45.08 41.83 44.39 34.44 33.05 35.92 38.46 37.47 35.52 39.92 38.43 31.79 30.02 27.26 29.13 28.61 27.59 27.46 26.57 24.55 19.54 17.53 15.78 13.80 12.48 10.84 10.26 9.84 9.36 7.65 7.35 9.45
-9999 -9999 -9999 -9999 -9999 -9999 -9999 -9999 -9999 -9999 -9999 -9999 -9999 -9999 -9999 72.56 79.32 101.48 109.76 99.58 76.58 71.75 70.97 75.54 72.84 53.11 46.95 57.30 43.43 60.49 54.70 50.25 49.54 57.89 57.96 46.91 51.18 46.88 45.50 33.67 33.08 35.70 35.02 40.58 46.30 43.53 41.93 36.44 34.33 34.37 31.31 33.09 29.66 23.76 39.53 46.00 30.91 31.59 31.97 31.41 27.98 29.14 27.39 23.05 19.28 17.73 15.06 14.00 12.46 10.19 9.05 9.46 8.44 8.13 7.25 9.57
-9999 -9999 -9999 -9999 -9999 -9999 -9999 -9999 -9999 -9999 -9999 -9999 -9999 -9999 -9999 63.19 72.61 101.26 84.39 69.96 66.20 67.03 72.83 78.84 64.72 55.72 49.29 52.96 51.41 60.91 65.98 64.94 60.34 53.45 49.75 44.95 46.15 43.91 37.85 38.22 40.02 39.48 42.07 48.37 46.12 46.99 43.45 38.56 35.89 33.49 32.69 30.03 29.82 29.61 35.29 39.14 28.81 34.73 36.29 32.88 29.99 31.71 29.82 24.44 16.99 18.42 17.12 14.17 12.25 9.91 8.44 9.10 6.85 6.86 7.58 7.38
-9999 -9999 -9999 -9999 -9999 -9999 -9999 -9999 -9999 -9999 -9999 -9999 -9999 -9999 -9999 53.75 68.70 64.40 69.77 69.40 79.96 72.12 76.99 71.85 73.43 66.34 55.93 53.35 56.99 59.84 71.00 67.71 64.92 45.65 53.89 49.55 46.52 44.96 38.64 44.16 41.81 41.19 46.13 48.07 47.52 51.82 43.82 41.78 38.01 38.06 34.49 31.83 31.11 28.92 29.68 29.81 39.33 37.35 35.76 32.14 30.54 30.24 30.39 27.37 21.96 17.70 16.25 13.60 12.11 10.37 10.38 9.28 6.76 6.61 7.72 8.80
-9999 -9999 -9999 -9999 -9999 -9999 -9999 -9999 -9999 -9999 -9999 -9999 -9999 -9999 -9999 -9999 38.01 65.69 79.49 89.91 96.68 71.36 70.64 61.87 52.15 52.40 59.28 53.06 51.33 51.87 58.04 58.66 67.29 53.67 45.05 43.17 52.86 52.98 40.64 45.44 45.85 46.65 51.07 49.06 48.46 52.37 45.54 38.47 36.51 39.23 37.00 31.35 28.72 28.30 29.30 32.04 36.06 34.69 33.72 28.86 31.47 37.14 41.02 32.27 21.86 17.04 17.21 16.09 14.68 12.68 9.80 9.50 8.40 5.93 5.36 7.66
-9999 -9999 -9999 -9999 -9999 -9999 -9999 -9999 -9999 -9999 -9999 -9999 -9999 -9999 -9999 -9999 55.32 62.78 69.77 92.01 120.20 90.63 74.63 60.63 54.48 56.77 75.45 68.37 62.98 58.49 51.74 53.29 63.58 54.75 55.31 66.96 62.14 55.27 47.69 48.80 45.88 44.14 50.52 54.82 50.08 55.74 49.48 34.95 38.27 37.30 35.82 32.82 31.33 32.76 31.86 33.31 35.29 32.57 35.56 28.52 32.78 43.65 33.05 36.58 24.58 18.53 18.68 19.28 20.71 16.55 10.71 8.60 8.10 7.05 5.21 5.15
-9999 -9999 -9999 -9999 -9999 -9999 -9999 -9999 -9999 -9999 -9999 -9999 -9999 -9999 -9999 54.00 49.56 63.54 70.45 80.66 81.94 82.45 67.68 69.28 82.11 70.29 69.63 60.78 50.72 51.50 53.25 60.29 55.31 55.10 61.47 64.68 66.53 55.46 46.81 52.07 48.97 48.15 53.14 57.20 54.83 57.79 53.68 52.30 35.42 36.49 36.60 32.82 33.46 35.20 27.45 33.72 33.11 33.19 33.02 32.34 31.99 32.13 37.81 36.64 26.27 22.24 21.03 20.13 19.97 17.56 14.05 8.48 8.31 9.28 7.00 6.52
-9999 -9999 -9999 -9999 -9999 -9999 -9999 -9999 -9999 -9999 -9999 -9999 -9999 -9999 -9999 61.20 64.54 64.68 67.25 83.00 98.48 90.07 70.75 59.09 67.67 72.77 70.73 69.20 59.36 63.45 58.46 53.01 62.89 54.76 61.52 54.77 61.51 38.78 49.88 52.27 48.75 46.74 46.87 57.40 60.09 54.58 62.97 57.45 39.00 30.46 27.42 25.40 32.72 31.99 31.41 31.89 33.05 35.31 32.30 31.64 29.24 27.88 31.34 28.91 26.65 23.55 21.91 20.13 13.83 14.25 15.25 11.85 10.31 9.30 7.57 7.11
-9999 -9999 -9999 -9999 -9999 -9999 -9999 -9999 -9999 -9999 -9999 -9999 -9999 -9999 -9999 59.36 63.35 58.26 68.99 79.67 97.51 93.47 74.31 63.80 70.41 68.17 61.99 68.81 74.80 57.41 53.65 50.73 45.89 66.72 59.54 52.81 52.73 50.39 52.94 51.06 53.58 54.24 63.66 57.29 59.45 55.44 61.33 59.85 47.37 30.38 16.41 21.91 34.77 36.02 29.39 30.15 31.02 30.28 27.58 25.65 25.52 25.38 25.82 26.17 27.04 25.18 21.35 19.39 15.36 17.36 17.22 13.69 11.19 9.68 6.23 7.56
-9999 -9999 -9999 -9999 -9999 -9999 -9999 -9999 -9999 -9999 -9999 -9999 -9999 -9999 57.74 62.09 72.85 67.39 58.89 77.75 87.53 87.35 74.77 64.97 61.11 59.49 54.84 75.47 68.02 48.68 56.27 54.58 51.12 51.94 50.49 47.00 49.70 52.08 47.91 53.54 59.93 62.70 63.87 58.23 55.04 50.67 66.97 64.77 49.86 35.61 28.22 28.60 27.38 24.08 30.07 32.77 31.72 29.24 25.91 25.11 25.31 24.94 20.92 26.48 28.80 29.55 23.30 20.37 18.66 15.46 16.55 13.90 12.38 10.60 7.45 8.43
-9999 -9999 -9999 -9999 -9999 -9999 -9999 -9999 -9999 -9999 -9999 -9999 -9999 67.76 61.89 62.06 64.23 66.97 74.16 96.87 98.59 95.06 94.02 69.84 79.69 74.43 54.97 75.36 62.70 59.02 50.58 50.01 46.92 52.53 55.79 55.82 53.45 57.70 56.49 61.05 53.92 55.74 55.68 53.23 44.72 45.16 52.50 52.23 42.65 29.80 35.37 33.80 34.24 32.96 30.41 36.45 31.06 30.57 27.64 27.16 26.79 27.87 26.33 29.85 27.29 27.18 25.42 22.41 25.18 18.55 16.46 15.55 12.98 11.78 11.03 10.69
-9999 -9999 -9999 -9999 -9999 -9999 -9999 -9999 -9999 -9999 -9999 62.80 61.30 61.37 57.27 53.83 64.69 66.61 90.54 102.23 98.93 97.01 85.17 72.28 54.67 67.63 57.21 71.78 59.34 51.09 50.85 46.02 46.46 52.83 55.64 53.80 48.23 53.26 54.13 56.63 57.98 54.64 50.14 51.94 47.05 44.01 41.88 37.26 34.35 33.50 35.46 37.51 38.58 44.10 46.50 37.98 31.89 29.11 28.25 31.17 31.14 29.45 29.76 27.93 27.23 27.65 24.68 21.05 20.89 19.42 18.38 18.39 12.80 11.99 13.58 13.68
-9999 -9999 -9999 -9999 -9999 -9999 -9999 67.82 52.97 61.18 78.04 76.75 76.54 74.11 65.99 69.41 66.15 84.37 88.09 97.47 91.78 84.30 72.63 64.73 54.68 61.09 55.74 79.17 73.15 55.43 43.83 44.30 46.35 54.25 44.49 54.08 52.39 52.13 56.82 53.85 59.70 61.58 50.14 49.30 54.04 44.67 36.91 29.51 32.94 35.17 36.18 34.78 39.60 44.55 45.89 37.04 33.56 35.21 33.24 32.57 31.73 29.70 29.38 29.91 25.31 27.23 25.25 24.15 22.18 20.83 20.20 17.49 13.79 14.25 14.98 18.32
-9999 -9999 -9999 -9999 -9999 -9999 84.29 79.20 81.92 78.01 66.28 73.48 76.48 77.39 69.69 59.77 75.38 82.27 97.11 82.77 92.87 79.58 69.91 77.40 58.43 50.84 72.41 60.68 59.61 44.15 40.52 41.21 48.06 46.16 44.84 41.51 45.30 54.63 52.87 61.44 58.51 54.75 54.30 51.07 51.89 46.85 36.93 31.81 29.78 33.94 33.92 39.15 36.37 38.50 40.31 38.54 38.44 38.40 36.39 33.66 35.13 32.89 29.74 29.56 27.22 25.04 26.71 25.41 21.43 22.77 21.99 18.98 15.84 16.38 15.04 18.41
-9999 -9999 -9999 -9999 -9999 83.24 85.03 76.55 76.31 74.20 73.63 74.08 85.94 81.34 77.75 89.70 74.95 76.15 91.94 69.36 78.34 72.70 79.40 70.01 62.32 57.47 57.60 55.98 50.30 64.07 53.55 40.69 41.36 40.63 44.36 42.43 43.67 49.13 52.30 53.67 52.58 53.98 53.42 57.17 44.45 44.34 35.65 38.50 30.54 29.38 32.22 34.01 32.21 29.35 37.48 39.38 37.02 40.73 35.36 32.39 31.90 30.40 28.97 24.41 27.03 25.68 25.26 23.80 24.02 23.78 23.18 19.22 17.62 18.84 18.50 16.98
-9999 82.71 94.51 91.18 111.63 92.86 95.67 96.24 87.66 82.66 94.67 91.84 98.43 91.38 104.00 95.77 85.15 81.87 76.83 69.13 75.45 81.84 72.85 61.41 59.00 60.27 59.03 46.61 64.16 66.62 47.97 49.17 39.46 48.73 47.26 45.76 52.98 47.09 52.48 62.22 50.80 59.80 55.31 56.87 44.02 42.88 47.43 36.26 33.01 30.35 33.61 31.35 34.32 39.44 42.60 36.26 36.70 33.70 31.77 32.56 33.86 33.27 31.31 31.86 28.84 25.70 23.82 23.66 23.85 24.25 26.35 22.65 23.55 23.43 22.81 20.52
89.09 109.87 109.24 117.29 127.34 127.68 135.90 109.96 94.77 95.72 112.18 105.71 97.67 101.47 108.95 101.00 99.33 78.11 67.51 67.09 86.20 84.60 67.74 55.91 55.29 53.27 59.09 64.62 92.98 63.45 53.92 41.47 43.88 38.18 52.34 45.97 41.11 43.13 43.86 49.40 51.38 63.96 57.93 42.84 38.56 46.66 48.26 40.76 31.15 30.22 41.59 35.23 38.89 41.94 38.87 39.00 36.96 33.19 33.21 37.97 40.13 36.34 37.33 37.18 31.35 31.14 29.54 28.04 27.39 25.92 28.60 28.83 24.18 23.96 24.07 26.01
