Rainfall_2007-2011/Rainfall_2011-02_ACTUAL.txt
ncols         180
nrows         290
xllcorner     -200000
yllcorner     -200000
cellsize      5000
NODATA_value  -9999
[rows 68 to 101 of 290, columns 75 to 149 of 180]
-9999 -9999 -9999 -9999 -9999 106.20 158.93 116.13 128.13 133.36 143.14 121.34 142.86 127.21 126.33 115.19 101.49 105.82 93.74 94.56 97.42 94.81 95.15 67.21 -9999 -9999 -9999 -9999 -9999 -9999 -9999 -9999 -9999 -9999 -9999 -9999 -9999 -9999 -9999 -9999 -9999 -9999 -9999 -9999 -9999 -9999 -9999 -9999 -9999 -9999 -9999 -9999 -9999 -9999 -9999 -9999 -9999 -9999 -9999 -9999 -9999 -9999 -9999 -9999 -9999 -9999 -9999 -9999 -9999 -9999 -9999 -9999 -9999 -9999 -9999
-9999 -9999 -9999 -9999 -9999 -9999 109.18 128.13 117.75 124.88 150.33 120.44 109.72 106.71 92.77 94.35 84.90 100.12 107.12 83.54 91.17 73.72 60.20 -9999 -9999 -9999 -9999 -9999 -9999 -9999 -9999 -9999 -9999 -9999 -9999 -9999 -9999 -9999 -9999 -9999 -9999 -9999 -9999 -9999 -9999 -9999 -9999 -9999 -9999 -9999 -9999 -9999 -9999 -9999 -9999 -9999 -9999 -9999 -9999 -9999 -9999 -9999 -9999 -9999 -9999 -9999 -9999 -9999 -9999 -9999 -9999 -9999 -9999 -9999 -9999
-9999 -9999 113.28 -9999 -9999 108.58 110.85 126.98 136.81 135.41 130.09 117.02 113.56 119.23 97.72 84.32 77.08 94.68 102.05 96.94 69.09 62.42 -9999 -9999 -9999 -9999 -9999 -9999 -9999 -9999 -9999 -9999 -9999 -9999 -9999 -9999 -9999 -9999 -9999 -9999 -9999 -9999 -9999 -9999 -9999 -9999 -9999 -9999 -9999 -9999 -9999 -9999 -9999 -9999 -9999 -9999 -9999 -9999 -9999 -9999 -9999 -9999 -9999 -9999 -9999 -9999 -9999 -9999 -9999 -9999 -9999 -9999 -9999 -9999 -9999
110.91 110.21 126.05 110.29 128.39 127.58 134.57 115.02 164.21 144.35 136.67 138.10 135.29 116.77 104.24 72.81 85.15 78.68 101.56 103.35 91.30 54.22 -9999 -9999 -9999 -9999 -9999 -9999 -9999 -9999 -9999 -9999 -9999 -9999 -9999 -9999 -9999 -9999 -9999 -9999 -9999 -9999 -9999 -9999 -9999 -9999 -9999 -9999 -9999 -9999 -9999 -9999 -9999 -9999 -9999 -9999 -9999 -9999 -9999 -9999 -9999 -9999 -9999 -9999 -9999 -9999 -9999 -9999 -9999 -9999 -9999 -9999 -9999 -9999 -9999
142.19 123.59 131.20 134.99 139.99 153.58 179.92 187.62 125.63 154.11 165.18 171.99 162.77 121.77 122.59 132.20 95.86 78.28 79.36 80.03 65.00 -9999 -9999 47.89 -9999 -9999 -9999 -9999 -9999 -9999 -9999 -9999 -9999 -9999 -9999 -9999 -9999 -9999 -9999 -9999 -9999 -9999 -9999 -9999 -9999 -9999 -9999 -9999 -9999 -9999 -9999 -9999 -9999 -9999 -9999 -9999 -9999 -9999 -9999 -9999 -9999 -9999 -9999 -9999 -9999 -9999 -9999 -9999 -9999 -9999 -9999 -9999 -9999 -9999 -9999
137.81 143.91 144.63 156.84 177.51 150.40 217.09 171.51 155.26 169.56 175.57 218.35 174.70 144.11 154.16 138.13 117.92 124.66 96.12 85.56 70.83 66.70 53.34 47.10 -9999 -9999 -9999 -9999 -9999 -9999 -9999 -9999 -9999 -9999 -9999 -9999 -9999 -9999 -9999 -9999 -9999 -9999 -9999 -9999 -9999 -9999 -9999 -9999 -9999 -9999 -9999 -9999 -9999 -9999 -9999 -9999 -9999 -9999 -9999 -9999 -9999 -9999 -9999 -9999 -9999 -9999 -9999 -9999 -9999 -9999 -9999 -9999 -9999 -9999 -9999
116.60 151.07 148.13 173.09 173.64 203.14 193.21 179.83 161.06 150.11 143.42 156.50 126.55 116.15 148.75 125.01 111.84 97.97 82.89 81.52 63.33 60.09 55.81 -9999 -9999 -9999 -9999 -9999 -9999 -9999 -9999 -9999 -9999 -9999 -9999 -9999 -9999 -9999 -9999 -9999 -9999 -9999 -9999 -9999 -9999 -9999 -9999 -9999 -9999 -9999 -9999 -9999 -9999 -9999 -9999 -9999 -9999 -9999 -9999 -9999 -9999 -9999 -9999 -9999 -9999 -9999 -9999 -9999 -9999 -9999 -9999 -9999 -9999 -9999 -9999
122.32 140.91 151.27 149.76 222.66 218.91 221.03 202.70 201.40 216.00 167.91 146.18 126.09 127.77 138.41 126.07 126.85 87.26 71.33 49.77 49.58 64.79 -9999 -9999 -9999 -9999 -9999 -9999 -9999 -9999 -9999 -9999 -9999 -9999 -9999 -9999 -9999 -9999 -9999 -9999 -9999 -9999 -9999 -9999 -9999 -9999 -9999 -9999 -9999 -9999 -9999 -9999 -9999 -9999 -9999 -9999 -9999 -9999 -9999 -9999 -9999 -9999 -9999 -9999 -9999 -9999 -9999 -9999 -9999 -9999 -9999 -9999 -9999 -9999 -9999
146.50 169.74 192.64 191.03 202.10 231.13 221.34 214.09 224.29 186.27 164.94 168.63 123.05 113.25 169.94 140.48 101.14 70.86 54.07 52.62 48.36 -9999 -9999 -9999 -9999 -9999 -9999 37.53 36.32 35.85 35.46 -9999 -9999 29.08 38.64 38.21 35.10 37.46 -9999 -9999 -9999 41.17 -9999 48.27 56.81 -9999 -9999 -9999 -9999 -9999 -9999 -9999 -9999 -9999 -9999 -9999 -9999 -9999 -9999 -9999 -9999 -9999 -9999 -9999 -9999 -9999 -9999 -9999 -9999 -9999 -9999 -9999 -9999 -9999 -9999
121.12 154.20 186.09 185.69 213.09 209.18 210.97 190.16 222.97 153.93 143.36 113.03 124.02 139.76 137.24 116.21 94.19 79.90 71.73 68.65 48.12 -9999 -9999 -9999 41.65 37.27 38.79 39.20 44.89 39.37 38.88 36.91 37.24 42.05 46.78 47.00 41.39 45.79 40.95 45.51 52.90 60.11 61.28 60.49 59.08 64.85 -9999 -9999 -9999 -9999 -9999 -9999 -9999 -9999 -9999 -9999 -9999 -9999 -9999 -9999 -9999 -9999 -9999 -9999 -9999 -9999 -9999 -9999 -9999 -9999 -9999 -9999 -9999 -9999 -9999
104.14 127.64 147.63 197.57 173.25 185.41 171.73 173.79 156.33 159.61 156.27 156.04 126.83 92.35 105.13 97.23 79.26 87.71 64.02 67.48 50.88 49.42 46.90 43.85 43.97 47.27 48.52 52.23 45.09 42.00 48.65 45.53 54.88 55.95 54.26 48.97 44.12 58.84 54.37 48.36 53.92 67.38 68.54 64.19 76.52 67.22 75.96 -9999 -9999 -9999 -9999 -9999 -9999 -9999 -9999 -9999 -9999 -9999 -9999 -9999 -9999 -9999 -9999 -9999 -9999 -9999 -9999 -9999 -9999 -9999 -9999 -9999 -9999 -9999 -9999
149.63 176.75 210.35 192.53 224.02 197.85 197.49 188.33 180.63 164.22 138.29 172.37 147.16 142.16 113.69 87.69 86.31 71.32 60.69 -9999 44.65 49.97 47.87 53.46 55.20 52.23 40.71 49.92 57.02 59.11 60.07 50.82 50.94 51.43 50.44 49.74 61.50 59.98 57.90 51.57 58.88 72.66 76.09 76.21 76.28 71.98 72.17 68.49 -9999 -9999 -9999 -9999 -9999 -9999 -9999 -9999 -9999 -9999 -9999 -9999 -9999 -9999 -9999 -9999 -9999 -9999 -9999 -9999 -9999 -9999 -9999 -9999 -9999 -9999 -9999
176.82 218.59 200.12 235.42 247.37 227.36 212.26 200.01 223.82 207.34 167.32 155.78 167.66 223.68 148.25 81.38 62.83 63.57 58.51 51.31 52.10 65.36 48.20 53.87 47.33 66.53 62.90 62.74 72.44 61.51 53.32 58.75 61.24 65.08 61.44 53.66 54.53 65.49 61.10 55.89 63.45 71.89 75.95 73.58 94.54 73.11 64.99 62.13 -9999 -9999 -9999 -9999 -9999 -9999 -9999 -9999 -9999 -9999 -9999 -9999 -9999 -9999 -9999 -9999 -9999 -9999 -9999 -9999 -9999 -9999 -9999 -9999 -9999 -9999 -9999
284.50 207.19 211.32 166.03 194.20 199.41 189.38 196.69 169.75 178.58 178.81 173.37 151.55 134.12 97.32 76.99 97.18 78.91 68.12 76.45 77.40 90.17 78.25 59.91 64.44 67.56 79.34 73.33 53.98 50.48 42.63 41.18 63.21 58.36 57.64 47.57 50.63 64.73 67.30 49.15 65.33 66.13 67.84 71.08 83.21 86.23 77.38 69.80 -9999 -9999 -9999 -9999 -9999 -9999 -9999 -9999 -9999 -9999 -9999 -9999 -9999 -9999 -9999 -9999 -9999 -9999 -9999 -9999 -9999 -9999 -9999 -9999 -9999 -9999 -9999
211.76 181.95 164.33 185.91 200.12 220.35 186.63 180.72 171.19 132.89 137.93 155.52 152.70 146.14 124.95 106.37 126.68 73.18 84.86 74.47 83.47 109.49 105.84 67.60 50.84 67.66 87.38 59.35 38.51 62.16 47.18 67.76 79.58 62.15 74.07 56.26 55.84 83.54 67.67 62.70 63.63 68.39 69.23 78.11 90.75 80.36 78.94 -9999 -9999 -9999 -9999 -9999 -9999 -9999 -9999 -9999 -9999 -9999 -9999 -9999 -9999 -9999 -9999 -9999 -9999 -9999 -9999 -9999 -9999 -9999 -9999 -9999 -9999 -9999 -9999
140.78 162.78 159.84 190.45 224.40 251.70 214.71 221.60 188.74 196.46 164.03 147.40 132.05 129.51 115.91 120.57 74.13 79.48 74.36 109.78 92.69 89.17 118.46 79.05 66.85 72.01 73.31 65.74 57.17 59.50 52.91 70.67 76.39 87.02 81.17 74.05 76.06 69.29 66.79 64.64 79.48 73.31 74.86 84.52 85.06 81.13 78.90 -9999 -9999 -9999 -9999 -9999 -9999 -9999 -9999 -9999 -9999 -9999 -9999 -9999 -9999 -9999 -9999 -9999 -9999 -9999 -9999 -9999 -9999 -9999 -9999 -9999 -9999 -9999 -9999
167.89 164.90 171.53 206.60 190.09 211.11 219.87 213.65 208.13 206.53 151.05 162.27 142.91 153.96 125.79 94.57 103.73 94.70 102.85 108.13 103.31 98.00 104.61 72.06 70.90 69.17 58.25 98.64 68.57 69.13 103.20 91.01 65.33 83.07 68.33 63.69 64.80 66.57 79.26 75.47 79.21 84.73 81.41 86.21 78.14 75.60 -9999 -9999 -9999 -9999 -9999 -9999 -9999 -9999 -9999 -9999 -9999 -9999 -9999 -9999 -9999 -9999 -9999 -9999 -9999 -9999 -9999 -9999 -9999 -9999 -9999 -9999 -9999 -9999 -9999
230.51 211.13 234.35 238.31 217.37 237.54 260.14 229.62 154.61 181.13 196.94 210.18 209.93 186.72 143.25 107.89 103.38 128.81 128.47 99.23 115.38 104.21 66.64 62.07 68.30 72.82 78.60 66.95 73.22 66.51 88.42 107.06 95.84 122.23 79.34 86.58 73.60 89.73 133.93 92.18 79.21 89.52 95.77 86.97 79.35 -9999 -9999 -9999 -9999 -9999 -9999 -9999 -9999 -9999 -9999 -9999 -9999 -9999 -9999 -9999 -9999 -9999 -9999 -9999 -9999 -9999 -9999 -9999 -9999 -9999 -9999 -9999 -9999 -9999 -9999
187.79 186.19 219.35 268.70 317.82 259.69 242.03 228.79 257.43 245.45 228.73 192.01 165.56 176.69 128.07 102.82 128.52 145.03 108.75 95.83 127.85 96.00 103.71 69.30 77.96 57.59 67.57 93.73 106.32 90.77 112.19 121.20 96.91 112.41 76.80 70.71 55.87 62.66 78.31 76.64 80.27 81.13 85.60 83.54 72.29 -9999 -9999 -9999 -9999 -9999 -9999 -9999 -9999 -9999 -9999 -9999 -9999 -9999 -9999 -9999 -9999 -9999 -9999 -9999 -9999 -9999 -9999 -9999 -9999 -9999 -9999 -9999 -9999 -9999 -9999
187.29 219.94 275.38 316.16 292.62 286.37 253.74 265.51 295.77 216.70 199.66 201.44 215.01 156.73 136.37 145.84 182.41 179.55 154.21 151.13 124.66 117.86 97.78 65.46 99.77 65.70 107.09 106.01 103.23 109.93 98.39 97.21 96.62 89.25 98.37 101.87 70.68 84.55 91.60 79.67 75.88 83.98 94.79 90.46 -9999 -9999 -9999 -9999 -9999 -9999 -9999 -9999 -9999 -9999 -9999 -9999 -9999 -9999 -9999 -9999 -9999 -9999 -9999 -9999 -9999 -9999 -9999 -9999 -9999 -9999 -9999 -9999 -9999 -9999 -9999
238.53 227.75 267.71 254.62 294.80 273.28 302.29 298.13 288.91 304.59 274.09 204.77 166.15 196.51 175.42 186.70 236.59 225.34 198.01 182.40 136.66 72.06 57.93 64.07 84.26 106.36 137.67 125.80 90.51 101.07 90.05 123.37 108.35 102.31 104.49 93.18 93.29 107.78 104.66 82.82 62.82 99.75 93.14 94.02 -9999 -9999 -9999 -9999 -9999 -9999 -9999 -9999 -9999 -9999 -9999 -9999 -9999 -9999 -9999 -9999 -9999 -9999 -9999 -9999 -9999 -9999 -9999 -9999 -9999 -9999 -9999 -9999 -9999 -9999 -9999
200.34 248.89 255.58 290.46 309.41 255.83 277.51 290.21 242.06 213.58 199.89 225.77 244.45 238.83 235.57 243.01 245.55 230.88 196.43 131.71 106.17 78.37 121.07 135.64 188.69 200.08 175.62 165.77 151.94 139.58 121.66 115.12 111.55 71.07 68.76 85.77 91.93 105.40 153.75 116.18 92.49 100.21 159.80 92.03 81.24 -9999 -9999 -9999 -9999 -9999 -9999 -9999 -9999 -9999 -9999 -9999 -9999 -9999 -9999 -9999 -9999 -9999 -9999 -9999 -9999 -9999 -9999 -9999 -9999 -9999 -9999 -9999 -9999 -9999 -9999
228.28 266.04 224.66 269.71 317.58 291.33 303.95 301.01 265.77 278.44 285.50 289.42 246.68 261.23 220.58 191.57 183.76 176.85 162.97 104.40 114.07 99.88 134.68 188.31 161.00 190.51 174.43 167.69 153.09 138.83 127.56 141.40 103.98 75.25 90.53 68.62 88.20 124.49 101.70 107.37 104.60 107.75 114.85 99.41 -9999 -9999 -9999 -9999 -9999 -9999 -9999 -9999 -9999 -9999 -9999 -9999 -9999 -9999 -9999 -9999 -9999 -9999 -9999 -9999 -9999 -9999 -9999 -9999 -9999 -9999 -9999 -9999 -9999 -9999 -9999
220.50 283.07 251.48 297.93 280.66 259.31 257.76 257.01 296.20 312.00 289.32 210.50 216.58 225.97 224.90 171.59 150.55 109.62 112.64 140.50 153.22 153.90 179.51 181.82 181.19 122.85 128.35 132.07 91.56 88.61 101.56 136.36 146.23 122.66 119.84 161.92 181.11 143.05 126.63 149.98 150.74 115.40 99.43 -9999 -9999 -9999 -9999 -9999 -9999 -9999 -9999 -9999 -9999 -9999 -9999 -9999 -9999 -9999 -9999 -9999 -9999 -9999 -9999 -9999 -9999 -9999 -9999 -9999 -9999 -9999 -9999 -9999 -9999 -9999 -9999
216.20 301.06 324.34 314.54 315.71 281.43 241.52 252.04 249.47 222.75 272.07 250.80 263.73 289.33 167.09 171.85 140.03 128.11 119.34 170.64 191.35 185.57 170.49 177.19 159.58 136.18 112.91 146.82 149.13 155.12 130.20 99.18 163.84 206.69 194.07 205.94 219.55 226.66 203.55 162.81 131.51 97.73 94.03 -9999 -9999 -9999 -9999 -9999 -9999 -9999 -9999 -9999 -9999 -9999 -9999 -9999 -9999 -9999 -9999 -9999 -9999 -9999 -9999 -9999 -9999 -9999 -9999 -9999 -9999 -9999 -9999 -9999 -9999 -9999 -9999
222.90 249.25 322.41 342.10 242.63 231.92 281.00 223.52 209.98 193.01 191.98 207.30 190.26 175.85 167.52 203.23 174.74 135.26 176.93 156.00 183.76 206.14 218.22 214.25 192.66 169.11 155.18 165.78 178.17 206.87 132.91 151.23 191.87 142.72 148.11 197.99 205.81 219.05 174.04 134.57 130.03 103.38 77.65 -9999 -9999 -9999 -9999 -9999 -9999 -9999 -9999 -9999 -9999 -9999 -9999 -9999 -9999 -9999 -9999 -9999 -9999 -9999 -9999 -9999 -9999 -9999 -9999 -9999 -9999 -9999 -9999 -9999 -9999 -9999 -9999
296.86 259.50 293.47 291.99 218.56 203.81 221.18 183.55 200.41 200.44 233.05 181.31 205.19 203.81 225.34 201.18 171.87 156.23 185.82 153.94 199.02 167.62 210.62 201.80 173.52 235.18 219.65 213.02 243.49 258.42 243.78 239.39 231.04 200.22 174.26 157.25 173.17 173.20 139.36 122.44 107.02 105.54 71.65 -9999 -9999 -9999 -9999 -9999 -9999 -9999 -9999 -9999 -9999 -9999 -9999 -9999 -9999 -9999 -9999 -9999 -9999 -9999 -9999 -9999 -9999 -9999 -9999 -9999 -9999 -9999 -9999 -9999 -9999 -9999 -9999
267.89 258.88 325.41 274.96 300.24 313.91 235.96 254.84 355.88 329.06 314.32 248.25 261.43 244.84 254.46 240.19 223.54 184.26 178.92 170.86 169.58 127.17 190.86 175.87 219.32 200.61 208.67 164.99 200.84 248.17 250.66 190.80 205.54 211.43 183.60 228.30 173.61 139.80 115.22 104.38 108.71 83.82 -9999 -9999 -9999 -9999 -9999 -9999 -9999 -9999 -9999 -9999 -9999 -9999 -9999 -9999 -9999 -9999 -9999 -9999 -9999 -9999 -9999 -9999 -9999 -9999 -9999 -9999 -9999 -9999 -9999 -9999 -9999 -9999 -9999
274.70 301.35 333.49 321.64 323.05 295.04 298.74 357.00 349.03 399.44 349.96 282.64 227.06 248.03 245.69 236.44 210.24 167.64 167.53 164.07 128.59 150.03 158.24 181.13 199.58 205.64 213.35 157.34 165.94 191.68 197.21 202.64 181.94 186.18 169.67 133.30 134.49 118.79 103.64 113.89 99.14 -9999 -9999 -9999 -9999 -9999 -9999 -9999 -9999 -9999 -9999 -9999 -9999 -9999 -9999 -9999 -9999 -9999 -9999 -9999 -9999 -9999 -9999 -9999 -9999 -9999 -9999 -9999 -9999 -9999 -9999 -9999 -9999 -9999 -9999
276.73 263.10 317.20 312.39 306.11 271.82 304.88 342.81 292.27 371.12 356.51 316.68 244.52 233.02 196.45 193.18 175.98 145.27 202.91 150.20 157.91 147.16 152.07 134.65 199.25 182.18 165.60 132.18 182.10 187.48 206.28 170.57 174.37 151.34 116.29 95.45 111.53 113.92 99.30 91.15 -9999 -9999 -9999 -9999 -9999 -9999 -9999 -9999 -9999 -9999 -9999 -9999 -9999 -9999 -9999 -9999 -9999 -9999 -9999 -9999 -9999 -9999 -9999 -9999 -9999 -9999 -9999 -9999 -9999 -9999 -9999 -9999 -9999 -9999 -9999
296.00 336.36 372.94 293.32 278.63 375.33 318.61 342.10 395.38 387.30 373.05 294.75 259.95 173.22 152.51 134.79 153.30 144.42 143.83 172.95 150.84 161.02 167.30 135.63 163.00 172.69 143.42 141.49 182.57 221.99 205.62 163.96 140.90 123.08 110.04 88.03 108.53 106.07 89.54 95.97 -9999 -9999 -9999 -9999 -9999 -9999 -9999 -9999 -9999 -9999 -9999 -9999 -9999 -9999 -9999 -9999 -9999 -9999 -9999 -9999 -9999 -9999 -9999 -9999 -9999 -9999 -9999 -9999 -9999 -9999 -9999 -9999 -9999 -9999 -9999
328.50 359.50 325.46 -9999 282.15 360.94 361.55 402.50 362.39 376.29 370.17 284.43 233.46 193.93 181.00 194.51 207.20 215.63 258.71 244.74 201.27 192.06 144.55 132.27 109.56 145.49 159.34 157.30 172.34 175.90 135.66 127.84 116.38 110.57 122.97 108.74 102.34 106.97 102.53 -9999 -9999 -9999 -9999 -9999 -9999 -9999 -9999 -9999 -9999 -9999 -9999 -9999 -9999 -9999 -9999 -9999 -9999 -9999 -9999 -9999 -9999 -9999 -9999 -9999 -9999 -9999 -9999 -9999 -9999 -9999 -9999 -9999 -9999 -9999 -9999
332.49 311.20 -9999 198.35 233.29 284.51 344.06 342.21 360.32 410.49 331.91 304.97 258.61 254.69 249.32 213.87 210.19 176.91 201.27 196.73 201.48 192.40 165.45 151.89 145.47 148.90 156.29 145.48 149.85 147.57 118.55 108.98 121.61 124.66 123.90 116.91 109.21 93.06 87.97 -9999 -9999 -9999 -9999 -9999 -9999 -9999 -9999 -9999 -9999 -9999 -9999 -9999 -9999 -9999 -9999 -9999 -9999 -9999 -9999 -9999 -9999 -9999 -9999 -9999 -9999 -9999 -9999 -9999 -9999 -9999 -9999 -9999 -9999 -9999 -9999
281.35 -9999 220.93 130.93 226.93 389.48 366.12 438.65 348.40 327.45 263.50 297.18 275.16 266.41 295.49 233.92 224.22 237.00 277.28 209.66 217.75 258.97 197.10 128.60 166.20 194.34 165.21 120.97 112.74 113.12 114.39 137.29 133.97 153.15 136.14 121.54 114.82 95.33 75.40 -9999 -9999 -9999 -9999 -9999 -9999 -9999 -9999 -9999 -9999 -9999 -9999 -9999 -9999 -9999 -9999 -9999 -9999 -9999 -9999 -9999 -9999 -9999 -9999 -9999 -9999 -9999 -9999 -9999 -9999 -9999 -9999 -9999 -9999 -9999 -9999
