Rainfall_2007-2011/Rainfall_2011-04_ACTUAL.txt
ncols         180
nrows         290
xllcorner     -200000
yllcorner     -200000
cellsize      5000
NODATA_value  -9999
[rows 140 to 174 of 290, columns 77 to 153 of 180]
-9999 -9999 -9999 -9999 20.29 -9999 -9999 -9999 23.66 21.26 24.03 25.49 22.59 -9999 -9999 36.18 38.00 40.53 53.18 -9999 -9999 -9999 -9999 -9999 46.30 44.88 40.37 43.52 42.42 38.37 33.23 33.36 35.06 29.08 35.86 43.03 52.75 45.50 38.71 35.10 35.58 21.22 16.50 14.28 11.53 5.16 7.56 6.62 5.92 6.94 6.84 5.44 -9999 -9999 -9999 -9999 -9999 -9999 -9999 -9999 -9999 -9999 -9999 -9999 -9999 -9999 -9999 -9999 -9999 -9999 -9999 -9999 -9999 -9999 -9999 -9999 -9999
-9999 -9999 -9999 -9999 18.75 17.63 -9999 -9999 -9999 17.47 20.69 25.53 25.30 -9999 -9999 -9999 -9999 38.06 -9999 -9999 -9999 -9999 -9999 -9999 51.30 51.41 45.21 53.78 54.72 48.43 40.89 34.85 32.71 33.50 30.33 33.16 36.53 46.73 52.61 42.68 36.03 23.87 19.52 17.49 10.51 6.94 6.95 5.93 5.49 5.72 5.86 3.72 -9999 -9999 -9999 -9999 -9999 -9999 -9999 -9999 -9999 -9999 -9999 -9999 -9999 -9999 -9999 -9999 -9999 -9999 -9999 -9999 -9999 -9999 -9999 -9999 -9999
-9999 -9999 -9999 -9999 -9999 19.39 -9999 -9999 -9999 -9999 20.98 24.95 26.10 -9999 -9999 -9999 -9999 -9999 -9999 -9999 -9999 -9999 -9999 55.39 54.42 63.18 48.36 62.52 66.48 58.43 50.59 45.66 35.59 28.29 28.83 34.96 51.97 77.37 78.97 45.04 30.85 19.15 20.68 14.18 10.88 11.90 9.88 7.43 6.74 6.40 6.22 5.03 3.79 -9999 -9999 -9999 -9999 -9999 -9999 -9999 -9999 -9999 -9999 -9999 -9999 -9999 -9999 -9999 -9999 -9999 -9999 -9999 -9999 -9999 -9999 -9999 -9999
-9999 -9999 -9999 -9999 -9999 21.33 -9999 -9999 -9999 -9999 -9999 -9999 -9999 -9999 -9999 -9999 -9999 -9999 -9999 -9999 -9999 -9999 -9999 51.78 48.53 55.87 50.19 59.69 88.75 81.83 64.55 54.72 31.85 34.56 17.75 21.97 42.21 60.74 57.16 42.20 49.15 41.89 34.01 25.91 18.53 12.22 10.29 8.43 8.48 7.48 5.79 5.13 4.25 3.26 -9999 -9999 -9999 -9999 -9999 -9999 -9999 -9999 -9999 -9999 -9999 -9999 -9999 -9999 -9999 -9999 -9999 -9999 -9999 -9999 -9999 -9999 -9999
-9999 -9999 -9999 -9999 -9999 -9999 -9999 -9999 -9999 -9999 -9999 -9999 -9999 -9999 -9999 -9999 -9999 -9999 -9999 -9999 -9999 -9999 44.94 49.46 60.89 62.62 75.78 66.25 105.64 97.18 69.41 38.59 36.01 28.49 21.97 19.78 31.18 60.93 48.26 30.89 39.85 40.15 30.10 20.64 13.32 11.97 11.37 8.53 6.67 4.30 4.67 4.63 4.42 4.66 -9999 -9999 -9999 -9999 -9999 -9999 -9999 -9999 -9999 -9999 -9999 -9999 -9999 -9999 -9999 -9999 -9999 -9999 -9999 -9999 -9999 -9999 -9999
-9999 -9999 -9999 -9999 -9999 -9999 -9999 -9999 -9999 -9999 -9999 -9999 -9999 -9999 -9999 -9999 -9999 -9999 -9999 -9999 -9999 -9999 43.78 47.98 63.29 81.60 107.30 88.85 65.70 87.91 74.12 61.94 47.59 30.04 36.33 30.41 31.74 38.54 57.53 45.98 37.05 27.14 25.08 17.08 10.99 7.80 10.07 8.64 6.56 3.93 4.08 4.64 5.24 6.15 8.17 8.46 8.01 -9999 -9999 -9999 -9999 -9999 -9999 -9999 -9999 -9999 -9999 -9999 -9999 -9999 -9999 -9999 -9999 -9999 -9999 -9999 -9999
-9999 -9999 -9999 -9999 -9999 -9999 -9999 -9999 -9999 -9999 -9999 -9999 -9999 -9999 -9999 -9999 -9999 -9999 -9999 -9999 -9999 -9999 38.06 50.62 75.97 89.69 117.34 107.26 119.94 112.81 101.07 83.47 70.27 55.88 50.89 43.13 29.85 26.98 37.42 33.20 31.98 21.90 15.93 12.71 9.84 9.34 8.64 7.14 5.31 3.86 4.32 5.23 6.22 6.91 9.86 9.61 11.28 9.73 7.95 -9999 -9999 -9999 -9999 -9999 -9999 -9999 -9999 -9999 -9999 -9999 -9999 -9999 -9999 -9999 -9999 -9999 -9999
-9999 -9999 -9999 -9999 -9999 -9999 -9999 -9999 -9999 -9999 -9999 -9999 -9999 -9999 -9999 -9999 -9999 -9999 -9999 -9999 -9999 -9999 34.90 59.02 91.55 136.47 198.31 204.17 136.78 109.13 132.09 125.98 111.50 93.23 81.16 65.50 51.37 51.13 35.47 24.80 29.53 20.54 19.83 14.11 9.93 10.73 11.90 6.94 4.86 3.99 5.04 7.05 7.32 5.86 5.61 7.66 14.24 16.23 15.36 26.12 17.29 -9999 -9999 -9999 -9999 -9999 -9999 -9999 -9999 -9999 -9999 -9999 -9999 -9999 -9999 -9999 -9999
-9999 -9999 -9999 -9999 -9999 -9999 -9999 -9999 -9999 -9999 -9999 -9999 -9999 -9999 -9999 -9999 -9999 -9999 -9999 -9999 -9999 -9999 41.77 52.81 74.48 102.47 126.41 203.96 169.66 115.81 132.74 99.78 103.29 96.38 87.08 94.92 69.86 62.61 40.87 51.60 38.26 35.22 29.89 21.88 15.59 10.41 10.25 7.58 5.81 5.03 6.12 8.92 7.08 3.84 3.84 6.76 13.75 38.90 19.38 25.84 15.00 9.82 -9999 -9999 -9999 -9999 -9999 -9999 -9999 -9999 -9999 -9999 -9999 -9999 -9999 -9999 -9999
-9999 -9999 -9999 -9999 -9999 -9999 -9999 -9999 -9999 -9999 39.05 36.03 33.79 -9999 -9999 -9999 -9999 -9999 -9999 -9999 -9999 -9999 -9999 40.76 53.19 72.16 79.73 91.92 170.97 103.47 82.25 87.66 98.19 94.78 90.51 115.22 86.81 67.86 59.68 54.94 42.15 44.51 30.89 19.85 17.76 12.19 6.54 6.50 5.60 4.81 4.28 4.78 3.55 4.22 2.59 6.72 9.85 17.08 14.86 9.74 12.42 7.64 5.49 -9999 -9999 -9999 -9999 -9999 -9999 -9999 -9999 -9999 -9999 -9999 -9999 -9999 -9999
-9999 -9999 -9999 -9999 -9999 -9999 -9999 -9999 -9999 -9999 40.18 43.91 -9999 -9999 -9999 -9999 -9999 -9999 -9999 -9999 -9999 -9999 -9999 -9999 51.03 61.89 73.45 89.86 129.39 95.75 90.58 94.02 78.31 85.14 89.77 67.42 101.59 92.19 66.56 70.17 46.98 36.26 25.11 24.09 16.48 13.91 7.55 5.28 4.55 4.28 3.36 3.68 2.30 3.53 4.33 3.58 3.97 6.95 10.38 7.31 3.29 6.67 7.21 -9999 -9999 -9999 -9999 -9999 -9999 -9999 -9999 -9999 -9999 -9999 -9999 -9999 -9999
-9999 -9999 -9999 -9999 -9999 -9999 -9999 -9999 -9999 35.23 47.48 55.50 49.93 -9999 -9999 -9999 -9999 -9999 -9999 -9999 -9999 -9999 -9999 -9999 47.84 60.28 70.19 77.94 90.16 89.89 78.56 74.93 70.78 71.51 75.67 71.41 60.89 91.62 63.41 68.59 45.97 35.75 35.50 24.58 19.67 11.15 6.18 2.01 2.57 3.25 3.05 4.03 4.03 4.05 4.44 5.44 5.17 6.93 7.92 7.07 5.05 4.93 5.03 2.91 -9999 -9999 -9999 -9999 -9999 -9999 -9999 -9999 -9999 -9999 -9999 -9999 -9999
-9999 -9999 -9999 -9999 -9999 -9999 -9999 -9999 34.89 46.99 45.59 51.27 41.68 -9999 -9999 -9999 -9999 -9999 -9999 -9999 -9999 -9999 -9999 -9999 47.89 53.01 63.32 60.28 78.08 70.77 76.14 63.85 67.01 66.11 69.02 66.79 83.80 84.77 66.45 60.19 59.37 41.36 32.63 21.97 20.69 10.30 4.62 3.83 2.56 1.79 3.29 3.57 4.19 4.09 3.69 4.33 4.44 4.17 4.25 4.76 5.24 3.61 2.99 2.71 -9999 -9999 -9999 -9999 -9999 -9999 -9999 -9999 -9999 -9999 -9999 -9999 -9999
-9999 -9999 -9999 -9999 -9999 -9999 -9999 29.84 34.10 54.19 45.88 33.93 -9999 -9999 -9999 -9999 -9999 -9999 -9999 -9999 -9999 -9999 -9999 -9999 -9999 49.87 49.53 45.82 74.06 61.04 58.15 53.96 55.86 60.72 56.87 60.88 69.33 79.76 81.87 78.27 80.96 58.82 44.56 31.19 23.17 8.82 9.21 6.61 4.65 3.66 3.69 3.40 3.08 3.03 3.31 3.66 3.16 3.03 2.74 2.91 2.90 3.63 2.24 1.66 2.93 2.85 -9999 -9999 -9999 -9999 -9999 -9999 -9999 -9999 -9999 -9999 -9999
-9999 -9999 -9999 -9999 -9999 -9999 -9999 38.66 43.75 40.79 39.80 32.82 -9999 -9999 -9999 -9999 -9999 -9999 -9999 -9999 -9999 -9999 -9999 -9999 -9999 -9999 42.73 35.52 39.08 35.43 54.20 51.79 57.16 59.13 65.16 60.19 76.00 61.78 78.89 67.81 68.42 51.00 44.71 37.00 24.01 15.01 11.72 8.99 5.92 4.04 3.41 3.11 2.62 1.44 1.69 3.44 2.97 2.44 2.58 2.14 1.42 2.57 2.28 2.33 3.69 3.19 -9999 -9999 -9999 -9999 -9999 -9999 -9999 -9999 -9999 -9999 -9999
-9999 -9999 -9999 -9999 -9999 -9999 -9999 38.04 35.58 33.64 34.66 -9999 -9999 -9999 -9999 -9999 -9999 -9999 -9999 -9999 -9999 -9999 -9999 -9999 -9999 -9999 31.46 39.04 43.95 -9999 48.33 -9999 52.40 55.21 54.36 49.19 45.09 35.14 38.77 50.75 62.83 38.56 31.42 32.11 25.68 20.72 12.92 8.16 5.81 3.12 3.59 2.74 2.26 1.70 2.35 3.84 3.17 3.23 2.72 2.20 1.97 2.41 2.38 2.36 2.68 2.96 2.87 3.18 -9999 -9999 -9999 -9999 -9999 -9999 -9999 -9999 -9999
-9999 -9999 -9999 -9999 -9999 -9999 26.42 28.11 21.43 -9999 -9999 -9999 -9999 -9999 -9999 -9999 -9999 -9999 -9999 -9999 -9999 -9999 -9999 -9999 -9999 -9999 34.04 36.34 40.20 -9999 -9999 -9999 48.11 63.09 49.29 48.94 40.82 37.40 35.68 31.64 38.31 38.36 30.11 28.49 23.50 18.91 13.40 8.79 6.04 3.22 2.67 2.01 1.63 1.63 2.61 3.69 3.49 3.05 2.70 2.31 2.76 2.64 2.50 2.49 2.38 2.51 2.54 2.84 -9999 -9999 -9999 -9999 -9999 -9999 -9999 -9999 -9999
-9999 -9999 -9999 -9999 -9999 -9999 -9999 -9999 -9999 -9999 -9999 -9999 -9999 -9999 -9999 -9999 -9999 -9999 -9999 -9999 -9999 -9999 -9999 -9999 -9999 -9999 -9999 -9999 -9999 -9999 -9999 44.49 49.39 57.07 64.14 54.48 57.40 49.86 35.28 36.55 39.40 37.93 29.34 23.24 19.66 16.65 11.76 8.06 5.60 3.62 2.71 1.83 1.59 1.30 2.77 4.15 3.77 3.04 2.98 2.92 2.96 3.00 2.40 1.90 1.96 2.17 1.53 -9999 -9999 -9999 -9999 -9999 -9999 -9999 -9999 -9999 -9999
-9999 -9999 -9999 -9999 -9999 -9999 -9999 -9999 -9999 -9999 -9999 -9999 -9999 -9999 -9999 -9999 -9999 -9999 -9999 -9999 -9999 -9999 -9999 -9999 -9999 -9999 -9999 -9999 -9999 -9999 -9999 44.41 47.25 57.04 80.28 72.90 67.05 50.64 39.88 27.27 30.20 24.85 22.57 24.06 17.60 13.10 10.78 7.30 4.49 3.15 2.78 2.21 1.69 1.72 2.52 3.25 3.28 2.89 2.98 3.72 3.53 3.13 2.38 1.59 1.73 2.53 2.47 -9999 -9999 -9999 -9999 -9999 -9999 -9999 -9999 -9999 -9999
-9999 -9999 -9999 -9999 -9999 -9999 -9999 -9999 -9999 -9999 -9999 -9999 -9999 -9999 -9999 -9999 -9999 -9999 -9999 -9999 -9999 -9999 -9999 -9999 -9999 -9999 -9999 -9999 -9999 -9999 -9999 37.60 45.01 53.75 65.25 69.80 61.09 48.96 35.91 29.20 28.32 23.04 13.13 15.05 11.98 9.57 8.18 6.60 3.21 2.54 2.47 2.10 1.90 2.53 2.25 2.87 2.49 2.35 2.75 3.30 2.73 2.89 2.63 2.43 3.05 2.85 2.47 -9999 -9999 -9999 -9999 -9999 -9999 -9999 -9999 -9999 -9999
-9999 -9999 -9999 -9999 -9999 -9999 -9999 -9999 -9999 -9999 -9999 -9999 -9999 -9999 -9999 -9999 -9999 -9999 -9999 -9999 -9999 -9999 -9999 -9999 -9999 -9999 -9999 -9999 -9999 27.66 36.83 36.40 41.17 56.93 59.89 70.86 56.84 52.12 35.82 22.75 26.30 20.56 18.90 13.23 13.02 9.37 6.58 3.72 3.40 2.10 2.19 1.65 1.48 2.11 2.54 2.69 2.42 2.03 2.55 2.83 2.63 3.16 2.81 3.29 3.66 2.95 2.72 2.55 -9999 -9999 -9999 -9999 -9999 -9999 -9999 -9999 -9999
-9999 -9999 -9999 -9999 -9999 -9999 -9999 -9999 -9999 -9999 -9999 -9999 -9999 -9999 -9999 -9999 -9999 -9999 -9999 -9999 -9999 -9999 -9999 -9999 -9999 -9999 -9999 -9999 -9999 35.02 37.69 36.00 37.44 42.81 53.91 46.42 42.78 36.35 35.58 38.79 26.22 29.28 23.22 15.54 10.01 8.45 6.29 4.46 2.37 0.88 1.68 1.15 0.68 1.30 1.25 1.77 2.18 2.21 2.56 2.01 2.38 3.41 3.09 3.40 2.39 2.99 3.39 3.48 -9999 -9999 -9999 -9999 -9999 -9999 -9999 -9999 -9999
-9999 -9999 -9999 -9999 -9999 -9999 -9999 -9999 -9999 -9999 -9999 -9999 -9999 -9999 -9999 -9999 -9999 -9999 -9999 -9999 -9999 -9999 -9999 -9999 -9999 -9999 -9999 -9999 -9999 36.61 36.28 35.25 36.78 40.09 45.59 45.07 39.93 34.95 31.49 29.43 22.05 12.93 17.78 8.25 9.20 5.60 4.00 4.00 1.35 1.64 1.79 1.39 1.23 1.22 0.68 1.03 1.98 2.52 2.88 2.25 3.43 4.14 4.54 4.45 4.11 4.56 4.41 4.63 4.64 -9999 -9999 -9999 -9999 -9999 -9999 -9999 -9999
-9999 -9999 -9999 -9999 -9999 -9999 -9999 -9999 -9999 -9999 -9999 -9999 -9999 -9999 -9999 -9999 -9999 -9999 -9999 -9999 -9999 -9999 -9999 -9999 -9999 -9999 -9999 -9999 -9999 28.81 31.54 34.09 35.43 45.07 39.83 34.12 31.38 28.63 23.26 22.12 18.07 20.40 17.24 15.74 12.31 6.33 4.38 4.84 3.14 0.86 1.36 1.76 1.61 1.27 0.90 1.12 2.05 2.91 3.34 3.43 4.29 4.35 5.62 4.79 4.54 4.93 5.36 6.95 6.52 5.37 -9999 -9999 -9999 -9999 -9999 -9999 -9999
-9999 -9999 -9999 -9999 -9999 -9999 -9999 -9999 -9999 -9999 -9999 -9999 -9999 -9999 -9999 -9999 -9999 -9999 -9999 -9999 -9999 -9999 -9999 -9999 -9999 -9999 -9999 -9999 -9999 29.64 28.18 28.94 27.08 36.11 33.11 30.19 26.38 24.29 18.48 20.64 21.97 23.75 19.90 17.04 9.40 9.29 7.14 6.15 3.45 1.79 1.49 1.21 1.78 1.93 1.61 1.73 2.38 3.35 3.96 4.05 3.58 4.82 4.95 6.11 7.43 6.98 7.62 8.73 7.00 5.84 -9999 -9999 -9999 -9999 -9999 -9999 -9999
-9999 -9999 -9999 -9999 -9999 -9999 -9999 -9999 -9999 -9999 -9999 -9999 -9999 -9999 -9999 -9999 -9999 -9999 -9999 -9999 -9999 -9999 -9999 -9999 -9999 -9999 -9999 -9999 -9999 -9999 23.87 25.08 23.29 24.24 27.45 25.61 26.85 24.39 24.65 22.60 27.42 31.03 20.49 18.03 10.73 9.29 7.92 6.28 2.86 1.37 1.22 0.98 1.99 2.38 1.85 1.94 2.71 3.75 4.50 4.62 3.97 5.55 6.44 9.33 9.71 9.02 -9999 8.55 5.81 5.18 4.94 -9999 -9999 -9999 -9999 -9999 -9999
-9999 -9999 -9999 -9999 -9999 -9999 -9999 -9999 -9999 -9999 -9999 -9999 -9999 -9999 -9999 -9999 -9999 -9999 -9999 -9999 -9999 -9999 -9999 -9999 -9999 -9999 -9999 -9999 -9999 19.18 22.89 23.68 23.88 26.85 32.16 28.66 28.12 29.34 30.03 33.76 31.83 27.90 26.50 20.32 16.10 10.81 7.97 7.33 3.97 0.94 1.63 1.74 2.17 2.31 1.75 1.30 2.36 3.78 4.93 5.68 3.89 11.84 9.98 11.48 12.35 10.74 8.23 -9999 5.16 5.20 5.16 4.87 -9999 -9999 -9999 -9999 -9999
-9999 -9999 -9999 -9999 -9999 -9999 -9999 -9999 -9999 -9999 -9999 -9999 -9999 -9999 -9999 -9999 -9999 -9999 -9999 -9999 -9999 -9999 -9999 -9999 -9999 -9999 -9999 -9999 -9999 17.68 21.47 22.89 22.10 25.28 24.17 23.59 21.28 22.80 24.17 24.80 18.74 19.87 20.74 19.65 13.71 9.36 6.98 8.54 9.04 5.43 2.65 2.06 2.89 2.29 1.18 0.00 1.69 3.50 4.01 7.02 6.90 14.21 9.80 8.49 9.92 9.46 6.96 5.58 -9999 -9999 -9999 -9999 -9999 -9999 -9999 -9999 -9999
-9999 -9999 -9999 -9999 -9999 -9999 -9999 -9999 -9999 -9999 -9999 -9999 -9999 -9999 -9999 -9999 -9999 -9999 -9999 -9999 -9999 -9999 -9999 -9999 -9999 -9999 -9999 -9999 17.36 17.01 18.78 22.81 23.78 24.83 23.27 23.51 23.24 20.71 19.63 19.71 18.35 19.78 22.33 25.81 20.22 13.99 12.57 14.07 13.72 6.43 3.13 3.15 3.00 2.76 2.08 1.17 2.12 3.45 3.53 6.03 6.60 8.70 8.39 6.84 6.51 5.13 4.42 3.45 3.88 4.41 -9999 -9999 -9999 -9999 -9999 -9999 -9999
-9999 -9999 -9999 -9999 -9999 -9999 -9999 -9999 -9999 -9999 -9999 -9999 -9999 -9999 -9999 -9999 -9999 -9999 -9999 -9999 -9999 -9999 -9999 -9999 -9999 -9999 -9999 -9999 -9999 16.25 18.08 20.04 24.76 31.47 23.36 20.36 19.10 18.46 18.15 17.54 17.50 17.11 18.66 26.80 22.67 16.79 13.32 10.49 11.30 7.26 4.56 3.33 4.87 5.63 3.53 1.91 2.30 3.79 2.89 2.39 4.78 7.40 7.44 6.31 4.51 3.38 2.98 2.17 3.69 4.21 4.27 4.25 -9999 -9999 -9999 -9999 -9999
-9999 -9999 -9999 -9999 -9999 -9999 -9999 -9999 -9999 -9999 -9999 -9999 -9999 -9999 -9999 -9999 -9999 -9999 -9999 -9999 -9999 -9999 -9999 -9999 -9999 -9999 -9999 -9999 -9999 17.39 20.54 18.73 18.28 24.15 21.40 18.68 16.67 15.50 14.26 15.05 14.57 10.99 16.76 18.93 24.41 18.99 16.06 11.65 18.66 9.88 6.00 5.80 11.27 10.64 6.17 3.86 4.06 4.77 3.52 3.95 4.32 5.73 6.21 5.56 4.49 3.20 5.05 5.25 4.91 4.18 3.98 3.99 -9999 -9999 -9999 -9999 -9999
-9999 -9999 -9999 -9999 -9999 -9999 -9999 -9999 -9999 39.41 38.77 38.45 39.31 -9999 -9999 -9999 -9999 -9999 -9999 -9999 -9999 -9999 -9999 -9999 -9999 -9999 -9999 -9999 15.28 14.80 18.21 17.96 14.27 18.67 20.65 19.16 16.15 14.48 13.46 13.59 13.81 14.14 16.13 21.04 15.15 17.98 15.03 13.85 9.17 9.33 7.74 5.87 10.21 10.99 8.45 7.09 6.62 5.57 3.95 3.85 4.08 4.40 5.28 5.49 5.30 5.79 5.91 7.24 6.11 5.47 5.01 4.79 4.84 -9999 -9999 -9999 -9999
-9999 -9999 -9999 -9999 -9999 -9999 -9999 -9999 -9999 39.74 38.93 38.00 41.99 -9999 -9999 -9999 -9999 -9999 -9999 -9999 -9999 -9999 -9999 -9999 -9999 -9999 -9999 14.25 13.87 14.05 16.34 19.06 16.68 20.96 22.00 21.26 15.60 14.80 13.49 12.37 12.28 13.03 15.62 16.38 16.19 18.94 16.43 14.50 10.00 11.90 8.35 3.74 2.08 8.22 8.72 7.47 7.53 6.83 5.00 4.13 3.21 3.94 4.86 5.59 5.91 5.34 5.53 4.55 7.58 7.18 6.59 6.13 5.54 -9999 -9999 -9999 -9999
-9999 -9999 -9999 -9999 -9999 -9999 -9999 25.31 32.87 38.70 40.11 41.73 45.42 46.78 40.57 48.31 -9999 -9999 22.27 24.82 -9999 -9999 -9999 16.56 19.06 15.04 -9999 11.69 13.02 11.87 11.67 13.18 14.98 22.89 23.15 20.36 15.29 11.06 10.31 9.20 12.02 12.53 20.39 14.95 16.02 17.01 10.12 10.18 9.32 6.64 7.67 4.29 3.45 5.59 10.12 10.21 6.82 6.05 5.08 3.98 3.14 4.53 3.74 6.55 6.69 5.86 6.88 10.54 11.07 9.43 6.96 6.36 5.44 5.32 -9999 -9999 -9999
-9999 -9999 -9999 -9999 -9999 -9999 -9999 -9999 29.91 33.92 36.85 34.90 43.40 41.73 48.86 43.65 -9999 25.81 25.12 32.49 28.13 22.58 20.26 18.92 21.02 16.50 12.88 -9999 7.47 7.62 8.27 8.23 10.08 14.70 14.88 14.64 13.81 11.60 10.59 6.29 15.20 15.11 19.10 18.95 18.14 14.70 9.34 9.77 7.36 6.26 5.62 5.40 6.13 5.27 9.90 12.23 7.61 6.01 5.42 3.40 4.09 6.74 9.82 9.81 8.21 7.09 7.50 9.29 10.42 8.80 7.38 6.44 5.72 5.21 -9999 -9999 -9999
