Rainfall_2007-2011/Rainfall_2011-10_ACTUAL.txt
ncols         180
nrows         290
xllcorner     -200000
yllcorner     -200000
cellsize      5000
NODATA_value  -9999
[rows 170 to 203 of 290, columns 75 to 149 of 180]
-9999 -9999 -9999 -9999 -9999 -9999 -9999 -9999 -9999 -9999 -9999 -9999 -9999 -9999 -9999 -9999 -9999 -9999 -9999 -9999 -9999 -9999 -9999 -9999 -9999 -9999 -9999 -9999 -9999 -9999 -9999 70.75 65.41 66.11 86.95 91.95 93.98 99.75 95.93 105.87 108.94 108.15 106.78 128.42 145.70 167.09 254.93 220.17 185.31 107.73 80.64 67.22 54.35 50.24 45.01 49.27 47.30 52.25 42.61 34.29 34.99 35.12 38.48 40.30 35.64 38.77 42.67 40.52 45.22 52.01 44.36 38.16 41.45 47.29 -9999
-9999 -9999 -9999 -9999 -9999 -9999 -9999 -9999 -9999 -9999 -9999 80.98 84.58 93.58 106.73 -9999 -9999 -9999 -9999 -9999 -9999 -9999 -9999 -9999 -9999 -9999 -9999 -9999 -9999 -9999 60.81 60.66 66.16 73.52 82.67 87.65 86.64 95.67 92.62 100.21 111.85 109.23 108.41 122.66 148.50 198.86 195.80 221.23 151.68 129.50 101.34 59.39 57.95 37.79 53.72 49.49 42.72 40.96 36.33 28.67 28.71 32.04 38.35 37.37 34.47 35.72 41.01 41.35 48.17 52.16 51.31 40.92 42.24 48.78 48.24
-9999 -9999 -9999 -9999 -9999 -9999 -9999 -9999 -9999 -9999 -9999 89.55 90.51 106.47 116.58 -9999 -9999 -9999 -9999 -9999 -9999 -9999 -9999 -9999 -9999 -9999 -9999 -9999 -9999 57.44 65.09 65.04 65.47 78.55 72.76 79.94 72.65 73.31 88.21 93.51 97.02 105.05 102.08 122.96 128.66 161.22 211.34 216.57 150.93 125.52 96.68 66.17 53.03 43.41 52.59 49.51 43.48 38.27 42.38 32.07 30.89 35.99 38.76 38.13 38.66 36.92 41.23 44.47 53.99 52.99 46.75 38.93 43.91 44.61 46.72
-9999 -9999 -9999 -9999 -9999 -9999 -9999 -9999 -9999 71.31 74.38 76.76 96.18 117.14 122.03 97.81 79.40 93.82 -9999 -9999 71.83 62.05 -9999 -9999 -9999 48.41 49.28 47.64 -9999 53.04 64.52 66.05 62.64 64.67 69.93 80.69 76.09 81.10 87.17 96.23 85.57 85.08 93.64 96.38 162.02 131.03 143.55 162.52 98.08 94.77 92.75 67.83 65.82 47.72 51.66 51.14 42.64 38.72 37.87 33.76 35.58 34.04 38.16 37.73 40.13 39.91 39.73 40.93 49.45 49.12 48.04 48.13 42.78 42.06 46.22
-9999 -9999 -9999 -9999 -9999 -9999 -9999 -9999 -9999 -9999 69.21 79.94 106.67 117.37 157.58 110.97 111.77 95.82 -9999 68.19 79.12 77.51 68.59 63.98 52.48 48.79 60.59 53.74 53.27 -9999 51.12 55.26 56.59 62.31 65.69 73.99 67.08 69.50 70.34 71.72 82.07 82.92 103.79 103.99 149.23 172.80 137.93 126.33 83.99 91.35 80.20 62.08 52.67 47.39 53.01 51.03 40.97 41.63 36.29 37.52 38.54 38.16 38.95 37.97 44.53 41.62 39.11 41.14 45.04 47.16 48.29 54.75 46.73 44.39 44.11
-9999 -9999 -9999 -9999 -9999 -9999 -9999 -9999 -9999 -9999 -9999 79.98 95.23 110.26 124.71 111.54 107.33 108.13 90.20 134.53 95.48 92.46 86.05 81.11 60.82 62.28 45.60 51.51 60.52 54.94 45.93 47.06 53.66 56.65 62.66 70.80 66.72 67.85 64.48 62.14 73.88 80.88 103.00 128.04 159.59 191.57 147.04 116.68 78.70 63.31 57.56 61.78 52.03 46.45 47.32 45.53 43.04 41.41 36.59 36.70 31.17 31.39 35.71 41.98 45.86 40.47 38.55 40.55 41.51 38.72 44.06 52.13 44.03 46.85 40.89
-9999 -9999 -9999 -9999 -9999 -9999 -9999 -9999 -9999 -9999 -9999 -9999 93.98 101.57 105.01 118.26 137.71 148.75 187.88 175.29 123.60 100.88 80.48 81.25 70.57 70.96 61.77 81.11 61.98 58.33 46.54 44.70 47.50 47.63 54.26 64.52 75.94 69.77 70.86 62.05 70.37 73.43 83.74 115.16 141.49 157.33 131.92 103.13 93.02 58.15 53.84 57.03 50.80 46.68 47.46 45.97 41.52 39.48 33.25 34.01 31.90 28.78 32.84 32.49 41.21 38.52 38.00 35.81 39.93 41.49 41.10 47.80 37.06 37.32 36.67
-9999 -9999 -9999 -9999 -9999 -9999 -9999 -9999 -9999 -9999 -9999 -9999 -9999 132.77 153.41 170.75 184.69 216.04 236.57 228.80 145.01 121.48 85.46 93.21 71.37 84.02 74.84 59.21 84.69 62.36 51.11 45.47 35.41 46.14 47.93 57.11 61.23 56.41 53.03 56.91 64.06 64.69 74.34 104.14 119.69 117.68 103.78 83.73 85.20 51.96 47.95 46.63 47.24 46.80 49.55 44.55 40.67 38.06 32.81 33.99 29.82 26.70 32.59 34.84 39.68 37.94 35.36 34.11 37.53 42.10 40.76 39.36 32.45 36.03 33.25
-9999 -9999 -9999 -9999 -9999 -9999 -9999 -9999 -9999 -9999 -9999 -9999 -9999 146.62 169.52 187.01 228.93 315.24 267.97 292.70 144.13 112.67 120.75 109.46 102.67 82.06 74.48 52.22 68.78 73.98 61.43 48.17 33.28 34.11 41.04 50.83 55.32 51.65 42.59 51.49 54.13 59.49 71.23 90.03 97.04 90.13 97.27 93.60 84.08 76.03 57.47 53.16 47.77 48.18 49.26 51.78 41.57 38.99 35.03 36.90 28.56 22.05 32.56 38.65 37.57 39.14 35.00 32.95 32.86 31.08 34.54 36.42 34.11 34.33 32.29
-9999 -9999 -9999 -9999 -9999 -9999 -9999 -9999 -9999 -9999 -9999 -9999 -9999 148.86 185.43 229.57 250.28 348.69 277.77 208.67 156.61 117.71 121.52 100.52 87.99 90.45 75.85 61.52 80.19 80.25 69.06 46.55 39.67 34.76 37.28 47.89 48.17 54.46 52.54 51.10 48.45 65.61 71.32 76.15 84.23 98.75 93.75 81.21 77.79 58.83 57.78 51.60 42.05 44.15 44.64 44.48 43.66 41.21 41.85 35.56 36.76 25.32 34.11 39.66 44.66 38.90 32.96 29.82 31.23 31.20 32.51 34.02 33.22 36.87 32.25
-9999 -9999 -9999 -9999 -9999 -9999 -9999 -9999 -9999 -9999 -9999 -9999 165.20 192.48 160.31 242.71 255.91 232.37 298.61 247.84 187.06 177.90 156.77 112.83 88.03 73.89 69.13 73.60 84.84 76.04 70.30 45.22 37.97 33.24 42.28 45.72 45.06 49.67 50.18 49.46 55.69 56.35 61.66 72.36 84.17 75.08 97.98 83.19 59.08 56.85 54.35 49.08 37.87 34.33 32.84 39.14 44.79 43.66 41.28 37.16 34.11 32.31 34.02 33.72 40.63 36.77 30.37 30.36 30.50 30.70 32.99 35.89 38.73 39.50 -9999
-9999 -9999 -9999 -9999 -9999 -9999 -9999 -9999 -9999 -9999 108.04 135.98 166.47 164.75 152.94 183.72 216.40 173.44 217.46 185.80 193.62 179.19 151.12 119.43 104.99 78.91 78.08 67.29 55.30 54.59 41.28 40.92 36.57 35.91 45.81 46.87 46.38 48.69 51.21 54.37 55.82 57.80 66.57 67.26 70.86 75.69 71.29 59.05 59.62 51.22 47.71 48.40 42.73 38.84 34.07 38.83 39.96 36.84 34.19 33.35 34.61 32.32 31.41 30.12 32.07 32.67 30.34 31.55 28.21 29.95 30.75 36.01 33.80 -9999 -9999
-9999 -9999 -9999 -9999 -9999 -9999 -9999 -9999 -9999 106.58 102.87 127.62 136.91 140.08 103.98 132.45 134.38 145.41 182.15 185.53 176.80 193.05 131.31 79.39 83.26 73.82 92.75 84.72 70.28 55.35 44.12 40.29 35.77 37.49 43.38 47.40 44.96 45.10 47.49 50.41 56.42 58.88 60.34 68.25 66.72 59.20 57.29 52.69 48.65 45.17 43.91 43.72 42.08 43.20 40.66 36.49 38.26 25.13 33.22 33.24 30.98 29.50 28.92 31.04 32.56 32.10 33.05 29.43 27.56 25.69 27.14 31.75 31.52 -9999 -9999
-9999 -9999 -9999 -9999 -9999 -9999 -9999 -9999 138.20 115.31 102.37 124.90 -9999 -9999 -9999 -9999 124.98 172.49 207.87 191.71 186.40 163.39 139.43 110.58 113.04 91.39 121.23 90.15 65.18 55.62 51.20 40.08 37.08 36.83 37.80 37.57 42.04 40.85 44.03 41.65 50.61 49.51 53.30 56.23 57.93 53.02 50.88 45.50 43.48 44.41 38.77 37.17 35.21 38.18 38.71 38.21 35.54 32.55 32.46 35.86 35.60 32.66 31.88 30.51 34.24 30.22 28.22 29.06 27.11 27.98 30.15 29.53 29.25 28.76 -9999
-9999 -9999 -9999 -9999 -9999 -9999 -9999 -9999 97.79 136.40 107.24 101.05 -9999 -9999 -9999 -9999 103.63 151.15 221.58 169.04 204.15 197.14 188.18 160.75 157.27 104.11 114.62 74.89 62.59 56.23 44.90 39.59 34.41 31.09 36.33 34.47 38.27 36.82 37.90 38.94 45.16 49.55 47.80 48.76 47.59 46.68 45.60 45.85 45.49 36.31 36.08 34.84 40.28 39.33 40.01 43.38 34.49 34.32 37.49 36.06 43.32 40.23 35.40 31.57 31.24 23.13 25.28 26.06 26.40 25.98 30.16 27.61 29.10 29.21 27.57
-9999 -9999 -9999 -9999 -9999 -9999 -9999 -9999 -9999 -9999 -9999 -9999 -9999 -9999 -9999 -9999 99.94 156.62 173.38 155.62 182.90 175.14 203.16 161.60 136.83 122.19 106.99 78.82 62.58 50.03 37.26 32.38 34.48 62.34 35.04 33.13 31.60 31.02 31.22 38.95 46.12 48.43 43.94 45.04 44.40 43.65 39.55 41.20 41.84 31.74 37.64 43.08 43.22 36.31 36.04 38.95 27.35 33.61 37.77 37.07 39.06 39.94 35.56 27.26 28.49 25.08 23.16 25.30 25.82 21.75 23.27 24.13 27.64 27.79 25.40
-9999 -9999 -9999 -9999 -9999 -9999 -9999 -9999 -9999 -9999 -9999 -9999 -9999 -9999 -9999 -9999 -9999 159.75 138.33 155.05 178.74 210.58 213.41 199.82 170.48 119.59 90.37 71.68 48.87 44.53 33.71 28.95 26.60 25.90 28.12 28.80 28.59 27.45 31.67 36.77 37.25 38.51 38.79 41.37 45.86 47.18 38.57 39.07 45.52 45.42 43.50 42.59 41.77 36.08 39.31 53.43 36.32 35.28 31.84 32.55 36.54 34.15 33.25 30.58 26.82 24.34 24.38 26.27 24.43 22.92 22.95 27.57 28.21 31.00 26.51
-9999 -9999 -9999 -9999 -9999 -9999 -9999 -9999 -9999 -9999 -9999 -9999 -9999 -9999 -9999 -9999 -9999 141.49 200.66 246.47 222.97 211.05 191.24 167.06 152.98 107.71 76.93 57.70 59.21 42.82 34.05 30.10 29.21 28.30 25.40 26.00 25.62 26.43 29.91 36.85 33.50 34.24 34.41 38.59 42.20 44.72 40.61 36.24 38.97 40.61 41.44 44.23 43.25 39.47 49.81 45.94 38.68 36.73 34.62 41.51 39.56 39.30 33.79 30.35 27.00 24.84 23.82 19.29 22.30 23.16 24.31 27.49 32.20 25.89 24.38
-9999 -9999 -9999 -9999 -9999 -9999 -9999 -9999 -9999 -9999 -9999 -9999 -9999 -9999 -9999 -9999 137.87 156.71 203.80 235.23 219.26 175.51 153.48 154.07 125.42 106.79 74.07 56.16 59.97 45.45 61.88 33.96 26.66 29.39 28.65 23.87 26.36 33.14 34.31 35.99 32.11 33.41 37.24 36.89 41.15 43.52 39.94 40.99 37.96 37.38 37.92 38.67 40.96 38.20 44.91 42.99 36.64 35.04 37.18 34.77 38.78 39.04 35.08 31.20 25.99 25.02 24.45 22.34 21.80 22.27 23.54 28.74 25.05 23.73 21.40
-9999 -9999 -9999 -9999 -9999 -9999 -9999 -9999 -9999 -9999 -9999 -9999 -9999 -9999 -9999 -9999 110.30 129.83 195.95 179.39 165.16 121.91 124.18 134.97 121.48 86.14 67.68 53.84 54.01 42.05 43.87 40.13 40.12 34.08 27.56 26.45 22.76 27.80 29.90 30.06 30.80 37.23 42.16 38.28 45.59 42.11 40.48 40.60 37.17 36.52 35.29 36.72 37.20 40.13 43.26 43.40 41.41 34.04 37.95 41.69 35.30 37.96 34.23 29.65 28.17 28.66 23.05 23.31 22.09 21.84 22.02 21.22 19.31 18.43 19.90
-9999 -9999 -9999 -9999 -9999 -9999 -9999 -9999 -9999 -9999 -9999 -9999 -9999 -9999 -9999 -9999 75.44 97.89 123.72 152.00 144.79 134.71 130.05 133.41 102.90 90.97 70.66 55.52 46.10 46.83 51.42 46.37 50.59 49.70 36.05 35.76 31.17 31.07 31.57 28.31 31.69 35.31 36.97 40.14 42.98 42.32 44.73 37.28 34.73 34.73 39.97 36.76 35.95 36.95 35.78 45.63 39.21 36.63 39.47 38.73 33.61 31.91 27.64 27.98 28.30 29.00 22.31 20.36 22.43 22.83 21.83 20.03 19.67 17.18 18.54
-9999 -9999 -9999 -9999 -9999 -9999 -9999 -9999 -9999 -9999 -9999 -9999 -9999 -9999 -9999 -9999 -9999 121.10 154.69 169.94 176.85 181.17 138.26 121.41 85.58 60.73 56.20 51.87 44.00 38.78 41.04 48.57 45.16 54.65 40.65 33.74 27.55 35.87 39.34 29.73 34.88 33.39 32.77 40.76 40.89 39.94 38.74 38.98 36.15 36.44 40.29 39.69 35.88 36.78 36.09 38.33 39.26 39.78 37.56 34.18 28.64 30.60 25.91 26.11 27.07 24.90 23.95 22.12 22.17 19.24 19.54 19.70 20.68 20.37 18.11
-9999 -9999 -9999 -9999 -9999 -9999 -9999 -9999 -9999 -9999 -9999 -9999 -9999 -9999 -9999 -9999 -9999 116.99 169.32 175.25 188.13 231.15 161.50 126.43 83.78 61.78 64.06 68.00 60.22 58.01 51.71 42.93 43.46 51.04 45.38 42.55 44.49 37.23 35.13 32.97 34.96 35.43 36.63 40.40 46.06 43.64 38.67 37.86 39.86 54.41 41.71 39.56 36.50 37.69 39.69 38.99 38.48 37.81 33.71 33.47 29.14 30.28 29.38 25.61 26.94 24.65 23.21 23.43 20.26 20.01 20.02 17.95 20.27 20.82 21.91
-9999 -9999 -9999 -9999 -9999 -9999 -9999 -9999 -9999 -9999 -9999 -9999 -9999 -9999 -9999 -9999 78.41 87.00 138.28 182.02 200.02 218.78 163.39 106.29 95.34 106.30 80.12 65.67 65.19 50.69 52.55 55.05 55.95 52.77 48.19 49.96 46.08 45.97 45.57 36.97 44.07 38.98 44.94 47.75 46.61 44.66 41.98 39.90 42.27 40.34 43.82 42.61 37.48 37.78 41.18 35.38 38.89 38.09 34.12 32.66 31.30 27.08 26.38 25.76 26.91 21.70 21.90 19.77 20.87 20.69 22.70 20.19 21.99 22.98 22.37
-9999 -9999 -9999 -9999 -9999 -9999 -9999 -9999 -9999 -9999 -9999 -9999 -9999 -9999 -9999 -9999 92.39 105.25 120.37 134.15 170.52 202.18 167.47 134.08 91.68 81.09 80.69 74.86 77.09 63.44 72.18 64.25 48.55 57.15 42.32 48.37 45.44 64.81 46.64 44.25 44.44 42.51 42.97 43.52 54.32 46.14 44.30 44.96 41.96 40.39 42.85 39.81 34.14 34.29 33.26 32.67 35.47 35.80 30.81 32.68 30.78 26.79 26.42 23.70 28.02 21.34 20.87 20.65 22.01 19.50 18.42 20.07 21.09 21.18 23.57
-9999 -9999 -9999 -9999 -9999 -9999 -9999 -9999 -9999 -9999 -9999 -9999 -9999 -9999 -9999 -9999 99.90 108.76 103.53 136.11 161.55 183.02 178.79 148.55 97.01 79.57 83.25 73.12 74.50 81.87 76.30 54.26 50.27 46.18 58.10 42.24 50.84 52.99 50.25 50.44 38.71 32.40 38.26 38.12 37.77 41.09 46.32 41.79 38.00 37.77 37.43 36.24 33.47 31.06 30.13 29.62 30.88 29.87 32.75 28.88 25.78 25.68 22.31 22.76 21.60 21.84 20.36 18.43 17.93 16.56 16.99 18.04 20.09 20.18 22.83
-9999 -9999 -9999 -9999 -9999 -9999 -9999 -9999 -9999 -9999 -9999 -9999 -9999 -9999 -9999 107.09 115.78 130.33 132.08 138.25 159.40 158.41 154.70 123.96 90.70 80.15 80.84 70.59 75.97 71.50 55.15 61.98 56.45 47.73 47.65 47.31 48.58 48.31 56.34 43.70 36.08 35.04 34.92 34.99 29.60 37.78 39.29 37.70 33.44 33.75 34.58 33.46 30.83 28.26 27.14 25.50 29.45 30.43 30.79 26.72 25.39 24.47 24.48 20.03 21.67 22.02 19.42 19.12 18.26 15.45 14.61 15.08 15.45 17.52 19.61
-9999 -9999 -9999 -9999 -9999 -9999 -9999 -9999 -9999 -9999 -9999 -9999 -9999 -9999 104.75 119.81 124.09 125.24 116.08 150.15 185.21 179.20 163.91 137.00 104.58 102.13 91.99 67.33 86.47 69.00 86.78 62.22 55.82 49.34 49.95 50.87 57.08 52.81 51.89 48.95 39.32 33.98 35.65 37.33 36.20 39.70 39.94 36.08 34.02 33.65 32.05 31.71 31.22 31.15 28.28 25.41 24.44 27.51 29.79 25.51 23.81 21.97 22.73 20.65 24.74 19.14 17.80 18.90 15.72 14.53 15.69 14.21 14.62 15.99 18.09
-9999 -9999 -9999 -9999 -9999 -9999 -9999 -9999 -9999 -9999 -9999 -9999 84.17 76.71 101.10 111.30 118.68 132.72 130.93 168.39 192.57 204.37 178.29 139.13 114.07 82.53 94.57 72.51 82.68 70.61 66.41 63.74 51.67 46.48 51.91 54.25 55.71 46.91 46.54 43.25 35.24 35.95 36.40 38.76 36.51 38.80 38.06 34.81 33.41 28.00 27.00 27.10 35.85 36.77 30.96 29.09 24.90 25.19 25.14 23.11 25.22 25.06 23.90 21.68 19.50 18.42 17.10 16.63 14.40 15.46 17.13 13.98 13.86 15.40 17.48
-9999 -9999 -9999 -9999 -9999 -9999 -9999 -9999 97.72 76.60 96.63 132.37 130.00 129.41 138.36 128.59 130.90 116.93 152.35 163.98 186.05 184.27 172.18 140.80 104.26 80.80 92.31 72.83 96.79 99.52 70.03 53.35 49.69 49.69 60.11 46.77 55.74 52.03 46.16 39.07 32.33 31.49 35.37 35.40 35.59 36.39 34.99 31.56 32.93 33.93 31.03 31.84 33.11 36.49 26.20 26.84 26.87 25.69 25.32 23.37 27.49 25.34 23.06 22.96 23.28 16.88 13.46 14.42 15.20 17.08 17.84 16.69 14.83 15.15 17.36
-9999 -9999 -9999 -9999 -9999 -9999 -9999 129.02 107.61 114.51 125.97 117.66 141.72 135.94 141.96 130.04 119.85 128.59 147.33 176.09 157.47 183.26 180.05 146.42 132.61 97.57 78.98 104.44 86.87 75.74 55.43 49.76 48.19 58.79 52.24 44.94 40.52 43.10 45.64 32.57 36.32 28.57 28.99 32.45 32.50 32.63 31.31 27.15 29.26 35.32 35.23 30.42 35.91 28.88 23.15 25.45 25.01 24.33 23.83 20.04 24.48 26.35 23.27 21.67 20.13 15.92 13.21 14.76 15.95 16.94 18.81 19.58 17.84 16.48 19.12
-9999 -9999 -9999 -9999 -9999 -9999 125.63 128.20 116.42 119.24 132.39 142.73 145.77 148.02 139.58 139.55 167.65 138.02 139.63 172.03 134.81 143.22 147.92 165.40 138.67 126.70 94.79 82.63 76.36 67.36 90.33 70.78 49.99 56.63 51.16 44.06 37.83 37.26 39.83 34.52 30.95 28.24 29.91 27.17 28.38 31.95 29.28 24.88 31.45 29.40 30.50 29.02 27.57 29.76 28.74 32.83 28.52 30.51 29.66 27.33 25.65 23.40 21.21 20.23 20.13 15.62 12.83 14.60 16.37 18.25 19.05 20.50 20.98 17.59 16.97
-9999 -9999 131.31 151.59 145.64 175.83 166.94 162.68 167.35 156.74 143.94 160.33 151.90 156.99 162.46 183.61 185.32 158.41 147.23 147.69 136.32 130.68 152.66 148.84 134.98 122.16 99.95 81.63 58.41 82.31 90.12 67.82 67.20 52.95 58.88 44.47 41.05 49.77 33.13 37.13 32.10 29.60 32.66 29.33 37.58 32.04 33.48 38.54 28.68 29.63 29.93 34.50 25.51 26.11 31.18 35.18 28.96 32.68 29.44 26.84 24.83 23.24 20.20 18.88 17.13 19.01 17.00 16.37 16.98 19.34 18.02 22.54 22.18 20.57 18.56
-9999 126.31 149.21 157.37 168.41 204.80 255.37 225.08 205.88 169.33 160.69 181.90 167.64 161.10 170.94 180.50 168.80 165.93 137.55 129.14 127.06 142.30 142.83 134.40 130.17 111.69 85.05 89.88 92.06 134.59 108.15 68.97 54.23 54.61 41.67 49.10 43.28 37.34 32.76 32.63 34.32 32.23 33.08 30.30 31.07 37.66 41.64 41.90 35.69 31.15 28.72 35.45 25.86 26.69 30.24 30.00 29.79 28.61 27.48 26.26 27.12 25.83 20.42 22.49 20.00 17.75 18.32 17.87 18.94 19.55 22.11 26.51 26.13 23.99 20.77
