Rainfall_2007-2011/Rainfall_2009-10_ACTUAL.txt
ncols         180
nrows         290
xllcorner     -200000
yllcorner     -200000
cellsize      5000
NODATA_value  -9999
[rows 170 to 203 of 290, columns 76 to 151 of 180]
-9999 -9999 -9999 -9999 -9999 -9999 -9999 -9999 -9999 -9999 -9999 -9999 -9999 -9999 -9999 -9999 -9999 -9999 -9999 -9999 -9999 -9999 -9999 -9999 -9999 -9999 -9999 -9999 -9999 -9999 70.36 67.36 64.84 66.50 64.33 63.87 63.34 59.08 56.25 54.95 56.34 53.34 57.17 67.38 63.81 85.77 97.39 90.06 66.37 51.81 46.66 43.01 43.10 41.71 45.23 40.21 43.13 39.61 36.86 38.28 44.04 47.27 52.61 52.51 53.61 52.38 49.06 56.10 64.90 60.42 61.52 65.54 69.46 -9999 -9999 -9999
-9999 -9999 -9999 -9999 -9999 -9999 -9999 -9999 -9999 -9999 73.52 75.56 81.02 90.93 -9999 -9999 -9999 -9999 -9999 -9999 -9999 -9999 -9999 -9999 -9999 -9999 -9999 -9999 -9999 50.57 58.63 64.91 65.52 65.58 64.50 59.97 62.12 54.16 50.04 47.60 55.61 53.42 57.09 65.19 79.71 86.56 93.58 76.34 77.48 68.55 42.84 45.27 30.98 47.28 38.18 34.81 38.98 39.16 34.11 32.72 37.52 48.97 51.46 54.34 52.56 52.62 54.24 64.14 66.02 70.41 62.91 64.20 71.91 71.68 -9999 -9999
-9999 -9999 -9999 -9999 -9999 -9999 -9999 -9999 -9999 -9999 83.10 85.14 90.14 98.36 -9999 -9999 -9999 -9999 -9999 -9999 -9999 -9999 -9999 -9999 -9999 -9999 -9999 -9999 50.30 53.61 58.58 59.10 66.91 61.28 57.06 50.86 50.07 51.42 51.12 51.69 55.61 51.70 57.82 54.88 66.77 86.13 100.40 80.97 52.46 60.97 56.30 44.02 34.89 42.88 39.06 38.63 39.31 46.95 36.53 38.12 36.35 52.64 52.70 55.36 51.88 55.53 61.06 73.14 72.41 64.70 62.04 62.23 62.71 70.61 -9999 -9999
-9999 -9999 -9999 -9999 -9999 -9999 -9999 -9999 69.94 78.53 74.43 89.28 97.83 102.35 85.54 67.22 79.46 -9999 -9999 78.92 71.13 -9999 -9999 -9999 66.99 70.91 54.28 -9999 49.48 54.07 59.74 55.28 53.01 54.96 55.45 52.66 55.39 53.79 59.39 52.06 48.63 48.19 47.64 62.88 59.64 72.04 86.92 61.89 66.05 76.18 50.46 53.80 39.11 42.80 44.47 43.27 40.94 43.17 41.02 45.88 46.82 55.90 52.24 60.21 54.52 51.93 55.59 67.78 65.72 63.18 73.12 64.46 64.93 72.29 73.35 -9999
-9999 -9999 -9999 -9999 -9999 -9999 -9999 -9999 -9999 82.07 85.55 95.18 101.98 128.42 91.32 93.20 80.98 -9999 69.53 87.23 92.20 85.86 80.71 62.73 51.41 71.40 61.53 53.53 -9999 52.48 58.25 50.63 43.60 51.04 56.45 49.20 48.95 49.49 49.70 50.93 49.70 57.42 54.51 68.47 73.53 80.92 74.99 58.17 71.91 61.31 53.14 46.79 42.44 42.64 42.44 45.05 47.11 43.29 49.39 57.83 64.19 60.45 54.12 62.30 54.59 49.49 55.98 64.26 68.52 70.84 86.38 75.86 72.43 70.66 71.86 -9999
-9999 -9999 -9999 -9999 -9999 -9999 -9999 -9999 -9999 -9999 84.34 85.60 93.60 98.84 79.37 81.76 94.29 95.96 133.38 97.56 100.00 95.78 88.03 62.13 63.89 50.86 63.51 58.76 54.49 50.41 52.32 52.70 47.41 52.18 54.19 50.60 50.38 48.19 47.72 50.29 56.69 58.71 62.20 69.90 77.62 73.40 71.14 63.68 57.64 52.57 54.30 51.21 48.92 43.20 43.50 61.68 57.64 47.05 51.19 52.35 52.85 54.42 57.68 59.14 53.63 51.62 56.31 60.34 57.30 67.03 83.43 78.49 81.28 69.52 69.01 74.45
-9999 -9999 -9999 -9999 -9999 -9999 -9999 -9999 -9999 -9999 -9999 78.79 78.26 76.30 83.40 98.86 130.87 169.86 162.92 120.51 100.88 80.73 79.52 69.78 67.35 59.82 75.09 58.52 61.90 53.42 55.03 49.68 46.28 47.92 49.50 59.33 52.35 54.01 45.38 49.67 53.89 50.16 59.00 68.62 76.20 75.78 76.51 75.42 55.43 54.85 66.36 68.82 60.57 56.84 55.49 60.51 56.47 43.03 42.05 46.25 48.16 50.99 46.07 52.88 50.46 51.53 49.87 56.32 58.97 62.12 79.18 66.79 65.16 64.86 66.80 72.05
-9999 -9999 -9999 -9999 -9999 -9999 -9999 -9999 -9999 -9999 -9999 -9999 89.34 96.42 132.30 150.64 187.90 207.10 203.29 147.37 123.69 84.22 90.86 69.94 81.08 71.19 58.03 77.07 61.67 54.72 58.94 50.49 49.70 45.67 40.56 38.66 42.57 42.26 43.59 46.19 44.77 46.56 53.31 70.43 77.56 71.63 65.21 76.84 74.35 62.60 81.72 78.27 72.99 67.30 52.34 48.56 43.97 40.96 37.78 33.60 45.40 51.41 53.01 51.52 49.60 47.43 47.15 51.28 55.64 58.82 60.97 52.40 60.34 60.59 62.81 72.45
-9999 -9999 -9999 -9999 -9999 -9999 -9999 -9999 -9999 -9999 -9999 -9999 99.88 113.12 160.76 193.05 256.65 235.19 239.79 131.07 108.38 120.40 114.39 111.46 85.89 76.23 52.35 67.53 71.50 61.16 56.94 46.18 49.80 45.39 40.55 41.12 39.11 38.48 42.15 43.35 42.37 48.02 59.51 60.47 65.07 76.72 83.50 86.78 87.43 77.40 75.61 74.47 79.29 69.06 55.07 45.00 43.17 44.47 48.18 43.58 39.54 48.86 49.55 48.97 51.21 46.58 45.61 48.31 51.27 51.85 55.13 51.31 54.28 59.86 60.46 -9999
-9999 -9999 -9999 -9999 -9999 -9999 -9999 -9999 -9999 -9999 -9999 -9999 112.38 133.64 183.30 220.14 275.22 219.09 179.28 143.51 114.99 123.83 111.95 102.85 101.49 85.20 66.02 81.60 76.49 68.92 60.26 62.83 49.26 42.76 42.45 41.51 42.11 43.67 42.79 41.12 47.33 51.22 51.46 52.43 78.84 78.23 76.21 84.12 71.44 84.53 73.75 62.39 65.18 60.95 57.40 55.12 53.95 55.59 46.67 48.91 48.70 46.98 47.70 53.58 46.21 45.04 41.43 44.75 40.65 48.82 51.87 50.13 57.49 55.63 -9999 -9999
-9999 -9999 -9999 -9999 -9999 -9999 -9999 -9999 -9999 -9999 -9999 107.59 163.46 144.29 183.02 217.22 190.38 240.07 210.62 165.18 159.31 157.16 121.22 99.88 85.13 81.30 85.77 95.92 84.74 77.02 74.36 82.18 51.09 51.16 46.80 42.64 45.31 45.37 44.16 47.99 49.17 52.09 57.62 64.25 57.01 78.57 84.92 75.55 72.89 72.03 68.28 65.35 54.80 45.30 58.07 61.48 59.36 56.38 49.56 44.59 46.39 47.49 44.03 46.25 41.05 41.19 42.21 43.86 44.54 50.50 54.56 61.93 76.26 -9999 -9999 -9999
-9999 -9999 -9999 -9999 -9999 -9999 -9999 -9999 -9999 79.90 84.73 98.59 119.65 117.88 129.67 147.68 137.51 173.33 158.39 172.25 166.70 154.91 130.08 122.68 96.37 98.54 87.42 73.52 76.83 73.30 71.06 65.63 54.27 58.60 60.27 53.51 50.94 46.97 51.10 51.31 52.26 69.62 64.94 66.94 64.10 66.04 63.96 72.83 62.78 58.85 63.51 64.19 52.35 40.42 53.14 62.45 49.45 47.80 43.79 41.48 41.82 44.00 42.30 45.82 41.87 35.79 41.12 42.02 47.44 46.74 51.92 52.72 -9999 -9999 -9999 -9999
-9999 -9999 -9999 -9999 -9999 -9999 -9999 -9999 78.24 78.02 85.79 87.16 96.42 72.71 100.05 104.61 118.29 153.98 162.80 164.53 191.28 137.47 100.36 106.61 100.56 128.11 127.73 112.35 91.66 90.56 78.55 62.35 56.70 58.38 59.48 50.94 53.17 51.64 51.02 55.93 58.74 66.93 69.98 66.23 60.64 67.77 63.44 57.74 54.95 54.64 58.63 68.00 58.19 36.75 44.06 61.21 48.94 48.97 44.42 41.03 45.43 43.57 45.79 51.48 42.35 35.65 36.78 40.95 40.32 41.64 49.11 50.52 -9999 -9999 -9999 -9999
-9999 -9999 -9999 -9999 -9999 -9999 -9999 105.31 84.33 75.01 84.44 -9999 -9999 -9999 -9999 100.28 142.22 181.42 171.83 170.97 159.58 155.79 141.67 150.00 132.61 175.47 149.80 115.35 113.03 83.59 69.96 60.62 56.11 56.89 54.93 50.18 53.76 59.13 43.61 47.93 46.32 50.58 56.30 60.34 59.73 63.60 57.25 53.35 55.28 49.14 49.99 54.14 48.86 46.90 47.62 51.44 48.52 44.76 48.09 47.33 49.64 46.03 43.39 49.64 40.50 37.15 41.12 42.51 43.12 43.69 45.28 48.15 56.00 -9999 -9999 -9999
-9999 -9999 -9999 -9999 -9999 -9999 -9999 75.81 103.63 85.94 83.15 -9999 -9999 -9999 -9999 105.54 135.03 196.89 152.22 178.60 178.06 178.69 208.80 215.86 144.27 170.00 121.12 110.19 93.28 71.49 66.96 58.11 53.36 57.24 58.77 57.88 53.26 55.16 48.86 45.29 48.05 47.50 51.16 53.75 55.09 58.15 57.99 57.69 48.70 45.92 44.50 51.10 48.51 41.47 45.44 53.24 46.11 48.25 44.79 42.74 37.81 49.96 43.76 42.93 31.48 35.65 42.55 47.34 42.97 43.49 43.61 43.64 51.51 50.35 -9999 -9999
-9999 -9999 -9999 -9999 -9999 -9999 -9999 -9999 -9999 -9999 -9999 -9999 -9999 -9999 -9999 94.72 143.54 154.79 148.66 162.17 158.07 217.19 235.40 191.56 172.24 155.40 118.06 100.00 83.64 67.01 58.59 59.44 106.66 59.18 58.41 56.75 47.37 50.32 54.93 48.55 45.34 46.03 50.87 52.85 53.76 53.68 53.17 53.61 45.79 48.65 54.03 54.80 43.23 39.66 45.38 34.06 42.23 45.51 42.27 35.24 34.06 43.09 35.28 39.95 33.14 31.84 41.98 41.88 40.16 42.16 43.95 43.27 48.78 49.93 40.60 46.24
-9999 -9999 -9999 -9999 -9999 -9999 -9999 -9999 -9999 -9999 -9999 -9999 -9999 -9999 -9999 -9999 148.26 107.01 145.51 169.85 203.65 203.08 214.35 202.61 157.51 116.72 96.35 67.30 73.50 59.26 53.01 49.20 50.87 54.58 53.69 50.33 46.20 47.32 51.97 44.53 41.21 42.96 47.67 53.52 58.17 49.62 49.11 48.46 51.02 51.74 50.99 49.21 40.92 44.73 49.66 38.01 40.74 37.19 36.50 39.63 38.08 41.26 40.28 40.80 37.33 37.78 44.38 42.06 40.29 38.95 43.91 44.25 52.59 50.50 45.25 45.46
-9999 -9999 -9999 -9999 -9999 -9999 -9999 -9999 -9999 -9999 -9999 -9999 -9999 -9999 -9999 -9999 95.74 148.66 226.46 215.45 205.94 190.20 169.95 143.95 128.20 99.60 77.96 87.02 74.53 61.66 60.49 56.70 57.17 54.91 51.76 46.64 48.23 48.28 52.07 40.99 40.01 37.69 44.91 49.65 56.14 53.31 50.98 51.77 50.08 48.81 52.08 48.88 42.75 50.33 44.20 37.46 38.42 39.36 37.86 42.05 44.54 41.85 40.54 38.49 38.63 37.79 31.16 36.82 38.07 38.92 42.69 49.56 43.14 47.07 45.15 45.93
-9999 -9999 -9999 -9999 -9999 -9999 -9999 -9999 -9999 -9999 -9999 -9999 -9999 -9999 -9999 123.67 134.44 179.50 218.10 208.88 166.83 156.24 140.52 132.24 124.87 90.59 71.74 86.50 69.86 92.43 60.63 51.38 51.12 55.95 47.90 52.84 60.22 56.33 54.32 41.77 41.05 44.27 44.53 52.07 56.42 52.71 58.38 51.63 47.90 44.77 41.74 45.39 38.39 34.44 38.54 34.85 38.13 39.53 36.08 42.16 48.70 42.58 42.05 37.06 37.95 39.02 35.33 34.43 34.85 35.14 42.21 40.13 42.67 43.59 47.92 42.48
-9999 -9999 -9999 -9999 -9999 -9999 -9999 -9999 -9999 -9999 -9999 -9999 -9999 -9999 -9999 117.18 135.64 183.47 165.47 154.61 128.35 129.26 134.86 131.74 102.00 79.28 64.90 74.25 62.93 65.41 61.09 65.53 63.60 61.61 57.86 54.48 53.35 51.16 49.48 46.12 47.53 46.63 48.62 64.33 55.25 53.31 52.46 47.15 44.17 39.30 39.37 42.13 47.02 39.33 39.87 40.34 37.51 39.80 44.27 40.76 47.33 47.50 43.81 40.67 41.66 36.92 37.56 35.16 33.56 31.08 32.59 32.65 38.44 41.81 42.96 46.97
-9999 -9999 -9999 -9999 -9999 -9999 -9999 -9999 -9999 -9999 -9999 -9999 -9999 -9999 -9999 96.03 128.07 119.49 133.92 133.55 135.03 119.14 129.87 113.46 105.06 68.18 62.67 63.12 69.28 76.98 71.05 80.23 93.43 72.33 71.00 63.77 57.03 55.68 47.95 50.77 50.24 47.09 54.88 65.45 60.07 57.60 46.69 45.41 41.14 42.25 36.52 39.70 42.36 35.65 33.75 31.67 33.91 36.94 41.15 39.58 38.99 38.16 40.67 41.49 42.96 33.69 31.80 36.95 38.38 29.96 31.52 33.51 36.53 39.14 41.65 45.03
-9999 -9999 -9999 -9999 -9999 -9999 -9999 -9999 -9999 -9999 -9999 -9999 -9999 -9999 -9999 -9999 144.18 139.95 148.74 159.86 165.63 110.39 112.76 97.41 74.62 66.59 62.98 64.29 61.44 64.91 78.63 75.55 97.38 77.28 61.52 50.75 63.95 69.00 54.07 64.73 66.48 60.92 60.95 57.20 51.37 48.33 47.60 42.11 42.16 44.10 42.31 41.71 45.75 39.23 32.31 34.51 36.48 34.40 35.56 34.09 38.93 39.62 42.23 41.13 36.23 33.26 32.22 35.70 33.70 33.93 31.22 33.64 37.49 35.22 38.58 43.09
-9999 -9999 -9999 -9999 -9999 -9999 -9999 -9999 -9999 -9999 -9999 -9999 -9999 -9999 -9999 -9999 126.14 120.60 133.42 153.27 214.92 157.80 119.07 96.75 79.23 79.23 82.67 86.08 91.68 83.18 74.52 76.93 89.04 78.74 76.31 80.58 69.94 62.99 68.97 73.69 74.73 65.51 56.28 57.93 51.44 48.98 47.15 35.90 39.87 41.85 41.33 40.82 44.09 42.79 38.40 37.77 35.07 30.56 33.09 40.25 41.64 47.60 40.81 40.78 36.74 33.16 33.03 32.27 32.33 29.97 27.82 39.17 40.84 42.76 40.70 45.17
-9999 -9999 -9999 -9999 -9999 -9999 -9999 -9999 -9999 -9999 -9999 -9999 -9999 -9999 -9999 98.62 103.76 118.90 132.73 147.18 194.20 157.66 113.82 112.47 126.24 99.85 86.18 99.17 80.31 89.45 98.89 100.39 81.04 82.09 90.50 87.58 79.61 77.44 62.81 68.13 59.88 62.47 57.39 54.79 56.33 56.14 41.43 38.87 35.25 42.23 40.48 40.00 42.83 45.69 35.54 38.80 38.79 37.37 39.21 40.03 38.96 41.23 39.27 40.60 33.65 35.92 36.32 33.97 33.31 30.08 31.97 42.21 41.39 36.38 39.77 42.38
-9999 -9999 -9999 -9999 -9999 -9999 -9999 -9999 -9999 -9999 -9999 -9999 -9999 -9999 -9999 104.39 113.45 111.02 120.82 135.15 177.29 154.05 123.96 97.04 100.37 103.12 98.23 112.63 97.12 120.97 113.72 85.70 94.85 77.87 97.44 81.60 95.20 64.75 60.08 61.96 59.84 60.63 50.51 59.66 54.86 51.73 40.61 38.32 42.04 44.48 42.92 39.28 40.21 40.30 36.62 37.49 39.99 37.39 41.29 42.36 41.45 42.91 37.59 43.74 33.46 33.78 34.69 35.40 34.85 32.27 35.37 37.35 35.37 36.24 37.48 38.21
-9999 -9999 -9999 -9999 -9999 -9999 -9999 -9999 -9999 -9999 -9999 -9999 -9999 -9999 -9999 95.96 101.14 97.02 114.65 127.77 159.73 164.29 135.81 106.70 104.70 106.71 95.54 101.19 113.02 124.20 93.23 93.02 82.00 105.43 82.66 78.42 79.89 65.66 60.33 56.15 49.63 54.55 53.07 51.55 43.85 54.24 50.15 46.90 44.19 43.32 45.25 40.67 36.00 35.57 35.25 36.99 36.63 42.85 40.98 40.52 42.06 38.01 36.54 33.83 32.87 31.42 28.43 27.45 30.70 29.13 29.20 32.73 30.59 35.70 35.42 36.85
-9999 -9999 -9999 -9999 -9999 -9999 -9999 -9999 -9999 -9999 -9999 -9999 -9999 -9999 97.07 101.73 112.06 104.90 95.89 124.36 140.23 142.53 123.71 107.71 95.91 99.72 90.03 100.59 97.43 92.34 101.47 96.90 87.89 79.21 67.78 69.73 70.60 79.10 61.01 55.04 55.91 49.89 51.65 52.56 47.93 49.44 51.91 47.53 42.56 40.89 39.89 35.99 31.40 30.78 33.48 37.90 38.84 41.85 40.19 41.37 39.91 39.52 32.48 33.36 30.29 28.96 32.86 31.09 30.01 31.54 28.74 27.98 30.07 35.26 37.71 35.81
-9999 -9999 -9999 -9999 -9999 -9999 -9999 -9999 -9999 -9999 -9999 -9999 -9999 106.09 105.95 105.48 105.58 89.79 113.24 147.80 155.44 142.99 139.99 120.79 126.32 114.64 84.18 109.32 92.69 114.77 89.92 95.15 86.50 76.37 69.91 75.46 67.12 70.89 71.90 61.42 53.23 51.87 54.80 53.74 56.08 56.19 48.02 44.42 40.17 36.77 36.63 35.80 36.21 35.13 33.63 32.65 36.38 39.91 35.54 33.85 31.75 31.59 31.03 38.28 30.50 30.55 31.45 31.26 32.64 33.55 29.73 29.65 32.31 35.94 34.01 34.85
-9999 -9999 -9999 -9999 -9999 -9999 -9999 -9999 -9999 -9999 -9999 98.64 93.46 102.44 103.54 102.56 116.34 110.21 134.37 152.97 165.43 156.93 142.12 142.26 109.64 115.62 88.99 104.53 90.18 87.14 95.57 83.81 78.08 68.59 70.10 67.71 55.11 64.72 66.21 56.10 56.69 52.55 57.66 52.51 54.31 52.62 42.46 36.20 31.06 30.18 30.79 38.89 41.22 40.27 39.66 35.85 35.47 35.89 33.53 35.86 34.31 30.35 31.68 31.05 31.76 33.71 32.37 29.53 31.62 36.02 33.97 35.78 34.85 34.98 34.28 35.54
-9999 -9999 -9999 -9999 -9999 -9999 -9999 92.25 73.64 85.79 119.77 123.02 132.26 137.25 128.39 124.54 111.43 139.30 143.09 160.52 153.76 153.43 139.54 117.50 98.01 110.04 86.34 114.99 118.64 89.22 76.58 74.14 72.89 82.25 62.27 70.90 66.89 65.77 61.66 56.32 51.19 52.60 50.78 43.99 48.61 46.39 36.12 31.99 33.47 34.17 36.04 35.86 41.23 36.94 35.65 39.65 37.46 40.47 39.89 39.72 37.98 35.51 35.52 36.91 32.10 31.73 32.53 33.55 33.59 36.51 34.71 33.20 32.99 34.06 34.33 37.81
-9999 -9999 -9999 -9999 -9999 -9999 131.28 104.35 107.87 115.11 105.75 125.88 134.76 142.77 129.96 115.68 125.27 141.83 174.42 164.33 175.66 162.25 135.24 136.39 101.58 89.50 118.32 99.30 88.37 65.37 65.05 65.10 74.48 65.40 58.88 57.24 62.03 68.02 54.81 66.50 53.03 47.33 44.31 41.51 44.50 42.30 33.51 31.20 34.05 36.93 34.45 41.32 37.14 36.01 36.54 33.45 35.21 40.42 39.65 37.04 39.85 37.48 35.40 30.89 35.06 34.84 35.06 33.55 32.38 31.92 28.49 28.58 28.92 33.86 30.60 33.78
-9999 -9999 -9999 -9999 -9999 128.78 133.07 118.19 117.25 128.96 139.69 164.21 170.00 149.54 140.83 163.65 133.71 138.44 181.62 156.83 155.62 130.26 150.07 130.27 117.29 99.09 89.49 78.78 66.22 95.73 92.43 68.68 67.76 60.52 52.80 56.68 56.54 58.75 56.27 57.57 47.71 45.01 38.24 40.69 43.28 40.35 32.77 41.15 33.52 34.57 33.40 32.77 38.07 36.75 44.30 38.71 44.41 44.92 40.22 36.44 36.25 35.44 35.54 34.76 33.09 37.62 34.80 33.26 32.70 31.52 30.97 30.40 30.86 29.84 32.96 39.37
-9999 126.29 153.47 154.31 189.79 178.95 175.17 170.51 163.64 156.04 202.25 213.11 215.38 189.36 189.27 184.53 157.26 147.92 150.86 141.94 134.34 142.17 146.20 128.76 115.85 103.45 96.46 57.07 83.18 105.44 98.41 104.76 71.02 67.83 51.30 49.05 69.76 48.13 55.18 48.69 40.57 37.86 35.91 49.55 42.29 44.50 51.47 39.17 36.96 34.75 39.29 39.45 39.41 39.18 43.44 42.43 47.77 43.92 37.61 34.91 36.38 35.50 37.01 36.50 37.87 36.38 34.59 32.06 32.14 32.25 36.61 32.47 33.87 32.01 36.05 40.79
114.69 137.25 157.11 180.21 223.30 291.66 251.69 211.91 188.19 180.54 222.10 217.54 187.67 182.21 183.57 172.74 169.49 137.69 130.50 130.56 123.86 132.14 137.11 122.57 105.24 87.07 110.38 111.23 156.09 139.88 118.04 83.77 77.83 51.60 58.60 52.40 52.65 48.48 47.46 44.89 39.93 36.14 34.49 35.06 41.10 51.14 56.39 49.55 43.35 40.28 51.59 45.39 44.56 44.86 43.49 46.55 45.06 42.08 38.76 41.34 40.75 34.05 41.00 38.45 32.37 33.14 32.03 31.35 30.09 31.97 34.92 32.50 37.37 32.61 39.44 44.74
