Rainfall_2007-2011/Rainfall_2009-06_ACTUAL.txt
ncols         180
nrows         290
xllcorner     -200000
yllcorner     -200000
cellsize      5000
NODATA_value  -9999
[rows 204 to 237 of 290, columns 77 to 153 of 180]
62.67 64.57 69.50 83.13 84.13 79.71 74.25 77.31 81.77 89.97 93.03 90.21 99.58 95.76 72.15 69.05 56.96 62.85 75.05 68.67 83.22 66.92 64.29 50.82 55.40 52.44 87.37 94.76 93.82 71.99 68.56 72.34 70.45 72.96 91.09 106.30 101.58 81.14 82.05 85.91 91.41 90.49 44.84 51.02 57.36 65.27 70.59 72.93 63.02 68.78 66.40 56.20 53.22 58.09 71.39 62.77 54.12 60.50 56.93 53.43 53.38 53.17 40.61 64.02 100.10 91.74 43.44 53.35 49.74 48.58 49.15 60.28 51.05 41.58 38.40 39.59 41.19
54.62 61.09 57.16 65.41 73.14 70.32 70.70 71.18 73.10 67.96 82.52 72.68 68.40 66.72 62.08 64.74 77.48 82.29 100.10 123.49 75.30 78.65 79.53 87.68 84.27 62.52 60.84 110.27 90.63 88.08 80.90 92.45 88.69 87.36 95.13 111.49 107.59 107.31 84.30 84.73 86.29 72.53 63.80 75.03 63.13 55.68 51.43 59.03 61.02 67.04 70.51 57.71 52.42 49.62 45.83 45.68 64.41 70.25 62.42 56.16 57.13 52.74 57.20 66.66 79.92 87.82 62.91 61.38 54.95 51.53 55.40 68.43 47.34 38.81 40.57 44.60 40.80
62.87 66.28 64.77 66.10 61.57 68.34 75.89 75.25 66.55 68.56 79.35 72.24 71.60 69.19 75.65 67.69 85.52 96.94 107.95 124.25 127.50 84.25 100.72 120.58 82.42 89.35 82.92 55.48 77.57 89.99 71.94 82.03 88.79 117.89 101.89 107.17 88.21 92.96 82.10 75.44 67.50 61.99 78.02 68.72 57.84 53.85 54.62 64.97 61.04 71.10 67.80 60.82 63.16 50.89 45.97 51.52 63.71 65.74 61.87 55.11 56.57 60.71 71.98 80.95 101.77 78.68 82.82 69.68 62.19 53.99 52.90 47.61 49.54 44.58 42.30 55.62 49.74
59.26 58.99 67.63 66.36 76.08 82.20 89.44 83.76 72.97 73.70 81.70 85.69 87.76 73.70 79.89 72.76 79.44 87.99 96.04 103.26 104.41 72.48 91.77 98.25 90.12 98.02 91.50 78.03 92.39 81.40 76.51 89.58 129.62 136.80 101.58 79.45 87.40 71.00 69.40 59.36 73.97 57.39 71.11 78.47 44.57 49.26 57.86 63.53 60.65 63.31 69.15 63.14 58.91 53.39 57.42 63.89 56.48 57.19 61.28 57.22 54.74 57.10 72.27 53.94 85.51 72.88 84.90 59.86 53.64 56.76 54.53 56.44 49.91 50.79 51.58 49.11 48.45
56.76 59.29 55.97 68.50 77.05 72.55 73.03 73.48 71.84 72.63 80.58 73.15 85.33 93.92 78.98 93.14 95.65 95.07 103.63 94.73 76.10 76.69 73.26 76.79 83.37 100.24 95.87 77.37 79.26 78.40 86.68 83.99 98.27 108.33 89.26 75.11 74.87 59.87 60.23 73.07 60.46 54.58 42.19 68.99 55.26 57.63 57.39 59.93 61.12 60.21 60.04 62.39 65.58 52.21 72.93 75.89 53.23 48.22 52.86 54.80 55.64 60.22 63.65 52.85 60.41 64.58 62.19 44.75 55.25 59.12 50.28 56.16 57.43 55.00 54.65 51.00 37.74
52.35 50.73 48.64 64.18 71.03 78.31 -9999 -9999 -9999 -9999 74.53 76.81 88.44 79.76 70.73 79.38 84.95 84.55 87.72 74.64 107.92 110.55 94.75 93.17 104.58 114.38 103.29 93.18 85.94 88.18 92.75 80.58 88.90 81.66 77.93 67.79 70.41 58.11 60.57 74.98 60.52 60.73 51.62 46.14 49.15 55.62 53.19 48.64 57.69 62.33 59.05 57.33 62.03 70.77 68.22 69.41 44.51 44.63 47.68 65.85 55.44 59.69 69.91 75.45 50.43 61.08 46.95 59.74 58.87 60.90 59.95 59.73 54.02 60.70 55.32 56.88 50.77
49.51 49.79 53.64 59.74 72.69 70.69 -9999 -9999 -9999 -9999 -9999 -9999 -9999 73.80 69.70 71.79 76.39 75.83 84.91 98.72 110.00 106.60 105.26 143.42 121.50 114.11 83.27 108.14 115.44 86.41 83.31 105.32 100.39 91.35 68.84 68.22 74.36 64.60 68.13 75.16 69.82 62.70 49.18 51.23 47.94 51.42 48.26 46.43 49.59 62.42 55.70 50.17 52.31 52.87 45.54 41.19 45.64 49.47 43.53 59.83 57.55 54.84 73.67 67.20 53.96 44.83 43.60 61.40 58.46 57.92 87.07 73.24 57.00 60.52 58.31 62.21 62.34
-9999 -9999 52.22 -9999 -9999 -9999 -9999 -9999 -9999 -9999 -9999 78.75 82.19 85.94 82.14 70.45 72.53 73.85 85.14 105.26 121.16 134.15 126.49 129.86 120.80 127.74 128.66 124.99 109.20 88.74 73.91 107.26 92.60 78.97 69.26 81.99 80.01 55.74 69.34 79.03 75.85 74.03 57.74 51.18 51.11 49.55 46.44 43.14 46.22 35.91 38.76 39.85 49.98 47.73 34.73 30.21 40.62 44.42 40.88 51.27 38.32 42.84 56.98 47.46 42.38 39.28 44.89 68.76 65.18 60.52 61.20 77.56 79.62 63.79 53.37 60.09 65.17
-9999 -9999 -9999 -9999 -9999 -9999 -9999 -9999 -9999 -9999 -9999 78.21 81.57 82.19 86.18 66.24 -9999 -9999 70.90 107.41 102.31 119.01 118.02 125.42 118.26 141.01 127.27 122.21 97.77 85.51 85.08 79.07 69.90 66.32 62.36 62.71 79.57 68.52 71.33 71.72 67.68 69.61 59.79 55.55 62.61 54.36 46.50 43.53 40.19 40.81 38.99 38.44 35.48 35.06 31.23 33.67 35.70 35.16 33.45 39.32 35.91 42.47 45.18 41.31 43.27 49.63 67.04 66.74 71.83 62.04 62.79 58.86 61.52 57.59 58.53 53.77 56.89
-9999 -9999 -9999 -9999 -9999 -9999 -9999 -9999 -9999 -9999 -9999 -9999 -9999 -9999 -9999 -9999 -9999 -9999 70.57 83.70 94.51 99.23 93.46 104.03 100.44 128.47 124.00 104.18 91.73 74.96 76.46 77.17 -9999 61.35 53.05 57.88 65.98 54.66 65.50 64.81 70.28 62.77 49.20 51.53 65.03 44.10 46.06 46.17 39.94 34.48 29.27 35.41 28.45 27.35 24.03 23.12 34.76 33.69 30.34 33.17 33.65 28.13 31.09 36.57 46.70 49.03 48.22 49.47 35.76 34.05 50.26 53.90 62.14 61.58 63.28 59.04 47.21
-9999 -9999 -9999 -9999 -9999 -9999 -9999 -9999 -9999 -9999 -9999 -9999 -9999 -9999 -9999 -9999 -9999 -9999 -9999 78.51 87.61 96.93 98.55 100.08 95.59 95.99 116.76 102.83 -9999 -9999 -9999 -9999 52.74 53.91 60.52 61.70 59.98 56.11 63.37 64.89 63.56 54.76 50.16 53.60 51.63 48.25 37.48 43.97 41.68 37.70 33.97 28.41 23.59 23.88 24.57 22.58 26.36 25.92 29.42 31.03 29.26 26.78 17.70 29.18 34.36 35.48 37.05 33.58 26.75 33.76 58.78 53.69 58.99 51.27 56.34 51.54 43.40
-9999 -9999 -9999 -9999 -9999 -9999 -9999 -9999 -9999 -9999 -9999 -9999 -9999 -9999 -9999 -9999 -9999 -9999 -9999 -9999 88.71 111.97 99.93 94.47 95.78 95.68 97.56 -9999 -9999 -9999 -9999 59.72 43.33 56.67 62.94 61.22 53.34 58.90 63.86 64.39 55.25 47.03 43.54 47.05 49.91 51.84 41.12 41.55 40.16 38.11 32.45 29.78 26.13 23.19 22.46 18.42 21.44 21.81 25.82 29.51 31.66 27.31 19.72 28.09 30.62 25.67 30.67 36.49 35.92 46.56 50.28 53.40 52.13 47.67 48.16 38.87 39.80
-9999 -9999 -9999 -9999 -9999 -9999 -9999 -9999 -9999 -9999 -9999 -9999 -9999 -9999 -9999 -9999 -9999 -9999 -9999 -9999 -9999 99.41 93.64 103.55 89.77 79.95 90.37 -9999 -9999 -9999 66.20 66.86 53.62 56.36 59.81 65.15 53.07 57.78 51.96 56.91 54.23 46.82 45.93 45.06 44.27 47.80 42.95 38.72 36.82 36.12 32.78 27.85 24.22 23.94 24.78 21.72 21.92 22.20 25.12 25.75 26.97 27.90 33.80 35.71 27.61 22.19 28.28 37.67 42.86 48.01 51.48 44.50 41.84 42.28 43.46 36.73 38.59
-9999 -9999 -9999 -9999 -9999 -9999 -9999 -9999 -9999 -9999 -9999 -9999 -9999 -9999 -9999 -9999 -9999 -9999 -9999 -9999 -9999 -9999 -9999 -9999 -9999 -9999 -9999 -9999 -9999 84.79 73.64 67.84 56.71 64.00 59.99 64.02 59.31 53.54 50.47 50.34 52.37 52.73 41.38 40.18 41.51 45.62 33.79 38.54 36.13 33.25 34.07 29.85 25.66 20.01 25.29 24.71 21.81 22.25 24.50 22.97 22.54 22.29 27.04 30.56 29.57 27.42 32.44 33.06 36.62 35.12 39.56 35.40 32.62 30.63 41.56 52.71 45.74
-9999 -9999 -9999 -9999 -9999 -9999 -9999 -9999 -9999 -9999 -9999 -9999 -9999 -9999 -9999 -9999 -9999 -9999 -9999 -9999 -9999 -9999 -9999 -9999 -9999 -9999 -9999 -9999 -9999 84.81 96.99 82.69 92.28 84.53 68.47 57.44 53.79 49.22 51.97 44.77 43.76 45.36 45.02 39.31 36.87 37.81 32.66 42.01 42.32 33.15 30.06 34.29 29.25 26.96 26.07 26.73 26.85 23.45 22.37 21.32 19.23 21.99 23.74 27.28 37.17 24.15 20.82 26.31 29.50 31.19 27.99 25.50 27.24 26.91 33.61 53.26 36.68
-9999 -9999 -9999 -9999 -9999 -9999 -9999 -9999 -9999 -9999 -9999 -9999 -9999 -9999 -9999 -9999 -9999 -9999 -9999 -9999 -9999 -9999 -9999 -9999 -9999 -9999 -9999 -9999 -9999 97.26 91.22 76.62 80.96 84.69 63.55 59.93 53.68 53.07 51.92 41.07 36.29 48.26 44.26 44.67 41.85 41.25 36.90 38.06 37.53 35.01 35.62 32.02 29.87 26.35 23.73 22.45 25.90 25.92 24.15 19.85 20.06 20.02 19.08 20.41 25.73 23.38 20.09 26.32 36.81 28.21 27.21 17.72 26.92 29.27 31.47 33.31 32.19
-9999 -9999 -9999 -9999 -9999 -9999 -9999 -9999 -9999 -9999 -9999 -9999 55.29 59.63 50.76 73.75 86.04 131.23 97.63 121.07 82.05 113.21 83.15 -9999 -9999 -9999 -9999 -9999 -9999 88.55 87.18 101.29 85.06 70.71 70.63 51.47 59.33 51.29 42.55 36.90 36.30 42.81 42.14 37.90 39.17 35.19 34.61 35.95 33.48 29.47 28.22 27.37 26.38 28.16 26.54 27.56 25.10 28.30 24.16 18.59 15.56 19.20 20.61 20.70 22.90 20.62 19.17 22.75 30.75 26.07 27.55 22.61 16.82 22.27 26.54 27.11 26.89
-9999 -9999 -9999 -9999 -9999 -9999 -9999 -9999 -9999 -9999 -9999 -9999 73.05 65.51 71.39 57.27 80.69 101.47 102.37 137.40 128.57 112.41 90.57 72.02 98.68 79.30 79.42 81.24 78.70 81.43 84.36 77.97 84.22 72.76 65.25 71.02 58.22 55.46 45.12 45.39 36.31 36.34 38.67 40.51 39.01 33.83 36.48 34.79 34.26 26.92 20.49 22.73 25.71 29.32 27.38 25.63 26.26 23.60 17.81 16.22 16.41 17.97 19.84 17.08 24.06 23.88 23.06 19.21 22.03 21.03 23.16 24.28 22.78 24.79 26.12 28.46 29.72
-9999 -9999 -9999 -9999 -9999 -9999 -9999 -9999 -9999 -9999 -9999 56.51 66.91 70.32 73.77 62.56 66.99 86.37 94.09 125.71 136.66 128.13 112.59 80.03 84.08 91.75 80.82 89.05 88.50 79.56 67.50 73.18 78.49 71.04 72.42 68.72 66.25 56.11 61.22 48.71 34.74 40.80 36.86 35.32 36.66 36.49 36.58 33.65 35.18 32.30 25.19 26.76 29.90 30.59 29.41 30.64 21.60 21.34 20.65 19.05 22.49 21.00 21.60 15.21 17.69 24.25 25.78 20.87 20.97 18.94 22.32 19.17 21.68 24.73 29.71 31.25 30.69
-9999 -9999 -9999 -9999 -9999 -9999 -9999 -9999 -9999 -9999 -9999 -9999 56.61 59.42 68.99 70.12 80.79 77.97 95.12 127.17 126.19 123.32 121.49 119.91 102.55 84.54 89.14 65.39 74.42 65.68 69.95 71.04 74.72 66.44 67.41 65.05 60.54 64.56 61.67 52.39 47.12 40.28 31.06 34.60 42.50 40.37 35.13 34.85 31.08 27.88 21.37 27.44 31.90 26.99 26.60 27.50 27.45 24.06 20.79 21.51 24.83 19.15 18.99 19.78 20.84 23.34 24.09 27.18 24.22 21.94 21.83 21.46 24.83 28.61 31.49 32.45 34.51
-9999 -9999 -9999 -9999 -9999 -9999 -9999 -9999 39.73 -9999 -9999 43.98 46.09 49.80 52.88 55.86 51.56 65.36 78.87 97.80 109.53 101.69 112.49 130.11 116.90 79.87 66.21 63.42 63.27 59.98 60.30 59.05 91.53 66.53 66.40 64.53 63.55 65.38 60.82 51.40 47.80 36.46 35.45 42.48 43.67 40.01 36.30 35.43 34.88 37.43 28.80 28.19 26.77 30.01 27.18 27.42 27.26 29.51 22.81 22.06 19.13 17.65 19.73 22.85 21.65 21.60 21.78 20.82 22.56 21.62 22.74 23.33 22.42 28.37 29.55 28.48 26.38
-9999 -9999 -9999 -9999 -9999 -9999 -9999 36.72 34.47 42.27 36.02 34.24 40.20 51.42 54.05 45.99 55.04 58.36 74.85 76.98 95.60 86.32 98.61 114.63 89.29 68.71 61.28 61.27 66.44 59.84 57.53 61.78 73.01 72.31 60.36 56.02 59.57 57.37 69.65 58.86 54.58 47.71 40.69 45.68 39.58 42.34 36.23 36.90 39.26 35.72 26.34 28.28 23.38 29.11 28.53 26.40 28.65 28.26 27.48 23.18 22.51 23.43 23.35 25.28 25.17 21.55 21.13 20.50 23.29 23.77 23.86 23.34 23.20 26.34 30.09 30.96 29.00
-9999 -9999 -9999 -9999 -9999 -9999 -9999 30.58 29.25 33.51 36.01 32.55 38.58 39.94 53.35 61.24 63.33 62.93 74.02 66.23 87.71 108.25 91.43 89.45 77.15 66.24 73.53 69.44 62.98 69.15 60.73 65.36 58.29 55.78 51.17 41.77 53.50 54.62 56.09 51.13 49.42 56.53 60.94 42.86 35.37 41.36 38.54 43.64 42.07 36.34 32.20 30.76 29.07 25.90 28.51 28.07 29.53 33.78 25.65 27.73 23.20 23.22 19.80 29.14 24.93 24.25 22.13 22.63 23.28 23.66 24.64 27.13 26.27 26.14 29.18 35.29 32.72
-9999 -9999 -9999 -9999 -9999 -9999 -9999 29.13 33.85 34.05 36.51 31.81 30.99 38.68 45.06 40.54 48.09 70.25 79.10 90.72 84.59 80.17 72.52 71.85 66.30 57.53 56.43 48.60 66.17 61.61 59.12 52.00 37.51 32.54 50.09 48.79 48.29 46.17 51.45 52.83 63.11 52.82 63.02 62.74 51.51 45.71 38.65 43.20 42.04 38.91 28.83 30.38 36.69 32.28 28.64 28.70 28.39 28.61 26.55 26.80 24.45 24.50 26.86 24.72 29.50 27.12 23.66 24.25 31.38 27.50 28.43 25.68 24.46 26.44 32.29 35.71 30.43
-9999 -9999 -9999 -9999 -9999 -9999 -9999 19.39 29.15 25.68 33.83 32.51 32.17 38.21 35.79 51.86 56.68 66.48 69.75 78.33 79.15 78.64 79.30 58.35 57.36 54.26 58.91 54.49 50.12 48.23 57.58 47.38 38.69 37.56 34.55 42.38 42.85 49.81 50.41 59.22 52.42 56.53 56.26 60.51 65.66 56.76 50.64 45.70 38.96 38.10 34.16 34.83 34.40 33.77 30.52 28.88 26.25 23.62 23.96 26.09 21.80 25.78 25.36 24.42 23.68 24.56 26.53 25.56 26.56 21.40 27.04 24.84 24.02 29.54 33.39 30.03 32.10
-9999 -9999 -9999 -9999 -9999 -9999 -9999 21.47 26.22 28.50 31.35 32.57 34.41 35.92 42.07 52.56 60.44 66.04 68.38 63.58 87.28 84.28 66.37 56.58 55.18 45.82 57.11 65.24 53.64 40.18 52.13 29.66 25.07 35.31 40.67 44.49 49.89 51.32 44.36 54.95 52.68 49.73 53.37 58.07 54.17 50.53 55.17 49.26 32.70 26.68 39.18 31.89 29.99 29.39 31.90 25.60 24.14 21.46 19.42 20.88 20.48 23.10 23.51 21.03 21.31 21.02 20.72 -9999 -9999 20.41 24.23 23.77 28.22 29.01 38.44 30.59 -9999
-9999 -9999 -9999 -9999 -9999 -9999 17.47 19.49 26.14 24.52 34.13 31.50 35.24 36.92 50.34 55.56 59.61 59.10 69.55 59.76 86.71 81.05 68.32 54.12 59.19 58.99 71.02 65.38 53.11 45.81 53.09 31.69 25.69 30.99 36.86 47.99 50.55 49.03 41.30 45.88 50.46 50.29 48.44 63.35 60.36 61.26 53.15 51.38 42.51 36.76 33.17 28.40 26.60 -9999 -9999 24.96 25.58 22.87 20.02 19.01 17.18 19.12 -9999 -9999 -9999 -9999 -9999 -9999 -9999 -9999 -9999 -9999 26.62 28.50 32.00 36.52 -9999
-9999 -9999 -9999 -9999 -9999 20.14 20.65 22.76 26.92 29.16 40.91 29.86 37.11 37.35 53.92 70.54 58.91 70.26 64.84 59.39 59.16 76.10 86.91 66.13 54.62 64.61 72.70 62.52 53.17 53.79 39.90 24.80 21.73 30.45 34.20 39.39 46.94 52.93 44.97 50.43 50.52 47.53 53.01 58.88 68.00 74.15 53.65 40.78 44.94 44.68 -9999 30.34 28.17 26.86 27.76 27.83 -9999 -9999 -9999 -9999 15.29 -9999 -9999 -9999 -9999 -9999 -9999 -9999 -9999 -9999 -9999 -9999 -9999 -9999 -9999 -9999 -9999
-9999 -9999 -9999 -9999 17.59 21.53 26.62 30.41 24.92 24.43 24.51 25.66 32.35 45.59 60.27 64.09 55.63 70.89 64.46 43.26 75.12 89.38 114.15 71.33 42.18 35.55 44.74 46.72 -9999 -9999 -9999 -9999 -9999 27.75 36.21 38.88 39.35 48.29 44.16 44.90 42.35 49.18 60.58 54.43 -9999 -9999 -9999 -9999 -9999 33.68 36.50 30.05 29.15 30.39 27.87 31.10 -9999 -9999 -9999 -9999 -9999 -9999 -9999 -9999 -9999 -9999 -9999 -9999 -9999 -9999 -9999 -9999 -9999 -9999 -9999 -9999 -9999
-9999 -9999 -9999 13.53 15.62 20.70 27.10 29.55 24.79 23.26 22.90 29.00 36.13 38.34 49.90 53.13 56.17 62.37 50.37 49.14 64.78 97.43 94.85 56.30 39.52 -9999 -9999 -9999 -9999 -9999 -9999 -9999 -9999 -9999 28.26 33.08 30.84 42.43 46.98 53.52 49.04 61.09 59.91 47.73 -9999 -9999 -9999 -9999 -9999 -9999 -9999 36.62 39.33 33.42 31.16 -9999 -9999 -9999 -9999 -9999 -9999 -9999 -9999 -9999 -9999 -9999 -9999 -9999 -9999 -9999 -9999 -9999 -9999 -9999 -9999 -9999 -9999
11.41 12.60 14.17 14.42 17.46 16.04 26.39 32.79 28.52 27.11 32.61 36.84 43.93 51.39 47.04 48.57 44.41 48.45 51.08 46.67 66.33 95.64 75.55 -9999 -9999 -9999 -9999 -9999 -9999 -9999 -9999 -9999 -9999 -9999 -9999 -9999 24.32 -9999 -9999 -9999 -9999 49.81 57.37 47.85 -9999 -9999 -9999 -9999 -9999 -9999 -9999 -9999 39.06 41.42 27.99 -9999 -9999 -9999 -9999 -9999 -9999 -9999 -9999 -9999 -9999 -9999 -9999 -9999 -9999 -9999 -9999 -9999 -9999 -9999 -9999 -9999 -9999
12.64 12.26 15.49 16.05 19.04 23.01 31.83 36.44 32.87 29.90 32.43 32.59 37.52 39.48 38.57 41.51 39.29 38.93 63.83 38.98 52.69 58.79 -9999 -9999 -9999 -9999 -9999 -9999 -9999 -9999 -9999 -9999 -9999 -9999 -9999 -9999 28.19 -9999 -9999 -9999 -9999 -9999 -9999 -9999 -9999 -9999 -9999 -9999 -9999 -9999 -9999 -9999 -9999 -9999 -9999 -9999 -9999 -9999 -9999 -9999 -9999 -9999 -9999 -9999 -9999 -9999 -9999 -9999 -9999 -9999 -9999 -9999 -9999 -9999 -9999 -9999 -9999
14.39 14.48 15.72 14.12 20.81 35.14 37.22 39.21 45.56 30.99 28.09 28.51 32.86 33.59 34.09 46.57 50.55 37.63 39.77 36.97 48.61 52.76 -9999 -9999 -9999 -9999 -9999 -9999 -9999 -9999 -9999 -9999 -9999 -9999 -9999 -9999 -9999 -9999 -9999 -9999 -9999 -9999 -9999 -9999 -9999 -9999 -9999 -9999 -9999 -9999 -9999 -9999 -9999 -9999 -9999 -9999 -9999 -9999 -9999 -9999 -9999 -9999 -9999 -9999 -9999 -9999 -9999 -9999 -9999 -9999 -9999 -9999 -9999 -9999 -9999 -9999 -9999
15.05 15.42 19.96 17.13 20.86 34.06 34.66 39.26 35.76 28.25 27.04 24.45 29.17 33.13 38.99 46.68 39.47 38.93 37.22 35.89 42.33 31.73 -9999 -9999 -9999 -9999 -9999 -9999 -9999 -9999 -9999 -9999 -9999 -9999 -9999 -9999 -9999 -9999 -9999 -9999 -9999 -9999 -9999 -9999 -9999 -9999 -9999 -9999 -9999 -9999 -9999 -9999 -9999 -9999 -9999 -9999 -9999 -9999 -9999 -9999 -9999 -9999 -9999 -9999 -9999 -9999 -9999 -9999 -9999 -9999 -9999 -9999 -9999 -9999 -9999 -9999 -9999
