Rainfall_2007-2011/Rainfall_2008-12_ACTUAL.txt
ncols         180
nrows         290
xllcorner     -200000
yllcorner     -200000
cellsize      5000
NODATA_value  -9999
[rows 170 to 203 of 290, columns 76 to 151 of 180]
-9999 -9999 -9999 -9999 -9999 -9999 -9999 -9999 -9999 -9999 -9999 -9999 -9999 -9999 -9999 -9999 -9999 -9999 -9999 -9999 -9999 -9999 -9999 -9999 -9999 -9999 -9999 -9999 -9999 -9999 66.37 68.45 69.16 69.89 73.86 73.00 70.96 67.85 75.04 77.11 72.56 75.63 87.05 97.17 102.32 148.70 158.05 149.85 106.09 76.60 63.70 52.09 46.86 41.06 44.98 42.28 41.87 37.84 42.66 41.68 48.04 46.12 48.41 47.68 46.68 44.95 40.42 41.53 50.17 44.19 36.26 37.76 47.89 -9999 -9999 -9999
-9999 -9999 -9999 -9999 -9999 -9999 -9999 -9999 -9999 -9999 80.76 81.24 86.88 91.10 -9999 -9999 -9999 -9999 -9999 -9999 -9999 -9999 -9999 -9999 -9999 -9999 -9999 -9999 -9999 43.76 51.97 58.49 66.56 67.72 68.94 62.73 62.93 65.38 68.81 67.73 71.24 75.47 85.42 94.47 121.41 105.64 146.38 126.57 116.95 97.94 57.81 55.22 40.71 50.95 56.42 48.04 40.43 37.69 37.33 44.32 45.00 46.32 41.33 43.93 42.52 42.61 45.20 51.48 56.52 53.41 42.27 41.08 44.66 44.05 -9999 -9999
-9999 -9999 -9999 -9999 -9999 -9999 -9999 -9999 -9999 -9999 84.88 91.05 93.47 93.55 -9999 -9999 -9999 -9999 -9999 -9999 -9999 -9999 -9999 -9999 -9999 -9999 -9999 -9999 48.43 48.96 52.21 56.73 70.98 65.47 58.92 55.62 54.23 63.74 77.45 72.09 70.01 71.67 79.17 79.63 101.20 131.75 153.03 125.59 103.02 92.29 59.44 50.95 47.77 45.09 52.31 47.35 39.83 35.96 36.40 42.88 46.21 48.28 42.20 42.21 39.51 41.48 43.04 54.46 55.58 49.00 50.42 43.65 41.80 44.37 -9999 -9999
-9999 -9999 -9999 -9999 -9999 -9999 -9999 -9999 62.30 74.00 71.92 93.67 98.15 99.84 93.05 68.76 78.81 -9999 -9999 85.17 83.13 -9999 -9999 -9999 54.06 60.33 53.47 -9999 49.36 53.10 56.21 55.67 57.98 59.30 54.23 51.24 59.76 61.67 67.61 63.15 69.13 74.85 74.26 94.54 89.66 102.52 119.15 84.85 83.08 92.74 62.86 64.74 51.59 46.43 44.57 44.54 39.76 40.56 44.96 43.12 44.28 50.56 37.82 41.87 39.28 36.23 40.21 49.75 50.00 43.48 48.95 42.60 41.35 48.73 43.39 -9999
-9999 -9999 -9999 -9999 -9999 -9999 -9999 -9999 -9999 80.95 72.17 89.76 96.92 97.78 93.07 87.83 78.61 -9999 84.62 96.01 100.39 82.70 69.03 62.17 62.58 73.41 61.23 56.80 -9999 52.31 56.56 55.58 53.78 56.38 56.32 53.45 57.22 57.61 57.67 62.82 63.04 81.58 76.51 95.24 127.56 101.47 98.86 76.25 95.88 65.00 62.19 58.75 51.73 50.47 49.37 42.62 40.93 36.49 41.93 46.43 42.63 44.16 39.23 40.99 36.06 34.41 39.08 45.67 48.77 47.02 51.74 44.59 41.54 41.73 37.11 -9999
-9999 -9999 -9999 -9999 -9999 -9999 -9999 -9999 -9999 -9999 72.63 81.70 94.34 94.09 88.03 87.91 100.69 108.41 142.36 104.53 94.77 90.22 80.42 67.37 68.58 63.39 62.50 63.69 63.39 53.49 52.25 54.63 53.80 56.31 61.04 60.10 60.19 58.48 54.46 56.16 60.04 73.66 70.39 89.45 103.39 102.37 93.18 79.45 73.39 72.35 64.29 59.68 55.55 51.74 45.54 43.67 45.13 40.75 44.50 43.05 40.30 39.05 37.73 36.03 34.43 35.85 38.45 42.61 42.22 45.17 49.23 43.51 43.45 36.93 33.19 31.87
-9999 -9999 -9999 -9999 -9999 -9999 -9999 -9999 -9999 -9999 -9999 81.21 84.37 85.27 94.86 123.34 149.43 181.34 151.62 111.28 86.59 70.93 72.70 66.86 61.72 58.46 81.49 65.43 62.95 59.83 46.80 52.22 55.91 51.92 57.33 42.64 65.02 72.04 56.14 56.07 55.12 63.60 77.94 87.17 102.06 87.30 92.43 89.77 70.93 70.56 72.17 68.16 59.56 55.82 49.24 45.46 48.42 39.77 42.26 41.38 38.03 37.35 36.09 39.19 35.56 35.75 37.43 37.91 37.41 41.12 46.62 39.60 36.86 35.54 33.85 33.51
-9999 -9999 -9999 -9999 -9999 -9999 -9999 -9999 -9999 -9999 -9999 -9999 95.39 102.59 145.29 175.18 212.89 203.98 167.18 119.77 101.70 72.65 80.93 67.50 80.29 70.99 60.85 74.89 59.10 55.39 58.29 49.62 52.10 51.21 57.14 62.16 55.96 54.39 59.46 59.02 58.06 63.46 76.92 87.14 85.74 77.80 75.53 85.41 83.07 70.74 70.92 63.47 58.06 57.60 48.62 47.07 45.38 38.75 41.65 36.86 36.07 35.80 31.27 38.11 36.64 35.45 34.45 32.07 36.67 36.62 36.58 32.90 33.27 33.38 34.60 35.83
-9999 -9999 -9999 -9999 -9999 -9999 -9999 -9999 -9999 -9999 -9999 -9999 101.60 114.61 171.24 217.80 266.36 206.35 165.30 123.81 91.83 99.72 100.58 103.63 85.62 79.74 57.91 63.57 68.01 63.47 57.43 47.48 41.45 47.16 53.47 57.46 56.07 48.61 55.22 61.73 57.37 66.48 79.14 66.60 73.37 83.99 87.95 83.92 74.59 64.80 66.46 60.67 53.76 56.21 51.66 45.79 42.98 37.95 37.16 33.89 32.70 34.82 34.03 37.52 39.88 35.67 33.62 30.53 32.89 32.47 33.10 29.92 30.69 32.29 31.49 -9999
-9999 -9999 -9999 -9999 -9999 -9999 -9999 -9999 -9999 -9999 -9999 -9999 108.98 127.26 168.92 165.15 260.01 214.82 157.67 127.23 90.32 104.24 99.58 100.43 89.77 61.44 60.30 77.84 63.68 66.28 55.13 50.77 45.40 48.33 49.48 50.72 56.30 53.61 55.71 63.47 66.99 69.82 73.97 81.36 78.84 79.16 78.29 77.32 65.40 67.35 67.96 52.29 53.40 50.55 45.68 43.69 35.54 38.71 33.41 31.51 34.66 36.30 33.60 40.07 35.03 36.20 33.41 30.80 28.00 32.56 30.99 28.33 30.09 30.36 -9999 -9999
-9999 -9999 -9999 -9999 -9999 -9999 -9999 -9999 -9999 -9999 -9999 111.16 166.40 140.94 163.26 149.00 156.08 202.21 191.27 165.85 161.25 139.58 115.05 92.21 82.63 66.98 73.43 88.80 77.76 79.36 57.70 48.93 43.91 49.30 48.03 48.34 51.99 51.29 51.31 58.67 61.41 59.23 65.12 70.37 58.72 69.47 79.51 67.82 67.38 59.83 58.20 49.76 45.61 42.06 42.27 42.17 33.47 34.26 39.23 37.90 35.50 36.30 32.84 35.44 32.23 34.46 33.98 30.35 29.25 30.22 33.07 29.87 30.85 -9999 -9999 -9999
-9999 -9999 -9999 -9999 -9999 -9999 -9999 -9999 -9999 80.90 95.45 117.68 114.10 117.78 115.00 119.88 106.35 127.29 148.38 165.25 170.23 161.91 148.00 108.57 75.46 79.99 73.92 63.74 66.97 66.27 64.29 58.17 41.08 47.19 45.11 50.25 51.19 50.14 55.10 57.44 61.42 64.17 59.87 60.52 65.56 64.66 61.18 66.35 59.17 54.03 55.45 50.25 44.00 36.98 41.37 40.13 35.37 34.95 39.64 40.72 40.96 37.69 34.88 37.69 36.21 32.50 33.57 30.27 33.21 26.89 23.01 27.41 -9999 -9999 -9999 -9999
-9999 -9999 -9999 -9999 -9999 -9999 -9999 -9999 81.98 78.90 84.12 94.17 95.99 77.87 93.24 99.55 95.97 110.84 134.07 145.58 186.22 137.11 84.87 88.51 77.72 93.42 89.31 79.84 66.02 61.72 64.75 54.56 42.40 47.22 51.11 50.73 50.35 49.89 51.22 59.18 50.18 59.82 60.14 58.99 58.87 64.95 60.15 55.97 52.20 52.51 51.70 46.19 44.42 42.57 39.43 36.34 31.56 35.32 38.43 37.40 39.34 40.68 37.58 43.75 37.94 33.97 31.75 28.70 27.68 23.40 24.73 26.24 -9999 -9999 -9999 -9999
-9999 -9999 -9999 -9999 -9999 -9999 -9999 108.73 90.39 83.43 87.87 -9999 -9999 -9999 -9999 86.52 113.83 138.66 125.96 137.88 136.78 122.65 113.21 114.72 107.26 122.89 99.97 80.19 63.08 54.75 48.45 44.71 40.06 46.08 49.79 49.51 48.25 49.48 45.49 52.93 45.48 41.36 48.42 55.23 54.11 59.51 52.22 55.23 59.08 54.95 47.44 41.30 38.75 41.86 41.28 37.30 40.02 37.74 41.45 41.98 42.88 37.32 37.01 40.66 35.79 34.91 28.86 27.11 25.95 25.77 25.62 26.04 27.73 -9999 -9999 -9999
-9999 -9999 -9999 -9999 -9999 -9999 -9999 90.55 111.44 85.63 84.90 -9999 -9999 -9999 -9999 76.80 104.57 146.41 105.48 136.92 160.53 147.18 157.26 141.74 103.44 106.80 72.75 54.67 55.45 48.33 46.11 43.29 39.56 42.97 54.37 53.21 49.00 49.87 46.75 46.20 45.87 40.96 44.32 46.01 47.70 51.95 54.49 63.62 61.37 55.93 50.55 47.66 45.41 42.05 43.00 37.19 40.43 41.62 42.36 49.11 46.45 37.23 36.54 35.72 27.61 28.48 26.60 27.06 25.29 25.18 24.77 25.35 26.33 26.32 -9999 -9999
-9999 -9999 -9999 -9999 -9999 -9999 -9999 -9999 -9999 -9999 -9999 -9999 -9999 -9999 -9999 77.00 108.08 117.87 114.47 145.46 144.26 172.29 190.04 122.89 96.86 88.31 72.10 55.84 50.38 58.82 45.07 42.32 39.26 43.19 52.26 52.24 48.08 42.13 47.85 44.46 41.61 41.24 40.94 43.78 47.10 50.72 51.62 58.91 59.95 62.75 59.25 49.06 46.33 44.96 41.94 52.25 33.54 41.08 43.28 44.30 44.71 41.44 34.32 32.07 27.98 26.74 25.73 25.76 24.18 23.32 23.44 24.66 25.81 24.79 25.40 27.44
-9999 -9999 -9999 -9999 -9999 -9999 -9999 -9999 -9999 -9999 -9999 -9999 -9999 -9999 -9999 -9999 100.53 98.36 121.23 136.59 162.88 161.29 169.03 133.05 87.29 67.73 56.68 40.36 47.31 42.34 37.37 34.91 37.50 38.48 45.39 46.31 45.81 42.41 45.63 44.07 42.92 44.13 41.99 48.06 54.49 47.50 47.59 50.89 56.08 59.62 58.51 53.11 50.56 56.35 54.95 44.74 39.47 40.54 39.52 40.87 37.79 40.14 36.53 33.50 29.94 28.84 24.83 24.41 23.65 22.01 23.25 27.38 25.84 24.93 26.14 27.91
-9999 -9999 -9999 -9999 -9999 -9999 -9999 -9999 -9999 -9999 -9999 -9999 -9999 -9999 -9999 -9999 103.49 139.97 164.77 152.19 159.97 146.32 135.79 110.73 85.18 63.18 49.96 54.26 51.26 38.32 35.95 35.85 35.60 34.28 44.73 43.10 46.80 36.99 49.07 48.67 44.98 42.97 41.88 47.52 51.94 47.28 48.94 51.06 53.69 56.24 59.82 54.18 49.68 60.25 53.53 43.63 40.95 42.87 41.96 42.64 41.46 40.02 38.61 33.49 30.54 29.03 25.46 23.89 24.06 25.12 24.41 23.57 24.90 24.99 26.01 28.66
-9999 -9999 -9999 -9999 -9999 -9999 -9999 -9999 -9999 -9999 -9999 -9999 -9999 -9999 -9999 87.16 97.04 130.74 160.84 155.64 142.74 133.12 138.51 120.17 102.16 76.27 59.32 57.61 44.92 50.31 37.72 35.51 35.33 40.03 45.96 41.95 51.91 51.13 53.37 51.19 45.79 45.77 44.36 49.05 48.81 46.48 46.34 49.01 51.32 54.74 59.58 54.65 49.89 54.62 47.75 38.91 41.31 42.56 42.37 43.90 40.47 35.88 35.75 33.15 31.66 28.93 25.66 23.98 22.90 21.32 20.33 23.51 25.22 25.51 24.04 27.86
-9999 -9999 -9999 -9999 -9999 -9999 -9999 -9999 -9999 -9999 -9999 -9999 -9999 -9999 -9999 73.92 86.07 134.19 136.59 124.74 108.27 110.38 126.10 117.67 98.82 74.92 61.67 55.35 45.04 42.80 41.12 45.13 45.20 44.19 42.65 37.45 45.72 54.22 53.08 53.91 49.91 52.81 48.54 53.49 46.66 48.78 53.87 53.37 54.08 53.77 57.20 54.36 54.29 55.15 49.91 40.44 41.64 42.69 47.86 42.27 41.81 37.58 34.74 34.78 30.15 27.00 28.41 24.69 23.50 20.10 18.96 22.06 26.36 26.22 25.98 29.49
-9999 -9999 -9999 -9999 -9999 -9999 -9999 -9999 -9999 -9999 -9999 -9999 -9999 -9999 -9999 59.23 78.06 88.92 111.61 111.02 113.53 115.82 124.12 103.99 92.25 79.48 63.81 49.17 47.90 49.58 46.14 55.72 63.58 48.82 47.51 42.82 48.01 57.11 49.33 48.55 47.22 48.83 49.76 50.49 50.88 56.84 61.77 54.77 55.99 61.49 59.99 57.93 58.05 49.32 46.10 43.13 45.59 44.32 46.59 45.41 49.37 44.24 38.15 36.04 33.62 25.97 24.70 24.53 24.62 20.04 20.74 23.19 27.12 26.04 25.70 27.23
-9999 -9999 -9999 -9999 -9999 -9999 -9999 -9999 -9999 -9999 -9999 -9999 -9999 -9999 -9999 -9999 66.06 98.65 122.73 140.78 162.36 130.19 115.65 82.16 57.34 60.49 65.54 51.27 58.15 46.72 51.40 49.45 63.83 52.11 36.04 31.33 47.34 55.33 45.65 46.43 46.93 51.20 54.12 51.16 50.88 50.51 53.93 58.10 60.53 61.54 58.72 57.58 59.70 51.79 44.82 45.32 46.08 43.58 42.81 41.72 57.95 58.49 42.28 36.44 30.39 30.13 27.24 25.83 24.16 22.88 23.82 24.37 25.10 22.46 23.12 24.97
-9999 -9999 -9999 -9999 -9999 -9999 -9999 -9999 -9999 -9999 -9999 -9999 -9999 -9999 -9999 -9999 80.90 100.12 133.37 171.48 198.10 159.98 120.00 80.70 59.09 62.39 76.11 67.86 58.98 53.93 44.25 46.97 54.84 49.61 44.93 46.89 49.24 51.81 48.27 48.11 49.17 54.50 51.82 54.17 57.78 49.99 49.58 58.72 55.14 58.61 54.22 53.36 56.72 54.24 50.25 50.31 52.76 49.27 37.75 41.32 46.87 40.23 35.52 32.20 30.88 29.24 29.01 24.81 22.85 22.60 23.23 25.89 25.55 24.47 21.23 25.31
-9999 -9999 -9999 -9999 -9999 -9999 -9999 -9999 -9999 -9999 -9999 -9999 -9999 -9999 -9999 58.18 67.16 95.50 143.63 173.25 167.44 147.83 97.32 90.08 98.05 85.06 80.18 58.95 44.85 51.00 52.58 51.45 47.58 49.43 50.05 47.29 53.38 49.37 44.61 47.51 44.83 50.90 53.52 51.25 52.43 53.25 52.65 56.14 53.92 54.43 49.93 50.05 51.93 55.49 47.02 55.17 54.08 46.44 40.21 42.52 38.31 37.10 32.71 30.97 26.08 28.97 27.96 23.15 22.74 22.97 22.92 26.09 24.81 24.77 25.85 26.18
-9999 -9999 -9999 -9999 -9999 -9999 -9999 -9999 -9999 -9999 -9999 -9999 -9999 -9999 -9999 70.18 82.51 93.10 105.00 145.84 167.42 138.54 112.17 82.63 77.64 95.08 91.12 71.56 57.97 63.15 57.42 45.06 58.15 48.51 44.58 40.02 55.76 40.29 40.91 44.57 42.33 45.47 47.96 53.49 54.16 51.84 56.45 53.53 51.03 50.77 45.58 43.31 47.23 44.94 45.53 51.62 53.19 45.81 45.04 43.75 40.10 36.54 32.24 32.32 25.05 25.10 24.37 22.50 21.38 20.60 23.04 23.01 23.73 25.53 27.75 24.83
-9999 -9999 -9999 -9999 -9999 -9999 -9999 -9999 -9999 -9999 -9999 -9999 -9999 -9999 -9999 75.72 83.91 85.18 111.20 139.07 156.22 155.46 126.04 89.25 80.38 85.89 76.55 69.88 75.27 48.25 49.71 50.62 43.11 51.72 42.01 40.29 41.76 36.88 36.34 41.13 40.22 43.38 44.94 45.85 47.09 50.57 52.98 51.20 50.18 46.39 37.04 39.64 44.22 46.70 35.79 51.45 54.64 39.69 39.40 38.51 41.35 39.53 34.67 27.85 25.84 23.64 19.96 18.29 16.63 18.58 18.89 23.16 23.58 23.88 24.78 23.20
-9999 -9999 -9999 -9999 -9999 -9999 -9999 -9999 -9999 -9999 -9999 -9999 -9999 -9999 79.50 86.69 99.69 100.00 97.40 124.86 134.36 148.46 117.44 96.72 74.51 75.04 73.85 80.33 64.58 46.02 52.83 47.03 35.08 35.37 36.39 34.43 35.88 38.65 36.65 39.85 42.63 44.28 45.28 44.16 45.32 45.26 52.00 49.07 48.64 46.31 41.93 40.56 39.12 38.93 42.07 47.81 47.93 42.33 38.87 38.55 38.80 34.19 25.82 26.98 24.76 23.76 21.77 18.64 17.62 19.68 18.81 19.71 21.77 24.03 23.20 22.42
-9999 -9999 -9999 -9999 -9999 -9999 -9999 -9999 -9999 -9999 -9999 -9999 -9999 84.22 90.67 95.67 99.12 93.43 110.21 127.49 140.95 130.44 135.20 98.03 82.18 72.69 61.31 80.45 61.03 57.36 45.69 39.47 33.99 37.31 36.46 41.55 40.92 40.77 42.49 46.64 42.39 41.11 43.27 47.76 43.44 43.26 46.98 47.39 48.08 46.35 45.48 43.12 44.95 44.08 42.88 39.33 41.39 43.56 38.97 37.83 31.05 27.11 26.62 32.17 27.03 24.60 23.13 19.84 19.64 20.68 19.93 20.37 21.86 23.44 22.09 23.03
-9999 -9999 -9999 -9999 -9999 -9999 -9999 -9999 -9999 -9999 -9999 78.16 77.08 83.95 93.06 89.95 105.42 103.62 114.06 133.00 140.91 137.71 118.19 92.99 74.58 73.24 59.70 77.09 63.87 51.20 36.40 35.13 35.60 36.14 36.07 40.49 33.54 41.02 45.25 43.52 45.97 45.26 42.21 44.68 44.09 42.76 43.77 45.96 42.57 42.88 44.01 48.71 49.89 51.87 50.69 42.28 42.87 38.32 34.67 33.52 32.36 28.27 26.77 26.08 27.34 23.89 22.50 19.87 19.80 21.02 20.28 20.00 21.39 22.04 25.30 25.60
-9999 -9999 -9999 -9999 -9999 -9999 -9999 78.80 59.92 80.09 103.17 102.09 97.26 95.93 88.83 99.66 103.70 118.30 120.83 144.55 129.93 122.01 104.47 81.28 62.55 68.92 60.81 81.45 72.37 53.46 37.32 36.87 37.01 41.73 31.16 41.40 39.79 41.00 44.34 41.80 48.46 49.90 42.46 43.99 49.61 40.86 41.35 39.00 42.58 45.21 47.28 44.84 44.45 53.72 46.43 43.39 46.76 41.22 37.39 33.03 32.58 29.78 27.95 26.12 22.68 20.31 20.35 21.62 22.20 22.75 22.13 20.44 20.59 22.90 27.94 29.47
-9999 -9999 -9999 -9999 -9999 -9999 95.39 90.01 100.57 102.20 90.76 105.17 101.50 104.60 106.89 82.07 106.27 114.58 127.04 115.74 123.98 100.67 90.58 86.14 62.90 54.56 72.53 61.92 57.47 43.26 37.53 36.34 42.51 41.89 40.45 41.41 44.04 45.52 45.79 49.25 43.74 46.83 49.95 46.95 49.41 47.51 40.65 39.06 42.01 47.11 51.09 57.17 46.31 54.14 53.77 51.07 44.25 38.33 35.98 28.75 29.61 29.71 26.16 22.29 22.52 19.45 20.45 21.93 20.18 21.47 21.01 19.76 19.31 22.71 27.46 25.98
-9999 -9999 -9999 -9999 -9999 92.68 97.49 87.29 94.10 100.42 107.15 105.38 111.99 103.05 100.52 120.23 102.36 102.11 120.28 105.50 109.15 115.55 106.11 80.96 71.61 63.20 54.58 51.21 49.22 62.11 50.09 38.61 42.94 39.11 38.13 46.51 48.32 43.91 46.06 46.23 43.44 45.55 48.61 54.66 53.66 50.22 42.41 50.20 46.89 46.86 53.60 59.79 53.99 53.12 55.48 55.45 48.02 43.80 37.54 33.35 29.87 28.26 25.13 23.29 21.52 20.99 19.97 19.66 21.66 21.16 21.75 21.02 22.57 25.73 25.66 28.71
-9999 67.54 86.74 100.75 134.04 117.07 109.78 110.98 104.07 103.27 115.71 113.07 116.38 112.78 91.59 128.61 108.87 99.12 90.51 81.83 97.93 105.08 87.78 77.62 70.27 66.43 49.71 41.29 52.31 58.90 48.25 52.48 47.86 42.53 38.26 40.81 53.13 38.75 44.87 41.00 42.38 46.83 44.57 55.34 49.52 51.00 53.85 48.06 50.92 50.15 48.92 53.92 52.98 55.72 58.92 46.41 43.52 43.18 36.11 34.59 30.31 27.18 26.12 23.94 26.70 20.74 20.16 19.36 20.63 20.70 24.75 24.20 28.13 28.32 27.50 30.43
71.10 95.60 105.58 120.56 152.10 165.42 144.50 131.23 107.75 113.24 120.87 122.48 109.05 111.55 112.63 108.08 109.17 89.35 77.55 74.87 93.42 110.91 80.26 72.77 77.19 62.17 54.13 55.05 77.90 56.42 48.00 39.46 50.17 55.25 54.35 43.53 41.33 40.30 43.50 45.22 44.24 47.66 47.70 60.77 45.48 64.38 56.24 60.68 56.97 51.73 59.42 56.33 60.07 54.68 51.79 46.50 45.02 40.16 34.62 32.42 28.76 27.39 30.50 27.10 25.22 26.04 23.59 22.89 19.74 26.89 28.13 26.15 29.13 28.01 27.60 32.06
