Rainfall_2007-2011/Rainfall_2010-11_ACTUAL.txt
ncols         180
nrows         290
xllcorner     -200000
yllcorner     -200000
cellsize      5000
NODATA_value  -9999
[rows 99 to 131 of 290, columns 75 to 149 of 180]
252.58 255.42 221.52 -9999 167.67 267.22 293.93 314.63 292.00 321.17 307.17 259.18 238.35 208.77 198.56 222.55 218.71 234.71 310.31 296.58 241.23 242.38 193.57 168.20 133.73 169.91 192.86 179.70 175.94 173.03 141.12 135.20 139.29 141.05 123.55 111.53 116.24 127.38 122.89 -9999 -9999 -9999 -9999 -9999 -9999 -9999 -9999 -9999 -9999 -9999 -9999 -9999 -9999 -9999 -9999 -9999 -9999 -9999 -9999 -9999 -9999 -9999 -9999 -9999 -9999 -9999 -9999 -9999 -9999 -9999 -9999 -9999 -9999 -9999 -9999
201.25 175.73 -9999 140.05 170.96 199.01 264.97 264.13 292.18 335.73 282.29 290.93 274.62 279.08 292.19 289.78 255.63 210.54 238.37 235.35 239.57 259.77 222.25 209.10 168.26 141.79 159.51 156.29 149.21 150.30 126.16 119.62 146.91 142.26 128.95 122.66 121.06 102.39 105.67 -9999 -9999 -9999 -9999 -9999 -9999 -9999 -9999 -9999 -9999 -9999 -9999 -9999 -9999 -9999 -9999 -9999 -9999 -9999 -9999 -9999 -9999 -9999 -9999 -9999 -9999 -9999 -9999 -9999 -9999 -9999 -9999 -9999 -9999 -9999 -9999
154.43 -9999 133.90 133.14 165.04 269.64 262.06 329.88 284.08 276.68 243.63 297.27 314.64 274.27 319.86 259.45 284.02 324.14 333.79 233.56 266.71 334.94 285.93 218.91 187.11 162.26 154.78 121.95 120.62 122.86 130.33 168.11 162.94 157.89 150.79 146.28 126.39 107.52 96.82 -9999 -9999 -9999 -9999 -9999 -9999 -9999 -9999 -9999 -9999 -9999 -9999 -9999 -9999 -9999 -9999 -9999 -9999 -9999 -9999 -9999 -9999 -9999 -9999 -9999 -9999 -9999 -9999 -9999 -9999 -9999 -9999 -9999 -9999 -9999 -9999
-9999 128.52 -9999 149.04 165.39 212.10 203.13 271.01 268.75 300.55 293.95 339.04 291.15 308.03 303.79 283.05 302.95 263.53 249.64 287.17 323.30 319.45 216.11 213.23 191.70 167.16 142.62 126.10 120.84 114.17 163.76 145.69 138.73 127.65 130.64 124.76 98.25 92.75 -9999 -9999 -9999 -9999 -9999 -9999 -9999 -9999 -9999 -9999 -9999 -9999 -9999 -9999 -9999 -9999 -9999 -9999 -9999 -9999 -9999 -9999 -9999 -9999 -9999 -9999 -9999 -9999 -9999 -9999 -9999 -9999 -9999 -9999 -9999 -9999 -9999
-9999 -9999 126.66 134.47 143.55 127.49 215.36 272.58 231.20 275.64 337.38 292.24 308.76 316.61 329.72 319.66 219.00 285.13 294.71 344.27 300.62 255.14 284.40 263.26 193.63 152.68 131.30 123.78 124.98 143.66 132.22 112.56 126.62 102.64 101.57 109.82 -9999 -9999 -9999 -9999 -9999 -9999 -9999 -9999 -9999 -9999 -9999 -9999 -9999 -9999 -9999 -9999 -9999 -9999 -9999 -9999 -9999 -9999 -9999 -9999 -9999 -9999 -9999 -9999 -9999 -9999 -9999 -9999 -9999 -9999 -9999 -9999 -9999 -9999 -9999
-9999 159.65 162.14 189.55 230.78 198.76 205.72 212.65 214.10 264.58 306.43 305.02 282.16 263.05 285.70 310.85 330.66 241.54 282.73 245.18 253.03 273.20 219.96 215.13 177.47 144.27 130.00 110.79 113.56 111.01 105.93 112.43 109.82 106.40 97.88 -9999 -9999 -9999 -9999 -9999 -9999 -9999 -9999 -9999 -9999 -9999 -9999 -9999 -9999 -9999 -9999 -9999 -9999 -9999 -9999 -9999 -9999 -9999 -9999 -9999 -9999 -9999 -9999 -9999 -9999 -9999 -9999 -9999 -9999 -9999 -9999 -9999 -9999 -9999 -9999
-9999 196.94 237.90 229.95 250.24 226.79 237.70 261.70 297.29 347.83 315.67 323.19 314.14 344.18 307.24 280.61 257.27 251.29 295.91 247.80 200.07 146.51 188.37 161.54 143.36 131.25 117.83 97.33 113.56 96.74 100.57 119.28 101.79 103.00 106.72 -9999 -9999 -9999 -9999 -9999 -9999 -9999 -9999 -9999 -9999 -9999 -9999 -9999 -9999 -9999 -9999 -9999 -9999 -9999 -9999 -9999 -9999 -9999 -9999 -9999 -9999 -9999 -9999 -9999 -9999 -9999 -9999 -9999 -9999 -9999 -9999 -9999 -9999 -9999 -9999
160.23 252.96 267.27 263.86 262.12 265.40 316.15 313.10 321.56 306.83 376.53 330.36 338.54 305.31 356.08 297.53 305.01 342.11 278.32 270.51 256.54 182.83 154.68 140.41 123.94 115.77 120.61 136.11 124.38 113.11 107.80 97.28 98.33 94.27 111.30 111.53 -9999 -9999 -9999 -9999 -9999 -9999 -9999 -9999 -9999 -9999 -9999 -9999 -9999 -9999 -9999 -9999 -9999 -9999 -9999 -9999 -9999 -9999 -9999 -9999 -9999 -9999 -9999 -9999 -9999 -9999 -9999 -9999 -9999 -9999 -9999 -9999 -9999 -9999 -9999
197.48 213.32 255.72 294.63 262.64 284.66 299.65 284.96 321.21 354.73 387.33 310.53 337.00 320.57 275.54 249.96 339.84 270.07 282.14 301.41 228.64 201.81 178.12 147.80 158.94 165.75 170.81 185.71 163.12 122.07 115.82 111.28 131.21 120.71 133.09 132.48 117.92 -9999 -9999 -9999 -9999 -9999 -9999 -9999 -9999 -9999 -9999 -9999 -9999 -9999 -9999 -9999 -9999 -9999 -9999 -9999 -9999 -9999 -9999 -9999 -9999 -9999 -9999 -9999 -9999 -9999 -9999 -9999 -9999 -9999 -9999 -9999 -9999 -9999 -9999
205.42 222.17 262.13 272.60 294.01 300.40 311.28 303.83 350.11 355.60 451.42 316.57 290.51 279.94 263.03 229.98 241.35 209.64 201.10 178.60 164.21 172.22 181.96 215.04 244.01 191.91 175.00 159.16 152.08 160.32 128.68 138.61 118.66 136.71 144.27 133.48 121.71 106.34 -9999 -9999 -9999 -9999 -9999 -9999 -9999 -9999 -9999 -9999 -9999 -9999 -9999 -9999 -9999 -9999 -9999 -9999 -9999 -9999 -9999 -9999 -9999 -9999 -9999 -9999 -9999 -9999 -9999 -9999 -9999 -9999 -9999 -9999 -9999 -9999 -9999
196.13 218.31 230.10 264.55 274.17 279.46 281.40 308.97 359.09 325.82 281.12 274.85 350.45 249.93 244.39 227.49 223.74 183.10 164.02 133.95 137.59 154.38 239.95 276.99 229.05 182.10 152.39 151.68 140.66 152.51 133.94 128.96 104.23 93.63 115.94 114.94 106.92 -9999 -9999 -9999 -9999 -9999 -9999 -9999 -9999 -9999 -9999 -9999 -9999 -9999 -9999 -9999 -9999 -9999 -9999 -9999 -9999 -9999 -9999 -9999 -9999 -9999 -9999 -9999 -9999 -9999 -9999 -9999 -9999 -9999 -9999 -9999 -9999 -9999 -9999
178.40 178.55 219.77 234.80 241.17 273.55 320.18 275.82 328.02 314.81 296.18 280.69 240.44 279.85 229.95 241.72 162.61 139.29 129.65 141.77 119.89 149.97 139.63 139.48 151.59 141.93 144.64 142.47 135.01 129.98 117.39 115.85 98.13 -9999 -9999 -9999 -9999 -9999 -9999 -9999 -9999 -9999 -9999 -9999 -9999 -9999 -9999 -9999 -9999 -9999 -9999 -9999 -9999 -9999 -9999 -9999 -9999 -9999 -9999 -9999 -9999 -9999 -9999 -9999 -9999 -9999 -9999 -9999 -9999 -9999 -9999 -9999 -9999 -9999 -9999
221.57 203.12 247.30 237.18 201.29 281.52 282.49 326.50 337.96 232.38 254.97 257.96 219.45 218.84 226.80 169.34 166.18 157.72 159.87 179.81 126.65 146.69 127.16 107.92 128.22 135.07 149.89 142.05 145.36 146.66 129.68 -9999 -9999 -9999 -9999 -9999 -9999 -9999 -9999 -9999 -9999 -9999 -9999 -9999 -9999 -9999 -9999 -9999 -9999 -9999 -9999 -9999 -9999 -9999 -9999 -9999 -9999 -9999 -9999 -9999 -9999 -9999 -9999 -9999 -9999 -9999 -9999 -9999 -9999 -9999 -9999 -9999 -9999 -9999 -9999
195.98 224.85 245.91 230.12 257.47 245.71 274.84 354.76 325.26 249.14 230.26 219.64 176.54 171.81 157.43 176.85 171.50 131.73 192.89 179.01 160.54 158.26 140.65 103.96 115.60 119.21 123.24 130.40 154.08 152.40 125.10 -9999 -9999 -9999 -9999 -9999 -9999 -9999 -9999 -9999 -9999 -9999 -9999 -9999 -9999 -9999 -9999 -9999 -9999 -9999 -9999 -9999 -9999 -9999 -9999 -9999 -9999 -9999 -9999 -9999 -9999 -9999 -9999 -9999 -9999 -9999 -9999 -9999 -9999 -9999 -9999 -9999 -9999 -9999 -9999
240.72 240.03 -9999 231.23 249.24 249.17 266.80 311.60 312.06 223.68 168.01 174.86 175.69 167.84 147.50 167.05 199.55 221.90 229.68 232.09 182.94 150.69 143.50 131.66 125.68 116.70 119.14 151.87 112.67 -9999 -9999 -9999 -9999 -9999 158.52 136.21 145.72 134.59 -9999 -9999 -9999 -9999 -9999 -9999 -9999 -9999 -9999 -9999 -9999 -9999 -9999 -9999 -9999 -9999 -9999 -9999 -9999 -9999 -9999 -9999 -9999 -9999 -9999 -9999 -9999 -9999 -9999 -9999 -9999 -9999 -9999 -9999 -9999 -9999 -9999
191.07 271.92 -9999 198.73 227.05 224.79 215.78 283.95 229.22 179.46 164.01 168.88 154.92 136.73 129.73 146.98 159.27 157.64 162.69 178.09 165.99 174.45 176.41 154.25 133.71 127.07 129.93 126.20 115.21 115.45 110.96 -9999 -9999 134.10 146.92 160.78 142.58 148.06 154.66 143.88 -9999 -9999 -9999 -9999 -9999 -9999 -9999 -9999 -9999 -9999 -9999 -9999 -9999 -9999 -9999 -9999 -9999 -9999 -9999 -9999 -9999 -9999 -9999 -9999 -9999 -9999 -9999 -9999 -9999 -9999 -9999 -9999 -9999 -9999 -9999
183.60 221.78 178.35 176.33 158.31 186.52 200.34 215.08 191.56 183.64 186.29 174.52 145.89 114.05 113.42 127.65 132.20 132.14 141.80 154.39 154.15 170.81 188.56 147.83 146.79 147.04 123.94 120.70 124.05 113.61 138.49 130.08 135.86 145.58 164.23 162.32 160.41 174.11 166.16 205.77 135.67 -9999 -9999 -9999 -9999 -9999 -9999 -9999 -9999 -9999 -9999 -9999 -9999 -9999 -9999 -9999 -9999 -9999 -9999 -9999 -9999 -9999 -9999 -9999 -9999 -9999 -9999 -9999 -9999 -9999 -9999 -9999 -9999 -9999 -9999
209.85 185.45 176.92 155.38 172.22 168.39 159.64 179.17 -9999 200.59 231.64 212.13 169.99 122.17 105.14 109.16 107.93 119.63 111.39 118.64 129.27 117.54 151.68 135.51 140.78 125.77 159.58 133.08 135.65 146.04 134.72 146.37 140.87 144.68 171.49 153.63 188.73 199.17 206.17 214.26 189.76 196.22 201.62 144.52 -9999 -9999 -9999 -9999 -9999 -9999 -9999 -9999 -9999 -9999 -9999 -9999 -9999 -9999 -9999 -9999 -9999 -9999 -9999 -9999 -9999 -9999 -9999 -9999 -9999 -9999 -9999 -9999 -9999 -9999 -9999
174.58 169.91 173.24 137.80 -9999 140.55 137.46 162.04 -9999 179.02 255.47 211.40 165.32 125.45 118.23 125.34 117.19 104.66 104.31 105.68 122.62 123.89 141.70 159.41 146.40 157.43 135.03 136.02 174.82 174.89 128.51 119.94 151.51 150.11 183.36 243.55 260.85 233.06 228.60 191.83 177.98 226.55 166.64 211.66 -9999 -9999 -9999 -9999 -9999 -9999 -9999 -9999 -9999 -9999 -9999 -9999 -9999 -9999 -9999 -9999 -9999 -9999 -9999 -9999 -9999 -9999 -9999 -9999 -9999 -9999 -9999 -9999 -9999 -9999 -9999
147.84 165.65 146.67 124.99 -9999 -9999 135.58 133.29 143.64 171.87 187.15 172.29 151.58 145.50 146.08 145.48 131.79 136.40 118.81 109.39 134.05 132.18 147.25 167.12 184.30 185.16 185.81 167.42 168.22 158.11 154.69 136.58 149.02 186.91 229.06 226.52 241.57 229.53 206.16 198.37 149.07 162.74 176.08 190.14 171.01 -9999 -9999 -9999 -9999 -9999 -9999 -9999 -9999 -9999 -9999 -9999 -9999 -9999 -9999 -9999 -9999 -9999 -9999 -9999 -9999 -9999 -9999 -9999 -9999 -9999 -9999 -9999 -9999 -9999 -9999
146.42 169.20 -9999 -9999 -9999 -9999 -9999 124.73 113.87 149.87 166.06 147.82 135.34 140.45 146.90 167.28 159.90 154.18 146.83 134.26 123.81 127.70 132.16 152.61 167.96 171.44 161.94 125.99 139.20 135.43 155.72 177.46 186.73 174.79 192.31 168.90 151.16 180.77 189.65 193.07 148.63 141.46 156.77 179.20 152.05 -9999 -9999 -9999 -9999 -9999 -9999 -9999 -9999 -9999 -9999 -9999 -9999 -9999 -9999 -9999 -9999 -9999 -9999 -9999 -9999 -9999 -9999 -9999 -9999 -9999 -9999 -9999 -9999 -9999 -9999
160.24 184.32 187.78 183.88 188.43 -9999 -9999 -9999 113.58 135.41 142.13 130.48 120.79 119.95 138.88 161.81 164.45 166.21 157.51 160.08 139.32 119.08 129.48 131.29 117.97 140.14 124.87 119.08 165.38 163.78 192.28 214.96 215.82 187.44 184.00 158.27 132.87 148.30 171.85 185.46 154.32 156.40 151.41 158.22 164.44 183.06 -9999 -9999 -9999 -9999 -9999 -9999 -9999 -9999 -9999 -9999 -9999 -9999 -9999 -9999 -9999 -9999 -9999 -9999 -9999 -9999 -9999 -9999 -9999 -9999 -9999 -9999 -9999 -9999 -9999
203.31 221.04 234.65 236.11 275.59 248.44 -9999 -9999 -9999 110.28 109.76 103.80 107.61 105.42 111.96 136.03 138.90 156.21 145.03 149.07 133.37 148.45 123.15 115.70 104.78 141.13 131.66 159.48 139.97 168.98 164.69 173.18 200.35 184.53 154.85 144.70 141.18 139.90 134.32 165.34 141.12 148.36 158.93 161.35 181.52 153.30 122.46 -9999 -9999 -9999 -9999 -9999 -9999 -9999 -9999 -9999 -9999 -9999 -9999 -9999 -9999 -9999 -9999 -9999 -9999 -9999 -9999 -9999 -9999 -9999 -9999 -9999 -9999 -9999 -9999
242.14 224.04 180.45 225.51 276.46 238.57 -9999 -9999 -9999 -9999 -9999 91.87 98.90 113.87 110.04 119.89 128.04 138.58 162.22 181.35 175.88 150.94 120.56 116.35 107.57 118.35 112.63 162.96 149.51 150.61 166.34 161.92 129.35 133.97 110.70 126.76 121.30 137.10 148.76 135.30 148.63 139.19 165.70 177.58 215.81 174.60 139.18 148.25 -9999 -9999 -9999 -9999 -9999 -9999 -9999 -9999 -9999 -9999 -9999 -9999 -9999 -9999 -9999 -9999 -9999 -9999 -9999 -9999 -9999 -9999 -9999 -9999 -9999 -9999 -9999
207.01 -9999 195.78 199.48 253.31 216.27 -9999 -9999 -9999 -9999 -9999 91.27 99.44 117.18 116.93 128.18 135.15 141.58 165.63 176.42 182.68 161.29 153.55 137.11 128.14 135.43 177.23 164.55 239.87 172.48 203.42 156.81 200.35 195.63 157.07 121.30 125.64 129.18 147.94 144.09 157.87 184.15 162.80 180.94 179.25 199.47 209.90 170.64 167.61 147.49 -9999 -9999 -9999 -9999 -9999 -9999 -9999 -9999 -9999 -9999 -9999 -9999 -9999 -9999 -9999 -9999 -9999 -9999 -9999 -9999 -9999 -9999 -9999 -9999 -9999
172.89 -9999 -9999 192.12 190.46 163.51 -9999 -9999 -9999 -9999 -9999 88.25 83.55 102.85 103.71 112.65 117.07 126.79 152.40 165.83 198.86 175.43 155.24 163.29 160.21 183.31 186.81 194.65 257.53 232.92 173.11 168.55 201.29 143.77 152.60 137.27 119.78 132.72 145.30 125.26 140.23 171.47 209.61 231.28 247.62 224.71 219.55 202.04 177.23 185.58 -9999 -9999 -9999 -9999 -9999 -9999 -9999 -9999 -9999 -9999 -9999 -9999 -9999 -9999 -9999 -9999 -9999 -9999 -9999 -9999 -9999 -9999 -9999 -9999 -9999
-9999 -9999 -9999 143.78 141.86 131.94 -9999 -9999 -9999 -9999 -9999 84.56 90.87 99.26 110.79 118.17 125.04 141.76 178.39 212.96 198.65 197.80 178.46 173.57 152.38 163.80 178.35 226.56 226.24 203.48 202.06 198.15 148.15 170.87 141.98 141.82 130.13 117.91 145.19 156.44 172.77 210.49 267.64 261.44 299.82 222.14 233.83 226.13 210.54 205.83 -9999 -9999 -9999 -9999 -9999 -9999 -9999 -9999 -9999 -9999 -9999 -9999 -9999 -9999 -9999 -9999 -9999 -9999 -9999 -9999 -9999 -9999 -9999 -9999 -9999
157.11 -9999 -9999 -9999 -9999 -9999 -9999 -9999 -9999 -9999 103.40 95.37 105.49 117.99 127.73 140.52 146.16 148.91 166.57 218.13 217.74 208.80 232.54 217.94 206.55 207.63 222.52 240.15 247.74 210.29 237.86 206.60 184.27 162.88 160.25 134.30 121.93 135.02 126.13 150.59 185.02 259.50 254.07 295.46 269.25 219.27 221.19 231.68 240.96 223.20 -9999 -9999 -9999 -9999 -9999 -9999 -9999 -9999 -9999 -9999 -9999 -9999 -9999 -9999 -9999 -9999 -9999 -9999 -9999 -9999 -9999 -9999 -9999 -9999 -9999
151.19 -9999 -9999 -9999 -9999 -9999 -9999 -9999 -9999 -9999 130.20 106.69 124.94 163.02 190.01 194.36 193.89 191.77 197.05 177.22 213.53 235.09 229.30 254.23 212.45 196.95 159.29 229.96 211.82 232.53 211.70 188.57 159.97 137.99 135.05 155.14 126.23 120.18 121.45 142.16 189.86 201.79 209.65 255.55 254.72 209.00 202.14 208.32 259.92 212.88 -9999 -9999 -9999 -9999 -9999 -9999 -9999 -9999 -9999 -9999 -9999 -9999 -9999 -9999 -9999 -9999 -9999 -9999 -9999 -9999 -9999 -9999 -9999 -9999 -9999
-9999 -9999 -9999 -9999 -9999 -9999 -9999 -9999 -9999 114.92 135.86 143.23 168.61 218.30 218.79 255.26 286.64 272.38 260.78 254.79 205.29 207.30 233.58 239.29 202.31 192.62 147.25 176.84 227.37 211.66 213.73 187.86 167.71 133.57 139.76 153.42 146.89 136.64 161.63 190.55 221.21 205.28 186.59 157.50 197.30 198.62 242.58 263.97 239.25 210.49 -9999 -9999 -9999 -9999 -9999 -9999 -9999 -9999 -9999 -9999 -9999 -9999 -9999 -9999 -9999 -9999 -9999 -9999 -9999 -9999 -9999 -9999 -9999 -9999 -9999
-9999 -9999 -9999 -9999 -9999 -9999 -9999 -9999 -9999 140.25 140.94 186.27 212.63 253.27 248.20 291.82 298.32 369.93 307.32 256.81 217.85 229.77 230.63 301.37 248.19 183.30 152.50 173.96 209.98 212.06 197.52 197.46 164.00 169.30 177.83 171.31 193.25 193.00 216.76 182.93 198.60 186.50 181.41 187.91 170.92 167.32 199.44 213.60 217.76 198.02 204.74 -9999 -9999 -9999 -9999 -9999 -9999 -9999 -9999 -9999 -9999 -9999 -9999 -9999 -9999 -9999 -9999 -9999 -9999 -9999 -9999 -9999 -9999 -9999 -9999
-9999 -9999 -9999 -9999 -9999 -9999 -9999 -9999 125.12 167.86 193.01 224.90 293.67 262.80 290.75 270.00 314.17 320.52 298.60 258.79 231.23 206.58 195.26 226.84 227.79 191.09 159.04 155.87 170.23 164.54 164.68 178.82 197.28 153.43 169.11 169.26 169.57 212.09 185.92 201.02 199.48 149.24 168.21 189.91 183.98 195.38 169.86 182.95 185.95 175.72 164.53 -9999 -9999 -9999 -9999 -9999 -9999 -9999 -9999 -9999 -9999 -9999 -9999 -9999 -9999 -9999 -9999 -9999 -9999 -9999 -9999 -9999 -9999 -9999 -9999
-9999 -9999 -9999 -9999 -9999 -9999 -9999 -9999 168.63 193.34 230.89 289.02 300.75 315.24 296.75 335.83 293.35 290.90 259.89 239.51 233.57 192.33 180.06 206.98 205.26 189.83 144.42 151.30 158.68 135.58 141.02 188.06 154.04 175.78 175.71 159.78 202.60 168.88 177.86 175.17 156.07 158.68 158.29 152.59 159.09 183.38 167.82 199.81 197.80 170.64 174.27 -9999 -9999 -9999 -9999 -9999 -9999 -9999 -9999 -9999 -9999 -9999 -9999 -9999 -9999 -9999 -9999 -9999 -9999 -9999 -9999 -9999 -9999 -9999 -9999
