Rainfall_2007-2011/Rainfall_2010-10_ACTUAL.txt
ncols         180
nrows         290
xllcorner     -200000
yllcorner     -200000
cellsize      5000
NODATA_value  -9999
[rows 136 to 169 of 290, columns 76 to 151 of 180]
-9999 -9999 -9999 130.03 139.59 142.20 169.58 177.40 195.65 180.73 158.16 160.26 169.46 204.41 272.12 219.52 184.35 133.41 117.94 116.84 122.74 119.08 125.13 100.09 100.28 79.26 61.82 67.60 73.66 71.33 71.21 75.35 66.09 72.68 65.53 67.75 71.94 72.68 61.78 56.19 55.49 37.88 44.38 61.20 56.10 47.21 52.89 52.37 57.15 57.20 57.71 57.46 -9999 -9999 -9999 -9999 -9999 -9999 -9999 -9999 -9999 -9999 -9999 -9999 -9999 -9999 -9999 -9999 -9999 -9999 -9999 -9999 -9999 -9999 -9999 -9999
-9999 -9999 -9999 122.50 128.41 117.82 132.97 137.03 163.01 148.07 135.52 137.56 147.18 177.53 219.79 204.74 179.35 136.57 116.25 110.94 117.89 124.08 148.89 134.98 -9999 -9999 -9999 69.31 69.97 -9999 62.81 64.90 59.53 59.16 59.36 64.81 72.77 62.20 53.39 62.14 54.10 42.98 42.95 42.11 42.10 51.50 47.68 57.85 46.99 56.41 56.92 65.07 -9999 -9999 -9999 -9999 -9999 -9999 -9999 -9999 -9999 -9999 -9999 -9999 -9999 -9999 -9999 -9999 -9999 -9999 -9999 -9999 -9999 -9999 -9999 -9999
-9999 -9999 -9999 112.04 127.98 109.95 111.41 125.58 141.16 143.81 136.15 139.65 144.61 162.51 208.24 183.33 177.80 140.92 118.65 128.53 110.29 120.12 118.87 121.75 -9999 -9999 -9999 69.86 68.03 64.89 60.88 54.97 58.49 62.90 69.84 76.27 87.07 70.25 66.54 62.75 55.87 56.31 48.09 47.63 49.45 54.54 42.69 53.00 66.42 67.08 57.53 63.69 -9999 -9999 -9999 -9999 -9999 -9999 -9999 -9999 -9999 -9999 -9999 -9999 -9999 -9999 -9999 -9999 -9999 -9999 -9999 -9999 -9999 -9999 -9999 -9999
-9999 -9999 -9999 -9999 114.32 110.99 102.29 -9999 136.11 140.40 136.18 138.72 136.65 -9999 159.99 138.36 149.46 129.13 127.19 126.19 118.05 105.42 -9999 -9999 -9999 -9999 82.01 60.25 64.93 56.83 60.51 60.45 59.60 63.91 69.12 87.10 105.51 74.62 94.56 74.51 70.53 62.02 49.86 56.04 47.11 47.84 54.88 57.48 57.84 59.38 60.38 62.10 54.97 -9999 -9999 -9999 -9999 -9999 -9999 -9999 -9999 -9999 -9999 -9999 -9999 -9999 -9999 -9999 -9999 -9999 -9999 -9999 -9999 -9999 -9999 -9999
-9999 -9999 -9999 -9999 -9999 115.32 -9999 -9999 -9999 118.13 110.58 124.97 151.12 174.63 -9999 -9999 115.55 120.10 138.61 130.50 -9999 -9999 -9999 -9999 -9999 63.40 68.65 65.50 67.16 58.42 63.33 61.75 63.35 66.68 62.49 85.91 97.95 112.23 96.29 99.81 92.89 91.30 65.35 60.89 63.12 63.89 59.11 63.56 65.24 58.58 62.90 66.31 63.97 -9999 -9999 -9999 -9999 -9999 -9999 -9999 -9999 -9999 -9999 -9999 -9999 -9999 -9999 -9999 -9999 -9999 -9999 -9999 -9999 -9999 -9999 -9999
-9999 -9999 -9999 -9999 -9999 113.78 108.18 -9999 -9999 -9999 98.57 112.41 153.75 164.25 -9999 -9999 -9999 -9999 125.58 -9999 -9999 -9999 -9999 -9999 -9999 65.03 70.20 72.86 68.58 73.15 74.21 59.17 60.31 62.35 80.95 79.36 85.39 114.99 104.99 121.90 105.56 100.68 74.53 76.38 79.31 66.13 69.29 65.56 55.34 58.58 60.98 73.02 66.82 -9999 -9999 -9999 -9999 -9999 -9999 -9999 -9999 -9999 -9999 -9999 -9999 -9999 -9999 -9999 -9999 -9999 -9999 -9999 -9999 -9999 -9999 -9999
-9999 -9999 -9999 -9999 -9999 -9999 114.84 -9999 -9999 -9999 -9999 113.56 134.07 132.02 -9999 -9999 -9999 -9999 -9999 -9999 -9999 -9999 -9999 -9999 77.46 70.00 84.64 83.38 90.03 103.27 112.90 99.84 88.42 72.05 76.35 94.60 109.59 140.21 140.11 135.15 111.97 87.56 80.27 75.19 62.68 54.96 68.94 71.11 59.23 61.05 68.30 79.80 71.39 60.63 -9999 -9999 -9999 -9999 -9999 -9999 -9999 -9999 -9999 -9999 -9999 -9999 -9999 -9999 -9999 -9999 -9999 -9999 -9999 -9999 -9999 -9999
-9999 -9999 -9999 -9999 -9999 -9999 118.10 -9999 -9999 -9999 -9999 -9999 -9999 -9999 -9999 -9999 -9999 -9999 -9999 -9999 -9999 -9999 -9999 -9999 83.24 93.50 93.75 87.75 77.45 122.90 129.36 125.81 94.46 87.99 87.97 69.70 76.35 121.78 128.56 143.00 110.34 129.80 121.49 92.93 80.02 76.03 57.42 61.43 60.68 70.36 65.53 69.36 70.64 63.88 53.90 -9999 -9999 -9999 -9999 -9999 -9999 -9999 -9999 -9999 -9999 -9999 -9999 -9999 -9999 -9999 -9999 -9999 -9999 -9999 -9999 -9999
-9999 -9999 -9999 -9999 -9999 -9999 -9999 -9999 -9999 -9999 -9999 -9999 -9999 -9999 -9999 -9999 -9999 -9999 -9999 -9999 -9999 -9999 -9999 82.68 87.12 95.93 103.53 122.37 119.97 173.42 151.85 132.42 99.53 97.10 76.43 74.65 70.73 102.70 163.52 149.26 123.61 100.17 90.70 88.42 78.36 80.43 67.39 64.16 53.12 54.04 54.08 59.31 60.25 49.68 50.29 -9999 -9999 -9999 -9999 -9999 -9999 -9999 -9999 -9999 -9999 -9999 -9999 -9999 -9999 -9999 -9999 -9999 -9999 -9999 -9999 -9999
-9999 -9999 -9999 -9999 -9999 -9999 -9999 -9999 -9999 -9999 -9999 -9999 -9999 -9999 -9999 -9999 -9999 -9999 -9999 -9999 -9999 -9999 -9999 97.34 101.25 107.08 134.70 162.96 164.24 140.55 157.34 169.40 134.60 115.19 86.63 93.71 83.67 94.48 119.45 163.53 132.53 108.62 87.39 74.08 61.37 60.29 59.60 54.23 58.13 49.02 47.98 49.92 55.04 52.34 53.61 54.22 51.61 60.01 -9999 -9999 -9999 -9999 -9999 -9999 -9999 -9999 -9999 -9999 -9999 -9999 -9999 -9999 -9999 -9999 -9999 -9999
-9999 -9999 -9999 -9999 -9999 -9999 -9999 -9999 -9999 -9999 -9999 -9999 -9999 -9999 -9999 -9999 -9999 -9999 -9999 -9999 -9999 -9999 -9999 103.49 113.21 115.85 127.05 203.79 220.57 242.24 276.82 208.98 174.02 165.19 144.04 138.06 103.58 74.14 76.11 104.84 79.42 94.83 80.98 67.90 59.69 63.80 55.48 48.93 45.37 48.15 45.99 48.71 56.61 58.29 63.90 85.03 78.73 87.83 96.26 82.22 -9999 -9999 -9999 -9999 -9999 -9999 -9999 -9999 -9999 -9999 -9999 -9999 -9999 -9999 -9999 -9999
-9999 -9999 -9999 -9999 -9999 -9999 -9999 -9999 -9999 -9999 -9999 -9999 -9999 -9999 -9999 -9999 -9999 -9999 -9999 -9999 -9999 -9999 -9999 98.92 132.39 149.09 202.97 272.89 293.82 270.00 241.87 266.41 247.21 232.44 200.89 161.86 124.48 96.22 94.97 92.70 80.91 95.14 68.40 74.59 72.13 64.08 52.12 56.38 48.93 45.86 48.61 49.69 50.71 59.57 63.95 71.98 99.64 108.07 126.58 117.43 107.07 77.55 -9999 -9999 -9999 -9999 -9999 -9999 -9999 -9999 -9999 -9999 -9999 -9999 -9999 -9999
-9999 -9999 -9999 -9999 -9999 -9999 -9999 -9999 -9999 -9999 -9999 -9999 -9999 -9999 -9999 -9999 -9999 -9999 -9999 -9999 -9999 -9999 -9999 100.21 123.03 148.06 185.28 195.58 289.32 328.63 239.19 220.37 212.12 223.91 227.39 172.93 149.06 127.78 113.44 99.39 140.66 112.19 103.03 98.07 102.04 82.26 54.46 56.36 49.68 52.49 53.20 53.37 60.85 59.06 56.42 64.95 90.54 100.98 146.72 116.30 114.94 78.36 89.91 -9999 -9999 -9999 -9999 -9999 -9999 -9999 -9999 -9999 -9999 -9999 -9999 -9999
-9999 -9999 -9999 -9999 -9999 -9999 -9999 -9999 -9999 -9999 -9999 97.28 86.97 80.38 -9999 -9999 -9999 -9999 -9999 -9999 -9999 -9999 -9999 -9999 107.96 121.30 144.62 162.97 191.97 179.45 204.81 185.33 154.33 181.78 161.03 157.28 182.16 159.75 134.75 131.03 139.22 125.61 135.22 110.48 85.71 74.87 67.49 51.78 49.37 55.36 54.72 57.73 60.52 67.03 105.02 92.21 132.50 138.88 152.98 148.71 109.39 111.73 95.26 72.48 -9999 -9999 -9999 -9999 -9999 -9999 -9999 -9999 -9999 -9999 -9999 -9999
-9999 -9999 -9999 -9999 -9999 -9999 -9999 -9999 -9999 -9999 -9999 95.31 98.26 -9999 -9999 -9999 -9999 -9999 -9999 -9999 -9999 -9999 -9999 -9999 -9999 119.62 136.63 168.86 187.66 243.48 186.41 178.11 167.56 153.97 135.25 113.90 128.71 182.86 155.30 137.54 159.44 137.43 103.22 97.73 95.15 64.39 73.84 52.61 47.43 51.42 55.73 59.09 71.87 81.06 100.06 108.01 114.27 116.30 121.89 135.22 120.62 115.35 102.11 105.30 -9999 -9999 -9999 -9999 -9999 -9999 -9999 -9999 -9999 -9999 -9999 -9999
-9999 -9999 -9999 -9999 -9999 -9999 -9999 -9999 -9999 -9999 106.78 134.70 127.97 119.13 -9999 -9999 -9999 -9999 -9999 -9999 -9999 -9999 -9999 -9999 -9999 95.27 126.05 167.70 153.99 177.28 191.49 181.92 161.67 159.51 138.27 129.67 131.35 128.45 172.76 138.44 146.86 134.06 116.87 115.61 87.25 82.43 62.83 47.76 51.97 54.69 55.79 58.12 81.32 90.49 83.53 100.29 119.28 119.82 119.66 109.04 115.32 121.89 101.17 114.80 93.73 -9999 -9999 -9999 -9999 -9999 -9999 -9999 -9999 -9999 -9999 -9999
-9999 -9999 -9999 -9999 -9999 -9999 -9999 -9999 -9999 97.32 131.08 148.60 147.74 118.78 -9999 -9999 -9999 -9999 -9999 -9999 -9999 -9999 -9999 -9999 -9999 104.75 117.13 147.73 142.31 191.13 177.30 169.96 162.60 134.69 132.32 133.55 127.39 166.32 158.58 153.66 135.17 144.42 102.74 98.47 71.64 75.17 58.85 49.60 52.95 53.31 55.69 65.63 67.34 79.74 84.82 86.53 89.85 92.95 85.50 93.40 100.89 118.51 100.49 95.06 87.66 -9999 -9999 -9999 -9999 -9999 -9999 -9999 -9999 -9999 -9999 -9999
-9999 -9999 -9999 -9999 -9999 -9999 -9999 -9999 78.02 89.37 123.04 105.64 83.37 -9999 -9999 -9999 -9999 -9999 -9999 -9999 -9999 -9999 -9999 -9999 -9999 -9999 121.99 127.96 136.89 136.57 155.40 130.64 120.32 121.21 114.56 128.22 127.36 156.50 164.44 171.97 158.06 146.40 137.22 130.22 106.62 84.20 76.64 68.34 52.30 52.02 52.42 57.96 58.51 60.51 77.29 79.39 74.18 70.81 65.64 62.81 66.17 77.66 104.56 81.86 74.79 76.86 73.22 -9999 -9999 -9999 -9999 -9999 -9999 -9999 -9999 -9999
-9999 -9999 -9999 -9999 -9999 -9999 -9999 -9999 98.18 108.24 98.49 81.96 82.75 -9999 -9999 -9999 -9999 -9999 -9999 -9999 -9999 -9999 -9999 -9999 -9999 -9999 -9999 133.11 130.93 137.15 131.74 106.55 107.56 105.54 104.11 125.71 114.76 152.73 148.36 160.84 144.69 136.76 128.01 137.19 137.66 100.39 93.96 76.79 63.35 54.16 54.80 60.56 54.80 59.56 57.51 61.19 71.05 68.60 59.47 56.99 63.88 73.89 88.74 80.64 80.87 95.77 82.63 -9999 -9999 -9999 -9999 -9999 -9999 -9999 -9999 -9999
-9999 -9999 -9999 -9999 -9999 -9999 -9999 -9999 93.51 96.35 98.26 83.35 -9999 -9999 -9999 -9999 -9999 -9999 -9999 -9999 -9999 -9999 -9999 -9999 -9999 -9999 -9999 120.06 128.91 135.59 -9999 100.69 -9999 87.18 99.76 104.42 114.53 115.29 135.69 109.35 129.76 153.71 126.87 107.67 131.10 118.03 96.34 82.52 66.42 59.86 66.21 63.14 57.62 58.58 58.89 65.65 78.37 69.58 70.27 59.71 60.22 71.68 80.58 83.76 78.60 99.63 89.28 86.46 82.05 -9999 -9999 -9999 -9999 -9999 -9999 -9999
-9999 -9999 -9999 -9999 -9999 -9999 -9999 75.70 74.87 68.08 -9999 -9999 -9999 -9999 -9999 -9999 -9999 -9999 -9999 -9999 -9999 -9999 -9999 -9999 -9999 -9999 -9999 110.66 109.11 111.30 -9999 -9999 -9999 86.21 111.13 102.67 104.53 98.98 112.13 103.02 103.00 129.87 131.83 102.22 111.05 109.29 94.39 85.43 69.23 64.69 62.00 63.63 60.00 54.04 50.94 60.38 67.46 65.65 59.71 60.10 61.39 64.45 77.22 84.67 90.51 73.54 69.13 71.20 71.06 -9999 -9999 -9999 -9999 -9999 -9999 -9999
-9999 -9999 -9999 -9999 -9999 -9999 -9999 -9999 -9999 -9999 -9999 -9999 -9999 -9999 -9999 -9999 -9999 -9999 -9999 -9999 -9999 -9999 -9999 -9999 -9999 -9999 -9999 -9999 -9999 -9999 -9999 -9999 82.15 88.68 103.95 122.92 131.51 114.74 121.07 111.84 109.97 122.67 105.71 98.92 86.86 90.14 83.95 76.12 70.01 61.63 67.74 64.35 64.24 49.28 48.25 56.64 66.60 69.46 66.03 70.89 83.38 73.58 79.09 79.54 90.74 78.34 93.60 72.56 -9999 -9999 -9999 -9999 -9999 -9999 -9999 -9999
-9999 -9999 -9999 -9999 -9999 -9999 -9999 -9999 -9999 -9999 -9999 -9999 -9999 -9999 -9999 -9999 -9999 -9999 -9999 -9999 -9999 -9999 -9999 -9999 -9999 -9999 -9999 -9999 -9999 -9999 -9999 -9999 84.31 95.59 103.66 138.20 160.58 148.23 106.91 117.48 86.41 93.02 85.34 88.85 85.15 91.43 67.22 67.80 75.97 62.76 60.91 59.98 57.25 49.10 48.90 53.10 57.90 64.79 70.30 72.68 91.52 81.92 66.33 71.93 76.79 72.22 73.94 70.06 -9999 -9999 -9999 -9999 -9999 -9999 -9999 -9999
-9999 -9999 -9999 -9999 -9999 -9999 -9999 -9999 -9999 -9999 -9999 -9999 -9999 -9999 -9999 -9999 -9999 -9999 -9999 -9999 -9999 -9999 -9999 -9999 -9999 -9999 -9999 -9999 -9999 -9999 -9999 -9999 80.57 91.30 109.57 124.93 179.72 156.50 122.59 100.72 89.15 92.69 76.62 74.65 76.06 69.18 74.35 66.62 68.35 59.07 57.01 51.79 50.24 50.34 50.95 52.37 55.29 57.17 65.20 69.29 74.55 67.98 65.74 65.07 62.50 69.79 71.65 68.69 -9999 -9999 -9999 -9999 -9999 -9999 -9999 -9999
-9999 -9999 -9999 -9999 -9999 -9999 -9999 -9999 -9999 -9999 -9999 -9999 -9999 -9999 -9999 -9999 -9999 -9999 -9999 -9999 -9999 -9999 -9999 -9999 -9999 -9999 -9999 -9999 -9999 -9999 66.66 86.76 82.70 94.16 150.80 140.53 157.36 107.48 122.12 92.13 87.23 98.97 78.43 82.54 81.56 85.07 67.53 64.09 71.73 63.84 52.35 53.18 46.48 47.56 50.26 49.16 51.18 54.90 58.29 64.15 66.12 65.99 62.59 57.42 59.66 67.31 67.01 64.95 64.09 -9999 -9999 -9999 -9999 -9999 -9999 -9999
-9999 -9999 -9999 -9999 -9999 -9999 -9999 -9999 -9999 -9999 -9999 -9999 -9999 -9999 -9999 -9999 -9999 -9999 -9999 -9999 -9999 -9999 -9999 -9999 -9999 -9999 -9999 -9999 -9999 -9999 82.05 91.14 84.75 86.79 97.60 113.19 93.85 87.58 81.21 77.60 100.61 88.72 90.84 86.30 90.22 76.67 70.72 65.66 78.44 78.56 72.94 53.39 46.18 44.23 45.50 46.47 48.43 50.08 49.53 59.47 64.57 69.18 63.81 57.69 54.51 51.51 55.21 60.88 65.42 -9999 -9999 -9999 -9999 -9999 -9999 -9999
-9999 -9999 -9999 -9999 -9999 -9999 -9999 -9999 -9999 -9999 -9999 -9999 -9999 -9999 -9999 -9999 -9999 -9999 -9999 -9999 -9999 -9999 -9999 -9999 -9999 -9999 -9999 -9999 -9999 -9999 87.06 86.69 83.08 75.10 86.04 94.01 88.64 76.05 80.24 77.88 86.47 80.54 76.09 104.32 74.82 76.87 64.10 74.10 69.10 71.14 64.60 60.96 48.25 46.96 45.23 45.52 47.38 48.81 47.63 56.68 65.97 62.67 60.15 59.64 54.64 53.19 51.18 56.22 52.80 49.48 -9999 -9999 -9999 -9999 -9999 -9999
-9999 -9999 -9999 -9999 -9999 -9999 -9999 -9999 -9999 -9999 -9999 -9999 -9999 -9999 -9999 -9999 -9999 -9999 -9999 -9999 -9999 -9999 -9999 -9999 -9999 -9999 -9999 -9999 -9999 -9999 69.47 79.36 79.52 74.09 81.99 84.59 82.40 84.50 81.76 79.50 86.49 76.15 89.52 104.92 100.71 87.90 78.25 70.99 80.88 72.10 54.82 60.21 55.51 48.66 47.00 51.05 46.67 48.64 49.48 51.44 55.00 49.55 55.32 53.79 57.22 51.86 52.86 49.88 44.03 43.12 43.35 -9999 -9999 -9999 -9999 -9999
-9999 -9999 -9999 -9999 -9999 -9999 -9999 -9999 -9999 -9999 -9999 -9999 -9999 -9999 -9999 -9999 -9999 -9999 -9999 -9999 -9999 -9999 -9999 -9999 -9999 -9999 -9999 -9999 -9999 -9999 76.36 76.59 72.50 73.12 83.56 84.29 84.79 88.30 94.46 91.74 105.64 117.29 119.87 103.59 96.70 78.30 73.46 64.15 71.47 60.26 54.95 48.04 50.11 50.35 49.41 51.68 49.84 49.41 52.03 48.86 45.48 44.92 49.72 54.55 51.80 46.61 45.82 43.75 42.33 41.34 42.29 -9999 -9999 -9999 -9999 -9999
-9999 -9999 -9999 -9999 -9999 -9999 -9999 -9999 -9999 -9999 -9999 -9999 -9999 -9999 -9999 -9999 -9999 -9999 -9999 -9999 -9999 -9999 -9999 -9999 -9999 -9999 -9999 -9999 -9999 -9999 -9999 86.70 84.77 76.51 65.49 88.69 102.71 115.33 112.80 102.81 106.86 125.73 121.90 104.44 91.62 72.90 62.85 63.32 56.60 52.73 48.80 48.28 51.64 51.25 50.39 51.11 46.29 51.91 52.75 50.60 45.53 43.36 47.96 47.01 43.56 35.77 38.56 -9999 41.87 41.64 39.70 40.98 -9999 -9999 -9999 -9999
-9999 -9999 -9999 -9999 -9999 -9999 -9999 -9999 -9999 -9999 -9999 -9999 -9999 -9999 -9999 -9999 -9999 -9999 -9999 -9999 -9999 -9999 -9999 -9999 -9999 -9999 -9999 -9999 -9999 -9999 77.06 80.87 72.40 75.80 76.60 74.97 104.95 124.54 133.31 127.32 129.83 130.87 115.75 115.55 93.22 92.65 71.10 54.52 60.48 52.67 46.94 47.27 48.04 47.12 49.74 51.84 54.30 56.57 54.17 54.57 51.68 52.18 50.57 45.88 45.25 39.37 36.54 38.44 -9999 41.65 41.25 42.60 42.30 -9999 -9999 -9999
-9999 -9999 -9999 -9999 -9999 -9999 -9999 -9999 -9999 -9999 -9999 -9999 -9999 -9999 -9999 -9999 -9999 -9999 -9999 -9999 -9999 -9999 -9999 -9999 -9999 -9999 -9999 -9999 -9999 -9999 75.90 71.01 72.92 73.58 74.11 88.14 88.56 110.81 99.36 102.94 113.24 101.48 92.32 93.37 101.02 94.24 71.72 64.17 51.55 46.94 54.74 47.55 47.21 55.06 51.43 61.66 65.42 60.56 54.62 56.91 61.69 51.48 50.56 45.32 40.84 41.24 40.38 40.10 40.53 -9999 -9999 -9999 -9999 -9999 -9999 -9999
-9999 -9999 -9999 -9999 -9999 -9999 -9999 -9999 -9999 -9999 -9999 -9999 -9999 -9999 -9999 -9999 -9999 -9999 -9999 -9999 -9999 -9999 -9999 -9999 -9999 -9999 -9999 -9999 -9999 70.61 67.26 71.53 76.31 83.01 69.32 83.45 91.61 99.05 81.09 89.08 94.75 94.43 99.39 108.60 123.06 120.14 81.94 80.12 60.47 52.25 46.49 47.25 45.66 53.84 52.49 56.69 64.19 71.84 54.62 56.38 65.51 55.80 42.68 38.58 46.32 44.11 39.62 45.48 43.81 40.92 45.27 -9999 -9999 -9999 -9999 -9999
-9999 -9999 -9999 -9999 -9999 -9999 -9999 -9999 -9999 -9999 -9999 -9999 -9999 -9999 -9999 -9999 -9999 -9999 -9999 -9999 -9999 -9999 -9999 -9999 -9999 -9999 -9999 -9999 -9999 -9999 67.89 62.91 68.26 70.00 73.79 73.22 80.66 67.77 79.78 85.47 90.97 89.40 91.90 95.98 120.19 123.82 118.30 86.22 76.63 64.09 52.53 63.63 54.08 49.61 58.75 59.35 60.72 58.55 51.11 53.05 55.34 56.36 44.60 39.49 45.15 40.01 35.76 47.04 48.35 42.50 40.29 43.21 45.99 -9999 -9999 -9999
