Rainfall_2007-2011/Rainfall_2008-06_ACTUAL.txt
ncols         180
nrows         290
xllcorner     -200000
yllcorner     -200000
cellsize      5000
NODATA_value  -9999
[rows 102 to 135 of 290, columns 76 to 151 of 180]
113.14 -9999 115.47 114.91 142.96 127.89 189.12 176.25 178.67 165.56 217.08 175.69 158.59 105.84 90.72 104.15 79.62 67.21 94.23 117.49 114.74 84.99 69.66 75.50 73.69 60.56 51.96 46.69 54.02 75.68 64.49 65.16 64.99 69.73 67.58 61.52 64.68 -9999 -9999 -9999 -9999 -9999 -9999 -9999 -9999 -9999 -9999 -9999 -9999 -9999 -9999 -9999 -9999 -9999 -9999 -9999 -9999 -9999 -9999 -9999 -9999 -9999 -9999 -9999 -9999 -9999 -9999 -9999 -9999 -9999 -9999 -9999 -9999 -9999 -9999 -9999
-9999 95.87 96.08 90.47 78.65 179.59 199.89 139.18 159.72 208.28 179.42 191.93 202.84 151.05 112.87 105.07 106.70 125.61 137.55 111.45 93.28 103.28 93.25 70.44 61.56 57.37 45.40 44.95 64.19 63.83 54.23 64.60 61.43 62.92 59.29 -9999 -9999 -9999 -9999 -9999 -9999 -9999 -9999 -9999 -9999 -9999 -9999 -9999 -9999 -9999 -9999 -9999 -9999 -9999 -9999 -9999 -9999 -9999 -9999 -9999 -9999 -9999 -9999 -9999 -9999 -9999 -9999 -9999 -9999 -9999 -9999 -9999 -9999 -9999 -9999 -9999
110.75 113.83 129.47 126.59 106.25 151.54 139.52 121.81 159.02 183.56 164.10 129.13 127.69 122.11 123.30 135.97 89.02 119.61 112.14 104.46 109.48 75.88 70.70 58.81 56.92 57.68 51.23 52.78 55.02 51.85 53.65 56.22 58.35 58.95 -9999 -9999 -9999 -9999 -9999 -9999 -9999 -9999 -9999 -9999 -9999 -9999 -9999 -9999 -9999 -9999 -9999 -9999 -9999 -9999 -9999 -9999 -9999 -9999 -9999 -9999 -9999 -9999 -9999 -9999 -9999 -9999 -9999 -9999 -9999 -9999 -9999 -9999 -9999 -9999 -9999 -9999
112.74 131.39 145.42 123.09 89.65 126.18 144.20 164.62 198.20 200.01 174.56 167.15 178.62 119.22 108.40 98.97 93.35 107.16 93.20 75.12 75.23 88.81 60.43 60.54 55.09 47.59 45.02 53.51 51.22 51.52 57.83 55.46 58.32 58.46 -9999 -9999 -9999 -9999 -9999 -9999 -9999 -9999 -9999 -9999 -9999 -9999 -9999 -9999 -9999 -9999 -9999 -9999 -9999 -9999 -9999 -9999 -9999 -9999 -9999 -9999 -9999 -9999 -9999 -9999 -9999 -9999 -9999 -9999 -9999 -9999 -9999 -9999 -9999 -9999 -9999 -9999
144.00 106.31 138.45 173.66 164.62 171.26 160.73 181.90 192.36 221.91 161.13 213.81 166.86 186.63 126.31 128.16 123.95 104.88 94.53 91.75 86.81 71.44 58.48 56.74 49.48 42.85 52.63 52.94 59.06 57.30 48.79 53.71 51.64 54.44 50.05 -9999 -9999 -9999 -9999 -9999 -9999 -9999 -9999 -9999 -9999 -9999 -9999 -9999 -9999 -9999 -9999 -9999 -9999 -9999 -9999 -9999 -9999 -9999 -9999 -9999 -9999 -9999 -9999 -9999 -9999 -9999 -9999 -9999 -9999 -9999 -9999 -9999 -9999 -9999 -9999 -9999
123.80 131.19 143.33 126.28 161.60 144.48 123.42 66.40 199.31 284.43 187.27 212.61 198.72 169.35 116.38 146.26 107.43 117.54 140.41 102.31 95.14 77.89 67.59 70.08 75.08 66.25 71.78 71.56 61.98 59.04 54.28 67.86 61.06 61.92 60.12 60.58 -9999 -9999 -9999 -9999 -9999 -9999 -9999 -9999 -9999 -9999 -9999 -9999 -9999 -9999 -9999 -9999 -9999 -9999 -9999 -9999 -9999 -9999 -9999 -9999 -9999 -9999 -9999 -9999 -9999 -9999 -9999 -9999 -9999 -9999 -9999 -9999 -9999 -9999 -9999 -9999
123.80 144.38 139.55 148.73 151.56 143.89 130.27 155.88 222.26 314.59 195.80 173.38 173.08 157.32 137.08 142.07 128.91 99.63 92.50 87.57 83.96 78.70 108.99 111.09 92.19 87.58 74.78 68.97 77.61 61.71 63.71 62.69 70.79 74.51 69.85 56.64 52.57 -9999 -9999 -9999 -9999 -9999 -9999 -9999 -9999 -9999 -9999 -9999 -9999 -9999 -9999 -9999 -9999 -9999 -9999 -9999 -9999 -9999 -9999 -9999 -9999 -9999 -9999 -9999 -9999 -9999 -9999 -9999 -9999 -9999 -9999 -9999 -9999 -9999 -9999 -9999
129.27 136.58 160.53 162.58 140.85 126.22 155.35 223.75 195.43 176.26 165.17 219.88 147.29 146.63 133.81 130.39 108.69 92.26 81.99 75.09 101.71 120.28 135.68 90.26 83.53 82.46 68.11 75.88 78.83 70.34 66.37 60.28 56.02 64.28 63.65 58.73 -9999 -9999 -9999 -9999 -9999 -9999 -9999 -9999 -9999 -9999 -9999 -9999 -9999 -9999 -9999 -9999 -9999 -9999 -9999 -9999 -9999 -9999 -9999 -9999 -9999 -9999 -9999 -9999 -9999 -9999 -9999 -9999 -9999 -9999 -9999 -9999 -9999 -9999 -9999 -9999
115.74 137.73 164.14 142.36 128.73 169.11 146.83 190.65 183.56 170.91 165.96 143.48 184.93 150.59 112.85 100.78 83.59 66.67 78.82 68.84 86.77 76.79 79.67 68.46 67.49 77.75 76.91 80.48 70.37 65.12 66.00 58.53 -9999 -9999 -9999 -9999 -9999 -9999 -9999 -9999 -9999 -9999 -9999 -9999 -9999 -9999 -9999 -9999 -9999 -9999 -9999 -9999 -9999 -9999 -9999 -9999 -9999 -9999 -9999 -9999 -9999 -9999 -9999 -9999 -9999 -9999 -9999 -9999 -9999 -9999 -9999 -9999 -9999 -9999 -9999 -9999
101.87 114.71 75.95 105.45 163.56 163.59 188.22 190.64 123.03 156.73 168.52 133.52 140.40 147.14 105.67 102.55 94.97 92.94 103.84 72.11 69.65 68.26 83.53 80.47 72.01 83.15 80.01 82.91 77.82 66.36 -9999 -9999 -9999 -9999 -9999 -9999 -9999 -9999 -9999 -9999 -9999 -9999 -9999 -9999 -9999 -9999 -9999 -9999 -9999 -9999 -9999 -9999 -9999 -9999 -9999 -9999 -9999 -9999 -9999 -9999 -9999 -9999 -9999 -9999 -9999 -9999 -9999 -9999 -9999 -9999 -9999 -9999 -9999 -9999 -9999 -9999
121.74 106.62 93.17 143.20 151.29 165.88 212.04 177.90 136.97 156.15 160.59 118.03 112.80 100.23 89.01 109.94 111.57 113.17 103.32 85.99 72.22 70.71 67.67 75.62 71.88 78.83 81.91 89.84 85.58 66.78 -9999 -9999 -9999 -9999 -9999 -9999 -9999 -9999 -9999 -9999 -9999 -9999 -9999 -9999 -9999 -9999 -9999 -9999 -9999 -9999 -9999 -9999 -9999 -9999 -9999 -9999 -9999 -9999 -9999 -9999 -9999 -9999 -9999 -9999 -9999 -9999 -9999 -9999 -9999 -9999 -9999 -9999 -9999 -9999 -9999 -9999
109.15 -9999 110.90 150.86 154.22 143.95 179.69 176.57 127.89 108.01 121.71 123.08 120.59 117.72 97.70 144.38 145.71 131.30 124.94 96.25 69.45 63.95 85.20 79.61 74.42 73.03 67.40 75.23 -9999 -9999 -9999 -9999 -9999 73.35 70.05 71.70 67.77 -9999 -9999 -9999 -9999 -9999 -9999 -9999 -9999 -9999 -9999 -9999 -9999 -9999 -9999 -9999 -9999 -9999 -9999 -9999 -9999 -9999 -9999 -9999 -9999 -9999 -9999 -9999 -9999 -9999 -9999 -9999 -9999 -9999 -9999 -9999 -9999 -9999 -9999 -9999
127.11 -9999 108.63 146.85 138.62 121.90 176.08 135.84 144.07 104.90 116.46 116.39 110.40 133.35 107.40 101.29 106.66 101.89 102.28 88.66 82.42 83.46 90.35 82.22 78.45 77.27 73.98 77.28 64.91 63.18 -9999 -9999 61.25 68.90 75.17 68.64 69.19 72.14 64.27 -9999 -9999 -9999 -9999 -9999 -9999 -9999 -9999 -9999 -9999 -9999 -9999 -9999 -9999 -9999 -9999 -9999 -9999 -9999 -9999 -9999 -9999 -9999 -9999 -9999 -9999 -9999 -9999 -9999 -9999 -9999 -9999 -9999 -9999 -9999 -9999 -9999
130.56 94.88 105.14 97.95 125.58 144.55 155.13 130.16 121.85 125.80 120.74 111.79 87.40 88.88 95.46 92.30 92.04 95.06 95.34 88.58 90.06 90.90 95.68 88.91 77.65 70.28 67.74 66.70 68.64 71.20 63.50 57.02 64.63 71.84 69.56 66.26 78.63 70.85 87.11 69.81 -9999 -9999 -9999 -9999 -9999 -9999 -9999 -9999 -9999 -9999 -9999 -9999 -9999 -9999 -9999 -9999 -9999 -9999 -9999 -9999 -9999 -9999 -9999 -9999 -9999 -9999 -9999 -9999 -9999 -9999 -9999 -9999 -9999 -9999 -9999 -9999
118.09 114.66 96.56 112.13 129.92 136.05 144.57 -9999 146.13 168.23 137.65 98.23 85.14 83.90 86.16 81.71 88.09 88.70 81.96 78.04 77.18 87.28 95.69 73.03 67.33 65.61 78.55 75.33 75.21 72.55 65.74 68.23 68.93 75.66 71.02 75.76 77.66 88.46 98.36 85.48 87.30 94.39 69.14 -9999 -9999 -9999 -9999 -9999 -9999 -9999 -9999 -9999 -9999 -9999 -9999 -9999 -9999 -9999 -9999 -9999 -9999 -9999 -9999 -9999 -9999 -9999 -9999 -9999 -9999 -9999 -9999 -9999 -9999 -9999 -9999 -9999
116.10 138.73 103.73 -9999 115.29 130.64 133.36 -9999 143.58 205.31 157.17 117.33 96.67 95.89 82.40 76.88 74.87 85.70 91.35 83.46 82.24 86.90 92.21 69.98 73.97 83.46 81.03 95.36 81.21 76.87 78.81 78.79 60.55 79.15 108.88 106.33 93.85 90.97 94.42 86.44 105.54 81.27 80.60 -9999 -9999 -9999 -9999 -9999 -9999 -9999 -9999 -9999 -9999 -9999 -9999 -9999 -9999 -9999 -9999 -9999 -9999 -9999 -9999 -9999 -9999 -9999 -9999 -9999 -9999 -9999 -9999 -9999 -9999 -9999 -9999 -9999
121.15 118.84 96.68 -9999 -9999 110.40 91.18 88.50 136.39 191.87 155.59 116.86 114.55 105.80 93.91 81.91 86.67 96.02 95.76 103.30 93.82 98.54 102.65 104.31 107.47 114.09 97.60 96.80 82.10 93.95 94.73 84.62 68.62 82.70 96.18 112.11 102.00 91.59 90.93 70.66 72.25 80.45 86.86 90.87 -9999 -9999 -9999 -9999 -9999 -9999 -9999 -9999 -9999 -9999 -9999 -9999 -9999 -9999 -9999 -9999 -9999 -9999 -9999 -9999 -9999 -9999 -9999 -9999 -9999 -9999 -9999 -9999 -9999 -9999 -9999 -9999
121.59 -9999 -9999 -9999 -9999 -9999 82.43 78.57 121.24 173.78 140.00 108.44 110.51 113.74 110.43 96.67 87.75 90.65 100.82 92.43 101.75 108.51 107.41 103.60 104.40 110.57 119.81 97.87 96.44 101.08 119.34 101.08 72.33 80.63 88.49 98.08 103.25 94.82 93.51 64.89 69.84 80.25 89.17 91.22 -9999 -9999 -9999 -9999 -9999 -9999 -9999 -9999 -9999 -9999 -9999 -9999 -9999 -9999 -9999 -9999 -9999 -9999 -9999 -9999 -9999 -9999 -9999 -9999 -9999 -9999 -9999 -9999 -9999 -9999 -9999 -9999
117.55 117.36 127.48 127.64 -9999 -9999 -9999 80.94 104.20 126.88 112.16 97.06 102.32 110.88 110.76 108.59 106.07 93.61 103.25 111.26 96.07 107.01 104.59 90.07 96.19 91.68 100.59 117.35 104.56 119.60 133.24 120.12 99.43 102.17 81.82 88.11 94.17 96.64 99.91 88.95 85.64 87.21 97.48 86.43 87.26 -9999 -9999 -9999 -9999 -9999 -9999 -9999 -9999 -9999 -9999 -9999 -9999 -9999 -9999 -9999 -9999 -9999 -9999 -9999 -9999 -9999 -9999 -9999 -9999 -9999 -9999 -9999 -9999 -9999 -9999 -9999
125.55 141.11 150.46 169.01 129.95 -9999 -9999 -9999 79.83 89.91 85.29 87.89 87.69 92.47 99.27 92.25 97.59 88.95 101.03 117.74 128.66 87.46 97.93 99.12 102.99 99.06 113.48 94.92 111.07 104.24 108.01 127.57 126.42 111.77 101.86 88.89 90.15 87.24 95.04 85.30 87.55 93.08 95.90 87.38 69.65 64.74 -9999 -9999 -9999 -9999 -9999 -9999 -9999 -9999 -9999 -9999 -9999 -9999 -9999 -9999 -9999 -9999 -9999 -9999 -9999 -9999 -9999 -9999 -9999 -9999 -9999 -9999 -9999 -9999 -9999 -9999
120.39 109.45 140.12 174.88 138.66 -9999 -9999 -9999 -9999 -9999 80.14 79.15 68.77 82.70 77.22 81.43 89.62 103.62 121.37 131.42 113.37 97.65 97.18 90.36 81.60 87.76 111.68 89.42 107.83 113.78 108.01 89.12 104.82 97.80 111.96 89.33 96.29 92.02 85.15 88.43 81.69 81.90 78.66 84.24 80.66 69.99 67.94 -9999 -9999 -9999 -9999 -9999 -9999 -9999 -9999 -9999 -9999 -9999 -9999 -9999 -9999 -9999 -9999 -9999 -9999 -9999 -9999 -9999 -9999 -9999 -9999 -9999 -9999 -9999 -9999 -9999
-9999 102.47 107.29 169.00 132.21 -9999 -9999 -9999 -9999 -9999 72.81 80.43 88.58 86.33 89.53 94.28 93.84 106.83 122.47 128.96 103.91 102.43 91.21 81.72 82.89 110.80 99.50 145.11 116.40 128.81 101.51 115.07 109.45 91.09 118.16 103.39 94.82 88.43 92.30 93.51 91.56 81.65 81.48 68.68 74.94 82.82 79.39 73.06 52.68 -9999 -9999 -9999 -9999 -9999 -9999 -9999 -9999 -9999 -9999 -9999 -9999 -9999 -9999 -9999 -9999 -9999 -9999 -9999 -9999 -9999 -9999 -9999 -9999 -9999 -9999 -9999
-9999 -9999 115.75 129.04 110.82 -9999 -9999 -9999 -9999 -9999 69.95 72.66 78.73 74.29 80.96 91.30 88.51 99.75 113.46 120.07 104.28 96.09 95.00 95.60 105.24 105.18 111.57 158.08 146.43 107.77 110.58 102.84 60.31 112.54 111.24 103.16 106.36 111.49 98.85 106.94 96.28 111.68 104.98 77.37 74.76 70.61 82.04 75.91 59.93 -9999 -9999 -9999 -9999 -9999 -9999 -9999 -9999 -9999 -9999 -9999 -9999 -9999 -9999 -9999 -9999 -9999 -9999 -9999 -9999 -9999 -9999 -9999 -9999 -9999 -9999 -9999
-9999 -9999 91.52 96.27 94.97 -9999 -9999 -9999 -9999 -9999 64.59 63.28 70.98 72.45 76.15 86.78 98.01 117.18 128.44 112.07 106.16 92.29 90.91 84.69 93.75 99.56 141.10 142.36 126.98 125.24 125.77 103.83 106.64 103.79 120.03 129.19 110.68 118.98 120.75 128.70 104.66 114.17 111.52 95.30 73.75 72.04 71.13 81.12 63.87 -9999 -9999 -9999 -9999 -9999 -9999 -9999 -9999 -9999 -9999 -9999 -9999 -9999 -9999 -9999 -9999 -9999 -9999 -9999 -9999 -9999 -9999 -9999 -9999 -9999 -9999 -9999
-9999 -9999 -9999 -9999 -9999 -9999 -9999 -9999 -9999 74.94 74.07 76.22 75.66 78.56 81.92 84.14 94.61 99.39 115.54 108.57 102.53 117.90 110.19 120.84 128.43 144.41 162.05 171.90 153.54 143.68 132.84 122.52 116.45 145.04 135.05 108.68 122.12 99.71 105.11 115.29 126.85 109.95 122.40 86.27 75.68 72.25 66.95 71.86 69.87 -9999 -9999 -9999 -9999 -9999 -9999 -9999 -9999 -9999 -9999 -9999 -9999 -9999 -9999 -9999 -9999 -9999 -9999 -9999 -9999 -9999 -9999 -9999 -9999 -9999 -9999 -9999
-9999 -9999 -9999 -9999 -9999 -9999 -9999 -9999 -9999 88.18 73.74 79.85 90.85 95.25 96.83 88.01 88.99 94.10 77.95 92.21 117.75 122.52 130.97 139.67 131.77 122.72 174.46 153.92 165.14 143.58 128.85 116.99 108.80 121.29 154.42 136.73 107.88 90.06 85.32 115.59 116.71 109.10 124.06 102.63 73.10 65.81 66.06 82.27 68.67 -9999 -9999 -9999 -9999 -9999 -9999 -9999 -9999 -9999 -9999 -9999 -9999 -9999 -9999 -9999 -9999 -9999 -9999 -9999 -9999 -9999 -9999 -9999 -9999 -9999 -9999 -9999
-9999 -9999 -9999 -9999 -9999 -9999 -9999 -9999 75.67 85.36 75.74 85.89 85.15 90.42 117.40 133.76 125.21 119.47 103.75 82.75 89.01 117.63 149.20 142.32 130.87 111.96 143.64 190.49 168.05 165.00 132.55 132.50 118.24 111.82 129.24 115.86 107.94 124.69 127.42 131.34 118.71 105.46 103.80 99.57 83.89 91.83 89.46 78.34 64.56 -9999 -9999 -9999 -9999 -9999 -9999 -9999 -9999 -9999 -9999 -9999 -9999 -9999 -9999 -9999 -9999 -9999 -9999 -9999 -9999 -9999 -9999 -9999 -9999 -9999 -9999 -9999
-9999 -9999 -9999 -9999 -9999 -9999 -9999 -9999 84.67 83.54 99.26 87.73 110.50 105.83 131.99 134.54 167.45 134.88 109.93 93.63 106.89 116.44 175.92 169.95 128.22 109.42 136.31 188.96 178.75 164.32 146.77 69.02 63.45 134.56 134.20 140.26 134.73 147.55 113.80 110.41 104.21 108.66 115.13 100.40 79.25 80.68 74.17 71.67 60.40 60.02 -9999 -9999 -9999 -9999 -9999 -9999 -9999 -9999 -9999 -9999 -9999 -9999 -9999 -9999 -9999 -9999 -9999 -9999 -9999 -9999 -9999 -9999 -9999 -9999 -9999 -9999
-9999 -9999 -9999 -9999 -9999 -9999 -9999 69.25 105.03 115.62 106.54 92.70 111.90 114.22 111.35 140.78 142.35 132.86 115.80 108.07 96.02 95.56 118.90 144.12 139.27 126.03 136.86 179.41 189.97 175.89 163.98 87.53 70.06 162.08 143.49 121.90 145.73 115.74 129.25 116.69 88.38 100.22 113.16 107.83 101.43 77.55 71.47 75.44 77.90 73.49 -9999 -9999 -9999 -9999 -9999 -9999 -9999 -9999 -9999 -9999 -9999 -9999 -9999 -9999 -9999 -9999 -9999 -9999 -9999 -9999 -9999 -9999 -9999 -9999 -9999 -9999
-9999 -9999 -9999 -9999 -9999 -9999 -9999 91.81 108.80 118.57 129.10 120.68 116.42 109.88 139.41 111.31 120.53 118.86 117.65 107.27 83.78 84.39 112.91 131.31 150.55 131.33 142.23 159.92 172.97 192.17 224.84 136.60 151.15 163.58 136.35 158.21 126.79 117.85 117.92 104.10 106.99 95.83 88.78 97.24 94.80 79.93 88.68 86.05 88.32 84.70 -9999 -9999 -9999 -9999 -9999 -9999 -9999 -9999 -9999 -9999 -9999 -9999 -9999 -9999 -9999 -9999 -9999 -9999 -9999 -9999 -9999 -9999 -9999 -9999 -9999 -9999
-9999 -9999 -9999 -9999 -9999 -9999 79.95 87.01 98.59 118.30 115.38 115.33 151.86 139.81 145.96 118.82 109.77 110.15 109.27 109.64 102.02 97.76 114.09 118.71 126.49 139.52 126.62 163.59 168.20 206.14 181.86 153.40 176.57 175.70 160.32 159.59 118.88 109.34 121.11 109.42 115.02 102.48 96.40 98.66 85.84 84.78 90.43 84.97 80.27 71.13 -9999 -9999 -9999 -9999 -9999 -9999 -9999 -9999 -9999 -9999 -9999 -9999 -9999 -9999 -9999 -9999 -9999 -9999 -9999 -9999 -9999 -9999 -9999 -9999 -9999 -9999
-9999 -9999 -9999 -9999 -9999 68.62 81.14 93.24 86.43 94.94 99.67 102.90 134.98 142.69 169.77 122.37 112.77 110.04 114.15 107.62 114.53 117.30 106.42 109.01 140.31 124.13 136.07 154.77 159.08 150.86 150.73 148.66 150.98 144.61 144.77 151.35 130.66 119.35 108.82 106.48 111.23 89.77 88.50 98.39 85.42 82.71 81.60 83.99 75.71 75.32 73.47 -9999 -9999 -9999 -9999 -9999 -9999 -9999 -9999 -9999 -9999 -9999 -9999 -9999 -9999 -9999 -9999 -9999 -9999 -9999 -9999 -9999 -9999 -9999 -9999 -9999
-9999 -9999 -9999 -9999 -9999 93.47 117.71 100.45 87.79 86.34 87.22 88.79 161.52 171.74 136.34 145.09 117.50 108.88 106.62 96.66 138.75 117.22 102.78 107.21 114.00 142.87 129.99 146.02 138.58 120.65 114.66 127.47 129.68 139.27 124.01 132.76 131.04 111.24 108.48 97.71 91.64 88.45 89.82 79.17 88.71 83.70 73.26 68.72 70.47 80.40 75.45 -9999 -9999 -9999 -9999 -9999 -9999 -9999 -9999 -9999 -9999 -9999 -9999 -9999 -9999 -9999 -9999 -9999 -9999 -9999 -9999 -9999 -9999 -9999 -9999 -9999
-9999 -9999 -9999 70.29 77.95 96.93 101.87 96.50 92.23 86.73 82.46 86.19 124.60 125.08 137.19 133.68 121.58 97.76 105.09 103.23 107.65 115.49 107.87 103.68 109.46 123.92 125.26 126.31 126.45 119.58 116.41 117.91 125.96 129.05 121.26 127.57 132.21 112.71 100.35 99.18 90.15 86.35 68.16 87.53 68.90 72.84 70.53 67.04 73.30 76.88 84.60 -9999 -9999 -9999 -9999 -9999 -9999 -9999 -9999 -9999 -9999 -9999 -9999 -9999 -9999 -9999 -9999 -9999 -9999 -9999 -9999 -9999 -9999 -9999 -9999 -9999
