Rainfall_2007-2011/Rainfall_2008-10_ACTUAL.txt
ncols         180
nrows         290
xllcorner     -200000
yllcorner     -200000
cellsize      5000
NODATA_value  -9999
[rows 198 to 230 of 290, columns 76 to 151 of 180]
-9999 -9999 -9999 -9999 -9999 -9999 -9999 -9999 -9999 -9999 -9999 197.00 187.71 185.07 182.33 178.95 208.21 211.66 243.77 269.37 264.71 249.76 210.34 170.57 123.06 138.11 111.26 139.08 103.15 79.34 88.91 72.64 65.70 64.51 66.12 82.36 67.59 74.38 74.27 62.29 63.58 59.45 57.48 54.64 57.07 55.55 49.15 43.94 42.75 46.75 43.19 54.61 56.67 53.67 52.36 47.51 48.90 52.53 52.72 58.14 61.71 59.40 58.29 55.17 62.28 58.94 55.85 48.79 52.14 57.25 55.44 55.96 50.97 51.54 50.54 52.95
-9999 -9999 -9999 -9999 -9999 -9999 -9999 160.06 136.67 147.79 207.33 216.67 235.12 234.10 217.26 203.44 178.33 236.30 244.08 264.27 240.69 229.82 194.07 145.60 108.67 125.45 102.07 127.49 124.47 90.47 72.33 67.94 67.02 79.39 61.74 80.98 78.44 74.09 66.30 60.38 60.72 62.24 52.64 49.00 50.11 49.00 41.45 37.54 40.30 46.74 47.48 46.64 46.11 48.20 48.51 51.64 49.73 57.93 63.25 64.35 65.07 62.53 61.72 64.45 51.80 45.60 48.10 52.52 53.46 56.40 55.03 51.69 48.81 50.84 51.10 51.16
-9999 -9999 -9999 -9999 -9999 -9999 179.40 167.42 188.46 196.73 175.92 216.50 220.29 237.26 216.24 182.67 194.77 226.00 270.05 240.69 255.47 224.38 185.09 178.51 138.16 107.18 137.46 108.96 93.24 68.16 63.34 60.15 65.47 59.47 60.30 64.35 70.38 75.85 59.08 77.80 63.54 54.75 49.84 46.19 44.08 42.86 36.65 35.68 39.37 42.11 44.00 52.34 42.68 47.01 49.17 47.41 45.56 55.08 62.01 67.63 73.05 63.09 58.88 55.08 51.69 45.82 48.95 50.74 51.05 50.55 46.36 45.32 41.73 50.89 47.67 50.88
-9999 -9999 -9999 -9999 -9999 161.90 170.70 172.50 185.01 204.64 217.18 225.87 237.89 230.64 225.10 259.57 209.83 214.82 268.91 220.93 220.10 183.92 206.16 168.15 149.74 120.35 102.43 88.85 74.30 102.86 86.05 58.58 53.99 49.90 53.06 65.57 64.60 68.14 63.67 59.40 57.28 51.90 42.86 45.07 42.86 39.21 35.29 44.82 34.48 31.64 43.54 50.13 43.15 40.18 56.65 51.32 50.52 54.56 60.55 57.63 60.91 57.17 55.86 52.56 48.28 47.60 49.94 49.45 51.52 49.96 50.10 51.20 44.61 48.66 45.79 46.53
-9999 173.45 215.22 224.16 281.85 247.66 238.78 247.49 244.24 225.77 248.61 235.21 264.62 277.46 293.79 289.79 244.61 225.86 225.07 209.97 192.20 193.46 169.93 151.87 143.46 120.69 101.98 64.71 92.36 106.76 82.32 77.94 59.35 64.96 55.88 58.11 80.14 58.63 66.61 56.51 47.30 42.48 39.40 53.02 42.77 42.14 54.92 41.97 36.08 33.00 38.64 39.86 39.87 43.01 48.05 47.29 50.55 48.66 54.86 53.14 55.75 55.84 58.96 56.69 57.51 53.68 50.94 47.55 51.40 51.60 59.85 54.65 53.63 53.63 52.24 44.90
154.30 187.90 215.96 259.16 334.51 423.85 363.14 314.55 284.02 260.57 285.77 264.82 266.65 279.70 286.90 270.41 260.95 208.15 193.79 192.58 192.33 180.95 147.22 136.54 117.89 97.34 113.75 114.94 168.59 139.15 93.64 67.57 67.27 52.11 65.73 61.45 64.13 58.78 55.43 53.61 45.59 38.82 36.99 40.80 50.37 55.04 56.69 46.44 34.29 32.26 44.17 39.43 42.31 44.62 43.83 47.12 47.10 47.12 50.60 59.57 61.29 51.43 63.44 58.99 50.79 55.61 55.10 53.42 50.76 55.27 61.69 60.60 59.16 55.18 55.14 55.52
153.95 177.84 198.73 219.41 287.53 329.77 284.22 270.95 259.56 245.62 260.57 252.48 277.87 300.11 292.71 245.25 229.86 190.67 192.36 222.70 216.62 199.06 160.24 139.93 92.37 110.95 90.96 149.76 171.04 159.06 100.64 85.19 73.71 57.46 55.05 64.30 67.72 62.27 71.99 53.41 47.02 42.30 36.04 47.71 55.31 68.74 56.64 42.70 36.94 36.13 38.91 41.07 46.10 43.47 42.50 42.10 43.28 52.46 45.29 53.46 61.87 58.57 60.13 53.21 49.99 60.14 62.59 53.10 52.58 53.78 58.36 51.21 53.58 55.01 44.84 41.11
148.94 163.77 186.81 178.22 205.02 242.47 250.02 240.76 215.48 233.73 214.12 226.83 238.49 229.14 226.31 233.33 238.73 246.01 244.32 295.14 354.12 284.58 243.75 218.72 193.99 160.82 120.93 121.59 196.70 132.75 101.56 97.29 92.09 67.19 63.82 70.59 70.52 67.77 66.85 48.18 39.77 40.45 45.01 48.84 61.63 67.22 56.15 40.85 40.47 39.32 35.21 39.49 42.41 40.74 36.82 37.62 40.42 39.15 42.21 47.10 50.10 51.94 51.65 52.90 56.79 52.84 63.81 52.36 51.21 49.11 45.55 51.19 50.14 49.78 43.69 45.59
-9999 171.59 167.89 178.38 203.21 221.77 246.82 220.10 217.83 190.01 217.39 212.95 210.14 229.22 224.02 272.27 248.67 264.91 283.44 304.36 322.72 328.52 243.04 263.33 290.52 181.66 160.69 141.59 98.54 96.46 98.91 71.84 80.37 68.73 81.35 76.35 81.11 67.57 57.94 47.44 44.54 45.56 50.09 68.08 57.89 54.19 48.87 43.61 44.92 45.06 45.07 35.79 35.79 34.97 36.41 36.01 38.64 40.62 39.39 45.90 47.11 49.50 56.24 62.64 65.92 61.07 58.15 52.69 52.39 60.17 50.05 48.72 53.42 51.32 47.52 39.97
165.43 159.42 153.09 156.45 176.46 185.82 213.50 207.93 175.30 187.20 195.50 198.65 207.49 224.37 208.05 243.83 227.82 231.74 253.89 289.71 251.08 260.74 222.13 226.11 205.90 197.86 156.19 125.79 133.93 135.05 105.31 88.59 100.91 87.29 81.15 86.07 72.80 69.34 53.91 53.59 49.13 67.07 67.18 55.83 52.80 43.11 45.01 48.57 46.54 43.33 42.59 40.84 37.00 35.94 38.40 38.55 41.91 43.21 46.51 47.45 46.98 56.98 60.61 68.52 57.40 61.73 62.72 60.41 54.45 51.95 46.51 47.12 53.84 49.99 49.59 49.04
170.95 155.95 156.51 158.15 166.54 152.80 191.95 169.90 143.67 146.39 158.47 170.67 172.21 190.23 221.54 210.38 246.62 247.78 278.34 314.85 286.27 224.61 207.93 194.85 167.35 154.24 164.29 157.21 135.28 164.16 107.76 101.91 78.34 74.63 83.04 85.06 86.67 61.84 53.86 57.77 51.43 53.03 57.28 55.85 45.37 49.52 44.68 45.36 44.84 41.02 36.85 37.72 36.01 43.57 39.40 38.74 33.00 40.75 44.56 49.15 51.74 59.76 67.15 66.19 62.82 61.77 62.34 62.95 56.46 57.62 57.42 47.43 51.54 62.04 45.13 46.70
-9999 149.13 153.77 156.39 156.38 181.15 177.74 -9999 -9999 -9999 -9999 143.81 168.32 180.30 180.18 179.68 193.30 200.36 225.60 269.39 273.10 337.55 397.81 262.99 200.69 162.17 173.59 164.27 151.21 127.08 103.25 99.70 81.90 79.73 71.83 77.25 59.12 42.97 49.12 56.12 65.55 51.95 58.78 54.75 47.70 46.48 46.34 43.82 39.68 39.10 39.61 41.71 39.51 43.60 45.78 42.51 37.94 45.12 51.30 54.67 51.62 65.40 66.54 65.39 59.44 56.83 56.84 55.84 62.05 57.69 59.08 50.08 49.76 56.12 53.37 49.78
-9999 149.82 152.77 150.65 148.49 174.80 152.44 -9999 -9999 -9999 -9999 -9999 -9999 -9999 163.58 184.60 176.63 150.22 171.09 220.89 295.67 334.29 373.60 304.57 264.22 188.17 178.54 130.43 154.29 151.08 109.72 95.56 105.97 92.82 85.56 62.61 51.64 42.13 49.01 55.86 61.70 52.49 54.21 45.51 49.32 44.25 41.38 40.03 36.77 39.74 44.38 40.82 40.22 42.00 41.73 44.59 48.90 51.97 57.13 61.30 62.35 68.44 71.26 64.76 56.29 56.12 54.56 59.86 65.41 57.53 51.25 55.47 52.71 46.07 50.49 45.71
-9999 -9999 -9999 135.79 -9999 -9999 -9999 -9999 -9999 -9999 -9999 -9999 105.02 144.33 170.42 163.33 116.21 119.74 138.00 176.11 227.22 270.99 305.22 275.40 234.02 189.30 190.23 170.43 165.32 142.42 111.97 86.46 94.11 85.02 77.64 62.14 54.18 54.86 50.71 58.38 60.32 52.20 52.31 47.26 45.29 44.79 42.40 45.81 41.99 41.47 36.89 37.17 39.77 43.61 42.97 44.73 46.53 54.49 69.67 66.47 73.28 67.05 67.87 59.62 51.39 49.24 54.92 59.34 60.92 54.08 46.12 45.01 52.15 54.51 48.85 46.63
-9999 -9999 -9999 -9999 -9999 -9999 -9999 -9999 -9999 -9999 -9999 -9999 87.03 130.81 153.17 141.90 121.17 -9999 -9999 115.25 176.22 180.14 217.41 204.56 196.01 190.28 193.51 170.76 157.07 127.16 100.82 97.23 79.19 69.16 64.96 58.79 51.36 53.86 53.40 53.77 54.84 50.71 47.96 51.09 51.43 49.06 41.18 42.58 41.67 38.16 38.70 46.00 45.16 47.62 46.01 45.99 50.49 59.29 62.33 82.53 75.04 58.61 62.92 55.71 52.25 49.62 52.29 52.91 51.02 51.09 44.51 40.31 43.42 41.95 39.10 40.61
-9999 -9999 -9999 -9999 -9999 -9999 -9999 -9999 -9999 -9999 -9999 -9999 -9999 -9999 -9999 -9999 -9999 -9999 -9999 114.74 124.45 153.34 164.70 158.65 160.05 159.90 160.53 141.94 124.89 104.64 87.46 87.67 75.29 -9999 64.19 55.81 58.14 56.95 55.43 63.63 58.42 52.25 46.02 52.08 48.47 54.81 43.80 45.47 50.10 40.84 38.73 53.26 60.27 53.89 55.83 64.34 58.96 65.46 67.20 77.63 65.36 57.75 49.80 51.20 52.55 47.43 49.92 47.16 46.63 46.54 49.84 43.73 38.28 32.03 31.55 34.95
-9999 -9999 -9999 -9999 -9999 -9999 -9999 -9999 -9999 -9999 -9999 -9999 -9999 -9999 -9999 -9999 -9999 -9999 -9999 -9999 113.99 122.34 142.74 141.69 140.95 133.24 133.04 115.76 105.31 -9999 -9999 -9999 -9999 68.15 61.25 61.84 62.35 59.13 64.08 72.95 62.99 58.03 53.97 51.28 53.56 48.70 56.33 42.72 54.67 55.33 50.24 57.92 63.08 59.91 60.92 63.87 55.03 61.97 65.43 54.54 51.98 45.66 47.00 48.55 45.79 45.24 42.53 40.73 41.47 40.88 44.41 39.44 41.74 38.30 33.49 35.33
-9999 -9999 -9999 -9999 -9999 -9999 -9999 -9999 -9999 -9999 -9999 -9999 -9999 -9999 -9999 -9999 -9999 -9999 -9999 -9999 -9999 121.50 133.62 128.26 121.55 120.34 115.17 106.00 -9999 -9999 -9999 -9999 71.79 77.47 79.88 67.43 67.14 66.25 71.24 75.14 66.30 61.42 58.51 57.84 55.49 58.98 58.30 49.17 54.58 55.22 55.80 58.31 54.06 54.23 65.87 59.97 66.49 57.96 56.67 51.22 47.55 42.39 48.72 51.55 44.86 40.87 41.77 40.76 42.65 41.93 42.82 35.84 40.08 37.29 41.68 49.21
-9999 -9999 -9999 -9999 -9999 -9999 -9999 -9999 -9999 -9999 -9999 -9999 -9999 -9999 -9999 -9999 -9999 -9999 -9999 -9999 -9999 -9999 105.12 75.09 88.23 95.63 97.58 91.20 -9999 -9999 -9999 74.00 79.57 75.31 80.59 73.77 75.45 67.07 62.56 59.57 68.46 65.13 57.59 63.37 63.94 62.51 59.07 62.76 58.08 57.79 57.40 57.82 58.64 62.25 60.29 63.71 61.70 58.03 50.32 49.88 50.12 51.61 49.70 49.16 43.86 38.96 41.40 40.74 39.82 36.72 41.05 42.33 44.61 47.58 50.74 54.18
-9999 -9999 -9999 -9999 -9999 -9999 -9999 -9999 -9999 -9999 -9999 -9999 -9999 -9999 -9999 -9999 -9999 -9999 -9999 -9999 -9999 -9999 -9999 -9999 -9999 -9999 -9999 -9999 -9999 -9999 92.04 86.50 91.66 99.46 100.95 106.98 80.23 80.46 71.80 62.15 56.93 59.41 58.17 55.90 54.72 56.25 58.20 60.96 65.75 70.39 69.08 79.68 66.31 68.66 69.03 66.17 70.12 60.17 57.25 50.96 48.64 52.01 49.09 46.59 43.28 39.97 42.91 47.16 43.19 46.19 58.79 61.53 63.65 59.73 50.31 60.20
-9999 -9999 -9999 -9999 -9999 -9999 -9999 -9999 -9999 -9999 -9999 -9999 -9999 -9999 -9999 -9999 -9999 -9999 -9999 -9999 -9999 -9999 -9999 -9999 -9999 -9999 -9999 -9999 -9999 -9999 89.95 107.44 106.99 145.35 128.93 94.88 96.33 97.11 78.50 67.17 53.89 54.49 55.84 57.25 62.08 61.17 59.91 63.78 71.11 81.24 76.52 82.23 83.33 73.12 70.18 64.27 60.45 56.38 52.26 53.04 52.11 51.09 48.26 46.24 38.56 39.69 48.03 52.43 56.94 59.07 74.39 68.84 78.84 66.14 63.52 62.10
-9999 -9999 -9999 -9999 -9999 -9999 -9999 -9999 -9999 -9999 -9999 -9999 -9999 -9999 -9999 -9999 -9999 -9999 -9999 -9999 -9999 -9999 -9999 -9999 -9999 -9999 -9999 -9999 -9999 -9999 83.08 93.82 103.56 115.25 121.89 111.01 105.78 93.79 87.09 76.82 67.82 57.67 73.44 73.40 72.17 68.57 61.87 59.64 60.45 68.10 76.41 75.37 73.64 68.62 66.47 68.01 62.05 58.12 51.57 53.49 53.99 58.62 48.30 44.75 40.92 42.73 58.05 56.24 64.14 74.28 72.00 74.54 71.94 76.63 62.26 59.94
-9999 -9999 -9999 -9999 -9999 -9999 -9999 -9999 -9999 -9999 -9999 -9999 -9999 140.64 173.57 117.39 169.56 195.29 210.87 191.77 192.40 136.99 150.48 96.32 -9999 -9999 -9999 -9999 -9999 -9999 83.68 95.51 87.01 95.72 94.88 126.54 108.53 102.87 94.11 81.08 75.78 76.75 80.56 75.31 62.72 63.40 58.92 56.37 62.43 60.32 59.17 66.93 71.60 65.61 71.90 69.74 75.41 65.06 53.34 60.32 61.76 57.72 55.91 48.95 45.97 56.39 58.69 60.45 62.99 71.75 69.65 70.97 62.07 59.01 55.68 51.76
-9999 -9999 -9999 -9999 -9999 -9999 -9999 -9999 -9999 -9999 -9999 -9999 -9999 150.29 176.06 172.09 147.42 226.48 274.98 204.18 236.97 188.55 138.74 106.98 78.41 83.93 98.11 90.69 97.50 103.60 86.95 93.40 84.48 90.60 100.61 103.17 110.89 105.59 111.95 83.74 91.04 82.12 76.99 76.12 71.20 60.51 59.47 59.26 60.99 65.23 59.50 73.23 63.07 69.66 73.33 73.75 69.70 76.32 77.00 65.38 61.60 58.78 60.29 58.07 59.21 78.23 72.66 71.43 77.88 69.77 71.98 64.47 65.79 65.92 58.36 56.28
-9999 -9999 -9999 -9999 -9999 -9999 -9999 -9999 -9999 -9999 -9999 -9999 82.92 123.33 133.62 153.21 165.67 194.63 252.21 246.05 207.77 198.76 172.13 132.03 109.61 106.83 106.53 115.44 98.29 92.80 83.89 90.99 88.12 91.56 95.27 114.14 120.10 111.52 110.12 121.29 93.18 88.45 94.43 80.26 72.50 69.91 66.26 62.53 63.40 62.53 66.54 67.15 68.60 69.06 65.18 67.45 75.62 73.98 75.45 71.33 77.52 80.25 63.88 56.54 64.68 66.23 73.31 71.80 66.25 69.03 72.84 69.46 64.16 62.70 63.65 73.22
-9999 -9999 -9999 -9999 -9999 -9999 -9999 -9999 -9999 -9999 -9999 -9999 -9999 101.17 112.26 127.61 145.26 168.20 181.01 216.25 189.56 179.47 143.65 145.59 141.57 123.72 118.94 106.37 104.16 93.06 77.39 75.73 82.17 91.88 103.92 96.62 87.68 95.05 101.18 106.76 92.95 103.66 116.86 85.67 77.66 86.82 78.82 70.54 66.67 70.30 68.05 67.93 74.26 66.53 67.49 71.55 80.18 89.99 83.33 83.79 77.11 89.24 74.76 68.93 63.56 60.75 71.02 60.73 49.97 73.80 79.93 83.10 76.39 74.61 77.48 85.62
-9999 -9999 -9999 -9999 -9999 -9999 -9999 -9999 -9999 114.33 -9999 -9999 111.89 109.63 119.14 113.48 129.38 136.62 134.79 140.52 140.42 143.26 129.14 137.13 130.29 127.58 104.09 86.15 88.42 90.36 76.53 76.99 91.14 88.18 88.41 87.57 93.00 113.37 112.61 112.60 101.04 103.62 99.02 100.80 99.59 88.73 75.63 68.18 67.97 69.61 69.80 74.80 66.90 71.88 79.21 75.02 87.96 87.57 97.19 81.56 80.45 79.22 73.01 73.51 71.88 68.75 64.70 63.55 66.42 69.26 76.18 75.04 68.69 62.34 79.19 91.75
-9999 -9999 -9999 -9999 -9999 -9999 -9999 -9999 139.68 164.19 166.86 151.44 127.44 165.85 144.07 122.72 105.21 118.53 107.16 129.93 119.07 128.31 118.86 117.08 117.96 98.23 92.74 85.15 95.69 88.74 78.93 78.57 77.41 86.13 88.47 87.36 95.29 94.55 96.87 98.76 104.97 117.14 100.85 105.84 109.92 90.66 83.68 77.28 72.71 74.91 72.72 65.68 71.09 70.48 77.93 79.75 85.07 88.73 87.33 92.08 80.34 80.77 85.13 77.22 79.82 76.21 66.11 65.29 62.93 69.05 75.15 76.44 71.82 70.25 78.76 86.55
-9999 -9999 -9999 -9999 -9999 -9999 -9999 -9999 162.41 181.05 153.56 152.16 138.21 163.23 138.53 128.83 128.97 128.93 116.52 126.57 100.78 121.67 116.90 110.25 118.89 113.85 133.49 132.95 119.84 98.62 83.98 80.34 97.94 90.52 92.00 89.79 98.14 89.55 96.21 90.40 87.30 99.87 135.82 94.22 89.98 93.73 86.49 83.79 85.98 80.19 70.75 70.50 67.25 73.07 73.81 77.03 83.27 91.53 101.75 82.26 106.14 89.76 94.95 96.96 95.27 77.06 75.43 67.42 66.09 76.61 81.23 77.92 92.69 78.86 87.30 86.42
-9999 -9999 -9999 -9999 -9999 -9999 -9999 -9999 148.33 151.03 171.80 169.91 148.16 158.48 143.83 142.47 132.80 116.52 110.92 117.84 106.02 112.04 100.74 96.45 108.96 112.78 153.96 144.77 164.16 128.80 114.51 99.17 113.51 93.92 92.18 89.73 101.21 98.34 96.95 93.02 91.64 99.44 89.91 97.98 99.86 92.59 91.76 89.02 82.55 85.68 80.46 73.61 68.55 63.10 62.86 76.13 74.25 81.69 83.63 75.59 100.31 90.18 97.29 109.69 78.30 94.00 84.35 66.67 66.86 84.90 83.91 89.20 86.32 86.42 76.87 72.77
-9999 -9999 -9999 -9999 -9999 -9999 -9999 -9999 107.67 149.53 145.97 155.71 144.40 156.59 141.47 132.54 124.43 114.17 103.04 107.68 102.31 94.50 95.87 100.78 98.13 129.26 173.22 154.51 154.17 146.45 126.55 129.30 118.11 111.10 110.34 132.01 106.38 109.03 105.61 102.30 102.76 93.35 89.66 88.74 97.21 91.12 86.88 83.97 80.55 80.24 79.40 75.35 83.49 74.24 72.55 67.25 82.07 62.48 57.56 57.50 61.35 68.79 70.55 68.21 63.91 76.53 70.89 64.37 60.87 65.53 68.46 85.35 74.32 70.51 80.09 76.38
-9999 -9999 -9999 -9999 -9999 -9999 -9999 -9999 109.78 131.42 117.50 143.93 155.52 149.12 136.21 123.93 107.76 114.71 86.33 90.75 86.98 87.79 90.89 99.23 127.78 145.06 155.65 141.00 145.41 130.28 116.70 147.83 140.23 126.39 134.89 129.19 136.33 131.47 115.51 110.48 104.89 94.14 91.04 93.40 93.98 84.70 78.72 72.60 78.87 73.95 70.03 77.88 72.65 67.14 60.53 58.56 59.27 56.80 54.66 47.96 49.86 60.08 61.82 60.93 63.06 63.65 59.21 52.34 -9999 -9999 58.23 69.27 72.23 68.19 65.94 82.28
-9999 -9999 -9999 -9999 -9999 -9999 -9999 147.44 130.19 135.06 123.89 142.41 165.90 158.04 144.51 146.64 116.28 110.72 95.09 82.29 78.32 86.86 83.37 97.30 112.30 209.35 179.04 156.31 140.21 116.07 110.06 119.71 111.46 107.14 116.46 129.89 140.14 126.80 98.46 109.35 105.43 106.36 101.44 96.04 96.11 86.55 79.93 74.67 74.67 68.58 62.17 68.32 66.47 72.56 -9999 -9999 59.26 57.78 58.05 50.05 52.45 57.38 56.95 -9999 -9999 -9999 -9999 -9999 -9999 -9999 -9999 -9999 -9999 62.21 61.37 67.11
