Rainfall_2007-2011/Rainfall_2010-12_ACTUAL.txt
ncols         180
nrows         290
xllcorner     -200000
yllcorner     -200000
cellsize      5000
NODATA_value  -9999
[rows 102 to 135 of 290, columns 77 to 153 of 180]
-9999 44.95 47.33 65.05 58.32 69.48 61.41 61.18 53.12 60.57 63.82 60.29 43.70 28.25 42.20 35.92 23.41 25.40 41.77 51.28 35.57 38.10 36.68 41.73 36.66 29.75 26.91 27.34 39.32 35.04 35.16 33.73 38.20 37.55 33.12 25.69 -9999 -9999 -9999 -9999 -9999 -9999 -9999 -9999 -9999 -9999 -9999 -9999 -9999 -9999 -9999 -9999 -9999 -9999 -9999 -9999 -9999 -9999 -9999 -9999 -9999 -9999 -9999 -9999 -9999 -9999 -9999 -9999 -9999 -9999 -9999 -9999 -9999 -9999 -9999 -9999 -9999
34.24 38.67 44.74 42.31 66.73 72.33 54.61 55.80 58.93 46.08 65.91 74.79 50.94 31.20 27.37 37.77 37.39 43.82 49.67 50.58 52.44 52.89 41.77 37.34 33.54 30.42 29.99 36.91 34.13 34.05 35.69 29.86 29.37 29.71 -9999 -9999 -9999 -9999 -9999 -9999 -9999 -9999 -9999 -9999 -9999 -9999 -9999 -9999 -9999 -9999 -9999 -9999 -9999 -9999 -9999 -9999 -9999 -9999 -9999 -9999 -9999 -9999 -9999 -9999 -9999 -9999 -9999 -9999 -9999 -9999 -9999 -9999 -9999 -9999 -9999 -9999 -9999
44.07 49.81 58.12 52.45 55.79 55.03 51.41 56.66 55.75 37.76 33.80 45.15 44.67 40.94 43.34 32.22 39.87 40.48 49.15 52.99 41.80 48.61 41.71 35.91 35.09 28.60 28.97 28.87 28.69 31.46 29.97 26.62 23.98 -9999 -9999 -9999 -9999 -9999 -9999 -9999 -9999 -9999 -9999 -9999 -9999 -9999 -9999 -9999 -9999 -9999 -9999 -9999 -9999 -9999 -9999 -9999 -9999 -9999 -9999 -9999 -9999 -9999 -9999 -9999 -9999 -9999 -9999 -9999 -9999 -9999 -9999 -9999 -9999 -9999 -9999 -9999 -9999
71.56 61.50 59.74 53.89 56.83 59.29 64.13 75.18 75.29 68.97 50.18 57.66 52.00 52.41 39.52 39.01 46.40 44.39 47.30 40.10 35.01 38.46 31.97 32.24 31.24 25.78 29.25 28.86 29.55 34.44 25.63 20.94 19.25 -9999 -9999 -9999 -9999 -9999 -9999 -9999 -9999 -9999 -9999 -9999 -9999 -9999 -9999 -9999 -9999 -9999 -9999 -9999 -9999 -9999 -9999 -9999 -9999 -9999 -9999 -9999 -9999 -9999 -9999 -9999 -9999 -9999 -9999 -9999 -9999 -9999 -9999 -9999 -9999 -9999 -9999 -9999 -9999
88.77 71.02 61.23 60.82 67.37 61.72 64.00 62.55 96.33 81.75 68.46 54.38 62.49 51.23 50.78 59.34 47.52 39.57 46.65 41.85 35.78 51.82 36.40 26.92 32.25 33.79 32.70 30.69 30.61 26.45 21.23 18.94 22.44 23.22 -9999 -9999 -9999 -9999 -9999 -9999 -9999 -9999 -9999 -9999 -9999 -9999 -9999 -9999 -9999 -9999 -9999 -9999 -9999 -9999 -9999 -9999 -9999 -9999 -9999 -9999 -9999 -9999 -9999 -9999 -9999 -9999 -9999 -9999 -9999 -9999 -9999 -9999 -9999 -9999 -9999 -9999 -9999
84.81 80.92 59.12 61.89 49.79 47.83 60.33 67.11 76.43 63.75 67.46 63.77 55.62 46.85 58.79 47.28 50.04 47.53 37.70 46.24 46.51 52.59 48.35 41.54 40.59 46.67 43.78 35.94 34.31 29.17 26.79 25.48 26.63 29.56 28.54 -9999 -9999 -9999 -9999 -9999 -9999 -9999 -9999 -9999 -9999 -9999 -9999 -9999 -9999 -9999 -9999 -9999 -9999 -9999 -9999 -9999 -9999 -9999 -9999 -9999 -9999 -9999 -9999 -9999 -9999 -9999 -9999 -9999 -9999 -9999 -9999 -9999 -9999 -9999 -9999 -9999 -9999
81.11 75.79 68.96 59.86 50.50 50.42 69.46 73.15 101.11 62.49 57.41 59.20 58.96 54.57 51.47 44.98 41.10 33.89 33.09 46.78 53.76 65.33 68.65 49.68 47.86 49.00 41.76 41.25 30.14 36.75 30.15 34.90 34.05 30.43 31.41 23.04 -9999 -9999 -9999 -9999 -9999 -9999 -9999 -9999 -9999 -9999 -9999 -9999 -9999 -9999 -9999 -9999 -9999 -9999 -9999 -9999 -9999 -9999 -9999 -9999 -9999 -9999 -9999 -9999 -9999 -9999 -9999 -9999 -9999 -9999 -9999 -9999 -9999 -9999 -9999 -9999 -9999
70.55 76.90 77.40 63.14 53.25 58.96 77.04 67.64 60.16 56.86 74.53 58.41 59.12 54.19 53.81 44.90 44.22 38.67 41.35 54.35 83.51 93.05 72.01 44.82 44.93 44.87 46.98 40.18 34.06 34.54 31.60 27.70 26.89 24.48 23.87 -9999 -9999 -9999 -9999 -9999 -9999 -9999 -9999 -9999 -9999 -9999 -9999 -9999 -9999 -9999 -9999 -9999 -9999 -9999 -9999 -9999 -9999 -9999 -9999 -9999 -9999 -9999 -9999 -9999 -9999 -9999 -9999 -9999 -9999 -9999 -9999 -9999 -9999 -9999 -9999 -9999 -9999
65.23 67.55 67.73 74.28 78.92 65.44 78.66 73.03 69.25 64.30 59.01 71.40 55.28 45.35 42.56 37.40 40.10 51.46 42.82 51.09 51.94 49.79 56.34 50.19 47.17 45.97 47.24 42.61 34.72 33.37 28.34 -9999 -9999 -9999 -9999 -9999 -9999 -9999 -9999 -9999 -9999 -9999 -9999 -9999 -9999 -9999 -9999 -9999 -9999 -9999 -9999 -9999 -9999 -9999 -9999 -9999 -9999 -9999 -9999 -9999 -9999 -9999 -9999 -9999 -9999 -9999 -9999 -9999 -9999 -9999 -9999 -9999 -9999 -9999 -9999 -9999 -9999
65.16 62.87 62.73 96.20 88.47 90.77 91.16 62.50 66.01 67.91 60.25 58.02 58.80 49.13 48.17 45.68 49.17 58.54 35.24 44.43 55.05 60.04 62.34 50.50 52.17 48.27 49.60 49.76 41.92 -9999 -9999 -9999 -9999 -9999 -9999 -9999 -9999 -9999 -9999 -9999 -9999 -9999 -9999 -9999 -9999 -9999 -9999 -9999 -9999 -9999 -9999 -9999 -9999 -9999 -9999 -9999 -9999 -9999 -9999 -9999 -9999 -9999 -9999 -9999 -9999 -9999 -9999 -9999 -9999 -9999 -9999 -9999 -9999 -9999 -9999 -9999 -9999
54.19 58.34 85.79 95.46 99.92 97.69 89.01 63.92 66.23 62.77 50.83 47.27 46.06 42.94 47.82 56.03 57.27 47.06 40.69 46.19 51.76 67.11 63.78 48.85 51.86 49.41 55.09 55.30 43.26 -9999 -9999 -9999 -9999 -9999 -9999 -9999 -9999 -9999 -9999 -9999 -9999 -9999 -9999 -9999 -9999 -9999 -9999 -9999 -9999 -9999 -9999 -9999 -9999 -9999 -9999 -9999 -9999 -9999 -9999 -9999 -9999 -9999 -9999 -9999 -9999 -9999 -9999 -9999 -9999 -9999 -9999 -9999 -9999 -9999 -9999 -9999 -9999
-9999 66.34 86.98 95.78 87.80 88.05 83.97 64.99 50.03 51.30 50.03 49.64 55.84 52.78 64.94 69.03 71.82 72.07 58.39 42.17 37.90 45.54 44.88 41.64 43.37 46.56 44.14 -9999 -9999 -9999 -9999 -9999 34.78 31.93 42.77 43.78 -9999 -9999 -9999 -9999 -9999 -9999 -9999 -9999 -9999 -9999 -9999 -9999 -9999 -9999 -9999 -9999 -9999 -9999 -9999 -9999 -9999 -9999 -9999 -9999 -9999 -9999 -9999 -9999 -9999 -9999 -9999 -9999 -9999 -9999 -9999 -9999 -9999 -9999 -9999 -9999 -9999
-9999 69.06 84.42 82.12 74.75 92.68 73.26 72.46 54.03 57.03 54.41 48.99 54.10 41.62 43.93 47.90 55.58 58.83 59.43 57.91 58.46 55.07 46.38 46.00 46.58 48.42 45.32 50.26 43.67 -9999 -9999 38.03 35.84 43.38 48.93 54.90 54.33 58.03 -9999 -9999 -9999 -9999 -9999 -9999 -9999 -9999 -9999 -9999 -9999 -9999 -9999 -9999 -9999 -9999 -9999 -9999 -9999 -9999 -9999 -9999 -9999 -9999 -9999 -9999 -9999 -9999 -9999 -9999 -9999 -9999 -9999 -9999 -9999 -9999 -9999 -9999 -9999
62.44 66.88 57.80 70.32 72.54 77.71 73.80 70.25 68.83 64.62 60.61 45.83 40.78 40.37 40.89 45.47 53.53 59.78 58.28 61.86 67.68 54.78 51.91 45.85 41.11 45.62 44.80 49.16 55.16 47.63 44.81 44.15 40.84 50.14 70.28 75.22 69.91 90.11 54.25 -9999 -9999 -9999 -9999 -9999 -9999 -9999 -9999 -9999 -9999 -9999 -9999 -9999 -9999 -9999 -9999 -9999 -9999 -9999 -9999 -9999 -9999 -9999 -9999 -9999 -9999 -9999 -9999 -9999 -9999 -9999 -9999 -9999 -9999 -9999 -9999 -9999 -9999
65.35 58.41 66.29 62.57 56.72 66.14 -9999 83.70 90.45 81.48 59.65 48.21 40.94 39.03 37.37 44.15 51.43 51.78 49.55 46.51 58.23 48.79 54.75 33.15 38.33 47.07 50.15 76.64 66.87 57.01 49.35 44.17 41.36 36.81 81.68 88.37 82.93 78.70 73.43 74.90 68.46 38.81 -9999 -9999 -9999 -9999 -9999 -9999 -9999 -9999 -9999 -9999 -9999 -9999 -9999 -9999 -9999 -9999 -9999 -9999 -9999 -9999 -9999 -9999 -9999 -9999 -9999 -9999 -9999 -9999 -9999 -9999 -9999 -9999 -9999 -9999 -9999
63.99 49.96 -9999 50.62 48.59 58.87 -9999 70.24 99.46 80.21 64.93 52.69 46.71 37.92 32.89 44.18 56.45 59.39 54.97 53.13 58.12 59.98 50.45 58.10 51.57 48.29 60.15 54.02 46.87 37.85 48.50 43.39 49.80 65.62 94.43 92.76 89.12 67.17 63.77 83.61 59.57 56.76 -9999 -9999 -9999 -9999 -9999 -9999 -9999 -9999 -9999 -9999 -9999 -9999 -9999 -9999 -9999 -9999 -9999 -9999 -9999 -9999 -9999 -9999 -9999 -9999 -9999 -9999 -9999 -9999 -9999 -9999 -9999 -9999 -9999 -9999 -9999
53.59 44.42 -9999 -9999 47.71 46.89 51.00 62.05 68.28 63.13 52.56 55.36 51.91 45.32 40.03 58.12 71.22 59.22 62.73 54.87 54.73 58.76 62.71 50.29 49.25 50.48 51.92 46.68 47.82 41.31 46.18 56.42 70.10 71.57 84.03 93.15 87.22 79.18 55.55 61.71 62.78 56.41 54.32 -9999 -9999 -9999 -9999 -9999 -9999 -9999 -9999 -9999 -9999 -9999 -9999 -9999 -9999 -9999 -9999 -9999 -9999 -9999 -9999 -9999 -9999 -9999 -9999 -9999 -9999 -9999 -9999 -9999 -9999 -9999 -9999 -9999 -9999
-9999 -9999 -9999 -9999 -9999 42.92 38.85 52.17 58.88 51.37 41.41 42.85 47.89 51.10 53.46 66.71 77.59 66.45 53.37 43.81 40.80 47.35 52.99 50.60 51.06 51.88 49.01 47.46 42.26 55.42 60.42 55.56 61.16 49.61 39.40 59.84 77.39 74.80 52.81 51.80 56.60 64.95 51.77 -9999 -9999 -9999 -9999 -9999 -9999 -9999 -9999 -9999 -9999 -9999 -9999 -9999 -9999 -9999 -9999 -9999 -9999 -9999 -9999 -9999 -9999 -9999 -9999 -9999 -9999 -9999 -9999 -9999 -9999 -9999 -9999 -9999 -9999
65.09 64.07 66.04 -9999 -9999 -9999 37.67 45.51 49.07 44.77 36.85 33.94 45.25 52.27 54.00 60.35 63.60 60.08 38.68 32.37 34.38 35.60 33.90 42.71 38.90 43.84 55.76 49.88 58.20 68.91 71.13 62.03 59.35 37.90 36.83 43.84 62.68 60.73 48.09 67.27 56.91 58.22 61.34 61.94 -9999 -9999 -9999 -9999 -9999 -9999 -9999 -9999 -9999 -9999 -9999 -9999 -9999 -9999 -9999 -9999 -9999 -9999 -9999 -9999 -9999 -9999 -9999 -9999 -9999 -9999 -9999 -9999 -9999 -9999 -9999 -9999 -9999
68.39 71.65 97.27 89.22 -9999 -9999 -9999 36.31 38.88 39.76 38.75 40.74 39.35 43.14 42.74 46.54 45.82 42.55 29.69 31.40 30.01 28.71 27.59 40.07 36.31 41.32 34.17 43.29 45.63 51.86 62.84 57.84 47.30 46.41 47.57 47.56 48.26 60.75 60.70 54.99 52.10 57.99 66.37 58.66 55.22 -9999 -9999 -9999 -9999 -9999 -9999 -9999 -9999 -9999 -9999 -9999 -9999 -9999 -9999 -9999 -9999 -9999 -9999 -9999 -9999 -9999 -9999 -9999 -9999 -9999 -9999 -9999 -9999 -9999 -9999 -9999 -9999
48.36 62.63 100.08 87.16 -9999 -9999 -9999 -9999 -9999 38.21 36.76 34.63 37.34 37.28 39.86 36.74 46.09 49.24 40.76 34.25 27.80 26.08 27.07 31.85 24.66 33.33 28.71 32.30 40.50 46.39 42.84 41.26 34.06 50.83 46.10 48.76 50.63 49.51 69.47 51.28 55.47 60.01 73.94 67.98 59.01 47.90 -9999 -9999 -9999 -9999 -9999 -9999 -9999 -9999 -9999 -9999 -9999 -9999 -9999 -9999 -9999 -9999 -9999 -9999 -9999 -9999 -9999 -9999 -9999 -9999 -9999 -9999 -9999 -9999 -9999 -9999 -9999
51.50 52.17 88.18 78.00 -9999 -9999 -9999 -9999 -9999 39.25 35.48 37.70 33.54 37.53 36.27 38.79 45.65 47.29 45.60 37.99 36.34 32.71 33.18 37.81 41.62 33.97 47.68 36.93 48.91 42.25 59.92 55.48 40.52 60.79 48.78 40.37 43.97 47.86 62.36 70.75 55.60 58.39 61.53 62.80 61.30 51.72 53.24 43.71 -9999 -9999 -9999 -9999 -9999 -9999 -9999 -9999 -9999 -9999 -9999 -9999 -9999 -9999 -9999 -9999 -9999 -9999 -9999 -9999 -9999 -9999 -9999 -9999 -9999 -9999 -9999 -9999 -9999
-9999 59.51 69.90 62.96 -9999 -9999 -9999 -9999 -9999 30.67 31.48 32.40 29.87 31.17 30.75 34.16 40.55 41.51 46.40 39.63 35.66 39.58 44.21 55.59 53.91 45.30 56.88 52.02 37.80 36.54 57.94 42.00 41.13 45.80 41.43 37.36 39.21 43.19 47.39 56.03 65.10 68.24 59.81 62.83 58.93 60.87 55.01 47.96 -9999 -9999 -9999 -9999 -9999 -9999 -9999 -9999 -9999 -9999 -9999 -9999 -9999 -9999 -9999 -9999 -9999 -9999 -9999 -9999 -9999 -9999 -9999 -9999 -9999 -9999 -9999 -9999 -9999
-9999 50.87 53.91 54.00 -9999 -9999 -9999 -9999 -9999 23.31 27.35 29.35 29.85 30.61 31.72 37.16 45.38 48.73 41.03 39.77 37.04 38.21 37.41 46.36 49.07 56.00 53.58 45.71 42.17 38.82 40.16 49.71 39.28 39.70 40.24 30.47 34.17 44.37 53.61 56.31 73.89 72.51 78.79 62.26 67.66 70.78 66.73 55.03 -9999 -9999 -9999 -9999 -9999 -9999 -9999 -9999 -9999 -9999 -9999 -9999 -9999 -9999 -9999 -9999 -9999 -9999 -9999 -9999 -9999 -9999 -9999 -9999 -9999 -9999 -9999 -9999 -9999
-9999 -9999 -9999 -9999 -9999 -9999 -9999 -9999 23.56 20.92 25.50 31.54 30.97 32.98 33.97 37.11 38.63 45.45 41.33 35.90 47.33 45.41 42.91 47.58 54.07 58.31 56.77 43.30 45.87 45.57 47.12 42.67 38.90 30.59 30.98 37.79 33.44 41.89 51.53 71.28 69.29 86.70 82.62 64.61 63.94 67.15 67.53 54.42 -9999 -9999 -9999 -9999 -9999 -9999 -9999 -9999 -9999 -9999 -9999 -9999 -9999 -9999 -9999 -9999 -9999 -9999 -9999 -9999 -9999 -9999 -9999 -9999 -9999 -9999 -9999 -9999 -9999
-9999 -9999 -9999 -9999 -9999 -9999 -9999 -9999 24.60 23.23 28.81 37.11 40.55 41.78 48.58 43.22 40.73 36.54 40.11 37.50 36.13 49.02 33.07 37.00 35.96 56.78 48.19 45.84 41.75 44.96 40.87 34.25 32.30 36.15 37.20 34.48 34.31 41.35 50.96 54.69 54.13 75.57 75.41 59.28 56.01 59.72 71.58 52.11 -9999 -9999 -9999 -9999 -9999 -9999 -9999 -9999 -9999 -9999 -9999 -9999 -9999 -9999 -9999 -9999 -9999 -9999 -9999 -9999 -9999 -9999 -9999 -9999 -9999 -9999 -9999 -9999 -9999
-9999 -9999 -9999 -9999 -9999 -9999 -9999 18.99 24.30 27.90 34.29 40.21 39.11 48.11 57.91 55.14 50.77 47.70 38.95 38.56 40.83 40.57 29.06 37.01 34.62 44.78 61.16 56.76 56.99 49.87 41.88 34.87 35.27 39.75 40.86 39.67 45.47 50.54 54.40 52.53 54.83 46.63 58.28 56.44 68.83 74.30 64.32 46.80 -9999 -9999 -9999 -9999 -9999 -9999 -9999 -9999 -9999 -9999 -9999 -9999 -9999 -9999 -9999 -9999 -9999 -9999 -9999 -9999 -9999 -9999 -9999 -9999 -9999 -9999 -9999 -9999 -9999
-9999 -9999 -9999 -9999 -9999 -9999 -9999 26.57 28.17 38.54 38.23 42.74 39.18 50.75 56.06 70.66 60.21 49.35 41.13 41.53 37.24 47.45 42.93 39.63 39.41 44.26 66.02 64.54 61.43 56.21 42.13 43.12 45.00 44.32 51.84 52.16 57.42 41.37 44.55 41.04 50.48 61.51 67.40 53.97 58.92 56.94 57.46 41.95 48.40 -9999 -9999 -9999 -9999 -9999 -9999 -9999 -9999 -9999 -9999 -9999 -9999 -9999 -9999 -9999 -9999 -9999 -9999 -9999 -9999 -9999 -9999 -9999 -9999 -9999 -9999 -9999 -9999
-9999 -9999 -9999 -9999 -9999 -9999 22.42 32.51 42.99 48.06 51.02 44.89 40.45 49.63 59.03 62.54 59.87 52.11 45.13 36.97 25.35 28.00 40.23 42.84 40.14 44.72 66.62 68.93 59.77 53.65 53.60 40.01 39.87 42.28 42.28 52.75 49.06 52.73 49.06 27.58 43.97 73.06 75.84 65.64 51.53 49.91 47.06 42.75 42.37 -9999 -9999 -9999 -9999 -9999 -9999 -9999 -9999 -9999 -9999 -9999 -9999 -9999 -9999 -9999 -9999 -9999 -9999 -9999 -9999 -9999 -9999 -9999 -9999 -9999 -9999 -9999 -9999
-9999 -9999 -9999 -9999 -9999 -9999 37.76 45.52 58.32 65.47 61.86 61.26 54.72 66.60 58.33 55.25 52.37 52.20 48.03 36.00 31.14 35.27 41.41 43.96 33.06 35.88 39.16 50.55 52.22 54.33 39.22 45.44 44.73 41.63 49.20 36.28 45.33 50.33 50.93 52.41 47.88 55.86 57.61 58.34 51.83 54.42 44.27 46.19 51.82 -9999 -9999 -9999 -9999 -9999 -9999 -9999 -9999 -9999 -9999 -9999 -9999 -9999 -9999 -9999 -9999 -9999 -9999 -9999 -9999 -9999 -9999 -9999 -9999 -9999 -9999 -9999 -9999
-9999 -9999 -9999 -9999 -9999 74.02 69.76 66.96 75.81 62.59 54.73 80.24 70.96 75.52 60.41 49.13 46.42 47.36 49.01 42.41 41.10 48.30 41.00 31.33 22.08 37.44 36.67 43.92 50.07 39.40 32.48 47.35 47.70 46.01 49.92 38.97 45.49 37.78 43.65 51.52 52.76 54.19 54.16 49.97 47.79 50.45 61.80 57.17 54.79 -9999 -9999 -9999 -9999 -9999 -9999 -9999 -9999 -9999 -9999 -9999 -9999 -9999 -9999 -9999 -9999 -9999 -9999 -9999 -9999 -9999 -9999 -9999 -9999 -9999 -9999 -9999 -9999
-9999 -9999 -9999 -9999 66.29 78.37 89.48 81.04 82.15 89.06 75.88 80.86 75.34 82.07 53.75 39.16 43.31 49.58 47.58 47.93 48.31 43.26 36.26 33.64 28.12 26.95 36.51 40.11 39.45 34.85 31.45 40.26 39.99 42.43 48.45 46.87 51.11 41.02 36.75 44.10 44.00 39.80 39.73 46.86 42.75 45.58 63.48 53.41 55.79 54.23 -9999 -9999 -9999 -9999 -9999 -9999 -9999 -9999 -9999 -9999 -9999 -9999 -9999 -9999 -9999 -9999 -9999 -9999 -9999 -9999 -9999 -9999 -9999 -9999 -9999 -9999 -9999
-9999 -9999 -9999 -9999 79.02 96.89 89.62 94.37 92.79 75.44 62.92 91.02 87.05 76.97 59.29 42.72 48.84 55.48 49.07 59.58 47.40 39.86 32.26 30.74 32.37 29.60 38.51 37.33 33.27 32.27 26.14 29.59 41.97 34.28 38.16 45.74 43.33 44.24 41.90 49.18 54.20 33.17 27.86 38.67 38.54 38.22 33.73 23.40 52.07 50.28 -9999 -9999 -9999 -9999 -9999 -9999 -9999 -9999 -9999 -9999 -9999 -9999 -9999 -9999 -9999 -9999 -9999 -9999 -9999 -9999 -9999 -9999 -9999 -9999 -9999 -9999 -9999
-9999 -9999 68.89 73.75 85.25 85.64 87.40 103.17 104.63 59.56 40.39 73.02 68.97 76.56 67.45 58.24 53.81 56.48 54.00 48.42 43.99 36.54 27.72 34.19 35.88 37.29 38.81 34.26 29.52 28.33 26.00 29.06 32.58 32.50 39.73 53.73 45.82 41.22 45.07 45.93 48.17 32.76 30.35 27.67 32.05 45.30 42.85 33.27 43.30 53.78 -9999 -9999 -9999 -9999 -9999 -9999 -9999 -9999 -9999 -9999 -9999 -9999 -9999 -9999 -9999 -9999 -9999 -9999 -9999 -9999 -9999 -9999 -9999 -9999 -9999 -9999 -9999
