Rainfall_2007-2011/Rainfall_2009-01_ACTUAL.txt
ncols         180
nrows         290
xllcorner     -200000
yllcorner     -200000
cellsize      5000
NODATA_value  -9999
[rows 132 to 164 of 290, columns 76 to 151 of 180]
-9999 -9999 -9999 -9999 -9999 -9999 197.00 186.21 190.03 224.95 227.47 228.76 321.05 333.90 392.19 275.55 258.83 265.10 276.45 284.07 230.53 200.79 225.42 207.39 174.01 142.35 157.71 173.59 193.13 247.23 237.82 207.01 219.54 199.50 191.60 193.87 159.09 219.98 182.81 132.61 117.97 95.10 76.03 72.45 51.70 49.08 51.87 48.28 42.85 37.38 -9999 -9999 -9999 -9999 -9999 -9999 -9999 -9999 -9999 -9999 -9999 -9999 -9999 -9999 -9999 -9999 -9999 -9999 -9999 -9999 -9999 -9999 -9999 -9999 -9999 -9999
-9999 -9999 -9999 -9999 -9999 191.17 215.31 219.97 213.18 222.75 207.35 221.49 290.72 318.64 379.14 292.16 228.92 240.33 264.46 248.65 238.77 230.44 207.84 188.40 182.33 157.34 141.79 172.47 185.26 204.58 195.42 188.84 167.43 154.22 162.81 184.66 169.50 194.72 165.42 141.80 104.78 67.55 53.89 49.21 46.46 42.69 42.84 47.42 38.30 35.26 34.76 -9999 -9999 -9999 -9999 -9999 -9999 -9999 -9999 -9999 -9999 -9999 -9999 -9999 -9999 -9999 -9999 -9999 -9999 -9999 -9999 -9999 -9999 -9999 -9999 -9999
-9999 -9999 -9999 -9999 -9999 194.18 196.99 189.36 207.32 219.82 223.34 230.84 332.63 322.36 326.56 343.17 264.06 247.04 252.75 231.80 282.18 226.40 202.44 209.75 172.56 161.65 136.79 163.30 156.89 180.22 168.57 120.24 117.45 119.81 134.80 161.19 147.79 149.96 151.24 115.54 74.53 57.21 43.55 32.17 41.16 40.25 35.01 32.98 30.66 31.90 29.93 -9999 -9999 -9999 -9999 -9999 -9999 -9999 -9999 -9999 -9999 -9999 -9999 -9999 -9999 -9999 -9999 -9999 -9999 -9999 -9999 -9999 -9999 -9999 -9999 -9999
-9999 -9999 -9999 130.64 148.20 176.26 175.84 181.05 204.26 221.34 214.98 206.23 279.42 261.04 333.33 318.18 284.49 237.18 236.45 228.42 216.30 208.20 201.48 172.35 177.80 148.29 124.72 133.43 132.33 142.78 121.24 99.16 101.91 98.84 111.80 136.84 130.16 124.47 119.50 100.27 67.41 55.50 44.65 32.29 29.17 30.85 30.64 31.16 30.62 29.72 26.62 -9999 -9999 -9999 -9999 -9999 -9999 -9999 -9999 -9999 -9999 -9999 -9999 -9999 -9999 -9999 -9999 -9999 -9999 -9999 -9999 -9999 -9999 -9999 -9999 -9999
-9999 -9999 -9999 118.97 126.33 129.43 156.50 162.24 187.34 190.58 173.84 185.78 199.45 236.22 337.45 283.30 253.70 212.61 203.27 180.50 185.20 184.22 207.65 192.02 193.31 137.03 115.33 115.27 112.20 102.19 85.34 81.03 79.50 89.35 81.40 83.14 96.28 90.05 82.54 71.68 60.98 38.24 40.26 45.04 36.22 34.38 31.22 33.34 25.65 28.89 25.95 27.75 -9999 -9999 -9999 -9999 -9999 -9999 -9999 -9999 -9999 -9999 -9999 -9999 -9999 -9999 -9999 -9999 -9999 -9999 -9999 -9999 -9999 -9999 -9999 -9999
-9999 -9999 -9999 109.76 114.78 106.51 120.80 116.35 147.61 166.28 151.47 161.90 168.65 204.08 257.19 239.86 208.55 182.99 179.03 165.12 185.66 183.14 220.73 187.37 -9999 -9999 -9999 101.53 103.22 -9999 77.50 72.72 73.01 77.37 69.90 77.46 94.20 77.82 67.02 74.34 59.35 46.58 47.13 34.77 31.27 39.23 34.78 40.80 29.36 28.27 26.07 28.88 -9999 -9999 -9999 -9999 -9999 -9999 -9999 -9999 -9999 -9999 -9999 -9999 -9999 -9999 -9999 -9999 -9999 -9999 -9999 -9999 -9999 -9999 -9999 -9999
-9999 -9999 -9999 96.18 110.84 93.17 91.47 102.16 127.33 151.87 150.57 150.31 173.54 184.03 236.80 203.79 197.48 172.17 171.27 182.91 166.20 143.56 142.50 149.26 -9999 -9999 -9999 93.81 97.23 92.21 74.73 69.39 70.98 72.87 73.40 89.98 111.90 83.57 82.88 75.78 55.00 64.34 58.08 48.24 41.46 51.82 42.88 40.20 43.17 38.47 28.86 27.64 -9999 -9999 -9999 -9999 -9999 -9999 -9999 -9999 -9999 -9999 -9999 -9999 -9999 -9999 -9999 -9999 -9999 -9999 -9999 -9999 -9999 -9999 -9999 -9999
-9999 -9999 -9999 -9999 95.71 89.38 81.33 -9999 121.66 139.56 139.36 146.72 166.18 -9999 172.03 153.00 170.28 162.64 152.72 148.35 139.48 116.70 -9999 -9999 -9999 -9999 83.82 77.89 88.10 72.29 65.09 63.21 65.59 72.84 82.35 103.22 122.96 88.40 117.65 93.83 84.46 79.45 60.07 65.27 52.78 53.29 54.49 41.31 39.60 36.86 31.58 29.98 29.15 -9999 -9999 -9999 -9999 -9999 -9999 -9999 -9999 -9999 -9999 -9999 -9999 -9999 -9999 -9999 -9999 -9999 -9999 -9999 -9999 -9999 -9999 -9999
-9999 -9999 -9999 -9999 -9999 82.51 -9999 -9999 -9999 113.28 105.94 124.13 151.89 145.31 -9999 -9999 127.18 144.64 139.56 149.65 -9999 -9999 -9999 -9999 -9999 85.96 93.74 94.37 94.29 81.04 74.51 76.34 78.67 88.24 92.89 102.50 112.22 133.05 122.95 123.05 116.99 130.95 89.40 80.75 79.37 71.58 52.29 52.04 46.84 36.42 36.02 36.18 35.25 -9999 -9999 -9999 -9999 -9999 -9999 -9999 -9999 -9999 -9999 -9999 -9999 -9999 -9999 -9999 -9999 -9999 -9999 -9999 -9999 -9999 -9999 -9999
-9999 -9999 -9999 -9999 -9999 75.02 69.78 -9999 -9999 -9999 92.31 109.47 147.59 151.08 -9999 -9999 -9999 -9999 129.75 -9999 -9999 -9999 -9999 -9999 -9999 88.79 103.16 119.67 115.55 108.99 112.24 99.82 86.01 85.85 107.17 90.81 96.74 102.83 127.02 192.96 151.52 139.81 92.97 90.70 90.42 76.40 53.93 54.76 41.27 35.63 35.18 36.42 29.10 -9999 -9999 -9999 -9999 -9999 -9999 -9999 -9999 -9999 -9999 -9999 -9999 -9999 -9999 -9999 -9999 -9999 -9999 -9999 -9999 -9999 -9999 -9999
-9999 -9999 -9999 -9999 -9999 -9999 78.77 -9999 -9999 -9999 -9999 110.96 133.20 121.90 -9999 -9999 -9999 -9999 -9999 -9999 -9999 -9999 -9999 -9999 105.03 92.01 122.08 119.18 148.84 162.80 155.18 143.42 123.19 111.56 100.94 116.67 131.78 157.61 166.11 169.83 169.54 125.85 94.95 94.59 75.56 61.63 63.82 58.78 43.85 39.80 35.59 38.67 34.60 30.82 -9999 -9999 -9999 -9999 -9999 -9999 -9999 -9999 -9999 -9999 -9999 -9999 -9999 -9999 -9999 -9999 -9999 -9999 -9999 -9999 -9999 -9999
-9999 -9999 -9999 -9999 -9999 -9999 92.02 -9999 -9999 -9999 -9999 -9999 -9999 -9999 -9999 -9999 -9999 -9999 -9999 -9999 -9999 -9999 -9999 -9999 106.85 102.27 120.01 129.20 128.42 210.03 223.32 190.38 168.07 126.35 119.08 87.62 89.91 151.37 166.78 206.68 130.68 154.95 152.46 138.17 108.44 84.13 56.45 49.80 46.94 50.65 44.32 39.71 36.32 34.69 30.37 -9999 -9999 -9999 -9999 -9999 -9999 -9999 -9999 -9999 -9999 -9999 -9999 -9999 -9999 -9999 -9999 -9999 -9999 -9999 -9999 -9999
-9999 -9999 -9999 -9999 -9999 -9999 -9999 -9999 -9999 -9999 -9999 -9999 -9999 -9999 -9999 -9999 -9999 -9999 -9999 -9999 -9999 -9999 -9999 104.75 108.13 129.10 157.06 209.55 210.37 316.68 280.85 187.49 154.29 169.16 126.56 107.82 95.12 137.41 224.23 193.88 157.51 129.30 122.39 112.74 85.12 64.04 55.50 41.81 40.41 37.62 28.83 34.53 36.68 32.08 28.94 -9999 -9999 -9999 -9999 -9999 -9999 -9999 -9999 -9999 -9999 -9999 -9999 -9999 -9999 -9999 -9999 -9999 -9999 -9999 -9999 -9999
-9999 -9999 -9999 -9999 -9999 -9999 -9999 -9999 -9999 -9999 -9999 -9999 -9999 -9999 -9999 -9999 -9999 -9999 -9999 -9999 -9999 -9999 -9999 116.64 115.01 166.71 206.38 296.58 316.85 266.76 307.95 329.34 253.67 234.86 174.82 162.62 131.36 142.90 158.58 217.65 167.08 141.51 101.92 97.93 64.02 51.40 45.65 39.41 38.91 35.29 41.30 33.89 36.18 32.88 32.14 32.07 29.38 28.49 -9999 -9999 -9999 -9999 -9999 -9999 -9999 -9999 -9999 -9999 -9999 -9999 -9999 -9999 -9999 -9999 -9999 -9999
-9999 -9999 -9999 -9999 -9999 -9999 -9999 -9999 -9999 -9999 -9999 -9999 -9999 -9999 -9999 -9999 -9999 -9999 -9999 -9999 -9999 -9999 -9999 114.65 133.94 206.11 238.70 405.07 408.59 435.79 490.81 458.48 378.06 378.54 308.52 250.73 175.08 126.33 107.60 147.17 123.36 138.46 119.81 91.34 67.21 58.84 51.00 45.27 42.46 41.85 34.89 34.72 37.56 35.87 34.69 55.77 48.67 60.44 43.29 47.97 -9999 -9999 -9999 -9999 -9999 -9999 -9999 -9999 -9999 -9999 -9999 -9999 -9999 -9999 -9999 -9999
-9999 -9999 -9999 -9999 -9999 -9999 -9999 -9999 -9999 -9999 -9999 -9999 -9999 -9999 -9999 -9999 -9999 -9999 -9999 -9999 -9999 -9999 -9999 104.40 169.10 258.98 340.52 390.06 530.51 470.29 490.46 523.33 524.60 439.69 416.06 307.57 246.40 205.97 181.89 140.23 124.74 142.79 100.24 99.04 79.72 69.89 63.52 62.89 49.35 43.54 33.46 35.65 34.38 39.65 45.21 67.46 89.83 75.55 73.26 66.45 57.67 43.99 -9999 -9999 -9999 -9999 -9999 -9999 -9999 -9999 -9999 -9999 -9999 -9999 -9999 -9999
-9999 -9999 -9999 -9999 -9999 -9999 -9999 -9999 -9999 -9999 -9999 -9999 -9999 -9999 -9999 -9999 -9999 -9999 -9999 -9999 -9999 -9999 -9999 115.06 144.58 186.73 252.83 258.97 505.86 556.71 451.50 454.70 415.12 458.98 419.67 331.93 305.53 252.57 215.71 176.18 212.78 188.59 181.92 143.33 116.88 95.26 75.35 70.13 52.73 47.56 45.05 42.53 42.29 45.22 54.29 76.29 94.85 60.05 85.44 69.02 65.90 52.09 55.20 -9999 -9999 -9999 -9999 -9999 -9999 -9999 -9999 -9999 -9999 -9999 -9999 -9999
-9999 -9999 -9999 -9999 -9999 -9999 -9999 -9999 -9999 -9999 -9999 151.82 131.33 113.39 -9999 -9999 -9999 -9999 -9999 -9999 -9999 -9999 -9999 -9999 124.42 129.11 176.59 286.27 323.76 413.29 369.26 307.28 366.44 353.25 302.73 283.55 275.60 290.46 220.97 208.86 214.48 185.56 202.92 158.38 119.77 97.70 86.68 66.12 54.60 50.62 45.58 48.39 49.16 61.72 97.34 84.14 111.24 103.09 100.02 90.06 65.54 68.12 57.28 42.39 -9999 -9999 -9999 -9999 -9999 -9999 -9999 -9999 -9999 -9999 -9999 -9999
-9999 -9999 -9999 -9999 -9999 -9999 -9999 -9999 -9999 -9999 -9999 173.69 157.04 -9999 -9999 -9999 -9999 -9999 -9999 -9999 -9999 -9999 -9999 -9999 -9999 147.15 216.90 330.15 326.17 406.49 308.65 284.74 284.20 256.85 233.79 230.92 221.86 295.32 221.56 204.33 239.34 202.38 149.83 142.79 129.05 87.38 93.63 64.96 49.53 48.97 50.50 50.47 55.99 62.77 89.28 98.96 98.73 90.06 88.79 82.91 68.65 67.37 58.83 56.79 -9999 -9999 -9999 -9999 -9999 -9999 -9999 -9999 -9999 -9999 -9999 -9999
-9999 -9999 -9999 -9999 -9999 -9999 -9999 -9999 -9999 -9999 172.90 194.16 197.99 179.34 -9999 -9999 -9999 -9999 -9999 -9999 -9999 -9999 -9999 -9999 -9999 138.19 197.40 261.26 270.89 216.49 268.53 238.72 230.02 217.51 187.39 179.55 193.52 200.06 254.46 221.78 212.90 190.64 185.55 177.58 128.11 117.03 87.15 55.98 45.14 49.46 58.03 54.09 62.41 68.52 72.57 89.40 98.50 90.89 85.55 69.14 66.08 67.50 51.08 56.27 40.00 -9999 -9999 -9999 -9999 -9999 -9999 -9999 -9999 -9999 -9999 -9999
-9999 -9999 -9999 -9999 -9999 -9999 -9999 -9999 -9999 162.43 219.97 230.67 259.38 174.52 -9999 -9999 -9999 -9999 -9999 -9999 -9999 -9999 -9999 -9999 -9999 143.99 152.00 168.76 193.24 233.38 186.82 218.92 229.73 174.18 172.45 178.55 170.37 235.96 246.13 262.57 226.42 228.46 189.94 158.46 111.12 114.40 85.50 58.32 54.26 49.34 47.65 52.67 53.72 63.80 73.91 76.78 73.44 69.07 60.69 61.16 62.85 65.24 39.27 45.84 40.67 -9999 -9999 -9999 -9999 -9999 -9999 -9999 -9999 -9999 -9999 -9999
-9999 -9999 -9999 -9999 -9999 -9999 -9999 -9999 132.10 150.37 230.73 200.36 152.82 -9999 -9999 -9999 -9999 -9999 -9999 -9999 -9999 -9999 -9999 -9999 -9999 -9999 139.18 135.15 153.21 207.43 179.80 163.11 139.09 141.06 131.37 163.43 139.55 168.58 199.77 216.23 277.50 219.62 228.94 204.94 158.47 130.84 109.46 88.48 60.99 54.06 56.27 43.86 44.01 48.01 62.82 65.79 59.61 52.53 49.74 39.94 45.86 46.59 47.75 45.15 44.93 41.98 38.54 -9999 -9999 -9999 -9999 -9999 -9999 -9999 -9999 -9999
-9999 -9999 -9999 -9999 -9999 -9999 -9999 -9999 154.09 188.03 168.93 143.30 135.38 -9999 -9999 -9999 -9999 -9999 -9999 -9999 -9999 -9999 -9999 -9999 -9999 -9999 -9999 134.75 110.20 123.58 123.59 129.35 112.78 118.50 123.14 144.58 115.52 146.71 138.23 203.27 206.27 195.50 177.33 186.68 149.75 98.43 111.60 94.73 74.51 56.76 49.35 42.57 39.97 47.59 48.74 49.28 50.93 51.33 46.44 44.71 43.30 46.50 50.10 51.29 56.50 51.81 44.61 -9999 -9999 -9999 -9999 -9999 -9999 -9999 -9999 -9999
-9999 -9999 -9999 -9999 -9999 -9999 -9999 -9999 140.41 151.04 178.79 143.61 -9999 -9999 -9999 -9999 -9999 -9999 -9999 -9999 -9999 -9999 -9999 -9999 -9999 -9999 -9999 102.24 122.98 128.21 -9999 116.55 -9999 100.49 102.55 113.81 106.56 112.84 114.11 128.76 169.01 209.88 157.98 156.60 158.21 127.27 116.07 88.45 81.51 62.34 53.77 44.51 40.46 44.23 48.16 51.91 57.38 49.75 58.85 54.91 45.90 50.05 57.74 52.77 50.69 43.60 38.11 33.94 33.96 -9999 -9999 -9999 -9999 -9999 -9999 -9999
-9999 -9999 -9999 -9999 -9999 -9999 -9999 124.84 127.04 111.13 -9999 -9999 -9999 -9999 -9999 -9999 -9999 -9999 -9999 -9999 -9999 -9999 -9999 -9999 -9999 -9999 -9999 99.45 104.49 110.54 -9999 -9999 -9999 97.32 115.94 104.37 120.04 117.16 154.79 122.93 122.46 156.55 159.86 131.75 131.07 119.69 114.77 98.48 79.53 63.45 50.48 42.82 40.62 39.36 40.81 49.57 54.57 53.88 64.00 62.24 62.68 55.39 61.43 61.41 56.43 39.78 29.07 28.22 31.05 -9999 -9999 -9999 -9999 -9999 -9999 -9999
-9999 -9999 -9999 -9999 -9999 -9999 -9999 -9999 -9999 -9999 -9999 -9999 -9999 -9999 -9999 -9999 -9999 -9999 -9999 -9999 -9999 -9999 -9999 -9999 -9999 -9999 -9999 -9999 -9999 -9999 -9999 -9999 98.28 99.11 111.03 138.34 150.94 188.78 178.89 133.43 131.04 143.44 117.68 108.60 90.52 93.47 89.73 82.51 68.35 55.22 48.38 43.97 43.78 44.76 43.02 47.68 54.53 56.59 59.46 67.13 82.56 61.87 62.95 54.39 48.20 43.05 42.55 36.81 -9999 -9999 -9999 -9999 -9999 -9999 -9999 -9999
-9999 -9999 -9999 -9999 -9999 -9999 -9999 -9999 -9999 -9999 -9999 -9999 -9999 -9999 -9999 -9999 -9999 -9999 -9999 -9999 -9999 -9999 -9999 -9999 -9999 -9999 -9999 -9999 -9999 -9999 -9999 -9999 94.53 92.58 96.56 158.35 207.13 222.27 174.86 140.53 101.60 108.75 87.42 89.32 88.59 88.33 70.78 73.81 70.21 54.77 48.99 44.09 44.42 43.19 43.02 45.43 49.15 53.87 58.50 61.20 76.88 65.92 52.41 48.38 41.54 39.33 43.76 39.16 -9999 -9999 -9999 -9999 -9999 -9999 -9999 -9999
-9999 -9999 -9999 -9999 -9999 -9999 -9999 -9999 -9999 -9999 -9999 -9999 -9999 -9999 -9999 -9999 -9999 -9999 -9999 -9999 -9999 -9999 -9999 -9999 -9999 -9999 -9999 -9999 -9999 -9999 -9999 -9999 83.25 89.45 110.79 148.42 193.26 194.51 151.86 117.18 98.61 95.83 77.15 70.80 75.44 61.94 85.30 72.89 62.08 50.31 45.33 40.85 40.59 40.40 45.77 44.14 48.62 49.77 55.95 56.95 61.93 57.89 51.37 44.60 38.75 39.03 43.36 41.19 -9999 -9999 -9999 -9999 -9999 -9999 -9999 -9999
-9999 -9999 -9999 -9999 -9999 -9999 -9999 -9999 -9999 -9999 -9999 -9999 -9999 -9999 -9999 -9999 -9999 -9999 -9999 -9999 -9999 -9999 -9999 -9999 -9999 -9999 -9999 -9999 -9999 -9999 77.66 87.35 84.27 98.06 100.85 147.49 176.03 135.49 134.97 96.09 74.69 95.86 78.40 77.22 76.97 82.49 72.96 59.38 60.27 48.01 37.48 39.91 38.76 41.04 43.69 43.70 45.74 48.79 50.67 53.28 54.22 54.77 45.46 39.68 39.78 36.87 39.79 41.45 41.16 -9999 -9999 -9999 -9999 -9999 -9999 -9999
-9999 -9999 -9999 -9999 -9999 -9999 -9999 -9999 -9999 -9999 -9999 -9999 -9999 -9999 -9999 -9999 -9999 -9999 -9999 -9999 -9999 -9999 -9999 -9999 -9999 -9999 -9999 -9999 -9999 -9999 81.04 76.05 79.43 91.66 100.02 115.73 100.82 99.14 89.25 81.96 105.32 78.19 74.84 72.37 85.45 73.15 65.36 53.22 61.82 52.61 44.94 38.74 43.05 40.41 39.03 38.90 40.94 44.22 47.59 49.37 50.54 49.11 44.61 40.02 40.32 38.71 40.09 40.76 39.56 -9999 -9999 -9999 -9999 -9999 -9999 -9999
-9999 -9999 -9999 -9999 -9999 -9999 -9999 -9999 -9999 -9999 -9999 -9999 -9999 -9999 -9999 -9999 -9999 -9999 -9999 -9999 -9999 -9999 -9999 -9999 -9999 -9999 -9999 -9999 -9999 -9999 82.37 78.66 79.01 85.27 90.34 96.12 91.07 85.52 84.70 75.70 90.53 83.49 70.11 95.37 70.92 70.49 55.64 55.81 48.97 43.21 42.85 40.63 40.44 40.94 39.21 37.67 39.44 40.83 45.29 47.71 50.17 49.38 48.95 48.12 43.71 42.74 41.96 42.22 37.90 36.00 -9999 -9999 -9999 -9999 -9999 -9999
-9999 -9999 -9999 -9999 -9999 -9999 -9999 -9999 -9999 -9999 -9999 -9999 -9999 -9999 -9999 -9999 -9999 -9999 -9999 -9999 -9999 -9999 -9999 -9999 -9999 -9999 -9999 -9999 -9999 -9999 67.25 73.12 75.19 76.81 78.42 83.69 82.90 87.58 90.83 85.55 93.54 100.53 105.89 112.69 89.56 78.47 62.61 53.49 51.74 38.49 32.35 35.30 38.99 37.99 40.70 38.05 37.20 37.41 40.05 40.10 40.00 42.92 48.49 51.88 46.59 43.06 42.19 41.14 40.47 39.15 36.28 -9999 -9999 -9999 -9999 -9999
-9999 -9999 -9999 -9999 -9999 -9999 -9999 -9999 -9999 -9999 -9999 -9999 -9999 -9999 -9999 -9999 -9999 -9999 -9999 -9999 -9999 -9999 -9999 -9999 -9999 -9999 -9999 -9999 -9999 -9999 62.35 65.82 66.54 65.71 77.83 82.83 87.24 94.10 106.15 112.39 131.55 138.15 133.63 105.90 88.57 57.43 57.57 46.85 45.45 38.96 34.94 31.10 34.49 34.50 34.51 35.56 35.94 34.38 42.00 43.56 42.51 45.53 43.34 43.97 44.92 41.55 40.25 40.89 41.52 36.62 35.04 -9999 -9999 -9999 -9999 -9999
