Rainfall_2007-2011/Rainfall_2008-06_ACTUAL.txt
ncols         180
nrows         290
xllcorner     -200000
yllcorner     -200000
cellsize      5000
NODATA_value  -9999
[rows 170 to 203 of 290, columns 76 to 151 of 180]
-9999 -9999 -9999 -9999 -9999 -9999 -9999 -9999 -9999 -9999 -9999 -9999 -9999 -9999 -9999 -9999 -9999 -9999 -9999 -9999 -9999 -9999 -9999 -9999 -9999 -9999 -9999 -9999 -9999 -9999 85.90 91.97 91.84 98.03 103.84 92.52 91.95 91.86 83.29 81.01 83.64 80.90 88.04 85.15 77.23 93.38 110.00 102.77 93.85 77.81 65.13 51.88 51.47 43.56 46.83 45.58 50.19 54.53 53.40 57.68 51.29 63.78 66.80 65.25 62.07 61.81 62.02 55.81 62.19 55.21 49.40 51.63 55.60 -9999 -9999 -9999
-9999 -9999 -9999 -9999 -9999 -9999 -9999 -9999 -9999 -9999 125.89 115.59 107.13 122.81 -9999 -9999 -9999 -9999 -9999 -9999 -9999 -9999 -9999 -9999 -9999 -9999 -9999 -9999 -9999 83.20 97.15 85.68 85.21 105.45 86.73 81.27 85.41 79.74 74.30 65.83 77.12 77.05 76.07 77.84 89.80 73.70 89.78 83.78 90.67 82.00 53.05 54.12 41.29 48.38 45.13 40.98 47.13 58.06 51.50 54.83 52.37 53.86 62.56 59.65 58.72 56.07 57.91 59.26 57.00 59.38 55.52 55.94 58.76 59.12 -9999 -9999
-9999 -9999 -9999 -9999 -9999 -9999 -9999 -9999 -9999 -9999 128.63 128.99 115.35 112.02 -9999 -9999 -9999 -9999 -9999 -9999 -9999 -9999 -9999 -9999 -9999 -9999 -9999 -9999 85.20 79.28 82.57 79.28 79.02 76.88 73.39 70.31 73.33 76.68 83.13 79.60 74.54 66.77 70.11 59.62 64.13 71.22 95.63 78.50 67.98 52.54 62.09 50.86 38.13 41.28 43.13 37.92 36.61 51.43 60.81 51.22 45.47 47.18 50.91 57.30 64.24 68.52 53.85 57.20 58.01 57.26 66.11 64.30 61.74 58.17 -9999 -9999
-9999 -9999 -9999 -9999 -9999 -9999 -9999 -9999 103.81 114.01 114.34 132.43 118.01 123.58 115.71 88.17 107.08 -9999 -9999 68.09 70.71 -9999 -9999 -9999 67.69 80.48 86.09 -9999 65.42 78.61 72.12 66.11 69.06 70.51 70.76 69.66 73.01 79.08 82.73 76.21 63.57 55.74 55.80 68.37 60.62 68.48 83.21 60.56 60.52 66.49 51.74 54.28 43.04 39.74 38.41 33.48 32.35 41.12 56.82 51.61 41.46 48.53 47.90 55.25 61.54 68.86 56.62 56.86 55.40 53.26 59.79 59.23 57.58 53.51 57.56 -9999
-9999 -9999 -9999 -9999 -9999 -9999 -9999 -9999 -9999 117.16 121.32 131.22 137.97 135.05 128.18 122.09 111.97 -9999 82.63 77.42 85.80 78.54 84.77 71.59 56.32 74.73 77.85 63.64 -9999 49.71 52.20 60.15 63.78 63.12 59.48 57.51 52.62 65.23 58.49 65.77 60.26 62.32 58.55 62.08 67.74 76.18 72.29 61.80 69.49 59.58 51.04 45.61 42.60 37.56 29.01 29.34 28.84 39.29 45.69 54.58 47.32 49.38 52.53 63.98 64.00 67.16 60.93 54.29 55.62 57.06 59.89 58.61 57.06 55.64 65.73 -9999
-9999 -9999 -9999 -9999 -9999 -9999 -9999 -9999 -9999 -9999 119.83 118.84 132.18 129.40 124.22 113.60 124.49 141.16 167.89 87.85 99.93 100.89 94.06 66.70 60.15 47.71 60.19 60.15 56.62 45.51 43.94 56.36 66.38 58.02 57.98 53.38 46.50 43.67 42.92 52.97 55.12 59.20 48.13 67.85 86.04 82.11 64.99 59.00 55.53 52.27 49.36 47.65 43.26 37.80 32.86 35.41 36.87 38.66 44.90 44.35 44.15 48.41 55.08 57.93 58.67 58.61 56.89 49.60 46.63 51.78 56.72 54.51 59.98 59.55 67.76 70.99
-9999 -9999 -9999 -9999 -9999 -9999 -9999 -9999 -9999 -9999 -9999 106.64 105.40 126.05 128.99 155.15 175.80 232.74 174.68 94.40 106.71 93.00 93.46 78.08 53.67 44.08 57.29 52.69 54.07 49.05 47.44 50.25 46.34 50.94 51.98 53.55 35.23 34.65 43.63 49.95 51.55 49.58 52.63 61.54 65.52 62.00 62.84 62.87 50.14 51.18 59.14 46.73 44.19 43.31 39.47 37.00 38.49 40.20 41.45 41.43 46.11 48.68 49.81 55.63 53.78 51.29 50.17 50.83 50.89 54.67 61.08 53.69 56.04 61.91 67.25 68.67
-9999 -9999 -9999 -9999 -9999 -9999 -9999 -9999 -9999 -9999 -9999 -9999 106.53 110.36 164.58 185.62 224.75 260.59 201.70 151.70 142.78 92.61 106.79 95.93 67.95 54.22 49.37 60.63 49.70 45.91 46.07 45.32 44.51 45.45 39.92 45.44 37.57 34.18 39.51 42.94 42.91 43.72 48.10 53.39 53.39 56.32 54.54 59.36 56.27 38.21 52.90 48.64 47.90 48.40 44.06 41.42 40.88 36.93 40.02 37.70 54.08 45.88 48.75 55.51 49.91 46.13 49.70 58.38 60.56 59.18 56.89 57.04 60.31 64.08 70.67 69.42
-9999 -9999 -9999 -9999 -9999 -9999 -9999 -9999 -9999 -9999 -9999 -9999 104.74 116.16 177.09 238.67 325.92 295.46 241.20 145.25 118.70 133.36 120.94 104.99 74.68 58.37 47.15 60.12 60.14 50.53 44.79 43.14 42.81 44.75 43.07 36.84 30.48 27.80 36.07 36.14 37.17 43.28 47.42 44.12 39.95 53.44 57.63 59.29 61.29 54.91 46.57 50.67 44.05 48.23 45.18 40.21 39.11 39.83 44.21 41.81 42.26 46.25 45.92 46.45 46.51 44.95 49.69 58.36 61.38 59.10 52.58 57.58 58.78 70.23 73.16 -9999
-9999 -9999 -9999 -9999 -9999 -9999 -9999 -9999 -9999 -9999 -9999 -9999 118.05 146.01 209.72 225.02 330.60 267.03 208.36 194.58 101.97 117.90 114.14 94.15 99.34 91.54 66.46 68.44 57.07 54.98 48.61 48.62 43.82 42.77 46.36 40.22 33.73 33.74 35.08 34.28 36.63 40.71 46.60 46.37 47.37 50.51 55.21 56.63 55.57 57.03 53.60 42.06 43.85 44.29 42.60 39.68 39.25 43.21 40.82 39.73 49.08 44.79 45.76 55.69 46.28 45.53 46.09 56.91 63.75 47.42 43.90 55.82 56.91 63.09 -9999 -9999
-9999 -9999 -9999 -9999 -9999 -9999 -9999 -9999 -9999 -9999 -9999 108.10 184.00 152.76 205.03 229.84 206.56 236.38 219.95 231.30 196.59 156.00 119.58 105.09 76.08 75.91 79.15 82.53 65.36 57.01 51.22 53.31 46.72 42.42 39.66 37.66 35.49 33.16 32.44 33.78 36.00 39.91 46.50 52.35 45.72 49.57 57.19 54.15 57.74 53.82 50.22 43.86 38.58 36.69 39.91 42.66 39.46 38.41 37.63 46.31 48.52 48.48 47.01 48.54 43.92 44.16 47.48 52.81 55.95 47.80 46.47 57.62 59.40 -9999 -9999 -9999
-9999 -9999 -9999 -9999 -9999 -9999 -9999 -9999 -9999 84.45 90.38 105.99 127.44 115.59 129.12 145.27 141.96 161.76 141.96 207.46 205.88 194.02 142.38 119.93 80.41 85.34 87.35 67.29 58.48 49.22 57.03 52.41 39.11 36.18 30.87 35.84 35.03 27.20 27.22 32.04 33.69 35.31 43.28 52.23 46.96 45.77 44.45 52.50 47.43 45.20 45.84 42.89 40.61 37.28 40.81 41.15 42.54 39.61 41.33 48.98 44.30 49.26 46.98 47.28 48.65 48.70 49.94 48.34 44.85 47.39 45.91 48.57 -9999 -9999 -9999 -9999
-9999 -9999 -9999 -9999 -9999 -9999 -9999 -9999 79.88 83.31 96.94 98.66 99.83 69.49 90.52 90.53 112.55 138.07 161.67 180.72 228.01 160.83 94.24 96.89 78.39 112.85 119.88 101.62 73.28 65.60 58.82 53.79 38.44 36.92 48.88 37.43 35.86 32.64 35.62 41.41 36.20 35.10 42.04 49.96 33.98 38.76 38.55 39.97 39.18 39.07 41.58 39.35 38.56 42.93 37.99 37.37 38.98 44.62 43.52 43.90 39.18 42.22 45.09 46.12 51.64 51.29 48.42 47.61 44.01 42.46 45.42 44.89 -9999 -9999 -9999 -9999
-9999 -9999 -9999 -9999 -9999 -9999 -9999 64.76 87.01 88.58 94.36 -9999 -9999 -9999 -9999 74.73 119.06 178.55 181.29 176.44 159.02 131.87 130.15 129.70 100.59 155.44 139.00 107.00 100.25 81.60 54.58 42.36 36.31 35.13 39.13 32.41 34.36 41.14 39.28 42.77 39.06 38.55 38.86 30.98 26.74 38.75 36.21 36.11 39.41 35.40 36.41 41.09 34.25 35.57 38.91 39.16 39.49 43.46 41.82 44.95 43.14 47.60 47.37 51.45 51.29 48.93 55.77 53.80 49.30 47.26 46.93 48.64 49.21 -9999 -9999 -9999
-9999 -9999 -9999 -9999 -9999 -9999 -9999 68.71 88.20 79.99 75.97 -9999 -9999 -9999 -9999 89.86 114.57 195.91 189.67 175.96 172.68 158.09 164.86 165.33 128.93 159.21 114.32 96.45 83.19 67.94 49.65 37.64 33.30 37.62 39.14 37.51 41.13 42.41 38.89 40.76 38.76 38.88 34.14 28.92 29.04 38.73 39.39 40.12 35.88 29.10 33.13 37.91 38.56 38.64 40.61 44.05 43.61 48.06 47.50 66.36 67.76 55.22 49.92 49.51 40.12 50.24 58.53 61.70 54.24 45.87 47.82 49.25 52.94 59.02 -9999 -9999
-9999 -9999 -9999 -9999 -9999 -9999 -9999 -9999 -9999 -9999 -9999 -9999 -9999 -9999 -9999 91.16 132.09 154.40 142.62 159.43 156.82 197.34 186.30 140.94 156.61 152.37 107.44 89.62 69.93 44.38 40.28 40.89 30.91 38.64 35.65 34.71 37.39 37.40 35.51 33.60 32.13 32.25 32.59 29.59 30.58 36.75 37.74 40.33 38.13 36.35 38.00 38.43 37.74 40.03 43.10 42.00 49.46 60.24 52.60 65.70 70.50 62.84 54.68 48.27 51.19 49.47 56.44 64.07 55.46 45.69 41.17 50.77 63.28 80.37 54.71 49.28
-9999 -9999 -9999 -9999 -9999 -9999 -9999 -9999 -9999 -9999 -9999 -9999 -9999 -9999 -9999 -9999 122.34 113.76 132.98 166.28 195.35 189.23 176.15 150.64 116.16 89.15 85.63 71.57 55.32 44.55 48.83 37.24 41.28 39.66 36.40 35.96 32.00 34.42 35.96 33.18 32.23 32.99 32.92 35.55 38.74 35.28 34.86 32.51 34.94 32.78 36.22 38.71 38.94 42.67 44.90 43.68 46.86 46.51 46.85 55.07 57.87 63.26 55.74 46.51 43.61 43.19 54.68 51.77 55.05 46.54 47.57 51.97 59.72 72.27 53.09 48.32
-9999 -9999 -9999 -9999 -9999 -9999 -9999 -9999 -9999 -9999 -9999 -9999 -9999 -9999 -9999 -9999 106.20 163.89 292.99 219.45 177.78 157.27 132.72 101.42 100.35 80.60 70.97 72.09 54.18 45.26 51.81 47.97 41.01 36.59 32.28 34.87 29.22 36.84 38.53 31.25 30.50 31.35 35.15 36.07 40.38 36.07 37.51 32.44 34.22 32.61 35.18 37.48 39.29 51.42 50.06 43.18 39.44 45.56 46.59 55.81 61.99 58.77 62.72 48.32 41.53 39.58 51.77 50.60 51.13 50.42 36.92 45.91 46.67 51.65 52.18 46.41
-9999 -9999 -9999 -9999 -9999 -9999 -9999 -9999 -9999 -9999 -9999 -9999 -9999 -9999 -9999 111.20 122.94 152.25 213.54 200.90 139.34 112.21 101.66 99.34 101.71 75.27 67.68 66.90 53.29 59.05 49.65 43.76 42.84 44.20 52.19 37.57 41.12 37.95 41.75 29.26 29.99 32.01 33.00 35.89 40.50 35.11 33.78 34.06 33.19 31.49 34.95 35.82 44.42 50.21 48.58 48.36 40.42 44.02 42.58 47.99 56.11 49.44 50.21 46.26 42.14 52.79 45.77 47.61 48.44 48.53 47.76 46.70 47.41 48.93 51.10 46.28
-9999 -9999 -9999 -9999 -9999 -9999 -9999 -9999 -9999 -9999 -9999 -9999 -9999 -9999 -9999 98.74 115.22 161.95 154.01 134.24 102.55 98.57 103.78 107.19 90.73 70.25 60.96 57.44 51.42 48.35 48.67 67.34 45.14 36.41 32.38 32.99 35.35 36.64 33.15 30.43 30.10 27.57 28.56 35.23 35.70 35.19 35.43 35.57 35.46 34.20 35.03 33.84 32.19 46.49 46.62 40.93 43.78 45.46 48.03 46.11 51.75 52.71 48.57 46.42 34.00 41.48 47.58 45.68 47.99 47.74 52.57 50.94 46.43 48.12 54.97 44.79
-9999 -9999 -9999 -9999 -9999 -9999 -9999 -9999 -9999 -9999 -9999 -9999 -9999 -9999 -9999 80.48 121.42 99.11 114.30 105.31 95.62 107.16 120.99 90.29 83.42 66.24 56.86 48.00 45.05 47.05 54.48 63.40 49.68 41.51 39.38 33.16 31.45 28.39 27.85 27.77 29.25 27.05 30.06 32.12 32.91 39.01 46.27 41.81 42.27 38.92 34.20 35.23 34.78 37.99 37.34 37.07 43.43 40.06 44.01 44.21 46.47 45.55 44.17 46.28 42.25 31.42 37.72 44.48 44.55 47.89 59.07 52.43 49.04 45.80 45.18 42.64
-9999 -9999 -9999 -9999 -9999 -9999 -9999 -9999 -9999 -9999 -9999 -9999 -9999 -9999 -9999 -9999 79.62 101.86 123.88 130.02 136.45 123.26 107.25 72.36 51.51 51.10 43.50 41.31 39.88 28.23 33.99 42.85 48.15 38.57 34.92 33.23 33.81 32.43 25.56 24.35 23.96 23.24 32.36 35.45 35.73 39.12 41.03 42.45 44.36 43.99 37.75 30.93 30.95 37.34 38.74 38.81 40.95 35.70 42.41 43.50 45.03 42.77 44.38 44.63 38.23 35.98 36.18 44.16 48.21 53.16 50.23 48.00 47.31 42.65 44.45 41.78
-9999 -9999 -9999 -9999 -9999 -9999 -9999 -9999 -9999 -9999 -9999 -9999 -9999 -9999 -9999 -9999 77.74 100.51 117.31 139.36 146.43 122.18 107.77 72.09 51.39 54.82 50.28 50.78 52.14 40.67 34.23 34.79 41.33 35.58 38.98 45.26 33.84 35.78 27.42 27.86 23.85 21.99 30.06 40.53 40.71 42.18 42.14 45.93 45.08 44.03 38.23 34.37 34.67 40.99 43.11 40.94 39.09 35.56 45.35 47.79 45.61 41.08 41.06 45.23 39.90 34.61 35.99 45.20 52.23 52.80 42.17 49.90 47.55 46.97 45.86 37.47
-9999 -9999 -9999 -9999 -9999 -9999 -9999 -9999 -9999 -9999 -9999 -9999 -9999 -9999 -9999 51.55 65.30 88.47 109.55 118.33 138.93 116.17 87.82 84.15 85.37 69.06 59.01 55.81 47.24 36.34 36.56 38.08 38.71 36.60 39.17 37.64 34.64 31.03 25.01 27.59 27.64 28.38 32.84 38.38 43.48 45.74 41.30 42.83 43.50 37.69 36.29 40.36 39.08 44.21 38.13 40.65 38.90 43.10 44.06 48.12 41.89 41.89 42.76 45.24 43.59 40.47 39.76 43.52 49.02 57.97 49.56 47.04 47.40 46.84 45.19 43.02
-9999 -9999 -9999 -9999 -9999 -9999 -9999 -9999 -9999 -9999 -9999 -9999 -9999 -9999 -9999 67.63 79.73 81.89 88.53 116.69 135.50 114.41 91.29 66.98 62.60 68.62 67.78 62.18 49.29 45.12 40.17 34.04 42.29 35.26 38.66 31.97 36.54 29.56 26.02 26.99 28.18 29.54 32.28 46.24 48.04 37.87 43.63 44.28 43.42 28.96 34.48 36.71 36.88 43.20 36.33 39.11 41.10 39.72 45.23 46.13 43.93 36.75 39.31 41.12 46.23 47.05 45.91 43.40 41.26 41.47 43.18 41.29 42.79 47.48 51.95 44.07
-9999 -9999 -9999 -9999 -9999 -9999 -9999 -9999 -9999 -9999 -9999 -9999 -9999 -9999 -9999 75.86 83.55 69.36 79.20 109.76 122.32 111.42 94.44 69.80 64.72 67.31 59.29 55.89 53.18 46.20 38.30 37.88 35.72 42.63 35.88 31.92 31.60 27.09 25.07 25.19 23.45 27.63 31.49 36.08 39.16 36.90 41.08 44.95 42.47 39.06 37.85 36.17 40.69 40.24 37.23 43.74 45.23 44.51 41.93 41.64 45.97 40.29 45.04 47.36 52.10 51.50 47.38 46.15 39.91 34.43 31.91 35.22 39.09 43.91 44.05 39.81
-9999 -9999 -9999 -9999 -9999 -9999 -9999 -9999 -9999 -9999 -9999 -9999 -9999 -9999 77.72 83.31 95.43 95.50 81.64 94.39 102.08 101.19 89.09 57.33 59.49 59.13 54.51 56.68 53.74 38.96 40.90 36.60 31.97 31.93 29.55 30.14 29.48 32.06 27.80 25.95 24.65 25.94 27.58 32.35 37.63 35.94 42.06 40.98 43.58 42.49 39.14 39.87 40.83 42.26 40.53 44.94 44.22 42.81 40.66 40.44 46.56 47.71 49.32 54.71 58.19 59.37 50.01 50.66 39.96 32.39 31.20 33.21 36.78 42.35 41.47 35.58
-9999 -9999 -9999 -9999 -9999 -9999 -9999 -9999 -9999 -9999 -9999 -9999 -9999 88.27 85.48 84.51 85.28 82.11 96.72 101.66 111.48 97.66 97.38 70.35 71.64 61.69 45.82 54.70 44.43 37.72 32.90 29.29 28.21 31.80 27.61 33.94 32.89 30.89 28.67 29.07 27.29 28.28 31.30 30.08 36.81 37.30 39.10 41.30 44.36 41.29 44.54 45.33 47.68 45.79 42.69 48.27 42.09 41.99 43.54 43.66 49.92 57.39 60.47 84.63 53.70 49.49 46.28 47.86 41.05 35.64 32.36 33.11 36.37 36.59 27.87 19.07
-9999 -9999 -9999 -9999 -9999 -9999 -9999 -9999 -9999 -9999 -9999 72.46 71.70 81.65 82.13 73.43 89.13 90.53 88.67 87.43 122.03 112.17 89.60 77.79 60.66 61.03 41.25 56.94 41.85 33.43 33.50 28.88 29.84 30.01 26.50 34.09 31.60 25.01 26.05 27.04 28.19 29.09 32.07 34.94 37.01 37.85 40.35 43.45 40.91 41.53 44.59 47.15 49.05 50.15 46.93 41.47 45.24 45.84 51.42 63.07 55.87 55.71 62.37 65.84 50.59 44.39 45.31 43.18 39.40 36.24 31.49 29.75 31.64 33.56 33.28 32.80
-9999 -9999 -9999 -9999 -9999 -9999 -9999 71.39 53.99 70.93 89.15 91.24 92.97 100.90 92.26 90.99 106.63 111.08 94.51 101.35 109.13 97.79 75.47 64.31 45.31 56.16 49.47 59.31 48.74 37.96 32.60 32.07 29.33 31.22 25.62 30.85 30.54 22.91 26.19 25.48 27.28 26.92 33.30 38.14 38.56 36.80 41.02 43.06 43.97 45.95 49.27 44.10 48.52 49.89 38.98 45.51 50.43 53.35 58.58 64.99 57.77 50.53 55.40 58.67 48.61 47.83 44.29 43.35 39.08 40.72 35.01 31.34 31.40 33.74 34.99 40.81
-9999 -9999 -9999 -9999 -9999 -9999 91.45 89.95 87.57 84.10 71.62 86.55 89.08 97.40 90.46 72.06 112.20 109.22 102.62 88.53 103.44 80.14 67.04 77.26 62.23 49.21 62.89 47.24 38.63 28.55 29.98 29.23 29.68 25.36 24.90 22.27 25.74 26.84 28.18 29.20 29.56 30.74 34.44 37.05 39.48 41.74 41.33 42.82 44.50 51.95 53.36 57.66 52.37 51.27 50.02 53.68 55.27 56.48 56.47 56.90 59.56 58.42 54.21 50.05 53.35 47.23 46.16 43.42 37.86 42.16 40.53 38.84 43.05 36.18 32.07 38.29
-9999 -9999 -9999 -9999 -9999 82.19 88.13 85.43 80.29 72.24 76.31 79.58 89.09 84.58 86.73 115.39 100.67 89.64 105.63 89.82 95.00 80.23 82.05 67.81 60.22 56.61 50.50 37.88 27.34 37.14 38.55 27.50 22.32 20.24 20.60 22.72 21.76 25.51 28.99 29.03 28.27 30.17 32.20 34.39 43.01 43.33 42.44 49.10 53.47 56.73 53.81 50.09 53.06 50.74 52.75 58.32 71.64 70.10 66.04 66.21 62.72 55.52 54.50 48.94 33.98 48.56 47.39 45.65 45.10 44.76 42.66 38.66 42.46 34.01 31.01 28.28
-9999 75.32 90.94 88.24 107.97 94.46 92.87 92.96 92.10 79.78 84.59 79.77 86.16 75.87 94.42 112.56 94.72 88.60 85.64 79.75 84.94 84.31 74.51 66.73 57.45 59.41 48.80 36.31 41.91 42.91 36.61 37.04 28.12 20.34 19.06 21.47 27.76 19.17 21.61 29.50 28.53 32.84 35.43 44.88 41.93 37.32 46.98 43.53 53.40 59.09 58.35 58.46 57.63 61.06 73.21 70.26 67.20 70.55 63.27 66.84 65.26 53.57 54.35 41.30 45.73 43.91 44.57 47.91 46.90 51.27 50.27 38.35 36.16 31.09 27.75 31.55
74.36 83.77 97.27 117.36 124.54 136.45 118.18 122.84 101.69 111.40 111.46 97.25 83.13 84.73 102.49 87.62 95.00 78.54 71.96 72.74 75.60 83.43 66.15 66.20 60.13 50.99 51.22 51.51 71.74 57.67 36.45 31.77 30.72 25.94 27.59 22.35 24.60 22.12 20.53 25.62 30.18 33.61 36.21 45.02 47.74 54.17 52.41 59.69 56.44 60.20 71.24 67.55 62.81 67.09 72.91 73.75 71.61 65.92 60.12 52.86 67.22 53.86 52.13 41.77 42.14 45.54 52.21 55.39 55.46 47.66 37.06 31.08 34.84 27.67 26.46 28.80
