Rainfall_2007-2011/Rainfall_2007-06_ACTUAL.txt
ncols         180
nrows         290
xllcorner     -200000
yllcorner     -200000
cellsize      5000
NODATA_value  -9999
[rows 99 to 131 of 290, columns 75 to 149 of 180]
167.18 182.91 149.93 -9999 131.01 187.32 187.80 182.81 151.66 153.63 149.55 122.25 117.82 110.83 108.04 125.11 135.82 139.57 190.46 176.83 137.52 158.55 148.43 121.98 97.77 139.65 161.84 127.86 103.61 93.89 74.43 72.99 70.52 71.44 70.91 75.50 79.83 84.20 90.05 -9999 -9999 -9999 -9999 -9999 -9999 -9999 -9999 -9999 -9999 -9999 -9999 -9999 -9999 -9999 -9999 -9999 -9999 -9999 -9999 -9999 -9999 -9999 -9999 -9999 -9999 -9999 -9999 -9999 -9999 -9999 -9999 -9999 -9999 -9999 -9999
153.04 137.57 -9999 104.34 113.81 131.41 168.11 153.41 168.70 185.78 144.32 139.12 125.83 140.90 136.15 124.65 138.35 100.05 124.12 126.62 129.70 152.85 165.90 166.54 155.62 154.78 170.38 140.97 107.74 98.90 88.72 69.67 65.52 76.19 75.86 81.68 79.30 67.08 75.41 -9999 -9999 -9999 -9999 -9999 -9999 -9999 -9999 -9999 -9999 -9999 -9999 -9999 -9999 -9999 -9999 -9999 -9999 -9999 -9999 -9999 -9999 -9999 -9999 -9999 -9999 -9999 -9999 -9999 -9999 -9999 -9999 -9999 -9999 -9999 -9999
122.08 -9999 107.29 95.27 108.18 185.93 161.26 204.40 162.58 140.80 123.42 138.89 131.60 121.17 147.17 141.64 157.71 169.66 175.15 109.74 145.27 178.17 186.55 166.61 174.14 141.81 159.00 121.79 113.48 97.16 94.28 103.09 89.38 89.59 90.95 93.44 86.93 71.75 71.70 -9999 -9999 -9999 -9999 -9999 -9999 -9999 -9999 -9999 -9999 -9999 -9999 -9999 -9999 -9999 -9999 -9999 -9999 -9999 -9999 -9999 -9999 -9999 -9999 -9999 -9999 -9999 -9999 -9999 -9999 -9999 -9999 -9999 -9999 -9999 -9999
-9999 105.26 -9999 120.87 125.93 153.52 116.93 164.87 154.47 157.06 144.92 176.29 132.30 141.08 119.15 146.60 188.30 141.32 114.67 161.33 179.53 199.30 177.92 176.63 182.00 164.07 160.09 114.54 114.51 107.97 130.21 105.98 101.63 94.07 93.46 88.48 86.04 83.13 -9999 -9999 -9999 -9999 -9999 -9999 -9999 -9999 -9999 -9999 -9999 -9999 -9999 -9999 -9999 -9999 -9999 -9999 -9999 -9999 -9999 -9999 -9999 -9999 -9999 -9999 -9999 -9999 -9999 -9999 -9999 -9999 -9999 -9999 -9999 -9999 -9999
-9999 -9999 103.62 109.32 108.73 88.61 139.96 163.59 122.03 139.35 180.79 159.07 171.40 186.33 182.26 167.44 144.58 156.74 161.06 182.79 154.79 152.25 198.46 200.91 158.45 147.40 149.41 114.97 116.22 138.72 116.74 99.22 117.14 104.79 100.95 89.51 -9999 -9999 -9999 -9999 -9999 -9999 -9999 -9999 -9999 -9999 -9999 -9999 -9999 -9999 -9999 -9999 -9999 -9999 -9999 -9999 -9999 -9999 -9999 -9999 -9999 -9999 -9999 -9999 -9999 -9999 -9999 -9999 -9999 -9999 -9999 -9999 -9999 -9999 -9999
-9999 118.18 122.84 132.14 148.73 114.57 115.70 117.60 110.85 139.99 149.91 141.92 121.95 132.78 147.41 152.55 165.38 122.38 144.51 144.89 153.01 183.70 144.19 150.82 139.44 130.82 135.25 120.75 121.59 111.46 95.01 99.01 103.93 112.86 120.18 -9999 -9999 -9999 -9999 -9999 -9999 -9999 -9999 -9999 -9999 -9999 -9999 -9999 -9999 -9999 -9999 -9999 -9999 -9999 -9999 -9999 -9999 -9999 -9999 -9999 -9999 -9999 -9999 -9999 -9999 -9999 -9999 -9999 -9999 -9999 -9999 -9999 -9999 -9999 -9999
-9999 121.42 147.98 141.40 149.71 121.50 120.57 140.82 164.59 197.98 149.24 143.90 150.19 175.51 129.28 127.10 122.68 120.36 137.34 121.59 109.45 123.57 155.97 131.97 137.81 126.34 126.58 113.11 113.99 95.67 91.55 101.51 99.28 125.84 135.63 -9999 -9999 -9999 -9999 -9999 -9999 -9999 -9999 -9999 -9999 -9999 -9999 -9999 -9999 -9999 -9999 -9999 -9999 -9999 -9999 -9999 -9999 -9999 -9999 -9999 -9999 -9999 -9999 -9999 -9999 -9999 -9999 -9999 -9999 -9999 -9999 -9999 -9999 -9999 -9999
125.10 138.10 143.77 146.26 145.16 142.90 166.09 162.65 159.42 151.53 169.64 137.72 182.64 148.18 164.37 117.94 136.43 129.63 113.82 107.30 120.12 123.05 117.82 113.47 114.46 110.66 126.27 134.26 106.11 106.49 97.64 87.36 78.16 104.79 129.58 120.93 -9999 -9999 -9999 -9999 -9999 -9999 -9999 -9999 -9999 -9999 -9999 -9999 -9999 -9999 -9999 -9999 -9999 -9999 -9999 -9999 -9999 -9999 -9999 -9999 -9999 -9999 -9999 -9999 -9999 -9999 -9999 -9999 -9999 -9999 -9999 -9999 -9999 -9999 -9999
109.43 109.31 132.89 145.30 114.11 147.49 137.11 129.25 146.47 185.69 185.73 141.69 181.25 168.12 126.56 102.51 142.49 113.79 130.40 152.90 121.35 148.59 136.80 133.98 133.07 142.26 142.32 151.84 122.75 99.23 88.81 97.93 93.44 111.96 142.28 137.04 111.68 -9999 -9999 -9999 -9999 -9999 -9999 -9999 -9999 -9999 -9999 -9999 -9999 -9999 -9999 -9999 -9999 -9999 -9999 -9999 -9999 -9999 -9999 -9999 -9999 -9999 -9999 -9999 -9999 -9999 -9999 -9999 -9999 -9999 -9999 -9999 -9999 -9999 -9999
108.11 114.65 135.73 129.02 136.20 140.97 136.09 125.83 156.89 169.94 198.36 153.17 170.27 159.03 140.96 138.96 137.41 126.81 111.18 109.39 113.34 125.96 124.58 156.16 157.98 135.68 134.63 136.21 112.08 112.97 93.50 103.28 101.96 127.66 158.31 149.36 121.55 109.19 -9999 -9999 -9999 -9999 -9999 -9999 -9999 -9999 -9999 -9999 -9999 -9999 -9999 -9999 -9999 -9999 -9999 -9999 -9999 -9999 -9999 -9999 -9999 -9999 -9999 -9999 -9999 -9999 -9999 -9999 -9999 -9999 -9999 -9999 -9999 -9999 -9999
98.39 111.48 111.38 126.66 137.72 127.39 116.75 137.17 164.04 144.18 133.12 147.51 268.44 165.24 143.29 131.09 128.76 110.08 103.65 100.28 97.24 141.13 166.35 167.65 133.73 119.37 114.76 107.89 101.66 99.78 98.53 104.64 95.31 92.10 134.50 135.81 121.84 -9999 -9999 -9999 -9999 -9999 -9999 -9999 -9999 -9999 -9999 -9999 -9999 -9999 -9999 -9999 -9999 -9999 -9999 -9999 -9999 -9999 -9999 -9999 -9999 -9999 -9999 -9999 -9999 -9999 -9999 -9999 -9999 -9999 -9999 -9999 -9999 -9999 -9999
84.45 95.99 102.72 106.92 113.05 113.03 150.11 125.22 148.37 143.59 144.18 154.84 149.06 189.56 145.53 107.84 100.52 88.17 77.58 98.91 87.55 113.98 101.13 106.31 100.38 96.92 108.84 106.65 103.13 95.42 94.28 103.09 94.15 -9999 -9999 -9999 -9999 -9999 -9999 -9999 -9999 -9999 -9999 -9999 -9999 -9999 -9999 -9999 -9999 -9999 -9999 -9999 -9999 -9999 -9999 -9999 -9999 -9999 -9999 -9999 -9999 -9999 -9999 -9999 -9999 -9999 -9999 -9999 -9999 -9999 -9999 -9999 -9999 -9999 -9999
92.49 86.78 109.71 102.56 95.84 144.78 143.85 161.74 161.97 105.38 139.61 159.37 132.41 139.90 144.47 107.77 106.36 99.81 107.30 130.78 91.60 88.50 86.28 103.61 104.61 99.03 114.46 104.45 103.33 101.83 95.37 -9999 -9999 -9999 -9999 -9999 -9999 -9999 -9999 -9999 -9999 -9999 -9999 -9999 -9999 -9999 -9999 -9999 -9999 -9999 -9999 -9999 -9999 -9999 -9999 -9999 -9999 -9999 -9999 -9999 -9999 -9999 -9999 -9999 -9999 -9999 -9999 -9999 -9999 -9999 -9999 -9999 -9999 -9999 -9999
79.95 104.45 117.39 100.81 134.27 133.95 149.12 178.84 151.73 121.01 143.66 155.90 122.01 117.38 95.97 96.37 115.81 112.30 122.41 121.91 105.35 91.82 88.51 90.94 101.80 94.46 100.17 83.02 68.78 88.25 93.64 -9999 -9999 -9999 -9999 -9999 -9999 -9999 -9999 -9999 -9999 -9999 -9999 -9999 -9999 -9999 -9999 -9999 -9999 -9999 -9999 -9999 -9999 -9999 -9999 -9999 -9999 -9999 -9999 -9999 -9999 -9999 -9999 -9999 -9999 -9999 -9999 -9999 -9999 -9999 -9999 -9999 -9999 -9999 -9999
111.91 98.62 -9999 104.91 136.99 138.28 144.12 157.00 153.70 115.39 101.23 118.86 125.20 119.65 102.64 83.37 126.40 136.93 133.18 137.13 114.03 89.88 82.80 110.82 104.64 95.88 91.14 67.36 53.45 -9999 -9999 -9999 -9999 -9999 100.11 103.64 119.93 118.90 -9999 -9999 -9999 -9999 -9999 -9999 -9999 -9999 -9999 -9999 -9999 -9999 -9999 -9999 -9999 -9999 -9999 -9999 -9999 -9999 -9999 -9999 -9999 -9999 -9999 -9999 -9999 -9999 -9999 -9999 -9999 -9999 -9999 -9999 -9999 -9999 -9999
86.73 114.09 -9999 96.88 129.33 126.23 114.23 161.02 122.76 132.37 99.62 115.67 120.72 111.33 116.73 96.29 91.99 97.80 99.33 106.09 96.29 92.69 99.22 114.38 103.12 96.65 100.96 103.07 114.85 119.93 115.21 -9999 -9999 92.62 99.21 115.89 119.28 127.07 128.28 108.34 -9999 -9999 -9999 -9999 -9999 -9999 -9999 -9999 -9999 -9999 -9999 -9999 -9999 -9999 -9999 -9999 -9999 -9999 -9999 -9999 -9999 -9999 -9999 -9999 -9999 -9999 -9999 -9999 -9999 -9999 -9999 -9999 -9999 -9999 -9999
101.88 119.59 86.57 91.40 83.56 109.16 123.28 134.09 115.83 111.71 120.39 124.22 130.00 107.37 89.05 85.39 82.40 84.00 90.02 94.55 89.82 86.55 94.53 91.24 91.59 88.13 90.93 103.22 109.57 117.54 119.07 105.28 95.56 104.64 105.79 108.50 124.61 157.47 143.37 144.55 108.40 -9999 -9999 -9999 -9999 -9999 -9999 -9999 -9999 -9999 -9999 -9999 -9999 -9999 -9999 -9999 -9999 -9999 -9999 -9999 -9999 -9999 -9999 -9999 -9999 -9999 -9999 -9999 -9999 -9999 -9999 -9999 -9999 -9999 -9999
135.68 114.79 112.15 88.78 98.28 108.21 104.48 114.86 -9999 130.96 158.28 140.12 111.62 99.78 86.19 78.71 69.78 78.68 81.46 77.94 80.39 81.81 88.44 89.50 86.66 76.65 79.54 108.31 119.89 122.38 119.47 107.69 111.04 109.62 116.76 114.06 142.19 147.05 164.42 164.95 144.46 164.50 160.14 105.93 -9999 -9999 -9999 -9999 -9999 -9999 -9999 -9999 -9999 -9999 -9999 -9999 -9999 -9999 -9999 -9999 -9999 -9999 -9999 -9999 -9999 -9999 -9999 -9999 -9999 -9999 -9999 -9999 -9999 -9999 -9999
110.22 119.63 152.26 113.41 -9999 96.53 101.44 111.05 -9999 132.47 183.76 149.41 121.44 100.49 99.90 62.96 56.51 65.78 76.27 80.27 80.85 86.84 90.83 98.38 91.64 95.15 102.27 121.19 147.74 134.07 123.31 122.82 128.06 105.74 133.00 177.50 182.26 166.64 161.32 154.52 137.96 167.53 125.99 125.16 -9999 -9999 -9999 -9999 -9999 -9999 -9999 -9999 -9999 -9999 -9999 -9999 -9999 -9999 -9999 -9999 -9999 -9999 -9999 -9999 -9999 -9999 -9999 -9999 -9999 -9999 -9999 -9999 -9999 -9999 -9999
95.88 127.28 136.66 112.29 -9999 -9999 103.02 101.48 107.85 141.52 157.56 136.73 119.26 119.90 104.99 77.54 66.97 85.79 86.90 81.25 90.87 91.05 99.36 108.48 115.67 108.97 122.80 147.32 149.15 137.07 139.40 135.77 138.48 141.00 170.55 165.73 187.31 170.33 154.01 145.72 100.76 106.62 130.07 126.45 104.13 -9999 -9999 -9999 -9999 -9999 -9999 -9999 -9999 -9999 -9999 -9999 -9999 -9999 -9999 -9999 -9999 -9999 -9999 -9999 -9999 -9999 -9999 -9999 -9999 -9999 -9999 -9999 -9999 -9999 -9999
99.43 126.41 -9999 -9999 -9999 -9999 -9999 104.17 110.07 146.87 148.51 128.56 124.58 128.60 122.17 108.98 94.23 89.09 89.83 88.52 80.89 89.18 98.70 104.55 109.43 113.16 126.96 129.79 131.38 141.89 143.76 170.27 157.19 135.42 151.62 145.68 154.66 164.51 147.09 133.39 89.11 106.31 106.90 99.58 80.97 -9999 -9999 -9999 -9999 -9999 -9999 -9999 -9999 -9999 -9999 -9999 -9999 -9999 -9999 -9999 -9999 -9999 -9999 -9999 -9999 -9999 -9999 -9999 -9999 -9999 -9999 -9999 -9999 -9999 -9999
112.07 119.89 119.21 127.99 130.87 -9999 -9999 -9999 111.97 132.17 135.15 128.25 125.29 134.24 136.93 123.02 112.53 102.21 90.66 92.84 83.54 70.80 90.61 93.24 91.04 105.43 103.36 112.84 145.67 144.69 178.17 199.44 176.97 147.04 149.69 124.64 142.60 145.76 140.24 120.03 103.58 88.71 94.02 101.06 100.70 100.41 -9999 -9999 -9999 -9999 -9999 -9999 -9999 -9999 -9999 -9999 -9999 -9999 -9999 -9999 -9999 -9999 -9999 -9999 -9999 -9999 -9999 -9999 -9999 -9999 -9999 -9999 -9999 -9999 -9999
133.94 126.95 143.93 154.17 176.36 137.46 -9999 -9999 -9999 101.36 118.71 119.01 120.92 124.52 127.54 119.62 106.75 103.05 90.95 87.94 78.28 84.18 74.66 86.08 98.51 113.09 113.64 132.47 112.36 136.97 143.56 153.88 176.03 163.12 138.42 137.09 127.67 130.78 125.45 119.17 99.95 77.84 66.08 108.92 103.21 88.95 86.96 -9999 -9999 -9999 -9999 -9999 -9999 -9999 -9999 -9999 -9999 -9999 -9999 -9999 -9999 -9999 -9999 -9999 -9999 -9999 -9999 -9999 -9999 -9999 -9999 -9999 -9999 -9999 -9999
157.11 122.99 113.04 145.92 185.00 147.01 -9999 -9999 -9999 -9999 -9999 126.44 115.80 96.90 111.36 96.03 103.67 99.45 113.71 113.19 99.53 84.47 82.74 89.78 94.42 92.41 101.43 130.44 107.06 115.91 137.20 143.91 119.62 131.60 118.04 156.19 123.44 133.82 142.95 129.62 104.39 91.87 88.99 101.11 110.14 108.14 95.64 87.82 -9999 -9999 -9999 -9999 -9999 -9999 -9999 -9999 -9999 -9999 -9999 -9999 -9999 -9999 -9999 -9999 -9999 -9999 -9999 -9999 -9999 -9999 -9999 -9999 -9999 -9999 -9999
138.93 -9999 107.17 114.70 185.81 146.10 -9999 -9999 -9999 -9999 -9999 113.24 109.58 119.01 111.11 107.56 111.29 114.26 121.62 125.81 119.41 94.06 97.34 93.90 94.74 103.80 131.07 116.54 172.41 125.91 153.96 135.62 165.60 157.97 115.20 188.11 126.58 125.09 141.20 151.93 127.98 136.68 117.07 108.35 94.46 108.92 113.97 89.98 95.76 79.24 -9999 -9999 -9999 -9999 -9999 -9999 -9999 -9999 -9999 -9999 -9999 -9999 -9999 -9999 -9999 -9999 -9999 -9999 -9999 -9999 -9999 -9999 -9999 -9999 -9999
117.60 -9999 -9999 135.66 170.10 155.77 -9999 -9999 -9999 -9999 -9999 91.41 90.30 107.33 100.37 98.66 106.61 103.86 114.75 126.01 129.22 110.49 103.14 105.93 117.36 140.87 134.25 120.57 178.83 169.80 136.79 152.18 160.24 121.36 125.07 147.37 133.52 142.54 154.83 138.92 143.65 135.01 161.82 156.11 119.55 114.79 111.83 108.92 98.85 85.71 -9999 -9999 -9999 -9999 -9999 -9999 -9999 -9999 -9999 -9999 -9999 -9999 -9999 -9999 -9999 -9999 -9999 -9999 -9999 -9999 -9999 -9999 -9999 -9999 -9999
-9999 -9999 -9999 120.41 147.66 151.22 -9999 -9999 -9999 -9999 -9999 86.48 93.87 100.98 100.50 98.18 105.54 117.39 140.95 155.27 133.99 123.81 105.88 103.92 100.11 117.46 112.76 141.84 150.01 144.61 158.88 171.74 148.97 159.14 130.82 143.86 166.15 149.54 161.96 167.36 173.07 146.43 172.45 174.09 144.35 106.02 110.32 105.94 112.02 92.98 -9999 -9999 -9999 -9999 -9999 -9999 -9999 -9999 -9999 -9999 -9999 -9999 -9999 -9999 -9999 -9999 -9999 -9999 -9999 -9999 -9999 -9999 -9999 -9999 -9999
117.19 -9999 -9999 -9999 -9999 -9999 -9999 -9999 -9999 -9999 93.84 95.23 101.08 103.47 105.85 106.63 106.36 119.17 128.50 155.50 145.20 125.06 134.60 125.92 135.51 141.71 151.97 163.56 175.44 163.12 165.91 168.61 160.92 145.34 146.12 128.14 128.02 166.76 144.45 160.98 170.54 188.20 167.16 188.45 131.81 115.00 110.90 104.58 111.94 101.58 -9999 -9999 -9999 -9999 -9999 -9999 -9999 -9999 -9999 -9999 -9999 -9999 -9999 -9999 -9999 -9999 -9999 -9999 -9999 -9999 -9999 -9999 -9999 -9999 -9999
126.14 -9999 -9999 -9999 -9999 -9999 -9999 -9999 -9999 -9999 101.40 94.26 103.75 117.66 122.33 123.12 112.89 116.50 130.59 121.78 160.79 159.27 147.61 149.77 147.53 139.74 126.32 178.22 155.12 168.22 154.83 155.31 150.81 136.81 126.02 151.03 166.21 143.59 140.78 159.84 186.24 182.46 173.52 199.00 164.68 118.20 109.02 107.16 127.98 98.31 -9999 -9999 -9999 -9999 -9999 -9999 -9999 -9999 -9999 -9999 -9999 -9999 -9999 -9999 -9999 -9999 -9999 -9999 -9999 -9999 -9999 -9999 -9999 -9999 -9999
-9999 -9999 -9999 -9999 -9999 -9999 -9999 -9999 -9999 82.37 96.51 91.78 105.86 103.66 109.35 145.58 171.95 167.95 171.04 177.34 175.93 181.26 159.25 170.43 149.72 136.97 111.67 145.27 186.38 153.92 163.72 162.56 173.94 150.98 144.45 156.89 149.64 142.16 162.94 204.42 203.03 186.39 171.35 170.50 168.16 143.09 156.62 149.45 131.46 108.85 -9999 -9999 -9999 -9999 -9999 -9999 -9999 -9999 -9999 -9999 -9999 -9999 -9999 -9999 -9999 -9999 -9999 -9999 -9999 -9999 -9999 -9999 -9999 -9999 -9999
-9999 -9999 -9999 -9999 -9999 -9999 -9999 -9999 -9999 101.25 94.13 116.48 104.46 130.32 118.28 162.19 174.07 225.50 189.72 170.98 170.65 183.27 165.57 229.57 196.00 136.38 110.83 138.13 184.47 147.51 152.65 190.88 183.68 194.08 177.54 165.13 188.82 191.12 218.27 178.73 171.96 168.28 179.21 195.98 179.15 139.23 138.83 125.41 121.26 102.46 102.19 -9999 -9999 -9999 -9999 -9999 -9999 -9999 -9999 -9999 -9999 -9999 -9999 -9999 -9999 -9999 -9999 -9999 -9999 -9999 -9999 -9999 -9999 -9999 -9999
-9999 -9999 -9999 -9999 -9999 -9999 -9999 -9999 94.80 120.08 122.34 123.45 109.87 132.22 119.05 146.70 186.81 198.48 181.33 150.66 151.61 144.99 136.79 168.72 182.97 152.51 127.91 137.69 188.41 218.46 187.72 180.71 221.55 170.69 150.63 156.57 166.51 215.02 178.95 205.98 192.91 147.33 172.55 202.64 196.54 175.31 131.54 124.50 131.39 133.22 127.21 -9999 -9999 -9999 -9999 -9999 -9999 -9999 -9999 -9999 -9999 -9999 -9999 -9999 -9999 -9999 -9999 -9999 -9999 -9999 -9999 -9999 -9999 -9999 -9999
-9999 -9999 -9999 -9999 -9999 -9999 -9999 -9999 122.78 128.89 133.79 157.66 148.83 142.13 136.69 185.54 157.86 188.16 164.07 131.55 129.75 129.55 126.76 158.14 166.43 158.04 123.43 135.85 156.67 190.08 143.19 177.74 162.45 185.41 171.33 157.16 217.13 181.45 181.38 194.51 193.25 206.73 177.32 159.65 165.92 160.20 134.45 158.97 156.33 144.43 147.88 -9999 -9999 -9999 -9999 -9999 -9999 -9999 -9999 -9999 -9999 -9999 -9999 -9999 -9999 -9999 -9999 -9999 -9999 -9999 -9999 -9999 -9999 -9999 -9999
