Rainfall_2007-2011/Rainfall_2007-12_ACTUAL.txt
ncols         180
nrows         290
xllcorner     -200000
yllcorner     -200000
cellsize      5000
NODATA_value  -9999
[rows 165 to 197 of 290, columns 76 to 151 of 180]
-9999 -9999 -9999 -9999 -9999 -9999 -9999 -9999 -9999 -9999 -9999 -9999 -9999 -9999 -9999 -9999 -9999 -9999 -9999 -9999 -9999 -9999 -9999 -9999 -9999 -9999 -9999 -9999 -9999 -9999 -9999 115.31 119.40 117.94 168.94 139.85 182.87 191.01 188.39 194.74 192.11 191.51 177.86 158.87 149.14 108.26 90.30 81.71 69.58 68.88 53.95 44.53 42.31 43.81 46.77 46.81 40.72 40.82 44.38 44.56 43.80 42.71 48.73 47.68 45.05 41.85 41.60 -9999 37.14 31.29 33.84 37.32 -9999 -9999 -9999 -9999
-9999 -9999 -9999 -9999 -9999 -9999 -9999 -9999 -9999 -9999 -9999 -9999 -9999 -9999 -9999 -9999 -9999 -9999 -9999 -9999 -9999 -9999 -9999 -9999 -9999 -9999 -9999 -9999 -9999 -9999 109.07 111.74 117.48 119.41 137.11 142.31 179.92 213.02 190.19 237.45 203.03 192.66 190.10 179.84 153.87 144.59 102.13 75.60 73.61 61.60 51.14 48.28 42.97 40.56 47.73 41.48 36.07 38.87 42.34 43.76 43.81 51.58 48.47 46.65 49.86 44.50 41.37 39.97 -9999 35.38 34.71 36.60 41.83 -9999 -9999 -9999
-9999 -9999 -9999 -9999 -9999 -9999 -9999 -9999 -9999 -9999 -9999 -9999 -9999 -9999 -9999 -9999 -9999 -9999 -9999 -9999 -9999 -9999 -9999 -9999 -9999 -9999 -9999 -9999 -9999 -9999 99.35 106.14 116.39 125.38 129.49 140.08 149.94 145.48 162.52 168.73 160.78 144.29 135.01 138.20 146.82 133.56 106.17 88.39 60.56 55.70 61.52 49.82 48.58 45.32 41.38 35.05 32.12 36.55 43.42 41.69 43.77 44.40 47.89 46.80 44.96 44.89 45.66 44.72 42.59 -9999 -9999 -9999 -9999 -9999 -9999 -9999
-9999 -9999 -9999 -9999 -9999 -9999 -9999 -9999 -9999 -9999 -9999 -9999 -9999 -9999 -9999 -9999 -9999 -9999 -9999 -9999 -9999 -9999 -9999 -9999 -9999 -9999 -9999 -9999 -9999 105.82 98.36 103.02 122.89 121.08 96.82 127.39 142.72 141.29 142.04 126.92 129.76 124.94 128.26 148.02 154.30 186.89 141.91 121.31 100.53 64.34 50.62 44.75 46.71 46.04 41.48 36.05 32.61 34.17 43.61 43.96 43.32 45.09 48.30 48.32 49.52 51.25 50.53 54.19 50.54 45.07 49.55 -9999 -9999 -9999 -9999 -9999
-9999 -9999 -9999 -9999 -9999 -9999 -9999 -9999 -9999 -9999 -9999 -9999 -9999 -9999 -9999 -9999 -9999 -9999 -9999 -9999 -9999 -9999 -9999 -9999 -9999 -9999 -9999 -9999 -9999 -9999 101.62 117.00 122.43 110.75 116.82 113.88 126.00 122.88 117.58 115.26 110.13 113.83 115.66 123.01 142.12 176.12 160.74 144.43 112.38 93.71 64.03 54.45 42.88 41.99 46.41 41.69 38.11 40.04 42.92 36.57 34.99 46.16 47.95 46.56 50.80 53.92 49.31 50.81 49.44 48.33 46.43 45.82 46.69 -9999 -9999 -9999
-9999 -9999 -9999 -9999 -9999 -9999 -9999 -9999 -9999 -9999 -9999 -9999 -9999 -9999 -9999 -9999 -9999 -9999 -9999 -9999 -9999 -9999 -9999 -9999 -9999 -9999 -9999 -9999 -9999 -9999 104.25 111.83 111.79 125.15 113.76 109.73 107.49 104.33 107.77 109.56 98.96 98.06 108.39 122.25 130.90 153.53 175.45 178.91 142.25 127.11 86.06 61.25 52.53 47.01 50.30 45.51 46.05 42.23 47.49 47.27 45.03 47.48 50.45 49.17 52.12 54.78 51.09 53.38 66.22 55.74 46.24 45.78 47.99 -9999 -9999 -9999
-9999 -9999 -9999 -9999 -9999 -9999 -9999 -9999 -9999 -9999 106.76 108.24 115.37 125.68 -9999 -9999 -9999 -9999 -9999 -9999 -9999 -9999 -9999 -9999 -9999 -9999 -9999 -9999 -9999 64.21 87.56 97.16 116.86 144.07 117.78 100.04 95.85 92.95 95.11 99.06 98.54 99.19 109.66 123.81 154.12 129.92 178.13 154.67 166.25 149.69 78.28 68.72 46.71 58.02 56.10 48.99 45.98 43.89 43.00 51.99 51.48 53.05 48.57 52.27 52.28 55.13 63.84 72.71 76.87 68.17 50.41 46.87 46.90 46.28 -9999 -9999
-9999 -9999 -9999 -9999 -9999 -9999 -9999 -9999 -9999 -9999 114.16 124.63 118.48 129.17 -9999 -9999 -9999 -9999 -9999 -9999 -9999 -9999 -9999 -9999 -9999 -9999 -9999 -9999 73.22 74.63 82.00 90.20 114.28 106.54 95.50 95.29 86.51 86.73 86.25 95.40 96.71 96.56 104.88 102.93 109.40 127.35 199.90 160.15 126.58 94.95 83.64 66.14 49.24 56.08 55.30 53.68 50.27 42.99 42.94 49.73 54.53 57.86 55.50 55.13 52.52 57.00 63.00 76.20 73.04 61.85 53.32 47.69 45.23 45.45 -9999 -9999
-9999 -9999 -9999 -9999 -9999 -9999 -9999 -9999 77.03 89.50 96.40 127.98 123.18 138.72 137.31 107.13 126.74 -9999 -9999 111.15 103.00 -9999 -9999 -9999 76.43 88.51 91.82 -9999 75.77 83.15 84.55 81.93 84.53 90.01 85.57 81.39 94.18 98.90 93.07 87.05 99.05 99.80 99.17 124.18 115.25 123.06 155.49 114.89 106.08 111.40 79.85 79.11 55.75 55.37 53.72 60.39 54.44 50.67 54.17 52.91 53.25 55.31 55.37 57.95 56.71 55.60 56.62 66.29 65.42 51.82 55.59 46.84 40.56 46.14 46.60 -9999
-9999 -9999 -9999 -9999 -9999 -9999 -9999 -9999 -9999 96.70 101.37 120.49 124.10 127.53 138.06 138.86 124.62 -9999 119.51 126.25 118.47 91.62 86.46 81.86 79.24 102.06 94.03 87.46 -9999 74.62 78.33 76.65 63.10 76.98 86.79 84.25 92.02 91.38 86.68 92.81 95.19 116.40 111.90 151.67 171.74 164.10 155.39 103.36 125.00 104.58 81.13 67.67 58.99 62.17 61.08 55.47 55.79 46.18 51.62 59.33 55.73 55.41 53.80 59.92 53.97 53.94 54.63 55.46 55.86 55.86 58.92 50.79 45.75 43.59 46.50 -9999
-9999 -9999 -9999 -9999 -9999 -9999 -9999 -9999 -9999 -9999 101.57 110.93 124.86 128.75 129.02 131.93 150.54 149.62 213.96 160.48 138.10 129.45 121.96 98.44 91.93 91.86 89.69 93.96 97.12 77.21 72.13 77.25 75.60 84.93 96.48 98.85 98.72 91.02 84.79 88.36 99.42 114.80 126.90 159.13 173.25 171.86 148.07 108.88 97.27 96.66 75.65 66.84 63.14 63.46 55.22 49.87 54.25 49.98 52.94 50.96 50.74 51.21 53.07 51.32 50.34 50.43 50.25 49.71 46.93 52.52 53.90 51.96 53.05 45.64 49.32 51.17
-9999 -9999 -9999 -9999 -9999 -9999 -9999 -9999 -9999 -9999 -9999 110.45 112.77 115.77 137.92 179.10 225.32 284.91 270.76 220.14 174.03 141.95 155.00 134.20 102.86 102.46 111.23 91.10 94.05 88.18 83.76 76.93 76.44 79.15 91.16 94.78 89.90 94.83 82.83 89.06 93.22 102.96 134.64 152.32 179.12 170.31 144.70 129.14 94.07 89.61 86.97 73.23 68.76 66.70 53.24 50.84 58.92 48.67 48.34 44.97 42.77 46.82 48.32 53.60 48.24 46.90 46.92 44.91 43.03 48.23 55.82 48.07 46.36 47.95 51.82 53.72
-9999 -9999 -9999 -9999 -9999 -9999 -9999 -9999 -9999 -9999 -9999 -9999 117.44 117.92 181.99 208.72 300.00 384.61 374.54 290.86 248.42 175.52 185.56 150.57 140.68 120.16 95.70 119.58 93.70 83.06 84.08 76.38 74.75 74.39 75.67 74.00 79.89 78.41 84.09 81.72 85.19 98.94 133.14 151.17 144.47 134.14 117.12 120.38 101.08 88.79 81.76 76.21 72.07 73.35 65.96 64.47 65.06 50.08 49.77 43.62 43.37 43.76 39.99 50.93 46.75 43.86 41.94 37.12 40.51 42.80 45.94 43.73 46.89 48.73 53.15 58.51
-9999 -9999 -9999 -9999 -9999 -9999 -9999 -9999 -9999 -9999 -9999 -9999 130.14 134.11 187.64 267.73 451.89 533.35 407.47 296.63 218.71 225.58 200.96 188.53 156.48 145.48 99.49 103.76 104.45 90.49 85.93 73.10 59.82 67.84 72.20 77.50 82.02 75.72 71.93 55.26 81.64 98.05 125.43 123.46 123.04 136.59 137.95 122.80 104.55 88.54 96.29 80.87 68.40 73.14 71.17 73.16 68.25 52.33 48.73 42.34 39.63 42.46 42.77 46.06 48.17 42.63 40.17 36.04 37.57 39.49 42.32 44.57 44.43 47.96 47.46 -9999
-9999 -9999 -9999 -9999 -9999 -9999 -9999 -9999 -9999 -9999 -9999 -9999 171.03 216.19 260.86 337.13 521.69 457.44 369.20 285.04 200.88 232.25 176.32 166.64 172.73 144.97 118.37 126.91 96.94 94.86 77.48 70.19 65.49 69.39 66.01 67.66 84.67 83.36 67.20 43.49 90.26 101.36 111.05 116.27 128.12 134.38 124.87 117.58 91.66 101.16 101.44 73.97 71.10 68.11 66.43 64.80 55.71 54.76 44.22 41.63 42.01 43.62 41.14 49.83 42.77 41.11 38.86 37.84 36.49 41.00 39.43 43.57 43.75 44.22 -9999 -9999
-9999 -9999 -9999 -9999 -9999 -9999 -9999 -9999 -9999 -9999 -9999 144.47 276.60 241.43 304.49 325.26 311.98 409.06 361.36 325.37 315.43 290.11 219.54 167.46 159.00 139.10 139.27 145.34 111.26 101.51 76.41 60.78 61.69 72.09 67.31 66.78 76.35 74.34 69.48 78.68 93.91 88.72 101.60 116.60 104.53 143.12 126.33 97.08 93.21 83.73 83.13 71.52 55.57 50.74 70.59 58.56 50.03 46.95 44.45 39.48 40.68 41.91 38.44 44.02 40.09 39.78 39.68 37.17 36.95 38.69 42.84 45.13 43.64 -9999 -9999 -9999
-9999 -9999 -9999 -9999 -9999 -9999 -9999 -9999 -9999 105.46 113.48 133.31 172.66 201.06 219.02 245.07 205.22 260.66 247.97 310.41 311.99 307.85 290.88 214.47 145.97 154.99 139.13 110.42 99.36 89.17 85.37 77.58 60.15 71.55 68.34 73.88 74.51 69.65 76.77 86.89 96.85 95.01 94.53 105.05 107.76 103.44 90.05 92.83 82.24 77.07 77.34 70.37 54.27 39.68 62.61 48.53 46.16 43.12 36.93 35.79 38.79 40.01 36.54 37.31 38.97 34.46 37.66 35.64 36.28 39.22 32.36 36.63 -9999 -9999 -9999 -9999
-9999 -9999 -9999 -9999 -9999 -9999 -9999 -9999 102.24 103.61 111.26 121.50 142.63 136.21 153.99 162.82 169.08 209.26 254.18 276.05 322.21 261.51 195.06 187.35 142.21 181.75 182.64 159.37 119.32 96.86 91.06 77.93 68.61 74.22 76.69 75.40 74.56 72.38 73.27 85.46 76.12 87.46 96.05 98.56 88.67 88.51 81.05 75.05 70.21 74.33 72.32 69.04 66.13 54.88 49.36 41.88 40.90 40.50 34.75 35.09 38.24 41.02 37.25 38.62 38.66 34.65 34.40 34.38 33.18 39.64 40.72 34.04 -9999 -9999 -9999 -9999
-9999 -9999 -9999 -9999 -9999 -9999 -9999 106.90 105.42 100.56 115.01 -9999 -9999 -9999 -9999 127.46 175.02 273.75 296.93 287.92 265.69 265.80 252.56 231.02 179.31 245.50 217.28 171.24 122.39 115.49 89.12 81.91 84.21 81.00 74.33 73.68 72.82 76.32 65.57 67.13 64.32 76.88 81.12 79.65 76.26 80.29 69.21 69.54 72.17 68.09 60.97 60.12 60.16 56.45 50.54 42.80 46.78 40.53 39.11 41.22 42.80 42.58 42.11 42.94 38.68 37.15 33.79 34.34 33.50 33.44 34.70 32.60 26.77 -9999 -9999 -9999
-9999 -9999 -9999 -9999 -9999 -9999 -9999 83.19 116.90 107.22 109.22 -9999 -9999 -9999 -9999 119.60 163.74 299.69 269.95 282.85 280.03 290.66 311.64 284.97 222.43 253.03 181.66 140.19 127.80 104.38 91.51 86.60 85.95 78.89 77.24 76.73 73.09 74.87 67.60 63.63 67.15 66.90 69.31 62.80 63.08 66.13 66.55 73.00 69.35 67.12 60.54 63.36 58.81 56.07 57.18 40.18 46.79 46.37 44.41 50.58 48.03 46.48 45.32 47.34 37.17 37.32 35.21 37.43 32.25 32.02 31.96 32.27 30.75 32.13 -9999 -9999
-9999 -9999 -9999 -9999 -9999 -9999 -9999 -9999 -9999 -9999 -9999 -9999 -9999 -9999 -9999 127.53 189.40 223.43 203.56 249.19 244.62 328.86 355.70 254.21 239.62 218.84 191.60 151.92 119.30 113.43 87.58 85.47 79.26 75.80 68.26 65.74 68.14 63.80 66.06 68.27 67.46 63.22 65.38 60.67 61.58 63.88 63.47 67.07 61.19 67.19 66.80 67.28 53.90 48.49 47.90 62.63 44.86 46.54 47.04 46.58 46.25 47.99 40.48 46.64 42.15 39.18 34.73 34.13 28.59 27.27 30.85 33.30 35.08 35.71 33.20 35.17
-9999 -9999 -9999 -9999 -9999 -9999 -9999 -9999 -9999 -9999 -9999 -9999 -9999 -9999 -9999 -9999 182.33 175.01 236.30 258.04 317.58 316.90 345.03 320.01 240.56 206.20 177.62 131.45 109.65 91.24 80.94 75.54 84.19 75.71 69.66 65.32 60.59 57.94 62.94 62.74 61.49 61.98 60.49 66.68 72.05 63.62 62.27 60.62 57.10 54.02 54.91 57.16 47.22 50.32 55.21 48.14 45.21 41.66 42.23 46.78 46.48 50.37 43.37 51.45 43.16 39.73 33.58 32.66 29.41 26.08 31.69 38.01 35.53 35.65 34.62 35.17
-9999 -9999 -9999 -9999 -9999 -9999 -9999 -9999 -9999 -9999 -9999 -9999 -9999 -9999 -9999 -9999 174.37 248.12 343.96 369.55 343.87 298.20 282.86 237.73 210.79 177.22 131.43 134.23 115.28 85.42 83.82 81.47 82.61 73.24 70.14 65.25 66.55 51.60 66.91 63.91 60.18 59.98 58.43 66.03 70.18 66.14 67.52 54.35 52.03 50.15 52.17 51.29 49.34 60.31 54.21 44.17 42.99 44.74 45.40 49.83 54.16 53.18 50.57 47.04 42.26 39.73 34.47 32.11 31.96 33.56 33.05 31.44 33.87 34.21 35.20 35.30
-9999 -9999 -9999 -9999 -9999 -9999 -9999 -9999 -9999 -9999 -9999 -9999 -9999 -9999 -9999 160.48 180.05 257.10 345.33 354.81 295.98 278.52 261.70 255.71 227.60 175.25 137.15 132.40 101.76 123.20 86.79 79.58 78.08 78.25 78.87 68.81 78.22 70.19 67.28 59.93 58.98 60.07 60.74 68.69 68.68 62.07 58.30 52.66 50.41 44.98 41.43 47.81 48.14 53.32 49.09 43.42 45.47 46.92 47.48 50.97 57.86 55.95 51.75 44.88 41.44 39.07 34.91 33.02 32.48 31.13 29.48 32.73 34.47 35.06 33.17 36.18
-9999 -9999 -9999 -9999 -9999 -9999 -9999 -9999 -9999 -9999 -9999 -9999 -9999 -9999 -9999 135.48 160.67 263.76 283.35 263.46 224.56 230.84 256.75 251.37 214.23 167.92 139.72 123.98 99.61 97.88 86.18 77.20 84.25 73.57 72.77 64.36 70.34 69.44 66.58 61.80 60.78 60.91 63.35 81.32 71.82 64.72 58.37 51.59 50.38 45.03 44.35 49.55 50.33 54.89 52.72 43.82 45.16 47.07 53.84 50.03 58.16 58.84 54.00 46.57 37.20 35.70 38.92 34.80 34.99 31.78 28.59 31.11 34.26 34.89 35.36 36.38
-9999 -9999 -9999 -9999 -9999 -9999 -9999 -9999 -9999 -9999 -9999 -9999 -9999 -9999 -9999 105.95 138.67 168.21 204.60 217.18 238.61 249.27 268.97 232.54 213.00 176.30 142.37 107.92 97.57 97.53 85.45 87.14 104.29 86.34 87.85 77.40 74.76 74.76 64.26 64.72 61.37 59.59 68.11 80.71 77.13 70.55 59.13 47.90 48.27 53.76 50.08 51.74 52.38 49.27 51.25 47.56 49.02 49.65 54.13 52.67 51.79 46.65 48.61 46.39 42.98 33.61 33.14 34.94 35.17 33.55 30.82 32.93 35.03 33.01 35.84 38.94
-9999 -9999 -9999 -9999 -9999 -9999 -9999 -9999 -9999 -9999 -9999 -9999 -9999 -9999 -9999 -9999 120.66 185.50 231.24 277.07 346.70 286.27 259.64 194.79 138.92 139.44 133.62 115.38 124.84 78.12 84.93 81.93 105.73 88.25 80.74 67.40 81.48 85.51 68.48 70.93 72.15 68.04 74.13 75.13 71.08 64.01 56.90 51.67 52.63 56.99 54.53 51.87 51.27 50.62 49.13 50.16 52.08 53.55 55.69 51.30 50.70 44.10 45.69 45.74 39.02 38.24 33.46 36.68 36.65 35.26 32.92 33.40 35.54 32.95 36.97 40.92
-9999 -9999 -9999 -9999 -9999 -9999 -9999 -9999 -9999 -9999 -9999 -9999 -9999 -9999 -9999 -9999 161.46 186.70 236.04 307.79 425.40 366.94 291.51 198.65 147.90 138.41 148.46 149.94 130.22 105.30 83.91 87.98 96.87 87.60 85.52 89.95 87.14 88.57 77.74 78.37 79.71 67.93 68.95 73.47 71.95 66.28 61.78 60.13 56.10 59.45 58.42 54.28 55.16 57.04 55.70 55.35 58.74 54.26 57.01 56.19 51.25 45.60 45.41 43.38 40.27 34.71 30.31 36.99 39.71 37.84 33.05 35.23 36.23 39.49 35.94 48.59
-9999 -9999 -9999 -9999 -9999 -9999 -9999 -9999 -9999 -9999 -9999 -9999 -9999 -9999 -9999 111.24 141.49 177.24 230.98 281.47 355.48 337.42 240.66 224.87 226.07 173.37 162.25 147.70 113.91 111.29 112.71 110.99 90.89 89.91 97.17 94.62 94.44 87.22 75.12 78.36 65.90 63.96 66.54 70.37 70.50 70.73 62.21 62.90 57.21 63.66 61.24 57.80 57.35 61.59 53.47 57.54 56.46 55.17 51.13 54.11 47.08 45.89 44.08 43.02 36.07 38.95 39.05 39.25 40.46 39.59 37.49 35.60 35.19 40.15 46.00 49.06
-9999 -9999 -9999 -9999 -9999 -9999 -9999 -9999 -9999 -9999 -9999 -9999 -9999 -9999 -9999 132.61 153.08 158.38 177.62 238.74 324.90 300.28 240.20 211.79 173.35 170.62 163.87 164.65 136.49 141.13 124.66 99.29 109.39 90.82 97.00 83.84 108.02 76.47 75.63 75.75 61.76 60.34 61.44 79.34 72.61 67.45 63.93 60.85 58.42 61.32 57.01 52.26 54.67 50.74 51.00 53.35 53.67 52.98 56.42 54.70 49.54 45.40 41.98 45.52 38.18 41.07 42.78 40.23 42.76 40.31 41.52 37.11 36.82 38.86 44.76 41.91
-9999 -9999 -9999 -9999 -9999 -9999 -9999 -9999 -9999 -9999 -9999 -9999 -9999 -9999 -9999 134.66 141.84 136.68 178.24 224.77 283.06 303.88 249.24 185.35 173.13 175.72 155.45 152.43 156.16 130.70 116.97 105.40 94.91 112.30 93.37 86.95 86.66 75.19 73.64 67.82 60.97 60.16 61.42 63.65 66.86 66.92 63.83 60.53 59.02 56.28 49.00 49.40 55.31 58.85 41.91 51.37 47.22 54.86 50.85 47.52 48.67 47.23 46.88 42.29 43.96 43.83 40.42 38.45 40.26 40.98 42.20 38.93 36.15 32.75 28.85 34.87
-9999 -9999 -9999 -9999 -9999 -9999 -9999 -9999 -9999 -9999 -9999 -9999 -9999 -9999 135.97 144.80 165.43 161.41 122.01 192.60 243.36 264.83 219.45 167.50 148.90 162.47 160.41 176.83 142.50 138.23 139.81 120.02 95.70 92.74 82.12 80.01 81.76 84.19 69.53 62.82 65.49 58.43 59.83 60.67 58.07 54.97 59.96 58.78 58.48 55.52 50.67 48.27 49.06 50.82 50.35 53.11 51.33 52.40 48.09 47.08 48.79 45.02 37.72 42.94 44.63 44.34 49.15 40.40 39.91 43.08 41.99 36.28 37.28 35.67 33.22 34.66
-9999 -9999 -9999 -9999 -9999 -9999 -9999 -9999 -9999 -9999 -9999 -9999 -9999 147.71 149.28 147.67 158.92 151.95 170.12 215.70 258.91 226.78 260.62 203.14 199.79 169.63 135.82 159.06 133.33 128.81 123.00 130.24 109.60 97.29 85.50 85.24 74.61 75.91 70.97 66.17 58.88 55.34 57.87 60.38 48.86 50.90 53.39 57.84 59.34 56.56 53.98 49.42 51.40 50.51 49.29 45.44 49.18 52.45 47.75 46.23 49.16 45.80 41.57 47.25 46.94 46.17 55.92 43.38 42.90 44.15 40.36 39.32 39.46 38.25 35.21 40.62
