Rainfall_2007-2011/Rainfall_2010-12_ACTUAL.txt
ncols         180
nrows         290
xllcorner     -200000
yllcorner     -200000
cellsize      5000
NODATA_value  -9999
[rows 136 to 169 of 290, columns 77 to 153 of 180]
-9999 -9999 76.32 78.33 77.61 90.96 84.28 86.24 74.63 53.13 49.93 58.36 65.06 84.10 74.01 62.03 50.26 48.55 43.10 45.45 43.92 47.00 48.26 49.13 36.20 34.29 34.26 29.47 26.24 23.23 23.98 25.37 28.98 23.28 28.22 41.34 38.27 34.64 35.33 35.58 26.04 29.85 39.07 35.27 43.63 39.07 34.43 33.97 30.89 61.04 63.42 -9999 -9999 -9999 -9999 -9999 -9999 -9999 -9999 -9999 -9999 -9999 -9999 -9999 -9999 -9999 -9999 -9999 -9999 -9999 -9999 -9999 -9999 -9999 -9999 -9999 -9999
-9999 -9999 85.97 85.97 73.30 83.36 72.80 65.32 55.70 47.12 46.21 48.98 58.08 70.41 71.43 64.51 48.24 38.92 36.64 46.32 48.06 58.55 50.91 -9999 -9999 -9999 28.60 26.77 -9999 21.01 18.38 24.95 29.86 28.40 31.58 41.97 34.14 30.16 34.84 32.28 29.89 30.60 31.86 30.91 35.80 33.36 38.62 28.81 32.55 49.01 53.12 -9999 -9999 -9999 -9999 -9999 -9999 -9999 -9999 -9999 -9999 -9999 -9999 -9999 -9999 -9999 -9999 -9999 -9999 -9999 -9999 -9999 -9999 -9999 -9999 -9999 -9999
-9999 -9999 88.81 100.66 66.98 66.30 68.88 59.59 50.82 46.33 40.66 44.88 48.85 67.13 65.03 64.75 49.02 39.00 44.54 42.39 44.28 44.96 44.52 -9999 -9999 -9999 28.81 26.21 25.15 21.81 17.94 22.84 27.86 32.84 37.63 51.34 34.65 37.98 33.14 26.46 36.26 34.39 35.32 33.96 40.85 33.13 33.37 44.03 45.42 42.42 49.14 -9999 -9999 -9999 -9999 -9999 -9999 -9999 -9999 -9999 -9999 -9999 -9999 -9999 -9999 -9999 -9999 -9999 -9999 -9999 -9999 -9999 -9999 -9999 -9999 -9999 -9999
-9999 -9999 -9999 90.23 66.20 58.38 -9999 56.99 48.23 41.98 39.48 39.98 -9999 46.19 45.70 50.52 40.18 40.88 53.30 47.98 41.52 -9999 -9999 -9999 -9999 29.95 28.66 27.52 24.60 24.14 22.36 24.15 29.37 32.26 39.40 48.33 32.26 47.61 36.27 35.71 39.48 41.47 47.02 33.82 36.43 41.82 31.24 35.91 41.39 46.43 49.27 38.94 -9999 -9999 -9999 -9999 -9999 -9999 -9999 -9999 -9999 -9999 -9999 -9999 -9999 -9999 -9999 -9999 -9999 -9999 -9999 -9999 -9999 -9999 -9999 -9999 -9999
-9999 -9999 -9999 -9999 51.33 -9999 -9999 -9999 36.99 30.90 33.64 34.12 29.67 -9999 -9999 36.20 28.56 39.30 50.51 -9999 -9999 -9999 -9999 -9999 38.66 33.85 26.71 31.85 27.31 25.09 23.36 24.76 28.58 31.17 37.80 44.92 56.62 46.55 46.37 45.04 61.97 49.77 43.83 40.52 41.55 36.42 47.52 43.17 37.34 47.39 46.28 41.36 -9999 -9999 -9999 -9999 -9999 -9999 -9999 -9999 -9999 -9999 -9999 -9999 -9999 -9999 -9999 -9999 -9999 -9999 -9999 -9999 -9999 -9999 -9999 -9999 -9999
-9999 -9999 -9999 -9999 41.94 39.04 -9999 -9999 -9999 25.82 30.55 33.85 31.08 -9999 -9999 -9999 -9999 35.71 -9999 -9999 -9999 -9999 -9999 -9999 33.82 35.68 39.08 41.81 36.97 29.98 24.86 23.51 24.35 31.11 34.01 41.08 42.65 49.63 60.47 51.66 55.70 59.01 49.65 51.57 43.37 41.49 43.72 39.48 34.86 39.16 51.39 42.89 -9999 -9999 -9999 -9999 -9999 -9999 -9999 -9999 -9999 -9999 -9999 -9999 -9999 -9999 -9999 -9999 -9999 -9999 -9999 -9999 -9999 -9999 -9999 -9999 -9999
-9999 -9999 -9999 -9999 -9999 43.38 -9999 -9999 -9999 -9999 31.76 35.29 33.04 -9999 -9999 -9999 -9999 -9999 -9999 -9999 -9999 -9999 -9999 39.35 43.05 47.06 53.38 48.01 44.03 37.90 31.95 17.71 24.16 24.77 33.55 44.48 55.26 53.13 53.29 54.40 48.91 53.49 47.69 41.16 34.62 42.28 44.78 38.60 39.39 42.04 60.88 57.84 45.15 -9999 -9999 -9999 -9999 -9999 -9999 -9999 -9999 -9999 -9999 -9999 -9999 -9999 -9999 -9999 -9999 -9999 -9999 -9999 -9999 -9999 -9999 -9999 -9999
-9999 -9999 -9999 -9999 -9999 48.74 -9999 -9999 -9999 -9999 -9999 -9999 -9999 -9999 -9999 -9999 -9999 -9999 -9999 -9999 -9999 -9999 -9999 39.37 34.55 45.52 53.58 28.43 48.31 76.40 36.41 33.60 25.02 27.09 29.71 27.82 44.86 50.77 60.53 53.99 58.30 65.76 47.27 43.85 46.03 34.79 38.53 37.73 46.78 45.17 50.34 52.42 48.22 42.65 -9999 -9999 -9999 -9999 -9999 -9999 -9999 -9999 -9999 -9999 -9999 -9999 -9999 -9999 -9999 -9999 -9999 -9999 -9999 -9999 -9999 -9999 -9999
-9999 -9999 -9999 -9999 -9999 -9999 -9999 -9999 -9999 -9999 -9999 -9999 -9999 -9999 -9999 -9999 -9999 -9999 -9999 -9999 -9999 -9999 32.23 40.31 41.45 44.34 48.55 36.70 52.40 51.45 41.34 30.81 29.93 23.42 23.51 18.29 30.02 53.14 53.99 47.52 45.80 48.94 47.03 43.08 38.43 36.15 35.42 34.81 36.32 38.29 41.77 45.21 42.94 40.64 -9999 -9999 -9999 -9999 -9999 -9999 -9999 -9999 -9999 -9999 -9999 -9999 -9999 -9999 -9999 -9999 -9999 -9999 -9999 -9999 -9999 -9999 -9999
-9999 -9999 -9999 -9999 -9999 -9999 -9999 -9999 -9999 -9999 -9999 -9999 -9999 -9999 -9999 -9999 -9999 -9999 -9999 -9999 -9999 -9999 36.80 39.53 42.67 44.49 58.42 44.18 35.71 46.72 28.78 36.00 33.26 26.35 23.95 22.02 26.86 30.66 50.49 52.07 46.83 35.37 39.16 39.22 32.81 39.86 28.96 37.92 31.89 34.88 36.08 41.47 44.42 45.33 50.52 53.29 49.05 -9999 -9999 -9999 -9999 -9999 -9999 -9999 -9999 -9999 -9999 -9999 -9999 -9999 -9999 -9999 -9999 -9999 -9999 -9999 -9999
-9999 -9999 -9999 -9999 -9999 -9999 -9999 -9999 -9999 -9999 -9999 -9999 -9999 -9999 -9999 -9999 -9999 -9999 -9999 -9999 -9999 -9999 34.91 41.78 56.31 51.98 47.60 62.98 62.27 76.62 41.63 41.00 37.83 33.42 29.45 26.54 21.35 21.39 38.70 38.48 40.36 31.99 30.84 28.98 29.72 29.52 27.93 31.47 33.34 30.78 32.86 40.24 49.03 58.58 70.73 60.68 71.02 74.25 52.63 -9999 -9999 -9999 -9999 -9999 -9999 -9999 -9999 -9999 -9999 -9999 -9999 -9999 -9999 -9999 -9999 -9999 -9999
-9999 -9999 -9999 -9999 -9999 -9999 -9999 -9999 -9999 -9999 -9999 -9999 -9999 -9999 -9999 -9999 -9999 -9999 -9999 -9999 -9999 -9999 43.31 55.70 75.25 84.17 106.10 90.12 66.75 54.15 59.66 59.69 60.32 42.90 46.14 34.55 26.99 23.16 30.57 32.13 39.19 36.51 32.34 32.32 26.51 30.91 38.80 32.80 31.67 30.25 31.93 33.26 44.09 59.66 59.57 68.03 92.60 80.35 78.57 95.20 86.25 -9999 -9999 -9999 -9999 -9999 -9999 -9999 -9999 -9999 -9999 -9999 -9999 -9999 -9999 -9999 -9999
-9999 -9999 -9999 -9999 -9999 -9999 -9999 -9999 -9999 -9999 -9999 -9999 -9999 -9999 -9999 -9999 -9999 -9999 -9999 -9999 -9999 -9999 42.72 52.55 79.28 86.18 67.74 94.19 99.54 71.82 69.60 61.13 64.84 55.00 44.46 37.72 26.55 24.07 26.07 47.23 44.15 43.13 47.66 52.06 41.88 38.85 38.26 30.46 27.70 28.46 33.23 36.54 40.24 52.89 54.99 63.97 61.54 91.70 82.57 98.31 84.76 95.35 -9999 -9999 -9999 -9999 -9999 -9999 -9999 -9999 -9999 -9999 -9999 -9999 -9999 -9999 -9999
-9999 -9999 -9999 -9999 -9999 -9999 -9999 -9999 -9999 -9999 62.20 51.60 45.80 -9999 -9999 -9999 -9999 -9999 -9999 -9999 -9999 -9999 -9999 37.67 46.47 69.83 83.60 76.77 70.83 66.64 60.87 62.97 55.29 54.97 48.05 29.78 34.71 36.76 42.46 47.67 48.20 50.03 59.31 60.20 41.02 39.98 30.37 27.86 28.94 25.03 36.64 41.32 46.94 73.46 71.46 85.34 89.42 95.12 86.17 58.29 88.34 96.99 76.77 -9999 -9999 -9999 -9999 -9999 -9999 -9999 -9999 -9999 -9999 -9999 -9999 -9999 -9999
-9999 -9999 -9999 -9999 -9999 -9999 -9999 -9999 -9999 -9999 71.12 59.32 -9999 -9999 -9999 -9999 -9999 -9999 -9999 -9999 -9999 -9999 -9999 -9999 41.75 59.60 83.10 68.02 73.81 58.58 62.31 50.73 45.89 34.95 37.71 36.83 49.86 48.62 43.22 53.07 48.16 33.39 35.01 47.67 32.97 37.87 28.32 23.49 25.37 27.90 40.57 49.30 56.77 72.05 76.21 69.69 66.11 77.25 91.11 80.12 60.47 78.07 90.45 -9999 -9999 -9999 -9999 -9999 -9999 -9999 -9999 -9999 -9999 -9999 -9999 -9999 -9999
-9999 -9999 -9999 -9999 -9999 -9999 -9999 -9999 -9999 83.32 100.36 89.12 84.01 -9999 -9999 -9999 -9999 -9999 -9999 -9999 -9999 -9999 -9999 -9999 37.68 55.50 77.70 72.89 61.38 63.62 61.37 47.45 43.35 34.71 34.75 30.48 30.78 51.42 51.12 50.99 40.77 39.47 43.63 39.45 36.96 24.50 21.75 24.29 23.13 23.57 27.10 49.02 59.72 56.92 69.03 75.44 72.37 80.88 83.44 78.03 71.82 69.81 82.83 65.47 -9999 -9999 -9999 -9999 -9999 -9999 -9999 -9999 -9999 -9999 -9999 -9999 -9999
-9999 -9999 -9999 -9999 -9999 -9999 -9999 -9999 84.38 113.61 114.69 110.28 85.48 -9999 -9999 -9999 -9999 -9999 -9999 -9999 -9999 -9999 -9999 -9999 44.11 64.21 85.42 56.90 65.71 67.26 58.10 52.54 49.11 39.36 34.82 30.39 43.87 47.05 59.87 36.78 46.31 41.18 37.69 34.18 37.04 20.86 23.74 24.42 20.01 18.59 25.71 33.37 47.15 55.92 58.41 55.46 54.36 55.17 81.89 77.85 78.73 62.51 63.75 63.08 -9999 -9999 -9999 -9999 -9999 -9999 -9999 -9999 -9999 -9999 -9999 -9999 -9999
-9999 -9999 -9999 -9999 -9999 -9999 -9999 69.33 79.33 124.12 107.37 86.17 -9999 -9999 -9999 -9999 -9999 -9999 -9999 -9999 -9999 -9999 -9999 -9999 -9999 63.69 72.58 57.99 66.02 55.62 48.87 42.08 39.63 30.88 33.20 27.50 35.23 43.74 46.88 47.53 52.23 52.77 52.93 50.16 44.81 27.90 27.35 22.97 22.33 19.87 19.30 22.09 31.23 46.51 45.87 37.71 34.07 36.89 60.24 57.19 52.68 59.35 49.34 50.52 72.80 71.36 -9999 -9999 -9999 -9999 -9999 -9999 -9999 -9999 -9999 -9999 -9999
-9999 -9999 -9999 -9999 -9999 -9999 -9999 80.89 96.67 90.27 74.56 76.95 -9999 -9999 -9999 -9999 -9999 -9999 -9999 -9999 -9999 -9999 -9999 -9999 -9999 -9999 57.57 53.36 49.33 43.04 35.60 34.15 27.74 26.30 33.88 28.58 38.86 34.18 39.66 40.49 48.47 46.10 50.57 54.58 42.58 31.48 27.48 25.56 21.46 18.91 17.90 17.89 28.50 36.16 32.44 26.26 29.17 31.18 39.65 42.13 44.60 48.86 42.85 46.38 82.14 77.36 -9999 -9999 -9999 -9999 -9999 -9999 -9999 -9999 -9999 -9999 -9999
-9999 -9999 -9999 -9999 -9999 -9999 -9999 72.07 71.80 53.43 68.61 -9999 -9999 -9999 -9999 -9999 -9999 -9999 -9999 -9999 -9999 -9999 -9999 -9999 -9999 -9999 52.59 53.91 48.02 -9999 32.88 -9999 26.20 25.77 28.55 29.28 29.35 31.41 36.40 44.08 68.78 37.00 37.43 52.02 49.50 34.79 28.57 26.30 22.17 19.55 18.87 18.50 23.88 30.69 32.74 32.48 27.88 33.05 30.54 33.80 36.92 46.25 48.87 45.95 56.57 73.13 77.33 76.81 -9999 -9999 -9999 -9999 -9999 -9999 -9999 -9999 -9999
-9999 -9999 -9999 -9999 -9999 -9999 56.83 59.99 55.26 -9999 -9999 -9999 -9999 -9999 -9999 -9999 -9999 -9999 -9999 -9999 -9999 -9999 -9999 -9999 -9999 -9999 46.52 44.17 39.69 -9999 -9999 -9999 25.19 30.50 27.80 33.80 29.29 28.55 28.40 28.58 50.76 49.08 37.04 43.33 41.90 35.92 35.39 27.96 23.95 19.13 22.83 19.03 17.74 19.67 26.64 30.88 30.56 28.18 25.29 38.59 33.36 52.48 55.64 53.85 61.30 68.32 65.74 70.15 -9999 -9999 -9999 -9999 -9999 -9999 -9999 -9999 -9999
-9999 -9999 -9999 -9999 -9999 -9999 -9999 -9999 -9999 -9999 -9999 -9999 -9999 -9999 -9999 -9999 -9999 -9999 -9999 -9999 -9999 -9999 -9999 -9999 -9999 -9999 -9999 -9999 -9999 -9999 -9999 24.24 26.63 33.56 44.40 44.16 43.61 39.96 26.75 32.75 44.52 40.82 39.01 33.85 37.01 35.94 32.97 27.94 25.34 25.03 22.23 18.91 14.73 15.77 24.51 30.65 32.47 31.74 37.04 50.84 45.19 56.33 45.12 33.11 48.40 66.76 65.25 -9999 -9999 -9999 -9999 -9999 -9999 -9999 -9999 -9999 -9999
-9999 -9999 -9999 -9999 -9999 -9999 -9999 -9999 -9999 -9999 -9999 -9999 -9999 -9999 -9999 -9999 -9999 -9999 -9999 -9999 -9999 -9999 -9999 -9999 -9999 -9999 -9999 -9999 -9999 -9999 -9999 26.68 32.73 27.62 54.00 55.20 52.23 42.93 40.21 31.36 35.58 34.42 36.09 34.80 39.15 35.57 35.11 27.48 34.52 34.49 22.64 19.71 15.66 18.30 25.36 27.33 30.60 34.28 38.02 51.84 49.77 43.16 39.03 35.90 39.41 58.81 58.23 -9999 -9999 -9999 -9999 -9999 -9999 -9999 -9999 -9999 -9999
-9999 -9999 -9999 -9999 -9999 -9999 -9999 -9999 -9999 -9999 -9999 -9999 -9999 -9999 -9999 -9999 -9999 -9999 -9999 -9999 -9999 -9999 -9999 -9999 -9999 -9999 -9999 -9999 -9999 -9999 -9999 24.77 27.14 32.37 38.86 49.40 52.36 40.24 34.82 32.10 34.50 30.81 35.38 30.66 28.65 38.94 27.95 43.49 44.50 36.77 23.58 21.09 20.39 23.72 26.95 26.17 27.07 31.25 36.12 44.46 43.59 40.34 36.74 33.18 40.21 55.55 57.01 -9999 -9999 -9999 -9999 -9999 -9999 -9999 -9999 -9999 -9999
-9999 -9999 -9999 -9999 -9999 -9999 -9999 -9999 -9999 -9999 -9999 -9999 -9999 -9999 -9999 -9999 -9999 -9999 -9999 -9999 -9999 -9999 -9999 -9999 -9999 -9999 -9999 -9999 -9999 21.90 25.39 24.56 27.59 32.13 46.43 59.16 50.97 48.49 34.57 38.53 32.48 37.98 36.95 34.43 34.50 33.06 25.28 24.26 25.13 20.44 22.68 23.08 23.95 24.19 23.92 24.37 25.65 27.34 33.05 38.39 40.78 35.80 32.24 31.83 39.74 43.67 49.46 52.04 -9999 -9999 -9999 -9999 -9999 -9999 -9999 -9999 -9999
-9999 -9999 -9999 -9999 -9999 -9999 -9999 -9999 -9999 -9999 -9999 -9999 -9999 -9999 -9999 -9999 -9999 -9999 -9999 -9999 -9999 -9999 -9999 -9999 -9999 -9999 -9999 -9999 -9999 29.47 40.17 31.30 30.91 34.57 50.25 44.82 44.17 39.70 37.00 47.71 49.00 40.09 36.23 35.16 22.97 31.23 23.26 27.21 23.43 18.60 21.71 28.23 26.69 21.31 21.36 22.83 23.90 24.86 30.25 35.07 37.41 36.04 30.69 22.80 40.26 40.36 44.79 49.36 -9999 -9999 -9999 -9999 -9999 -9999 -9999 -9999 -9999
-9999 -9999 -9999 -9999 -9999 -9999 -9999 -9999 -9999 -9999 -9999 -9999 -9999 -9999 -9999 -9999 -9999 -9999 -9999 -9999 -9999 -9999 -9999 -9999 -9999 -9999 -9999 -9999 -9999 30.09 33.79 32.06 33.55 34.36 36.91 34.15 40.79 40.88 42.08 35.27 38.33 25.86 46.80 23.39 25.51 23.50 25.18 25.20 26.57 24.02 24.93 25.69 24.21 20.52 20.49 22.87 23.53 24.82 27.91 33.38 36.96 37.54 33.90 25.21 36.66 41.53 44.04 46.82 47.82 -9999 -9999 -9999 -9999 -9999 -9999 -9999 -9999
-9999 -9999 -9999 -9999 -9999 -9999 -9999 -9999 -9999 -9999 -9999 -9999 -9999 -9999 -9999 -9999 -9999 -9999 -9999 -9999 -9999 -9999 -9999 -9999 -9999 -9999 -9999 -9999 -9999 25.30 33.23 30.57 32.80 32.24 32.19 32.36 36.49 38.22 34.43 36.12 43.15 47.14 47.36 36.55 28.97 25.81 24.90 30.34 25.13 24.34 25.12 24.78 22.00 21.09 20.55 21.71 23.07 24.61 26.08 28.58 34.58 38.42 37.56 33.19 33.99 41.12 44.71 54.73 54.30 44.51 -9999 -9999 -9999 -9999 -9999 -9999 -9999
-9999 -9999 -9999 -9999 -9999 -9999 -9999 -9999 -9999 -9999 -9999 -9999 -9999 -9999 -9999 -9999 -9999 -9999 -9999 -9999 -9999 -9999 -9999 -9999 -9999 -9999 -9999 -9999 -9999 42.82 37.67 28.30 30.65 33.90 34.35 39.71 37.34 40.19 38.94 42.22 51.85 52.16 44.60 36.44 25.88 25.95 25.33 29.14 28.52 25.90 23.98 22.53 21.67 21.88 22.39 22.83 22.89 25.68 25.87 24.84 25.33 31.74 33.87 33.57 32.16 36.14 47.07 52.44 44.37 42.60 -9999 -9999 -9999 -9999 -9999 -9999 -9999
-9999 -9999 -9999 -9999 -9999 -9999 -9999 -9999 -9999 -9999 -9999 -9999 -9999 -9999 -9999 -9999 -9999 -9999 -9999 -9999 -9999 -9999 -9999 -9999 -9999 -9999 -9999 -9999 -9999 -9999 39.41 31.63 29.80 45.24 36.67 41.48 48.48 50.32 35.11 47.68 51.62 47.32 46.75 34.49 25.59 24.09 27.04 25.90 31.82 26.12 25.17 24.02 22.02 22.40 23.69 23.70 25.26 27.58 26.97 24.32 22.27 29.49 31.69 31.11 29.71 31.12 -9999 49.56 40.15 44.40 46.06 -9999 -9999 -9999 -9999 -9999 -9999
-9999 -9999 -9999 -9999 -9999 -9999 -9999 -9999 -9999 -9999 -9999 -9999 -9999 -9999 -9999 -9999 -9999 -9999 -9999 -9999 -9999 -9999 -9999 -9999 -9999 -9999 -9999 -9999 -9999 47.15 39.16 46.54 37.35 38.20 38.38 47.55 60.06 61.01 58.68 44.37 55.10 38.06 34.17 32.82 33.06 28.31 24.78 27.64 26.03 24.40 24.63 22.61 21.91 24.28 23.79 25.39 26.48 27.60 28.03 26.33 24.79 33.50 31.70 33.55 32.98 31.17 34.13 -9999 40.66 41.06 41.01 44.55 -9999 -9999 -9999 -9999 -9999
-9999 -9999 -9999 -9999 -9999 -9999 -9999 -9999 -9999 -9999 -9999 -9999 -9999 -9999 -9999 -9999 -9999 -9999 -9999 -9999 -9999 -9999 -9999 -9999 -9999 -9999 -9999 -9999 -9999 45.43 40.54 41.56 42.31 40.10 45.49 47.90 58.73 50.13 44.29 36.76 39.59 30.55 28.73 36.96 33.12 30.33 31.29 23.96 22.12 26.89 25.08 25.77 29.56 26.14 25.69 26.96 26.94 28.44 27.69 29.70 27.47 35.53 30.91 29.69 31.57 33.64 35.04 36.38 -9999 -9999 -9999 -9999 -9999 -9999 -9999 -9999 -9999
-9999 -9999 -9999 -9999 -9999 -9999 -9999 -9999 -9999 -9999 -9999 -9999 -9999 -9999 -9999 -9999 -9999 -9999 -9999 -9999 -9999 -9999 -9999 -9999 -9999 -9999 -9999 -9999 41.96 41.25 38.26 40.45 39.07 29.49 41.20 43.40 42.71 41.06 33.30 32.07 30.68 31.05 41.89 58.17 49.65 36.69 39.12 35.14 26.12 21.29 23.70 25.60 28.82 25.88 25.42 26.37 24.42 28.53 29.95 30.75 30.81 29.93 28.49 27.37 33.26 35.32 40.55 39.98 37.37 44.22 -9999 -9999 -9999 -9999 -9999 -9999 -9999
-9999 -9999 -9999 -9999 -9999 -9999 -9999 -9999 -9999 -9999 -9999 -9999 -9999 -9999 -9999 -9999 -9999 -9999 -9999 -9999 -9999 -9999 -9999 -9999 -9999 -9999 -9999 -9999 -9999 36.98 37.36 38.76 34.97 41.84 35.27 33.99 29.52 31.06 31.64 32.25 29.13 29.55 34.51 40.58 54.00 51.81 41.04 29.15 31.29 24.89 27.67 23.70 22.43 26.25 26.76 26.89 27.18 30.40 31.09 31.87 35.06 29.30 26.03 27.05 35.05 34.00 38.51 39.92 38.76 42.63 45.01 47.19 -9999 -9999 -9999 -9999 -9999
