Rainfall_2007-2011/Rainfall_2007-08_ACTUAL.txt
ncols         180
nrows         290
xllcorner     -200000
yllcorner     -200000
cellsize      5000
NODATA_value  -9999
[rows 102 to 135 of 290, columns 76 to 151 of 180]
151.90 -9999 170.46 188.55 257.79 200.83 252.96 212.68 200.76 176.77 221.14 169.34 186.91 127.36 110.18 123.81 99.09 88.38 120.89 149.69 156.64 105.25 105.90 107.54 102.36 95.00 83.53 83.76 84.19 115.02 94.39 92.71 85.44 83.90 76.22 62.27 71.60 -9999 -9999 -9999 -9999 -9999 -9999 -9999 -9999 -9999 -9999 -9999 -9999 -9999 -9999 -9999 -9999 -9999 -9999 -9999 -9999 -9999 -9999 -9999 -9999 -9999 -9999 -9999 -9999 -9999 -9999 -9999 -9999 -9999 -9999 -9999 -9999 -9999 -9999 -9999
-9999 141.32 147.46 165.94 156.38 246.87 276.91 168.47 176.00 222.26 178.65 179.44 195.00 163.93 125.23 76.21 121.41 122.93 145.75 125.92 119.84 141.73 145.17 112.02 94.79 88.84 83.90 85.68 107.40 88.30 75.97 92.67 80.21 82.59 72.53 -9999 -9999 -9999 -9999 -9999 -9999 -9999 -9999 -9999 -9999 -9999 -9999 -9999 -9999 -9999 -9999 -9999 -9999 -9999 -9999 -9999 -9999 -9999 -9999 -9999 -9999 -9999 -9999 -9999 -9999 -9999 -9999 -9999 -9999 -9999 -9999 -9999 -9999 -9999 -9999 -9999
153.73 162.73 179.93 207.77 180.97 202.43 214.02 111.20 170.88 187.80 156.34 132.05 130.75 135.57 131.02 138.43 95.34 115.08 108.78 123.66 144.78 115.64 122.23 107.33 98.12 101.95 94.07 88.26 87.32 71.36 70.91 74.71 78.26 87.55 -9999 -9999 -9999 -9999 -9999 -9999 -9999 -9999 -9999 -9999 -9999 -9999 -9999 -9999 -9999 -9999 -9999 -9999 -9999 -9999 -9999 -9999 -9999 -9999 -9999 -9999 -9999 -9999 -9999 -9999 -9999 -9999 -9999 -9999 -9999 -9999 -9999 -9999 -9999 -9999 -9999 -9999
154.93 193.92 185.60 201.63 167.62 170.99 180.51 195.81 233.30 202.63 177.07 157.34 185.31 132.63 131.03 114.09 115.03 139.09 117.16 101.99 87.85 97.17 96.28 90.56 100.11 106.70 89.03 93.77 83.17 78.52 83.78 79.72 82.18 80.09 -9999 -9999 -9999 -9999 -9999 -9999 -9999 -9999 -9999 -9999 -9999 -9999 -9999 -9999 -9999 -9999 -9999 -9999 -9999 -9999 -9999 -9999 -9999 -9999 -9999 -9999 -9999 -9999 -9999 -9999 -9999 -9999 -9999 -9999 -9999 -9999 -9999 -9999 -9999 -9999 -9999 -9999
179.68 183.78 191.87 190.71 188.82 220.74 205.42 222.93 175.36 220.82 162.54 206.59 152.65 190.13 141.42 156.56 189.21 137.34 103.39 134.83 121.86 99.41 104.10 90.24 102.39 105.00 91.31 89.37 95.70 94.78 85.51 78.78 71.95 78.70 74.19 -9999 -9999 -9999 -9999 -9999 -9999 -9999 -9999 -9999 -9999 -9999 -9999 -9999 -9999 -9999 -9999 -9999 -9999 -9999 -9999 -9999 -9999 -9999 -9999 -9999 -9999 -9999 -9999 -9999 -9999 -9999 -9999 -9999 -9999 -9999 -9999 -9999 -9999 -9999 -9999 -9999
163.57 181.05 192.30 152.85 191.64 184.12 160.02 193.96 214.85 233.27 168.89 196.67 180.90 159.62 131.14 177.20 152.99 157.97 216.99 151.84 126.05 125.80 114.70 117.06 132.54 126.70 132.71 118.92 95.97 91.04 97.50 100.02 88.41 93.24 87.73 83.52 -9999 -9999 -9999 -9999 -9999 -9999 -9999 -9999 -9999 -9999 -9999 -9999 -9999 -9999 -9999 -9999 -9999 -9999 -9999 -9999 -9999 -9999 -9999 -9999 -9999 -9999 -9999 -9999 -9999 -9999 -9999 -9999 -9999 -9999 -9999 -9999 -9999 -9999 -9999 -9999
149.33 171.95 174.90 181.62 194.58 183.19 165.47 200.03 224.90 305.77 168.41 180.34 165.58 158.81 137.33 171.11 134.48 129.31 129.44 132.24 114.42 139.95 156.89 176.93 154.68 136.45 124.53 114.55 118.92 91.82 100.41 86.67 98.08 93.01 86.45 77.68 67.60 -9999 -9999 -9999 -9999 -9999 -9999 -9999 -9999 -9999 -9999 -9999 -9999 -9999 -9999 -9999 -9999 -9999 -9999 -9999 -9999 -9999 -9999 -9999 -9999 -9999 -9999 -9999 -9999 -9999 -9999 -9999 -9999 -9999 -9999 -9999 -9999 -9999 -9999 -9999
146.53 119.01 164.37 235.68 175.97 158.26 178.72 214.80 195.99 168.08 157.11 223.80 150.15 156.64 153.00 159.65 129.46 119.59 115.54 119.54 128.91 206.50 195.69 178.55 144.84 135.91 120.67 111.56 110.60 101.39 93.29 80.60 73.66 78.22 78.60 74.85 -9999 -9999 -9999 -9999 -9999 -9999 -9999 -9999 -9999 -9999 -9999 -9999 -9999 -9999 -9999 -9999 -9999 -9999 -9999 -9999 -9999 -9999 -9999 -9999 -9999 -9999 -9999 -9999 -9999 -9999 -9999 -9999 -9999 -9999 -9999 -9999 -9999 -9999 -9999 -9999
117.56 112.15 113.28 116.34 144.00 195.82 160.56 200.93 189.31 186.21 174.26 146.68 206.30 186.53 130.70 121.44 100.90 92.82 120.55 113.30 134.58 129.08 138.07 124.56 128.81 135.71 118.24 106.21 97.67 90.52 86.74 75.68 -9999 -9999 -9999 -9999 -9999 -9999 -9999 -9999 -9999 -9999 -9999 -9999 -9999 -9999 -9999 -9999 -9999 -9999 -9999 -9999 -9999 -9999 -9999 -9999 -9999 -9999 -9999 -9999 -9999 -9999 -9999 -9999 -9999 -9999 -9999 -9999 -9999 -9999 -9999 -9999 -9999 -9999 -9999 -9999
136.27 126.40 109.79 96.76 178.49 184.44 200.99 204.46 133.38 162.51 184.66 144.84 160.12 182.36 145.34 137.54 113.62 131.38 159.70 109.68 113.32 134.03 150.36 147.45 129.44 131.74 111.98 102.20 103.16 92.13 -9999 -9999 -9999 -9999 -9999 -9999 -9999 -9999 -9999 -9999 -9999 -9999 -9999 -9999 -9999 -9999 -9999 -9999 -9999 -9999 -9999 -9999 -9999 -9999 -9999 -9999 -9999 -9999 -9999 -9999 -9999 -9999 -9999 -9999 -9999 -9999 -9999 -9999 -9999 -9999 -9999 -9999 -9999 -9999 -9999 -9999
174.85 156.76 118.82 159.64 170.14 192.87 206.21 190.28 150.33 171.24 179.54 137.86 129.09 122.84 133.81 154.17 111.67 157.25 165.20 133.79 129.69 144.09 144.49 144.67 116.82 100.79 93.21 101.92 98.54 81.37 -9999 -9999 -9999 -9999 -9999 -9999 -9999 -9999 -9999 -9999 -9999 -9999 -9999 -9999 -9999 -9999 -9999 -9999 -9999 -9999 -9999 -9999 -9999 -9999 -9999 -9999 -9999 -9999 -9999 -9999 -9999 -9999 -9999 -9999 -9999 -9999 -9999 -9999 -9999 -9999 -9999 -9999 -9999 -9999 -9999 -9999
151.65 -9999 140.23 180.41 183.27 195.19 182.63 178.02 140.43 122.83 141.71 138.79 138.04 134.29 119.31 186.04 193.11 181.11 183.85 145.45 122.80 141.31 116.20 116.54 105.76 92.38 74.07 67.95 -9999 -9999 -9999 -9999 -9999 67.61 67.23 72.32 65.62 -9999 -9999 -9999 -9999 -9999 -9999 -9999 -9999 -9999 -9999 -9999 -9999 -9999 -9999 -9999 -9999 -9999 -9999 -9999 -9999 -9999 -9999 -9999 -9999 -9999 -9999 -9999 -9999 -9999 -9999 -9999 -9999 -9999 -9999 -9999 -9999 -9999 -9999 -9999
184.25 -9999 141.30 184.37 171.71 152.84 199.56 144.67 155.22 123.78 137.54 143.04 129.93 145.50 133.38 145.25 165.93 142.40 147.60 135.45 115.46 126.95 131.68 116.31 97.74 96.74 87.03 83.16 70.30 69.91 -9999 -9999 83.78 72.46 75.89 74.20 72.83 62.71 55.92 -9999 -9999 -9999 -9999 -9999 -9999 -9999 -9999 -9999 -9999 -9999 -9999 -9999 -9999 -9999 -9999 -9999 -9999 -9999 -9999 -9999 -9999 -9999 -9999 -9999 -9999 -9999 -9999 -9999 -9999 -9999 -9999 -9999 -9999 -9999 -9999 -9999
161.01 123.78 136.13 127.31 152.79 163.18 177.47 154.45 147.58 153.91 145.87 151.31 126.30 113.97 125.20 127.93 124.75 132.06 138.18 133.05 124.19 118.39 118.65 115.71 104.54 87.25 84.63 81.44 73.11 82.80 86.16 91.01 86.00 76.41 76.11 91.81 98.70 90.81 77.65 60.00 -9999 -9999 -9999 -9999 -9999 -9999 -9999 -9999 -9999 -9999 -9999 -9999 -9999 -9999 -9999 -9999 -9999 -9999 -9999 -9999 -9999 -9999 -9999 -9999 -9999 -9999 -9999 -9999 -9999 -9999 -9999 -9999 -9999 -9999 -9999 -9999
132.11 136.61 121.13 141.42 143.01 131.45 147.80 -9999 176.02 194.67 162.98 139.19 122.46 100.10 105.56 100.75 118.53 125.23 118.52 127.08 113.68 124.18 123.64 103.89 103.74 83.56 91.73 91.32 88.36 77.02 75.54 82.46 80.09 82.19 81.14 97.11 93.63 94.19 88.43 75.26 82.14 78.14 45.78 -9999 -9999 -9999 -9999 -9999 -9999 -9999 -9999 -9999 -9999 -9999 -9999 -9999 -9999 -9999 -9999 -9999 -9999 -9999 -9999 -9999 -9999 -9999 -9999 -9999 -9999 -9999 -9999 -9999 -9999 -9999 -9999 -9999
123.28 156.13 118.54 -9999 120.62 124.39 139.31 -9999 172.30 215.07 175.41 155.83 129.31 110.81 104.24 89.77 101.41 109.17 112.98 122.69 129.24 130.37 126.18 101.90 103.09 97.20 95.70 106.51 96.57 77.56 80.47 90.62 68.13 89.34 112.96 112.47 94.75 85.26 80.00 71.61 80.79 68.50 49.04 -9999 -9999 -9999 -9999 -9999 -9999 -9999 -9999 -9999 -9999 -9999 -9999 -9999 -9999 -9999 -9999 -9999 -9999 -9999 -9999 -9999 -9999 -9999 -9999 -9999 -9999 -9999 -9999 -9999 -9999 -9999 -9999 -9999
126.88 132.08 106.53 -9999 -9999 126.54 126.48 137.94 163.45 155.09 143.06 143.85 153.04 132.39 112.80 103.31 124.29 116.82 102.72 117.80 120.54 126.19 127.83 124.69 104.01 104.81 94.01 91.42 83.18 92.35 90.65 91.23 86.52 105.84 96.82 102.46 87.93 73.80 71.67 57.56 61.01 58.81 56.75 53.31 -9999 -9999 -9999 -9999 -9999 -9999 -9999 -9999 -9999 -9999 -9999 -9999 -9999 -9999 -9999 -9999 -9999 -9999 -9999 -9999 -9999 -9999 -9999 -9999 -9999 -9999 -9999 -9999 -9999 -9999 -9999 -9999
128.83 -9999 -9999 -9999 -9999 -9999 126.51 125.73 159.44 135.84 125.84 132.29 145.95 150.41 136.96 127.10 112.65 115.02 113.24 105.77 106.37 110.57 114.68 111.34 103.42 102.24 87.42 83.69 89.97 98.84 118.27 102.54 80.13 86.56 75.20 78.61 81.98 71.56 71.76 57.67 63.13 56.82 59.81 47.71 -9999 -9999 -9999 -9999 -9999 -9999 -9999 -9999 -9999 -9999 -9999 -9999 -9999 -9999 -9999 -9999 -9999 -9999 -9999 -9999 -9999 -9999 -9999 -9999 -9999 -9999 -9999 -9999 -9999 -9999 -9999 -9999
129.19 137.85 151.04 156.44 -9999 -9999 -9999 126.96 142.19 132.88 130.67 125.75 120.64 142.83 159.04 147.41 131.88 114.17 117.71 102.50 69.06 99.45 99.34 89.85 95.22 88.24 79.93 103.11 110.55 128.94 139.99 112.68 84.84 84.12 60.99 70.00 72.02 70.97 74.13 55.73 51.20 52.67 55.55 49.61 50.28 -9999 -9999 -9999 -9999 -9999 -9999 -9999 -9999 -9999 -9999 -9999 -9999 -9999 -9999 -9999 -9999 -9999 -9999 -9999 -9999 -9999 -9999 -9999 -9999 -9999 -9999 -9999 -9999 -9999 -9999 -9999
141.31 151.99 172.74 219.08 172.04 -9999 -9999 -9999 114.54 120.93 125.56 118.12 105.73 114.16 145.01 131.26 130.38 111.62 106.39 100.19 103.58 92.65 92.37 89.62 101.64 92.47 104.38 85.47 101.82 101.82 101.00 101.51 81.95 77.73 74.93 69.93 64.58 58.77 62.41 51.42 48.93 48.68 57.66 56.31 40.43 33.68 -9999 -9999 -9999 -9999 -9999 -9999 -9999 -9999 -9999 -9999 -9999 -9999 -9999 -9999 -9999 -9999 -9999 -9999 -9999 -9999 -9999 -9999 -9999 -9999 -9999 -9999 -9999 -9999 -9999 -9999
139.24 107.59 150.55 209.60 146.98 -9999 -9999 -9999 -9999 -9999 117.63 115.68 101.51 106.90 106.43 114.75 126.85 138.29 132.08 116.76 99.64 95.21 95.46 89.90 86.69 79.34 96.05 89.81 93.89 101.72 86.68 62.78 61.61 67.80 85.22 72.14 68.17 56.56 49.26 52.64 49.20 47.62 46.42 49.69 44.28 35.98 41.01 -9999 -9999 -9999 -9999 -9999 -9999 -9999 -9999 -9999 -9999 -9999 -9999 -9999 -9999 -9999 -9999 -9999 -9999 -9999 -9999 -9999 -9999 -9999 -9999 -9999 -9999 -9999 -9999 -9999
-9999 114.83 132.01 198.43 152.11 -9999 -9999 -9999 -9999 -9999 99.77 113.46 124.58 116.96 124.08 143.76 137.66 141.15 127.57 121.80 105.54 111.26 105.12 93.06 95.54 109.43 84.52 140.60 100.65 99.37 75.83 93.45 98.05 84.80 79.63 73.46 65.45 53.24 51.34 59.07 68.33 54.98 48.41 38.66 46.02 55.92 50.24 43.30 35.29 -9999 -9999 -9999 -9999 -9999 -9999 -9999 -9999 -9999 -9999 -9999 -9999 -9999 -9999 -9999 -9999 -9999 -9999 -9999 -9999 -9999 -9999 -9999 -9999 -9999 -9999 -9999
-9999 -9999 152.98 178.65 158.01 -9999 -9999 -9999 -9999 -9999 97.76 97.13 109.24 106.73 111.89 117.68 117.11 122.56 111.73 132.12 115.26 113.17 111.01 112.18 129.71 116.08 100.59 144.30 129.69 95.82 97.68 83.71 73.74 81.25 62.93 67.69 69.78 73.15 57.62 53.11 59.07 77.56 77.22 52.08 47.04 46.43 50.98 42.15 37.07 -9999 -9999 -9999 -9999 -9999 -9999 -9999 -9999 -9999 -9999 -9999 -9999 -9999 -9999 -9999 -9999 -9999 -9999 -9999 -9999 -9999 -9999 -9999 -9999 -9999 -9999 -9999
-9999 -9999 128.25 147.11 147.05 -9999 -9999 -9999 -9999 -9999 90.16 92.96 99.49 98.83 102.03 109.17 118.58 139.04 150.25 126.27 124.96 129.71 99.34 91.70 103.40 95.59 117.49 121.25 101.69 107.77 106.12 81.28 89.60 74.95 76.59 70.93 63.91 77.99 70.22 64.16 67.25 93.57 98.39 64.69 44.17 44.91 42.98 45.34 37.94 -9999 -9999 -9999 -9999 -9999 -9999 -9999 -9999 -9999 -9999 -9999 -9999 -9999 -9999 -9999 -9999 -9999 -9999 -9999 -9999 -9999 -9999 -9999 -9999 -9999 -9999 -9999
-9999 -9999 -9999 -9999 -9999 -9999 -9999 -9999 -9999 109.53 95.40 99.85 107.12 103.72 109.39 108.64 110.84 116.39 146.16 130.81 119.78 133.72 121.99 120.24 119.60 127.38 133.93 139.34 110.55 109.05 103.19 95.63 84.25 86.76 74.69 78.84 77.07 64.93 68.96 71.22 84.25 77.63 85.47 66.02 42.15 40.85 36.48 38.68 40.17 -9999 -9999 -9999 -9999 -9999 -9999 -9999 -9999 -9999 -9999 -9999 -9999 -9999 -9999 -9999 -9999 -9999 -9999 -9999 -9999 -9999 -9999 -9999 -9999 -9999 -9999 -9999
-9999 -9999 -9999 -9999 -9999 -9999 -9999 -9999 -9999 150.94 100.41 109.39 133.65 144.74 140.45 138.37 144.67 127.43 115.54 120.72 136.15 135.20 141.98 127.45 113.21 100.11 140.43 121.62 137.73 106.84 95.13 85.16 74.96 71.64 87.60 86.86 64.75 64.40 67.69 76.16 72.25 61.75 68.26 63.60 44.46 37.14 37.40 40.08 31.61 -9999 -9999 -9999 -9999 -9999 -9999 -9999 -9999 -9999 -9999 -9999 -9999 -9999 -9999 -9999 -9999 -9999 -9999 -9999 -9999 -9999 -9999 -9999 -9999 -9999 -9999 -9999
-9999 -9999 -9999 -9999 -9999 -9999 -9999 -9999 139.38 147.61 116.92 129.28 155.83 146.38 172.89 200.48 182.04 159.27 130.89 105.15 110.44 132.29 151.70 129.27 109.85 91.19 111.95 146.35 133.01 125.83 96.40 84.67 69.08 74.49 83.00 75.74 62.42 81.37 86.00 77.19 67.51 54.82 45.67 50.37 45.36 50.30 45.77 36.08 23.77 -9999 -9999 -9999 -9999 -9999 -9999 -9999 -9999 -9999 -9999 -9999 -9999 -9999 -9999 -9999 -9999 -9999 -9999 -9999 -9999 -9999 -9999 -9999 -9999 -9999 -9999 -9999
-9999 -9999 -9999 -9999 -9999 -9999 -9999 -9999 130.01 114.92 145.72 140.81 175.29 152.07 192.75 199.22 233.66 185.49 145.87 118.15 126.26 130.39 191.87 164.67 110.57 86.64 104.64 141.08 134.76 119.69 112.05 76.27 77.01 92.66 86.42 92.66 90.78 100.85 67.72 62.88 58.65 56.54 52.84 40.26 36.99 41.50 34.74 32.75 25.85 28.11 -9999 -9999 -9999 -9999 -9999 -9999 -9999 -9999 -9999 -9999 -9999 -9999 -9999 -9999 -9999 -9999 -9999 -9999 -9999 -9999 -9999 -9999 -9999 -9999 -9999 -9999
-9999 -9999 -9999 -9999 -9999 -9999 -9999 114.05 143.55 143.04 152.70 172.70 168.55 159.35 168.11 207.91 205.72 189.98 163.51 141.38 112.61 105.98 132.49 150.17 133.80 101.33 98.52 116.20 118.60 111.29 110.86 100.75 76.47 94.42 86.26 82.48 107.22 84.65 84.87 70.64 49.86 53.44 47.67 43.14 44.95 35.46 30.54 30.75 30.77 30.44 -9999 -9999 -9999 -9999 -9999 -9999 -9999 -9999 -9999 -9999 -9999 -9999 -9999 -9999 -9999 -9999 -9999 -9999 -9999 -9999 -9999 -9999 -9999 -9999 -9999 -9999
-9999 -9999 -9999 -9999 -9999 -9999 -9999 145.65 152.17 150.95 196.31 192.30 172.48 172.01 212.35 164.47 175.95 173.05 160.54 149.60 103.15 98.91 123.56 131.27 149.37 103.10 103.99 106.01 106.86 106.11 128.17 91.67 98.76 93.63 78.58 108.65 92.72 84.19 80.84 64.77 62.94 51.90 41.80 41.71 42.01 35.26 36.31 31.42 31.26 32.54 -9999 -9999 -9999 -9999 -9999 -9999 -9999 -9999 -9999 -9999 -9999 -9999 -9999 -9999 -9999 -9999 -9999 -9999 -9999 -9999 -9999 -9999 -9999 -9999 -9999 -9999
-9999 -9999 -9999 -9999 -9999 -9999 138.47 142.87 154.03 193.88 193.97 182.83 248.15 225.95 231.07 170.72 159.15 161.35 154.77 154.04 125.91 106.74 120.40 111.02 99.37 96.17 103.27 115.65 110.88 124.04 112.53 96.89 106.40 89.24 82.76 101.18 82.19 83.45 77.71 66.86 66.92 58.00 48.28 41.15 37.66 35.08 35.50 35.24 36.99 35.39 -9999 -9999 -9999 -9999 -9999 -9999 -9999 -9999 -9999 -9999 -9999 -9999 -9999 -9999 -9999 -9999 -9999 -9999 -9999 -9999 -9999 -9999 -9999 -9999 -9999 -9999
-9999 -9999 -9999 -9999 -9999 122.97 146.17 154.57 133.94 165.26 199.90 209.09 241.04 243.23 270.98 178.45 152.14 159.57 163.48 145.52 137.21 133.86 114.84 102.17 108.40 83.53 95.31 112.25 116.15 116.73 108.22 96.51 85.50 73.01 78.66 91.15 84.46 80.66 70.32 64.40 59.33 44.77 39.33 43.56 39.03 37.21 38.11 40.91 37.81 39.01 37.29 -9999 -9999 -9999 -9999 -9999 -9999 -9999 -9999 -9999 -9999 -9999 -9999 -9999 -9999 -9999 -9999 -9999 -9999 -9999 -9999 -9999 -9999 -9999 -9999 -9999
-9999 -9999 -9999 -9999 -9999 171.77 188.47 161.80 154.14 159.15 176.39 180.53 297.17 301.47 236.96 214.02 166.03 156.72 157.14 139.00 171.08 133.05 111.28 94.49 94.88 106.74 93.98 113.19 121.07 120.70 116.29 75.73 67.74 68.71 70.49 76.26 84.25 69.12 66.76 60.39 53.95 50.84 43.45 41.12 43.83 40.80 37.13 34.20 34.05 37.09 40.59 -9999 -9999 -9999 -9999 -9999 -9999 -9999 -9999 -9999 -9999 -9999 -9999 -9999 -9999 -9999 -9999 -9999 -9999 -9999 -9999 -9999 -9999 -9999 -9999 -9999
-9999 -9999 -9999 128.61 142.18 167.24 162.55 159.55 176.97 171.52 161.78 130.06 238.93 232.18 217.29 204.89 176.81 139.42 149.77 145.07 135.93 128.78 110.29 82.11 93.03 101.77 103.19 103.40 106.81 99.59 84.20 68.04 67.46 62.22 70.45 87.03 88.14 70.95 64.14 67.28 54.74 49.61 44.65 41.71 38.94 42.53 38.32 33.09 38.36 44.57 51.01 -9999 -9999 -9999 -9999 -9999 -9999 -9999 -9999 -9999 -9999 -9999 -9999 -9999 -9999 -9999 -9999 -9999 -9999 -9999 -9999 -9999 -9999 -9999 -9999 -9999
