Rainfall_2007-2011/Rainfall_2008-04_ACTUAL.txt
ncols         180
nrows         290
xllcorner     -200000
yllcorner     -200000
cellsize      5000
NODATA_value  -9999
[rows 204 to 237 of 290, columns 77 to 153 of 180]
106.62 97.29 92.47 102.61 106.16 103.29 96.82 92.61 90.48 104.71 101.75 90.84 100.89 97.24 79.76 76.28 63.59 69.02 87.34 92.52 82.87 70.68 63.10 51.27 48.69 51.20 81.56 82.22 102.61 61.62 64.07 61.24 62.49 65.25 68.76 78.03 72.29 58.74 64.40 58.08 55.09 47.26 53.03 64.18 80.82 66.46 50.36 47.78 60.06 61.48 54.62 52.62 51.49 59.35 52.88 52.61 51.81 46.31 47.73 49.07 47.69 43.56 41.79 49.29 50.32 50.64 52.03 49.12 56.87 56.97 58.24 56.05 55.90 54.79 46.83 46.72 52.40
86.20 92.28 82.17 87.91 78.87 93.79 94.59 101.24 101.46 93.09 98.19 76.70 73.97 70.95 64.51 64.95 77.21 79.64 100.45 123.80 95.78 86.19 81.51 84.97 80.32 61.19 63.03 98.19 85.31 78.69 71.68 72.56 61.88 73.22 71.72 82.50 67.38 59.69 48.84 49.92 54.27 54.29 60.19 63.41 74.00 69.80 45.47 44.85 49.36 51.99 54.88 49.78 50.44 57.30 49.88 50.87 46.23 49.20 49.42 51.59 52.35 45.11 45.46 56.99 58.42 53.48 49.41 50.36 47.59 47.99 45.97 55.40 50.28 52.27 51.33 50.69 54.50
92.89 75.84 74.53 83.37 76.94 82.83 92.61 98.06 94.15 88.84 86.75 78.16 76.45 69.29 74.37 67.06 82.10 86.46 91.00 96.15 104.11 78.13 100.74 100.33 83.82 85.93 81.45 67.86 82.06 82.12 54.42 60.52 55.00 71.39 73.93 80.70 58.92 54.82 51.83 48.45 49.83 54.71 78.10 57.07 59.49 53.29 47.54 40.72 44.52 55.34 48.39 46.26 44.37 52.48 48.34 47.71 46.95 47.41 53.73 53.75 55.01 49.58 49.68 51.41 56.67 51.50 49.90 48.28 47.16 42.89 41.26 43.32 42.00 50.08 46.85 51.32 50.83
80.59 72.62 69.36 76.78 85.22 91.75 100.69 93.51 88.15 83.57 72.90 72.48 83.82 69.84 74.80 70.87 71.33 68.31 76.11 68.61 74.21 60.29 79.81 85.60 93.61 93.59 76.64 89.22 101.79 73.17 62.52 59.31 68.44 67.92 76.45 73.88 59.88 49.49 50.83 53.52 65.94 62.23 54.74 54.33 44.20 46.78 60.06 51.74 48.63 47.12 45.58 47.13 46.71 47.27 45.46 43.65 48.33 52.12 55.01 50.86 46.75 46.69 53.02 44.71 53.73 51.89 43.22 41.26 41.26 41.24 41.34 43.79 30.50 43.67 49.09 48.15 51.44
103.11 83.98 69.12 70.46 67.03 83.30 80.26 78.93 74.95 69.97 65.14 67.80 73.22 82.18 71.21 85.18 74.26 76.60 90.61 79.79 64.06 72.50 70.80 70.66 92.20 92.24 74.23 96.00 94.27 65.44 64.09 55.60 60.42 69.54 65.23 79.05 61.73 43.06 42.54 48.97 53.41 60.62 55.40 46.59 51.36 42.21 43.33 48.64 49.51 45.65 45.01 46.76 51.28 46.67 43.25 40.40 46.30 48.65 50.10 44.70 46.62 48.38 53.88 49.01 50.34 48.50 45.59 35.65 41.70 43.16 45.49 45.91 56.33 39.97 47.41 52.10 50.35
95.44 79.52 65.88 67.60 88.31 78.69 -9999 -9999 -9999 -9999 66.79 69.82 73.19 66.20 60.76 65.95 68.38 66.90 75.06 73.40 101.70 119.18 79.32 73.19 73.31 82.35 82.94 88.12 72.35 64.76 57.21 55.50 68.15 64.02 68.21 46.46 35.17 35.55 41.37 57.13 50.50 56.71 54.53 51.20 46.39 31.40 29.29 37.52 44.60 45.45 47.46 45.86 47.48 46.71 46.16 45.05 52.74 54.17 53.30 49.62 57.68 55.67 56.15 53.26 48.13 43.04 40.92 42.79 42.60 42.79 44.44 48.56 56.10 52.75 52.03 55.55 51.42
78.70 68.63 68.98 67.94 84.70 65.87 -9999 -9999 -9999 -9999 -9999 -9999 -9999 60.75 59.04 61.73 61.85 58.79 66.37 86.41 104.42 113.67 83.81 76.29 73.20 76.50 69.53 84.16 91.10 67.42 58.19 74.08 74.80 70.92 52.57 43.47 35.50 41.15 50.92 52.93 56.25 53.93 45.13 39.61 38.34 31.72 32.21 35.07 41.08 51.27 45.36 45.06 51.93 48.67 48.10 51.28 57.99 59.92 57.17 48.11 57.98 57.47 56.94 50.96 48.58 39.60 38.91 38.93 45.82 47.05 50.84 49.53 51.41 52.53 49.99 51.28 49.23
-9999 -9999 63.71 -9999 -9999 -9999 -9999 -9999 -9999 -9999 -9999 59.78 62.96 65.37 66.47 56.75 57.13 55.79 59.80 77.21 93.94 102.67 89.97 77.16 74.67 85.02 82.13 83.04 70.42 62.90 57.51 65.72 69.20 60.56 50.13 51.59 44.42 49.12 61.26 53.56 45.20 46.45 43.49 40.63 40.02 37.43 38.76 37.47 41.36 50.46 47.05 46.11 49.45 52.77 50.58 47.04 55.89 64.58 57.89 59.78 48.80 50.85 54.50 51.96 46.40 41.73 41.33 46.15 51.89 50.17 50.00 54.29 57.17 51.83 53.05 49.39 52.25
-9999 -9999 -9999 -9999 -9999 -9999 -9999 -9999 -9999 -9999 -9999 62.53 64.13 56.72 60.66 56.91 -9999 -9999 49.99 67.01 66.42 79.25 73.18 72.13 77.66 86.35 81.89 75.73 60.89 48.81 65.70 56.86 54.38 49.64 45.14 40.72 40.60 48.09 55.36 46.37 40.19 45.98 39.87 43.22 42.49 33.09 38.37 38.90 38.21 45.28 53.45 53.28 56.65 51.54 50.49 53.42 48.78 65.84 58.22 59.22 50.48 55.75 52.96 55.65 49.15 49.78 44.62 46.13 57.83 51.32 47.27 49.41 50.71 51.72 51.46 46.77 51.47
-9999 -9999 -9999 -9999 -9999 -9999 -9999 -9999 -9999 -9999 -9999 -9999 -9999 -9999 -9999 -9999 -9999 -9999 44.38 45.40 55.17 59.36 56.53 60.63 64.85 72.01 66.64 55.83 52.25 41.79 48.26 51.72 -9999 46.99 41.15 43.67 43.51 49.75 53.64 48.09 50.69 44.03 40.30 39.79 50.32 38.55 44.04 48.58 43.72 42.15 60.01 68.67 67.64 54.69 56.86 56.35 55.45 57.58 56.54 53.35 54.62 55.95 55.56 65.09 55.82 55.64 54.56 53.77 58.85 60.12 53.62 50.67 48.72 49.80 48.52 45.53 46.06
-9999 -9999 -9999 -9999 -9999 -9999 -9999 -9999 -9999 -9999 -9999 -9999 -9999 -9999 -9999 -9999 -9999 -9999 -9999 47.47 51.62 54.30 53.80 55.86 58.46 62.67 61.22 53.69 -9999 -9999 -9999 -9999 49.90 46.03 44.77 45.57 44.55 47.01 51.89 43.85 44.13 45.58 38.89 39.57 45.25 50.74 49.18 53.80 48.27 47.79 56.40 64.44 63.62 55.99 58.03 54.31 59.56 62.98 51.87 56.11 54.14 57.02 56.61 57.94 63.58 66.42 52.95 54.42 57.22 55.48 59.20 56.79 53.61 45.38 45.76 42.19 46.25
-9999 -9999 -9999 -9999 -9999 -9999 -9999 -9999 -9999 -9999 -9999 -9999 -9999 -9999 -9999 -9999 -9999 -9999 -9999 -9999 50.41 55.13 51.64 48.46 54.50 57.65 55.80 -9999 -9999 -9999 -9999 50.00 55.99 54.91 45.39 50.31 43.86 50.78 51.21 48.31 50.22 47.01 48.30 48.53 56.00 62.40 55.40 52.44 49.78 54.90 54.01 53.85 55.26 61.85 52.84 62.72 57.97 57.47 56.42 58.44 55.50 61.84 63.83 60.67 57.41 66.77 63.65 56.88 55.40 56.85 50.99 56.67 51.92 52.09 54.60 46.68 49.83
-9999 -9999 -9999 -9999 -9999 -9999 -9999 -9999 -9999 -9999 -9999 -9999 -9999 -9999 -9999 -9999 -9999 -9999 -9999 -9999 -9999 46.22 41.65 38.30 44.69 47.95 50.44 -9999 -9999 -9999 52.23 49.98 50.01 61.23 57.96 52.67 45.48 51.90 46.89 54.26 58.11 47.37 53.31 67.29 70.18 65.33 62.67 55.22 55.12 57.24 56.89 59.49 63.63 58.84 61.97 61.95 62.39 63.59 62.14 64.62 71.40 69.47 64.40 62.38 55.44 76.23 58.13 56.24 53.29 51.84 54.09 56.17 58.61 59.04 59.25 51.43 53.97
-9999 -9999 -9999 -9999 -9999 -9999 -9999 -9999 -9999 -9999 -9999 -9999 -9999 -9999 -9999 -9999 -9999 -9999 -9999 -9999 -9999 -9999 -9999 -9999 -9999 -9999 -9999 -9999 -9999 59.21 53.55 52.70 50.83 58.81 61.52 53.21 50.75 50.15 50.37 53.75 57.16 52.57 56.17 62.62 65.01 64.63 58.79 58.60 59.98 61.30 69.97 66.21 68.95 64.43 65.85 65.94 65.11 63.39 63.28 71.88 74.20 64.21 61.94 61.96 58.01 61.22 61.08 58.49 57.96 58.77 63.35 66.78 66.14 60.54 66.06 59.10 60.08
-9999 -9999 -9999 -9999 -9999 -9999 -9999 -9999 -9999 -9999 -9999 -9999 -9999 -9999 -9999 -9999 -9999 -9999 -9999 -9999 -9999 -9999 -9999 -9999 -9999 -9999 -9999 -9999 -9999 55.07 63.24 57.86 72.00 69.05 51.14 51.51 47.36 48.94 54.10 48.12 48.91 56.59 63.98 63.16 64.40 59.63 61.30 55.44 64.55 63.43 69.57 73.01 70.18 70.85 68.94 69.77 65.05 64.21 67.95 68.62 66.95 64.09 64.88 62.33 56.18 57.19 57.82 64.92 65.07 74.00 67.04 67.45 70.27 76.60 73.39 59.64 53.67
-9999 -9999 -9999 -9999 -9999 -9999 -9999 -9999 -9999 -9999 -9999 -9999 -9999 -9999 -9999 -9999 -9999 -9999 -9999 -9999 -9999 -9999 -9999 -9999 -9999 -9999 -9999 -9999 -9999 60.01 57.66 50.11 57.52 67.66 67.03 63.66 52.73 52.29 52.27 46.40 43.16 61.48 63.29 69.76 69.55 63.60 57.61 53.20 58.01 63.81 57.72 62.15 67.02 68.99 73.61 69.58 66.88 67.95 70.71 74.36 70.57 58.96 60.65 63.41 70.88 66.99 57.57 67.31 77.51 71.15 69.68 70.44 78.43 73.30 69.66 62.08 58.49
-9999 -9999 -9999 -9999 -9999 -9999 -9999 -9999 -9999 -9999 -9999 -9999 45.68 49.46 38.12 60.90 71.86 86.80 63.92 88.44 58.91 76.82 53.10 -9999 -9999 -9999 -9999 -9999 -9999 56.75 57.67 54.70 47.88 56.87 61.30 67.72 59.94 56.63 51.37 45.18 46.69 63.57 65.06 67.49 66.36 57.09 56.46 52.06 57.46 58.50 62.49 74.21 66.67 72.71 75.95 85.67 80.02 71.50 81.36 91.93 82.25 79.23 68.34 68.43 77.55 68.54 63.26 65.09 67.82 65.70 64.41 63.94 59.97 67.65 68.32 58.82 53.18
-9999 -9999 -9999 -9999 -9999 -9999 -9999 -9999 -9999 -9999 -9999 -9999 57.51 55.75 62.85 61.18 72.55 81.98 84.07 102.79 103.05 87.38 70.07 55.74 63.13 76.46 72.24 60.68 55.07 55.66 54.18 49.19 44.95 50.49 51.93 60.72 59.69 59.60 51.58 58.37 57.99 57.08 64.17 70.00 64.17 56.00 55.53 56.31 66.43 62.95 62.05 72.91 71.49 74.63 80.51 85.14 92.43 97.35 90.88 89.68 82.68 76.03 74.07 70.52 91.83 79.33 75.26 75.68 68.25 65.69 65.61 72.30 72.16 79.25 71.67 65.33 63.07
-9999 -9999 -9999 -9999 -9999 -9999 -9999 -9999 -9999 -9999 -9999 47.15 65.75 61.66 56.81 53.05 61.55 89.37 91.10 95.47 94.92 84.31 87.52 68.27 71.36 79.91 85.55 65.03 57.78 53.29 50.99 48.84 40.80 44.76 53.04 55.15 57.38 59.56 70.64 61.87 67.07 66.46 62.62 59.82 60.70 61.17 58.46 58.44 61.50 65.71 59.69 65.24 67.94 68.43 71.09 84.65 88.44 93.57 97.78 97.63 96.75 81.42 81.04 73.22 76.30 78.20 76.50 69.92 70.54 70.48 85.97 77.59 68.19 72.10 79.11 69.86 68.66
-9999 -9999 -9999 -9999 -9999 -9999 -9999 -9999 -9999 -9999 -9999 -9999 54.23 56.32 49.49 59.95 68.29 70.38 80.34 90.73 87.22 69.53 77.94 87.61 75.61 71.47 73.44 66.30 60.07 48.28 54.06 44.08 51.00 53.03 50.13 43.91 53.84 61.16 61.04 61.65 68.52 72.67 62.44 60.24 75.50 70.14 64.53 60.17 64.66 62.18 57.97 69.95 67.75 71.25 71.54 80.25 92.73 98.82 101.16 98.99 90.78 79.56 77.40 67.30 72.85 63.53 79.65 65.23 74.61 76.09 79.19 82.42 73.14 73.50 77.16 75.46 68.81
-9999 -9999 -9999 -9999 -9999 -9999 -9999 -9999 60.29 -9999 -9999 66.67 65.90 64.09 52.22 56.61 63.65 65.00 66.35 70.40 75.52 83.91 77.69 85.23 74.56 69.29 62.85 57.58 62.16 54.00 50.00 60.99 59.59 53.29 50.40 52.71 58.85 60.16 66.12 61.34 63.70 63.85 66.82 72.05 75.11 67.32 58.09 58.96 61.95 60.58 70.97 69.16 67.62 75.28 68.75 82.20 94.91 109.63 97.12 91.78 81.75 78.60 75.31 75.33 68.88 63.22 68.89 63.13 64.58 70.96 74.75 71.88 59.53 68.50 77.36 72.08 68.80
-9999 -9999 -9999 -9999 -9999 -9999 -9999 61.64 65.39 81.23 93.38 77.58 81.97 77.42 64.56 54.14 58.93 65.44 65.93 64.87 74.29 77.66 72.54 73.45 66.40 66.32 63.59 66.68 61.13 56.21 50.92 55.35 57.52 56.82 52.42 55.19 54.30 54.78 57.49 64.59 67.43 65.18 67.77 75.36 69.51 72.69 68.07 64.15 63.87 67.05 67.19 66.52 61.25 70.82 74.04 78.71 89.56 89.33 92.67 87.79 89.78 86.65 76.04 74.46 74.35 69.98 68.45 63.28 61.06 59.48 63.91 58.37 59.69 55.11 63.68 70.71 70.71
-9999 -9999 -9999 -9999 -9999 -9999 -9999 62.93 60.21 80.00 89.98 90.70 89.29 73.80 71.09 68.32 58.51 63.48 61.94 63.49 72.46 73.29 66.54 65.26 60.91 68.30 84.57 86.21 64.52 55.96 48.19 51.17 53.47 55.49 52.09 53.38 51.59 57.81 55.75 56.46 67.47 73.04 64.48 65.27 65.89 64.87 65.78 69.93 65.38 62.96 59.88 67.01 64.79 66.92 66.79 74.07 84.29 93.11 88.04 105.69 90.13 88.83 77.93 70.14 96.01 82.09 69.57 62.64 66.20 61.97 59.01 58.82 54.96 51.90 57.94 68.12 65.54
-9999 -9999 -9999 -9999 -9999 -9999 -9999 76.25 79.81 87.89 91.16 84.76 80.66 72.57 74.59 67.80 62.44 52.75 63.39 60.06 68.69 68.96 58.42 53.33 55.97 66.06 68.32 67.66 78.19 62.93 54.11 52.76 46.48 55.71 51.56 47.68 50.61 64.50 55.31 57.11 64.89 65.91 61.38 61.38 64.54 67.91 70.44 68.86 73.62 71.04 61.77 64.20 58.34 58.79 68.64 78.94 78.77 83.20 81.40 103.56 92.35 88.38 95.80 78.84 111.14 86.77 65.66 59.54 79.41 73.15 72.21 56.59 56.06 56.54 58.30 67.22 57.49
-9999 -9999 -9999 -9999 -9999 -9999 -9999 68.79 81.99 81.68 82.40 73.13 77.61 74.58 64.72 70.27 65.74 53.65 64.66 62.73 57.27 52.00 65.23 76.31 56.77 68.20 70.43 89.72 87.58 69.65 60.43 57.01 53.37 56.42 70.65 54.44 53.39 65.62 60.62 64.75 59.88 61.73 58.58 61.57 73.55 67.10 61.00 67.68 68.99 70.11 65.87 62.96 57.93 61.17 63.86 78.85 73.74 75.46 70.56 74.20 74.37 74.83 66.97 66.34 76.69 66.90 60.93 56.86 60.40 61.95 72.90 56.88 54.00 69.12 65.55 54.89 57.49
-9999 -9999 -9999 -9999 -9999 -9999 -9999 64.95 75.25 79.86 84.84 75.49 74.11 73.96 67.30 64.10 67.16 73.44 66.83 59.00 64.18 62.38 57.80 56.58 54.64 57.39 67.07 78.21 70.90 64.94 77.02 66.97 55.49 64.14 67.35 65.21 68.89 66.10 64.35 57.90 60.43 52.41 59.99 66.69 67.70 70.21 69.15 65.18 73.79 75.00 73.68 67.11 58.15 53.35 51.40 60.78 62.48 69.75 66.57 65.85 74.52 69.89 67.92 63.92 62.69 56.07 48.59 -9999 -9999 49.77 54.19 47.06 59.29 59.22 69.54 55.30 -9999
-9999 -9999 -9999 -9999 -9999 -9999 77.79 73.79 80.81 93.93 79.41 75.25 70.17 74.69 81.57 75.53 78.89 72.14 62.54 60.20 64.93 63.13 55.60 57.99 57.09 58.48 78.99 73.46 63.66 71.63 74.91 57.74 53.99 52.47 56.13 67.56 63.93 58.14 58.01 55.41 54.72 59.19 58.29 71.64 69.32 71.46 65.10 59.46 61.96 67.72 64.60 59.84 57.41 -9999 -9999 57.52 55.19 77.73 66.46 64.39 67.18 67.56 -9999 -9999 -9999 -9999 -9999 -9999 -9999 -9999 -9999 -9999 52.52 58.45 60.92 46.43 -9999
-9999 -9999 -9999 -9999 -9999 80.81 84.41 87.15 81.77 73.14 71.70 65.77 75.49 77.17 92.71 99.38 87.44 74.57 67.65 72.51 58.68 54.84 54.86 59.36 55.33 65.87 74.41 74.01 61.43 67.38 56.91 49.47 55.38 54.95 61.33 61.52 53.76 43.72 51.16 55.26 52.17 49.87 56.13 64.51 67.00 55.97 57.27 50.81 57.52 52.75 -9999 56.69 59.65 57.09 59.10 57.11 -9999 -9999 -9999 -9999 59.35 -9999 -9999 -9999 -9999 -9999 -9999 -9999 -9999 -9999 -9999 -9999 -9999 -9999 -9999 -9999 -9999
-9999 -9999 -9999 -9999 66.92 85.18 100.43 109.47 79.48 76.07 61.08 61.72 64.09 82.92 111.36 121.42 96.66 83.56 85.73 81.80 74.79 62.16 51.84 67.78 65.91 71.26 62.26 55.55 -9999 -9999 -9999 -9999 -9999 49.56 56.49 61.01 54.37 46.72 48.46 51.30 44.03 46.93 51.94 56.49 -9999 -9999 -9999 -9999 -9999 62.72 66.33 56.92 59.91 62.52 67.91 54.63 -9999 -9999 -9999 -9999 -9999 -9999 -9999 -9999 -9999 -9999 -9999 -9999 -9999 -9999 -9999 -9999 -9999 -9999 -9999 -9999 -9999
-9999 -9999 -9999 50.53 58.28 97.19 101.77 106.70 75.60 67.37 58.26 67.22 67.18 78.56 110.16 106.97 99.91 96.91 78.17 77.36 69.54 72.96 59.57 67.18 71.04 -9999 -9999 -9999 -9999 -9999 -9999 -9999 -9999 -9999 42.83 47.43 41.16 45.44 51.98 58.57 50.23 68.04 65.54 57.47 -9999 -9999 -9999 -9999 -9999 -9999 -9999 64.93 68.95 63.63 57.57 -9999 -9999 -9999 -9999 -9999 -9999 -9999 -9999 -9999 -9999 -9999 -9999 -9999 -9999 -9999 -9999 -9999 -9999 -9999 -9999 -9999 -9999
46.59 45.51 49.11 55.76 66.88 76.85 93.77 105.34 82.66 69.05 60.41 66.31 65.12 67.70 97.39 102.95 95.41 105.12 88.67 68.86 82.63 102.17 75.28 -9999 -9999 -9999 -9999 -9999 -9999 -9999 -9999 -9999 -9999 -9999 -9999 -9999 45.07 -9999 -9999 -9999 -9999 55.69 61.70 58.62 -9999 -9999 -9999 -9999 -9999 -9999 -9999 -9999 59.40 59.10 48.58 -9999 -9999 -9999 -9999 -9999 -9999 -9999 -9999 -9999 -9999 -9999 -9999 -9999 -9999 -9999 -9999 -9999 -9999 -9999 -9999 -9999 -9999
51.62 51.87 53.71 62.81 70.87 78.23 85.09 87.46 87.38 73.33 74.96 60.20 58.51 73.14 93.87 108.36 88.38 82.46 95.73 65.16 78.66 75.79 -9999 -9999 -9999 -9999 -9999 -9999 -9999 -9999 -9999 -9999 -9999 -9999 -9999 -9999 34.57 -9999 -9999 -9999 -9999 -9999 -9999 -9999 -9999 -9999 -9999 -9999 -9999 -9999 -9999 -9999 -9999 -9999 -9999 -9999 -9999 -9999 -9999 -9999 -9999 -9999 -9999 -9999 -9999 -9999 -9999 -9999 -9999 -9999 -9999 -9999 -9999 -9999 -9999 -9999 -9999
56.92 66.93 63.76 64.51 67.99 74.67 73.96 79.87 78.35 70.29 63.54 51.59 56.23 70.17 82.40 105.07 112.50 76.99 66.97 56.38 66.66 68.11 -9999 -9999 -9999 -9999 -9999 -9999 -9999 -9999 -9999 -9999 -9999 -9999 -9999 -9999 -9999 -9999 -9999 -9999 -9999 -9999 -9999 -9999 -9999 -9999 -9999 -9999 -9999 -9999 -9999 -9999 -9999 -9999 -9999 -9999 -9999 -9999 -9999 -9999 -9999 -9999 -9999 -9999 -9999 -9999 -9999 -9999 -9999 -9999 -9999 -9999 -9999 -9999 -9999 -9999 -9999
51.80 60.14 68.79 68.87 80.12 81.46 73.60 72.68 68.12 58.05 42.14 49.89 55.44 62.95 76.80 97.98 107.60 83.89 68.35 58.42 69.44 47.05 -9999 -9999 -9999 -9999 -9999 -9999 -9999 -9999 -9999 -9999 -9999 -9999 -9999 -9999 -9999 -9999 -9999 -9999 -9999 -9999 -9999 -9999 -9999 -9999 -9999 -9999 -9999 -9999 -9999 -9999 -9999 -9999 -9999 -9999 -9999 -9999 -9999 -9999 -9999 -9999 -9999 -9999 -9999 -9999 -9999 -9999 -9999 -9999 -9999 -9999 -9999 -9999 -9999 -9999 -9999
