Rainfall_2007-2011/Rainfall_2009-04_ACTUAL.txt
ncols         180
nrows         290
xllcorner     -200000
yllcorner     -200000
cellsize      5000
NODATA_value  -9999
[rows 102 to 135 of 290, columns 76 to 151 of 180]
127.55 -9999 138.64 163.86 225.61 174.28 222.04 185.60 180.24 156.80 183.51 136.14 194.55 143.57 118.77 135.77 97.36 77.11 99.18 133.92 131.59 92.28 89.45 84.10 69.58 49.94 36.46 33.70 33.30 45.08 34.65 35.00 35.84 35.45 31.15 26.73 27.85 -9999 -9999 -9999 -9999 -9999 -9999 -9999 -9999 -9999 -9999 -9999 -9999 -9999 -9999 -9999 -9999 -9999 -9999 -9999 -9999 -9999 -9999 -9999 -9999 -9999 -9999 -9999 -9999 -9999 -9999 -9999 -9999 -9999 -9999 -9999 -9999 -9999 -9999 -9999
-9999 113.76 117.45 138.39 137.45 205.06 229.50 157.30 164.72 206.33 188.80 173.54 182.18 133.82 132.83 122.41 132.00 147.25 162.16 137.34 107.44 121.43 107.67 73.46 56.37 47.20 39.04 39.09 45.99 33.06 24.20 32.11 32.79 31.22 28.85 -9999 -9999 -9999 -9999 -9999 -9999 -9999 -9999 -9999 -9999 -9999 -9999 -9999 -9999 -9999 -9999 -9999 -9999 -9999 -9999 -9999 -9999 -9999 -9999 -9999 -9999 -9999 -9999 -9999 -9999 -9999 -9999 -9999 -9999 -9999 -9999 -9999 -9999 -9999 -9999 -9999
127.76 132.62 147.67 170.80 152.36 169.32 154.39 154.11 164.11 188.78 174.08 143.23 126.57 106.72 130.45 149.93 97.04 118.88 123.78 118.85 119.31 85.86 79.02 55.77 49.72 45.03 38.54 40.77 35.82 27.39 25.27 26.47 32.48 27.99 -9999 -9999 -9999 -9999 -9999 -9999 -9999 -9999 -9999 -9999 -9999 -9999 -9999 -9999 -9999 -9999 -9999 -9999 -9999 -9999 -9999 -9999 -9999 -9999 -9999 -9999 -9999 -9999 -9999 -9999 -9999 -9999 -9999 -9999 -9999 -9999 -9999 -9999 -9999 -9999 -9999 -9999
129.40 159.72 152.99 162.18 131.49 142.08 162.11 185.65 206.83 192.87 172.72 149.56 170.90 119.26 104.15 104.78 108.84 126.94 104.80 67.88 64.08 74.70 57.33 45.65 43.18 34.50 29.88 34.84 32.06 30.82 36.07 30.62 30.70 29.09 -9999 -9999 -9999 -9999 -9999 -9999 -9999 -9999 -9999 -9999 -9999 -9999 -9999 -9999 -9999 -9999 -9999 -9999 -9999 -9999 -9999 -9999 -9999 -9999 -9999 -9999 -9999 -9999 -9999 -9999 -9999 -9999 -9999 -9999 -9999 -9999 -9999 -9999 -9999 -9999 -9999 -9999
164.21 151.67 163.01 153.16 153.96 189.72 180.41 168.64 165.32 201.94 159.61 169.71 130.79 161.69 116.61 137.91 168.45 128.06 110.48 90.65 81.93 59.05 42.83 37.58 35.96 30.33 32.50 32.09 33.44 35.70 31.88 33.19 28.73 31.82 30.25 -9999 -9999 -9999 -9999 -9999 -9999 -9999 -9999 -9999 -9999 -9999 -9999 -9999 -9999 -9999 -9999 -9999 -9999 -9999 -9999 -9999 -9999 -9999 -9999 -9999 -9999 -9999 -9999 -9999 -9999 -9999 -9999 -9999 -9999 -9999 -9999 -9999 -9999 -9999 -9999 -9999
147.17 163.69 178.08 143.32 163.28 144.64 136.18 146.40 231.64 292.82 148.70 166.89 157.46 128.00 105.89 152.49 131.84 137.35 138.59 95.15 80.58 58.23 39.82 47.12 54.35 44.66 46.79 46.47 39.62 38.78 32.92 42.07 34.97 39.69 35.30 30.78 -9999 -9999 -9999 -9999 -9999 -9999 -9999 -9999 -9999 -9999 -9999 -9999 -9999 -9999 -9999 -9999 -9999 -9999 -9999 -9999 -9999 -9999 -9999 -9999 -9999 -9999 -9999 -9999 -9999 -9999 -9999 -9999 -9999 -9999 -9999 -9999 -9999 -9999 -9999 -9999
142.99 170.90 169.18 184.08 160.51 138.94 130.71 179.46 234.54 289.65 149.64 165.00 149.81 134.35 132.47 136.73 96.93 92.34 79.10 79.03 68.39 61.54 65.19 75.94 65.50 56.92 47.81 41.57 48.77 38.00 40.82 35.56 38.94 40.78 36.19 26.83 21.64 -9999 -9999 -9999 -9999 -9999 -9999 -9999 -9999 -9999 -9999 -9999 -9999 -9999 -9999 -9999 -9999 -9999 -9999 -9999 -9999 -9999 -9999 -9999 -9999 -9999 -9999 -9999 -9999 -9999 -9999 -9999 -9999 -9999 -9999 -9999 -9999 -9999 -9999 -9999
144.69 150.57 185.40 209.90 142.33 137.74 166.35 233.88 216.65 161.37 149.20 222.38 140.41 123.97 116.11 121.02 94.37 79.89 58.18 55.35 66.74 90.56 89.51 73.77 63.92 50.79 46.06 40.21 44.56 38.56 37.39 31.45 28.47 32.56 30.10 24.38 -9999 -9999 -9999 -9999 -9999 -9999 -9999 -9999 -9999 -9999 -9999 -9999 -9999 -9999 -9999 -9999 -9999 -9999 -9999 -9999 -9999 -9999 -9999 -9999 -9999 -9999 -9999 -9999 -9999 -9999 -9999 -9999 -9999 -9999 -9999 -9999 -9999 -9999 -9999 -9999
112.41 148.82 166.74 152.12 164.06 200.04 162.22 202.46 192.08 168.53 153.16 125.84 159.01 128.04 84.67 71.31 63.99 51.94 53.89 46.92 59.91 50.88 49.56 48.19 46.99 49.02 43.65 39.21 36.93 32.50 31.43 27.96 -9999 -9999 -9999 -9999 -9999 -9999 -9999 -9999 -9999 -9999 -9999 -9999 -9999 -9999 -9999 -9999 -9999 -9999 -9999 -9999 -9999 -9999 -9999 -9999 -9999 -9999 -9999 -9999 -9999 -9999 -9999 -9999 -9999 -9999 -9999 -9999 -9999 -9999 -9999 -9999 -9999 -9999 -9999 -9999
117.41 157.20 161.25 152.28 197.81 185.33 200.55 195.32 131.36 124.63 134.84 91.01 95.13 109.00 71.52 70.26 72.19 71.74 70.74 46.02 46.25 43.67 44.17 44.69 43.51 46.95 42.26 41.28 38.01 30.62 -9999 -9999 -9999 -9999 -9999 -9999 -9999 -9999 -9999 -9999 -9999 -9999 -9999 -9999 -9999 -9999 -9999 -9999 -9999 -9999 -9999 -9999 -9999 -9999 -9999 -9999 -9999 -9999 -9999 -9999 -9999 -9999 -9999 -9999 -9999 -9999 -9999 -9999 -9999 -9999 -9999 -9999 -9999 -9999 -9999 -9999
139.74 135.16 140.57 185.42 169.80 186.89 206.26 176.10 128.85 133.83 113.27 72.08 64.61 71.30 73.20 83.09 81.28 84.63 72.05 61.83 51.99 44.91 37.11 39.56 35.05 35.16 34.77 36.39 32.58 23.97 -9999 -9999 -9999 -9999 -9999 -9999 -9999 -9999 -9999 -9999 -9999 -9999 -9999 -9999 -9999 -9999 -9999 -9999 -9999 -9999 -9999 -9999 -9999 -9999 -9999 -9999 -9999 -9999 -9999 -9999 -9999 -9999 -9999 -9999 -9999 -9999 -9999 -9999 -9999 -9999 -9999 -9999 -9999 -9999 -9999 -9999
135.13 -9999 138.63 172.93 166.56 180.74 180.37 163.79 118.04 88.30 84.66 74.15 73.68 82.15 75.42 110.19 110.50 98.06 87.52 64.10 49.54 45.62 30.18 29.68 28.53 27.85 27.41 20.72 -9999 -9999 -9999 -9999 -9999 18.35 17.46 19.40 18.40 -9999 -9999 -9999 -9999 -9999 -9999 -9999 -9999 -9999 -9999 -9999 -9999 -9999 -9999 -9999 -9999 -9999 -9999 -9999 -9999 -9999 -9999 -9999 -9999 -9999 -9999 -9999 -9999 -9999 -9999 -9999 -9999 -9999 -9999 -9999 -9999 -9999 -9999 -9999
169.94 -9999 131.62 167.96 152.66 136.21 185.87 132.70 147.18 87.40 84.77 79.12 75.09 86.63 72.08 74.54 79.81 65.44 57.18 53.43 45.30 43.30 36.16 30.29 27.79 26.73 22.57 19.86 17.83 17.20 -9999 -9999 15.08 18.64 20.22 18.28 16.18 13.21 14.31 -9999 -9999 -9999 -9999 -9999 -9999 -9999 -9999 -9999 -9999 -9999 -9999 -9999 -9999 -9999 -9999 -9999 -9999 -9999 -9999 -9999 -9999 -9999 -9999 -9999 -9999 -9999 -9999 -9999 -9999 -9999 -9999 -9999 -9999 -9999 -9999 -9999
154.96 117.96 130.24 113.37 135.58 143.57 150.34 122.68 115.87 110.89 96.87 81.93 67.01 60.37 62.80 61.71 58.13 54.68 51.34 47.80 45.23 44.90 26.22 29.09 28.43 23.92 20.61 19.96 18.70 22.41 19.09 14.68 16.84 16.05 17.42 22.34 22.34 19.32 27.46 19.02 -9999 -9999 -9999 -9999 -9999 -9999 -9999 -9999 -9999 -9999 -9999 -9999 -9999 -9999 -9999 -9999 -9999 -9999 -9999 -9999 -9999 -9999 -9999 -9999 -9999 -9999 -9999 -9999 -9999 -9999 -9999 -9999 -9999 -9999 -9999 -9999
134.34 134.56 113.07 131.17 125.82 112.98 122.23 -9999 139.57 152.65 121.54 82.48 66.30 50.75 47.27 44.99 48.57 41.98 41.93 45.66 43.00 40.77 24.25 28.17 27.26 22.62 23.61 22.54 22.12 18.57 23.71 19.75 19.45 20.36 22.95 26.38 26.05 26.83 32.54 28.74 32.37 31.22 20.60 -9999 -9999 -9999 -9999 -9999 -9999 -9999 -9999 -9999 -9999 -9999 -9999 -9999 -9999 -9999 -9999 -9999 -9999 -9999 -9999 -9999 -9999 -9999 -9999 -9999 -9999 -9999 -9999 -9999 -9999 -9999 -9999 -9999
125.09 145.63 106.34 -9999 102.11 101.04 113.36 -9999 137.14 164.54 120.74 90.47 68.36 57.46 40.33 37.68 44.45 38.13 36.51 39.95 41.17 41.74 36.81 26.77 30.13 28.79 28.34 31.81 27.56 22.15 17.59 22.37 21.12 25.67 35.28 37.39 30.46 29.19 32.68 29.53 34.77 24.32 27.77 -9999 -9999 -9999 -9999 -9999 -9999 -9999 -9999 -9999 -9999 -9999 -9999 -9999 -9999 -9999 -9999 -9999 -9999 -9999 -9999 -9999 -9999 -9999 -9999 -9999 -9999 -9999 -9999 -9999 -9999 -9999 -9999 -9999
138.02 120.67 97.14 -9999 -9999 102.17 100.50 112.16 124.44 100.97 96.16 83.60 85.42 66.82 51.07 42.17 47.83 39.73 36.19 41.53 39.22 41.18 40.60 39.13 35.77 37.14 34.20 30.85 26.36 28.76 26.75 26.83 25.11 27.65 33.42 40.12 34.56 30.27 30.69 21.47 19.07 21.01 24.23 17.85 -9999 -9999 -9999 -9999 -9999 -9999 -9999 -9999 -9999 -9999 -9999 -9999 -9999 -9999 -9999 -9999 -9999 -9999 -9999 -9999 -9999 -9999 -9999 -9999 -9999 -9999 -9999 -9999 -9999 -9999 -9999 -9999
142.93 -9999 -9999 -9999 -9999 -9999 99.54 97.25 116.13 86.55 81.65 77.28 82.98 77.73 65.76 57.89 56.01 49.37 41.38 32.47 36.78 36.84 38.04 37.70 36.12 36.94 32.67 30.44 28.82 30.82 37.30 34.61 27.00 28.45 30.94 34.64 33.22 28.77 28.20 17.03 10.42 17.32 17.48 12.05 -9999 -9999 -9999 -9999 -9999 -9999 -9999 -9999 -9999 -9999 -9999 -9999 -9999 -9999 -9999 -9999 -9999 -9999 -9999 -9999 -9999 -9999 -9999 -9999 -9999 -9999 -9999 -9999 -9999 -9999 -9999 -9999
135.83 141.97 159.15 148.66 -9999 -9999 -9999 94.70 104.04 87.59 79.61 72.89 70.67 77.16 67.00 67.59 63.63 52.76 45.91 38.02 35.51 32.22 32.92 30.02 34.11 31.66 30.78 39.26 37.99 43.11 48.04 42.31 34.90 35.19 23.10 29.16 27.30 27.27 29.08 22.73 17.99 17.29 16.97 15.12 14.92 -9999 -9999 -9999 -9999 -9999 -9999 -9999 -9999 -9999 -9999 -9999 -9999 -9999 -9999 -9999 -9999 -9999 -9999 -9999 -9999 -9999 -9999 -9999 -9999 -9999 -9999 -9999 -9999 -9999 -9999 -9999
140.81 157.83 169.45 195.52 157.54 -9999 -9999 -9999 76.16 71.92 67.53 67.18 64.35 62.01 62.54 61.09 62.94 52.14 45.46 38.21 40.51 28.14 31.17 31.24 38.81 36.07 43.56 33.91 37.43 36.31 37.01 41.14 34.44 33.36 30.61 27.68 22.60 22.35 26.80 24.34 18.54 16.76 19.26 17.08 15.13 15.38 -9999 -9999 -9999 -9999 -9999 -9999 -9999 -9999 -9999 -9999 -9999 -9999 -9999 -9999 -9999 -9999 -9999 -9999 -9999 -9999 -9999 -9999 -9999 -9999 -9999 -9999 -9999 -9999 -9999 -9999
137.85 116.74 154.88 196.07 152.42 -9999 -9999 -9999 -9999 -9999 62.07 60.55 53.16 54.47 53.96 56.04 58.60 64.50 60.59 49.77 41.46 33.88 34.58 33.66 35.59 32.07 42.10 39.49 34.01 39.27 37.62 30.35 25.46 25.29 29.14 28.61 27.38 28.67 26.03 25.98 19.51 17.89 18.76 24.53 20.73 17.27 17.81 -9999 -9999 -9999 -9999 -9999 -9999 -9999 -9999 -9999 -9999 -9999 -9999 -9999 -9999 -9999 -9999 -9999 -9999 -9999 -9999 -9999 -9999 -9999 -9999 -9999 -9999 -9999 -9999 -9999
-9999 121.16 128.12 181.29 135.76 -9999 -9999 -9999 -9999 -9999 56.77 57.83 64.22 56.12 58.93 58.82 60.78 68.07 70.89 64.64 48.94 47.00 41.36 40.22 44.88 51.06 38.45 65.57 40.37 52.79 41.72 46.57 44.00 31.71 31.12 30.02 28.37 28.32 28.55 26.55 24.85 21.26 23.27 24.25 26.03 25.12 22.51 19.53 16.52 -9999 -9999 -9999 -9999 -9999 -9999 -9999 -9999 -9999 -9999 -9999 -9999 -9999 -9999 -9999 -9999 -9999 -9999 -9999 -9999 -9999 -9999 -9999 -9999 -9999 -9999 -9999
-9999 -9999 133.16 138.32 116.84 -9999 -9999 -9999 -9999 -9999 51.40 51.60 57.21 52.10 52.21 50.63 54.29 65.13 73.18 75.62 64.41 56.71 54.63 55.23 62.99 65.84 69.33 79.54 67.09 51.35 49.86 41.68 34.63 32.79 32.88 29.61 30.92 31.69 27.31 25.09 24.28 31.77 36.64 28.40 26.91 25.37 24.84 20.63 18.85 -9999 -9999 -9999 -9999 -9999 -9999 -9999 -9999 -9999 -9999 -9999 -9999 -9999 -9999 -9999 -9999 -9999 -9999 -9999 -9999 -9999 -9999 -9999 -9999 -9999 -9999 -9999
-9999 -9999 99.70 102.37 100.43 -9999 -9999 -9999 -9999 -9999 54.75 52.37 58.53 62.25 59.14 60.72 68.99 88.57 100.87 86.99 87.00 82.81 62.51 53.49 58.30 72.27 98.04 81.92 67.64 62.57 55.49 40.21 41.77 32.94 33.97 33.22 28.08 31.20 33.38 33.15 34.44 46.30 47.87 36.76 28.14 27.19 25.82 23.32 21.63 -9999 -9999 -9999 -9999 -9999 -9999 -9999 -9999 -9999 -9999 -9999 -9999 -9999 -9999 -9999 -9999 -9999 -9999 -9999 -9999 -9999 -9999 -9999 -9999 -9999 -9999 -9999
-9999 -9999 -9999 -9999 -9999 -9999 -9999 -9999 -9999 70.61 66.47 72.93 71.37 75.82 75.55 72.71 82.38 89.16 111.69 105.07 96.33 104.04 91.11 89.71 85.62 94.47 104.53 100.39 104.13 73.55 61.61 51.05 39.35 37.05 29.42 30.57 34.16 29.76 35.50 38.80 49.61 45.78 49.37 41.88 29.93 30.00 25.71 24.53 22.33 -9999 -9999 -9999 -9999 -9999 -9999 -9999 -9999 -9999 -9999 -9999 -9999 -9999 -9999 -9999 -9999 -9999 -9999 -9999 -9999 -9999 -9999 -9999 -9999 -9999 -9999 -9999
-9999 -9999 -9999 -9999 -9999 -9999 -9999 -9999 -9999 89.08 70.13 81.98 91.73 105.60 105.66 109.57 112.75 100.68 95.27 116.57 119.85 115.28 112.15 109.47 96.00 81.38 113.96 87.54 89.35 75.54 64.31 52.52 40.47 31.78 36.26 37.44 31.22 31.67 36.05 44.94 44.52 45.71 49.76 43.21 31.59 29.45 29.44 30.17 22.34 -9999 -9999 -9999 -9999 -9999 -9999 -9999 -9999 -9999 -9999 -9999 -9999 -9999 -9999 -9999 -9999 -9999 -9999 -9999 -9999 -9999 -9999 -9999 -9999 -9999 -9999 -9999
-9999 -9999 -9999 -9999 -9999 -9999 -9999 -9999 77.65 91.82 78.98 97.61 112.55 105.72 131.82 157.44 149.25 126.18 133.35 120.08 116.50 110.24 121.38 110.83 100.87 82.02 100.46 109.06 88.12 88.72 69.99 60.32 48.03 43.82 43.73 37.95 33.37 45.05 51.35 53.36 49.42 42.32 36.88 39.24 34.21 37.94 36.54 30.34 24.82 -9999 -9999 -9999 -9999 -9999 -9999 -9999 -9999 -9999 -9999 -9999 -9999 -9999 -9999 -9999 -9999 -9999 -9999 -9999 -9999 -9999 -9999 -9999 -9999 -9999 -9999 -9999
-9999 -9999 -9999 -9999 -9999 -9999 -9999 -9999 95.30 97.71 110.92 111.39 137.10 114.12 149.63 154.12 182.44 152.57 134.78 124.75 120.11 96.73 141.43 132.74 96.19 81.40 95.54 107.38 86.77 86.57 87.79 65.97 69.14 65.76 54.58 54.49 51.65 58.26 41.98 45.71 49.37 44.68 44.43 38.63 34.26 36.68 31.23 28.30 23.93 27.55 -9999 -9999 -9999 -9999 -9999 -9999 -9999 -9999 -9999 -9999 -9999 -9999 -9999 -9999 -9999 -9999 -9999 -9999 -9999 -9999 -9999 -9999 -9999 -9999 -9999 -9999
-9999 -9999 -9999 -9999 -9999 -9999 -9999 84.76 114.93 117.66 123.20 138.89 138.62 123.74 142.24 162.90 156.19 149.88 134.65 119.11 90.00 73.20 90.72 102.42 86.63 76.83 78.39 102.70 106.84 103.21 99.86 88.70 64.59 62.43 57.97 49.71 62.88 51.82 55.85 55.68 43.17 44.41 45.93 46.58 46.86 38.28 33.76 31.31 29.99 27.42 -9999 -9999 -9999 -9999 -9999 -9999 -9999 -9999 -9999 -9999 -9999 -9999 -9999 -9999 -9999 -9999 -9999 -9999 -9999 -9999 -9999 -9999 -9999 -9999 -9999 -9999
-9999 -9999 -9999 -9999 -9999 -9999 -9999 112.87 122.08 123.09 154.81 156.28 151.39 133.20 170.93 123.44 132.15 129.82 139.14 122.68 84.95 74.19 85.59 91.86 79.75 68.33 72.31 74.92 89.14 124.56 144.14 71.93 71.72 64.25 51.86 65.03 51.69 51.70 54.04 43.34 40.57 39.33 38.59 42.94 45.05 39.40 39.36 36.07 33.01 28.62 -9999 -9999 -9999 -9999 -9999 -9999 -9999 -9999 -9999 -9999 -9999 -9999 -9999 -9999 -9999 -9999 -9999 -9999 -9999 -9999 -9999 -9999 -9999 -9999 -9999 -9999
-9999 -9999 -9999 -9999 -9999 -9999 125.91 119.58 121.21 145.07 149.81 155.46 191.16 167.25 181.63 126.12 121.70 119.10 123.24 119.52 96.01 74.39 82.62 85.91 71.35 63.29 72.68 77.22 85.60 123.00 94.68 68.53 70.14 56.60 51.28 61.50 49.11 56.22 48.25 42.53 42.47 44.40 44.26 42.40 42.37 39.60 38.70 36.80 35.04 26.22 -9999 -9999 -9999 -9999 -9999 -9999 -9999 -9999 -9999 -9999 -9999 -9999 -9999 -9999 -9999 -9999 -9999 -9999 -9999 -9999 -9999 -9999 -9999 -9999 -9999 -9999
-9999 -9999 -9999 -9999 -9999 116.93 137.45 138.66 111.28 123.81 127.19 136.69 169.42 168.88 188.80 131.32 107.72 98.80 115.09 106.21 97.05 86.83 74.80 65.99 76.75 73.90 63.76 74.31 76.16 71.94 65.71 62.63 52.62 44.70 47.12 55.34 52.62 57.02 48.36 42.99 37.87 36.84 43.27 42.24 43.81 40.42 36.83 38.94 34.51 28.89 24.59 -9999 -9999 -9999 -9999 -9999 -9999 -9999 -9999 -9999 -9999 -9999 -9999 -9999 -9999 -9999 -9999 -9999 -9999 -9999 -9999 -9999 -9999 -9999 -9999 -9999
-9999 -9999 -9999 -9999 -9999 146.42 167.21 145.29 126.94 129.80 139.54 144.42 205.97 198.37 171.59 161.18 116.75 106.16 106.47 95.88 118.15 86.16 68.11 53.73 55.55 70.89 56.95 66.38 60.00 52.80 47.18 39.77 39.92 39.39 39.02 45.06 47.88 50.16 49.34 39.60 35.23 32.35 39.67 37.11 42.62 39.28 33.44 32.02 32.05 32.57 24.64 -9999 -9999 -9999 -9999 -9999 -9999 -9999 -9999 -9999 -9999 -9999 -9999 -9999 -9999 -9999 -9999 -9999 -9999 -9999 -9999 -9999 -9999 -9999 -9999 -9999
-9999 -9999 -9999 105.42 118.48 145.14 146.81 141.58 138.77 134.14 143.91 149.56 172.06 163.05 190.75 154.69 133.18 96.54 93.38 98.72 93.24 83.00 65.39 46.22 53.06 55.65 47.76 50.03 48.62 45.16 36.22 32.20 33.99 27.38 32.14 46.81 45.31 40.61 40.72 40.76 36.16 32.94 36.75 36.33 31.33 35.30 34.36 28.84 33.72 31.03 26.61 -9999 -9999 -9999 -9999 -9999 -9999 -9999 -9999 -9999 -9999 -9999 -9999 -9999 -9999 -9999 -9999 -9999 -9999 -9999 -9999 -9999 -9999 -9999 -9999 -9999
