Rainfall_2007-2011/Rainfall_2009-01_ACTUAL.txt
ncols         180
nrows         290
xllcorner     -200000
yllcorner     -200000
cellsize      5000
NODATA_value  -9999
[rows 165 to 197 of 290, columns 76 to 151 of 180]
-9999 -9999 -9999 -9999 -9999 -9999 -9999 -9999 -9999 -9999 -9999 -9999 -9999 -9999 -9999 -9999 -9999 -9999 -9999 -9999 -9999 -9999 -9999 -9999 -9999 -9999 -9999 -9999 -9999 -9999 -9999 67.10 69.06 65.00 68.38 85.51 109.25 122.82 133.55 131.81 119.36 141.69 125.43 104.75 86.69 58.78 51.04 43.60 31.02 32.76 35.71 36.03 35.09 32.48 33.83 35.19 35.00 37.94 42.27 44.10 41.30 37.91 44.87 42.64 44.21 38.52 39.04 -9999 40.56 33.83 34.03 36.08 -9999 -9999 -9999 -9999
-9999 -9999 -9999 -9999 -9999 -9999 -9999 -9999 -9999 -9999 -9999 -9999 -9999 -9999 -9999 -9999 -9999 -9999 -9999 -9999 -9999 -9999 -9999 -9999 -9999 -9999 -9999 -9999 -9999 -9999 61.48 66.78 77.82 71.04 78.42 83.11 113.79 131.26 115.56 141.03 118.13 123.27 108.30 107.54 89.91 79.79 59.83 44.17 45.20 39.27 36.71 37.87 36.36 30.46 36.27 34.06 34.70 37.97 41.63 42.78 40.51 42.87 45.97 45.62 49.61 45.84 41.97 40.75 -9999 33.41 35.06 36.18 38.42 -9999 -9999 -9999
-9999 -9999 -9999 -9999 -9999 -9999 -9999 -9999 -9999 -9999 -9999 -9999 -9999 -9999 -9999 -9999 -9999 -9999 -9999 -9999 -9999 -9999 -9999 -9999 -9999 -9999 -9999 -9999 -9999 -9999 54.02 63.44 72.05 72.73 80.73 86.47 93.79 112.08 93.85 101.00 97.32 89.17 85.43 86.57 83.00 82.88 59.88 49.54 46.28 41.16 44.80 40.24 39.49 30.39 29.88 34.30 33.50 37.33 42.84 42.72 40.47 40.89 47.61 48.96 44.03 44.72 46.13 42.71 41.38 -9999 -9999 -9999 -9999 -9999 -9999 -9999
-9999 -9999 -9999 -9999 -9999 -9999 -9999 -9999 -9999 -9999 -9999 -9999 -9999 -9999 -9999 -9999 -9999 -9999 -9999 -9999 -9999 -9999 -9999 -9999 -9999 -9999 -9999 -9999 -9999 58.82 67.09 65.40 73.57 76.28 74.20 80.99 91.53 94.41 86.82 78.21 78.70 79.78 83.83 94.42 119.47 89.96 81.92 77.66 58.75 55.32 38.94 35.11 34.48 31.14 30.85 35.19 36.07 37.30 42.96 44.39 43.17 44.54 50.44 57.97 56.14 44.85 42.39 44.08 45.46 40.93 43.49 -9999 -9999 -9999 -9999 -9999
-9999 -9999 -9999 -9999 -9999 -9999 -9999 -9999 -9999 -9999 -9999 -9999 -9999 -9999 -9999 -9999 -9999 -9999 -9999 -9999 -9999 -9999 -9999 -9999 -9999 -9999 -9999 -9999 -9999 -9999 54.38 70.00 73.27 68.98 74.98 72.36 76.01 70.01 73.51 73.39 68.15 69.99 71.00 82.30 92.59 109.21 118.46 92.86 74.38 62.46 44.99 41.42 31.09 31.63 37.63 38.34 37.75 38.73 44.42 47.32 46.73 52.38 52.54 53.48 53.62 42.64 43.53 47.57 49.20 44.32 42.30 42.76 43.64 -9999 -9999 -9999
-9999 -9999 -9999 -9999 -9999 -9999 -9999 -9999 -9999 -9999 -9999 -9999 -9999 -9999 -9999 -9999 -9999 -9999 -9999 -9999 -9999 -9999 -9999 -9999 -9999 -9999 -9999 -9999 -9999 -9999 57.21 61.59 61.41 65.18 71.27 67.81 64.08 57.89 63.82 63.98 58.79 56.37 64.27 69.94 74.80 106.28 116.82 107.65 97.80 68.06 52.31 42.25 39.59 37.23 41.35 40.94 42.60 40.17 49.75 52.06 51.62 49.34 50.00 48.51 47.56 41.22 35.03 49.89 57.70 49.20 42.89 42.33 44.22 -9999 -9999 -9999
-9999 -9999 -9999 -9999 -9999 -9999 -9999 -9999 -9999 -9999 128.97 117.53 98.51 106.30 -9999 -9999 -9999 -9999 -9999 -9999 -9999 -9999 -9999 -9999 -9999 -9999 -9999 -9999 -9999 46.62 48.81 65.07 64.31 63.69 63.91 62.66 57.58 56.30 57.89 60.38 58.48 56.36 60.05 66.02 87.39 89.08 103.22 90.91 92.38 75.02 44.32 46.42 35.19 47.09 52.20 45.44 45.89 44.57 39.36 54.46 47.28 47.29 49.23 46.83 44.83 43.94 42.52 54.01 60.33 59.28 49.20 46.23 45.51 46.85 -9999 -9999
-9999 -9999 -9999 -9999 -9999 -9999 -9999 -9999 -9999 -9999 126.87 120.86 108.16 102.66 -9999 -9999 -9999 -9999 -9999 -9999 -9999 -9999 -9999 -9999 -9999 -9999 -9999 -9999 50.67 51.37 51.69 60.21 64.73 58.48 59.81 56.95 53.89 53.10 56.72 56.79 59.90 58.44 62.96 59.88 72.40 99.95 112.33 89.74 78.07 64.12 51.91 44.36 40.20 46.56 51.23 49.34 45.45 44.94 43.19 44.07 39.60 48.80 46.69 47.87 46.30 50.32 46.68 59.07 60.59 55.65 54.80 52.37 49.20 52.22 -9999 -9999
-9999 -9999 -9999 -9999 -9999 -9999 -9999 -9999 85.80 115.16 126.24 125.79 116.40 115.66 102.29 69.51 81.64 -9999 -9999 74.20 69.08 -9999 -9999 -9999 45.93 48.45 50.78 -9999 47.70 51.13 57.15 55.51 54.71 56.39 58.66 57.33 55.03 51.12 57.99 54.69 65.96 60.80 59.60 66.49 70.22 85.32 99.13 69.47 63.47 61.62 52.21 57.36 46.81 46.08 49.70 50.33 46.63 46.55 45.67 45.11 43.16 49.99 41.09 48.96 46.78 45.91 48.98 57.08 59.33 49.97 56.44 53.43 58.00 51.99 56.23 -9999
-9999 -9999 -9999 -9999 -9999 -9999 -9999 -9999 -9999 106.13 88.66 116.93 115.05 120.36 104.50 90.06 81.74 -9999 94.71 94.66 96.47 82.27 60.58 56.54 56.83 66.88 53.44 51.57 -9999 49.54 54.48 53.83 47.23 50.69 53.06 51.79 57.74 52.48 54.80 61.95 69.09 76.33 70.03 85.94 99.82 83.45 85.65 64.20 77.76 55.17 53.67 49.97 48.90 60.38 57.50 47.77 46.63 46.63 46.83 49.87 50.59 50.39 45.78 49.50 46.22 44.42 48.71 55.13 58.52 48.48 64.02 61.33 60.26 57.06 51.86 -9999
-9999 -9999 -9999 -9999 -9999 -9999 -9999 -9999 -9999 -9999 88.47 115.69 124.57 119.09 96.07 98.63 118.87 136.45 187.30 115.03 109.00 99.93 89.56 75.97 68.60 58.12 56.32 57.60 55.05 50.47 52.29 55.30 51.76 46.84 51.78 55.35 63.75 60.78 54.82 58.93 68.24 73.01 65.76 89.34 93.81 91.21 82.85 72.71 70.95 63.91 59.94 54.52 54.47 59.62 52.37 53.37 53.93 47.63 50.97 48.65 46.22 47.18 46.97 50.55 46.94 47.15 48.50 53.00 51.93 57.46 63.58 63.26 63.51 52.88 49.04 48.22
-9999 -9999 -9999 -9999 -9999 -9999 -9999 -9999 -9999 -9999 -9999 118.61 111.89 110.58 108.33 143.64 207.62 247.95 214.67 172.24 126.42 98.04 105.27 92.74 72.89 69.19 72.68 56.28 57.40 54.01 56.57 58.26 56.62 44.98 48.73 41.00 66.56 72.16 55.81 60.11 65.94 66.29 78.84 86.72 78.39 85.90 93.91 88.64 67.21 65.73 69.86 69.61 62.76 61.99 56.44 55.75 60.48 48.91 49.51 48.14 44.28 46.37 50.41 49.87 47.86 48.32 49.20 51.14 53.01 56.31 65.33 56.62 54.63 51.77 47.74 46.41
-9999 -9999 -9999 -9999 -9999 -9999 -9999 -9999 -9999 -9999 -9999 -9999 130.61 134.78 201.91 271.46 316.21 300.70 278.68 205.40 182.60 121.33 126.11 115.70 102.42 85.04 64.71 75.38 59.44 63.28 79.71 58.44 57.19 50.93 52.78 52.93 54.53 55.42 56.15 60.19 63.02 67.65 76.03 89.35 84.67 79.36 80.39 88.70 95.81 63.35 84.43 69.07 68.88 71.09 64.97 62.36 58.31 49.43 52.49 46.14 43.16 46.63 41.80 51.41 51.59 52.05 49.67 49.28 55.86 54.14 56.47 49.68 53.18 50.22 45.25 45.42
-9999 -9999 -9999 -9999 -9999 -9999 -9999 -9999 -9999 -9999 -9999 -9999 141.40 153.64 238.40 322.07 374.07 301.13 329.05 219.67 173.79 163.62 146.72 139.21 113.89 102.70 65.69 68.30 78.89 72.68 68.54 60.66 58.87 52.45 55.31 56.38 57.95 54.07 56.35 62.51 62.02 73.62 81.26 73.63 71.05 96.42 99.18 95.34 90.08 73.35 76.79 72.03 72.09 71.15 65.90 64.70 61.82 52.84 51.44 48.12 46.82 46.45 47.66 54.65 57.62 53.46 52.28 48.50 50.82 48.46 50.71 50.23 48.62 48.72 48.30 -9999
-9999 -9999 -9999 -9999 -9999 -9999 -9999 -9999 -9999 -9999 -9999 -9999 160.73 192.76 252.77 265.88 388.70 322.95 261.44 214.47 143.47 186.13 157.16 127.08 120.85 88.21 77.14 98.12 83.43 82.93 67.81 67.08 59.13 55.90 65.23 63.35 56.98 55.34 57.40 63.48 69.73 73.14 74.80 79.28 78.78 86.77 90.38 99.00 79.48 79.83 85.24 65.76 67.53 70.76 75.43 71.62 56.82 59.09 47.60 46.19 45.67 48.10 47.08 62.24 54.26 54.76 55.13 47.83 44.60 47.88 45.88 48.75 46.88 45.60 -9999 -9999
-9999 -9999 -9999 -9999 -9999 -9999 -9999 -9999 -9999 -9999 -9999 150.14 244.15 210.14 271.65 285.87 253.46 282.19 273.71 223.75 207.22 221.19 167.71 129.89 103.81 92.09 99.84 116.55 98.09 93.06 77.75 72.64 55.13 60.59 60.78 59.55 57.74 56.04 56.28 64.65 71.99 67.24 71.80 76.49 66.17 79.99 88.14 76.52 81.25 71.20 70.17 69.93 61.29 68.56 71.27 63.31 56.25 52.49 48.28 47.24 47.33 48.87 46.80 57.19 53.96 56.77 57.22 46.96 43.78 47.02 47.62 45.22 42.88 -9999 -9999 -9999
-9999 -9999 -9999 -9999 -9999 -9999 -9999 -9999 -9999 122.72 136.75 166.99 123.83 164.58 178.22 197.07 166.07 174.66 205.20 223.15 219.58 217.14 203.58 165.40 118.41 120.00 107.85 89.86 92.77 88.58 77.53 66.14 52.79 61.15 57.84 56.89 60.52 58.52 64.12 67.21 72.52 74.19 66.70 64.62 71.50 65.43 64.62 72.09 65.91 58.95 61.77 62.56 60.31 59.24 64.10 53.88 48.75 50.51 48.55 46.18 49.85 48.92 48.27 54.16 56.22 50.41 53.34 45.23 44.14 43.76 45.14 46.10 -9999 -9999 -9999 -9999
-9999 -9999 -9999 -9999 -9999 -9999 -9999 -9999 116.26 121.57 128.35 135.74 115.04 107.50 145.67 162.86 154.30 180.66 205.45 218.37 252.82 187.75 157.82 155.94 137.76 157.31 153.12 138.06 110.15 102.91 81.63 62.10 56.66 61.18 61.43 55.74 60.58 64.71 70.13 76.78 67.51 66.92 69.92 62.72 66.21 63.10 59.12 60.86 55.91 54.66 56.07 55.34 54.57 50.19 50.54 47.55 40.91 48.06 47.20 44.44 51.34 55.40 54.86 62.12 56.35 52.71 50.11 44.12 40.83 41.21 43.43 45.39 -9999 -9999 -9999 -9999
-9999 -9999 -9999 -9999 -9999 -9999 -9999 134.92 128.91 119.76 131.04 -9999 -9999 -9999 -9999 135.23 190.06 239.82 248.05 235.14 208.76 209.24 205.29 200.21 187.54 220.49 188.44 149.34 112.95 108.02 79.04 66.56 62.57 59.45 55.84 60.73 57.97 65.12 63.56 70.67 64.11 59.94 63.60 66.40 63.62 56.77 50.99 56.44 57.91 49.97 49.35 51.10 46.37 51.46 56.02 56.65 52.62 54.31 51.42 50.34 59.51 56.65 57.76 59.44 53.47 55.31 48.71 44.17 42.16 42.33 43.15 40.58 41.46 -9999 -9999 -9999
-9999 -9999 -9999 -9999 -9999 -9999 -9999 116.89 146.17 119.68 119.43 -9999 -9999 -9999 -9999 122.92 173.32 266.17 221.84 224.29 221.33 229.68 252.03 244.07 170.02 203.87 155.36 100.56 104.22 89.48 73.21 78.49 57.92 57.80 56.74 58.77 59.72 62.21 62.52 59.93 69.07 59.81 62.01 63.98 63.53 53.37 55.04 62.47 54.96 47.26 50.30 55.33 55.38 53.54 57.56 60.12 61.94 58.98 55.72 67.83 66.67 61.77 58.70 59.36 58.21 51.82 45.27 44.69 42.25 42.45 41.38 41.94 42.78 42.63 -9999 -9999
-9999 -9999 -9999 -9999 -9999 -9999 -9999 -9999 -9999 -9999 -9999 -9999 -9999 -9999 -9999 153.75 185.97 206.84 210.12 218.95 198.46 262.34 282.78 215.81 167.24 151.83 143.76 122.40 100.47 82.73 63.59 63.77 52.44 55.14 48.86 47.06 52.97 49.30 69.12 68.21 73.33 63.82 69.30 63.02 58.18 49.19 52.01 58.23 53.09 53.08 58.83 60.30 55.39 54.69 58.51 60.57 57.07 61.20 57.99 62.84 65.79 64.64 56.79 59.84 58.35 54.70 44.20 44.70 41.34 39.28 38.45 38.67 42.26 45.65 40.96 43.48
-9999 -9999 -9999 -9999 -9999 -9999 -9999 -9999 -9999 -9999 -9999 -9999 -9999 -9999 -9999 -9999 172.63 173.07 258.16 250.50 262.69 273.21 283.76 227.66 163.38 133.36 112.87 84.64 90.47 69.88 59.46 56.30 58.65 53.20 56.15 55.29 55.34 56.37 68.05 63.89 66.24 65.13 62.29 63.53 62.20 51.32 51.52 52.24 50.77 52.27 53.39 58.67 58.91 65.21 67.27 56.84 57.39 49.17 50.73 57.20 55.38 62.96 61.38 56.85 52.04 50.36 42.06 41.29 40.48 37.81 37.79 37.54 41.20 45.02 43.21 44.34
-9999 -9999 -9999 -9999 -9999 -9999 -9999 -9999 -9999 -9999 -9999 -9999 -9999 -9999 -9999 -9999 183.55 247.01 321.41 274.42 261.09 217.47 196.13 160.22 148.56 123.71 88.36 96.38 80.69 66.32 60.82 59.43 55.40 47.54 59.75 59.69 57.94 54.71 67.91 66.42 63.42 61.85 62.33 59.24 53.91 50.85 46.83 49.38 47.75 51.02 54.82 58.77 62.03 79.64 71.25 57.44 55.90 55.30 56.96 61.05 60.97 61.49 61.05 54.95 52.51 49.50 42.52 40.11 38.84 34.41 35.96 39.22 37.83 39.79 40.74 44.59
-9999 -9999 -9999 -9999 -9999 -9999 -9999 -9999 -9999 -9999 -9999 -9999 -9999 -9999 -9999 153.68 173.16 209.82 247.62 238.76 189.12 157.47 152.45 159.18 149.94 118.08 87.70 97.67 65.85 89.88 66.77 62.64 64.79 66.53 62.38 61.87 72.38 67.45 68.49 59.09 60.47 60.41 61.62 62.43 58.02 53.70 52.89 49.11 48.18 50.46 48.60 56.18 58.63 68.51 65.83 54.30 57.59 59.34 63.03 63.76 58.94 54.48 54.91 51.31 48.97 50.42 42.66 40.14 38.40 34.25 33.53 36.44 38.01 41.12 42.15 42.97
-9999 -9999 -9999 -9999 -9999 -9999 -9999 -9999 -9999 -9999 -9999 -9999 -9999 -9999 -9999 129.09 152.37 217.20 192.59 172.53 145.73 140.89 149.96 156.01 122.88 100.74 85.68 89.63 75.80 72.77 69.08 102.94 84.17 82.29 73.99 64.21 67.05 73.48 66.28 59.19 61.49 62.39 62.73 67.78 61.63 61.56 59.29 52.83 51.87 50.34 52.38 56.24 59.50 65.68 62.78 54.94 56.60 57.43 65.96 54.24 59.56 57.62 53.08 53.01 41.08 39.57 44.64 44.26 46.13 34.73 30.34 36.29 36.19 37.65 39.08 45.68
-9999 -9999 -9999 -9999 -9999 -9999 -9999 -9999 -9999 -9999 -9999 -9999 -9999 -9999 -9999 102.67 142.67 142.11 173.79 163.04 148.18 152.87 166.41 141.49 133.66 98.37 90.33 83.53 84.34 84.77 80.31 99.44 117.79 95.81 92.01 76.61 72.03 74.82 63.95 63.15 61.01 59.95 63.22 64.07 64.93 66.63 58.08 50.97 52.74 60.93 60.57 57.34 59.56 51.62 47.85 46.71 57.21 55.10 56.00 51.70 50.78 46.81 51.10 51.32 49.01 35.14 35.81 49.41 50.21 38.23 38.57 36.87 38.08 36.15 38.87 41.78
-9999 -9999 -9999 -9999 -9999 -9999 -9999 -9999 -9999 -9999 -9999 -9999 -9999 -9999 -9999 -9999 137.55 162.18 185.39 201.23 220.48 176.65 162.77 134.27 93.76 93.34 104.62 87.82 79.75 73.49 82.63 86.53 116.67 96.09 82.44 66.74 81.35 86.68 65.81 70.69 65.29 66.33 66.31 63.84 60.39 58.16 59.94 56.90 58.61 62.55 61.54 56.88 57.74 49.15 48.05 50.52 53.68 50.23 51.47 46.94 50.14 47.45 48.89 48.41 40.59 36.83 37.74 43.30 44.44 38.99 35.71 37.19 36.98 35.14 36.87 38.35
-9999 -9999 -9999 -9999 -9999 -9999 -9999 -9999 -9999 -9999 -9999 -9999 -9999 -9999 -9999 -9999 139.43 152.49 174.89 214.17 284.18 219.04 168.38 132.54 105.74 112.05 129.42 112.45 105.44 92.19 81.53 89.95 104.03 100.03 92.81 99.39 88.88 84.14 74.81 73.72 69.49 66.98 66.96 68.84 58.94 63.39 65.10 65.53 63.89 64.29 62.66 58.65 59.17 59.41 59.09 56.88 55.76 50.77 51.03 42.51 49.32 52.54 49.54 48.26 43.32 41.41 41.37 45.94 41.60 37.20 36.12 36.91 37.26 36.26 36.90 41.05
-9999 -9999 -9999 -9999 -9999 -9999 -9999 -9999 -9999 -9999 -9999 -9999 -9999 -9999 -9999 104.28 115.87 142.35 174.54 196.19 210.66 209.60 155.55 146.16 153.13 133.20 127.58 104.74 84.32 88.24 90.76 101.43 89.37 96.26 101.32 96.27 97.63 90.21 71.41 73.46 68.04 70.35 73.37 72.39 70.42 69.81 68.67 65.22 63.23 70.18 66.19 82.00 59.31 56.41 56.26 59.14 56.21 54.70 52.53 51.28 47.23 50.39 48.95 48.35 40.11 45.70 47.36 41.08 39.98 38.67 36.94 37.06 36.27 36.05 36.44 37.38
-9999 -9999 -9999 -9999 -9999 -9999 -9999 -9999 -9999 -9999 -9999 -9999 -9999 -9999 -9999 118.80 135.67 139.81 150.70 179.04 220.99 198.37 165.36 121.07 121.10 142.69 131.65 117.54 102.87 111.44 98.10 86.19 99.70 85.28 110.15 87.16 118.21 80.62 74.69 72.55 61.13 71.38 64.13 78.45 77.95 77.24 76.24 70.88 77.61 68.96 59.67 55.62 56.08 51.95 52.79 54.54 57.44 47.97 55.21 54.51 51.72 47.79 45.27 42.15 40.64 43.25 43.00 39.80 39.99 37.03 39.41 38.87 36.93 35.57 37.70 34.62
-9999 -9999 -9999 -9999 -9999 -9999 -9999 -9999 -9999 -9999 -9999 -9999 -9999 -9999 -9999 118.49 130.76 130.93 153.17 171.77 211.06 213.05 178.26 132.27 122.78 129.44 112.51 108.92 127.98 103.04 88.64 77.28 84.55 114.41 107.39 88.03 89.13 78.33 74.90 70.37 61.56 60.73 64.65 66.48 71.97 76.59 73.65 71.08 67.65 63.70 62.84 59.71 54.54 52.51 49.94 52.80 52.11 44.45 46.20 47.25 51.39 48.37 44.85 41.76 42.73 42.52 37.81 36.01 35.18 35.35 35.32 38.34 36.37 35.19 35.54 34.20
-9999 -9999 -9999 -9999 -9999 -9999 -9999 -9999 -9999 -9999 -9999 -9999 -9999 -9999 128.53 132.96 150.49 136.38 126.55 167.07 180.91 193.50 165.87 140.89 112.16 113.17 104.05 118.90 102.50 85.70 98.47 93.52 94.73 89.34 79.76 74.85 78.10 99.29 71.09 63.27 65.56 60.52 62.12 64.88 65.20 64.59 74.60 69.34 64.40 59.35 57.20 50.80 44.96 43.76 38.13 47.43 50.81 44.85 45.49 47.98 47.14 44.00 37.52 42.69 42.49 41.43 41.90 37.05 35.43 36.81 35.07 34.89 38.43 35.90 35.17 33.16
-9999 -9999 -9999 -9999 -9999 -9999 -9999 -9999 -9999 -9999 -9999 -9999 -9999 158.33 152.02 135.42 153.69 141.11 153.09 177.36 195.71 186.77 204.52 151.31 138.91 122.89 98.52 124.51 101.13 102.66 84.77 92.09 83.66 85.38 73.34 83.28 82.33 85.08 75.31 69.48 60.14 58.54 60.53 63.69 60.53 60.76 63.46 61.39 57.47 56.37 51.09 46.93 48.55 45.67 39.87 46.17 44.12 45.27 41.38 41.52 40.77 40.36 40.87 47.66 43.22 42.47 45.02 39.57 38.66 39.63 36.19 37.90 41.77 39.60 33.75 34.06
