Rainfall_2007-2011/Rainfall_2008-04_ACTUAL.txt
ncols         180
nrows         290
xllcorner     -200000
yllcorner     -200000
cellsize      5000
NODATA_value  -9999
[rows 170 to 203 of 290, columns 77 to 153 of 180]
-9999 -9999 -9999 -9999 -9999 -9999 -9999 -9999 -9999 -9999 -9999 -9999 -9999 -9999 -9999 -9999 -9999 -9999 -9999 -9999 -9999 -9999 -9999 -9999 -9999 -9999 -9999 -9999 -9999 87.50 88.61 83.39 75.93 72.97 70.99 71.83 72.03 69.22 68.92 67.51 73.67 82.31 95.84 102.40 123.69 126.63 109.72 88.61 76.57 69.62 58.33 52.90 52.91 56.97 60.37 62.34 58.08 64.58 63.37 67.14 79.48 72.48 64.75 59.31 62.95 63.81 67.66 66.00 58.96 47.28 46.17 44.84 -9999 -9999 -9999 -9999 -9999
-9999 -9999 -9999 -9999 -9999 -9999 -9999 -9999 -9999 91.98 87.69 84.52 82.16 -9999 -9999 -9999 -9999 -9999 -9999 -9999 -9999 -9999 -9999 -9999 -9999 -9999 -9999 -9999 70.41 78.23 88.35 84.33 74.47 76.79 73.89 72.97 69.24 65.57 56.69 62.79 70.35 80.97 95.51 115.76 111.10 120.27 95.31 107.89 93.22 71.44 67.85 55.41 64.11 71.11 64.21 70.25 58.42 57.58 65.26 69.21 72.27 67.62 65.84 61.61 61.17 73.06 70.68 69.54 68.12 54.03 49.85 49.25 50.22 -9999 -9999 -9999 -9999
-9999 -9999 -9999 -9999 -9999 -9999 -9999 -9999 -9999 93.33 90.05 83.85 87.82 -9999 -9999 -9999 -9999 -9999 -9999 -9999 -9999 -9999 -9999 -9999 -9999 -9999 -9999 72.79 76.16 76.94 84.97 93.08 82.38 78.63 72.49 77.51 72.41 80.85 69.86 63.19 64.01 67.95 78.86 92.45 116.66 137.02 115.37 104.16 89.79 84.68 69.32 55.26 67.11 71.85 71.94 68.59 60.42 56.73 62.03 65.62 68.20 68.05 67.60 62.80 62.22 64.57 73.28 68.98 64.67 60.35 56.08 53.67 50.86 -9999 -9999 -9999 -9999
-9999 -9999 -9999 -9999 -9999 -9999 -9999 85.92 96.48 95.46 94.01 93.05 95.32 76.10 68.70 79.81 -9999 -9999 62.28 66.15 -9999 -9999 -9999 56.82 70.80 75.89 -9999 64.87 76.12 78.50 74.34 77.85 75.93 80.86 82.90 79.88 73.57 70.80 65.76 63.21 66.63 68.53 93.22 83.08 96.08 109.13 71.75 76.24 72.48 64.17 73.14 59.94 64.86 71.26 76.70 68.45 56.65 59.11 62.96 66.25 67.43 69.89 72.13 66.25 56.26 56.48 65.47 69.30 62.94 66.53 57.45 53.26 46.68 49.69 -9999 -9999 -9999
-9999 -9999 -9999 -9999 -9999 -9999 -9999 -9999 86.65 88.39 101.14 113.43 114.14 80.76 90.19 83.15 -9999 65.55 70.96 84.19 73.40 71.93 62.06 57.01 76.07 74.29 64.75 -9999 64.13 69.80 69.07 59.97 70.18 76.33 69.05 62.29 65.29 59.88 64.02 60.82 75.91 74.85 94.71 105.47 94.64 82.21 67.17 80.14 69.68 63.98 57.84 56.08 62.87 56.12 60.31 63.66 60.56 59.74 65.23 70.06 68.72 73.67 85.44 66.88 54.24 56.82 58.06 59.98 64.60 66.04 54.49 49.88 48.58 49.71 -9999 -9999 -9999
-9999 -9999 -9999 -9999 -9999 -9999 -9999 -9999 -9999 87.12 100.37 113.00 103.56 80.68 84.76 103.35 133.02 147.68 82.33 90.86 90.76 90.91 72.58 66.20 58.19 74.14 70.17 65.30 62.60 69.18 71.20 74.13 76.35 78.36 74.22 59.25 56.71 52.72 57.83 60.59 70.62 65.22 93.46 99.06 100.55 78.72 70.33 68.65 68.05 63.15 54.31 55.93 61.53 53.99 56.19 60.44 58.65 58.51 50.89 50.84 59.33 65.46 65.17 58.37 54.89 55.81 54.16 51.94 59.25 56.22 49.63 45.26 46.38 51.31 52.75 -9999 -9999
-9999 -9999 -9999 -9999 -9999 -9999 -9999 -9999 -9999 -9999 88.12 76.26 89.68 85.96 105.98 138.23 189.08 139.58 93.24 87.02 78.59 88.71 78.80 64.62 58.58 91.82 66.86 71.68 68.28 60.20 62.89 71.79 72.93 75.78 66.86 63.63 64.93 55.77 56.30 57.20 62.38 74.27 84.39 95.88 75.22 82.14 77.85 62.42 67.38 72.13 57.42 59.13 66.07 70.51 61.82 62.46 58.10 53.26 47.18 44.76 48.78 50.04 54.82 53.70 53.16 52.65 53.90 52.61 56.53 57.31 47.86 47.92 51.40 53.13 51.18 -9999 -9999
-9999 -9999 -9999 -9999 -9999 -9999 -9999 -9999 -9999 -9999 -9999 77.82 80.98 113.96 131.80 217.51 188.77 145.62 101.34 100.90 96.62 100.57 75.33 84.47 69.02 68.51 91.14 79.16 67.62 62.96 60.40 68.30 64.75 58.29 62.93 58.92 54.82 56.94 58.85 57.93 60.44 68.21 83.06 81.55 72.58 66.64 79.93 67.33 59.33 72.97 59.64 63.82 71.41 71.34 66.73 65.12 56.32 52.84 47.78 38.13 47.18 44.91 54.39 49.96 45.71 49.85 48.51 52.28 53.36 55.33 44.69 52.03 53.97 57.30 51.81 -9999 -9999
-9999 -9999 -9999 -9999 -9999 -9999 -9999 -9999 -9999 -9999 -9999 77.16 85.16 125.07 163.95 206.67 185.26 152.97 99.31 80.85 115.94 112.27 107.15 89.99 82.04 71.44 77.10 90.10 83.39 75.73 56.08 59.03 59.84 59.11 59.48 58.44 46.72 55.28 57.80 58.54 66.16 75.35 76.95 70.69 74.52 75.37 80.58 76.70 74.02 66.59 63.46 67.57 70.91 78.89 71.70 64.12 54.12 51.37 46.90 44.92 48.80 52.58 55.45 49.23 48.34 49.29 46.99 48.04 44.91 47.57 54.33 51.99 58.70 63.08 -9999 -9999 -9999
-9999 -9999 -9999 -9999 -9999 -9999 -9999 -9999 -9999 -9999 -9999 84.65 99.17 136.32 159.13 207.36 175.26 143.26 144.42 93.85 106.65 129.84 104.05 99.31 75.90 74.33 97.72 91.12 86.80 67.01 62.63 60.88 64.73 68.80 67.25 63.26 58.56 56.99 57.30 65.03 68.84 74.66 75.17 62.90 70.81 62.31 73.53 68.02 82.02 72.15 62.97 64.74 70.48 74.57 68.31 56.39 55.48 47.60 50.13 44.79 49.75 52.91 66.74 57.53 49.68 48.84 48.15 48.82 48.56 42.40 53.95 55.02 55.13 -9999 -9999 -9999 -9999
-9999 -9999 -9999 -9999 -9999 -9999 -9999 -9999 -9999 -9999 87.47 137.58 112.54 148.66 150.59 139.95 185.67 169.56 147.94 122.12 127.90 112.68 95.54 76.54 76.30 88.21 109.60 94.32 91.16 69.38 60.74 59.16 70.86 69.30 65.18 62.71 60.11 59.60 61.71 62.15 59.03 69.49 70.65 59.05 69.09 75.81 68.86 70.96 68.02 67.44 69.37 64.04 69.13 72.54 62.15 54.47 48.34 52.70 49.39 47.88 49.92 52.25 66.31 61.60 50.65 50.94 47.28 46.29 43.84 46.89 48.53 53.63 -9999 -9999 -9999 -9999 -9999
-9999 -9999 -9999 -9999 -9999 -9999 -9999 -9999 63.30 71.20 91.93 96.14 103.82 105.82 118.20 104.19 122.80 133.27 139.93 135.91 131.90 107.37 113.59 82.87 93.36 96.50 79.99 78.15 69.48 73.26 66.53 61.48 77.59 82.21 70.41 65.38 62.30 68.96 63.33 60.94 60.57 64.73 66.99 65.77 63.59 63.17 68.73 61.14 55.50 62.48 66.57 65.77 65.56 68.80 57.85 47.89 53.89 50.36 45.54 52.00 49.41 50.11 54.11 55.88 50.17 50.67 46.64 47.39 40.89 43.44 52.34 -9999 -9999 -9999 -9999 -9999 49.84
-9999 -9999 -9999 -9999 -9999 -9999 -9999 71.78 63.45 76.21 81.00 86.41 86.77 88.37 81.95 93.15 106.12 125.64 137.13 168.19 116.34 99.55 101.27 86.94 112.77 112.36 101.50 82.35 79.90 75.43 68.44 64.14 72.16 67.64 65.17 69.58 67.40 71.89 75.19 63.86 66.39 68.61 65.54 62.19 72.75 71.69 64.93 57.52 54.44 58.83 68.23 64.18 70.69 62.78 51.46 53.28 50.45 47.47 47.96 49.54 52.64 50.97 55.37 52.45 50.82 48.64 43.90 41.25 35.29 40.44 52.75 -9999 -9999 -9999 -9999 -9999 39.94
-9999 -9999 -9999 -9999 -9999 -9999 74.88 86.88 87.31 81.81 -9999 -9999 -9999 -9999 85.95 121.06 133.16 123.00 138.23 133.55 121.55 128.42 126.12 115.18 148.56 124.60 101.63 86.97 84.32 69.23 71.05 67.79 69.75 69.01 71.88 70.83 65.89 70.97 73.97 60.88 58.69 63.07 67.90 65.80 75.28 68.98 62.68 60.20 59.57 56.52 57.80 49.35 55.09 55.57 57.77 55.62 52.47 48.07 49.79 52.88 52.57 50.17 52.82 50.11 47.64 45.27 42.48 41.40 41.46 44.75 47.11 54.10 -9999 -9999 -9999 -9999 42.74
-9999 -9999 -9999 -9999 -9999 -9999 78.86 94.88 85.31 84.70 -9999 -9999 -9999 -9999 82.31 111.52 147.55 137.38 147.79 156.73 144.51 139.81 140.13 124.59 127.68 90.02 70.04 78.28 73.55 67.80 62.36 63.03 68.42 72.11 78.02 74.25 75.05 76.01 75.36 69.80 58.94 65.08 71.99 75.19 70.97 70.82 68.08 58.96 58.70 58.83 61.16 58.33 47.52 47.78 58.99 52.27 54.64 51.97 50.56 47.11 59.64 50.60 46.05 41.64 40.65 41.14 40.28 42.56 42.43 46.28 45.82 47.73 49.37 -9999 -9999 46.46 49.97
-9999 -9999 -9999 -9999 -9999 -9999 -9999 -9999 -9999 -9999 -9999 -9999 -9999 -9999 74.11 113.26 128.87 120.23 151.56 146.82 167.89 149.30 123.70 123.11 112.39 93.03 83.46 74.93 73.18 63.48 66.59 53.22 66.68 64.20 63.61 77.09 68.40 71.35 69.25 73.67 65.70 70.14 72.62 72.94 59.16 66.69 65.57 57.15 57.91 67.44 67.71 60.94 53.52 48.12 46.71 49.04 49.36 51.33 45.68 43.59 49.95 45.01 44.31 36.32 34.28 41.30 39.81 44.51 48.10 47.91 39.74 42.54 46.95 49.05 49.88 48.08 50.14
-9999 -9999 -9999 -9999 -9999 -9999 -9999 -9999 -9999 -9999 -9999 -9999 -9999 -9999 -9999 110.55 105.39 127.49 142.54 167.69 150.87 164.60 145.00 110.96 93.45 85.60 76.73 75.84 61.24 65.04 60.71 67.24 65.64 69.68 68.26 59.28 68.07 73.28 69.75 69.54 68.74 72.82 75.00 72.39 64.04 65.34 61.33 60.97 67.39 66.41 67.64 63.45 68.08 56.98 50.41 49.00 43.57 45.05 42.92 46.13 49.88 47.54 45.07 40.64 38.71 43.47 43.43 42.57 45.30 40.18 36.28 42.46 48.13 48.87 52.09 49.89 46.86
-9999 -9999 -9999 -9999 -9999 -9999 -9999 -9999 -9999 -9999 -9999 -9999 -9999 -9999 -9999 108.85 153.25 185.89 148.47 159.10 146.28 140.54 110.99 104.26 92.37 71.00 82.85 107.38 70.08 83.03 68.60 63.67 60.27 70.33 71.98 72.53 85.17 79.32 77.31 64.90 64.81 67.99 72.54 70.08 65.83 72.53 59.79 59.60 61.88 67.73 67.38 63.96 70.69 61.38 48.31 47.59 46.75 46.90 47.79 47.89 47.61 46.47 43.65 40.07 38.42 41.15 41.80 42.48 41.76 43.56 49.24 45.48 43.77 49.64 54.65 52.36 44.97
-9999 -9999 -9999 -9999 -9999 -9999 -9999 -9999 -9999 -9999 -9999 -9999 -9999 -9999 94.57 106.61 145.91 179.42 161.82 139.03 136.04 123.28 120.92 104.08 74.36 64.77 79.69 63.97 99.92 75.49 67.11 64.57 78.24 83.26 70.23 82.93 76.88 80.22 68.74 66.41 69.13 69.16 66.69 63.48 63.49 64.69 60.29 58.95 61.18 64.84 63.65 61.91 71.00 54.61 45.80 47.72 48.58 44.12 49.00 50.02 43.72 42.89 41.24 38.89 41.59 36.94 42.62 46.02 47.86 47.31 45.95 43.97 48.57 49.94 49.07 46.21 45.35
-9999 -9999 -9999 -9999 -9999 -9999 -9999 -9999 -9999 -9999 -9999 -9999 -9999 -9999 84.08 100.62 151.64 145.27 125.82 111.16 115.66 126.17 116.56 78.78 70.07 63.82 69.19 66.23 67.62 69.79 81.36 81.56 70.29 68.59 62.52 68.65 69.22 65.82 72.37 71.50 73.68 70.60 69.74 60.24 63.95 61.40 53.93 55.39 59.31 62.70 58.82 60.97 64.38 53.63 50.36 40.70 50.52 53.04 50.89 47.46 43.17 40.26 41.00 32.01 35.10 39.67 47.51 51.54 51.24 49.44 47.31 45.12 45.06 43.34 47.39 47.47 44.73
-9999 -9999 -9999 -9999 -9999 -9999 -9999 -9999 -9999 -9999 -9999 -9999 -9999 -9999 72.29 95.04 95.61 114.29 113.65 125.30 114.28 118.24 97.77 92.08 77.59 68.67 64.57 62.05 62.47 75.87 80.17 90.88 72.51 78.65 71.50 68.41 68.76 62.43 70.03 67.14 71.48 71.78 66.30 65.25 67.92 53.33 46.37 51.07 64.72 64.91 60.91 62.59 52.54 46.14 45.48 49.87 49.65 53.22 50.87 45.69 40.86 40.77 42.29 40.73 37.28 40.91 53.24 53.87 51.41 45.83 45.72 44.54 43.10 43.87 46.93 50.77 44.25
-9999 -9999 -9999 -9999 -9999 -9999 -9999 -9999 -9999 -9999 -9999 -9999 -9999 -9999 -9999 51.88 94.67 122.47 138.12 143.73 114.07 101.41 79.05 65.31 64.15 65.61 59.78 57.75 49.93 57.70 68.45 89.45 76.01 68.83 66.12 74.57 75.30 56.69 62.01 60.76 62.32 71.18 65.88 60.57 58.20 52.57 49.08 51.12 60.02 65.24 62.34 63.20 54.41 47.73 49.24 48.42 47.87 49.36 45.65 45.29 39.17 40.27 41.54 41.16 40.71 42.28 48.67 50.14 46.68 45.36 46.58 42.78 36.81 38.98 43.53 45.05 43.91
-9999 -9999 -9999 -9999 -9999 -9999 -9999 -9999 -9999 -9999 -9999 -9999 -9999 -9999 -9999 69.88 94.47 109.96 146.10 170.35 122.46 86.07 75.77 67.60 68.08 79.75 78.34 73.07 66.51 59.40 63.59 73.36 56.22 70.44 90.60 78.49 72.26 60.60 63.01 59.36 55.16 66.52 66.80 57.00 55.42 51.68 45.75 53.52 57.07 62.09 61.58 62.39 64.19 66.47 61.21 55.18 50.58 47.89 52.75 44.99 41.39 37.60 39.25 40.88 42.22 44.87 46.41 42.78 41.60 43.34 40.08 38.59 43.24 39.95 43.06 43.25 41.94
-9999 -9999 -9999 -9999 -9999 -9999 -9999 -9999 -9999 -9999 -9999 -9999 -9999 -9999 56.69 62.18 88.31 120.41 142.41 116.92 117.06 86.22 85.17 99.87 85.57 84.87 85.80 74.85 66.32 68.94 71.17 62.06 59.10 73.73 85.40 82.31 71.98 60.41 67.79 63.42 66.23 73.32 70.15 56.81 60.70 58.09 60.21 48.62 62.01 67.52 61.70 63.41 70.92 65.96 68.08 62.09 50.42 44.42 47.51 38.86 33.64 39.04 38.26 39.15 44.56 47.49 49.33 43.29 41.93 40.72 37.30 35.57 42.44 41.75 41.54 44.66 40.02
-9999 -9999 -9999 -9999 -9999 -9999 -9999 -9999 -9999 -9999 -9999 -9999 -9999 -9999 68.68 77.87 86.12 92.21 131.78 142.21 124.56 99.84 70.81 77.06 87.85 87.92 92.96 80.45 81.54 74.90 61.48 62.23 53.55 66.23 74.26 88.31 53.40 64.20 68.27 61.93 62.16 63.63 80.46 70.08 57.53 65.07 60.95 52.21 54.53 59.57 55.59 60.94 64.34 62.63 61.40 60.99 55.12 45.39 43.89 35.63 29.49 36.54 36.78 40.17 42.00 45.60 49.88 46.07 43.80 43.87 40.39 40.57 40.75 44.15 41.76 41.91 36.57
-9999 -9999 -9999 -9999 -9999 -9999 -9999 -9999 -9999 -9999 -9999 -9999 -9999 -9999 70.49 80.58 80.14 93.16 125.38 138.54 130.15 108.17 76.89 75.47 79.83 77.25 87.68 84.79 76.54 63.43 51.81 50.70 71.51 63.35 69.91 73.75 65.88 66.74 60.45 56.91 58.82 68.42 64.86 69.30 58.02 66.09 64.82 62.09 57.61 53.91 55.42 57.31 58.47 54.09 53.66 56.48 39.27 37.59 35.61 32.39 31.46 36.25 37.07 38.58 38.31 37.34 39.47 51.37 44.69 41.23 45.59 43.29 40.16 37.63 39.51 38.08 33.91
-9999 -9999 -9999 -9999 -9999 -9999 -9999 -9999 -9999 -9999 -9999 -9999 -9999 67.25 73.36 87.41 78.95 63.48 95.64 112.71 125.51 97.98 73.35 68.69 67.27 69.23 105.14 94.93 66.68 70.80 63.61 64.28 65.67 62.91 66.95 71.45 71.55 62.22 60.80 59.68 56.34 58.08 58.14 65.31 61.22 67.72 64.44 63.36 58.82 57.06 55.45 54.45 54.74 55.09 57.89 51.27 37.58 34.34 34.41 32.76 35.16 34.46 37.60 35.32 34.10 35.01 34.18 45.32 40.51 40.41 44.10 49.15 43.67 40.77 39.66 38.57 41.23
-9999 -9999 -9999 -9999 -9999 -9999 -9999 -9999 -9999 -9999 -9999 -9999 79.32 72.02 73.84 76.51 77.49 84.11 109.37 119.22 113.38 111.83 80.62 77.97 77.64 71.67 105.88 83.79 69.62 62.59 62.67 58.12 65.32 69.01 73.65 67.76 76.19 73.52 78.58 68.57 63.26 63.31 64.99 67.68 67.75 64.28 63.27 62.78 49.34 60.13 57.43 59.14 56.94 53.14 60.99 47.85 42.01 33.25 30.48 33.44 36.06 36.20 38.99 35.99 35.14 34.43 36.56 44.96 43.39 43.59 46.51 50.82 44.65 43.39 43.00 43.05 51.05
-9999 -9999 -9999 -9999 -9999 -9999 -9999 -9999 -9999 -9999 71.14 70.38 72.76 67.99 63.87 76.44 75.81 96.89 109.24 124.93 121.11 102.79 82.14 62.05 84.66 79.20 100.70 79.65 63.28 63.77 58.18 58.69 62.67 66.27 72.82 67.66 71.46 70.37 73.30 78.39 75.76 71.59 74.03 69.62 65.52 62.39 62.08 58.30 58.06 59.86 60.97 62.40 63.57 64.71 62.12 49.37 40.07 35.00 38.03 38.40 36.58 39.13 35.56 36.74 35.80 36.20 34.91 41.56 44.00 44.77 46.25 45.79 39.57 42.60 44.57 48.07 54.18
-9999 -9999 -9999 -9999 -9999 -9999 84.06 69.50 85.22 103.06 98.40 92.61 89.38 82.00 78.38 73.38 94.93 97.81 111.35 114.74 105.03 88.60 79.16 67.37 78.52 73.82 103.74 97.91 72.16 55.55 56.33 58.80 68.77 58.39 74.32 71.50 70.06 69.90 67.10 85.80 89.72 72.45 79.75 78.05 65.33 59.25 53.23 62.70 62.39 60.07 55.95 63.50 64.50 58.62 60.95 51.35 47.31 39.59 39.18 39.19 37.74 37.92 37.45 37.65 43.19 39.69 41.85 45.45 49.48 48.53 45.04 44.04 43.35 43.61 54.04 49.95 48.58
-9999 -9999 -9999 -9999 -9999 86.73 93.17 106.33 104.59 85.48 98.64 94.13 92.00 83.73 64.78 82.54 91.57 109.79 98.16 110.98 98.72 87.72 100.71 83.74 66.46 92.77 78.59 79.17 58.36 52.62 53.16 62.04 60.46 63.67 63.21 62.23 71.21 66.14 77.64 69.10 68.79 72.82 76.50 73.98 68.98 58.07 56.38 62.10 63.45 53.98 59.92 56.68 63.75 65.54 61.70 55.52 49.63 42.17 39.10 41.23 41.85 39.19 33.64 47.42 44.58 44.77 45.02 45.35 59.46 57.89 45.84 40.30 44.05 41.51 50.94 50.75 43.85
-9999 -9999 -9999 -9999 80.96 84.83 81.99 88.96 89.97 90.61 84.92 94.89 89.78 86.15 97.22 81.04 82.73 104.13 84.34 93.51 88.52 98.22 90.73 85.68 73.48 71.93 72.17 67.08 85.72 71.16 54.54 53.55 52.88 57.73 57.98 59.84 59.19 66.87 69.33 65.71 64.45 65.57 71.96 67.12 62.89 58.37 68.62 52.43 50.02 50.25 49.21 51.17 48.58 58.02 57.95 48.66 52.17 41.82 37.78 38.19 38.28 40.85 38.99 43.14 44.03 44.11 43.03 49.35 59.60 60.88 50.65 43.58 51.05 46.53 56.60 51.58 41.95
75.59 86.67 86.16 109.64 90.56 94.03 95.03 87.65 87.76 95.71 88.46 94.98 91.04 106.18 96.72 86.50 85.57 87.03 82.81 81.93 89.40 81.34 72.76 73.10 70.88 71.11 63.49 84.73 88.92 65.02 71.44 52.75 61.57 57.64 55.10 67.41 43.67 50.14 78.81 57.94 54.31 56.22 71.53 59.81 60.33 78.86 65.61 51.24 50.17 58.22 45.97 49.76 56.05 59.38 56.05 45.99 43.30 38.08 37.68 40.39 38.41 35.33 44.63 42.47 40.90 41.20 41.46 44.85 51.23 58.39 55.12 56.31 47.89 44.94 44.30 54.98 55.40
100.31 98.75 109.43 126.20 118.04 128.72 101.82 85.70 93.68 111.99 103.09 94.15 100.74 101.70 90.99 92.36 76.69 73.63 77.07 80.14 79.70 71.48 64.54 60.40 52.65 68.50 80.65 136.36 93.59 68.43 55.97 59.17 53.04 66.58 57.28 59.19 54.79 58.37 61.63 56.16 51.02 51.31 54.73 55.49 70.06 71.99 56.50 45.63 43.22 59.65 48.11 53.24 56.61 53.57 57.06 52.91 44.31 42.24 45.93 47.32 42.35 44.12 49.16 43.33 45.02 44.17 45.92 49.01 55.40 61.41 62.44 57.59 57.81 49.17 47.02 50.12 58.68
