Rainfall_2007-2011/Rainfall_2009-10_ACTUAL.txt
ncols         180
nrows         290
xllcorner     -200000
yllcorner     -200000
cellsize      5000
NODATA_value  -9999
[rows 136 to 169 of 290, columns 76 to 151 of 180]
-9999 -9999 -9999 125.63 135.19 139.92 164.06 160.48 164.54 150.60 137.62 134.53 148.62 178.41 234.35 189.66 165.83 135.15 127.60 119.59 123.98 124.16 144.31 131.56 130.35 92.73 71.94 77.45 83.69 80.72 75.17 76.81 77.84 86.08 77.47 76.39 77.80 73.83 63.61 57.35 54.36 35.22 40.33 51.84 45.32 35.06 41.62 44.25 50.17 52.90 56.68 55.28 -9999 -9999 -9999 -9999 -9999 -9999 -9999 -9999 -9999 -9999 -9999 -9999 -9999 -9999 -9999 -9999 -9999 -9999 -9999 -9999 -9999 -9999 -9999 -9999
-9999 -9999 -9999 119.16 127.93 124.94 142.14 136.13 146.43 130.53 121.71 123.69 132.88 156.50 188.60 170.59 151.01 128.77 118.08 112.39 119.35 124.96 159.85 163.48 -9999 -9999 -9999 75.59 80.03 -9999 70.11 71.64 73.69 77.77 62.03 68.07 69.88 57.25 51.62 60.62 51.42 41.24 40.60 33.71 32.26 43.69 39.10 48.87 41.03 50.90 53.13 56.21 -9999 -9999 -9999 -9999 -9999 -9999 -9999 -9999 -9999 -9999 -9999 -9999 -9999 -9999 -9999 -9999 -9999 -9999 -9999 -9999 -9999 -9999 -9999 -9999
-9999 -9999 -9999 105.71 121.66 116.09 118.76 128.18 131.29 128.07 120.84 122.20 132.53 142.30 176.62 150.28 145.80 127.21 117.66 127.72 110.32 114.12 115.31 129.84 -9999 -9999 -9999 69.66 76.36 73.84 69.17 68.63 70.19 73.02 76.93 87.06 81.98 69.81 64.45 58.79 51.33 51.67 43.61 40.50 40.66 45.75 35.60 44.42 56.19 56.53 48.90 54.95 -9999 -9999 -9999 -9999 -9999 -9999 -9999 -9999 -9999 -9999 -9999 -9999 -9999 -9999 -9999 -9999 -9999 -9999 -9999 -9999 -9999 -9999 -9999 -9999
-9999 -9999 -9999 -9999 106.59 113.90 108.03 -9999 126.64 124.24 117.43 123.22 129.66 -9999 135.53 118.10 128.40 112.55 113.72 118.60 110.96 97.81 -9999 -9999 -9999 -9999 63.57 61.61 69.55 62.54 65.44 64.33 66.53 73.91 84.75 107.43 111.91 75.61 87.74 65.00 61.30 53.91 46.67 52.20 38.81 39.64 44.57 47.68 48.39 48.19 45.32 47.07 43.79 -9999 -9999 -9999 -9999 -9999 -9999 -9999 -9999 -9999 -9999 -9999 -9999 -9999 -9999 -9999 -9999 -9999 -9999 -9999 -9999 -9999 -9999 -9999
-9999 -9999 -9999 -9999 -9999 106.65 -9999 -9999 -9999 103.00 95.17 105.86 123.37 142.70 -9999 -9999 99.75 101.99 116.27 119.62 -9999 -9999 -9999 -9999 -9999 75.66 70.63 67.38 72.64 66.77 69.01 67.96 73.81 76.37 69.67 93.01 98.50 101.28 83.70 87.74 79.58 73.76 59.95 60.45 54.77 53.20 44.98 54.90 57.37 47.35 49.25 51.26 49.43 -9999 -9999 -9999 -9999 -9999 -9999 -9999 -9999 -9999 -9999 -9999 -9999 -9999 -9999 -9999 -9999 -9999 -9999 -9999 -9999 -9999 -9999 -9999
-9999 -9999 -9999 -9999 -9999 101.34 95.68 -9999 -9999 -9999 85.49 96.20 127.25 135.18 -9999 -9999 -9999 -9999 106.89 -9999 -9999 -9999 -9999 -9999 -9999 70.43 76.11 78.81 70.86 83.21 81.41 70.15 73.01 71.75 86.25 81.83 87.01 97.25 96.97 114.40 95.21 87.71 70.63 63.19 63.90 57.63 49.73 60.29 48.65 46.53 48.43 59.00 51.38 -9999 -9999 -9999 -9999 -9999 -9999 -9999 -9999 -9999 -9999 -9999 -9999 -9999 -9999 -9999 -9999 -9999 -9999 -9999 -9999 -9999 -9999 -9999
-9999 -9999 -9999 -9999 -9999 -9999 102.28 -9999 -9999 -9999 -9999 96.54 112.75 110.63 -9999 -9999 -9999 -9999 -9999 -9999 -9999 -9999 -9999 -9999 77.29 64.54 88.42 105.95 101.75 112.56 105.59 95.35 89.76 75.45 79.40 97.42 109.41 131.61 141.83 139.11 103.03 79.63 72.31 69.19 55.36 47.58 57.30 59.63 47.81 46.83 53.15 67.67 61.29 49.91 -9999 -9999 -9999 -9999 -9999 -9999 -9999 -9999 -9999 -9999 -9999 -9999 -9999 -9999 -9999 -9999 -9999 -9999 -9999 -9999 -9999 -9999
-9999 -9999 -9999 -9999 -9999 -9999 107.93 -9999 -9999 -9999 -9999 -9999 -9999 -9999 -9999 -9999 -9999 -9999 -9999 -9999 -9999 -9999 -9999 -9999 85.25 92.58 93.21 109.92 97.01 137.97 150.04 115.30 97.64 91.45 93.78 72.21 77.46 120.47 124.09 137.12 106.82 123.03 121.53 103.35 82.41 64.61 48.82 50.47 47.99 52.64 48.39 55.52 57.74 53.25 46.57 -9999 -9999 -9999 -9999 -9999 -9999 -9999 -9999 -9999 -9999 -9999 -9999 -9999 -9999 -9999 -9999 -9999 -9999 -9999 -9999 -9999
-9999 -9999 -9999 -9999 -9999 -9999 -9999 -9999 -9999 -9999 -9999 -9999 -9999 -9999 -9999 -9999 -9999 -9999 -9999 -9999 -9999 -9999 -9999 81.88 89.84 98.74 104.18 130.68 129.03 192.93 187.35 146.72 113.75 99.23 78.33 74.31 65.84 96.02 151.96 140.00 116.25 99.37 101.68 93.61 77.99 77.93 58.29 50.10 39.99 40.99 44.26 47.87 47.18 38.75 39.31 -9999 -9999 -9999 -9999 -9999 -9999 -9999 -9999 -9999 -9999 -9999 -9999 -9999 -9999 -9999 -9999 -9999 -9999 -9999 -9999 -9999
-9999 -9999 -9999 -9999 -9999 -9999 -9999 -9999 -9999 -9999 -9999 -9999 -9999 -9999 -9999 -9999 -9999 -9999 -9999 -9999 -9999 -9999 -9999 87.14 98.24 108.71 133.57 160.95 168.74 151.45 182.28 168.37 144.60 122.13 89.67 89.01 77.82 87.03 103.59 147.56 126.54 111.40 95.33 80.48 62.79 55.05 45.39 41.18 41.67 36.31 40.61 39.36 41.16 38.17 38.92 41.41 42.44 38.55 -9999 -9999 -9999 -9999 -9999 -9999 -9999 -9999 -9999 -9999 -9999 -9999 -9999 -9999 -9999 -9999 -9999 -9999
-9999 -9999 -9999 -9999 -9999 -9999 -9999 -9999 -9999 -9999 -9999 -9999 -9999 -9999 -9999 -9999 -9999 -9999 -9999 -9999 -9999 -9999 -9999 82.01 101.42 119.24 131.49 178.42 206.73 253.67 279.23 268.52 207.71 184.65 144.10 116.10 94.20 66.37 64.65 96.13 81.40 91.96 85.90 66.30 52.82 40.28 42.05 37.21 35.15 36.64 33.07 35.13 39.50 41.08 46.02 59.68 51.56 47.71 49.54 42.49 -9999 -9999 -9999 -9999 -9999 -9999 -9999 -9999 -9999 -9999 -9999 -9999 -9999 -9999 -9999 -9999
-9999 -9999 -9999 -9999 -9999 -9999 -9999 -9999 -9999 -9999 -9999 -9999 -9999 -9999 -9999 -9999 -9999 -9999 -9999 -9999 -9999 -9999 -9999 74.54 119.61 151.24 196.32 291.38 323.32 291.25 296.56 299.20 282.51 261.04 209.19 170.46 117.57 80.16 79.91 80.43 65.17 82.09 68.90 68.11 52.69 37.85 37.89 40.61 38.32 34.43 31.46 32.66 29.73 38.19 44.64 49.65 63.42 55.11 69.42 66.00 66.82 57.81 -9999 -9999 -9999 -9999 -9999 -9999 -9999 -9999 -9999 -9999 -9999 -9999 -9999 -9999
-9999 -9999 -9999 -9999 -9999 -9999 -9999 -9999 -9999 -9999 -9999 -9999 -9999 -9999 -9999 -9999 -9999 -9999 -9999 -9999 -9999 -9999 -9999 83.71 116.46 148.57 199.98 223.35 350.11 408.76 299.71 302.97 254.34 284.00 255.36 186.41 141.92 115.45 93.60 72.82 117.83 103.41 96.84 85.53 81.07 59.53 41.98 43.90 37.62 33.58 31.96 32.46 29.65 33.06 35.75 46.12 60.27 53.72 68.90 69.17 77.25 64.41 73.09 -9999 -9999 -9999 -9999 -9999 -9999 -9999 -9999 -9999 -9999 -9999 -9999 -9999
-9999 -9999 -9999 -9999 -9999 -9999 -9999 -9999 -9999 -9999 -9999 97.49 86.44 79.18 -9999 -9999 -9999 -9999 -9999 -9999 -9999 -9999 -9999 -9999 99.46 120.73 160.22 219.09 253.38 349.98 258.38 209.43 205.62 236.80 200.75 179.83 166.91 148.03 124.61 117.78 124.57 104.88 116.36 91.59 68.03 63.82 59.63 50.84 40.07 32.89 30.36 33.89 36.86 45.45 68.09 72.96 95.59 93.24 91.09 102.30 77.78 88.07 76.09 58.36 -9999 -9999 -9999 -9999 -9999 -9999 -9999 -9999 -9999 -9999 -9999 -9999
-9999 -9999 -9999 -9999 -9999 -9999 -9999 -9999 -9999 -9999 -9999 95.38 97.41 -9999 -9999 -9999 -9999 -9999 -9999 -9999 -9999 -9999 -9999 -9999 -9999 119.37 162.51 214.52 243.88 312.03 234.94 203.44 192.22 176.31 155.70 145.73 132.64 179.86 151.67 150.11 151.72 117.12 88.53 82.82 86.47 59.05 65.48 48.28 39.98 36.99 36.14 33.20 42.39 67.50 77.58 82.39 82.54 76.49 84.19 103.05 98.46 102.93 85.89 89.41 -9999 -9999 -9999 -9999 -9999 -9999 -9999 -9999 -9999 -9999 -9999 -9999
-9999 -9999 -9999 -9999 -9999 -9999 -9999 -9999 -9999 -9999 105.42 135.58 126.38 117.15 -9999 -9999 -9999 -9999 -9999 -9999 -9999 -9999 -9999 -9999 -9999 104.68 153.00 219.90 210.23 206.12 214.53 187.99 172.16 167.51 135.97 133.34 120.53 114.25 168.79 137.86 128.06 97.09 98.80 99.80 77.55 72.12 51.81 43.13 46.49 46.00 41.17 40.39 53.43 62.83 78.38 90.90 89.58 85.55 92.30 88.72 94.97 105.50 88.69 106.11 89.58 -9999 -9999 -9999 -9999 -9999 -9999 -9999 -9999 -9999 -9999 -9999
-9999 -9999 -9999 -9999 -9999 -9999 -9999 -9999 -9999 102.55 130.95 136.01 145.67 117.96 -9999 -9999 -9999 -9999 -9999 -9999 -9999 -9999 -9999 -9999 -9999 120.56 147.67 193.01 168.76 204.25 178.39 178.82 166.34 125.15 127.54 130.62 116.32 155.96 152.14 160.72 142.62 127.92 86.11 86.20 64.51 66.52 46.65 46.64 47.84 44.33 45.23 49.89 51.62 66.34 86.10 85.07 77.26 82.03 81.88 88.09 91.23 106.53 93.39 91.89 84.31 -9999 -9999 -9999 -9999 -9999 -9999 -9999 -9999 -9999 -9999 -9999
-9999 -9999 -9999 -9999 -9999 -9999 -9999 -9999 84.84 97.92 132.23 113.35 92.09 -9999 -9999 -9999 -9999 -9999 -9999 -9999 -9999 -9999 -9999 -9999 -9999 -9999 150.95 164.61 147.84 141.18 158.44 142.58 117.39 107.59 107.23 118.83 104.92 125.82 153.97 170.46 166.11 164.11 134.76 122.68 97.64 75.77 77.40 66.59 49.89 46.82 44.78 48.24 48.71 53.23 74.29 75.02 68.54 70.08 75.92 60.17 63.94 75.64 101.25 79.80 73.38 74.78 71.42 -9999 -9999 -9999 -9999 -9999 -9999 -9999 -9999 -9999
-9999 -9999 -9999 -9999 -9999 -9999 -9999 -9999 101.01 126.35 110.04 93.11 91.85 -9999 -9999 -9999 -9999 -9999 -9999 -9999 -9999 -9999 -9999 -9999 -9999 -9999 -9999 129.08 132.89 137.81 131.09 111.08 107.64 102.63 96.12 110.08 89.91 120.24 134.69 169.68 163.55 153.72 136.16 133.45 128.08 87.70 87.80 74.24 67.77 54.73 50.99 50.75 45.79 54.97 60.06 61.10 65.33 63.98 60.98 58.66 64.72 75.31 88.44 77.40 78.79 93.47 80.74 -9999 -9999 -9999 -9999 -9999 -9999 -9999 -9999 -9999
-9999 -9999 -9999 -9999 -9999 -9999 -9999 -9999 93.31 103.61 114.80 94.00 -9999 -9999 -9999 -9999 -9999 -9999 -9999 -9999 -9999 -9999 -9999 -9999 -9999 -9999 -9999 95.30 110.71 131.98 -9999 103.60 -9999 73.80 72.02 81.86 80.48 95.87 109.66 125.19 143.99 206.87 124.30 96.35 129.38 118.94 107.81 87.44 86.04 65.45 67.38 58.56 51.25 52.71 57.76 62.75 71.82 63.81 71.52 64.53 63.45 76.09 86.39 84.53 79.28 102.02 94.50 93.87 87.41 -9999 -9999 -9999 -9999 -9999 -9999 -9999
-9999 -9999 -9999 -9999 -9999 -9999 -9999 88.09 92.71 94.48 -9999 -9999 -9999 -9999 -9999 -9999 -9999 -9999 -9999 -9999 -9999 -9999 -9999 -9999 -9999 -9999 -9999 88.66 92.66 102.80 -9999 -9999 -9999 73.38 84.96 82.88 76.14 89.45 98.08 99.58 93.95 142.34 138.74 101.82 112.98 113.03 105.66 106.31 88.37 69.82 60.76 50.19 46.98 45.71 47.48 55.77 60.60 61.37 65.35 68.56 70.22 75.47 83.05 89.68 95.69 78.12 75.02 78.44 75.34 -9999 -9999 -9999 -9999 -9999 -9999 -9999
-9999 -9999 -9999 -9999 -9999 -9999 -9999 -9999 -9999 -9999 -9999 -9999 -9999 -9999 -9999 -9999 -9999 -9999 -9999 -9999 -9999 -9999 -9999 -9999 -9999 -9999 -9999 -9999 -9999 -9999 -9999 -9999 71.59 79.13 95.41 115.07 127.11 156.77 144.12 103.72 106.40 129.68 113.14 107.00 95.76 97.74 95.73 87.97 74.33 61.91 61.12 51.54 47.34 49.34 48.39 52.12 55.59 59.00 67.52 78.63 95.09 81.80 84.19 85.32 94.53 83.96 99.59 78.91 -9999 -9999 -9999 -9999 -9999 -9999 -9999 -9999
-9999 -9999 -9999 -9999 -9999 -9999 -9999 -9999 -9999 -9999 -9999 -9999 -9999 -9999 -9999 -9999 -9999 -9999 -9999 -9999 -9999 -9999 -9999 -9999 -9999 -9999 -9999 -9999 -9999 -9999 -9999 -9999 76.79 86.91 96.45 131.47 160.52 200.69 147.99 138.26 93.72 103.03 98.68 99.79 99.26 96.74 85.32 89.10 76.98 58.59 52.44 51.45 49.35 47.83 47.97 50.92 52.06 58.07 69.39 77.69 102.43 92.78 75.98 79.53 86.54 79.34 74.23 67.23 -9999 -9999 -9999 -9999 -9999 -9999 -9999 -9999
-9999 -9999 -9999 -9999 -9999 -9999 -9999 -9999 -9999 -9999 -9999 -9999 -9999 -9999 -9999 -9999 -9999 -9999 -9999 -9999 -9999 -9999 -9999 -9999 -9999 -9999 -9999 -9999 -9999 -9999 -9999 -9999 71.15 81.47 96.98 115.67 166.74 167.35 140.13 109.68 97.57 103.86 95.44 55.34 80.10 67.37 84.12 74.26 71.98 51.57 47.71 45.72 45.82 47.57 49.17 51.32 53.81 54.51 62.66 72.77 87.79 82.53 76.90 75.75 71.69 79.51 76.91 71.84 -9999 -9999 -9999 -9999 -9999 -9999 -9999 -9999
-9999 -9999 -9999 -9999 -9999 -9999 -9999 -9999 -9999 -9999 -9999 -9999 -9999 -9999 -9999 -9999 -9999 -9999 -9999 -9999 -9999 -9999 -9999 -9999 -9999 -9999 -9999 -9999 -9999 -9999 73.32 74.59 70.20 79.93 104.44 132.90 168.94 144.51 142.36 103.57 95.08 91.91 78.60 79.30 75.21 82.57 73.09 63.40 60.06 54.78 42.31 46.60 44.62 46.60 48.87 47.84 49.67 51.51 54.60 65.68 75.10 79.38 76.35 71.65 78.57 75.70 80.72 75.36 74.09 -9999 -9999 -9999 -9999 -9999 -9999 -9999
-9999 -9999 -9999 -9999 -9999 -9999 -9999 -9999 -9999 -9999 -9999 -9999 -9999 -9999 -9999 -9999 -9999 -9999 -9999 -9999 -9999 -9999 -9999 -9999 -9999 -9999 -9999 -9999 -9999 -9999 74.32 72.56 72.36 83.13 92.17 117.46 115.15 113.68 97.78 95.21 114.76 99.28 87.09 86.18 93.23 82.50 80.88 63.77 67.28 59.46 50.99 45.69 47.23 45.31 44.95 46.92 47.78 48.37 48.23 58.93 61.47 74.41 78.70 74.28 84.19 79.22 75.97 78.56 82.58 -9999 -9999 -9999 -9999 -9999 -9999 -9999
-9999 -9999 -9999 -9999 -9999 -9999 -9999 -9999 -9999 -9999 -9999 -9999 -9999 -9999 -9999 -9999 -9999 -9999 -9999 -9999 -9999 -9999 -9999 -9999 -9999 -9999 -9999 -9999 -9999 -9999 76.68 73.25 73.23 72.62 82.00 84.34 83.83 95.04 95.63 89.03 99.28 91.34 89.21 126.26 86.70 77.79 62.01 66.97 58.36 56.37 51.06 52.25 47.05 46.41 43.63 48.75 48.03 48.28 47.90 57.05 64.67 76.53 80.11 78.41 73.06 72.41 70.93 76.36 71.87 68.17 -9999 -9999 -9999 -9999 -9999 -9999
-9999 -9999 -9999 -9999 -9999 -9999 -9999 -9999 -9999 -9999 -9999 -9999 -9999 -9999 -9999 -9999 -9999 -9999 -9999 -9999 -9999 -9999 -9999 -9999 -9999 -9999 -9999 -9999 -9999 -9999 61.87 70.71 70.15 65.41 68.01 72.13 74.90 89.74 86.93 89.58 100.79 108.59 102.12 119.33 101.69 86.27 72.91 63.07 67.85 59.95 43.81 50.44 50.20 45.89 46.20 51.97 46.09 47.61 50.21 55.17 65.35 73.14 80.72 66.74 72.27 67.29 71.13 69.85 66.17 64.91 64.10 -9999 -9999 -9999 -9999 -9999
-9999 -9999 -9999 -9999 -9999 -9999 -9999 -9999 -9999 -9999 -9999 -9999 -9999 -9999 -9999 -9999 -9999 -9999 -9999 -9999 -9999 -9999 -9999 -9999 -9999 -9999 -9999 -9999 -9999 -9999 70.68 68.16 61.67 62.01 72.27 74.12 77.47 90.60 99.74 110.36 123.29 119.96 125.78 107.40 96.20 75.00 69.21 55.61 57.89 52.04 46.63 41.74 44.61 44.83 43.97 46.88 45.52 45.96 51.27 52.50 53.91 54.91 57.59 58.95 66.86 65.39 65.97 67.63 71.10 65.13 64.09 -9999 -9999 -9999 -9999 -9999
-9999 -9999 -9999 -9999 -9999 -9999 -9999 -9999 -9999 -9999 -9999 -9999 -9999 -9999 -9999 -9999 -9999 -9999 -9999 -9999 -9999 -9999 -9999 -9999 -9999 -9999 -9999 -9999 -9999 -9999 -9999 66.37 70.38 62.92 61.55 92.74 108.36 111.18 115.74 116.59 112.65 126.15 131.66 104.29 90.32 69.19 57.88 50.13 36.54 48.69 44.44 44.51 47.86 44.43 42.05 42.51 37.53 43.83 48.26 50.59 50.40 51.08 54.56 55.14 61.04 60.54 65.55 -9999 69.92 63.51 59.89 61.32 -9999 -9999 -9999 -9999
-9999 -9999 -9999 -9999 -9999 -9999 -9999 -9999 -9999 -9999 -9999 -9999 -9999 -9999 -9999 -9999 -9999 -9999 -9999 -9999 -9999 -9999 -9999 -9999 -9999 -9999 -9999 -9999 -9999 -9999 68.02 66.48 71.48 70.90 81.82 91.48 113.20 135.90 122.58 129.40 124.50 123.78 111.44 119.98 93.25 83.38 64.24 47.94 50.65 46.17 41.64 48.16 52.71 40.49 39.47 37.26 34.46 41.05 44.74 48.38 49.09 53.91 53.83 56.13 63.57 70.89 65.06 60.50 -9999 62.62 61.52 63.09 62.80 -9999 -9999 -9999
-9999 -9999 -9999 -9999 -9999 -9999 -9999 -9999 -9999 -9999 -9999 -9999 -9999 -9999 -9999 -9999 -9999 -9999 -9999 -9999 -9999 -9999 -9999 -9999 -9999 -9999 -9999 -9999 -9999 -9999 69.28 69.01 70.91 73.38 75.17 88.85 95.22 123.49 109.00 97.79 97.63 73.93 83.82 88.97 89.46 79.44 64.47 60.59 50.30 41.96 48.73 49.57 49.99 40.44 37.87 35.75 33.40 39.28 42.28 45.31 49.60 48.59 53.60 53.99 55.15 62.80 62.83 57.20 55.61 -9999 -9999 -9999 -9999 -9999 -9999 -9999
-9999 -9999 -9999 -9999 -9999 -9999 -9999 -9999 -9999 -9999 -9999 -9999 -9999 -9999 -9999 -9999 -9999 -9999 -9999 -9999 -9999 -9999 -9999 -9999 -9999 -9999 -9999 -9999 -9999 73.27 82.04 76.69 76.23 83.03 73.06 83.08 91.90 98.96 79.87 71.83 72.74 72.09 72.54 87.06 98.12 90.22 72.50 71.67 57.07 46.69 39.29 38.10 35.16 39.78 38.53 36.66 40.20 51.21 42.07 44.46 54.56 51.00 50.29 51.31 56.69 57.90 52.96 55.77 51.74 52.54 63.98 -9999 -9999 -9999 -9999 -9999
-9999 -9999 -9999 -9999 -9999 -9999 -9999 -9999 -9999 -9999 -9999 -9999 -9999 -9999 -9999 -9999 -9999 -9999 -9999 -9999 -9999 -9999 -9999 -9999 -9999 -9999 -9999 -9999 -9999 -9999 70.88 70.30 72.83 68.75 71.12 71.02 76.74 64.18 69.89 69.93 68.93 67.01 68.07 71.21 100.50 97.49 98.48 71.57 62.78 53.46 42.37 46.90 37.75 37.38 44.10 43.44 46.47 44.67 40.05 42.56 45.47 50.91 51.84 49.82 54.52 52.43 50.26 51.93 50.86 52.65 60.34 67.94 72.58 -9999 -9999 -9999
