Rainfall_2007-2011/Rainfall_2009-12_ACTUAL.txt
ncols         180
nrows         290
xllcorner     -200000
yllcorner     -200000
cellsize      5000
NODATA_value  -9999
[rows 204 to 237 of 290, columns 76 to 151 of 180]
146.20 174.19 174.59 179.60 206.84 220.60 223.94 203.41 192.77 190.56 206.43 194.42 184.68 199.90 180.93 153.99 165.30 139.64 151.53 181.38 171.45 231.01 176.08 169.62 139.24 166.65 115.50 153.81 145.52 174.42 123.01 120.08 122.01 135.18 120.01 86.43 81.52 81.70 83.33 73.23 68.62 64.07 57.32 53.55 53.63 75.56 79.93 80.38 77.97 71.36 77.97 77.19 85.04 81.48 80.82 79.00 75.52 68.68 77.86 83.51 91.84 93.18 95.14 93.27 79.68 96.61 101.88 110.03 96.60 97.28 84.82 69.50 75.58 76.08 79.19 71.03
142.46 157.96 160.19 149.52 174.44 177.07 184.24 186.85 196.67 202.51 185.84 202.95 159.71 157.14 151.65 171.31 182.44 184.54 184.56 230.27 281.45 234.84 229.87 215.42 200.25 214.40 148.87 132.48 181.85 156.13 121.74 129.51 135.48 128.85 106.64 88.77 96.20 85.10 84.21 80.33 69.97 73.16 68.85 69.17 86.85 87.48 77.94 86.50 77.20 77.00 75.11 81.39 81.57 78.55 74.89 69.18 77.65 78.80 87.05 85.64 87.81 91.07 88.42 85.83 88.73 84.31 99.19 87.38 87.17 72.95 69.98 74.76 77.76 77.94 70.29 67.46
-9999 153.90 140.20 150.09 165.53 168.07 171.95 182.87 193.69 199.94 185.43 174.26 153.30 169.88 165.32 209.29 194.01 200.66 199.86 215.45 221.26 237.69 223.89 231.40 216.17 179.47 185.63 172.28 130.97 167.67 164.50 123.35 132.74 106.01 117.79 105.56 112.40 101.89 83.76 75.43 70.81 72.10 77.66 98.68 92.05 90.90 83.47 84.03 74.92 86.16 91.24 75.70 76.30 70.84 70.55 67.47 72.01 81.32 82.98 80.29 85.83 92.00 94.50 102.65 108.63 103.54 94.30 97.29 93.41 86.56 77.36 74.45 71.84 72.83 67.26 62.82
119.99 125.27 123.30 140.41 158.84 177.46 179.21 184.19 161.05 169.62 166.28 145.26 145.12 169.50 159.07 187.64 179.47 171.03 169.08 188.43 166.80 183.85 197.95 210.86 195.55 186.72 184.71 158.45 167.35 217.56 165.20 156.96 127.49 125.58 120.70 117.60 106.82 105.02 81.13 78.51 78.84 105.36 96.63 88.01 90.12 77.84 79.84 82.28 84.21 83.51 85.39 80.19 74.14 71.80 76.33 72.58 72.60 79.38 85.39 83.66 79.74 97.21 104.51 115.35 95.70 105.33 105.95 92.24 89.36 85.70 75.90 74.80 74.54 68.13 69.45 77.26
101.47 117.30 126.10 137.75 154.72 165.66 155.30 145.92 129.40 129.34 128.33 124.38 124.45 142.21 167.72 164.12 191.63 176.12 182.37 205.05 187.11 170.62 210.60 192.83 168.99 170.32 189.32 181.36 158.54 215.37 153.33 143.61 125.68 112.72 121.57 117.42 109.89 91.02 72.65 75.04 86.57 92.62 89.85 92.43 85.67 91.09 82.91 83.09 80.94 72.47 71.62 71.36 70.55 86.94 86.21 76.06 67.59 73.80 78.79 86.73 88.71 104.58 118.21 114.45 106.16 104.24 97.80 88.54 73.22 86.44 87.38 74.54 76.16 83.46 75.25 71.35
-9999 112.77 129.73 135.01 149.05 144.06 143.75 -9999 -9999 -9999 -9999 118.15 121.31 137.58 135.69 137.04 147.44 152.06 157.23 165.09 159.44 243.35 297.62 254.79 208.96 168.04 183.54 189.28 181.44 165.89 150.88 126.03 110.75 126.83 105.08 115.04 88.58 72.15 70.87 77.16 97.34 85.11 99.15 93.29 85.70 84.97 82.42 79.65 73.23 70.40 67.65 71.85 70.82 75.82 73.84 76.16 73.77 76.63 89.55 96.90 108.42 117.62 118.42 120.31 113.78 101.28 91.90 83.81 80.37 83.83 89.76 73.40 69.44 78.26 74.96 69.18
-9999 120.52 141.67 150.94 134.35 143.10 119.91 -9999 -9999 -9999 -9999 -9999 -9999 -9999 122.55 136.88 132.23 128.11 133.55 156.40 194.95 254.05 315.71 283.72 249.14 216.77 208.15 158.25 179.57 200.17 164.20 125.17 131.22 125.22 119.15 90.20 77.49 71.00 75.44 89.92 84.22 86.60 92.08 83.50 82.78 74.22 73.61 72.66 69.65 68.05 68.56 66.60 68.75 70.56 72.14 76.68 78.78 84.98 102.27 117.96 113.03 122.51 120.77 120.26 108.52 93.86 83.78 85.14 79.20 86.21 84.83 90.06 74.39 62.85 69.18 68.61
-9999 -9999 -9999 131.18 -9999 -9999 -9999 -9999 -9999 -9999 -9999 -9999 96.38 108.96 124.48 131.09 112.02 116.33 122.46 140.77 181.08 230.04 264.94 248.15 220.95 207.03 208.01 172.38 169.88 154.67 124.71 101.30 108.86 110.00 104.71 83.18 74.91 76.69 76.82 94.59 91.41 85.45 87.63 81.17 76.48 74.06 70.88 73.58 68.90 66.65 65.72 63.90 68.23 72.06 75.80 76.39 73.63 91.03 118.25 116.65 124.61 109.69 109.64 106.57 95.45 78.65 87.30 85.05 86.38 91.36 78.98 75.86 77.21 81.30 66.08 76.67
-9999 -9999 -9999 -9999 -9999 -9999 -9999 -9999 -9999 -9999 -9999 -9999 92.14 102.00 111.03 116.29 110.89 -9999 -9999 102.59 157.86 171.65 196.71 178.64 168.94 170.14 175.37 163.86 148.28 134.55 107.55 93.27 96.22 83.05 78.75 73.23 72.55 76.24 81.26 91.60 85.91 83.26 90.27 81.86 79.70 72.33 69.02 73.34 71.24 68.52 69.87 83.93 83.91 81.89 78.96 80.42 82.72 99.60 99.95 117.71 111.52 97.51 107.79 98.21 84.33 87.57 87.74 75.66 75.91 90.50 76.24 72.64 75.05 78.95 78.81 80.73
-9999 -9999 -9999 -9999 -9999 -9999 -9999 -9999 -9999 -9999 -9999 -9999 -9999 -9999 -9999 -9999 -9999 -9999 -9999 96.84 108.38 131.49 138.67 133.65 134.02 124.82 136.79 127.03 119.77 106.05 92.91 101.42 89.26 -9999 73.29 70.05 76.16 78.78 84.05 90.28 82.91 84.93 83.20 80.92 74.35 82.96 76.88 83.92 89.49 91.65 89.94 84.65 98.44 92.56 87.06 100.70 93.70 103.96 109.81 110.30 104.37 99.79 93.98 89.24 93.44 90.56 89.67 77.29 78.59 84.44 80.99 79.66 78.58 87.94 88.31 84.71
-9999 -9999 -9999 -9999 -9999 -9999 -9999 -9999 -9999 -9999 -9999 -9999 -9999 -9999 -9999 -9999 -9999 -9999 -9999 -9999 89.65 96.49 109.47 117.54 115.88 113.23 119.33 117.56 101.55 -9999 -9999 -9999 -9999 73.63 66.10 71.15 79.79 81.95 77.86 89.23 88.61 88.15 82.13 80.05 81.99 76.61 88.27 88.78 105.39 99.52 98.37 92.75 96.94 91.81 87.28 96.27 92.06 103.18 107.77 102.18 103.38 90.51 89.09 88.91 85.20 84.85 80.28 67.70 70.14 72.29 74.97 85.50 84.31 86.20 80.65 76.83
-9999 -9999 -9999 -9999 -9999 -9999 -9999 -9999 -9999 -9999 -9999 -9999 -9999 -9999 -9999 -9999 -9999 -9999 -9999 -9999 -9999 94.79 96.88 104.63 101.60 102.82 100.61 94.40 -9999 -9999 -9999 -9999 70.03 79.28 78.58 69.69 84.01 77.07 79.74 88.86 87.55 86.77 82.22 83.40 81.87 88.05 95.40 95.24 102.92 100.98 95.93 88.78 86.65 81.18 92.93 86.53 96.21 95.97 95.40 103.11 102.08 97.07 97.17 97.40 88.06 83.28 77.70 72.86 76.16 78.61 86.44 83.16 88.27 81.75 81.74 85.54
-9999 -9999 -9999 -9999 -9999 -9999 -9999 -9999 -9999 -9999 -9999 -9999 -9999 -9999 -9999 -9999 -9999 -9999 -9999 -9999 -9999 -9999 78.28 79.05 86.11 80.57 79.59 74.85 -9999 -9999 -9999 55.30 69.18 73.65 74.42 77.32 77.53 72.02 79.40 70.82 82.33 84.53 80.35 86.51 87.79 89.73 88.52 101.20 97.00 92.08 85.97 92.93 94.62 96.58 92.17 99.97 99.96 103.47 102.95 104.64 104.62 109.41 105.44 98.33 94.31 85.50 73.69 72.38 73.66 84.98 92.54 95.14 92.60 93.57 88.63 97.23
-9999 -9999 -9999 -9999 -9999 -9999 -9999 -9999 -9999 -9999 -9999 -9999 -9999 -9999 -9999 -9999 -9999 -9999 -9999 -9999 -9999 -9999 -9999 -9999 -9999 -9999 -9999 -9999 -9999 -9999 63.78 69.86 72.01 74.92 83.17 83.28 78.79 80.07 82.00 81.17 85.01 74.00 74.07 74.36 74.70 80.50 87.91 96.52 99.69 99.42 91.02 109.31 114.25 113.43 118.72 113.92 97.42 110.00 106.02 97.58 108.27 113.30 99.20 89.22 85.74 84.50 81.86 84.26 80.58 87.09 97.66 105.28 110.27 107.17 89.12 101.19
-9999 -9999 -9999 -9999 -9999 -9999 -9999 -9999 -9999 -9999 -9999 -9999 -9999 -9999 -9999 -9999 -9999 -9999 -9999 -9999 -9999 -9999 -9999 -9999 -9999 -9999 -9999 -9999 -9999 -9999 66.35 81.83 81.84 106.54 102.82 95.20 93.63 94.01 90.36 94.62 83.80 70.89 74.02 79.79 82.70 87.95 87.11 106.78 104.04 114.18 101.22 106.73 126.53 124.05 133.45 121.69 112.99 119.17 106.13 103.51 110.42 111.46 97.60 90.69 83.75 78.67 86.76 91.93 97.31 101.03 96.33 104.09 123.13 117.93 101.30 106.15
-9999 -9999 -9999 -9999 -9999 -9999 -9999 -9999 -9999 -9999 -9999 -9999 -9999 -9999 -9999 -9999 -9999 -9999 -9999 -9999 -9999 -9999 -9999 -9999 -9999 -9999 -9999 -9999 -9999 -9999 66.19 72.48 78.26 86.95 92.88 98.22 108.95 108.82 103.56 99.53 90.20 82.64 94.40 91.49 100.61 98.54 92.47 94.02 92.60 104.75 112.27 109.89 115.76 120.90 113.39 132.13 125.74 125.14 113.48 110.30 118.34 114.95 99.77 94.84 89.76 97.50 106.39 90.62 110.00 131.00 112.87 117.52 127.36 137.33 109.51 106.60
-9999 -9999 -9999 -9999 -9999 -9999 -9999 -9999 -9999 -9999 -9999 -9999 -9999 87.42 100.84 94.19 117.47 125.24 150.20 134.98 144.30 109.46 114.74 81.63 -9999 -9999 -9999 -9999 -9999 -9999 67.02 68.52 74.24 74.48 79.30 97.46 121.96 118.42 104.71 103.13 96.87 101.47 101.27 94.50 93.19 97.76 85.85 85.08 89.32 100.93 112.68 113.95 118.92 113.55 123.59 136.49 145.67 136.74 127.41 121.96 113.26 110.63 111.17 102.78 102.66 111.73 102.31 108.66 111.22 118.69 109.12 120.98 109.02 104.18 101.12 88.83
-9999 -9999 -9999 -9999 -9999 -9999 -9999 -9999 -9999 -9999 -9999 -9999 -9999 113.11 111.82 122.73 97.67 145.13 178.99 160.51 173.65 150.69 133.38 106.12 96.14 77.42 85.80 82.82 77.24 62.42 72.41 67.33 72.26 77.91 86.51 88.60 106.34 106.04 108.09 99.55 116.19 106.34 97.53 98.09 104.32 94.00 87.96 88.89 93.79 101.50 111.49 110.24 109.16 121.85 133.58 140.66 137.13 139.80 132.83 115.52 117.45 108.68 113.99 110.73 102.31 138.95 124.23 122.06 130.20 115.43 112.54 111.70 115.61 118.87 107.07 103.92
-9999 -9999 -9999 -9999 -9999 -9999 -9999 -9999 -9999 -9999 -9999 -9999 79.81 107.46 106.73 110.48 107.39 145.25 159.12 159.70 172.48 146.63 138.21 118.28 90.48 103.44 99.79 96.78 86.40 77.54 73.52 69.30 68.39 82.91 88.04 100.86 98.75 103.40 96.11 125.51 109.86 115.89 118.92 113.86 108.54 99.32 98.82 95.48 101.86 108.45 112.26 125.07 126.25 124.56 133.06 133.79 143.58 142.14 131.70 126.76 122.63 134.02 117.89 115.00 108.37 115.42 127.96 122.93 122.24 125.69 133.02 131.73 140.37 120.89 122.33 141.79
-9999 -9999 -9999 -9999 -9999 -9999 -9999 -9999 -9999 -9999 -9999 -9999 -9999 94.08 98.72 96.26 113.56 122.97 120.65 119.45 128.83 125.46 105.21 106.18 120.71 110.42 97.41 82.11 84.13 79.55 66.55 64.33 57.16 72.69 67.55 84.54 81.10 89.70 99.12 114.76 110.17 120.53 121.38 114.99 111.00 116.45 111.13 116.89 117.47 119.65 117.59 136.01 130.16 129.88 112.67 127.48 139.46 135.79 138.23 137.78 134.74 138.66 121.80 122.89 110.32 118.68 123.38 124.61 132.56 138.09 135.35 148.03 158.19 144.98 145.25 151.57
-9999 -9999 -9999 -9999 -9999 -9999 -9999 -9999 -9999 136.74 -9999 -9999 96.89 94.80 101.87 91.64 98.31 101.93 97.08 96.10 112.99 125.26 122.50 105.49 121.80 106.00 90.95 79.02 75.74 77.36 67.51 60.13 55.72 78.78 75.86 78.88 86.67 96.09 99.82 110.58 94.87 111.59 112.40 129.05 135.11 125.42 116.29 125.01 129.64 134.14 134.33 148.83 127.48 130.61 146.53 135.14 136.83 141.94 165.13 152.04 140.39 141.55 115.23 123.39 125.12 119.67 126.36 126.59 119.63 126.51 141.03 143.38 146.04 129.12 144.47 154.14
-9999 -9999 -9999 -9999 -9999 -9999 -9999 -9999 139.58 167.33 165.47 151.53 121.26 116.86 111.90 99.44 90.83 99.79 97.48 106.91 104.39 121.65 124.73 111.06 107.54 97.92 93.31 82.83 74.69 80.17 73.28 67.97 71.52 81.29 76.16 80.32 83.65 96.44 98.95 110.13 112.53 123.35 115.53 125.54 145.44 131.82 126.99 114.59 125.18 149.78 151.04 145.61 141.20 129.15 146.81 146.17 134.08 145.12 143.72 142.87 133.45 135.88 137.11 144.01 130.82 128.82 122.81 126.61 121.85 128.11 152.91 136.57 127.10 134.98 132.76 142.20
-9999 -9999 -9999 -9999 -9999 -9999 -9999 -9999 135.97 146.42 150.33 153.51 121.75 112.90 101.17 99.76 110.68 109.46 102.48 107.69 91.21 112.50 110.47 104.53 107.95 99.26 98.25 109.42 96.16 90.05 81.24 73.29 91.87 93.30 94.05 96.88 137.11 97.58 107.38 107.26 105.58 107.49 118.76 123.75 125.59 130.36 123.70 114.99 149.17 151.07 152.49 135.35 145.77 147.86 138.32 134.34 142.44 158.76 151.57 142.05 162.78 145.83 158.13 153.40 142.61 146.28 135.69 134.71 130.54 152.01 155.82 135.30 136.38 126.75 133.78 138.74
-9999 -9999 -9999 -9999 -9999 -9999 -9999 -9999 127.85 139.12 139.86 150.89 127.19 112.87 108.04 102.04 96.08 94.52 91.93 101.96 101.11 101.31 100.93 95.23 101.51 95.87 104.54 110.54 127.08 112.77 106.33 100.74 112.93 98.59 101.79 109.56 111.46 110.99 113.02 111.86 119.25 134.42 123.43 128.64 125.89 129.39 134.25 131.73 145.82 174.96 179.98 147.79 144.57 130.09 120.09 135.13 128.14 147.70 141.16 139.53 153.49 156.65 152.58 179.00 146.37 181.38 158.36 133.47 131.75 169.80 154.54 150.38 133.87 131.10 123.08 121.60
-9999 -9999 -9999 -9999 -9999 -9999 -9999 -9999 102.26 131.58 132.84 121.76 116.46 116.23 104.14 88.11 96.45 94.16 88.05 94.79 94.94 89.18 88.68 99.98 96.22 93.15 105.42 113.39 124.47 117.80 116.23 108.29 113.83 112.38 118.42 133.75 118.35 121.15 129.41 122.73 134.09 120.33 129.19 124.51 121.47 133.72 144.15 148.13 147.63 154.00 147.82 135.81 146.52 139.36 138.79 138.39 161.60 122.73 108.73 125.31 139.12 129.11 132.39 136.73 126.04 140.71 143.64 138.05 129.53 128.42 116.39 140.47 123.90 117.72 129.67 127.37
-9999 -9999 -9999 -9999 -9999 -9999 -9999 -9999 98.14 121.10 118.18 123.71 127.81 119.27 113.93 100.18 91.48 91.73 87.74 84.93 74.63 79.91 85.78 85.25 85.81 90.93 89.21 111.39 125.43 118.94 107.14 130.01 138.19 124.74 146.27 138.93 146.99 158.37 161.58 134.63 134.00 128.77 129.50 130.10 137.47 138.57 141.06 148.19 153.24 143.22 134.91 140.20 128.37 131.36 130.50 138.81 120.67 108.71 106.03 103.71 111.86 118.19 127.93 131.10 116.38 122.60 115.65 106.92 -9999 -9999 102.08 109.47 118.05 117.83 116.10 150.83
-9999 -9999 -9999 -9999 -9999 -9999 -9999 111.35 116.48 125.98 123.47 128.33 131.56 118.94 124.65 122.87 103.25 107.92 99.29 104.54 75.82 82.32 85.47 82.64 81.42 93.91 105.01 131.89 125.10 115.74 118.64 134.10 119.56 118.34 121.12 118.09 157.02 160.92 151.76 132.06 129.95 133.73 136.75 133.04 145.84 142.45 148.61 144.50 156.60 146.45 141.64 134.19 130.11 154.15 -9999 -9999 115.18 110.07 105.02 103.50 102.84 107.71 122.97 -9999 -9999 -9999 -9999 -9999 -9999 -9999 -9999 -9999 -9999 113.39 115.43 127.54
-9999 -9999 -9999 -9999 -9999 -9999 122.52 116.55 141.28 131.90 124.21 128.94 121.60 131.89 125.08 145.98 151.17 138.46 110.40 101.69 102.65 93.81 88.63 80.04 87.25 91.26 114.57 118.84 128.28 129.18 128.79 107.13 112.15 119.41 124.92 129.05 123.26 153.18 131.98 129.79 140.00 129.68 123.45 130.90 145.68 144.49 144.63 132.55 136.43 151.32 151.99 -9999 138.74 162.66 144.48 123.41 123.75 -9999 -9999 -9999 -9999 95.82 -9999 -9999 -9999 -9999 -9999 -9999 -9999 -9999 -9999 -9999 -9999 -9999 -9999 -9999
-9999 -9999 -9999 -9999 -9999 107.38 130.02 141.37 158.56 127.99 129.07 126.85 115.34 105.84 162.51 204.22 211.20 172.24 137.41 148.01 120.76 120.73 99.95 99.61 110.41 102.75 95.87 96.57 91.61 -9999 -9999 -9999 -9999 -9999 112.00 123.84 133.69 130.58 135.18 131.47 117.66 126.63 130.85 155.32 140.57 -9999 -9999 -9999 -9999 -9999 155.39 162.93 150.93 183.45 147.45 124.47 137.56 -9999 -9999 -9999 -9999 -9999 -9999 -9999 -9999 -9999 -9999 -9999 -9999 -9999 -9999 -9999 -9999 -9999 -9999 -9999
-9999 -9999 -9999 -9999 93.59 118.14 135.16 148.41 154.36 138.56 133.51 117.87 134.42 135.24 153.29 214.80 272.20 233.84 203.17 151.81 151.49 121.81 119.81 112.67 92.32 97.01 -9999 -9999 -9999 -9999 -9999 -9999 -9999 -9999 -9999 101.28 119.71 114.40 131.99 139.98 144.77 136.27 169.60 178.53 155.92 -9999 -9999 -9999 -9999 -9999 -9999 -9999 144.86 139.19 120.64 147.34 -9999 -9999 -9999 -9999 -9999 -9999 -9999 -9999 -9999 -9999 -9999 -9999 -9999 -9999 -9999 -9999 -9999 -9999 -9999 -9999
-9999 80.51 83.97 98.17 105.88 113.44 142.98 158.16 172.76 151.75 136.91 134.78 144.42 153.86 147.88 196.34 241.49 220.28 205.30 184.86 131.13 128.49 134.51 101.79 -9999 -9999 -9999 -9999 -9999 -9999 -9999 -9999 -9999 -9999 -9999 -9999 -9999 138.90 -9999 -9999 -9999 -9999 145.93 162.36 158.54 -9999 -9999 -9999 -9999 -9999 -9999 -9999 -9999 116.68 126.95 118.23 -9999 -9999 -9999 -9999 -9999 -9999 -9999 -9999 -9999 -9999 -9999 -9999 -9999 -9999 -9999 -9999 -9999 -9999 -9999 -9999
-9999 86.10 89.57 100.25 110.78 127.76 145.73 160.59 181.00 172.38 156.22 145.13 146.05 142.65 146.79 215.23 233.54 209.63 186.01 159.49 114.87 117.60 113.57 -9999 -9999 -9999 -9999 -9999 -9999 -9999 -9999 -9999 -9999 -9999 -9999 -9999 -9999 120.32 -9999 -9999 -9999 -9999 -9999 -9999 -9999 -9999 -9999 -9999 -9999 -9999 -9999 -9999 -9999 -9999 -9999 -9999 -9999 -9999 -9999 -9999 -9999 -9999 -9999 -9999 -9999 -9999 -9999 -9999 -9999 -9999 -9999 -9999 -9999 -9999 -9999 -9999
-9999 90.25 105.51 112.98 121.95 131.63 148.28 154.38 159.17 146.99 146.01 149.20 139.53 137.46 150.02 180.36 237.96 267.24 212.41 173.45 143.44 133.09 129.47 -9999 -9999 -9999 -9999 -9999 -9999 -9999 -9999 -9999 -9999 -9999 -9999 -9999 -9999 -9999 -9999 -9999 -9999 -9999 -9999 -9999 -9999 -9999 -9999 -9999 -9999 -9999 -9999 -9999 -9999 -9999 -9999 -9999 -9999 -9999 -9999 -9999 -9999 -9999 -9999 -9999 -9999 -9999 -9999 -9999 -9999 -9999 -9999 -9999 -9999 -9999 -9999 -9999
76.39 87.74 103.19 126.04 136.89 144.92 148.80 152.19 152.00 136.60 130.87 126.52 137.67 129.97 144.12 164.58 203.67 215.66 210.77 175.34 144.18 150.98 106.09 -9999 -9999 -9999 -9999 -9999 -9999 -9999 -9999 -9999 -9999 -9999 -9999 -9999 -9999 -9999 -9999 -9999 -9999 -9999 -9999 -9999 -9999 -9999 -9999 -9999 -9999 -9999 -9999 -9999 -9999 -9999 -9999 -9999 -9999 -9999 -9999 -9999 -9999 -9999 -9999 -9999 -9999 -9999 -9999 -9999 -9999 -9999 -9999 -9999 -9999 -9999 -9999 -9999
