Rainfall_2007-2011/Rainfall_2007-06_ACTUAL.txt
ncols         180
nrows         290
xllcorner     -200000
yllcorner     -200000
cellsize      5000
NODATA_value  -9999
[rows 165 to 197 of 290, columns 75 to 149 of 180]
-9999 -9999 -9999 -9999 -9999 -9999 -9999 -9999 -9999 -9999 -9999 -9999 -9999 -9999 -9999 -9999 -9999 -9999 -9999 -9999 -9999 -9999 -9999 -9999 -9999 -9999 -9999 -9999 -9999 -9999 -9999 -9999 124.77 151.83 135.48 113.85 155.81 166.58 168.69 208.10 178.17 172.10 183.82 158.94 210.51 222.14 185.82 178.84 217.74 215.90 264.68 246.67 215.00 213.57 209.30 200.80 204.13 206.62 210.69 212.02 218.67 213.96 202.91 220.51 213.75 236.59 249.14 254.48 -9999 263.38 287.11 279.50 265.13 -9999 -9999
-9999 -9999 -9999 -9999 -9999 -9999 -9999 -9999 -9999 -9999 -9999 -9999 -9999 -9999 -9999 -9999 -9999 -9999 -9999 -9999 -9999 -9999 -9999 -9999 -9999 -9999 -9999 -9999 -9999 -9999 -9999 129.05 129.11 147.02 147.76 147.33 148.34 175.13 205.11 186.54 206.43 180.44 193.89 174.14 232.35 258.79 259.43 197.38 198.40 265.19 259.58 243.04 237.05 250.39 222.97 221.17 205.67 202.06 206.43 211.80 216.07 219.97 239.69 214.50 218.60 232.76 271.32 255.27 246.53 -9999 269.90 271.97 256.31 203.67 -9999
-9999 -9999 -9999 -9999 -9999 -9999 -9999 -9999 -9999 -9999 -9999 -9999 -9999 -9999 -9999 -9999 -9999 -9999 -9999 -9999 -9999 -9999 -9999 -9999 -9999 -9999 -9999 -9999 -9999 -9999 -9999 148.19 141.26 144.42 147.08 152.73 143.19 161.07 166.22 142.86 160.01 167.07 154.00 146.63 181.77 214.18 214.26 194.23 216.28 288.18 248.28 257.89 245.19 246.89 247.33 226.83 200.45 199.94 201.82 204.76 209.74 214.80 220.97 208.00 225.36 272.31 266.62 262.50 257.05 237.91 -9999 -9999 -9999 -9999 -9999
-9999 -9999 -9999 -9999 -9999 -9999 -9999 -9999 -9999 -9999 -9999 -9999 -9999 -9999 -9999 -9999 -9999 -9999 -9999 -9999 -9999 -9999 -9999 -9999 -9999 -9999 -9999 -9999 -9999 -9999 150.37 151.93 157.11 161.37 147.22 152.50 135.59 150.26 153.92 147.65 142.72 151.96 147.03 153.40 187.03 261.25 270.11 195.62 236.46 299.50 270.52 226.69 305.11 234.74 241.90 224.51 192.81 200.10 206.68 203.36 208.72 224.80 233.27 216.15 228.29 234.88 246.75 258.13 268.88 262.89 217.62 229.21 -9999 -9999 -9999
-9999 -9999 -9999 -9999 -9999 -9999 -9999 -9999 -9999 -9999 -9999 -9999 -9999 -9999 -9999 -9999 -9999 -9999 -9999 -9999 -9999 -9999 -9999 -9999 -9999 -9999 -9999 -9999 -9999 -9999 -9999 168.53 162.87 174.93 150.49 144.04 144.55 148.57 151.48 146.49 137.83 140.25 146.57 150.49 165.85 198.14 241.77 279.52 240.49 333.65 270.89 241.20 258.45 201.84 216.04 232.21 216.40 204.66 204.98 198.65 215.21 217.51 223.71 236.94 226.23 230.94 215.15 244.35 244.53 240.11 215.74 201.93 207.24 208.16 -9999
-9999 -9999 -9999 -9999 -9999 -9999 -9999 -9999 -9999 -9999 -9999 -9999 -9999 -9999 -9999 -9999 -9999 -9999 -9999 -9999 -9999 -9999 -9999 -9999 -9999 -9999 -9999 -9999 -9999 -9999 -9999 159.33 182.01 176.13 158.35 160.42 152.73 147.66 140.94 143.19 146.35 135.54 125.20 131.02 156.02 179.34 223.14 286.76 301.63 333.78 316.70 248.64 210.25 223.06 220.12 245.36 228.91 225.20 217.18 196.64 185.99 203.88 211.97 233.50 228.02 224.05 221.25 213.66 220.00 255.99 217.94 196.34 201.97 198.62 -9999
-9999 -9999 -9999 -9999 -9999 -9999 -9999 -9999 -9999 -9999 -9999 97.21 89.63 85.80 103.56 -9999 -9999 -9999 -9999 -9999 -9999 -9999 -9999 -9999 -9999 -9999 -9999 -9999 -9999 -9999 167.29 151.92 153.78 153.04 158.88 158.64 161.28 161.55 141.39 133.60 127.22 139.19 129.21 124.56 149.18 197.90 200.48 257.28 251.91 311.88 290.49 219.61 239.28 199.12 257.75 273.71 242.05 234.31 220.89 199.31 177.43 178.89 197.98 237.21 224.51 216.84 202.70 211.57 231.41 243.30 228.58 201.92 199.15 204.42 204.16
-9999 -9999 -9999 -9999 -9999 -9999 -9999 -9999 -9999 -9999 -9999 97.54 97.05 90.85 92.47 -9999 -9999 -9999 -9999 -9999 -9999 -9999 -9999 -9999 -9999 -9999 -9999 -9999 -9999 181.00 173.05 169.30 161.00 151.03 148.21 174.87 147.41 157.18 147.43 134.46 145.84 145.61 137.28 147.33 132.82 170.15 223.86 282.23 249.50 270.35 269.04 309.78 249.44 211.87 250.45 266.01 252.54 242.13 201.13 217.66 203.70 184.01 203.48 212.70 226.26 235.20 240.35 198.45 218.66 223.57 210.63 203.39 197.58 192.48 195.75
-9999 -9999 -9999 -9999 -9999 -9999 -9999 -9999 -9999 82.53 86.99 85.16 100.41 93.49 102.70 101.49 85.18 108.95 -9999 -9999 91.15 100.93 -9999 -9999 -9999 153.47 158.00 123.56 -9999 151.44 184.48 184.76 174.77 180.81 181.42 202.96 191.44 176.10 182.20 148.60 142.67 135.28 130.73 131.36 157.27 151.34 175.98 214.94 194.22 234.97 282.73 239.89 261.82 233.93 233.65 241.63 274.53 272.06 229.05 246.11 225.50 190.67 228.76 203.23 225.91 214.90 203.10 187.95 209.23 201.49 200.45 206.84 191.31 198.75 188.32
-9999 -9999 -9999 -9999 -9999 -9999 -9999 -9999 -9999 -9999 80.87 82.10 100.82 106.32 107.76 118.97 121.59 111.79 -9999 100.15 103.70 124.39 116.43 145.86 141.44 154.26 180.90 165.55 142.60 -9999 166.12 196.77 193.08 213.25 197.99 186.08 177.31 172.50 172.76 155.26 146.88 129.97 140.67 135.91 153.78 166.13 167.21 185.19 193.43 237.17 260.52 236.22 215.92 211.62 235.15 201.71 227.32 243.60 245.51 228.16 259.47 232.83 230.18 216.69 247.85 235.29 201.26 195.62 194.98 204.97 214.07 223.97 201.93 194.96 187.90
-9999 -9999 -9999 -9999 -9999 -9999 -9999 -9999 -9999 -9999 -9999 83.22 95.30 109.92 117.64 130.95 120.47 132.02 148.69 201.34 126.81 153.29 167.62 187.67 158.57 161.97 140.63 186.67 167.37 134.67 151.20 180.97 193.54 191.43 192.39 230.11 197.48 185.29 163.02 152.47 142.16 140.45 145.93 121.10 155.74 179.44 165.62 174.24 181.74 192.55 239.12 249.06 229.91 210.29 224.33 213.83 253.41 260.44 230.93 233.39 218.35 215.09 216.83 221.76 231.36 225.11 204.79 193.20 178.42 175.10 185.80 214.71 184.01 207.11 183.93
-9999 -9999 -9999 -9999 -9999 -9999 -9999 -9999 -9999 -9999 -9999 -9999 99.59 108.13 136.77 139.46 174.61 211.74 270.99 215.84 132.84 164.47 161.13 185.72 170.51 168.92 166.80 209.01 179.95 154.15 149.00 156.35 180.83 184.44 180.86 199.76 191.19 182.74 188.52 157.11 142.88 135.58 138.53 154.97 158.96 161.51 160.72 177.34 186.75 170.56 205.86 288.87 230.30 212.44 226.89 234.30 254.00 264.62 235.17 243.82 221.81 207.25 211.66 202.74 207.74 200.79 183.56 169.11 165.93 164.51 175.98 199.14 175.65 165.66 167.24
-9999 -9999 -9999 -9999 -9999 -9999 -9999 -9999 -9999 -9999 -9999 -9999 -9999 127.71 138.66 196.65 211.99 266.12 301.34 235.09 196.87 194.66 165.34 206.70 200.40 201.41 190.60 183.30 226.92 186.77 165.59 168.97 170.07 173.11 174.71 169.27 172.56 171.07 167.23 162.08 150.23 135.55 135.81 164.79 170.30 171.65 160.98 162.62 186.86 191.59 140.18 237.03 221.63 212.88 227.58 222.95 230.20 244.97 209.92 261.10 241.73 211.27 204.11 201.66 203.95 180.43 161.48 161.71 175.74 184.25 177.48 169.48 150.09 138.32 151.25
-9999 -9999 -9999 -9999 -9999 -9999 -9999 -9999 -9999 -9999 -9999 -9999 -9999 128.39 147.12 235.10 286.77 377.51 320.48 259.63 179.47 155.96 218.43 220.74 214.04 183.82 169.36 167.18 216.35 237.38 229.32 176.83 170.79 192.90 184.79 187.70 173.88 173.05 160.03 168.11 158.30 134.70 127.42 157.74 141.72 145.77 179.96 188.95 192.35 186.72 185.84 204.17 226.71 191.70 222.36 226.81 217.01 222.52 213.94 241.29 232.44 229.52 187.06 165.21 182.77 157.22 155.86 160.88 161.80 153.82 177.31 175.88 137.08 138.80 153.70
-9999 -9999 -9999 -9999 -9999 -9999 -9999 -9999 -9999 -9999 -9999 -9999 -9999 143.90 167.08 254.30 246.63 380.90 306.58 234.94 239.93 140.85 178.52 213.29 187.72 221.34 208.66 179.53 241.53 263.21 234.02 192.19 191.97 186.67 179.18 202.88 181.98 189.89 180.92 165.54 159.78 156.90 151.44 162.87 162.07 204.20 184.20 183.30 184.36 167.76 195.24 220.89 184.31 196.18 202.06 211.30 198.88 212.75 226.69 215.73 214.63 209.26 176.99 157.19 208.73 171.63 172.59 157.09 154.96 151.25 154.04 159.15 128.54 127.53 140.61
-9999 -9999 -9999 -9999 -9999 -9999 -9999 -9999 -9999 -9999 -9999 -9999 126.34 240.21 199.70 258.99 260.80 242.88 266.32 253.35 237.27 191.91 211.17 190.22 195.32 159.46 177.70 208.45 270.00 259.89 231.13 200.06 208.53 184.88 181.48 178.40 171.72 173.76 163.97 154.39 161.85 186.77 169.80 170.90 179.12 149.15 170.05 193.23 170.97 178.28 178.72 197.53 209.09 178.80 160.15 169.84 199.19 223.25 199.95 173.59 204.56 209.46 197.11 174.50 182.32 166.03 155.56 150.47 149.23 151.63 159.32 132.39 127.04 117.13 -9999
-9999 -9999 -9999 -9999 -9999 -9999 -9999 -9999 -9999 -9999 82.75 100.12 117.82 164.46 163.33 189.98 213.40 178.82 179.86 164.38 217.56 214.57 219.05 186.89 194.63 150.97 183.32 212.34 189.72 199.44 168.81 197.70 185.66 152.77 171.10 160.21 169.68 167.11 143.66 138.98 159.08 181.91 150.27 159.45 161.77 162.02 169.30 161.15 176.66 166.96 165.91 177.26 187.48 174.75 157.79 171.30 173.12 165.26 169.43 181.21 202.40 183.06 192.55 168.10 163.09 149.67 122.50 135.17 138.75 134.10 136.74 144.85 125.24 -9999 -9999
-9999 -9999 -9999 -9999 -9999 -9999 -9999 -9999 -9999 86.70 80.74 114.57 124.96 135.30 116.14 159.10 158.59 159.76 169.91 191.66 212.82 267.44 183.92 140.90 152.69 134.90 217.87 256.78 233.11 193.25 196.62 197.68 189.50 153.13 168.09 237.39 176.98 170.03 157.41 165.20 192.56 168.76 146.45 159.26 152.53 146.48 162.63 159.46 157.39 151.64 146.77 163.02 157.83 144.07 157.68 151.98 158.48 155.84 179.86 179.27 176.00 164.84 167.15 156.15 162.26 145.64 111.90 121.75 132.16 128.00 120.51 127.63 117.99 -9999 -9999
-9999 -9999 -9999 -9999 -9999 -9999 -9999 -9999 94.66 103.71 101.90 116.79 -9999 -9999 -9999 -9999 132.98 198.29 224.42 199.75 207.49 197.43 168.92 192.21 206.84 169.16 286.84 283.40 221.45 222.43 222.82 169.86 164.40 163.80 158.65 181.48 161.95 163.72 180.52 174.69 216.00 210.81 170.47 166.31 176.27 176.28 161.16 152.94 154.33 170.08 159.46 162.11 167.99 125.72 131.24 140.10 138.14 147.38 160.79 149.24 160.43 173.32 161.92 153.18 163.04 144.08 132.30 145.21 139.20 131.84 128.81 126.16 127.38 135.77 -9999
-9999 -9999 -9999 -9999 -9999 -9999 -9999 -9999 110.42 119.84 90.45 82.73 -9999 -9999 -9999 -9999 156.20 190.18 237.73 199.59 204.84 209.44 196.78 237.12 253.41 216.65 282.99 230.54 218.75 214.45 190.39 164.24 166.36 166.82 173.05 181.22 177.27 202.75 211.68 196.04 227.47 217.17 186.87 177.58 187.47 188.72 193.14 189.12 179.38 155.80 153.92 168.26 187.61 162.88 140.93 146.07 137.95 140.26 160.54 154.96 172.91 167.22 172.51 153.35 147.47 112.58 135.75 145.64 145.70 139.35 125.17 121.74 120.68 127.26 126.15
-9999 -9999 -9999 -9999 -9999 -9999 -9999 -9999 -9999 -9999 -9999 -9999 -9999 -9999 -9999 -9999 146.15 188.28 186.67 154.96 207.05 211.50 258.18 271.69 210.53 222.82 231.25 217.58 203.51 180.25 179.46 157.03 157.87 131.73 165.34 153.53 151.30 194.39 200.65 191.31 197.30 201.71 186.78 192.70 197.65 201.60 198.23 188.15 188.34 160.07 163.62 185.28 205.16 166.44 136.28 133.97 125.01 140.52 180.33 153.41 158.22 162.43 174.30 169.53 145.90 139.98 134.60 143.66 154.22 149.05 140.25 98.43 112.56 118.44 118.79
-9999 -9999 -9999 -9999 -9999 -9999 -9999 -9999 -9999 -9999 -9999 -9999 -9999 -9999 -9999 -9999 -9999 153.72 140.14 164.34 198.30 246.81 201.99 228.93 221.24 164.69 170.83 181.39 161.67 158.11 144.89 165.68 127.05 135.30 153.81 161.04 179.38 181.47 193.52 201.55 202.19 204.89 202.79 189.69 206.53 221.41 192.33 177.21 159.63 161.76 151.89 169.94 169.25 131.32 130.36 125.54 114.89 137.87 119.08 130.00 149.01 149.96 148.82 147.36 129.06 122.03 120.12 152.67 143.87 143.03 128.45 106.78 111.06 115.82 113.70
-9999 -9999 -9999 -9999 -9999 -9999 -9999 -9999 -9999 -9999 -9999 -9999 -9999 -9999 -9999 -9999 -9999 133.83 203.90 336.64 223.61 218.64 210.75 200.07 178.55 165.27 153.00 153.04 188.34 170.90 145.87 173.32 156.62 129.85 144.71 146.51 192.56 188.62 216.63 234.90 228.51 224.41 207.00 179.69 198.35 238.57 214.63 205.00 180.54 170.43 163.34 173.69 158.87 130.70 138.36 126.31 130.58 142.02 129.29 137.39 158.26 161.77 139.77 132.07 128.64 117.06 111.26 135.99 131.93 128.28 121.57 80.73 95.18 95.85 99.74
-9999 -9999 -9999 -9999 -9999 -9999 -9999 -9999 -9999 -9999 -9999 -9999 -9999 -9999 -9999 -9999 148.98 160.32 187.80 233.48 215.69 186.44 188.22 163.99 172.39 195.57 165.23 172.90 196.48 175.35 210.26 162.58 140.24 149.63 171.20 241.20 204.37 242.87 240.35 277.06 210.91 220.45 204.21 185.35 197.61 214.78 189.91 178.52 186.17 176.24 167.51 206.41 161.43 143.55 109.06 119.73 105.06 148.88 150.35 133.32 146.14 162.66 148.30 137.68 123.68 110.74 118.30 101.67 111.65 110.56 106.04 102.75 98.93 98.00 96.62
-9999 -9999 -9999 -9999 -9999 -9999 -9999 -9999 -9999 -9999 -9999 -9999 -9999 -9999 -9999 -9999 140.26 160.60 204.96 167.83 150.70 169.44 171.59 176.29 205.76 179.86 167.41 175.96 174.31 178.12 174.06 166.33 217.84 172.92 164.45 159.81 199.79 218.20 263.81 240.04 208.25 207.15 200.68 185.23 196.45 184.00 182.73 183.87 175.20 167.43 169.65 181.04 149.52 140.31 129.04 129.99 113.57 149.23 159.31 156.68 143.81 153.12 151.38 136.95 126.20 94.02 95.04 101.64 95.62 97.25 102.69 102.40 103.15 94.47 98.87
-9999 -9999 -9999 -9999 -9999 -9999 -9999 -9999 -9999 -9999 -9999 -9999 -9999 -9999 -9999 -9999 117.88 177.90 132.42 133.52 137.01 161.51 169.16 212.57 203.90 213.91 176.31 159.26 157.86 173.83 189.48 195.00 207.96 218.74 178.20 206.80 195.78 198.81 207.69 200.09 192.40 202.17 189.69 186.46 175.63 169.57 185.62 221.31 216.96 166.42 176.77 168.01 151.73 150.32 139.31 127.38 129.15 181.69 160.97 157.19 143.24 143.31 136.24 125.36 125.07 111.30 78.77 84.66 84.49 82.87 108.45 112.02 100.05 96.69 96.26
-9999 -9999 -9999 -9999 -9999 -9999 -9999 -9999 -9999 -9999 -9999 -9999 -9999 -9999 -9999 -9999 -9999 120.28 148.84 168.97 188.72 213.29 182.71 196.84 190.81 166.05 153.19 144.96 163.62 172.66 149.00 178.66 180.73 223.83 192.10 224.96 213.26 209.79 219.04 193.33 187.37 185.52 171.54 192.37 176.31 157.93 157.46 168.84 165.62 169.82 177.67 168.34 144.32 161.76 155.40 135.55 141.24 168.67 144.71 144.58 141.00 147.15 142.04 122.95 114.06 98.49 88.05 77.10 85.42 88.29 98.03 86.43 83.19 89.57 83.07
-9999 -9999 -9999 -9999 -9999 -9999 -9999 -9999 -9999 -9999 -9999 -9999 -9999 -9999 -9999 -9999 -9999 145.53 139.99 171.24 211.36 250.69 209.51 198.86 184.60 165.66 173.15 177.74 194.35 218.35 178.32 157.23 160.39 207.58 218.44 229.20 273.05 213.74 241.93 254.76 257.11 195.47 179.71 170.96 177.11 174.21 157.28 158.33 158.29 140.98 168.71 161.87 150.15 156.27 161.53 154.48 148.51 158.21 151.58 135.87 153.32 143.88 113.78 103.28 99.14 94.08 71.32 71.68 81.32 76.79 85.53 70.45 88.19 86.98 78.17
-9999 -9999 -9999 -9999 -9999 -9999 -9999 -9999 -9999 -9999 -9999 -9999 -9999 -9999 -9999 -9999 93.18 140.11 141.30 159.06 173.78 238.63 212.03 194.49 217.25 256.41 231.48 208.04 194.60 165.99 160.28 174.75 190.10 211.18 210.62 219.59 214.21 222.55 203.74 198.94 222.57 178.90 155.93 161.56 154.61 171.52 167.57 161.60 161.07 152.38 158.96 169.01 172.00 160.12 173.36 135.24 133.21 131.87 158.13 169.54 173.55 138.10 144.70 98.55 95.60 96.20 83.01 76.97 77.75 76.21 93.45 85.13 85.44 86.72 82.80
-9999 -9999 -9999 -9999 -9999 -9999 -9999 -9999 -9999 -9999 -9999 -9999 -9999 -9999 -9999 -9999 123.61 148.63 141.53 131.65 168.73 237.53 239.92 209.73 191.87 192.29 264.91 263.65 219.72 179.47 197.98 192.87 170.58 220.31 184.00 201.61 177.96 222.94 189.42 191.03 224.42 148.40 153.62 146.74 165.27 193.14 166.51 173.99 175.26 166.72 121.99 151.66 152.48 151.79 191.47 133.51 130.90 143.47 142.73 166.04 159.86 140.52 128.79 110.13 93.69 94.17 89.30 85.01 79.33 94.72 87.82 82.32 77.92 79.05 81.12
-9999 -9999 -9999 -9999 -9999 -9999 -9999 -9999 -9999 -9999 -9999 -9999 -9999 -9999 -9999 -9999 138.96 158.10 141.62 135.01 159.81 223.50 257.71 249.28 198.90 194.90 219.50 207.07 184.22 177.91 183.01 173.70 179.96 192.05 230.15 187.97 181.89 189.05 179.97 190.96 176.69 165.70 150.87 146.49 147.87 123.73 146.15 146.31 149.49 152.71 153.12 158.70 147.34 144.85 141.05 132.56 160.23 173.75 167.02 160.97 160.59 124.55 109.37 110.58 95.18 89.54 85.29 85.20 86.21 60.28 69.09 67.64 71.10 72.97 73.01
-9999 -9999 -9999 -9999 -9999 -9999 -9999 -9999 -9999 -9999 -9999 -9999 -9999 -9999 -9999 145.50 158.86 171.04 148.51 144.21 167.70 199.46 197.77 201.07 188.51 177.53 176.88 172.76 164.71 156.92 159.25 186.19 194.71 202.98 199.28 166.09 175.91 172.07 175.57 175.91 176.94 192.79 133.68 134.22 146.95 134.64 127.85 123.61 115.76 141.06 146.50 144.36 144.67 141.63 144.51 137.20 154.98 164.21 162.62 167.07 175.83 141.48 120.63 98.10 89.90 83.69 81.62 80.60 88.61 67.80 81.73 71.86 72.55 66.39 66.96
-9999 -9999 -9999 -9999 -9999 -9999 -9999 -9999 -9999 -9999 -9999 -9999 -9999 -9999 154.30 167.99 175.96 164.30 130.28 166.76 197.36 215.59 185.35 228.02 184.83 185.47 171.21 146.95 199.83 165.50 189.79 163.00 181.44 198.02 184.32 148.54 186.89 178.18 175.34 172.21 181.43 169.01 145.18 138.92 119.57 113.52 127.60 126.82 126.19 133.38 121.28 136.69 144.22 151.96 147.00 142.55 158.60 141.13 153.97 164.70 171.83 144.50 123.26 93.76 106.28 76.04 72.43 72.19 78.86 71.72 80.49 77.31 74.05 63.78 64.34
