Rainfall_2007-2011/Rainfall_2007-10_ACTUAL.txt
ncols         180
nrows         290
xllcorner     -200000
yllcorner     -200000
cellsize      5000
NODATA_value  -9999
[rows 170 to 203 of 290, columns 77 to 153 of 180]
-9999 -9999 -9999 -9999 -9999 -9999 -9999 -9999 -9999 -9999 -9999 -9999 -9999 -9999 -9999 -9999 -9999 -9999 -9999 -9999 -9999 -9999 -9999 -9999 -9999 -9999 -9999 -9999 -9999 38.81 38.32 39.73 51.23 46.09 45.94 49.04 49.82 44.77 45.22 40.82 38.68 44.04 49.95 47.08 69.13 62.13 49.82 27.65 25.61 23.31 22.04 21.35 17.08 19.47 20.45 24.01 26.46 28.37 32.20 33.78 33.89 34.84 34.33 34.79 35.52 35.41 33.21 36.30 35.14 39.28 42.01 44.11 -9999 -9999 -9999 -9999 -9999
-9999 -9999 -9999 -9999 -9999 -9999 -9999 -9999 -9999 41.29 43.74 45.92 50.77 -9999 -9999 -9999 -9999 -9999 -9999 -9999 -9999 -9999 -9999 -9999 -9999 -9999 -9999 -9999 33.36 34.23 39.55 49.91 57.51 50.49 46.66 47.77 41.09 38.96 38.87 42.21 39.85 43.86 51.97 59.33 56.71 57.90 42.89 36.59 28.32 20.71 22.30 15.12 21.47 19.95 18.83 23.74 30.62 28.85 28.45 32.35 34.90 33.73 34.72 33.31 34.05 33.00 36.09 35.28 40.06 38.22 39.95 45.00 43.28 -9999 -9999 -9999 -9999
-9999 -9999 -9999 -9999 -9999 -9999 -9999 -9999 -9999 48.14 52.49 50.30 54.96 -9999 -9999 -9999 -9999 -9999 -9999 -9999 -9999 -9999 -9999 -9999 -9999 -9999 -9999 31.68 30.88 36.04 40.76 56.03 51.50 42.27 44.44 40.74 38.67 36.33 39.42 43.31 42.71 47.16 43.70 45.26 57.55 55.73 46.80 35.38 28.37 26.19 21.09 16.54 23.25 21.36 20.77 22.07 37.01 31.60 35.02 41.73 34.91 33.31 34.82 32.26 33.93 35.66 42.24 41.14 36.21 35.43 38.37 38.67 38.73 -9999 -9999 -9999 -9999
-9999 -9999 -9999 -9999 -9999 -9999 -9999 35.08 38.00 39.97 54.49 54.20 57.88 44.79 36.57 44.60 -9999 -9999 32.43 28.86 -9999 -9999 -9999 31.92 34.60 33.93 -9999 31.51 29.59 37.80 41.06 43.80 43.76 36.88 37.04 44.04 43.19 45.17 40.05 39.68 47.44 45.69 56.61 40.81 45.32 52.17 31.28 32.28 35.75 24.22 26.33 19.21 22.92 24.03 22.30 21.29 26.64 29.54 33.58 31.75 35.70 31.93 37.97 33.77 31.72 33.49 39.51 36.99 29.42 37.28 36.78 33.23 36.15 38.01 -9999 -9999 -9999
-9999 -9999 -9999 -9999 -9999 -9999 -9999 -9999 36.63 37.39 52.15 63.11 79.00 50.71 50.84 43.60 -9999 35.10 36.30 35.72 31.93 42.37 33.85 28.86 38.79 36.47 37.59 -9999 35.42 39.44 40.47 45.32 45.24 43.09 38.11 43.33 40.97 39.34 40.46 41.01 52.29 49.18 58.76 46.26 48.53 43.21 28.40 34.19 32.65 26.20 22.66 21.30 26.00 26.45 22.39 23.60 23.49 28.88 32.29 33.76 34.79 33.71 39.11 33.97 30.57 34.28 37.59 39.25 33.68 38.45 35.27 34.12 35.39 35.70 -9999 -9999 -9999
-9999 -9999 -9999 -9999 -9999 -9999 -9999 -9999 -9999 37.73 45.75 56.72 61.93 52.46 51.24 55.76 58.27 75.17 48.71 46.67 45.19 46.56 34.15 36.07 28.79 39.88 42.49 41.18 34.70 35.99 41.68 42.77 42.52 41.73 39.50 46.79 40.97 38.31 40.90 47.49 49.73 52.30 62.35 66.44 47.99 41.75 31.82 28.32 26.94 26.42 23.51 22.27 24.62 24.35 22.64 23.06 23.37 26.46 23.77 25.23 31.45 35.62 34.23 33.26 32.87 35.00 35.64 33.60 36.06 37.97 36.42 33.30 34.09 33.98 36.38 -9999 -9999
-9999 -9999 -9999 -9999 -9999 -9999 -9999 -9999 -9999 -9999 43.59 45.46 46.46 54.69 67.43 74.69 100.06 94.57 67.40 55.23 44.12 45.93 40.39 36.34 33.92 48.55 40.30 40.74 35.44 60.60 40.90 37.99 37.39 38.18 45.05 35.89 36.70 35.09 40.69 45.66 43.00 54.38 59.31 61.52 57.81 45.90 41.97 27.07 27.39 27.98 24.75 23.36 24.13 23.76 22.11 22.24 20.82 20.55 22.55 25.62 30.47 30.57 39.71 36.43 34.92 32.29 34.71 35.40 35.77 41.17 32.78 31.98 34.86 34.68 34.80 -9999 -9999
-9999 -9999 -9999 -9999 -9999 -9999 -9999 -9999 -9999 -9999 -9999 49.70 52.44 76.17 84.57 106.55 125.58 125.07 85.46 72.74 48.08 53.22 41.36 43.07 37.91 28.28 42.70 34.15 32.80 38.61 32.10 35.30 33.12 34.38 31.44 31.08 29.91 32.75 37.18 37.94 41.57 56.71 59.76 56.87 49.05 38.81 40.49 31.00 25.80 26.68 25.73 23.71 24.06 21.92 23.23 23.46 20.75 17.77 16.89 30.38 31.17 37.83 41.26 37.86 34.25 31.80 32.56 34.50 36.54 37.05 31.31 36.30 37.56 36.99 34.18 -9999 -9999
-9999 -9999 -9999 -9999 -9999 -9999 -9999 -9999 -9999 -9999 -9999 57.46 59.94 89.10 109.96 167.85 151.34 161.26 75.59 59.19 67.43 57.01 50.05 40.49 34.74 26.47 34.40 35.92 26.45 31.52 26.67 24.56 28.17 31.46 31.45 22.73 26.85 31.57 36.21 37.21 43.85 51.28 50.06 45.84 48.28 46.31 42.16 40.35 26.24 22.15 24.34 24.72 24.17 23.46 23.58 25.21 23.30 25.42 26.60 27.06 29.83 35.67 39.98 39.52 34.19 31.55 31.28 31.14 33.27 34.86 35.91 36.98 40.55 42.33 -9999 -9999 -9999
-9999 -9999 -9999 -9999 -9999 -9999 -9999 -9999 -9999 -9999 -9999 76.97 94.68 114.38 126.69 197.19 163.71 113.20 80.12 54.37 76.41 45.99 37.67 41.54 29.03 27.86 37.81 31.07 30.47 26.13 25.84 24.59 25.03 30.47 29.92 25.73 30.18 32.23 35.03 40.49 42.80 43.53 49.12 49.28 47.80 41.80 40.75 30.59 27.34 23.09 21.86 24.39 24.81 24.03 23.88 25.21 27.24 24.42 26.08 27.57 27.87 31.73 41.70 36.57 28.86 28.98 31.68 33.44 32.68 32.75 35.82 39.19 38.51 -9999 -9999 -9999 -9999
-9999 -9999 -9999 -9999 -9999 -9999 -9999 -9999 -9999 -9999 76.55 122.32 110.35 125.53 130.67 117.31 139.28 116.95 89.35 86.05 85.62 56.43 42.33 36.06 31.69 36.09 41.77 34.66 31.81 25.38 23.54 21.93 27.58 29.41 28.77 29.47 30.92 31.57 35.97 36.65 38.05 41.04 44.69 39.60 51.18 44.89 34.51 29.93 28.08 25.67 22.53 20.75 21.62 23.94 27.01 26.94 26.68 26.67 25.91 27.13 28.99 29.88 38.32 34.98 29.17 31.13 31.97 32.60 33.64 35.87 38.79 41.37 -9999 -9999 -9999 -9999 -9999
-9999 -9999 -9999 -9999 -9999 -9999 -9999 -9999 61.71 62.20 71.61 85.56 83.01 91.95 108.66 83.53 98.43 82.58 90.76 82.02 66.98 57.62 53.75 41.64 42.12 37.60 30.83 29.01 24.30 25.10 23.70 23.88 29.40 30.15 30.30 31.58 34.29 36.68 36.36 38.45 45.16 40.13 37.43 40.76 39.44 33.66 34.48 27.77 23.28 25.81 25.67 24.09 22.22 24.10 24.13 23.84 23.10 23.70 25.46 24.77 26.52 28.47 32.20 33.49 31.82 34.23 30.22 29.07 34.52 33.69 38.56 -9999 -9999 -9999 -9999 -9999 46.61
-9999 -9999 -9999 -9999 -9999 -9999 -9999 56.59 56.69 48.11 61.83 66.88 49.07 65.15 67.20 68.38 85.97 88.55 83.81 84.72 58.80 38.47 43.27 40.81 53.96 55.03 47.57 36.00 30.52 27.36 24.21 26.18 29.25 31.18 29.04 30.38 32.09 33.68 37.49 39.33 42.68 42.55 35.45 33.66 35.93 33.41 29.11 24.99 22.15 24.61 27.57 26.65 24.61 22.64 22.00 21.39 23.00 19.92 21.36 20.83 22.43 30.16 33.82 34.71 34.78 33.37 32.92 28.97 35.28 38.90 39.23 -9999 -9999 -9999 -9999 -9999 61.09
-9999 -9999 -9999 -9999 -9999 -9999 60.35 63.77 62.60 55.21 -9999 -9999 -9999 -9999 47.09 69.01 101.36 102.42 94.64 80.30 73.40 58.02 60.25 51.65 73.24 65.73 50.83 44.36 33.75 28.34 27.26 28.00 28.24 27.54 29.84 27.69 30.32 27.79 33.89 33.09 34.38 34.95 33.59 31.75 32.34 29.53 27.36 26.28 22.30 21.96 22.25 22.58 23.15 22.67 22.04 22.30 21.38 19.69 22.80 23.56 24.42 28.19 37.56 35.05 33.03 38.53 40.01 41.28 45.88 43.18 43.18 50.22 -9999 -9999 -9999 -9999 53.72
-9999 -9999 -9999 -9999 -9999 -9999 39.56 65.42 55.78 49.12 -9999 -9999 -9999 -9999 54.13 67.17 111.25 94.29 101.13 99.82 91.89 86.34 78.58 57.47 70.17 56.50 43.27 36.85 29.89 28.64 27.04 25.91 28.24 27.30 27.59 24.74 26.87 27.75 31.18 34.47 31.61 31.32 30.28 30.85 28.97 29.75 29.65 22.50 21.45 19.75 20.57 22.37 21.33 22.99 20.35 22.92 27.00 25.34 30.63 29.00 27.06 31.78 41.08 35.18 39.01 42.74 46.36 44.73 48.38 45.98 46.72 49.29 47.38 -9999 -9999 48.03 49.62
-9999 -9999 -9999 -9999 -9999 -9999 -9999 -9999 -9999 -9999 -9999 -9999 -9999 -9999 48.98 77.46 87.61 81.00 89.78 86.95 105.55 96.29 67.02 66.44 62.33 52.72 41.16 34.23 28.03 24.94 26.99 50.85 27.75 21.05 19.90 23.77 24.83 27.98 33.31 35.24 32.28 31.54 29.96 31.17 34.71 29.27 27.75 20.27 15.67 23.96 20.28 20.91 21.64 19.41 17.39 22.55 30.59 31.07 28.99 29.22 37.65 37.08 41.97 47.45 42.92 43.82 47.26 45.43 43.97 43.49 44.47 47.51 45.06 38.91 45.86 46.74 53.58
-9999 -9999 -9999 -9999 -9999 -9999 -9999 -9999 -9999 -9999 -9999 -9999 -9999 -9999 -9999 86.30 69.46 82.89 94.58 108.18 106.44 99.61 78.05 59.86 50.59 43.37 30.89 29.77 23.89 21.72 21.43 24.16 26.18 25.94 24.58 25.37 25.05 26.94 29.10 30.73 31.73 31.56 31.87 32.16 26.50 24.57 25.50 25.29 25.25 26.30 26.14 24.01 26.84 28.71 25.99 28.12 33.25 31.49 34.80 35.79 42.12 43.71 42.74 40.52 41.68 44.74 42.55 44.06 41.94 44.62 44.27 52.82 48.02 44.70 46.45 46.44 52.49
-9999 -9999 -9999 -9999 -9999 -9999 -9999 -9999 -9999 -9999 -9999 -9999 -9999 -9999 -9999 70.83 102.05 132.99 129.44 114.06 96.49 79.05 60.50 52.79 43.29 34.85 37.51 28.58 23.75 22.50 24.65 26.76 25.52 27.86 27.74 33.58 28.70 31.82 30.57 32.17 31.33 30.96 30.71 28.37 25.01 21.40 24.26 24.57 28.37 30.49 31.25 28.34 37.40 36.04 31.27 34.35 35.91 35.96 39.38 42.44 42.56 43.98 40.91 41.92 41.61 34.91 41.11 43.93 45.20 45.56 49.43 45.26 49.43 47.04 47.78 51.82 52.77
-9999 -9999 -9999 -9999 -9999 -9999 -9999 -9999 -9999 -9999 -9999 -9999 -9999 -9999 71.76 81.78 108.80 136.32 127.80 92.03 80.17 69.84 61.86 57.61 44.66 37.30 38.18 27.38 40.71 27.36 23.66 22.93 26.21 23.97 28.35 35.69 36.20 37.36 30.40 30.92 30.63 29.49 29.94 28.07 25.78 25.63 24.48 25.43 28.66 29.39 33.80 33.52 40.95 36.60 32.44 35.49 38.08 39.18 41.17 46.44 41.70 43.08 40.01 43.93 52.14 44.32 44.25 45.87 50.10 59.72 48.34 49.24 47.62 50.26 46.25 49.32 52.47
-9999 -9999 -9999 -9999 -9999 -9999 -9999 -9999 -9999 -9999 -9999 -9999 -9999 -9999 65.50 76.78 106.51 104.46 98.76 73.52 71.00 68.93 64.92 47.57 43.31 41.12 36.33 26.37 28.64 29.18 31.51 30.14 27.92 27.94 28.22 30.35 34.39 40.79 31.21 30.76 30.95 30.95 32.11 27.08 27.17 28.67 27.75 27.89 27.72 29.89 34.22 40.47 38.58 36.82 37.49 36.86 40.50 45.68 41.12 47.50 47.56 44.31 44.41 44.26 42.90 47.32 47.71 48.07 51.16 51.61 46.13 49.18 50.61 50.12 53.46 49.80 65.36
-9999 -9999 -9999 -9999 -9999 -9999 -9999 -9999 -9999 -9999 -9999 -9999 -9999 -9999 53.40 71.96 67.16 75.57 76.84 78.73 73.39 71.83 57.98 55.38 47.75 39.24 32.24 28.73 29.95 33.52 42.00 46.64 34.84 35.66 33.37 32.13 34.63 33.34 29.85 28.59 29.86 31.71 29.93 29.25 31.99 28.85 28.50 30.16 33.86 32.57 30.73 31.50 30.38 31.46 30.66 40.87 41.21 45.21 44.23 44.51 40.64 43.59 47.05 49.74 41.12 41.07 47.92 48.97 52.79 48.32 48.97 49.14 50.08 52.36 55.49 64.88 64.54
-9999 -9999 -9999 -9999 -9999 -9999 -9999 -9999 -9999 -9999 -9999 -9999 -9999 -9999 -9999 79.66 78.73 84.18 89.36 92.91 70.55 61.98 48.73 39.27 38.08 43.72 34.48 30.37 26.89 33.30 38.98 47.27 37.65 33.38 27.45 32.73 37.12 27.87 27.66 22.61 30.32 33.73 29.45 25.75 27.74 30.37 30.44 31.57 34.20 34.61 30.51 30.14 31.60 30.66 35.68 42.53 39.22 44.86 41.51 46.01 43.24 45.77 47.94 46.11 43.94 43.44 49.47 49.42 49.64 46.94 49.54 51.89 48.79 54.04 58.28 62.71 67.88
-9999 -9999 -9999 -9999 -9999 -9999 -9999 -9999 -9999 -9999 -9999 -9999 -9999 -9999 -9999 63.66 74.02 80.32 88.50 108.08 74.24 60.32 46.46 36.78 44.17 63.04 49.07 45.78 37.01 32.12 34.26 40.85 34.20 36.09 37.79 28.65 28.08 30.00 28.51 21.20 32.75 32.45 33.43 19.99 28.69 30.06 26.43 30.85 34.00 36.32 33.52 34.49 39.37 40.56 42.36 45.14 42.24 47.84 51.94 50.61 51.81 45.00 46.81 47.66 44.99 45.61 48.12 50.60 47.92 42.13 52.19 54.77 61.63 58.76 65.45 60.51 57.33
-9999 -9999 -9999 -9999 -9999 -9999 -9999 -9999 -9999 -9999 -9999 -9999 -9999 -9999 43.72 51.11 65.74 83.59 92.53 96.85 74.02 54.48 51.74 56.67 49.77 46.35 51.47 41.47 37.26 39.33 40.87 34.39 35.34 38.69 36.42 31.08 34.22 30.07 33.61 29.43 33.20 36.80 37.84 36.71 30.33 29.87 30.40 28.09 40.42 42.86 38.56 41.29 46.44 39.12 46.96 48.20 45.69 44.10 48.19 46.57 46.42 44.69 47.55 45.57 52.19 54.57 53.45 52.89 52.57 49.82 54.29 58.93 61.16 64.37 65.08 60.90 54.27
-9999 -9999 -9999 -9999 -9999 -9999 -9999 -9999 -9999 -9999 -9999 -9999 -9999 -9999 47.92 53.90 55.97 64.58 80.63 90.98 71.09 54.48 41.58 43.34 50.08 48.66 56.16 47.12 49.92 45.29 35.29 40.33 31.13 34.41 33.12 42.77 31.78 32.70 32.20 31.85 32.57 35.40 49.93 37.66 32.72 32.95 31.85 35.37 42.21 41.37 37.48 40.53 38.98 40.37 45.00 47.92 44.08 48.68 51.88 50.77 49.07 46.75 59.77 51.87 56.39 59.54 57.46 56.22 53.76 57.30 58.76 58.55 63.93 65.47 59.60 45.89 50.49
-9999 -9999 -9999 -9999 -9999 -9999 -9999 -9999 -9999 -9999 -9999 -9999 -9999 -9999 44.47 47.67 46.20 57.21 75.86 81.49 71.54 54.38 45.23 46.00 49.28 46.17 48.67 51.11 49.59 38.22 38.93 32.91 39.45 29.07 37.47 39.68 36.45 36.28 32.74 30.40 34.55 36.19 35.60 34.46 34.55 37.17 37.19 38.07 39.69 39.16 38.05 41.26 41.97 41.78 43.82 43.05 46.70 48.90 49.98 56.53 49.37 53.00 55.13 60.32 60.52 57.03 57.06 60.40 57.45 59.13 61.95 57.72 61.85 64.15 54.94 39.87 47.93
-9999 -9999 -9999 -9999 -9999 -9999 -9999 -9999 -9999 -9999 -9999 -9999 -9999 43.00 46.75 51.19 46.34 36.94 56.65 66.84 65.71 56.29 40.22 39.79 45.28 44.51 52.24 49.80 35.61 40.83 39.43 30.77 29.03 31.33 38.26 39.24 42.02 35.03 34.01 36.31 34.38 36.26 34.39 33.46 31.69 38.93 37.08 38.62 41.85 40.59 39.79 39.71 40.72 41.40 46.73 43.14 33.53 46.43 49.98 56.01 59.00 52.30 61.80 63.31 61.69 64.41 60.83 62.24 69.57 63.59 61.98 59.08 57.37 58.66 54.76 50.32 46.49
-9999 -9999 -9999 -9999 -9999 -9999 -9999 -9999 -9999 -9999 -9999 -9999 40.92 47.00 50.58 48.90 39.53 49.09 68.12 75.11 70.40 64.37 51.50 54.71 54.87 46.36 64.47 44.93 37.33 34.95 39.43 32.69 34.98 37.61 45.40 47.16 44.45 44.18 42.50 36.93 34.19 36.68 37.51 35.74 21.83 30.59 38.92 45.29 48.40 47.57 48.09 50.68 48.40 43.07 43.11 42.36 34.71 46.57 53.93 62.43 61.02 59.43 80.23 71.23 68.90 66.90 60.93 76.92 72.33 68.44 66.82 58.65 59.52 56.44 56.43 52.87 48.01
-9999 -9999 -9999 -9999 -9999 -9999 -9999 -9999 -9999 -9999 33.56 32.23 37.27 41.48 48.21 51.88 48.39 61.27 70.94 89.83 80.31 66.78 60.43 45.46 61.08 54.01 61.94 45.27 34.34 38.07 34.73 32.77 37.45 39.96 42.68 37.08 41.01 41.63 38.37 39.34 36.78 42.66 39.11 36.82 33.72 36.84 44.91 43.26 46.96 45.08 58.39 62.61 61.89 62.41 57.78 52.28 49.27 52.36 69.16 73.63 63.29 64.05 66.46 75.58 75.53 67.42 56.53 61.46 64.27 61.20 62.67 55.08 56.96 51.66 51.17 46.73 50.55
-9999 -9999 -9999 -9999 -9999 -9999 30.85 25.69 31.80 41.53 42.38 46.14 47.18 44.29 42.99 36.80 56.52 65.33 77.52 82.06 78.85 68.28 57.09 48.49 57.48 46.45 55.99 55.36 40.44 32.59 32.52 34.23 40.91 30.82 43.04 42.83 40.94 36.54 34.11 35.46 37.97 38.64 36.24 39.63 40.00 40.65 44.82 46.98 50.51 53.57 54.45 63.39 58.89 58.23 67.87 62.57 66.79 69.89 75.44 73.31 70.88 75.26 86.71 71.03 67.80 64.36 62.32 59.70 60.75 59.10 55.87 52.13 52.93 52.63 48.40 47.80 47.33
-9999 -9999 -9999 -9999 -9999 34.62 33.07 37.43 40.75 34.54 43.16 46.04 49.53 45.16 35.97 37.96 55.35 80.82 79.55 86.75 80.97 67.91 70.61 58.33 46.17 60.33 48.41 41.92 31.11 30.34 30.99 37.43 34.40 34.07 35.18 38.37 43.10 34.22 42.66 40.90 37.08 37.73 35.72 37.47 40.41 38.13 41.38 48.18 52.92 54.11 67.28 60.67 59.03 64.52 66.74 62.38 71.73 75.48 71.50 76.80 74.65 77.43 77.73 76.05 71.61 68.70 61.96 56.01 53.83 47.66 43.73 40.63 48.77 49.63 44.89 48.82 45.82
-9999 -9999 -9999 -9999 29.78 32.42 35.36 38.49 41.98 43.62 46.39 52.76 54.24 52.20 58.48 48.64 59.24 86.88 76.00 76.41 69.67 78.30 62.10 55.53 49.83 46.36 42.55 31.15 46.09 43.25 32.18 34.26 31.93 31.12 34.13 34.72 40.99 40.28 39.43 37.92 37.68 34.06 37.53 43.75 41.99 40.46 54.56 45.76 46.81 56.52 56.91 65.33 63.84 83.89 75.71 75.22 78.98 86.62 83.05 72.83 70.10 73.21 74.35 68.19 71.28 69.64 65.67 55.94 52.60 51.25 45.25 42.51 40.37 42.94 43.47 46.77 44.60
38.00 45.88 45.81 56.67 49.14 48.40 54.06 55.30 49.42 51.49 47.80 64.80 75.99 76.58 74.39 65.53 67.89 78.04 76.92 65.02 68.26 63.10 56.38 53.75 51.02 49.36 34.11 47.07 50.53 43.55 44.94 34.83 38.65 31.89 32.32 46.28 37.75 44.50 38.56 34.15 35.45 33.87 47.79 43.62 50.79 65.91 52.15 49.95 51.74 67.68 70.19 68.94 75.61 88.15 76.45 76.91 74.17 81.89 82.31 75.55 68.40 68.56 75.81 75.75 70.32 70.17 62.94 52.86 52.25 58.41 49.09 48.58 49.42 48.62 39.85 47.99 56.02
41.50 47.76 54.24 67.36 87.16 77.26 72.41 68.28 61.39 63.61 59.44 71.75 79.03 76.90 72.11 72.45 63.32 66.96 69.35 55.08 53.57 54.07 52.71 48.04 42.56 55.33 57.97 76.44 64.89 49.17 37.82 38.12 29.94 37.21 34.81 36.66 36.44 40.13 39.08 34.91 34.42 33.57 39.15 49.77 59.41 67.07 60.94 49.35 51.84 80.48 81.00 76.82 80.47 80.54 82.51 78.50 73.70 74.33 84.17 85.83 68.65 78.67 76.83 63.12 63.59 60.68 55.10 51.58 52.91 56.08 54.29 51.84 47.15 52.19 52.16 48.87 51.27
