Rainfall_2007-2011/Rainfall_2008-12_ACTUAL.txt
ncols         180
nrows         290
xllcorner     -200000
yllcorner     -200000
cellsize      5000
NODATA_value  -9999
[rows 136 to 169 of 290, columns 76 to 151 of 180]
-9999 -9999 -9999 113.94 130.55 139.41 169.08 164.78 176.56 169.84 151.84 160.13 173.70 197.57 255.50 219.18 181.63 140.61 129.48 124.25 130.30 122.98 126.21 108.44 110.62 81.64 64.30 68.39 71.98 69.16 67.09 70.27 63.75 66.96 69.16 65.17 68.95 68.26 64.77 63.01 56.32 38.49 43.33 55.51 47.54 38.61 41.13 38.63 44.34 48.24 51.73 63.09 -9999 -9999 -9999 -9999 -9999 -9999 -9999 -9999 -9999 -9999 -9999 -9999 -9999 -9999 -9999 -9999 -9999 -9999 -9999 -9999 -9999 -9999 -9999 -9999
-9999 -9999 -9999 106.35 124.98 129.25 150.20 138.66 149.62 163.80 152.38 144.38 143.08 175.87 204.56 187.20 171.05 144.16 134.11 124.99 131.09 132.63 152.18 121.59 -9999 -9999 -9999 65.01 66.68 -9999 58.58 61.89 63.05 70.00 60.07 64.68 75.74 64.95 57.55 64.12 54.12 45.79 46.19 40.92 36.69 42.54 40.84 47.95 37.62 40.32 47.67 54.19 -9999 -9999 -9999 -9999 -9999 -9999 -9999 -9999 -9999 -9999 -9999 -9999 -9999 -9999 -9999 -9999 -9999 -9999 -9999 -9999 -9999 -9999 -9999 -9999
-9999 -9999 -9999 87.98 108.08 113.73 117.55 128.57 137.70 151.40 149.89 138.73 149.85 154.23 192.94 165.97 167.31 148.17 132.49 144.61 119.66 112.19 112.81 109.00 -9999 -9999 -9999 64.94 64.51 62.78 56.52 55.18 57.36 60.15 64.16 73.64 92.02 72.37 76.87 64.50 47.66 58.51 51.15 49.70 46.61 55.63 45.86 50.62 60.22 54.22 51.61 53.51 -9999 -9999 -9999 -9999 -9999 -9999 -9999 -9999 -9999 -9999 -9999 -9999 -9999 -9999 -9999 -9999 -9999 -9999 -9999 -9999 -9999 -9999 -9999 -9999
-9999 -9999 -9999 -9999 88.70 107.56 103.83 -9999 134.52 144.49 140.98 134.52 135.05 -9999 143.76 136.22 154.40 131.19 134.07 149.70 132.36 101.96 -9999 -9999 -9999 -9999 63.69 61.05 62.17 55.78 51.98 46.11 51.16 58.43 67.29 76.84 103.64 78.00 100.70 75.19 70.59 65.99 51.46 62.47 61.67 54.49 60.91 57.12 54.40 52.11 57.26 57.86 47.42 -9999 -9999 -9999 -9999 -9999 -9999 -9999 -9999 -9999 -9999 -9999 -9999 -9999 -9999 -9999 -9999 -9999 -9999 -9999 -9999 -9999 -9999 -9999
-9999 -9999 -9999 -9999 -9999 106.01 -9999 -9999 -9999 127.25 125.60 130.86 132.87 113.90 -9999 -9999 114.87 102.34 145.48 148.54 -9999 -9999 -9999 -9999 -9999 64.43 65.33 56.73 66.46 57.48 54.83 54.23 61.08 67.88 70.01 77.34 88.50 112.18 106.77 99.10 94.98 103.78 78.77 78.77 78.94 70.14 52.38 69.84 61.42 51.46 59.06 58.38 54.57 -9999 -9999 -9999 -9999 -9999 -9999 -9999 -9999 -9999 -9999 -9999 -9999 -9999 -9999 -9999 -9999 -9999 -9999 -9999 -9999 -9999 -9999 -9999
-9999 -9999 -9999 -9999 -9999 103.49 96.78 -9999 -9999 -9999 109.85 126.89 130.56 117.38 -9999 -9999 -9999 -9999 126.46 -9999 -9999 -9999 -9999 -9999 -9999 64.11 71.35 77.01 76.38 74.41 72.28 68.53 63.30 64.18 76.84 65.78 69.86 79.91 106.32 134.40 118.57 117.49 100.08 95.19 93.52 78.53 53.06 61.87 55.63 50.75 51.45 55.64 46.42 -9999 -9999 -9999 -9999 -9999 -9999 -9999 -9999 -9999 -9999 -9999 -9999 -9999 -9999 -9999 -9999 -9999 -9999 -9999 -9999 -9999 -9999 -9999
-9999 -9999 -9999 -9999 -9999 -9999 104.96 -9999 -9999 -9999 -9999 124.45 131.14 119.28 -9999 -9999 -9999 -9999 -9999 -9999 -9999 -9999 -9999 -9999 87.48 83.44 95.66 84.30 102.51 104.25 92.89 86.15 57.29 73.06 68.04 83.74 95.64 121.40 144.43 150.18 138.38 112.07 90.03 90.69 77.79 63.92 70.37 67.19 54.76 53.74 51.84 57.81 52.40 44.25 -9999 -9999 -9999 -9999 -9999 -9999 -9999 -9999 -9999 -9999 -9999 -9999 -9999 -9999 -9999 -9999 -9999 -9999 -9999 -9999 -9999 -9999
-9999 -9999 -9999 -9999 -9999 -9999 111.43 -9999 -9999 -9999 -9999 -9999 -9999 -9999 -9999 -9999 -9999 -9999 -9999 -9999 -9999 -9999 -9999 -9999 103.17 86.68 115.20 94.47 107.97 129.18 113.05 114.12 106.30 87.62 93.40 59.92 65.84 111.09 131.28 156.64 118.01 142.39 135.82 103.54 89.17 86.91 62.29 61.97 54.09 58.85 55.52 54.27 52.69 45.42 37.72 -9999 -9999 -9999 -9999 -9999 -9999 -9999 -9999 -9999 -9999 -9999 -9999 -9999 -9999 -9999 -9999 -9999 -9999 -9999 -9999 -9999
-9999 -9999 -9999 -9999 -9999 -9999 -9999 -9999 -9999 -9999 -9999 -9999 -9999 -9999 -9999 -9999 -9999 -9999 -9999 -9999 -9999 -9999 -9999 89.51 112.48 115.14 121.59 140.76 126.30 175.28 151.19 127.28 99.56 100.01 79.33 74.95 58.11 89.93 148.08 147.67 137.25 115.30 107.21 102.25 79.71 60.52 60.59 65.49 51.60 46.97 35.10 42.06 48.51 42.82 37.87 -9999 -9999 -9999 -9999 -9999 -9999 -9999 -9999 -9999 -9999 -9999 -9999 -9999 -9999 -9999 -9999 -9999 -9999 -9999 -9999 -9999
-9999 -9999 -9999 -9999 -9999 -9999 -9999 -9999 -9999 -9999 -9999 -9999 -9999 -9999 -9999 -9999 -9999 -9999 -9999 -9999 -9999 -9999 -9999 105.19 111.75 121.04 141.85 190.68 166.90 135.95 147.78 145.98 132.44 125.09 108.13 87.08 74.05 81.12 95.15 139.57 125.58 118.98 91.96 96.27 65.87 54.15 59.63 57.89 54.64 44.61 50.46 42.11 45.71 41.94 38.72 41.66 39.56 40.08 -9999 -9999 -9999 -9999 -9999 -9999 -9999 -9999 -9999 -9999 -9999 -9999 -9999 -9999 -9999 -9999 -9999 -9999
-9999 -9999 -9999 -9999 -9999 -9999 -9999 -9999 -9999 -9999 -9999 -9999 -9999 -9999 -9999 -9999 -9999 -9999 -9999 -9999 -9999 -9999 -9999 106.84 123.32 157.22 135.83 191.71 218.28 217.40 182.32 178.43 159.88 160.96 136.05 118.41 98.53 67.45 63.88 90.22 69.50 98.16 100.99 80.23 60.05 63.29 50.20 45.52 48.66 47.85 39.66 41.02 44.66 39.66 39.02 65.39 58.45 64.97 47.41 64.43 -9999 -9999 -9999 -9999 -9999 -9999 -9999 -9999 -9999 -9999 -9999 -9999 -9999 -9999 -9999 -9999
-9999 -9999 -9999 -9999 -9999 -9999 -9999 -9999 -9999 -9999 -9999 -9999 -9999 -9999 -9999 -9999 -9999 -9999 -9999 -9999 -9999 -9999 -9999 102.09 149.62 202.48 248.12 272.09 328.46 251.11 196.19 212.71 214.70 154.21 178.36 170.49 123.91 90.73 96.48 81.21 75.82 91.59 69.56 75.40 69.36 55.73 54.51 57.20 51.00 47.41 35.00 39.56 37.21 43.45 51.06 77.35 106.99 85.84 100.65 93.28 89.57 71.75 -9999 -9999 -9999 -9999 -9999 -9999 -9999 -9999 -9999 -9999 -9999 -9999 -9999 -9999
-9999 -9999 -9999 -9999 -9999 -9999 -9999 -9999 -9999 -9999 -9999 -9999 -9999 -9999 -9999 -9999 -9999 -9999 -9999 -9999 -9999 -9999 -9999 107.28 129.77 162.23 202.95 216.36 345.09 456.95 277.27 225.22 203.89 229.40 195.80 154.94 140.07 109.54 114.51 87.40 132.15 151.81 150.35 106.86 101.25 82.78 69.39 65.81 50.74 45.06 45.21 44.16 38.96 46.66 72.11 73.31 108.16 75.44 104.30 92.60 95.58 81.00 85.55 -9999 -9999 -9999 -9999 -9999 -9999 -9999 -9999 -9999 -9999 -9999 -9999 -9999
-9999 -9999 -9999 -9999 -9999 -9999 -9999 -9999 -9999 -9999 -9999 101.45 88.79 82.76 -9999 -9999 -9999 -9999 -9999 -9999 -9999 -9999 -9999 -9999 115.53 119.03 149.44 186.85 201.38 285.97 224.66 177.90 202.70 210.59 180.24 160.14 146.36 137.77 128.01 139.53 145.72 154.41 154.50 109.86 85.91 81.62 76.88 56.26 50.37 49.90 45.61 47.83 48.00 63.91 106.98 93.91 134.67 127.81 125.17 117.87 88.18 93.26 83.71 65.76 -9999 -9999 -9999 -9999 -9999 -9999 -9999 -9999 -9999 -9999 -9999 -9999
-9999 -9999 -9999 -9999 -9999 -9999 -9999 -9999 -9999 -9999 -9999 108.69 93.53 -9999 -9999 -9999 -9999 -9999 -9999 -9999 -9999 -9999 -9999 -9999 -9999 122.16 142.44 183.26 184.15 226.38 180.01 180.32 180.33 159.55 148.26 131.32 132.51 175.99 153.34 157.65 167.16 140.14 105.25 95.81 98.64 75.05 84.67 56.50 46.24 47.51 49.60 48.66 53.83 61.13 93.50 106.57 126.90 117.55 113.66 102.06 82.99 85.07 83.74 89.27 -9999 -9999 -9999 -9999 -9999 -9999 -9999 -9999 -9999 -9999 -9999 -9999
-9999 -9999 -9999 -9999 -9999 -9999 -9999 -9999 -9999 -9999 112.27 150.35 129.67 125.48 -9999 -9999 -9999 -9999 -9999 -9999 -9999 -9999 -9999 -9999 -9999 96.74 127.19 175.54 171.83 150.27 169.04 156.28 142.81 137.90 116.67 110.81 119.24 121.03 170.86 146.83 146.61 125.67 119.63 122.79 99.59 106.16 88.64 54.94 48.73 50.00 53.64 59.55 63.79 70.82 86.95 105.82 118.99 116.99 109.51 90.94 80.96 90.16 79.51 92.30 72.75 -9999 -9999 -9999 -9999 -9999 -9999 -9999 -9999 -9999 -9999 -9999
-9999 -9999 -9999 -9999 -9999 -9999 -9999 -9999 -9999 105.20 140.05 144.09 147.42 120.78 -9999 -9999 -9999 -9999 -9999 -9999 -9999 -9999 -9999 -9999 -9999 97.93 112.27 132.16 119.66 149.90 144.19 141.02 130.08 111.72 108.96 112.40 114.92 185.30 170.39 165.18 127.82 141.83 108.88 107.47 88.10 95.72 88.62 61.04 56.37 49.43 47.22 52.64 55.75 71.24 90.63 92.67 82.74 78.36 70.29 77.55 82.21 92.47 68.05 75.15 66.43 -9999 -9999 -9999 -9999 -9999 -9999 -9999 -9999 -9999 -9999 -9999
-9999 -9999 -9999 -9999 -9999 -9999 -9999 -9999 89.02 99.69 145.54 128.38 111.39 -9999 -9999 -9999 -9999 -9999 -9999 -9999 -9999 -9999 -9999 -9999 -9999 -9999 104.95 109.93 95.64 126.20 119.98 107.87 92.29 91.76 85.41 105.05 101.13 133.34 161.47 181.48 180.92 162.33 148.98 153.76 126.33 105.29 100.50 85.80 60.65 54.42 45.97 44.85 48.37 52.70 70.46 69.47 58.09 54.02 60.21 50.97 59.84 68.56 77.87 77.08 79.64 73.70 65.60 -9999 -9999 -9999 -9999 -9999 -9999 -9999 -9999 -9999
-9999 -9999 -9999 -9999 -9999 -9999 -9999 -9999 105.72 125.41 119.16 110.84 104.77 -9999 -9999 -9999 -9999 -9999 -9999 -9999 -9999 -9999 -9999 -9999 -9999 -9999 -9999 90.43 70.73 79.25 77.93 80.84 80.42 82.29 84.10 108.85 102.50 139.58 129.85 172.90 181.22 164.33 169.55 172.14 135.34 82.50 106.21 89.26 72.89 56.02 45.53 44.24 42.86 49.05 50.75 47.33 43.29 49.25 50.23 54.10 61.98 72.58 78.02 77.44 71.50 81.09 70.88 -9999 -9999 -9999 -9999 -9999 -9999 -9999 -9999 -9999
-9999 -9999 -9999 -9999 -9999 -9999 -9999 -9999 100.79 101.85 76.07 98.24 -9999 -9999 -9999 -9999 -9999 -9999 -9999 -9999 -9999 -9999 -9999 -9999 -9999 -9999 -9999 73.30 79.74 85.63 -9999 77.07 -9999 79.08 82.45 91.40 102.74 101.49 101.69 137.68 154.56 199.63 163.53 153.08 151.86 119.62 125.79 98.31 85.33 62.25 52.47 42.67 39.97 44.92 47.88 51.95 54.88 47.37 57.69 56.00 59.27 71.12 78.83 77.36 64.90 62.34 65.29 60.79 61.77 -9999 -9999 -9999 -9999 -9999 -9999 -9999
-9999 -9999 -9999 -9999 -9999 -9999 -9999 81.49 91.25 87.90 -9999 -9999 -9999 -9999 -9999 -9999 -9999 -9999 -9999 -9999 -9999 -9999 -9999 -9999 -9999 -9999 -9999 70.36 74.98 79.85 -9999 -9999 -9999 79.29 96.50 82.82 96.03 102.40 120.71 108.46 103.22 125.78 139.63 128.03 133.13 125.64 111.51 103.94 87.49 66.01 48.71 42.60 39.53 39.02 41.06 49.51 57.17 55.97 58.25 55.70 63.21 68.80 77.22 80.81 81.08 72.68 58.19 50.52 58.06 -9999 -9999 -9999 -9999 -9999 -9999 -9999
-9999 -9999 -9999 -9999 -9999 -9999 -9999 -9999 -9999 -9999 -9999 -9999 -9999 -9999 -9999 -9999 -9999 -9999 -9999 -9999 -9999 -9999 -9999 -9999 -9999 -9999 -9999 -9999 -9999 -9999 -9999 -9999 79.62 85.18 99.25 120.20 118.64 173.19 158.83 110.66 118.24 131.21 116.80 115.14 98.39 104.91 100.58 92.09 82.68 65.79 54.49 43.82 41.36 45.11 43.94 48.87 61.46 64.03 59.74 66.14 82.54 72.25 76.54 71.64 71.88 69.24 62.34 57.83 -9999 -9999 -9999 -9999 -9999 -9999 -9999 -9999
-9999 -9999 -9999 -9999 -9999 -9999 -9999 -9999 -9999 -9999 -9999 -9999 -9999 -9999 -9999 -9999 -9999 -9999 -9999 -9999 -9999 -9999 -9999 -9999 -9999 -9999 -9999 -9999 -9999 -9999 -9999 -9999 83.47 105.81 92.05 140.74 172.70 209.12 173.59 137.40 102.63 107.17 94.57 101.17 97.05 104.92 98.02 97.45 90.00 68.90 57.29 45.42 43.87 43.03 43.44 46.10 50.58 56.93 59.91 64.00 83.24 76.14 61.87 64.28 63.32 62.14 62.34 59.11 -9999 -9999 -9999 -9999 -9999 -9999 -9999 -9999
-9999 -9999 -9999 -9999 -9999 -9999 -9999 -9999 -9999 -9999 -9999 -9999 -9999 -9999 -9999 -9999 -9999 -9999 -9999 -9999 -9999 -9999 -9999 -9999 -9999 -9999 -9999 -9999 -9999 -9999 -9999 -9999 78.39 83.43 97.96 119.95 175.15 175.94 146.78 117.48 106.97 109.34 89.25 85.93 88.00 76.13 96.91 86.06 80.81 62.74 55.12 45.13 42.19 41.17 43.83 47.17 39.45 44.49 51.42 58.41 67.14 63.83 63.74 62.65 56.50 61.66 65.71 59.09 -9999 -9999 -9999 -9999 -9999 -9999 -9999 -9999
-9999 -9999 -9999 -9999 -9999 -9999 -9999 -9999 -9999 -9999 -9999 -9999 -9999 -9999 -9999 -9999 -9999 -9999 -9999 -9999 -9999 -9999 -9999 -9999 -9999 -9999 -9999 -9999 -9999 -9999 66.73 78.25 79.39 80.58 89.92 130.74 170.68 138.90 149.16 109.65 116.93 100.36 96.34 97.96 96.60 98.38 91.34 70.72 70.47 56.91 44.20 44.87 38.30 38.93 42.14 39.80 37.55 42.18 44.62 52.89 58.33 60.48 65.14 64.43 59.37 61.87 61.35 60.06 59.90 -9999 -9999 -9999 -9999 -9999 -9999 -9999
-9999 -9999 -9999 -9999 -9999 -9999 -9999 -9999 -9999 -9999 -9999 -9999 -9999 -9999 -9999 -9999 -9999 -9999 -9999 -9999 -9999 -9999 -9999 -9999 -9999 -9999 -9999 -9999 -9999 -9999 74.27 75.85 75.18 82.05 91.62 124.17 108.62 113.86 115.33 115.78 145.47 130.43 116.99 106.65 107.20 92.04 95.10 66.16 72.92 59.40 52.98 42.93 37.63 35.77 37.63 37.12 38.32 39.73 40.81 47.91 53.80 59.11 66.96 62.44 60.43 50.94 54.56 58.24 60.39 -9999 -9999 -9999 -9999 -9999 -9999 -9999
-9999 -9999 -9999 -9999 -9999 -9999 -9999 -9999 -9999 -9999 -9999 -9999 -9999 -9999 -9999 -9999 -9999 -9999 -9999 -9999 -9999 -9999 -9999 -9999 -9999 -9999 -9999 -9999 -9999 -9999 74.84 73.93 76.19 87.63 90.66 99.95 100.58 107.99 113.13 112.86 112.07 113.19 86.82 137.98 91.23 87.56 75.59 75.76 55.76 49.46 50.19 47.14 38.80 38.41 38.68 35.56 39.23 39.63 41.06 44.87 51.90 58.81 61.77 60.07 41.32 51.50 53.10 56.40 56.41 54.69 -9999 -9999 -9999 -9999 -9999 -9999
-9999 -9999 -9999 -9999 -9999 -9999 -9999 -9999 -9999 -9999 -9999 -9999 -9999 -9999 -9999 -9999 -9999 -9999 -9999 -9999 -9999 -9999 -9999 -9999 -9999 -9999 -9999 -9999 -9999 -9999 67.53 74.31 74.47 82.73 84.46 89.08 91.09 98.98 106.42 94.60 105.95 102.65 122.44 132.45 109.86 95.66 82.13 72.49 61.01 48.77 38.83 44.05 44.22 38.95 37.99 36.06 37.35 38.97 41.50 44.46 49.55 54.51 60.06 63.19 50.48 52.30 52.90 54.88 58.23 57.41 48.55 -9999 -9999 -9999 -9999 -9999
-9999 -9999 -9999 -9999 -9999 -9999 -9999 -9999 -9999 -9999 -9999 -9999 -9999 -9999 -9999 -9999 -9999 -9999 -9999 -9999 -9999 -9999 -9999 -9999 -9999 -9999 -9999 -9999 -9999 -9999 71.15 72.85 69.81 72.94 84.97 91.98 106.83 95.09 102.14 96.53 112.66 128.10 138.20 120.23 110.54 83.23 76.95 63.38 61.00 53.64 45.26 42.71 40.89 39.22 39.38 39.34 38.77 38.13 43.36 46.31 51.72 60.16 59.21 60.67 54.27 50.05 50.57 50.62 45.28 44.84 46.93 -9999 -9999 -9999 -9999 -9999
-9999 -9999 -9999 -9999 -9999 -9999 -9999 -9999 -9999 -9999 -9999 -9999 -9999 -9999 -9999 -9999 -9999 -9999 -9999 -9999 -9999 -9999 -9999 -9999 -9999 -9999 -9999 -9999 -9999 -9999 -9999 76.76 75.95 75.78 110.12 92.91 113.83 109.92 118.27 112.08 119.40 129.08 121.39 115.59 114.56 81.77 69.48 62.20 50.03 56.39 45.62 42.63 42.82 39.86 41.11 42.17 39.04 40.42 44.78 46.52 49.01 50.75 55.73 54.96 51.67 46.42 46.53 -9999 43.00 43.89 49.56 50.23 -9999 -9999 -9999 -9999
-9999 -9999 -9999 -9999 -9999 -9999 -9999 -9999 -9999 -9999 -9999 -9999 -9999 -9999 -9999 -9999 -9999 -9999 -9999 -9999 -9999 -9999 -9999 -9999 -9999 -9999 -9999 -9999 -9999 -9999 77.56 76.04 89.01 82.37 92.96 98.22 119.98 139.32 145.36 148.37 134.94 140.50 133.06 122.14 127.88 106.68 82.52 62.82 64.02 51.83 43.90 42.52 38.92 37.99 43.16 39.75 38.68 40.08 41.77 43.25 44.15 53.02 52.07 51.96 58.42 50.91 46.98 44.19 -9999 43.98 45.02 44.24 47.16 -9999 -9999 -9999
-9999 -9999 -9999 -9999 -9999 -9999 -9999 -9999 -9999 -9999 -9999 -9999 -9999 -9999 -9999 -9999 -9999 -9999 -9999 -9999 -9999 -9999 -9999 -9999 -9999 -9999 -9999 -9999 -9999 -9999 72.23 75.83 84.30 91.81 91.81 101.90 100.18 110.01 109.84 114.94 115.31 95.94 105.67 118.82 124.50 116.17 86.92 75.23 67.00 52.80 54.91 44.62 44.22 47.36 42.16 38.65 38.63 39.13 40.96 39.47 39.61 44.23 51.34 52.03 50.46 49.41 48.89 45.34 42.35 -9999 -9999 -9999 -9999 -9999 -9999 -9999
-9999 -9999 -9999 -9999 -9999 -9999 -9999 -9999 -9999 -9999 -9999 -9999 -9999 -9999 -9999 -9999 -9999 -9999 -9999 -9999 -9999 -9999 -9999 -9999 -9999 -9999 -9999 -9999 -9999 75.21 74.99 74.76 86.93 87.35 75.99 92.95 99.28 100.70 99.63 98.50 102.88 94.25 101.72 122.77 150.96 130.21 104.71 99.34 75.74 65.50 46.83 44.04 45.00 46.87 41.73 38.20 37.68 34.71 40.71 41.82 41.53 45.08 54.76 60.08 55.28 50.87 47.82 47.83 42.85 39.87 45.22 -9999 -9999 -9999 -9999 -9999
-9999 -9999 -9999 -9999 -9999 -9999 -9999 -9999 -9999 -9999 -9999 -9999 -9999 -9999 -9999 -9999 -9999 -9999 -9999 -9999 -9999 -9999 -9999 -9999 -9999 -9999 -9999 -9999 -9999 -9999 68.63 88.43 89.89 75.87 79.77 79.37 84.68 80.46 82.97 87.20 83.34 86.70 91.81 102.98 128.39 144.84 159.85 121.24 85.67 75.32 54.40 51.00 41.41 39.16 43.40 40.06 37.23 37.63 40.97 39.33 39.81 48.61 52.46 55.84 52.75 49.48 46.98 40.72 37.80 39.57 38.99 40.60 44.94 -9999 -9999 -9999
