Rainfall_2007-2011/Rainfall_2011-04_ACTUAL.txt
ncols         180
nrows         290
xllcorner     -200000
yllcorner     -200000
cellsize      5000
NODATA_value  -9999
[rows 175 to 209 of 290, columns 77 to 153 of 180]
-9999 -9999 -9999 -9999 -9999 -9999 -9999 -9999 -9999 33.15 37.28 38.92 41.51 33.81 39.43 45.50 44.01 59.44 32.98 36.08 35.32 32.21 24.37 21.60 14.82 15.43 12.75 11.14 7.62 4.86 6.72 7.26 11.44 12.37 10.97 14.37 14.91 12.50 12.33 13.58 14.03 15.40 20.12 17.83 14.69 13.60 9.20 7.73 6.90 5.11 4.77 5.72 6.10 4.82 3.50 4.53 5.89 6.01 5.73 5.01 5.92 10.57 17.38 11.24 8.77 7.60 7.18 7.18 8.08 8.10 6.46 6.77 5.43 4.67 3.90 -9999 -9999
-9999 -9999 -9999 -9999 -9999 -9999 -9999 -9999 -9999 -9999 37.25 33.34 40.34 35.80 57.87 60.12 84.61 67.93 46.00 41.76 35.57 33.84 27.51 19.55 16.16 17.28 11.29 9.94 7.64 5.13 3.61 4.70 10.07 10.82 5.01 18.62 19.78 12.50 12.39 13.49 12.17 15.09 16.66 17.28 13.91 12.14 9.74 6.84 7.24 8.95 6.02 5.94 6.65 5.28 3.92 3.78 5.29 4.63 4.53 5.22 6.95 8.96 13.67 11.98 9.22 7.31 6.39 5.90 6.53 7.04 5.90 5.68 5.32 3.77 2.10 -9999 -9999
-9999 -9999 -9999 -9999 -9999 -9999 -9999 -9999 -9999 -9999 -9999 36.06 35.71 54.01 72.31 104.69 104.06 87.39 66.77 65.57 49.38 40.90 26.78 24.86 17.69 11.46 17.02 12.40 8.89 4.55 3.52 5.18 7.62 9.69 10.17 12.57 14.62 11.99 10.24 9.21 9.65 12.87 12.23 10.48 9.92 8.45 9.23 5.55 5.69 13.05 8.26 6.56 7.71 10.42 10.35 6.66 5.65 3.96 3.13 5.74 7.01 7.17 13.50 11.73 8.72 6.69 4.75 4.20 4.66 5.28 4.37 5.26 5.68 5.11 1.59 -9999 -9999
-9999 -9999 -9999 -9999 -9999 -9999 -9999 -9999 -9999 -9999 -9999 37.62 38.12 54.37 74.53 126.76 133.15 95.69 62.42 49.78 59.46 46.70 36.60 25.92 18.29 11.56 12.30 11.83 9.14 7.57 5.28 5.99 6.86 9.15 9.87 10.71 18.51 11.26 7.69 7.37 9.02 10.81 8.76 8.07 7.87 7.38 8.84 8.94 9.23 7.52 6.73 6.73 7.24 7.17 8.49 7.30 6.39 6.80 6.57 6.11 9.32 13.91 12.74 12.86 9.38 5.46 3.76 3.01 3.34 3.70 4.09 4.63 6.20 6.56 -9999 -9999 -9999
-9999 -9999 -9999 -9999 -9999 -9999 -9999 -9999 -9999 -9999 -9999 50.85 70.41 78.15 94.76 148.59 131.71 89.64 86.35 58.83 57.39 47.62 33.81 29.14 21.82 15.85 14.47 9.09 8.97 6.71 5.75 5.97 7.29 9.18 8.90 10.85 11.97 9.17 6.92 7.77 8.72 7.79 4.38 5.62 6.32 4.59 6.97 6.98 6.71 6.34 5.76 5.54 5.72 6.02 6.81 7.55 7.14 7.13 7.58 4.54 9.47 15.71 12.89 9.57 2.94 2.90 3.81 3.54 3.69 3.30 4.06 4.70 5.41 -9999 -9999 -9999 -9999
-9999 -9999 -9999 -9999 -9999 -9999 -9999 -9999 -9999 -9999 38.13 85.75 74.09 90.74 90.85 83.07 109.11 90.38 84.70 71.07 65.37 45.49 32.38 22.49 19.93 18.67 16.63 11.07 9.41 6.38 4.41 5.22 7.38 8.10 7.99 8.65 7.92 6.88 5.87 3.78 5.16 6.48 6.14 4.55 6.43 6.54 6.07 6.15 5.71 5.77 5.49 4.61 3.40 3.77 6.40 7.70 6.01 6.74 6.29 5.49 7.34 9.68 10.56 9.26 3.24 3.11 3.67 3.53 4.19 6.43 5.65 3.92 -9999 -9999 -9999 -9999 -9999
-9999 -9999 -9999 -9999 -9999 -9999 -9999 -9999 22.63 25.83 32.31 47.44 53.48 57.39 67.37 57.26 71.09 62.66 73.89 69.33 56.96 42.57 38.81 24.29 23.19 19.61 12.72 9.42 6.24 5.01 4.09 5.14 7.36 7.38 6.35 6.07 4.96 5.27 4.64 2.83 3.17 4.69 5.46 5.01 4.66 4.78 5.76 5.27 4.88 4.99 5.08 5.25 4.85 4.91 5.70 3.12 4.74 6.81 5.64 6.06 5.67 5.77 5.33 5.51 3.61 3.65 3.32 2.71 3.81 3.13 3.49 -9999 -9999 -9999 -9999 -9999 4.39
-9999 -9999 -9999 -9999 -9999 -9999 -9999 24.14 22.03 26.97 28.32 34.54 32.41 39.39 37.54 45.18 54.27 62.98 66.99 78.70 49.05 33.68 32.59 23.94 27.85 22.52 17.19 11.04 7.25 5.71 4.40 4.96 6.13 5.52 3.50 4.50 4.60 5.49 5.47 4.02 2.77 4.21 5.06 4.00 3.23 3.01 4.31 4.71 4.61 4.23 2.52 4.23 9.20 7.14 5.11 4.67 5.92 10.70 7.55 4.12 4.30 4.48 4.05 4.18 3.01 3.22 3.05 2.62 2.92 3.26 2.70 -9999 -9999 -9999 -9999 -9999 4.55
-9999 -9999 -9999 -9999 -9999 -9999 24.92 24.65 22.65 27.34 -9999 -9999 -9999 -9999 35.76 51.00 66.46 70.24 70.04 61.89 52.99 44.18 38.91 29.77 36.55 23.98 17.62 12.02 11.35 6.83 5.39 3.86 4.46 4.63 3.40 3.70 3.21 5.48 4.18 3.05 4.04 3.91 4.45 4.04 3.03 2.49 3.88 4.56 4.51 3.91 2.16 3.39 7.03 10.18 6.87 6.21 8.84 13.14 9.82 4.36 3.52 3.65 4.33 4.21 3.78 3.07 2.57 2.39 1.95 2.54 2.82 3.04 -9999 -9999 -9999 -9999 4.60
-9999 -9999 -9999 -9999 -9999 -9999 24.67 28.92 23.20 22.28 -9999 -9999 -9999 -9999 33.33 45.56 72.78 82.63 78.86 74.68 72.12 52.72 46.38 34.63 30.95 20.28 12.68 11.60 9.77 6.27 4.18 3.10 3.81 4.71 4.99 3.58 3.57 4.33 4.30 4.34 4.02 3.93 4.41 4.55 3.95 4.08 4.69 4.49 4.36 4.25 4.89 6.17 16.62 18.81 8.14 6.51 8.11 9.10 6.45 4.57 3.52 3.33 3.84 3.36 3.01 2.38 1.67 2.00 1.77 2.15 2.19 2.90 3.41 -9999 -9999 4.84 4.69
-9999 -9999 -9999 -9999 -9999 -9999 -9999 -9999 -9999 -9999 -9999 -9999 -9999 -9999 28.78 42.99 53.94 50.17 63.33 60.08 71.83 58.86 40.77 33.13 26.54 17.56 11.21 9.60 4.33 3.81 4.84 3.22 4.35 5.09 4.73 4.36 3.85 2.99 5.24 6.37 4.54 4.40 4.74 4.53 3.36 4.32 4.15 4.29 2.26 4.72 5.30 6.15 11.62 12.81 6.52 5.16 6.98 6.97 5.06 4.22 3.78 2.95 3.31 3.04 2.58 2.51 2.18 1.76 2.04 1.92 2.36 3.12 3.20 5.18 5.62 5.07 5.68
-9999 -9999 -9999 -9999 -9999 -9999 -9999 -9999 -9999 -9999 -9999 -9999 -9999 -9999 -9999 34.63 35.89 44.94 58.21 71.70 69.62 65.00 44.64 32.55 19.67 11.15 6.83 8.91 5.86 5.15 4.53 4.03 4.12 4.30 5.39 6.05 4.05 2.98 4.44 4.68 4.16 5.38 5.57 5.09 4.33 4.97 4.58 4.31 5.08 5.05 5.91 5.69 6.23 13.40 12.20 9.78 6.44 6.06 4.36 2.60 3.28 2.99 3.00 2.74 2.53 2.95 2.71 2.11 2.43 2.64 2.62 3.33 3.86 5.33 5.70 5.23 5.96
-9999 -9999 -9999 -9999 -9999 -9999 -9999 -9999 -9999 -9999 -9999 -9999 -9999 -9999 -9999 33.46 52.47 84.78 82.79 73.03 60.40 51.84 32.85 28.62 20.17 12.90 11.91 12.26 6.97 5.54 4.91 3.58 3.86 3.36 6.40 7.81 6.78 5.13 5.06 3.56 2.91 6.11 5.45 5.01 5.49 7.56 5.69 4.73 4.87 5.30 5.75 5.86 7.28 6.98 31.04 20.76 7.79 6.21 4.90 2.37 2.88 2.97 3.00 2.65 2.36 2.75 2.72 2.69 2.76 2.86 2.81 3.75 5.53 7.55 6.74 6.88 4.87
-9999 -9999 -9999 -9999 -9999 -9999 -9999 -9999 -9999 -9999 -9999 -9999 -9999 -9999 35.36 40.16 64.44 103.75 91.98 58.86 52.88 50.84 39.87 25.71 14.97 10.59 12.48 11.75 10.05 6.37 5.14 3.83 5.14 5.53 4.85 6.79 6.28 5.83 4.24 3.84 4.38 5.36 5.22 5.46 5.41 6.77 5.67 4.94 5.21 5.45 4.60 4.18 4.06 4.32 15.32 11.01 8.02 2.98 4.43 2.72 2.68 2.88 2.99 2.69 1.86 2.85 2.93 3.36 3.61 3.68 3.92 4.87 6.84 8.03 7.66 12.68 6.91
-9999 -9999 -9999 -9999 -9999 -9999 -9999 -9999 -9999 -9999 -9999 -9999 -9999 -9999 30.72 38.07 69.99 86.13 76.05 38.18 41.20 46.70 34.70 15.88 11.75 7.46 9.92 8.66 6.88 6.95 8.59 7.07 5.46 4.78 3.06 4.93 6.31 5.56 4.16 4.18 3.54 5.04 6.10 5.29 5.13 5.00 4.06 4.32 4.77 4.81 3.17 2.18 4.55 6.11 7.49 4.44 5.98 5.14 4.25 3.17 3.16 2.89 3.18 2.59 2.89 3.23 3.48 4.36 3.86 4.81 5.35 7.21 6.57 5.27 4.16 8.44 6.08
-9999 -9999 -9999 -9999 -9999 -9999 -9999 -9999 -9999 -9999 -9999 -9999 -9999 -9999 24.09 30.98 39.90 52.75 49.88 42.49 32.67 33.92 25.13 17.93 11.71 9.79 8.96 6.46 4.72 8.68 9.49 10.07 7.27 6.47 4.81 5.29 6.02 4.83 4.57 4.36 4.22 5.21 6.40 5.44 5.26 3.71 2.07 4.37 4.93 4.49 4.09 4.17 4.61 5.71 5.19 3.70 3.79 4.56 3.31 2.97 3.10 3.11 3.54 3.62 3.47 3.71 5.28 5.46 3.85 6.10 5.34 7.79 6.72 4.66 4.52 5.26 5.41
-9999 -9999 -9999 -9999 -9999 -9999 -9999 -9999 -9999 -9999 -9999 -9999 -9999 -9999 -9999 17.28 34.94 49.41 52.10 44.48 27.40 27.64 17.37 9.56 9.84 8.21 7.81 7.12 9.73 10.32 6.63 7.70 8.56 5.85 5.19 5.92 5.51 3.21 3.22 4.50 4.74 5.22 5.43 4.86 4.53 3.83 4.22 4.19 4.27 4.53 4.61 4.41 4.38 5.18 4.95 3.78 3.53 4.36 3.37 3.25 3.01 3.01 3.85 4.43 5.01 4.83 4.88 5.43 5.09 4.60 3.88 4.18 3.53 3.43 4.24 4.69 4.98
-9999 -9999 -9999 -9999 -9999 -9999 -9999 -9999 -9999 -9999 -9999 -9999 -9999 -9999 -9999 23.75 31.24 38.24 51.52 58.17 42.03 34.31 16.14 9.07 10.11 8.72 9.89 9.34 10.47 6.81 7.29 10.56 12.46 8.99 7.97 6.23 4.88 1.54 1.12 3.53 4.81 5.67 5.67 4.59 4.28 3.55 2.86 2.20 3.38 3.87 4.34 4.59 5.10 5.45 5.46 4.40 3.47 5.09 4.23 3.94 3.26 2.64 5.21 4.55 5.23 5.92 4.55 5.07 4.55 3.30 2.92 2.93 3.56 3.47 4.06 4.04 4.32
-9999 -9999 -9999 -9999 -9999 -9999 -9999 -9999 -9999 -9999 -9999 -9999 -9999 -9999 20.42 20.15 29.79 43.58 50.51 44.45 39.79 22.04 15.95 15.21 14.24 13.22 10.33 8.15 13.25 14.22 12.73 17.48 12.47 9.99 7.65 6.31 4.58 2.20 1.74 2.59 7.59 8.34 5.67 5.21 5.48 3.11 2.70 2.34 3.40 3.22 3.83 5.41 6.24 5.16 6.98 6.06 4.40 3.29 3.95 4.24 3.94 5.45 5.73 4.11 4.39 4.04 3.30 4.22 3.51 2.48 2.79 2.64 2.96 3.41 3.74 3.60 3.14
-9999 -9999 -9999 -9999 -9999 -9999 -9999 -9999 -9999 -9999 -9999 -9999 -9999 -9999 24.04 26.35 29.20 32.03 38.41 42.90 34.28 23.91 12.99 11.60 14.55 14.27 16.95 17.00 19.15 16.42 11.70 16.17 10.68 7.20 6.12 5.62 2.35 1.84 1.19 0.71 3.82 6.52 6.73 4.64 4.16 2.50 1.97 2.52 3.04 3.10 3.41 5.71 6.43 5.10 6.08 5.62 5.01 4.32 5.16 5.64 4.57 4.45 3.85 3.50 3.42 3.33 2.69 1.35 1.65 1.81 1.32 2.16 2.45 2.11 2.38 2.68 2.01
-9999 -9999 -9999 -9999 -9999 -9999 -9999 -9999 -9999 -9999 -9999 -9999 -9999 -9999 24.07 26.64 24.91 30.45 33.28 35.46 29.08 21.80 14.22 13.12 14.17 16.13 30.12 51.20 19.34 12.66 9.30 9.12 10.47 6.52 4.26 3.06 1.87 0.48 2.50 3.23 3.47 4.55 4.18 3.39 3.37 3.06 2.59 2.94 3.35 3.03 3.20 4.19 3.86 3.61 4.32 4.29 3.26 5.21 6.92 7.17 5.63 3.49 2.92 2.56 2.46 2.04 1.72 1.10 1.75 1.78 1.80 1.59 2.45 2.72 2.62 1.82 1.80
-9999 -9999 -9999 -9999 -9999 -9999 -9999 -9999 -9999 -9999 -9999 -9999 -9999 22.20 23.82 29.26 27.56 27.60 31.74 28.51 23.71 18.60 12.53 13.26 14.02 15.97 32.30 31.94 13.63 13.24 9.65 10.88 9.17 6.75 2.26 1.96 2.44 2.04 3.03 3.21 3.49 3.39 3.37 2.92 2.46 2.78 2.23 2.91 3.45 3.48 3.60 3.03 2.11 2.68 3.63 4.42 4.42 6.02 7.70 5.98 3.62 2.03 2.52 1.99 1.93 1.64 1.46 1.35 1.47 1.61 1.56 1.48 2.21 2.85 2.39 1.77 2.38
-9999 -9999 -9999 -9999 -9999 -9999 -9999 -9999 -9999 -9999 -9999 -9999 24.59 22.59 21.78 23.76 26.64 30.59 37.52 33.02 24.54 22.62 15.87 18.46 17.18 13.25 13.93 19.02 18.47 9.82 5.55 4.71 6.56 5.74 4.96 3.80 3.53 3.20 3.23 2.72 3.11 2.98 2.78 1.06 0.94 2.57 2.81 3.34 2.67 3.73 3.90 3.90 3.56 2.87 4.04 4.38 4.90 4.47 3.68 4.21 3.86 2.67 3.07 2.73 2.33 1.65 1.58 1.34 1.93 1.68 1.62 1.96 2.01 1.66 1.40 2.60 3.58
-9999 -9999 -9999 -9999 -9999 -9999 -9999 -9999 -9999 -9999 20.44 19.92 22.63 21.39 18.68 23.43 25.29 33.72 37.51 46.33 35.55 22.74 16.64 12.18 13.94 12.80 11.97 15.49 12.98 7.86 5.79 4.83 4.69 4.39 5.68 5.07 2.58 3.05 2.81 2.75 2.96 1.76 2.44 1.77 1.54 3.19 3.89 3.17 2.43 3.33 3.66 3.71 4.67 4.59 4.57 4.21 4.35 4.02 3.51 4.17 2.45 2.55 2.95 3.06 2.84 2.35 1.53 2.78 4.67 1.39 0.99 2.49 1.67 2.31 2.61 3.31 4.07
-9999 -9999 -9999 -9999 -9999 -9999 22.40 16.88 21.28 26.96 26.68 27.34 28.52 25.75 25.56 24.06 31.41 32.65 37.18 40.93 31.25 20.07 13.33 7.51 9.63 13.89 30.20 33.35 17.68 8.27 6.79 5.91 6.21 5.18 5.65 4.42 1.89 3.04 2.06 3.01 3.22 2.60 4.50 4.04 3.26 3.77 3.44 3.24 3.08 4.19 3.30 3.73 4.88 4.15 4.41 4.51 5.62 5.21 3.56 4.38 3.77 3.45 2.71 2.23 2.29 3.33 3.30 3.09 4.12 2.62 1.99 2.56 2.77 3.23 3.83 3.70 4.32
-9999 -9999 -9999 -9999 -9999 26.30 26.58 27.04 26.46 21.66 25.20 28.26 29.82 26.77 21.56 26.76 31.43 36.72 30.47 31.64 22.26 19.31 17.56 11.31 10.10 20.45 23.34 25.42 15.45 9.91 7.13 5.74 4.83 4.90 4.02 3.98 4.28 3.37 3.95 4.06 3.79 5.90 5.44 3.77 3.91 4.09 3.72 2.52 4.57 6.19 6.88 5.88 5.14 5.48 6.26 6.02 6.47 6.04 6.52 6.83 4.58 3.56 2.23 1.56 1.92 3.04 3.30 2.42 3.58 3.69 3.59 3.86 4.31 4.21 3.13 4.63 3.98
-9999 -9999 -9999 -9999 22.72 24.63 27.45 28.33 26.45 25.28 26.86 33.62 33.45 31.48 35.81 30.11 32.11 36.54 25.02 26.54 22.73 23.89 20.87 19.35 15.54 19.14 21.00 20.25 23.93 13.91 7.52 3.75 3.31 4.42 3.53 3.63 7.94 6.57 4.24 3.82 4.09 6.38 7.48 4.85 4.60 5.02 5.86 6.49 9.05 7.03 7.15 7.52 7.26 6.29 6.68 6.78 7.59 6.21 5.25 5.52 4.63 4.00 2.89 2.89 2.72 3.21 3.85 4.17 4.48 4.12 4.64 5.47 6.08 5.27 5.60 6.18 3.73
27.12 33.94 35.83 46.50 33.24 33.60 42.57 43.87 35.47 35.70 34.83 38.90 38.69 43.72 43.70 36.28 33.64 31.06 28.02 24.16 24.20 22.16 20.17 18.76 18.49 22.93 18.29 24.08 22.32 11.28 10.46 5.60 4.62 6.47 7.56 7.55 13.53 15.24 7.74 4.16 3.73 4.12 6.20 5.23 5.50 7.12 5.46 7.02 7.71 7.12 6.23 6.76 6.01 5.17 5.65 6.99 7.27 7.74 5.11 5.87 4.99 3.88 4.50 3.41 3.29 4.14 5.13 5.30 6.85 6.75 5.36 5.89 7.34 6.04 6.35 7.67 4.82
33.45 38.00 46.27 54.30 54.41 56.35 59.95 61.02 50.52 44.85 40.79 40.70 43.26 43.41 44.50 42.30 29.54 24.78 23.28 23.03 20.80 19.62 18.98 16.61 14.19 22.65 24.98 29.74 15.92 11.64 7.87 7.28 5.88 8.52 7.55 6.12 8.07 8.86 6.06 4.24 3.32 3.36 5.51 6.25 7.31 7.17 6.51 6.64 6.56 8.21 6.61 6.68 8.80 7.84 7.75 6.74 7.20 7.51 7.36 7.81 6.39 5.74 5.84 4.11 4.65 5.37 6.77 6.46 8.34 6.88 6.97 5.09 4.28 4.74 4.94 5.81 4.03
30.99 35.85 39.41 45.71 49.13 40.51 44.87 58.72 43.50 41.64 43.10 45.30 48.66 39.65 31.44 32.10 24.73 22.95 24.46 25.39 19.56 20.90 16.02 9.74 12.42 14.51 19.73 17.11 16.86 11.70 9.51 7.64 6.96 6.79 6.85 5.90 5.17 5.85 5.06 4.26 3.96 3.86 5.85 8.80 9.01 7.12 5.69 6.57 8.01 7.94 9.45 18.24 19.86 21.70 11.15 10.45 9.60 8.44 7.81 7.53 7.12 10.16 11.13 4.15 6.44 5.12 11.00 9.03 8.96 6.21 5.39 4.32 4.23 2.82 3.41 3.80 3.54
22.62 33.88 36.12 38.52 36.60 35.64 36.68 39.43 33.57 31.61 39.19 35.83 32.97 29.69 28.30 28.66 31.67 31.29 37.79 48.00 44.58 34.13 32.83 28.06 21.68 15.31 13.86 19.77 15.66 13.43 10.54 9.01 6.62 7.26 6.91 7.36 6.38 6.37 4.61 3.51 3.87 4.09 3.72 5.63 7.93 7.58 4.49 5.56 6.41 5.87 8.50 16.90 19.81 26.00 17.00 13.79 11.27 12.41 8.45 8.01 8.35 9.14 10.19 12.30 14.28 7.84 5.44 6.07 5.32 4.35 3.65 3.48 3.14 2.90 3.47 3.68 3.44
27.60 31.35 33.55 36.02 35.23 34.79 34.99 32.85 28.34 27.54 31.51 30.87 30.78 29.20 33.42 29.46 34.52 36.79 42.52 49.02 52.47 40.21 43.78 40.27 22.93 18.21 15.90 12.79 15.04 13.63 7.64 7.51 4.85 5.09 6.38 7.04 5.13 5.06 4.03 3.03 3.42 3.71 3.96 3.97 5.95 5.75 5.15 6.10 5.74 7.17 9.54 10.49 11.53 14.28 14.54 11.62 11.02 11.35 6.64 8.39 8.96 9.67 18.20 22.99 8.42 6.25 4.52 4.42 3.85 2.93 2.47 2.12 2.85 3.36 3.24 3.69 3.62
26.23 26.12 32.19 31.22 32.68 34.36 36.02 31.52 28.31 27.66 26.95 28.59 33.52 28.03 31.41 30.76 31.73 35.48 44.36 30.15 31.73 34.56 32.94 27.81 25.16 12.02 14.38 14.89 17.47 11.16 8.30 7.42 4.28 2.85 4.84 5.70 4.34 3.74 3.80 3.80 4.20 3.72 3.35 3.52 4.83 5.04 6.54 6.04 6.64 6.45 7.07 8.11 7.13 5.16 6.59 6.69 7.68 7.88 6.20 6.46 7.20 7.84 16.93 10.89 7.90 4.85 3.16 2.27 2.40 2.27 2.23 2.47 2.55 2.80 3.21 3.33 3.71
25.13 25.17 27.49 28.03 24.60 29.18 28.02 25.97 24.73 23.72 24.32 26.63 26.19 28.33 28.38 36.72 32.37 42.06 58.94 43.72 28.12 22.32 23.51 21.43 18.16 11.55 14.20 10.98 16.79 8.52 7.20 6.37 5.00 4.14 2.81 4.47 4.43 2.92 2.17 3.26 3.38 3.64 2.15 2.76 4.10 3.90 4.25 5.04 4.50 4.67 4.57 1.67 2.01 0.90 3.89 4.36 5.24 5.86 6.47 6.44 6.68 7.22 9.59 7.46 7.06 4.70 3.08 0.04 2.16 2.86 2.61 2.41 1.95 2.17 2.84 3.44 3.71
23.01 24.38 26.91 28.99 28.59 28.92 -9999 -9999 -9999 -9999 21.39 25.01 22.26 19.76 22.39 25.96 27.30 29.04 42.46 43.08 49.49 44.87 31.22 24.02 17.76 15.25 13.53 12.65 8.56 6.88 5.10 5.99 6.72 5.02 3.72 3.01 1.72 2.16 2.31 4.10 2.99 3.17 3.18 3.12 3.21 2.30 1.91 3.37 4.00 4.12 4.15 3.28 2.59 2.34 3.13 4.46 4.58 5.50 6.54 6.88 7.79 7.92 8.24 7.95 7.17 4.90 3.08 2.27 2.52 2.96 2.21 1.85 1.86 2.75 3.04 3.60 3.85
