Rainfall_2007-2011/Rainfall_2007-11_ACTUAL.txt
ncols         180
nrows         290
xllcorner     -200000
yllcorner     -200000
cellsize      5000
NODATA_value  -9999
[rows 136 to 169 of 290, columns 76 to 151 of 180]
-9999 -9999 -9999 126.71 139.25 143.83 167.42 166.44 174.17 158.29 130.91 138.00 156.86 175.17 229.97 179.97 143.08 106.32 96.56 99.91 105.57 102.58 111.79 110.61 110.29 78.22 66.31 70.19 69.05 63.72 55.13 58.08 61.47 72.47 64.16 67.79 81.53 82.45 76.40 72.58 71.05 57.89 65.74 81.63 71.43 58.48 60.01 53.47 56.60 55.90 50.01 58.06 -9999 -9999 -9999 -9999 -9999 -9999 -9999 -9999 -9999 -9999 -9999 -9999 -9999 -9999 -9999 -9999 -9999 -9999 -9999 -9999 -9999 -9999 -9999 -9999
-9999 -9999 -9999 121.85 133.27 129.17 146.71 140.96 142.28 133.08 122.98 124.41 132.90 152.15 176.98 153.78 136.21 112.22 106.01 85.65 112.11 115.66 136.69 118.40 -9999 -9999 -9999 66.39 65.46 -9999 52.65 50.57 51.74 54.60 50.55 61.52 76.76 76.38 69.68 75.59 69.04 66.97 66.92 70.13 51.01 66.43 57.90 62.56 49.14 51.13 49.98 52.45 -9999 -9999 -9999 -9999 -9999 -9999 -9999 -9999 -9999 -9999 -9999 -9999 -9999 -9999 -9999 -9999 -9999 -9999 -9999 -9999 -9999 -9999 -9999 -9999
-9999 -9999 -9999 109.74 128.69 126.89 136.06 138.87 133.42 126.37 120.19 113.43 128.52 134.73 164.25 138.72 136.07 117.67 102.34 111.01 102.76 112.02 108.22 103.99 -9999 -9999 -9999 65.47 62.85 62.04 51.60 46.20 48.36 50.40 54.64 70.11 89.54 84.61 88.47 73.36 63.77 77.04 73.31 68.56 63.29 74.71 62.73 66.93 70.31 68.98 57.67 55.36 -9999 -9999 -9999 -9999 -9999 -9999 -9999 -9999 -9999 -9999 -9999 -9999 -9999 -9999 -9999 -9999 -9999 -9999 -9999 -9999 -9999 -9999 -9999 -9999
-9999 -9999 -9999 -9999 111.69 127.31 124.62 -9999 133.56 127.59 118.52 114.86 118.47 -9999 127.94 125.33 142.01 113.40 107.17 110.15 101.45 99.45 -9999 -9999 -9999 -9999 76.91 63.90 64.71 50.72 48.85 49.74 45.43 42.81 59.43 81.02 116.37 104.26 105.98 85.03 78.96 76.78 80.76 85.35 66.33 68.16 76.39 74.96 65.36 65.02 70.42 72.51 60.80 -9999 -9999 -9999 -9999 -9999 -9999 -9999 -9999 -9999 -9999 -9999 -9999 -9999 -9999 -9999 -9999 -9999 -9999 -9999 -9999 -9999 -9999 -9999
-9999 -9999 -9999 -9999 -9999 122.35 -9999 -9999 -9999 115.17 109.58 114.80 119.76 111.42 -9999 -9999 110.52 96.30 108.56 112.12 -9999 -9999 -9999 -9999 -9999 75.78 77.85 71.33 71.20 57.88 54.19 55.55 50.31 55.20 56.69 77.97 96.19 119.59 109.44 104.11 101.06 115.62 92.22 89.87 85.56 82.24 75.15 69.61 72.38 62.97 72.20 72.36 70.50 -9999 -9999 -9999 -9999 -9999 -9999 -9999 -9999 -9999 -9999 -9999 -9999 -9999 -9999 -9999 -9999 -9999 -9999 -9999 -9999 -9999 -9999 -9999
-9999 -9999 -9999 -9999 -9999 118.56 112.32 -9999 -9999 -9999 98.40 110.97 117.58 112.02 -9999 -9999 -9999 -9999 98.00 -9999 -9999 -9999 -9999 -9999 -9999 72.24 80.67 85.74 80.35 74.66 74.50 71.84 50.72 51.59 65.46 70.38 82.34 102.11 109.15 140.04 114.73 110.96 93.06 94.56 97.30 80.62 73.35 77.42 62.42 62.22 62.30 69.52 65.51 -9999 -9999 -9999 -9999 -9999 -9999 -9999 -9999 -9999 -9999 -9999 -9999 -9999 -9999 -9999 -9999 -9999 -9999 -9999 -9999 -9999 -9999 -9999
-9999 -9999 -9999 -9999 -9999 -9999 118.97 -9999 -9999 -9999 -9999 106.25 109.99 102.49 -9999 -9999 -9999 -9999 -9999 -9999 -9999 -9999 -9999 -9999 83.61 79.92 94.69 91.54 102.40 108.14 106.00 93.74 66.45 61.18 51.62 61.17 79.76 115.92 138.74 144.91 114.02 89.58 78.63 80.60 68.87 57.82 66.59 72.70 60.10 59.09 56.22 67.32 64.91 59.71 -9999 -9999 -9999 -9999 -9999 -9999 -9999 -9999 -9999 -9999 -9999 -9999 -9999 -9999 -9999 -9999 -9999 -9999 -9999 -9999 -9999 -9999
-9999 -9999 -9999 -9999 -9999 -9999 122.18 -9999 -9999 -9999 -9999 -9999 -9999 -9999 -9999 -9999 -9999 -9999 -9999 -9999 -9999 -9999 -9999 -9999 85.73 92.33 96.93 97.66 90.51 125.28 154.91 126.92 94.55 61.18 58.95 37.49 42.11 74.34 98.13 132.50 98.16 106.34 112.72 98.41 80.77 62.22 48.32 53.64 49.80 56.79 54.29 58.67 64.34 62.03 55.61 -9999 -9999 -9999 -9999 -9999 -9999 -9999 -9999 -9999 -9999 -9999 -9999 -9999 -9999 -9999 -9999 -9999 -9999 -9999 -9999 -9999
-9999 -9999 -9999 -9999 -9999 -9999 -9999 -9999 -9999 -9999 -9999 -9999 -9999 -9999 -9999 -9999 -9999 -9999 -9999 -9999 -9999 -9999 -9999 75.05 85.68 102.97 109.99 134.55 124.46 184.89 198.58 147.02 88.58 72.69 55.52 40.70 35.08 55.21 107.49 111.62 93.81 86.39 84.51 80.82 66.26 59.29 50.31 41.92 40.13 39.40 38.86 40.34 51.35 50.67 49.59 -9999 -9999 -9999 -9999 -9999 -9999 -9999 -9999 -9999 -9999 -9999 -9999 -9999 -9999 -9999 -9999 -9999 -9999 -9999 -9999 -9999
-9999 -9999 -9999 -9999 -9999 -9999 -9999 -9999 -9999 -9999 -9999 -9999 -9999 -9999 -9999 -9999 -9999 -9999 -9999 -9999 -9999 -9999 -9999 89.90 99.10 121.27 157.97 198.78 163.14 135.84 179.88 142.86 119.72 101.52 72.26 66.09 53.79 52.97 66.52 105.49 101.36 91.53 65.03 64.95 49.55 45.60 40.61 36.95 37.60 36.12 43.50 40.04 46.43 48.41 42.60 50.35 52.30 49.96 -9999 -9999 -9999 -9999 -9999 -9999 -9999 -9999 -9999 -9999 -9999 -9999 -9999 -9999 -9999 -9999 -9999 -9999
-9999 -9999 -9999 -9999 -9999 -9999 -9999 -9999 -9999 -9999 -9999 -9999 -9999 -9999 -9999 -9999 -9999 -9999 -9999 -9999 -9999 -9999 -9999 86.09 114.64 152.83 158.60 236.14 237.93 233.52 190.87 194.28 157.42 145.28 116.64 94.45 78.89 45.49 45.46 75.00 60.83 86.05 80.44 60.56 49.24 43.65 41.09 37.38 34.97 38.78 36.92 40.35 44.72 39.69 39.07 64.87 59.53 64.13 63.27 60.53 -9999 -9999 -9999 -9999 -9999 -9999 -9999 -9999 -9999 -9999 -9999 -9999 -9999 -9999 -9999 -9999
-9999 -9999 -9999 -9999 -9999 -9999 -9999 -9999 -9999 -9999 -9999 -9999 -9999 -9999 -9999 -9999 -9999 -9999 -9999 -9999 -9999 -9999 -9999 74.71 130.11 183.49 268.08 360.77 364.34 272.36 211.89 224.60 201.33 120.69 168.99 135.06 101.79 71.22 70.02 65.44 74.42 90.14 75.62 71.54 61.10 56.46 44.22 42.67 39.78 37.38 34.88 40.01 39.03 45.69 50.62 74.02 86.15 77.16 91.96 88.12 113.39 83.27 -9999 -9999 -9999 -9999 -9999 -9999 -9999 -9999 -9999 -9999 -9999 -9999 -9999 -9999
-9999 -9999 -9999 -9999 -9999 -9999 -9999 -9999 -9999 -9999 -9999 -9999 -9999 -9999 -9999 -9999 -9999 -9999 -9999 -9999 -9999 -9999 -9999 86.73 114.77 151.76 212.03 274.81 383.39 384.86 225.70 202.01 177.45 189.38 182.97 151.04 117.77 105.40 83.57 75.42 116.22 99.87 90.92 91.83 89.48 75.19 65.59 59.11 44.60 43.77 43.91 44.64 36.89 45.11 65.03 77.92 89.93 70.09 92.67 90.02 101.60 79.69 86.72 -9999 -9999 -9999 -9999 -9999 -9999 -9999 -9999 -9999 -9999 -9999 -9999 -9999
-9999 -9999 -9999 -9999 -9999 -9999 -9999 -9999 -9999 -9999 -9999 108.32 89.58 79.70 -9999 -9999 -9999 -9999 -9999 -9999 -9999 -9999 -9999 -9999 92.60 115.82 154.69 221.83 241.36 310.04 227.96 158.52 182.72 180.12 165.36 149.87 142.86 131.93 114.61 116.66 126.57 121.85 128.68 107.88 89.56 75.05 69.63 51.43 47.31 46.43 42.57 49.08 49.10 60.30 96.19 96.11 132.98 125.33 116.51 114.27 87.04 103.33 90.34 70.93 -9999 -9999 -9999 -9999 -9999 -9999 -9999 -9999 -9999 -9999 -9999 -9999
-9999 -9999 -9999 -9999 -9999 -9999 -9999 -9999 -9999 -9999 -9999 122.24 89.03 -9999 -9999 -9999 -9999 -9999 -9999 -9999 -9999 -9999 -9999 -9999 -9999 117.12 158.38 221.15 225.59 287.87 205.76 159.18 146.19 139.65 129.69 115.82 124.57 167.37 150.54 142.65 154.47 131.69 107.46 87.92 94.01 66.97 75.65 53.57 49.22 49.29 50.75 48.75 58.13 73.36 99.83 115.62 120.35 95.93 109.57 117.22 109.60 121.04 98.23 93.92 -9999 -9999 -9999 -9999 -9999 -9999 -9999 -9999 -9999 -9999 -9999 -9999
-9999 -9999 -9999 -9999 -9999 -9999 -9999 -9999 -9999 -9999 115.85 165.75 118.76 103.84 -9999 -9999 -9999 -9999 -9999 -9999 -9999 -9999 -9999 -9999 -9999 98.07 140.38 176.44 196.60 182.52 169.19 141.00 126.88 119.54 98.44 99.62 109.65 122.02 162.89 146.38 147.38 124.85 113.32 112.23 90.38 89.06 73.82 56.63 56.74 60.14 62.16 51.33 68.48 78.91 85.89 112.34 114.63 107.83 107.36 102.15 105.58 113.61 87.21 93.57 77.40 -9999 -9999 -9999 -9999 -9999 -9999 -9999 -9999 -9999 -9999 -9999
-9999 -9999 -9999 -9999 -9999 -9999 -9999 -9999 -9999 114.76 149.53 151.48 168.67 112.66 -9999 -9999 -9999 -9999 -9999 -9999 -9999 -9999 -9999 -9999 -9999 104.77 124.48 159.91 139.66 157.48 137.31 135.41 137.99 104.60 100.52 105.96 122.80 160.77 165.29 166.47 151.10 152.03 122.87 103.87 89.41 98.13 71.00 62.38 57.95 55.32 55.46 58.02 61.91 80.28 83.31 87.43 85.04 83.21 77.13 81.25 88.95 99.28 72.48 73.46 70.31 -9999 -9999 -9999 -9999 -9999 -9999 -9999 -9999 -9999 -9999 -9999
-9999 -9999 -9999 -9999 -9999 -9999 -9999 -9999 86.51 107.11 160.14 140.90 120.01 -9999 -9999 -9999 -9999 -9999 -9999 -9999 -9999 -9999 -9999 -9999 -9999 -9999 120.63 129.56 109.06 136.53 126.43 113.75 101.46 94.95 93.43 98.36 107.22 136.91 167.07 165.81 167.25 171.04 159.63 148.68 148.67 120.46 97.91 81.87 59.30 53.60 48.91 47.50 50.67 65.12 78.69 75.70 68.75 66.03 67.36 55.08 64.18 71.68 75.63 70.78 70.89 67.53 59.45 -9999 -9999 -9999 -9999 -9999 -9999 -9999 -9999 -9999
-9999 -9999 -9999 -9999 -9999 -9999 -9999 -9999 100.76 156.16 124.53 97.83 104.80 -9999 -9999 -9999 -9999 -9999 -9999 -9999 -9999 -9999 -9999 -9999 -9999 -9999 -9999 103.59 81.20 92.34 92.82 92.15 87.33 85.21 102.89 107.43 88.79 120.23 161.06 154.23 166.73 161.97 151.73 160.60 158.04 124.19 104.09 87.22 72.31 56.24 49.70 46.48 44.56 56.95 58.15 58.02 63.35 66.04 58.74 61.08 66.10 71.72 77.98 72.75 85.05 80.42 66.32 -9999 -9999 -9999 -9999 -9999 -9999 -9999 -9999 -9999
-9999 -9999 -9999 -9999 -9999 -9999 -9999 -9999 91.44 102.99 115.01 99.12 -9999 -9999 -9999 -9999 -9999 -9999 -9999 -9999 -9999 -9999 -9999 -9999 -9999 -9999 -9999 84.72 92.19 99.95 -9999 81.63 -9999 74.10 79.22 95.18 85.49 100.89 111.80 123.13 132.98 156.44 136.88 147.76 152.71 139.60 112.77 90.88 72.98 60.63 58.00 53.20 49.31 53.32 56.89 61.98 73.00 66.66 70.86 69.66 66.40 75.44 84.80 77.33 76.68 74.69 69.49 66.26 63.96 -9999 -9999 -9999 -9999 -9999 -9999 -9999
-9999 -9999 -9999 -9999 -9999 -9999 -9999 75.47 83.61 95.24 -9999 -9999 -9999 -9999 -9999 -9999 -9999 -9999 -9999 -9999 -9999 -9999 -9999 -9999 -9999 -9999 -9999 86.06 87.82 87.15 -9999 -9999 -9999 77.52 90.72 85.55 99.14 92.66 95.11 94.47 92.27 54.72 85.87 112.65 120.21 114.62 92.34 94.45 75.65 63.78 53.60 50.00 47.13 47.13 51.56 56.09 59.18 61.45 79.05 73.43 76.78 79.40 87.37 85.46 78.53 74.13 62.90 55.25 59.57 -9999 -9999 -9999 -9999 -9999 -9999 -9999
-9999 -9999 -9999 -9999 -9999 -9999 -9999 -9999 -9999 -9999 -9999 -9999 -9999 -9999 -9999 -9999 -9999 -9999 -9999 -9999 -9999 -9999 -9999 -9999 -9999 -9999 -9999 -9999 -9999 -9999 -9999 -9999 80.47 84.92 103.72 129.27 129.87 149.93 142.86 95.26 98.80 95.01 84.42 95.01 88.13 90.03 100.09 93.78 71.20 59.95 54.88 52.81 47.23 49.83 49.92 52.34 51.26 54.42 70.32 82.04 98.82 82.70 85.78 75.42 71.56 62.41 60.96 58.12 -9999 -9999 -9999 -9999 -9999 -9999 -9999 -9999
-9999 -9999 -9999 -9999 -9999 -9999 -9999 -9999 -9999 -9999 -9999 -9999 -9999 -9999 -9999 -9999 -9999 -9999 -9999 -9999 -9999 -9999 -9999 -9999 -9999 -9999 -9999 -9999 -9999 -9999 -9999 -9999 76.93 104.56 104.85 156.86 147.72 187.23 174.22 141.43 89.37 87.83 77.27 81.41 62.28 87.65 83.81 80.16 71.08 64.57 62.85 55.50 48.47 48.76 50.32 55.75 51.35 54.61 65.70 74.30 95.56 85.69 70.77 66.72 59.12 57.56 55.34 54.26 -9999 -9999 -9999 -9999 -9999 -9999 -9999 -9999
-9999 -9999 -9999 -9999 -9999 -9999 -9999 -9999 -9999 -9999 -9999 -9999 -9999 -9999 -9999 -9999 -9999 -9999 -9999 -9999 -9999 -9999 -9999 -9999 -9999 -9999 -9999 -9999 -9999 -9999 -9999 -9999 73.35 83.74 101.71 129.68 158.53 157.82 125.16 103.97 89.05 81.25 67.88 71.30 68.00 68.32 77.05 66.37 70.99 67.64 60.90 50.83 48.98 53.63 52.92 60.89 51.41 50.22 55.57 65.04 79.29 76.96 67.66 63.05 67.11 52.29 53.38 53.92 -9999 -9999 -9999 -9999 -9999 -9999 -9999 -9999
-9999 -9999 -9999 -9999 -9999 -9999 -9999 -9999 -9999 -9999 -9999 -9999 -9999 -9999 -9999 -9999 -9999 -9999 -9999 -9999 -9999 -9999 -9999 -9999 -9999 -9999 -9999 -9999 -9999 -9999 72.48 77.81 73.53 70.75 84.20 118.80 154.20 121.48 121.68 85.26 79.76 65.45 62.56 70.87 79.42 81.84 69.11 62.55 65.66 58.01 51.26 51.30 45.94 46.40 49.18 50.81 49.59 46.00 47.26 56.61 65.35 71.66 62.16 58.48 52.12 49.77 54.91 56.29 57.08 -9999 -9999 -9999 -9999 -9999 -9999 -9999
-9999 -9999 -9999 -9999 -9999 -9999 -9999 -9999 -9999 -9999 -9999 -9999 -9999 -9999 -9999 -9999 -9999 -9999 -9999 -9999 -9999 -9999 -9999 -9999 -9999 -9999 -9999 -9999 -9999 -9999 72.91 72.04 70.84 75.81 83.07 96.99 98.68 95.90 85.87 81.67 96.39 80.33 78.03 76.50 84.93 69.77 72.39 61.95 68.96 71.41 70.72 50.50 45.94 43.10 41.62 41.41 44.61 45.71 48.40 48.60 46.89 50.19 57.75 57.74 51.77 49.48 51.86 53.94 55.16 -9999 -9999 -9999 -9999 -9999 -9999 -9999
-9999 -9999 -9999 -9999 -9999 -9999 -9999 -9999 -9999 -9999 -9999 -9999 -9999 -9999 -9999 -9999 -9999 -9999 -9999 -9999 -9999 -9999 -9999 -9999 -9999 -9999 -9999 -9999 -9999 -9999 69.63 68.41 67.70 72.43 77.73 83.73 83.08 86.57 75.37 82.99 82.66 86.34 83.67 88.40 81.50 75.90 61.41 64.40 54.58 51.93 55.72 50.21 43.95 43.40 42.76 36.94 41.46 44.32 47.13 45.67 47.47 46.78 48.73 54.50 57.02 50.73 51.56 52.57 51.19 49.46 -9999 -9999 -9999 -9999 -9999 -9999
-9999 -9999 -9999 -9999 -9999 -9999 -9999 -9999 -9999 -9999 -9999 -9999 -9999 -9999 -9999 -9999 -9999 -9999 -9999 -9999 -9999 -9999 -9999 -9999 -9999 -9999 -9999 -9999 -9999 -9999 58.41 61.43 59.15 61.42 69.29 73.01 71.07 78.95 78.31 78.75 81.71 88.39 104.24 108.04 101.85 82.72 72.55 62.26 52.70 43.89 43.02 44.59 44.18 41.11 40.04 39.09 40.07 43.87 43.12 41.17 41.03 40.11 42.44 49.17 47.19 45.47 49.82 48.24 53.65 52.80 45.75 -9999 -9999 -9999 -9999 -9999
-9999 -9999 -9999 -9999 -9999 -9999 -9999 -9999 -9999 -9999 -9999 -9999 -9999 -9999 -9999 -9999 -9999 -9999 -9999 -9999 -9999 -9999 -9999 -9999 -9999 -9999 -9999 -9999 -9999 -9999 52.53 54.74 51.45 53.71 65.66 70.87 72.42 82.68 88.36 91.34 97.36 110.80 116.83 102.47 94.91 73.63 68.27 53.67 50.41 43.11 41.23 39.07 34.92 38.09 39.23 39.10 39.87 45.89 41.77 40.16 39.78 42.76 41.20 41.24 45.13 45.44 43.63 46.46 48.80 46.09 46.96 -9999 -9999 -9999 -9999 -9999
-9999 -9999 -9999 -9999 -9999 -9999 -9999 -9999 -9999 -9999 -9999 -9999 -9999 -9999 -9999 -9999 -9999 -9999 -9999 -9999 -9999 -9999 -9999 -9999 -9999 -9999 -9999 -9999 -9999 -9999 -9999 52.55 52.88 53.98 56.62 70.73 92.92 99.54 109.36 105.62 108.87 112.59 104.84 98.83 97.73 73.23 62.04 50.63 34.91 37.81 33.25 35.04 36.27 37.32 37.87 39.81 40.87 39.52 39.94 39.74 38.45 36.68 42.44 41.31 41.09 39.78 38.88 -9999 46.77 42.62 44.10 41.77 -9999 -9999 -9999 -9999
-9999 -9999 -9999 -9999 -9999 -9999 -9999 -9999 -9999 -9999 -9999 -9999 -9999 -9999 -9999 -9999 -9999 -9999 -9999 -9999 -9999 -9999 -9999 -9999 -9999 -9999 -9999 -9999 -9999 -9999 57.29 53.20 57.01 57.99 63.35 62.70 98.81 131.20 107.79 129.12 127.33 103.17 108.39 126.82 104.35 100.87 75.58 55.51 49.28 38.11 31.21 34.67 37.41 37.78 47.99 39.24 38.99 37.69 38.42 38.21 36.98 45.74 43.39 41.12 43.31 42.29 40.01 42.72 -9999 37.12 41.74 38.36 38.18 -9999 -9999 -9999
-9999 -9999 -9999 -9999 -9999 -9999 -9999 -9999 -9999 -9999 -9999 -9999 -9999 -9999 -9999 -9999 -9999 -9999 -9999 -9999 -9999 -9999 -9999 -9999 -9999 -9999 -9999 -9999 -9999 -9999 57.10 57.64 58.12 62.42 69.27 72.49 81.09 113.54 98.99 97.89 108.81 85.15 88.85 95.42 109.17 97.03 82.21 71.58 50.58 39.49 44.49 38.50 41.51 41.08 38.44 36.71 36.29 36.92 38.83 39.32 30.23 36.58 42.06 39.75 35.56 40.76 47.57 44.87 42.37 -9999 -9999 -9999 -9999 -9999 -9999 -9999
-9999 -9999 -9999 -9999 -9999 -9999 -9999 -9999 -9999 -9999 -9999 -9999 -9999 -9999 -9999 -9999 -9999 -9999 -9999 -9999 -9999 -9999 -9999 -9999 -9999 -9999 -9999 -9999 -9999 57.98 58.84 61.28 66.28 70.39 65.96 71.05 82.88 91.01 84.66 72.73 76.31 77.35 80.14 97.74 129.95 133.95 114.99 100.38 58.13 47.86 40.22 37.48 47.04 41.46 37.52 36.28 35.30 35.25 38.30 38.45 33.55 36.95 41.87 46.24 44.65 43.54 44.09 42.62 38.44 36.98 40.51 -9999 -9999 -9999 -9999 -9999
-9999 -9999 -9999 -9999 -9999 -9999 -9999 -9999 -9999 -9999 -9999 -9999 -9999 -9999 -9999 -9999 -9999 -9999 -9999 -9999 -9999 -9999 -9999 -9999 -9999 -9999 -9999 -9999 -9999 -9999 59.56 67.64 73.60 65.58 69.56 67.85 70.63 62.90 67.56 65.26 63.40 70.61 74.34 84.39 109.00 133.28 175.88 126.01 84.47 67.02 48.58 43.02 33.28 33.50 38.21 37.02 35.61 36.73 35.97 33.78 32.90 37.66 41.80 43.59 43.24 41.87 43.75 39.28 37.42 35.99 36.89 38.43 40.39 -9999 -9999 -9999
