Rainfall_2007-2011/Rainfall_2009-03_ACTUAL.txt
ncols         180
nrows         290
xllcorner     -200000
yllcorner     -200000
cellsize      5000
NODATA_value  -9999
[rows 102 to 135 of 290, columns 77 to 153 of 180]
-9999 177.84 215.53 289.79 279.29 365.45 326.82 335.56 313.17 363.85 352.11 340.07 263.87 193.25 208.75 186.27 123.17 135.52 153.68 151.53 106.63 71.76 60.14 48.89 39.95 34.72 30.71 30.97 42.65 38.51 36.44 34.02 32.02 29.68 29.76 20.32 -9999 -9999 -9999 -9999 -9999 -9999 -9999 -9999 -9999 -9999 -9999 -9999 -9999 -9999 -9999 -9999 -9999 -9999 -9999 -9999 -9999 -9999 -9999 -9999 -9999 -9999 -9999 -9999 -9999 -9999 -9999 -9999 -9999 -9999 -9999 -9999 -9999 -9999 -9999 -9999 -9999
157.24 163.57 195.63 181.83 363.26 396.37 283.91 296.22 344.94 336.80 380.30 387.62 242.46 202.73 161.89 167.36 153.82 171.19 159.64 123.98 124.28 100.94 68.78 48.66 37.95 34.26 31.83 37.93 34.44 31.31 28.75 26.99 28.08 24.97 -9999 -9999 -9999 -9999 -9999 -9999 -9999 -9999 -9999 -9999 -9999 -9999 -9999 -9999 -9999 -9999 -9999 -9999 -9999 -9999 -9999 -9999 -9999 -9999 -9999 -9999 -9999 -9999 -9999 -9999 -9999 -9999 -9999 -9999 -9999 -9999 -9999 -9999 -9999 -9999 -9999 -9999 -9999
199.24 231.14 276.14 257.05 316.04 304.58 227.25 267.25 299.29 331.93 291.48 249.28 204.89 198.00 199.35 120.74 128.80 131.51 132.72 118.94 87.93 82.79 67.79 52.64 42.43 34.04 32.99 30.50 28.17 25.52 24.07 27.87 30.23 -9999 -9999 -9999 -9999 -9999 -9999 -9999 -9999 -9999 -9999 -9999 -9999 -9999 -9999 -9999 -9999 -9999 -9999 -9999 -9999 -9999 -9999 -9999 -9999 -9999 -9999 -9999 -9999 -9999 -9999 -9999 -9999 -9999 -9999 -9999 -9999 -9999 -9999 -9999 -9999 -9999 -9999 -9999 -9999
264.17 267.29 293.40 249.65 279.21 286.37 300.94 332.94 247.99 280.06 277.26 288.69 236.92 200.00 163.38 148.63 151.77 130.50 100.08 64.06 61.70 62.17 55.84 47.39 35.42 29.16 32.96 27.09 27.31 31.72 24.71 28.98 29.17 -9999 -9999 -9999 -9999 -9999 -9999 -9999 -9999 -9999 -9999 -9999 -9999 -9999 -9999 -9999 -9999 -9999 -9999 -9999 -9999 -9999 -9999 -9999 -9999 -9999 -9999 -9999 -9999 -9999 -9999 -9999 -9999 -9999 -9999 -9999 -9999 -9999 -9999 -9999 -9999 -9999 -9999 -9999 -9999
268.78 288.43 296.42 293.10 332.52 317.54 310.93 288.69 322.12 268.70 286.48 246.07 279.05 229.59 215.08 229.61 177.91 143.21 128.82 87.19 68.61 59.02 52.17 48.98 32.08 38.22 34.56 30.94 28.42 24.54 24.70 24.81 28.90 24.91 -9999 -9999 -9999 -9999 -9999 -9999 -9999 -9999 -9999 -9999 -9999 -9999 -9999 -9999 -9999 -9999 -9999 -9999 -9999 -9999 -9999 -9999 -9999 -9999 -9999 -9999 -9999 -9999 -9999 -9999 -9999 -9999 -9999 -9999 -9999 -9999 -9999 -9999 -9999 -9999 -9999 -9999 -9999
251.25 302.70 281.99 293.18 279.87 265.88 271.98 339.19 349.45 306.70 295.25 267.17 245.78 199.66 232.70 187.34 185.88 196.53 137.87 119.68 88.56 75.84 71.26 71.10 52.78 53.20 48.09 33.53 28.83 26.43 32.67 29.08 32.27 29.46 19.81 -9999 -9999 -9999 -9999 -9999 -9999 -9999 -9999 -9999 -9999 -9999 -9999 -9999 -9999 -9999 -9999 -9999 -9999 -9999 -9999 -9999 -9999 -9999 -9999 -9999 -9999 -9999 -9999 -9999 -9999 -9999 -9999 -9999 -9999 -9999 -9999 -9999 -9999 -9999 -9999 -9999 -9999
241.93 279.14 311.16 297.10 289.61 275.51 289.03 298.21 356.00 341.80 241.57 226.87 218.67 181.97 200.57 166.58 139.49 114.54 102.92 99.16 100.24 104.16 110.56 88.49 71.63 55.78 47.04 48.14 32.90 36.04 28.68 32.67 34.54 29.70 23.95 19.83 -9999 -9999 -9999 -9999 -9999 -9999 -9999 -9999 -9999 -9999 -9999 -9999 -9999 -9999 -9999 -9999 -9999 -9999 -9999 -9999 -9999 -9999 -9999 -9999 -9999 -9999 -9999 -9999 -9999 -9999 -9999 -9999 -9999 -9999 -9999 -9999 -9999 -9999 -9999 -9999 -9999
195.76 260.71 358.08 260.22 264.66 284.45 332.53 288.72 235.91 237.18 272.11 198.23 194.00 174.66 183.05 141.92 116.30 89.59 80.35 107.55 138.48 150.42 113.38 92.77 74.11 61.00 50.41 60.75 36.39 32.36 25.13 22.22 27.17 24.52 21.15 -9999 -9999 -9999 -9999 -9999 -9999 -9999 -9999 -9999 -9999 -9999 -9999 -9999 -9999 -9999 -9999 -9999 -9999 -9999 -9999 -9999 -9999 -9999 -9999 -9999 -9999 -9999 -9999 -9999 -9999 -9999 -9999 -9999 -9999 -9999 -9999 -9999 -9999 -9999 -9999 -9999 -9999
179.14 199.56 202.70 244.36 291.78 257.00 296.06 274.05 244.87 245.11 186.53 219.87 197.18 176.68 130.90 102.51 91.34 92.92 78.65 87.68 81.73 71.16 80.32 73.83 68.55 54.93 47.88 43.70 34.60 31.00 24.00 -9999 -9999 -9999 -9999 -9999 -9999 -9999 -9999 -9999 -9999 -9999 -9999 -9999 -9999 -9999 -9999 -9999 -9999 -9999 -9999 -9999 -9999 -9999 -9999 -9999 -9999 -9999 -9999 -9999 -9999 -9999 -9999 -9999 -9999 -9999 -9999 -9999 -9999 -9999 -9999 -9999 -9999 -9999 -9999 -9999 -9999
192.96 195.00 195.99 262.10 257.35 280.84 281.76 196.84 213.75 205.66 159.49 151.77 171.24 134.76 129.60 111.12 111.58 117.11 82.18 82.35 72.32 64.70 67.84 62.77 66.37 55.67 49.53 48.59 38.28 -9999 -9999 -9999 -9999 -9999 -9999 -9999 -9999 -9999 -9999 -9999 -9999 -9999 -9999 -9999 -9999 -9999 -9999 -9999 -9999 -9999 -9999 -9999 -9999 -9999 -9999 -9999 -9999 -9999 -9999 -9999 -9999 -9999 -9999 -9999 -9999 -9999 -9999 -9999 -9999 -9999 -9999 -9999 -9999 -9999 -9999 -9999 -9999
184.59 182.13 232.95 241.20 262.29 282.03 260.92 198.72 189.29 166.69 128.19 118.23 116.88 107.48 121.82 112.94 134.83 131.00 118.74 108.35 84.13 55.16 57.97 53.92 61.15 52.27 50.87 49.41 37.80 -9999 -9999 -9999 -9999 -9999 -9999 -9999 -9999 -9999 -9999 -9999 -9999 -9999 -9999 -9999 -9999 -9999 -9999 -9999 -9999 -9999 -9999 -9999 -9999 -9999 -9999 -9999 -9999 -9999 -9999 -9999 -9999 -9999 -9999 -9999 -9999 -9999 -9999 -9999 -9999 -9999 -9999 -9999 -9999 -9999 -9999 -9999 -9999
-9999 186.25 225.64 244.29 254.35 251.79 236.25 182.52 133.31 129.50 121.03 121.18 120.57 111.40 162.41 163.48 163.34 161.57 127.57 100.09 78.46 47.84 45.61 48.22 49.69 44.93 40.78 -9999 -9999 -9999 -9999 -9999 25.41 24.31 24.55 24.99 -9999 -9999 -9999 -9999 -9999 -9999 -9999 -9999 -9999 -9999 -9999 -9999 -9999 -9999 -9999 -9999 -9999 -9999 -9999 -9999 -9999 -9999 -9999 -9999 -9999 -9999 -9999 -9999 -9999 -9999 -9999 -9999 -9999 -9999 -9999 -9999 -9999 -9999 -9999 -9999 -9999
-9999 172.12 202.57 209.43 199.87 241.57 188.94 168.76 138.96 143.96 134.90 117.79 119.34 126.45 137.60 113.55 120.67 117.11 106.96 90.97 78.73 62.50 52.78 58.75 58.61 50.46 39.90 38.88 35.33 -9999 -9999 26.34 25.30 27.58 27.11 28.90 31.49 23.27 -9999 -9999 -9999 -9999 -9999 -9999 -9999 -9999 -9999 -9999 -9999 -9999 -9999 -9999 -9999 -9999 -9999 -9999 -9999 -9999 -9999 -9999 -9999 -9999 -9999 -9999 -9999 -9999 -9999 -9999 -9999 -9999 -9999 -9999 -9999 -9999 -9999 -9999 -9999
155.24 154.50 133.37 165.44 175.92 185.73 171.70 161.57 166.01 155.96 150.67 111.21 97.13 102.69 106.17 104.31 111.30 109.78 104.70 85.09 79.21 82.93 74.67 74.64 60.01 46.58 41.87 36.14 38.64 38.45 36.07 31.90 34.74 34.56 38.57 34.35 38.92 36.31 21.54 -9999 -9999 -9999 -9999 -9999 -9999 -9999 -9999 -9999 -9999 -9999 -9999 -9999 -9999 -9999 -9999 -9999 -9999 -9999 -9999 -9999 -9999 -9999 -9999 -9999 -9999 -9999 -9999 -9999 -9999 -9999 -9999 -9999 -9999 -9999 -9999 -9999 -9999
173.45 143.54 149.30 150.84 142.08 158.58 -9999 176.48 205.57 191.07 145.48 114.02 90.19 86.46 84.10 91.70 93.45 85.58 93.89 93.38 88.49 78.32 84.34 68.09 66.67 54.10 52.26 44.39 39.15 38.57 39.74 36.32 37.34 33.09 44.26 44.18 41.75 37.21 29.93 23.90 23.75 16.30 -9999 -9999 -9999 -9999 -9999 -9999 -9999 -9999 -9999 -9999 -9999 -9999 -9999 -9999 -9999 -9999 -9999 -9999 -9999 -9999 -9999 -9999 -9999 -9999 -9999 -9999 -9999 -9999 -9999 -9999 -9999 -9999 -9999 -9999 -9999
212.81 170.85 -9999 127.80 118.59 144.36 -9999 150.68 234.79 198.54 154.64 120.69 101.98 95.69 88.87 76.83 79.64 75.89 86.38 91.98 94.38 93.38 72.20 82.31 71.35 65.90 75.05 62.71 54.51 46.73 49.47 54.92 45.55 51.84 60.45 51.02 50.03 35.95 32.68 29.22 20.43 24.21 -9999 -9999 -9999 -9999 -9999 -9999 -9999 -9999 -9999 -9999 -9999 -9999 -9999 -9999 -9999 -9999 -9999 -9999 -9999 -9999 -9999 -9999 -9999 -9999 -9999 -9999 -9999 -9999 -9999 -9999 -9999 -9999 -9999 -9999 -9999
195.38 165.66 -9999 -9999 122.24 121.62 130.87 161.31 172.07 169.92 147.61 143.69 128.07 120.62 100.10 104.69 92.25 86.32 95.18 89.08 92.28 96.24 97.03 81.45 78.43 94.08 78.01 64.93 65.64 58.12 61.29 66.44 65.40 59.08 59.65 53.83 47.90 41.42 27.32 23.33 15.41 21.00 22.23 -9999 -9999 -9999 -9999 -9999 -9999 -9999 -9999 -9999 -9999 -9999 -9999 -9999 -9999 -9999 -9999 -9999 -9999 -9999 -9999 -9999 -9999 -9999 -9999 -9999 -9999 -9999 -9999 -9999 -9999 -9999 -9999 -9999 -9999
-9999 -9999 -9999 -9999 -9999 116.70 109.07 141.63 149.51 142.75 130.81 138.98 136.84 134.33 129.08 122.43 109.39 94.91 84.28 80.15 78.03 86.87 89.06 82.71 84.04 83.84 80.11 77.01 64.73 77.54 73.84 65.51 63.19 49.15 40.57 44.20 42.77 39.08 27.71 19.85 20.83 29.77 20.76 -9999 -9999 -9999 -9999 -9999 -9999 -9999 -9999 -9999 -9999 -9999 -9999 -9999 -9999 -9999 -9999 -9999 -9999 -9999 -9999 -9999 -9999 -9999 -9999 -9999 -9999 -9999 -9999 -9999 -9999 -9999 -9999 -9999 -9999
166.21 170.43 170.22 -9999 -9999 -9999 108.51 124.38 124.42 117.08 116.40 113.58 136.44 137.40 146.21 142.45 119.17 104.51 85.78 69.47 76.04 75.71 64.35 75.21 65.93 71.93 87.85 72.40 84.06 93.18 85.81 71.83 66.08 53.72 36.06 33.81 35.27 36.26 27.45 22.88 21.33 28.05 22.56 23.57 -9999 -9999 -9999 -9999 -9999 -9999 -9999 -9999 -9999 -9999 -9999 -9999 -9999 -9999 -9999 -9999 -9999 -9999 -9999 -9999 -9999 -9999 -9999 -9999 -9999 -9999 -9999 -9999 -9999 -9999 -9999 -9999 -9999
152.17 164.02 229.46 214.07 -9999 -9999 -9999 100.01 97.91 98.89 107.07 115.99 119.08 130.75 134.27 148.04 121.96 100.39 78.02 84.44 72.01 68.73 67.56 79.47 75.20 81.19 67.47 76.70 72.42 73.95 81.74 73.82 60.84 49.79 35.42 26.04 26.67 30.55 23.61 19.54 17.46 25.40 31.38 25.92 19.83 -9999 -9999 -9999 -9999 -9999 -9999 -9999 -9999 -9999 -9999 -9999 -9999 -9999 -9999 -9999 -9999 -9999 -9999 -9999 -9999 -9999 -9999 -9999 -9999 -9999 -9999 -9999 -9999 -9999 -9999 -9999 -9999
109.46 139.60 233.77 205.95 -9999 -9999 -9999 -9999 -9999 87.58 89.35 74.86 107.67 118.03 126.55 143.76 150.81 131.12 103.98 87.69 72.30 71.32 68.51 68.79 64.50 79.46 69.06 68.42 73.94 71.61 56.72 55.14 44.23 48.35 38.77 32.11 31.59 27.35 21.76 19.54 20.58 23.95 31.02 25.39 19.17 15.36 -9999 -9999 -9999 -9999 -9999 -9999 -9999 -9999 -9999 -9999 -9999 -9999 -9999 -9999 -9999 -9999 -9999 -9999 -9999 -9999 -9999 -9999 -9999 -9999 -9999 -9999 -9999 -9999 -9999 -9999 -9999
110.90 119.00 204.49 184.80 -9999 -9999 -9999 -9999 -9999 78.67 88.79 100.37 99.14 139.14 178.00 168.58 161.57 136.60 119.04 96.74 95.07 83.23 78.92 84.40 94.57 79.77 108.89 80.39 102.19 76.94 80.71 74.32 51.04 53.35 37.81 29.84 28.28 30.12 27.29 29.95 24.60 27.46 30.66 29.93 18.17 18.58 18.02 16.27 -9999 -9999 -9999 -9999 -9999 -9999 -9999 -9999 -9999 -9999 -9999 -9999 -9999 -9999 -9999 -9999 -9999 -9999 -9999 -9999 -9999 -9999 -9999 -9999 -9999 -9999 -9999 -9999 -9999
-9999 132.34 160.59 148.67 -9999 -9999 -9999 -9999 -9999 76.15 82.06 90.25 90.65 113.98 133.25 140.58 141.90 126.76 130.43 108.73 94.14 99.29 103.55 121.66 117.89 102.53 125.24 111.71 86.77 79.15 62.15 59.44 55.57 49.29 37.70 34.51 30.34 27.25 27.29 30.83 40.23 42.80 36.75 27.78 18.36 20.29 18.87 14.64 -9999 -9999 -9999 -9999 -9999 -9999 -9999 -9999 -9999 -9999 -9999 -9999 -9999 -9999 -9999 -9999 -9999 -9999 -9999 -9999 -9999 -9999 -9999 -9999 -9999 -9999 -9999 -9999 -9999
-9999 112.99 129.61 125.66 -9999 -9999 -9999 -9999 -9999 71.23 76.53 83.63 88.36 102.27 115.14 132.58 149.47 149.85 125.81 122.32 101.76 103.55 96.41 109.96 117.52 134.10 124.25 107.23 103.45 95.87 78.91 74.87 53.60 49.40 43.57 30.55 28.28 33.46 37.30 35.97 48.96 52.57 42.46 29.12 23.88 20.21 19.08 15.91 -9999 -9999 -9999 -9999 -9999 -9999 -9999 -9999 -9999 -9999 -9999 -9999 -9999 -9999 -9999 -9999 -9999 -9999 -9999 -9999 -9999 -9999 -9999 -9999 -9999 -9999 -9999 -9999 -9999
-9999 -9999 -9999 -9999 -9999 -9999 -9999 -9999 87.44 86.12 89.42 94.39 90.68 104.23 109.50 120.56 122.34 140.85 134.48 133.75 150.14 134.10 128.64 133.39 140.33 147.04 143.82 141.02 115.12 100.11 83.97 65.06 56.02 42.65 36.21 39.14 31.81 37.22 42.85 52.18 49.18 54.57 51.19 30.40 26.58 21.56 19.83 17.60 -9999 -9999 -9999 -9999 -9999 -9999 -9999 -9999 -9999 -9999 -9999 -9999 -9999 -9999 -9999 -9999 -9999 -9999 -9999 -9999 -9999 -9999 -9999 -9999 -9999 -9999 -9999 -9999 -9999
-9999 -9999 -9999 -9999 -9999 -9999 -9999 -9999 107.05 87.53 100.16 118.52 123.49 128.33 138.80 137.08 123.68 111.01 121.87 147.84 152.91 155.00 131.59 122.89 103.91 143.56 126.58 133.55 108.49 98.75 82.92 63.65 49.32 51.31 53.60 37.35 33.52 35.63 49.16 49.09 48.09 52.75 43.17 29.51 25.44 24.41 23.39 17.03 -9999 -9999 -9999 -9999 -9999 -9999 -9999 -9999 -9999 -9999 -9999 -9999 -9999 -9999 -9999 -9999 -9999 -9999 -9999 -9999 -9999 -9999 -9999 -9999 -9999 -9999 -9999 -9999 -9999
-9999 -9999 -9999 -9999 -9999 -9999 -9999 95.71 107.91 99.01 113.78 116.88 119.41 150.12 177.38 173.15 145.99 138.54 105.45 106.40 137.43 143.42 125.89 122.49 92.69 118.89 143.40 133.90 130.07 111.88 100.55 77.48 66.90 63.52 54.50 40.14 51.71 58.42 60.17 54.52 45.62 35.43 35.45 30.13 31.60 27.94 21.30 16.76 -9999 -9999 -9999 -9999 -9999 -9999 -9999 -9999 -9999 -9999 -9999 -9999 -9999 -9999 -9999 -9999 -9999 -9999 -9999 -9999 -9999 -9999 -9999 -9999 -9999 -9999 -9999 -9999 -9999
-9999 -9999 -9999 -9999 -9999 -9999 -9999 99.67 101.57 123.96 133.33 158.07 136.60 162.18 168.80 214.77 172.13 137.65 114.79 116.65 106.63 143.27 141.81 113.44 97.48 117.29 140.21 144.43 133.83 126.00 100.02 101.09 97.12 83.51 83.00 78.01 79.77 65.78 57.96 58.98 48.33 43.36 37.21 30.87 30.50 23.10 19.88 16.76 19.70 -9999 -9999 -9999 -9999 -9999 -9999 -9999 -9999 -9999 -9999 -9999 -9999 -9999 -9999 -9999 -9999 -9999 -9999 -9999 -9999 -9999 -9999 -9999 -9999 -9999 -9999 -9999 -9999
-9999 -9999 -9999 -9999 -9999 -9999 84.45 113.46 130.08 148.01 189.19 159.77 160.08 151.66 173.76 172.62 155.69 132.69 116.74 97.86 73.91 82.61 113.68 133.49 98.15 97.10 126.57 131.97 136.28 140.23 122.40 95.70 101.62 91.90 85.66 108.46 90.90 78.99 71.40 51.03 51.88 44.20 41.35 41.03 33.39 24.86 18.92 16.60 15.73 -9999 -9999 -9999 -9999 -9999 -9999 -9999 -9999 -9999 -9999 -9999 -9999 -9999 -9999 -9999 -9999 -9999 -9999 -9999 -9999 -9999 -9999 -9999 -9999 -9999 -9999 -9999 -9999
-9999 -9999 -9999 -9999 -9999 -9999 109.43 126.91 154.61 198.97 203.10 183.45 171.44 195.91 150.96 136.08 122.44 130.52 115.53 91.45 80.65 87.37 103.33 152.02 85.71 78.04 90.52 109.37 173.45 195.93 105.39 105.16 98.78 85.57 107.83 96.73 90.13 75.82 57.44 53.77 48.06 39.18 38.21 40.85 36.06 26.31 16.78 16.80 16.78 -9999 -9999 -9999 -9999 -9999 -9999 -9999 -9999 -9999 -9999 -9999 -9999 -9999 -9999 -9999 -9999 -9999 -9999 -9999 -9999 -9999 -9999 -9999 -9999 -9999 -9999 -9999 -9999
-9999 -9999 -9999 -9999 -9999 115.85 118.82 135.06 176.42 200.68 208.50 236.07 211.02 225.64 166.92 116.91 114.79 117.10 113.81 94.03 77.81 85.74 86.91 81.90 64.86 59.60 81.76 103.51 157.72 129.34 92.88 106.75 93.18 87.10 102.90 84.67 87.63 63.60 62.96 56.42 51.44 42.16 37.08 31.54 30.09 22.64 15.96 14.25 19.12 -9999 -9999 -9999 -9999 -9999 -9999 -9999 -9999 -9999 -9999 -9999 -9999 -9999 -9999 -9999 -9999 -9999 -9999 -9999 -9999 -9999 -9999 -9999 -9999 -9999 -9999 -9999 -9999
-9999 -9999 -9999 -9999 112.12 122.55 132.51 133.53 156.07 160.23 181.76 213.66 223.00 246.56 166.65 127.93 121.11 121.78 109.12 99.05 90.26 80.94 76.84 80.56 72.06 63.74 80.45 93.97 100.84 93.07 87.09 91.50 81.63 90.79 109.14 97.11 102.14 79.59 71.19 57.08 44.39 40.94 35.45 30.79 27.95 22.87 17.42 14.96 19.48 17.33 -9999 -9999 -9999 -9999 -9999 -9999 -9999 -9999 -9999 -9999 -9999 -9999 -9999 -9999 -9999 -9999 -9999 -9999 -9999 -9999 -9999 -9999 -9999 -9999 -9999 -9999 -9999
-9999 -9999 -9999 -9999 132.67 148.88 136.47 136.62 149.54 157.31 167.08 248.34 255.51 217.06 194.74 143.40 129.23 123.98 107.59 121.38 88.41 77.40 73.64 69.87 72.59 62.83 77.20 77.40 80.14 74.76 72.02 72.86 77.40 86.03 102.22 97.38 108.31 100.24 66.05 51.43 46.35 38.77 30.22 30.50 27.60 20.71 15.86 14.17 18.31 16.16 -9999 -9999 -9999 -9999 -9999 -9999 -9999 -9999 -9999 -9999 -9999 -9999 -9999 -9999 -9999 -9999 -9999 -9999 -9999 -9999 -9999 -9999 -9999 -9999 -9999 -9999 -9999
-9999 -9999 91.77 104.78 126.39 129.52 131.06 138.21 147.12 151.77 163.26 202.98 193.46 225.19 190.55 159.42 118.56 111.13 110.00 100.56 89.45 80.29 74.42 75.09 64.81 53.55 59.67 66.38 70.22 65.23 61.30 63.53 60.66 70.06 96.26 92.99 87.49 78.64 65.84 49.39 43.63 33.84 28.87 21.74 22.99 15.86 12.76 15.54 16.69 17.44 -9999 -9999 -9999 -9999 -9999 -9999 -9999 -9999 -9999 -9999 -9999 -9999 -9999 -9999 -9999 -9999 -9999 -9999 -9999 -9999 -9999 -9999 -9999 -9999 -9999 -9999 -9999
