Rainfall_2007-2011/Rainfall_2010-06_ACTUAL.txt
ncols         180
nrows         290
xllcorner     -200000
yllcorner     -200000
cellsize      5000
NODATA_value  -9999
[rows 136 to 169 of 290, columns 77 to 153 of 180]
-9999 -9999 43.28 44.07 43.94 52.94 49.64 49.07 47.20 48.60 50.16 55.96 57.87 69.29 55.71 45.39 36.38 33.29 40.46 39.09 38.78 39.77 32.83 33.95 28.45 23.31 24.13 28.76 26.35 16.09 14.94 20.61 23.69 29.43 26.94 25.17 26.70 26.47 26.83 32.55 26.88 30.01 35.36 33.37 33.81 33.99 42.41 47.70 46.44 54.38 39.90 -9999 -9999 -9999 -9999 -9999 -9999 -9999 -9999 -9999 -9999 -9999 -9999 -9999 -9999 -9999 -9999 -9999 -9999 -9999 -9999 -9999 -9999 -9999 -9999 -9999 -9999
-9999 -9999 43.64 43.97 39.22 45.92 45.82 50.38 52.42 52.33 52.92 51.48 60.70 65.62 57.55 51.64 47.53 55.94 53.30 36.17 40.25 49.58 37.29 -9999 -9999 -9999 30.96 33.09 -9999 22.65 18.46 21.43 22.77 29.83 33.00 41.92 26.54 28.78 37.76 37.75 37.96 37.10 32.28 37.71 45.40 40.84 44.81 39.85 42.92 49.03 48.93 -9999 -9999 -9999 -9999 -9999 -9999 -9999 -9999 -9999 -9999 -9999 -9999 -9999 -9999 -9999 -9999 -9999 -9999 -9999 -9999 -9999 -9999 -9999 -9999 -9999 -9999
-9999 -9999 40.78 47.29 41.95 44.34 46.85 49.84 54.08 54.83 71.18 79.25 62.74 70.08 55.34 53.77 50.26 55.53 58.15 34.43 38.73 40.15 38.85 -9999 -9999 -9999 42.11 34.78 32.04 27.04 22.55 24.65 28.25 31.93 40.80 50.62 39.15 44.30 44.62 44.63 48.88 46.56 43.98 43.65 53.81 49.91 47.38 55.64 52.09 53.11 45.99 -9999 -9999 -9999 -9999 -9999 -9999 -9999 -9999 -9999 -9999 -9999 -9999 -9999 -9999 -9999 -9999 -9999 -9999 -9999 -9999 -9999 -9999 -9999 -9999 -9999 -9999
-9999 -9999 -9999 42.60 44.94 42.18 -9999 49.15 53.31 57.21 71.15 67.94 -9999 51.60 47.42 53.48 44.55 43.49 50.01 42.25 36.33 -9999 -9999 -9999 -9999 42.71 33.44 35.99 31.42 33.33 33.93 30.93 30.48 36.76 40.42 56.97 46.40 49.36 64.03 60.31 60.95 56.49 62.47 45.17 48.80 54.88 48.49 53.35 49.35 55.53 59.19 50.53 -9999 -9999 -9999 -9999 -9999 -9999 -9999 -9999 -9999 -9999 -9999 -9999 -9999 -9999 -9999 -9999 -9999 -9999 -9999 -9999 -9999 -9999 -9999 -9999 -9999
-9999 -9999 -9999 -9999 35.60 -9999 -9999 -9999 44.00 43.48 44.37 33.38 37.41 -9999 -9999 48.84 39.62 36.94 47.76 -9999 -9999 -9999 -9999 -9999 33.66 38.50 40.67 40.20 42.79 36.49 35.65 32.98 34.01 37.75 42.38 47.95 48.19 41.73 67.13 76.00 86.08 72.19 74.37 62.29 56.93 51.76 57.92 57.59 47.86 56.28 61.64 59.12 -9999 -9999 -9999 -9999 -9999 -9999 -9999 -9999 -9999 -9999 -9999 -9999 -9999 -9999 -9999 -9999 -9999 -9999 -9999 -9999 -9999 -9999 -9999 -9999 -9999
-9999 -9999 -9999 -9999 30.56 29.32 -9999 -9999 -9999 38.68 42.28 37.89 37.00 -9999 -9999 -9999 -9999 35.55 -9999 -9999 -9999 -9999 -9999 -9999 33.21 40.16 38.03 34.85 51.81 48.45 37.68 30.96 32.72 44.06 40.28 42.93 43.60 40.49 66.70 67.05 78.07 72.56 69.63 73.70 57.50 44.24 55.15 55.55 44.71 51.07 59.31 46.56 -9999 -9999 -9999 -9999 -9999 -9999 -9999 -9999 -9999 -9999 -9999 -9999 -9999 -9999 -9999 -9999 -9999 -9999 -9999 -9999 -9999 -9999 -9999 -9999 -9999
-9999 -9999 -9999 -9999 -9999 33.43 -9999 -9999 -9999 -9999 39.04 39.31 36.91 -9999 -9999 -9999 -9999 -9999 -9999 -9999 -9999 -9999 -9999 35.46 33.04 43.42 48.64 48.66 51.81 52.44 45.02 55.10 45.10 50.63 58.61 51.94 59.91 50.33 44.30 55.77 47.41 54.02 61.32 55.50 47.53 55.22 59.39 52.94 52.09 51.93 65.54 62.42 46.70 -9999 -9999 -9999 -9999 -9999 -9999 -9999 -9999 -9999 -9999 -9999 -9999 -9999 -9999 -9999 -9999 -9999 -9999 -9999 -9999 -9999 -9999 -9999 -9999
-9999 -9999 -9999 -9999 -9999 38.34 -9999 -9999 -9999 -9999 -9999 -9999 -9999 -9999 -9999 -9999 -9999 -9999 -9999 -9999 -9999 -9999 -9999 36.84 36.73 40.77 49.26 57.41 59.97 62.18 38.23 52.44 49.71 66.77 39.52 34.05 52.75 59.23 56.55 48.75 57.44 75.07 67.75 61.24 59.49 48.38 54.42 54.49 59.50 56.54 57.93 57.60 46.61 41.16 -9999 -9999 -9999 -9999 -9999 -9999 -9999 -9999 -9999 -9999 -9999 -9999 -9999 -9999 -9999 -9999 -9999 -9999 -9999 -9999 -9999 -9999 -9999
-9999 -9999 -9999 -9999 -9999 -9999 -9999 -9999 -9999 -9999 -9999 -9999 -9999 -9999 -9999 -9999 -9999 -9999 -9999 -9999 -9999 -9999 37.27 37.20 41.27 44.29 56.50 45.70 67.00 59.43 40.31 45.55 46.82 45.29 35.97 32.39 45.38 71.62 60.36 39.18 49.37 52.54 62.68 64.35 71.80 60.07 59.62 55.67 52.69 53.56 53.89 53.19 47.60 43.76 -9999 -9999 -9999 -9999 -9999 -9999 -9999 -9999 -9999 -9999 -9999 -9999 -9999 -9999 -9999 -9999 -9999 -9999 -9999 -9999 -9999 -9999 -9999
-9999 -9999 -9999 -9999 -9999 -9999 -9999 -9999 -9999 -9999 -9999 -9999 -9999 -9999 -9999 -9999 -9999 -9999 -9999 -9999 -9999 -9999 50.05 43.73 50.91 61.87 75.23 50.64 42.34 49.26 47.59 45.06 40.97 44.16 35.53 34.04 40.49 49.84 74.83 69.17 64.17 52.24 53.46 58.59 61.77 63.26 60.68 57.61 53.45 58.39 52.32 51.47 49.33 50.16 47.57 47.39 42.27 -9999 -9999 -9999 -9999 -9999 -9999 -9999 -9999 -9999 -9999 -9999 -9999 -9999 -9999 -9999 -9999 -9999 -9999 -9999 -9999
-9999 -9999 -9999 -9999 -9999 -9999 -9999 -9999 -9999 -9999 -9999 -9999 -9999 -9999 -9999 -9999 -9999 -9999 -9999 -9999 -9999 -9999 60.08 73.91 50.40 43.43 59.08 55.55 50.05 51.20 40.87 37.45 42.51 31.70 34.89 38.22 31.54 32.91 52.94 49.26 61.53 53.01 53.17 49.95 67.52 57.88 50.04 48.11 52.89 52.41 52.13 51.26 56.53 62.87 68.65 60.03 54.83 40.74 34.46 -9999 -9999 -9999 -9999 -9999 -9999 -9999 -9999 -9999 -9999 -9999 -9999 -9999 -9999 -9999 -9999 -9999 -9999
-9999 -9999 -9999 -9999 -9999 -9999 -9999 -9999 -9999 -9999 -9999 -9999 -9999 -9999 -9999 -9999 -9999 -9999 -9999 -9999 -9999 -9999 43.66 72.70 65.25 72.79 73.65 56.35 49.68 47.20 49.47 46.30 42.60 42.31 33.99 35.16 31.01 33.72 39.56 52.56 72.21 79.50 59.80 63.42 69.86 58.70 52.93 51.95 49.88 50.42 50.01 48.63 56.08 60.61 68.15 80.43 65.53 53.75 47.13 42.36 32.88 -9999 -9999 -9999 -9999 -9999 -9999 -9999 -9999 -9999 -9999 -9999 -9999 -9999 -9999 -9999 -9999
-9999 -9999 -9999 -9999 -9999 -9999 -9999 -9999 -9999 -9999 -9999 -9999 -9999 -9999 -9999 -9999 -9999 -9999 -9999 -9999 -9999 -9999 48.88 65.74 89.59 79.75 72.53 71.91 82.56 63.38 65.45 50.47 52.72 46.70 34.05 32.10 32.15 37.46 26.67 64.83 57.03 52.57 59.15 67.44 71.96 63.14 62.18 49.32 44.78 41.81 47.11 52.10 52.31 50.14 69.63 74.31 45.14 44.49 44.60 43.84 31.69 37.41 -9999 -9999 -9999 -9999 -9999 -9999 -9999 -9999 -9999 -9999 -9999 -9999 -9999 -9999 -9999
-9999 -9999 -9999 -9999 -9999 -9999 -9999 -9999 -9999 -9999 21.79 20.87 20.40 -9999 -9999 -9999 -9999 -9999 -9999 -9999 -9999 -9999 -9999 57.18 58.83 64.82 54.27 56.23 51.99 53.51 44.72 65.94 51.21 41.24 35.96 30.26 38.43 34.94 34.77 46.79 33.54 46.83 54.45 46.09 56.32 62.92 54.17 47.61 39.41 34.90 48.10 49.40 61.26 62.30 37.35 55.08 54.26 53.11 52.77 42.06 45.03 40.00 33.07 -9999 -9999 -9999 -9999 -9999 -9999 -9999 -9999 -9999 -9999 -9999 -9999 -9999 -9999
-9999 -9999 -9999 -9999 -9999 -9999 -9999 -9999 -9999 -9999 20.31 24.00 -9999 -9999 -9999 -9999 -9999 -9999 -9999 -9999 -9999 -9999 -9999 -9999 56.14 47.61 49.32 52.23 68.10 52.31 56.66 60.85 42.24 39.71 26.34 31.54 43.46 23.90 21.07 43.36 41.21 31.49 40.53 67.82 50.52 60.85 53.90 49.98 44.90 47.44 51.43 49.01 55.41 56.24 45.27 41.44 49.86 46.86 46.51 40.28 48.68 45.63 48.19 -9999 -9999 -9999 -9999 -9999 -9999 -9999 -9999 -9999 -9999 -9999 -9999 -9999 -9999
-9999 -9999 -9999 -9999 -9999 -9999 -9999 -9999 -9999 20.74 28.31 29.65 26.92 -9999 -9999 -9999 -9999 -9999 -9999 -9999 -9999 -9999 -9999 -9999 39.31 47.74 53.93 53.24 65.16 54.43 44.39 43.70 38.92 37.05 34.32 26.27 24.46 37.60 33.57 40.00 52.38 47.79 55.32 54.04 61.61 52.34 57.47 57.24 53.74 58.13 61.00 55.36 52.66 35.42 37.28 48.74 50.00 52.04 43.68 37.18 51.23 47.08 56.92 50.17 -9999 -9999 -9999 -9999 -9999 -9999 -9999 -9999 -9999 -9999 -9999 -9999 -9999
-9999 -9999 -9999 -9999 -9999 -9999 -9999 -9999 25.11 32.20 30.73 34.41 23.63 -9999 -9999 -9999 -9999 -9999 -9999 -9999 -9999 -9999 -9999 -9999 45.29 64.47 84.55 48.56 50.33 49.96 45.75 38.82 31.29 34.60 35.53 26.10 27.66 33.02 36.69 53.46 56.23 44.40 46.77 46.17 60.24 50.00 65.21 58.91 48.53 49.19 54.22 50.42 46.72 31.86 33.35 41.58 46.13 49.72 53.89 52.11 57.32 52.97 52.09 49.72 -9999 -9999 -9999 -9999 -9999 -9999 -9999 -9999 -9999 -9999 -9999 -9999 -9999
-9999 -9999 -9999 -9999 -9999 -9999 -9999 22.40 26.66 38.54 32.57 28.77 -9999 -9999 -9999 -9999 -9999 -9999 -9999 -9999 -9999 -9999 -9999 -9999 -9999 62.45 70.92 46.18 60.46 44.22 41.16 33.56 27.80 29.88 32.89 29.78 31.89 38.28 35.22 38.76 57.80 60.55 57.14 61.61 60.57 95.22 74.68 47.61 44.33 45.32 46.36 47.81 41.42 45.77 44.81 41.29 37.69 53.65 44.71 46.74 49.96 59.68 53.55 51.28 44.40 36.62 -9999 -9999 -9999 -9999 -9999 -9999 -9999 -9999 -9999 -9999 -9999
-9999 -9999 -9999 -9999 -9999 -9999 -9999 28.80 38.65 29.99 30.15 28.43 -9999 -9999 -9999 -9999 -9999 -9999 -9999 -9999 -9999 -9999 -9999 -9999 -9999 -9999 49.02 41.50 44.17 43.58 35.47 32.28 27.66 29.90 34.03 32.49 40.87 34.76 51.75 54.62 50.00 42.63 54.89 62.01 43.49 73.42 56.71 43.34 42.69 44.98 44.04 46.17 42.20 36.88 41.65 40.95 38.78 43.13 48.55 48.42 52.91 61.93 62.11 74.68 51.89 41.36 -9999 -9999 -9999 -9999 -9999 -9999 -9999 -9999 -9999 -9999 -9999
-9999 -9999 -9999 -9999 -9999 -9999 -9999 27.56 28.44 25.12 27.06 -9999 -9999 -9999 -9999 -9999 -9999 -9999 -9999 -9999 -9999 -9999 -9999 -9999 -9999 -9999 44.08 44.70 42.67 -9999 34.22 -9999 25.19 24.44 26.71 26.59 27.79 30.23 34.86 41.70 43.42 35.94 39.11 58.00 52.95 53.29 46.77 41.73 46.73 57.39 46.89 44.82 41.35 39.08 41.96 45.28 40.44 49.62 49.97 50.77 66.70 67.74 61.88 62.48 58.98 45.35 37.41 30.34 -9999 -9999 -9999 -9999 -9999 -9999 -9999 -9999 -9999
-9999 -9999 -9999 -9999 -9999 -9999 22.70 24.96 24.80 -9999 -9999 -9999 -9999 -9999 -9999 -9999 -9999 -9999 -9999 -9999 -9999 -9999 -9999 -9999 -9999 -9999 44.64 41.05 37.17 -9999 -9999 -9999 27.50 26.96 25.27 26.44 25.80 33.15 29.42 30.74 36.78 39.31 37.65 48.86 52.67 49.11 50.91 44.82 47.57 52.52 50.79 40.90 34.35 37.84 39.00 39.37 42.07 56.20 50.69 51.46 72.99 68.53 67.73 63.35 57.50 42.61 33.27 28.77 -9999 -9999 -9999 -9999 -9999 -9999 -9999 -9999 -9999
-9999 -9999 -9999 -9999 -9999 -9999 -9999 -9999 -9999 -9999 -9999 -9999 -9999 -9999 -9999 -9999 -9999 -9999 -9999 -9999 -9999 -9999 -9999 -9999 -9999 -9999 -9999 -9999 -9999 -9999 -9999 31.06 32.05 30.72 32.35 29.50 20.17 24.40 25.97 30.31 38.20 37.83 37.33 36.62 38.66 40.35 39.43 40.17 38.43 40.73 46.25 37.80 33.03 32.30 34.72 32.74 34.84 48.48 56.02 64.35 65.35 70.31 65.28 68.19 55.04 49.58 49.74 -9999 -9999 -9999 -9999 -9999 -9999 -9999 -9999 -9999 -9999
-9999 -9999 -9999 -9999 -9999 -9999 -9999 -9999 -9999 -9999 -9999 -9999 -9999 -9999 -9999 -9999 -9999 -9999 -9999 -9999 -9999 -9999 -9999 -9999 -9999 -9999 -9999 -9999 -9999 -9999 -9999 31.03 35.12 34.86 37.85 34.33 20.94 14.08 21.97 29.12 32.20 32.19 32.53 32.96 41.06 38.37 39.69 41.21 34.02 34.04 39.15 37.05 33.70 32.61 29.23 32.89 36.05 44.35 50.99 64.03 64.99 66.48 61.54 62.79 57.14 47.57 49.50 -9999 -9999 -9999 -9999 -9999 -9999 -9999 -9999 -9999 -9999
-9999 -9999 -9999 -9999 -9999 -9999 -9999 -9999 -9999 -9999 -9999 -9999 -9999 -9999 -9999 -9999 -9999 -9999 -9999 -9999 -9999 -9999 -9999 -9999 -9999 -9999 -9999 -9999 -9999 -9999 -9999 39.80 30.71 29.25 32.53 34.58 28.62 26.56 39.54 34.10 33.00 31.38 27.28 36.25 35.32 48.27 44.09 48.41 30.80 30.50 34.26 35.14 33.31 29.09 22.12 30.31 33.28 39.98 42.68 42.30 39.11 49.80 51.47 58.56 47.91 44.16 43.13 -9999 -9999 -9999 -9999 -9999 -9999 -9999 -9999 -9999 -9999
-9999 -9999 -9999 -9999 -9999 -9999 -9999 -9999 -9999 -9999 -9999 -9999 -9999 -9999 -9999 -9999 -9999 -9999 -9999 -9999 -9999 -9999 -9999 -9999 -9999 -9999 -9999 -9999 -9999 54.77 45.95 44.29 29.64 32.11 35.77 35.53 30.92 36.04 33.45 31.53 36.71 32.27 33.37 39.49 42.30 41.80 36.41 33.04 35.26 33.63 37.74 39.61 38.63 31.72 27.66 29.80 32.02 35.06 35.04 34.50 37.23 39.47 35.37 43.45 43.26 44.01 42.46 40.13 -9999 -9999 -9999 -9999 -9999 -9999 -9999 -9999 -9999
-9999 -9999 -9999 -9999 -9999 -9999 -9999 -9999 -9999 -9999 -9999 -9999 -9999 -9999 -9999 -9999 -9999 -9999 -9999 -9999 -9999 -9999 -9999 -9999 -9999 -9999 -9999 -9999 -9999 39.90 32.33 33.81 26.26 27.17 28.10 24.48 29.14 27.38 29.62 33.68 30.38 31.85 31.07 36.76 36.11 42.85 36.72 39.49 43.86 43.93 38.89 47.44 45.48 31.05 28.70 29.73 31.77 31.93 26.96 22.53 30.43 39.20 37.74 44.41 45.26 43.20 38.83 35.82 -9999 -9999 -9999 -9999 -9999 -9999 -9999 -9999 -9999
-9999 -9999 -9999 -9999 -9999 -9999 -9999 -9999 -9999 -9999 -9999 -9999 -9999 -9999 -9999 -9999 -9999 -9999 -9999 -9999 -9999 -9999 -9999 -9999 -9999 -9999 -9999 -9999 -9999 30.42 30.53 29.15 24.64 25.04 22.03 21.84 29.70 27.45 25.59 28.31 26.58 33.80 35.20 24.75 33.85 33.93 39.91 39.05 44.59 39.76 39.60 43.24 38.31 29.65 24.68 27.20 31.51 31.30 26.51 24.01 26.85 30.77 38.14 40.00 34.22 31.37 35.24 36.12 36.09 -9999 -9999 -9999 -9999 -9999 -9999 -9999 -9999
-9999 -9999 -9999 -9999 -9999 -9999 -9999 -9999 -9999 -9999 -9999 -9999 -9999 -9999 -9999 -9999 -9999 -9999 -9999 -9999 -9999 -9999 -9999 -9999 -9999 -9999 -9999 -9999 -9999 18.80 24.45 25.14 24.80 22.43 21.57 24.40 28.99 31.29 24.83 27.04 24.09 28.80 32.75 40.68 39.74 38.14 39.74 38.95 32.53 33.31 37.30 39.55 34.35 28.57 27.72 28.16 32.79 32.16 28.19 24.79 21.81 23.86 27.47 34.95 29.96 30.04 31.06 33.37 34.46 35.49 -9999 -9999 -9999 -9999 -9999 -9999 -9999
-9999 -9999 -9999 -9999 -9999 -9999 -9999 -9999 -9999 -9999 -9999 -9999 -9999 -9999 -9999 -9999 -9999 -9999 -9999 -9999 -9999 -9999 -9999 -9999 -9999 -9999 -9999 -9999 -9999 16.06 20.36 24.11 27.41 26.71 26.12 26.86 27.02 30.13 31.41 31.37 27.82 32.16 33.71 41.38 40.77 38.43 38.58 42.05 36.84 36.14 35.79 34.63 33.55 31.40 31.15 32.78 36.95 34.28 31.71 26.67 25.67 21.69 19.41 31.42 34.78 35.61 32.13 32.62 34.41 36.54 -9999 -9999 -9999 -9999 -9999 -9999 -9999
-9999 -9999 -9999 -9999 -9999 -9999 -9999 -9999 -9999 -9999 -9999 -9999 -9999 -9999 -9999 -9999 -9999 -9999 -9999 -9999 -9999 -9999 -9999 -9999 -9999 -9999 -9999 -9999 -9999 -9999 19.23 20.53 25.12 21.61 29.74 36.50 34.55 38.31 24.94 29.84 29.08 29.54 35.17 47.42 39.86 34.88 41.73 45.52 37.36 36.50 38.14 35.97 31.47 28.40 30.62 36.72 38.57 36.98 34.19 28.69 24.86 26.39 24.10 33.54 38.95 39.96 -9999 33.08 36.08 35.08 35.44 -9999 -9999 -9999 -9999 -9999 -9999
-9999 -9999 -9999 -9999 -9999 -9999 -9999 -9999 -9999 -9999 -9999 -9999 -9999 -9999 -9999 -9999 -9999 -9999 -9999 -9999 -9999 -9999 -9999 -9999 -9999 -9999 -9999 -9999 -9999 21.28 21.06 27.91 26.28 28.00 31.35 36.46 29.52 35.60 35.74 33.80 35.86 38.19 47.36 60.69 54.07 39.85 37.28 43.20 36.21 33.90 38.29 40.37 35.19 33.64 37.07 45.54 43.51 41.02 37.95 32.98 29.34 34.94 32.26 33.03 46.38 42.74 37.50 -9999 36.25 36.49 37.13 32.55 -9999 -9999 -9999 -9999 -9999
-9999 -9999 -9999 -9999 -9999 -9999 -9999 -9999 -9999 -9999 -9999 -9999 -9999 -9999 -9999 -9999 -9999 -9999 -9999 -9999 -9999 -9999 -9999 -9999 -9999 -9999 -9999 -9999 -9999 23.51 24.70 26.10 25.22 28.50 31.14 28.69 27.08 27.83 29.46 30.89 27.44 28.37 37.15 45.29 42.74 41.30 48.19 40.49 41.70 41.31 38.44 39.49 36.61 36.65 48.15 55.19 47.27 43.70 42.54 35.04 33.34 36.35 33.70 39.68 41.89 39.86 37.80 36.14 -9999 -9999 -9999 -9999 -9999 -9999 -9999 -9999 -9999
-9999 -9999 -9999 -9999 -9999 -9999 -9999 -9999 -9999 -9999 -9999 -9999 -9999 -9999 -9999 -9999 -9999 -9999 -9999 -9999 -9999 -9999 -9999 -9999 -9999 -9999 -9999 -9999 25.17 29.36 28.40 28.62 25.89 28.69 28.94 28.03 27.33 28.05 27.93 26.94 29.81 33.09 43.21 53.77 46.95 45.16 50.24 53.57 47.34 36.61 39.18 40.31 37.43 37.92 43.13 48.86 45.70 43.79 43.27 39.14 39.09 32.44 31.34 28.71 37.86 39.82 41.22 41.87 36.29 41.45 -9999 -9999 -9999 -9999 -9999 -9999 -9999
-9999 -9999 -9999 -9999 -9999 -9999 -9999 -9999 -9999 -9999 -9999 -9999 -9999 -9999 -9999 -9999 -9999 -9999 -9999 -9999 -9999 -9999 -9999 -9999 -9999 -9999 -9999 -9999 -9999 26.99 32.06 33.28 27.34 28.25 27.15 25.94 24.38 27.95 28.96 26.35 31.06 34.43 38.82 50.18 55.00 57.18 51.18 54.97 46.32 40.68 47.29 44.03 40.54 43.67 43.71 41.40 42.67 42.46 40.71 40.11 41.88 37.01 29.90 29.44 37.66 46.77 39.88 37.77 37.26 39.26 47.09 56.56 -9999 -9999 -9999 -9999 -9999
