Rainfall_2007-2011/Rainfall_2011-10_ACTUAL.txt
ncols         180
nrows         290
xllcorner     -200000
yllcorner     -200000
cellsize      5000
NODATA_value  -9999
[rows 204 to 237 of 290, columns 75 to 149 of 180]
119.42 131.07 150.89 156.40 158.35 184.57 198.10 161.32 159.74 156.72 152.33 164.49 157.39 166.09 180.20 185.08 154.08 143.35 125.55 131.44 153.26 163.48 158.79 135.65 132.27 87.56 97.41 77.07 109.65 103.95 122.80 67.62 63.45 57.04 45.79 42.56 41.02 32.29 28.85 44.78 37.09 34.82 33.07 28.37 37.91 39.82 49.84 41.43 33.80 32.83 34.50 35.14 29.10 25.00 22.83 25.62 28.35 26.84 30.98 25.11 25.45 25.71 24.08 23.16 20.20 18.99 19.09 18.64 16.52 18.82 21.61 25.60 23.68 22.47 23.50
-9999 130.21 142.13 158.28 134.92 149.15 159.53 141.23 139.49 134.41 144.96 133.85 144.10 146.33 144.89 151.91 138.39 138.42 159.29 171.30 215.74 270.42 214.92 198.15 202.79 173.93 147.32 105.27 93.47 129.86 100.67 77.87 74.89 71.50 51.85 46.13 44.65 42.89 39.45 38.48 39.22 34.72 32.66 36.63 43.22 49.60 50.51 40.23 34.97 33.31 31.97 28.41 30.16 24.77 21.84 21.01 22.89 24.71 25.47 28.10 26.10 25.75 25.20 21.03 21.07 21.02 17.34 20.56 16.29 16.79 18.91 19.19 21.42 21.12 23.63
-9999 -9999 160.19 175.37 171.76 155.63 148.24 161.53 142.22 140.67 116.19 134.96 143.94 151.78 166.57 163.21 160.06 143.19 173.21 194.38 222.17 256.58 263.34 207.91 237.86 240.85 157.47 147.01 129.82 85.52 90.21 84.27 56.25 60.68 53.17 62.26 53.16 55.23 46.93 39.11 38.35 40.70 36.34 39.91 62.31 50.82 48.84 38.37 35.32 37.17 33.34 34.78 28.34 29.38 23.39 22.71 22.03 23.60 26.38 26.10 28.84 27.28 27.66 24.33 22.56 22.16 20.87 19.73 16.42 16.78 22.42 21.58 20.25 20.26 21.25
-9999 156.39 170.37 178.41 174.14 149.89 139.03 150.93 145.81 126.05 126.28 132.11 143.81 162.93 175.56 146.33 149.30 130.37 151.85 180.71 197.16 192.05 203.25 193.15 195.60 180.47 174.96 151.62 125.96 117.22 118.58 88.60 68.29 73.25 69.34 65.23 62.46 53.82 53.27 40.37 41.40 40.17 48.41 47.12 44.73 47.06 35.57 35.63 33.14 35.52 33.83 33.10 31.52 28.11 25.67 24.78 24.24 26.23 25.90 27.38 30.04 27.44 27.66 27.15 24.90 19.87 21.20 22.12 18.27 16.72 17.13 19.51 18.60 19.36 19.53
146.15 159.05 154.03 163.43 154.16 137.79 117.67 134.09 119.77 104.66 105.61 120.78 127.15 123.82 136.64 148.24 134.84 151.07 149.75 182.64 184.78 182.65 160.99 166.85 157.34 145.50 145.37 159.85 126.44 117.19 128.40 89.85 85.63 63.24 63.38 64.42 56.71 62.11 47.97 40.60 41.80 41.33 40.93 44.59 44.94 38.60 39.86 34.59 34.29 35.10 35.65 30.45 29.12 30.87 31.70 23.97 26.09 25.01 24.10 24.31 25.93 25.14 27.62 30.72 25.03 21.99 21.31 20.34 18.15 13.89 17.66 20.00 16.63 18.42 19.57
-9999 -9999 143.76 137.45 150.99 126.71 134.93 121.21 -9999 -9999 -9999 -9999 116.31 122.94 123.20 119.99 115.00 124.53 122.98 148.92 156.99 162.58 224.53 259.58 208.64 168.54 148.17 159.50 148.50 127.98 99.44 90.90 85.30 72.01 74.88 59.95 55.46 46.25 39.13 40.67 41.93 52.03 43.06 47.89 43.79 37.91 36.18 34.63 32.64 31.21 31.57 29.74 29.88 28.78 27.84 22.20 23.64 26.71 25.48 27.42 27.51 21.54 26.22 26.04 22.22 18.99 19.48 18.78 17.52 16.80 17.19 20.36 19.15 19.41 18.31
-9999 -9999 131.07 110.50 105.70 113.86 126.69 97.78 -9999 -9999 -9999 -9999 -9999 -9999 -9999 107.33 107.01 106.60 110.49 121.89 147.27 195.88 235.05 281.66 253.84 222.58 161.32 154.23 125.06 130.48 128.30 101.30 84.63 100.22 88.85 74.91 51.28 44.26 39.91 44.32 49.20 52.85 46.42 45.76 36.33 37.42 33.90 31.36 30.49 29.54 29.58 31.02 28.23 25.87 22.56 22.05 23.96 26.99 28.24 29.61 32.75 24.57 26.81 24.63 18.30 18.10 20.54 17.44 17.38 18.29 19.01 19.13 21.98 20.50 20.54
-9999 -9999 -9999 -9999 103.41 -9999 -9999 -9999 -9999 -9999 -9999 -9999 -9999 78.78 91.49 94.85 95.55 86.43 88.28 101.81 127.76 167.17 193.06 228.70 221.51 195.16 155.05 152.85 123.93 122.81 116.49 92.10 78.63 93.24 83.76 69.09 52.55 47.69 51.95 47.03 54.97 53.33 41.80 41.26 37.32 35.08 34.56 32.67 33.65 30.23 29.79 24.98 25.17 26.60 24.12 23.57 25.79 27.42 29.84 34.48 31.31 31.13 22.94 21.45 20.46 22.25 18.30 17.70 17.30 19.93 20.74 18.52 18.65 24.40 26.51
-9999 -9999 -9999 -9999 -9999 -9999 -9999 -9999 -9999 -9999 -9999 -9999 -9999 68.40 79.83 75.16 74.31 70.35 -9999 -9999 83.56 134.59 146.01 164.44 165.02 167.38 147.39 142.42 108.99 108.16 103.93 80.82 85.52 80.89 70.39 57.18 49.29 45.05 52.40 49.67 49.04 47.50 43.40 38.72 39.81 39.50 38.30 34.11 33.29 30.34 27.99 28.30 32.24 35.70 31.00 26.34 25.87 27.78 35.34 28.22 29.45 29.05 23.62 24.64 22.54 21.04 18.86 19.07 17.39 19.27 21.43 18.16 16.55 19.73 20.72
-9999 -9999 -9999 -9999 -9999 -9999 -9999 -9999 -9999 -9999 -9999 -9999 -9999 -9999 -9999 -9999 -9999 -9999 -9999 -9999 85.14 100.02 135.34 120.94 125.13 136.12 112.12 114.83 100.62 89.94 81.58 69.17 71.29 70.08 -9999 53.16 46.80 50.20 53.40 46.63 51.04 46.78 43.03 36.40 39.60 37.00 42.49 36.28 38.57 37.56 30.10 28.01 36.78 40.20 34.40 30.80 31.61 28.65 34.82 31.56 27.69 26.81 26.65 22.73 22.86 21.03 18.58 19.36 19.34 19.87 20.19 20.19 19.17 18.04 16.20
-9999 -9999 -9999 -9999 -9999 -9999 -9999 -9999 -9999 -9999 -9999 -9999 -9999 -9999 -9999 -9999 -9999 -9999 -9999 -9999 -9999 90.76 96.80 108.63 114.64 113.45 99.17 95.72 83.61 75.62 -9999 -9999 -9999 -9999 52.20 47.74 50.40 52.82 53.04 48.27 50.38 49.80 46.00 39.43 38.81 41.14 35.81 39.98 39.73 42.58 37.02 33.48 35.06 38.28 36.42 31.48 29.37 26.29 30.17 31.01 29.21 29.11 25.32 22.55 21.64 21.20 18.54 19.10 17.27 18.66 22.11 20.20 18.41 20.04 19.02
-9999 -9999 -9999 -9999 -9999 -9999 -9999 -9999 -9999 -9999 -9999 -9999 -9999 -9999 -9999 -9999 -9999 -9999 -9999 -9999 -9999 -9999 99.30 121.85 111.64 103.04 93.49 78.34 70.52 -9999 -9999 -9999 -9999 46.24 60.80 61.87 55.79 50.55 48.63 54.04 49.67 47.17 45.54 43.44 40.24 39.98 42.45 42.90 41.06 40.51 36.95 34.23 32.53 30.67 30.49 33.34 24.92 27.80 27.55 30.84 30.18 30.08 29.01 25.95 23.81 23.96 20.89 21.01 19.99 18.69 22.10 22.58 17.59 19.43 18.36
-9999 -9999 -9999 -9999 -9999 -9999 -9999 -9999 -9999 -9999 -9999 -9999 -9999 -9999 -9999 -9999 -9999 -9999 -9999 -9999 -9999 -9999 -9999 103.16 78.52 92.19 76.97 65.54 58.67 -9999 -9999 -9999 56.46 54.75 54.44 65.24 52.33 53.20 44.18 41.78 38.74 45.87 46.18 43.25 44.18 44.86 44.43 43.40 44.92 39.19 34.63 29.14 31.05 31.05 27.76 28.16 28.68 28.52 28.25 28.35 30.00 31.78 34.02 28.88 25.39 20.02 23.86 21.10 21.16 21.03 20.73 22.62 21.86 21.21 22.31
-9999 -9999 -9999 -9999 -9999 -9999 -9999 -9999 -9999 -9999 -9999 -9999 -9999 -9999 -9999 -9999 -9999 -9999 -9999 -9999 -9999 -9999 -9999 -9999 -9999 -9999 -9999 -9999 -9999 -9999 -9999 59.65 61.47 63.93 65.17 64.61 63.47 53.66 50.09 44.72 42.44 47.82 40.18 38.59 36.47 38.80 41.03 46.41 43.48 43.93 39.82 34.00 42.51 35.04 33.66 35.34 33.12 34.87 29.05 30.73 30.52 32.74 34.81 29.97 26.79 26.39 24.96 24.17 25.09 23.93 24.99 25.89 26.12 26.79 26.59
-9999 -9999 -9999 -9999 -9999 -9999 -9999 -9999 -9999 -9999 -9999 -9999 -9999 -9999 -9999 -9999 -9999 -9999 -9999 -9999 -9999 -9999 -9999 -9999 -9999 -9999 -9999 -9999 -9999 -9999 -9999 59.53 73.79 76.75 99.19 82.71 57.07 53.17 49.07 47.56 47.90 41.38 38.16 36.74 32.55 39.02 40.69 43.53 46.69 50.52 50.81 39.96 47.65 44.43 37.98 35.29 31.74 31.51 31.45 29.66 32.30 34.19 33.33 31.38 30.18 32.40 28.58 27.93 29.62 26.39 28.87 30.91 28.38 31.07 28.29
-9999 -9999 -9999 -9999 -9999 -9999 -9999 -9999 -9999 -9999 -9999 -9999 -9999 -9999 -9999 -9999 -9999 -9999 -9999 -9999 -9999 -9999 -9999 -9999 -9999 -9999 -9999 -9999 -9999 -9999 -9999 52.37 62.55 72.62 85.86 80.40 75.75 60.54 54.03 50.67 50.19 48.23 41.40 48.56 46.32 44.20 45.24 43.25 41.40 40.73 43.24 42.58 37.27 38.07 36.45 34.19 32.12 31.36 33.26 33.39 35.44 35.02 39.40 32.56 32.28 32.14 28.54 32.48 30.81 31.36 30.48 28.36 27.40 26.99 33.52
-9999 -9999 -9999 -9999 -9999 -9999 -9999 -9999 -9999 -9999 -9999 -9999 -9999 -9999 114.31 131.81 107.62 138.17 132.44 171.79 142.62 129.02 93.56 107.25 71.97 -9999 -9999 -9999 -9999 -9999 -9999 53.07 60.21 55.45 73.55 63.64 80.79 66.50 63.13 57.13 48.37 54.01 57.19 53.55 48.40 42.65 43.38 47.90 41.63 38.75 38.26 34.57 35.61 37.34 35.14 39.25 36.71 40.93 38.82 41.28 39.17 36.45 33.68 35.22 35.13 34.63 35.04 31.47 31.21 29.74 29.11 26.87 30.81 26.74 29.99
-9999 -9999 -9999 -9999 -9999 -9999 -9999 -9999 -9999 -9999 -9999 -9999 -9999 -9999 133.90 143.59 148.63 105.12 176.76 217.89 168.66 165.42 119.85 101.60 81.90 70.69 75.23 71.99 63.99 59.84 65.31 54.44 54.85 55.61 66.18 67.61 65.70 61.51 63.12 67.84 51.89 61.49 56.64 50.00 47.84 46.27 40.12 49.22 48.11 41.19 43.09 37.53 36.82 32.85 37.04 40.51 41.70 41.07 44.76 42.80 35.66 33.48 34.12 36.67 36.18 34.68 44.14 36.25 33.61 33.46 30.94 31.09 27.86 27.94 30.93
-9999 -9999 -9999 -9999 -9999 -9999 -9999 -9999 -9999 -9999 -9999 -9999 -9999 93.08 133.13 125.15 132.33 137.47 147.02 199.70 207.86 167.72 144.44 114.63 97.48 82.60 83.27 77.42 73.64 59.52 59.18 57.55 56.12 56.68 73.90 66.40 76.13 72.94 62.88 69.31 61.02 53.84 62.54 56.23 43.08 41.87 45.69 46.09 50.07 42.80 37.75 38.52 32.04 33.68 36.32 37.67 38.81 43.48 45.05 42.02 41.53 46.76 48.60 39.35 33.54 37.09 37.13 37.19 34.82 31.10 32.01 32.06 32.57 30.65 28.58
-9999 -9999 -9999 -9999 -9999 -9999 -9999 -9999 -9999 -9999 -9999 -9999 -9999 -9999 102.68 110.75 112.66 129.01 144.98 151.17 182.62 149.45 122.83 109.34 113.77 105.74 88.43 71.67 56.95 61.69 60.78 51.38 51.88 44.40 64.02 57.11 60.22 54.11 54.70 57.22 57.12 50.73 59.19 64.61 38.77 38.27 47.34 43.93 46.58 42.34 36.64 33.51 37.39 35.55 34.74 37.17 41.53 46.67 49.76 46.55 38.84 47.51 63.55 49.86 40.64 36.46 34.08 39.81 34.57 26.11 35.88 30.22 34.68 34.57 33.35
-9999 -9999 -9999 -9999 -9999 -9999 -9999 -9999 -9999 -9999 111.89 -9999 -9999 92.79 90.04 119.12 106.89 124.32 127.59 121.39 121.55 116.14 114.52 108.23 112.12 100.96 89.41 70.52 58.33 55.92 60.21 50.06 46.05 49.24 55.54 54.64 53.09 55.56 58.95 53.97 55.59 48.38 54.65 48.58 48.51 51.16 49.70 46.27 50.01 48.11 39.60 39.15 41.37 34.36 37.11 41.59 39.12 50.17 48.64 54.99 47.64 50.84 54.34 48.33 43.44 40.46 38.12 36.48 34.51 34.58 30.74 26.49 31.54 31.36 31.54
-9999 -9999 -9999 -9999 -9999 -9999 -9999 -9999 -9999 137.23 156.27 148.33 141.23 112.74 119.17 122.26 119.70 124.74 126.69 110.12 125.16 121.61 120.94 121.41 107.73 97.49 76.59 66.24 58.36 59.43 58.55 54.09 46.99 46.94 49.48 55.34 52.82 57.56 53.73 52.52 57.67 55.58 60.69 55.66 54.57 60.23 51.62 55.89 62.25 47.43 37.46 37.64 37.89 38.40 36.34 42.47 43.81 52.10 47.21 44.90 53.82 54.43 61.59 63.13 43.90 42.46 39.00 34.78 33.74 30.65 28.67 29.18 32.77 32.36 34.93
-9999 -9999 -9999 -9999 -9999 -9999 -9999 -9999 -9999 160.92 178.74 146.55 138.62 118.88 106.95 103.79 122.97 127.52 125.00 109.70 120.97 119.13 123.61 125.13 109.61 104.33 88.40 87.09 82.64 73.75 61.76 51.95 43.95 49.82 51.39 55.66 54.60 64.38 57.47 55.16 52.98 49.64 57.16 83.84 53.92 51.10 53.26 52.15 50.64 46.42 41.09 36.24 39.41 40.88 37.03 43.29 43.07 44.60 49.11 57.10 57.97 89.36 70.51 61.34 45.80 48.60 35.36 37.10 32.18 28.91 27.81 31.76 32.81 38.36 34.61
-9999 -9999 -9999 -9999 -9999 -9999 -9999 -9999 -9999 141.62 153.76 172.35 154.29 127.64 119.92 101.72 114.80 126.66 111.48 110.81 114.12 100.24 108.65 102.08 99.09 90.54 82.99 93.51 84.43 94.71 80.28 55.91 51.29 60.65 49.14 61.57 53.95 60.30 58.14 50.30 51.40 53.84 59.97 55.87 57.52 54.71 53.83 55.67 53.67 46.62 42.93 39.00 29.34 41.43 38.24 36.07 42.33 39.38 45.69 58.02 70.06 92.14 80.49 62.09 57.52 40.82 46.17 40.63 28.42 28.25 37.52 38.72 38.99 38.38 37.89
-9999 -9999 -9999 -9999 -9999 -9999 -9999 -9999 -9999 117.41 147.85 130.62 145.79 125.39 123.70 106.12 92.88 114.71 110.39 110.37 106.68 97.60 91.63 98.80 103.73 95.90 82.35 92.29 88.97 86.97 87.43 66.36 63.68 64.71 62.95 67.98 80.01 62.06 61.79 57.22 55.23 62.15 62.53 59.50 54.55 55.04 56.25 55.76 52.72 46.51 41.23 38.92 36.73 40.52 38.94 38.13 35.39 41.07 39.92 47.38 77.32 69.47 58.33 51.13 39.09 35.67 40.85 33.00 24.09 23.67 28.37 28.81 38.90 33.40 29.42
-9999 -9999 -9999 -9999 -9999 -9999 -9999 -9999 -9999 114.62 128.66 125.35 137.46 133.63 121.78 109.63 101.93 101.35 112.44 93.52 88.47 83.80 91.45 92.03 83.64 83.68 83.14 77.01 90.57 88.20 79.59 63.73 75.66 83.74 78.45 85.61 85.77 80.63 79.12 72.58 64.25 62.05 59.51 56.98 54.91 56.77 56.26 55.46 45.30 45.89 39.62 36.40 40.62 37.34 35.04 30.97 27.63 37.72 43.24 58.16 64.50 56.24 36.16 33.74 34.53 36.30 35.17 28.58 22.03 -9999 -9999 26.67 34.26 33.05 27.64
-9999 -9999 -9999 -9999 -9999 -9999 -9999 -9999 147.64 129.11 132.19 122.55 138.23 142.86 130.35 118.30 121.78 105.51 116.46 104.66 78.78 77.67 95.61 89.45 81.53 75.45 79.38 83.19 88.30 83.47 68.73 67.28 69.39 60.97 67.92 66.70 72.44 84.18 77.64 65.29 65.20 60.65 58.36 55.31 51.01 62.80 55.82 49.30 46.22 42.12 38.89 36.26 36.89 33.80 31.08 -9999 -9999 40.41 45.57 61.12 56.87 45.14 34.30 26.09 -9999 -9999 -9999 -9999 -9999 -9999 -9999 -9999 -9999 -9999 24.45
-9999 -9999 -9999 -9999 -9999 -9999 -9999 168.69 175.30 152.31 139.68 124.13 128.77 120.64 136.64 127.24 145.80 139.48 134.86 98.36 93.57 96.50 92.02 85.38 73.36 86.33 75.77 85.65 77.73 81.69 73.01 70.50 56.71 60.68 60.16 69.94 72.65 78.32 67.58 72.30 64.49 61.81 57.29 47.20 48.29 62.37 56.11 47.40 45.30 34.52 37.72 38.26 -9999 34.62 33.69 34.33 37.84 37.59 -9999 -9999 -9999 -9999 31.05 -9999 -9999 -9999 -9999 -9999 -9999 -9999 -9999 -9999 -9999 -9999 -9999
-9999 -9999 -9999 -9999 -9999 -9999 156.49 194.43 175.22 164.03 128.86 113.57 110.36 114.11 111.40 166.46 201.80 203.93 154.26 112.95 120.58 102.40 100.60 88.96 84.83 88.92 82.85 58.61 61.27 55.76 -9999 -9999 -9999 -9999 -9999 61.01 68.94 77.22 66.87 65.21 60.68 50.17 51.56 43.90 45.84 47.95 -9999 -9999 -9999 -9999 -9999 31.71 34.43 41.81 36.25 39.05 46.00 37.13 -9999 -9999 -9999 -9999 -9999 -9999 -9999 -9999 -9999 -9999 -9999 -9999 -9999 -9999 -9999 -9999 -9999
-9999 -9999 -9999 -9999 -9999 130.23 165.68 205.21 184.96 162.31 133.12 128.04 117.68 134.70 134.86 172.23 212.04 232.69 184.54 147.97 118.29 113.66 90.04 92.58 76.37 76.97 70.27 -9999 -9999 -9999 -9999 -9999 -9999 -9999 -9999 -9999 50.47 57.86 50.65 51.43 58.98 60.32 54.03 66.94 54.89 45.50 -9999 -9999 -9999 -9999 -9999 -9999 -9999 32.00 41.07 37.44 49.19 -9999 -9999 -9999 -9999 -9999 -9999 -9999 -9999 -9999 -9999 -9999 -9999 -9999 -9999 -9999 -9999 -9999 -9999
-9999 -9999 105.99 109.04 114.44 114.77 156.73 170.49 179.63 163.92 141.38 132.92 136.04 146.44 152.65 151.34 199.23 193.01 145.39 136.34 119.26 90.32 95.68 95.93 77.37 -9999 -9999 -9999 -9999 -9999 -9999 -9999 -9999 -9999 -9999 -9999 -9999 -9999 39.74 -9999 -9999 -9999 -9999 53.22 54.44 46.80 -9999 -9999 -9999 -9999 -9999 -9999 -9999 -9999 33.50 39.40 41.48 -9999 -9999 -9999 -9999 -9999 -9999 -9999 -9999 -9999 -9999 -9999 -9999 -9999 -9999 -9999 -9999 -9999 -9999
-9999 -9999 115.36 109.07 117.81 134.64 148.07 176.73 164.37 169.69 151.19 146.56 144.88 139.70 136.24 135.59 173.41 185.91 150.19 131.89 99.38 68.24 82.36 84.24 -9999 -9999 -9999 -9999 -9999 -9999 -9999 -9999 -9999 -9999 -9999 -9999 -9999 -9999 33.94 -9999 -9999 -9999 -9999 -9999 -9999 -9999 -9999 -9999 -9999 -9999 -9999 -9999 -9999 -9999 -9999 -9999 -9999 -9999 -9999 -9999 -9999 -9999 -9999 -9999 -9999 -9999 -9999 -9999 -9999 -9999 -9999 -9999 -9999 -9999 -9999
-9999 -9999 112.30 118.12 135.23 138.74 155.85 168.62 159.30 160.94 144.86 135.27 143.63 125.68 128.00 120.49 155.44 190.68 204.83 132.37 107.04 85.16 87.27 88.87 -9999 -9999 -9999 -9999 -9999 -9999 -9999 -9999 -9999 -9999 -9999 -9999 -9999 -9999 -9999 -9999 -9999 -9999 -9999 -9999 -9999 -9999 -9999 -9999 -9999 -9999 -9999 -9999 -9999 -9999 -9999 -9999 -9999 -9999 -9999 -9999 -9999 -9999 -9999 -9999 -9999 -9999 -9999 -9999 -9999 -9999 -9999 -9999 -9999 -9999 -9999
-9999 112.45 115.14 136.09 158.84 156.02 167.90 158.31 145.36 156.85 148.93 126.14 121.57 121.91 118.23 128.93 151.89 181.30 161.46 129.24 99.48 88.95 99.27 74.87 -9999 -9999 -9999 -9999 -9999 -9999 -9999 -9999 -9999 -9999 -9999 -9999 -9999 -9999 -9999 -9999 -9999 -9999 -9999 -9999 -9999 -9999 -9999 -9999 -9999 -9999 -9999 -9999 -9999 -9999 -9999 -9999 -9999 -9999 -9999 -9999 -9999 -9999 -9999 -9999 -9999 -9999 -9999 -9999 -9999 -9999 -9999 -9999 -9999 -9999 -9999
