Rainfall_2007-2011/Rainfall_2009-05_ACTUAL.txt
ncols         180
nrows         290
xllcorner     -200000
yllcorner     -200000
cellsize      5000
NODATA_value  -9999
[rows 170 to 203 of 290, columns 76 to 151 of 180]
-9999 -9999 -9999 -9999 -9999 -9999 -9999 -9999 -9999 -9999 -9999 -9999 -9999 -9999 -9999 -9999 -9999 -9999 -9999 -9999 -9999 -9999 -9999 -9999 -9999 -9999 -9999 -9999 -9999 -9999 68.47 76.39 71.30 73.25 77.26 80.60 79.10 73.06 82.86 82.96 80.50 84.33 95.61 93.69 91.99 124.88 125.77 131.31 108.01 81.97 76.32 72.70 71.47 64.00 69.48 70.48 76.58 70.39 75.13 69.31 63.13 64.83 60.68 58.69 53.35 46.27 45.77 54.11 55.73 49.89 43.25 44.13 49.66 -9999 -9999 -9999
-9999 -9999 -9999 -9999 -9999 -9999 -9999 -9999 -9999 -9999 47.17 50.70 56.15 64.10 -9999 -9999 -9999 -9999 -9999 -9999 -9999 -9999 -9999 -9999 -9999 -9999 -9999 -9999 -9999 54.17 78.72 81.18 78.39 80.39 74.42 70.73 73.90 73.54 75.48 73.51 77.21 82.83 89.13 96.87 109.13 91.87 135.01 117.59 116.70 108.53 75.63 75.06 69.95 74.55 72.04 69.59 76.83 70.75 75.71 74.83 65.78 69.90 67.93 65.11 57.89 49.95 53.89 57.72 58.93 57.91 50.44 49.07 50.71 51.32 -9999 -9999
-9999 -9999 -9999 -9999 -9999 -9999 -9999 -9999 -9999 -9999 57.31 62.88 63.08 62.04 -9999 -9999 -9999 -9999 -9999 -9999 -9999 -9999 -9999 -9999 -9999 -9999 -9999 -9999 54.20 53.59 71.56 73.52 84.20 75.92 64.35 61.73 67.51 68.38 64.92 77.91 74.82 80.94 91.24 85.78 92.99 118.50 152.33 114.23 123.09 111.09 88.76 74.24 64.16 73.81 72.94 71.33 69.99 65.08 67.79 75.87 79.17 65.23 70.60 73.50 67.57 64.44 55.78 62.13 57.11 58.18 60.03 53.42 52.77 55.86 -9999 -9999
-9999 -9999 -9999 -9999 -9999 -9999 -9999 -9999 46.16 46.39 48.97 64.99 63.90 69.60 66.33 54.71 67.49 -9999 -9999 62.48 58.19 -9999 -9999 -9999 46.55 56.37 59.58 -9999 50.62 53.13 61.68 61.29 65.12 65.01 60.05 62.78 64.48 66.58 78.71 74.17 70.42 82.45 82.39 92.85 91.99 96.94 111.39 99.05 104.51 122.52 80.28 85.14 67.46 72.44 74.64 76.38 70.53 64.92 66.61 69.26 67.47 75.99 69.27 86.55 68.64 62.21 57.27 61.46 64.17 68.86 59.33 57.25 64.78 59.50 55.75 -9999
-9999 -9999 -9999 -9999 -9999 -9999 -9999 -9999 -9999 44.48 46.03 67.05 73.54 74.99 76.14 82.44 71.56 -9999 86.80 70.86 69.73 59.58 60.39 50.45 41.79 53.27 57.50 53.08 -9999 49.13 50.80 54.90 53.31 57.87 58.90 61.77 63.21 63.81 71.93 76.87 61.64 83.37 83.89 99.13 110.59 78.92 100.83 89.19 98.40 107.70 90.36 73.25 68.56 82.43 77.25 63.36 61.13 65.99 58.59 65.12 63.37 67.93 72.60 84.01 71.35 61.57 60.57 62.83 66.10 65.94 73.53 65.39 59.47 58.72 59.85 -9999
-9999 -9999 -9999 -9999 -9999 -9999 -9999 -9999 -9999 -9999 50.25 88.43 85.98 75.14 69.18 74.81 87.43 98.76 122.90 90.96 80.19 73.95 63.42 51.84 46.45 43.80 56.53 56.49 52.65 49.66 53.05 55.75 56.80 63.77 66.19 67.00 71.03 70.63 68.38 72.98 74.93 83.69 96.80 107.35 124.34 117.80 101.53 82.42 76.17 84.64 94.21 68.81 69.31 80.95 70.79 54.21 56.83 56.88 57.43 48.94 48.80 59.05 71.39 65.87 69.05 61.76 60.13 61.91 62.13 64.74 72.68 65.19 59.84 56.58 58.86 58.85
-9999 -9999 -9999 -9999 -9999 -9999 -9999 -9999 -9999 -9999 -9999 92.95 63.58 66.80 72.61 98.83 132.11 166.18 125.85 88.24 90.20 69.06 69.59 61.68 49.04 42.64 65.01 57.08 60.47 54.34 54.92 53.66 49.50 58.44 64.26 61.40 73.77 76.15 70.68 72.71 68.50 79.98 100.66 104.94 123.39 115.95 86.34 84.85 79.38 88.21 100.16 80.14 73.43 71.98 70.71 55.22 54.15 52.26 53.44 49.33 45.03 50.80 53.30 56.28 58.30 59.07 55.30 56.58 59.03 60.55 68.38 61.66 59.65 60.22 58.27 56.01
-9999 -9999 -9999 -9999 -9999 -9999 -9999 -9999 -9999 -9999 -9999 -9999 69.36 68.98 110.46 140.14 166.81 186.59 160.64 127.42 110.59 81.05 78.96 73.43 63.62 51.16 41.72 53.84 47.33 50.89 55.53 47.13 54.56 57.49 69.06 70.51 66.75 65.59 68.61 71.04 71.50 81.41 108.68 109.55 104.86 97.50 83.14 93.13 98.44 69.09 79.05 86.55 68.19 67.44 63.22 56.45 45.67 46.24 50.56 47.81 40.00 49.93 42.01 54.41 53.21 50.55 51.55 55.76 57.72 57.53 58.81 58.01 63.83 63.22 58.83 48.89
-9999 -9999 -9999 -9999 -9999 -9999 -9999 -9999 -9999 -9999 -9999 -9999 72.77 74.93 133.22 167.64 222.44 209.80 142.37 108.96 90.90 98.57 90.37 83.03 66.89 55.66 39.17 49.96 56.43 53.59 56.97 59.94 52.09 55.92 66.37 68.18 63.20 62.88 63.93 68.57 68.93 76.05 97.13 97.91 97.70 99.30 106.74 106.35 105.91 90.66 84.59 75.34 60.83 62.78 59.40 43.02 41.98 43.85 42.44 37.73 34.97 41.93 38.15 49.66 53.95 48.42 48.66 54.71 55.29 52.84 51.82 66.09 62.89 68.18 76.85 -9999
-9999 -9999 -9999 -9999 -9999 -9999 -9999 -9999 -9999 -9999 -9999 -9999 87.36 108.93 145.84 173.75 249.96 210.27 150.96 125.10 92.10 95.47 86.97 78.54 75.48 61.97 52.09 59.14 57.17 55.02 49.79 55.33 53.38 56.25 66.09 67.36 69.55 64.26 63.88 65.93 73.17 79.69 89.30 96.36 95.15 94.27 101.73 93.86 83.79 85.18 86.19 68.19 70.14 57.71 48.61 45.76 43.08 43.49 39.31 39.16 35.68 35.74 34.95 49.48 44.22 43.89 43.90 51.54 51.31 54.02 48.13 67.46 60.83 60.98 -9999 -9999
-9999 -9999 -9999 -9999 -9999 -9999 -9999 -9999 -9999 -9999 -9999 70.21 129.33 106.56 143.88 194.31 163.45 232.74 211.38 165.53 148.98 127.13 97.99 83.43 60.36 60.17 61.26 65.85 60.78 55.15 53.29 53.18 51.27 59.14 64.50 65.42 65.01 66.28 67.43 74.27 76.61 88.15 83.82 87.94 80.50 88.76 101.11 90.08 88.41 80.68 73.99 70.29 61.52 46.03 47.62 44.55 42.59 42.17 32.62 38.71 37.65 37.52 38.93 45.35 41.91 43.23 45.24 50.08 53.95 57.71 64.06 52.37 47.81 -9999 -9999 -9999
-9999 -9999 -9999 -9999 -9999 -9999 -9999 -9999 -9999 57.04 54.70 62.60 90.21 96.55 120.82 135.29 114.83 180.95 155.76 167.09 158.14 135.11 112.15 95.73 66.07 69.40 69.60 59.11 54.66 49.20 58.15 56.25 47.09 58.54 57.60 63.04 63.95 75.06 78.62 77.44 79.00 92.32 84.26 81.15 84.77 82.20 82.01 89.10 80.73 68.31 71.04 65.41 51.59 41.54 43.45 34.22 31.79 34.90 35.06 34.49 34.98 33.79 36.09 39.16 40.57 37.07 42.85 48.87 48.30 55.62 60.56 55.14 -9999 -9999 -9999 -9999
-9999 -9999 -9999 -9999 -9999 -9999 -9999 -9999 58.00 56.95 59.10 60.01 74.91 53.53 91.86 90.23 99.79 126.02 141.14 148.24 176.24 116.07 80.12 80.56 65.23 81.66 82.26 75.65 64.29 65.72 63.80 55.26 49.96 57.10 60.44 56.78 60.47 69.23 71.63 76.63 83.16 82.41 85.27 78.39 86.39 86.71 82.66 79.76 72.67 71.28 65.25 52.92 46.39 34.58 36.70 29.61 30.62 33.43 31.45 31.12 22.53 25.70 35.01 36.98 37.75 35.92 38.51 46.24 49.10 46.52 54.11 53.86 -9999 -9999 -9999 -9999
-9999 -9999 -9999 -9999 -9999 -9999 -9999 68.00 69.73 62.21 60.52 -9999 -9999 -9999 -9999 101.16 124.75 147.31 144.56 150.66 141.42 139.89 108.05 96.18 79.80 105.44 90.27 74.29 70.58 65.77 54.43 51.49 49.57 49.28 54.66 56.99 56.33 63.53 65.46 73.32 72.61 71.29 75.76 82.27 81.36 85.50 83.16 76.01 78.13 73.10 60.07 42.47 38.95 38.93 35.49 33.73 34.60 33.45 32.59 32.87 24.49 24.98 30.96 37.69 37.59 38.60 45.61 43.60 43.57 39.49 46.04 50.09 56.28 -9999 -9999 -9999
-9999 -9999 -9999 -9999 -9999 -9999 -9999 61.74 78.80 62.15 54.93 -9999 -9999 -9999 -9999 77.52 112.80 163.84 169.56 163.00 163.55 162.73 117.47 98.59 86.28 97.30 73.48 65.27 65.27 57.91 56.73 45.42 48.27 48.60 50.27 53.54 53.34 54.99 56.99 56.44 68.32 68.49 70.43 71.26 73.55 73.14 77.72 80.38 75.05 87.05 64.07 47.11 42.83 35.66 35.10 31.81 33.23 35.72 36.55 39.06 36.33 26.45 30.02 40.00 33.39 38.36 42.15 42.70 41.26 38.58 45.33 47.07 52.53 50.36 -9999 -9999
-9999 -9999 -9999 -9999 -9999 -9999 -9999 -9999 -9999 -9999 -9999 -9999 -9999 -9999 -9999 80.80 110.99 126.61 123.45 137.94 130.48 152.28 104.21 80.75 91.32 80.57 71.46 67.51 61.01 67.94 56.70 50.05 48.32 48.63 42.81 41.62 47.56 48.09 50.92 60.15 61.13 59.67 64.32 69.60 66.77 61.52 71.17 81.06 65.66 106.68 73.24 50.60 42.25 36.77 36.28 21.10 25.05 33.05 34.91 37.06 35.73 35.41 35.83 42.35 40.46 37.69 38.80 41.59 39.11 45.30 47.71 47.50 48.50 47.34 43.75 52.84
-9999 -9999 -9999 -9999 -9999 -9999 -9999 -9999 -9999 -9999 -9999 -9999 -9999 -9999 -9999 -9999 103.61 102.09 113.14 132.41 156.91 156.79 154.68 119.64 94.05 67.45 62.86 51.05 59.49 53.77 47.86 49.74 43.87 42.03 45.79 45.35 43.93 47.82 49.29 58.20 62.11 61.84 59.39 68.87 67.36 62.89 65.67 73.46 71.92 65.98 64.29 52.59 38.45 39.28 48.67 29.40 28.10 27.66 30.03 35.62 38.45 33.29 31.70 46.34 36.75 30.32 35.42 36.03 39.59 44.69 48.41 47.48 49.63 49.10 49.99 50.57
-9999 -9999 -9999 -9999 -9999 -9999 -9999 -9999 -9999 -9999 -9999 -9999 -9999 -9999 -9999 -9999 113.55 147.72 176.43 161.90 154.86 144.63 137.67 105.86 81.95 58.89 55.42 63.51 70.29 50.99 54.06 49.29 46.17 37.26 47.17 45.98 45.99 44.26 58.50 62.93 61.41 61.45 66.40 66.02 65.35 60.35 58.02 55.19 62.74 54.03 53.99 47.79 41.14 42.13 40.89 26.09 28.70 29.94 31.67 39.48 44.47 37.00 30.56 37.67 30.31 27.48 32.43 33.77 37.11 41.76 47.19 49.92 46.09 49.23 45.58 47.29
-9999 -9999 -9999 -9999 -9999 -9999 -9999 -9999 -9999 -9999 -9999 -9999 -9999 -9999 -9999 108.74 124.10 127.89 168.91 155.19 140.43 141.72 143.81 112.90 95.69 72.41 66.37 67.44 57.53 65.30 52.37 44.23 41.13 43.59 45.76 48.17 54.02 56.70 64.21 57.86 58.17 60.95 65.64 61.82 60.11 58.63 56.84 53.24 53.03 47.23 39.97 42.59 42.09 45.62 42.55 30.25 34.43 34.75 31.46 40.42 54.98 44.25 38.31 32.06 24.80 23.08 24.37 26.95 35.03 39.10 42.12 44.51 43.09 44.81 43.25 45.40
-9999 -9999 -9999 -9999 -9999 -9999 -9999 -9999 -9999 -9999 -9999 -9999 -9999 -9999 -9999 90.53 107.43 149.99 141.45 125.15 115.07 117.74 129.42 117.83 94.23 76.66 68.19 63.57 43.99 43.10 45.76 51.12 47.91 43.47 39.32 51.96 52.50 55.67 55.40 52.08 58.40 63.63 63.32 57.49 61.18 60.04 51.84 47.50 47.48 42.76 40.05 43.25 46.07 43.32 42.13 40.88 37.83 40.43 40.34 43.71 48.74 50.34 37.25 30.45 18.90 20.87 23.74 27.58 40.43 37.03 39.47 39.48 35.06 36.05 39.09 41.40
-9999 -9999 -9999 -9999 -9999 -9999 -9999 -9999 -9999 -9999 -9999 -9999 -9999 -9999 -9999 64.92 86.25 100.92 131.25 119.85 122.28 114.92 125.95 100.82 94.05 82.27 69.17 59.73 45.99 38.81 50.29 58.50 58.32 47.22 50.04 53.73 53.71 55.05 50.76 48.81 53.49 59.04 60.68 49.76 53.15 57.20 43.20 38.56 38.59 41.76 36.78 41.06 43.29 39.90 44.86 42.84 44.12 46.83 44.88 46.17 42.76 37.53 34.30 32.82 30.26 29.28 29.15 34.30 36.97 32.55 35.83 36.94 33.55 33.15 37.25 40.37
-9999 -9999 -9999 -9999 -9999 -9999 -9999 -9999 -9999 -9999 -9999 -9999 -9999 -9999 -9999 -9999 79.72 114.53 138.54 150.85 152.63 116.77 118.60 89.47 64.28 66.43 68.59 57.66 50.18 40.78 44.18 49.19 57.34 48.92 44.52 40.76 52.38 56.21 49.22 49.44 42.99 41.73 53.66 51.91 49.26 47.54 44.08 36.87 35.38 41.78 42.88 39.31 40.31 34.51 43.28 43.83 45.48 44.77 41.88 41.24 40.67 34.54 35.30 32.12 31.59 29.16 29.49 34.76 37.81 37.29 40.12 41.77 33.78 33.90 32.95 37.15
-9999 -9999 -9999 -9999 -9999 -9999 -9999 -9999 -9999 -9999 -9999 -9999 -9999 -9999 -9999 -9999 104.08 115.69 138.00 188.80 198.21 170.64 125.30 91.28 70.49 86.62 82.66 71.40 65.70 53.14 44.00 47.89 51.64 48.10 46.13 52.32 56.07 47.88 54.06 54.59 41.87 36.22 44.79 53.31 54.70 43.73 43.02 42.33 42.05 44.47 49.19 45.36 43.07 46.73 49.56 47.19 45.66 41.70 41.57 39.84 38.27 37.53 29.33 29.41 30.08 29.50 23.40 33.69 34.01 34.41 36.46 32.60 28.43 28.56 30.64 34.64
-9999 -9999 -9999 -9999 -9999 -9999 -9999 -9999 -9999 -9999 -9999 -9999 -9999 -9999 -9999 82.85 96.20 110.60 149.04 177.49 212.67 167.82 112.12 100.99 104.27 81.79 74.50 61.39 48.53 53.59 55.25 54.01 43.43 45.12 50.32 55.91 59.68 51.30 44.59 40.68 44.63 44.86 47.55 48.43 54.34 57.23 44.52 45.18 43.35 55.28 51.12 59.12 49.46 52.51 49.01 47.57 45.89 45.22 39.65 39.91 33.03 26.29 27.96 27.85 28.30 29.41 26.72 33.16 32.21 33.07 30.25 25.59 24.74 24.12 32.37 33.31
-9999 -9999 -9999 -9999 -9999 -9999 -9999 -9999 -9999 -9999 -9999 -9999 -9999 -9999 -9999 96.17 109.83 103.04 105.62 134.28 179.00 161.98 129.04 96.96 85.81 70.73 67.45 70.78 59.76 65.11 62.27 48.75 46.95 37.89 44.79 57.63 53.11 44.84 39.56 33.82 50.23 48.45 40.60 45.37 51.43 49.97 45.78 45.24 50.43 60.66 50.20 46.77 48.16 43.30 45.40 43.44 43.28 37.65 39.46 36.76 29.59 25.14 25.34 29.22 30.65 34.69 31.28 32.40 28.88 27.26 26.58 25.34 23.83 22.46 32.16 31.73
-9999 -9999 -9999 -9999 -9999 -9999 -9999 -9999 -9999 -9999 -9999 -9999 -9999 -9999 -9999 100.49 112.31 95.10 104.36 127.30 154.72 153.82 130.66 91.49 92.96 83.81 68.76 70.98 79.61 60.33 53.07 51.14 43.83 48.78 39.11 48.20 46.24 40.57 38.75 39.26 38.70 42.32 43.41 43.72 48.08 45.60 55.94 55.87 50.32 48.00 47.15 45.24 45.57 40.88 42.94 40.25 36.32 39.28 34.17 30.10 29.54 27.41 29.14 27.36 30.12 32.40 28.70 27.86 26.25 24.72 23.11 24.99 21.12 24.14 25.15 26.84
-9999 -9999 -9999 -9999 -9999 -9999 -9999 -9999 -9999 -9999 -9999 -9999 -9999 -9999 95.06 106.03 123.66 118.99 117.20 131.67 131.98 142.65 110.37 69.69 77.18 73.85 67.88 78.61 70.45 54.41 59.42 54.43 42.52 38.92 41.87 48.06 45.63 43.53 41.15 41.27 41.84 40.52 41.00 37.67 45.86 48.00 62.52 59.19 51.94 46.88 44.21 43.58 42.04 38.08 37.79 40.54 38.20 37.88 31.15 29.85 28.79 29.63 28.93 30.01 30.89 29.56 27.89 27.15 22.38 21.48 21.57 21.64 22.66 22.63 23.69 25.45
-9999 -9999 -9999 -9999 -9999 -9999 -9999 -9999 -9999 -9999 -9999 -9999 -9999 94.63 105.07 105.81 117.95 125.99 131.21 151.70 140.01 121.69 128.55 90.63 87.63 81.45 76.29 104.40 70.61 62.61 58.74 59.33 53.86 48.58 45.42 46.63 35.65 43.42 49.96 45.18 40.71 39.37 39.86 39.89 46.53 47.86 52.99 52.14 47.34 46.81 44.49 44.70 46.13 42.48 37.54 40.68 38.49 35.98 28.38 26.47 28.35 30.14 28.30 32.32 29.35 28.61 27.19 20.45 14.77 21.73 21.77 22.53 27.67 26.80 25.31 25.96
-9999 -9999 -9999 -9999 -9999 -9999 -9999 -9999 -9999 -9999 -9999 101.42 96.95 102.88 104.98 100.21 116.79 116.61 141.21 161.00 144.47 135.79 115.59 97.01 90.28 84.24 73.73 89.93 67.07 60.61 58.07 53.15 49.73 49.65 46.92 45.72 40.38 48.55 47.94 42.48 42.58 40.19 35.87 38.84 46.29 47.68 45.63 44.34 39.52 41.09 40.91 44.75 47.43 47.93 48.88 50.74 43.64 33.31 28.83 28.05 31.37 34.10 30.12 27.61 27.88 29.41 23.69 15.34 20.53 24.03 22.84 22.55 26.91 29.39 24.55 24.61
-9999 -9999 -9999 -9999 -9999 -9999 -9999 78.17 62.58 72.63 106.06 109.08 126.63 139.34 125.31 124.79 113.03 135.46 136.01 149.18 133.84 123.37 103.45 87.45 66.14 78.20 78.79 111.01 96.20 72.18 58.71 51.62 49.14 47.76 36.80 44.64 48.09 48.32 43.01 39.58 40.25 41.32 37.33 45.78 51.77 44.82 41.79 44.28 35.10 39.37 41.90 42.97 46.33 45.57 44.96 55.04 48.95 38.15 33.04 30.84 30.84 30.64 28.50 25.06 21.63 16.85 20.02 21.91 23.04 24.42 24.79 23.62 25.38 25.87 23.48 24.11
-9999 -9999 -9999 -9999 -9999 -9999 78.21 84.06 94.43 98.03 98.94 102.13 111.86 136.88 133.29 128.34 121.94 128.39 140.80 120.76 131.98 119.06 96.51 112.05 102.02 85.83 99.53 85.79 81.48 64.58 57.08 51.77 56.62 48.50 45.86 50.41 55.12 51.18 43.06 44.52 41.78 42.85 43.68 45.13 50.90 46.45 38.17 34.33 26.10 32.41 41.93 49.91 45.57 42.15 47.72 55.03 47.84 40.14 34.87 30.13 30.25 28.16 26.45 21.38 19.76 16.58 18.97 22.97 20.63 25.53 26.66 25.37 24.20 26.20 21.18 23.98
-9999 -9999 -9999 -9999 -9999 65.74 73.45 76.71 84.62 88.94 88.81 89.75 102.88 111.37 118.49 141.09 115.24 112.50 127.86 103.09 112.86 96.71 110.26 103.70 97.88 88.13 82.19 74.35 77.84 94.47 73.21 55.63 55.29 48.36 49.83 58.37 53.68 44.18 41.31 43.04 40.05 40.50 40.35 42.32 47.01 44.33 32.19 31.67 27.72 21.25 42.62 48.07 48.03 46.59 43.21 54.76 57.45 59.19 38.15 33.12 29.08 25.44 25.02 19.44 15.49 19.01 22.14 22.35 24.10 25.98 27.63 32.97 26.57 22.55 23.46 23.22
-9999 67.87 81.47 81.57 102.86 85.47 89.18 94.51 96.35 90.13 95.73 103.05 101.32 99.86 134.34 135.41 118.97 111.79 104.60 97.71 102.04 104.18 102.09 95.24 84.04 86.19 76.79 83.17 91.06 95.44 70.48 67.25 58.16 54.94 45.72 37.84 54.52 34.70 37.35 32.61 34.74 35.45 36.06 44.37 39.71 38.61 37.54 28.29 30.63 30.20 42.01 46.03 49.85 51.38 52.92 52.95 52.28 49.38 36.18 32.91 27.84 23.34 23.32 21.83 23.78 20.19 22.27 21.68 22.63 26.38 30.52 34.42 30.30 25.14 26.26 20.53
62.54 81.58 84.33 96.83 114.78 136.30 133.55 117.45 108.63 102.50 102.86 105.98 106.04 117.80 132.86 127.57 123.73 100.66 91.41 91.21 97.34 97.81 92.14 92.18 86.25 75.73 77.30 84.92 129.51 99.30 79.48 60.98 59.40 49.45 47.94 39.98 40.63 36.50 35.87 35.43 35.18 34.60 33.44 33.07 32.03 39.50 42.84 36.90 30.14 32.52 47.64 53.47 54.74 52.20 49.97 53.30 51.67 46.90 35.05 29.71 25.23 21.55 25.03 22.31 22.26 20.70 21.14 23.50 23.91 29.16 32.89 32.34 25.99 23.77 25.30 27.58
