Rainfall_2007-2011/Rainfall_2011-08_ACTUAL.txt
ncols         180
nrows         290
xllcorner     -200000
yllcorner     -200000
cellsize      5000
NODATA_value  -9999
[rows 170 to 203 of 290, columns 76 to 151 of 180]
-9999 -9999 -9999 -9999 -9999 -9999 -9999 -9999 -9999 -9999 -9999 -9999 -9999 -9999 -9999 -9999 -9999 -9999 -9999 -9999 -9999 -9999 -9999 -9999 -9999 -9999 -9999 -9999 -9999 -9999 87.15 93.40 93.99 90.21 88.83 89.12 79.78 72.78 69.48 66.49 71.88 74.97 90.89 96.06 101.05 114.40 110.87 100.92 62.29 46.64 46.21 42.95 43.92 48.59 55.08 57.51 67.22 56.07 52.86 50.09 49.43 52.56 63.36 61.76 60.50 55.04 49.74 56.91 49.51 47.21 48.74 50.09 54.36 -9999 -9999 -9999
-9999 -9999 -9999 -9999 -9999 -9999 -9999 -9999 -9999 -9999 60.15 65.68 81.72 88.08 -9999 -9999 -9999 -9999 -9999 -9999 -9999 -9999 -9999 -9999 -9999 -9999 -9999 -9999 -9999 86.85 88.98 90.78 89.79 85.43 84.98 80.21 78.94 69.24 62.14 61.24 70.40 72.73 78.10 92.79 115.73 98.51 103.74 81.98 76.05 60.20 40.91 45.94 37.69 54.86 47.45 45.64 53.50 46.95 39.37 49.11 58.99 67.63 59.77 62.11 58.53 56.79 66.76 68.46 48.70 57.79 51.48 50.22 52.31 56.45 -9999 -9999
-9999 -9999 -9999 -9999 -9999 -9999 -9999 -9999 -9999 -9999 76.70 82.66 85.39 81.13 -9999 -9999 -9999 -9999 -9999 -9999 -9999 -9999 -9999 -9999 -9999 -9999 -9999 -9999 73.29 98.83 85.06 82.43 91.32 84.74 82.64 72.14 79.12 64.94 56.91 63.58 68.51 67.17 75.52 73.09 79.59 95.92 106.94 79.22 64.68 52.07 47.60 40.26 39.67 47.74 45.39 44.93 48.12 49.96 42.96 48.34 53.64 63.10 65.46 63.29 58.16 58.91 64.38 68.85 62.22 59.92 56.67 54.07 55.97 61.98 -9999 -9999
-9999 -9999 -9999 -9999 -9999 -9999 -9999 -9999 55.34 65.58 72.83 85.47 87.28 90.68 80.48 67.43 79.58 -9999 -9999 63.75 74.28 -9999 -9999 -9999 72.18 83.41 76.21 -9999 64.92 98.60 86.12 75.73 79.54 81.65 85.85 84.43 83.15 70.26 55.36 55.57 61.95 57.05 59.26 82.10 70.42 70.80 86.22 60.61 56.78 56.01 41.17 49.34 41.79 45.14 43.90 55.05 56.06 51.95 48.89 53.84 57.14 61.94 67.50 64.18 59.16 55.12 52.63 63.16 67.67 64.83 63.45 56.79 74.52 58.66 63.80 -9999
-9999 -9999 -9999 -9999 -9999 -9999 -9999 -9999 -9999 62.95 71.02 82.40 85.05 106.70 93.45 91.13 77.64 -9999 69.61 74.84 95.71 91.08 85.80 75.47 66.69 79.03 69.98 57.50 -9999 59.69 69.76 68.79 76.96 78.04 80.40 75.78 74.17 68.96 61.39 62.82 57.66 64.24 66.18 91.95 94.98 60.39 66.86 56.55 69.02 58.86 47.68 43.41 42.73 48.28 50.55 51.40 58.35 60.30 51.90 56.31 56.01 58.84 58.83 62.97 59.17 54.23 55.10 59.24 60.61 62.69 58.17 58.55 62.91 66.55 63.00 -9999
-9999 -9999 -9999 -9999 -9999 -9999 -9999 -9999 -9999 -9999 70.52 81.23 92.07 106.62 96.37 89.04 97.49 92.81 146.52 95.94 101.53 105.68 98.57 76.38 71.01 49.42 62.55 67.24 63.03 51.59 64.63 67.78 68.73 69.87 86.93 86.75 70.92 67.41 60.95 67.05 75.15 75.07 90.29 105.35 97.07 80.72 60.28 52.19 55.99 51.82 41.88 38.81 42.71 43.59 46.28 42.43 46.85 48.78 52.12 53.12 51.18 56.66 63.52 61.75 58.77 55.60 52.37 56.29 53.07 54.52 53.18 58.87 69.02 60.35 54.39 52.93
-9999 -9999 -9999 -9999 -9999 -9999 -9999 -9999 -9999 -9999 -9999 84.00 85.17 86.74 102.74 154.55 172.34 213.79 158.83 92.78 99.22 87.57 88.16 74.36 57.13 53.76 81.24 65.62 60.38 53.66 47.17 61.94 50.02 60.75 82.83 103.92 70.88 79.02 60.39 65.23 72.73 73.88 92.26 95.30 74.88 75.84 63.26 61.82 46.93 52.14 54.44 46.76 43.77 46.81 46.67 40.53 47.68 46.88 49.98 48.35 49.33 59.38 62.74 62.26 60.10 56.27 51.41 54.11 60.68 55.82 62.02 53.57 54.49 53.57 45.97 42.84
-9999 -9999 -9999 -9999 -9999 -9999 -9999 -9999 -9999 -9999 -9999 -9999 99.66 106.99 152.28 184.74 261.72 250.09 188.77 128.12 117.17 101.59 101.27 80.84 70.18 59.80 47.96 64.88 63.98 59.06 76.68 46.39 57.27 58.49 60.87 61.94 65.75 64.52 66.22 64.12 64.95 75.00 95.69 90.99 81.45 67.69 55.79 66.66 58.41 98.82 65.23 50.77 47.82 52.59 51.43 47.06 46.31 46.78 52.61 47.60 53.11 61.18 54.19 59.06 52.79 48.74 51.05 58.08 51.99 56.60 55.45 51.13 54.71 49.14 42.13 38.84
-9999 -9999 -9999 -9999 -9999 -9999 -9999 -9999 -9999 -9999 -9999 -9999 103.48 115.65 160.96 224.46 345.79 270.16 171.10 129.98 107.50 126.96 108.54 90.34 70.71 57.33 35.27 46.39 59.78 48.69 58.03 43.64 55.42 56.00 58.18 63.00 66.38 63.49 61.47 59.09 60.89 77.89 89.67 70.79 69.51 68.55 69.40 70.86 69.03 60.54 55.01 56.48 43.96 53.49 56.40 45.32 48.18 50.85 59.80 61.50 59.85 55.87 49.73 43.50 44.08 44.33 50.98 61.04 57.50 57.20 51.81 59.20 54.92 46.23 49.55 -9999
-9999 -9999 -9999 -9999 -9999 -9999 -9999 -9999 -9999 -9999 -9999 -9999 125.19 158.88 208.11 228.62 370.50 295.21 187.38 161.57 92.89 110.55 92.51 76.81 80.22 57.17 46.14 53.47 47.94 49.54 37.06 34.77 48.04 48.53 68.14 69.63 74.57 62.71 56.42 55.34 64.17 70.88 68.20 66.85 63.46 64.78 60.09 62.58 54.05 57.23 71.83 44.29 48.60 50.44 50.63 52.00 53.69 59.63 60.74 66.45 61.79 52.97 48.66 48.81 39.79 45.96 44.68 60.72 86.29 63.68 44.96 58.25 49.26 47.78 -9999 -9999
-9999 -9999 -9999 -9999 -9999 -9999 -9999 -9999 -9999 -9999 -9999 100.06 208.39 170.98 228.39 270.24 241.67 344.40 289.08 209.68 175.84 136.91 96.01 85.82 56.86 63.88 62.12 53.67 47.68 41.54 24.70 17.92 32.54 45.65 55.61 58.37 55.04 48.96 46.06 49.94 46.32 55.35 63.00 65.61 56.01 68.99 68.15 55.80 51.74 51.67 52.41 44.97 40.36 37.87 42.76 54.92 55.96 53.87 53.14 55.09 58.34 56.65 48.81 43.62 37.91 42.44 45.47 54.02 62.11 58.26 63.75 51.05 42.26 -9999 -9999 -9999
-9999 -9999 -9999 -9999 -9999 -9999 -9999 -9999 -9999 62.00 79.37 93.63 121.98 130.35 154.86 191.20 177.36 254.75 242.76 215.59 189.75 140.25 111.45 95.35 60.05 63.28 58.03 34.12 31.75 27.23 20.88 18.86 27.93 37.07 33.65 37.79 38.61 32.96 35.31 42.48 43.49 38.76 48.33 50.69 59.00 57.41 50.31 57.67 54.38 58.22 57.89 47.52 45.38 39.55 43.34 46.34 43.86 51.95 54.06 56.12 63.88 54.56 47.67 46.61 44.34 41.63 46.20 48.88 49.87 51.46 54.13 60.29 -9999 -9999 -9999 -9999
-9999 -9999 -9999 -9999 -9999 -9999 -9999 -9999 57.59 59.65 82.97 88.16 97.41 82.42 102.22 106.92 124.63 152.11 186.17 179.23 222.65 118.83 75.15 78.30 53.28 70.84 62.51 46.98 31.16 19.05 19.42 20.36 26.22 32.01 35.29 36.15 33.53 32.36 36.76 40.05 36.16 35.14 45.15 46.41 49.24 43.72 44.19 50.20 48.26 55.96 52.67 44.61 45.38 45.61 45.88 40.91 43.70 47.91 52.91 53.78 54.16 57.28 48.04 52.04 41.52 45.87 44.72 46.43 44.43 45.11 55.28 61.54 -9999 -9999 -9999 -9999
-9999 -9999 -9999 -9999 -9999 -9999 -9999 54.13 68.31 70.58 82.77 -9999 -9999 -9999 -9999 103.43 141.16 171.68 155.34 163.08 145.96 117.82 109.24 95.67 63.17 90.40 64.40 47.94 40.84 26.57 22.34 22.75 21.65 23.39 27.08 34.36 24.94 29.94 34.75 35.91 32.83 34.79 38.90 45.73 47.19 44.65 39.49 41.98 44.21 41.34 41.20 42.25 39.74 43.88 46.48 48.23 45.22 54.18 55.14 58.06 59.50 57.62 53.66 46.57 38.18 38.24 46.81 48.20 47.87 47.66 49.61 47.03 42.03 -9999 -9999 -9999
-9999 -9999 -9999 -9999 -9999 -9999 -9999 58.36 72.28 65.36 63.34 -9999 -9999 -9999 -9999 83.39 117.62 174.03 124.23 177.34 175.90 149.94 129.35 118.97 72.88 78.63 48.67 44.02 29.78 23.80 21.93 23.17 19.86 22.38 27.14 27.56 19.37 21.16 29.40 29.10 35.39 33.82 35.91 39.73 42.96 45.07 45.50 46.23 39.44 37.20 38.15 41.20 41.38 40.01 42.83 48.55 44.95 53.82 57.99 69.73 66.56 62.21 56.66 49.43 47.51 43.42 48.83 47.43 50.19 48.12 46.33 44.43 43.30 45.98 -9999 -9999
-9999 -9999 -9999 -9999 -9999 -9999 -9999 -9999 -9999 -9999 -9999 -9999 -9999 -9999 -9999 64.78 104.57 132.32 133.28 159.32 156.35 162.83 136.96 90.55 82.59 74.51 52.02 44.09 28.39 19.37 18.07 19.90 19.38 23.12 27.37 27.18 19.26 13.27 20.99 31.39 34.58 31.57 37.89 40.86 41.73 41.63 44.41 46.32 37.78 39.40 46.42 42.36 39.36 40.90 46.52 52.37 47.09 50.79 55.92 63.70 65.01 62.95 53.99 52.59 39.16 39.92 53.54 54.25 55.83 45.37 45.49 46.80 47.49 49.64 44.91 55.43
-9999 -9999 -9999 -9999 -9999 -9999 -9999 -9999 -9999 -9999 -9999 -9999 -9999 -9999 -9999 -9999 84.38 90.17 122.41 152.53 173.45 169.46 141.91 94.94 74.12 40.73 47.90 35.30 22.56 16.91 16.47 17.32 14.83 17.19 18.52 23.01 20.63 19.14 19.65 24.83 27.14 27.24 27.18 39.42 43.34 38.67 40.18 38.44 44.55 45.53 45.97 46.99 39.08 41.36 68.31 48.02 48.74 49.66 51.58 56.70 55.53 58.02 54.39 53.04 45.21 45.44 62.02 55.61 54.25 49.45 46.82 43.48 50.39 50.64 50.60 52.59
-9999 -9999 -9999 -9999 -9999 -9999 -9999 -9999 -9999 -9999 -9999 -9999 -9999 -9999 -9999 -9999 76.37 138.80 254.89 186.17 157.02 128.89 107.64 82.14 63.95 41.76 36.08 34.08 22.38 16.44 15.75 15.86 12.77 15.44 12.35 19.85 22.08 21.33 23.12 23.69 23.04 22.07 26.75 34.50 41.19 38.59 33.13 39.88 45.21 44.74 49.34 55.91 52.03 53.54 51.37 48.85 51.42 53.57 61.38 59.11 58.72 56.45 53.96 53.08 48.94 47.63 52.51 51.61 50.64 47.04 47.59 41.67 42.40 41.17 40.31 41.87
-9999 -9999 -9999 -9999 -9999 -9999 -9999 -9999 -9999 -9999 -9999 -9999 -9999 -9999 -9999 86.55 98.80 133.35 198.80 175.85 132.33 115.42 93.64 72.93 62.25 44.15 32.57 28.48 12.32 25.54 18.51 14.87 13.92 17.94 19.55 21.36 24.08 27.13 22.82 20.07 22.87 26.24 27.81 33.97 41.91 38.53 35.84 40.95 43.92 53.20 62.99 57.32 54.72 64.54 50.40 52.10 51.30 56.58 55.38 60.96 73.19 62.47 55.58 58.31 52.55 57.54 48.20 49.19 48.91 46.17 47.26 40.69 40.29 40.99 41.50 35.23
-9999 -9999 -9999 -9999 -9999 -9999 -9999 -9999 -9999 -9999 -9999 -9999 -9999 -9999 -9999 73.16 88.44 142.64 136.47 130.71 104.37 98.86 93.60 75.64 44.93 36.49 31.98 28.97 19.00 22.69 23.95 25.79 22.41 17.67 20.65 22.36 22.67 24.04 30.19 19.19 25.53 31.26 30.91 35.18 41.83 40.94 42.34 42.66 44.70 53.17 60.84 63.14 69.82 61.92 54.08 48.05 41.12 55.99 60.45 51.54 62.00 58.01 52.05 52.63 42.36 44.22 48.90 49.64 57.41 38.98 36.70 37.18 34.57 36.06 33.58 33.74
-9999 -9999 -9999 -9999 -9999 -9999 -9999 -9999 -9999 -9999 -9999 -9999 -9999 -9999 -9999 55.81 69.98 80.76 111.17 98.25 93.46 90.94 95.87 65.20 51.82 31.60 29.38 26.53 25.02 28.07 27.77 35.79 32.73 30.62 26.90 26.77 23.80 21.05 24.05 25.39 25.97 30.86 32.93 31.17 34.59 40.91 44.44 47.31 42.00 62.62 68.94 60.72 65.33 50.32 41.74 43.73 51.09 58.31 54.14 46.52 47.95 49.26 53.73 54.50 52.45 39.65 42.89 56.59 61.94 33.28 35.10 36.64 34.04 34.55 35.94 34.76
-9999 -9999 -9999 -9999 -9999 -9999 -9999 -9999 -9999 -9999 -9999 -9999 -9999 -9999 -9999 -9999 65.49 86.64 113.13 117.76 113.04 90.57 80.94 55.11 32.97 32.53 21.33 22.55 23.73 17.40 21.65 23.76 32.06 27.10 25.64 23.42 26.73 26.95 22.09 25.18 26.84 31.71 35.28 33.81 31.92 33.53 38.81 41.94 38.33 53.23 59.80 53.89 54.26 52.95 44.33 48.13 58.36 56.71 48.70 43.04 49.15 54.71 59.41 56.72 47.19 40.85 42.30 46.64 43.48 41.44 36.10 40.61 38.06 36.77 36.14 35.66
-9999 -9999 -9999 -9999 -9999 -9999 -9999 -9999 -9999 -9999 -9999 -9999 -9999 -9999 -9999 -9999 60.53 81.74 114.38 120.30 131.17 107.34 62.67 55.23 53.27 39.19 30.28 33.73 30.11 25.21 18.50 21.65 29.45 26.95 27.03 30.42 29.07 24.84 22.07 25.24 29.05 30.59 33.17 36.01 30.51 34.65 35.91 36.35 41.90 48.10 54.50 53.18 54.29 55.43 53.47 53.72 54.46 48.18 42.57 49.18 52.19 61.29 63.90 61.65 49.38 41.11 42.07 40.99 35.84 39.24 43.47 38.66 37.67 36.29 35.88 36.72
-9999 -9999 -9999 -9999 -9999 -9999 -9999 -9999 -9999 -9999 -9999 -9999 -9999 -9999 -9999 56.22 45.46 77.44 123.09 127.06 120.72 106.46 61.67 60.88 73.68 51.88 40.62 36.53 28.48 28.33 32.06 28.28 25.62 26.84 30.00 29.30 23.71 24.90 23.69 30.48 27.22 29.69 34.38 38.80 34.09 37.25 43.51 43.92 40.13 54.89 56.91 52.31 53.52 52.25 52.79 55.04 55.74 52.04 43.58 47.94 52.63 61.70 63.55 59.44 46.20 40.68 36.26 34.82 33.79 40.54 40.46 36.92 39.08 37.96 36.02 35.96
-9999 -9999 -9999 -9999 -9999 -9999 -9999 -9999 -9999 -9999 -9999 -9999 -9999 -9999 -9999 57.85 58.19 73.29 89.30 103.60 116.60 96.26 75.88 51.65 52.87 49.23 50.90 46.71 34.12 38.69 39.67 24.56 28.25 23.16 30.30 25.03 33.58 27.55 25.09 29.84 23.74 27.90 32.53 51.48 42.76 42.63 54.58 53.24 47.48 58.14 44.19 48.47 52.99 55.62 51.48 52.44 54.53 52.43 50.93 52.86 53.09 55.52 54.94 55.94 44.76 41.94 39.36 35.33 42.24 41.48 43.20 42.06 40.63 37.81 36.74 35.03
-9999 -9999 -9999 -9999 -9999 -9999 -9999 -9999 -9999 -9999 -9999 -9999 -9999 -9999 -9999 55.41 58.69 58.26 60.42 97.62 104.13 89.35 78.16 53.74 52.74 53.93 46.98 46.69 42.02 32.89 27.43 25.51 22.29 32.69 30.05 25.82 28.03 24.15 25.25 23.77 18.55 21.56 33.10 40.46 44.81 47.95 48.62 49.26 53.56 53.45 46.36 50.34 49.76 52.45 57.06 52.58 47.06 52.42 49.02 48.57 55.31 53.62 51.73 44.60 45.39 43.04 39.03 39.03 39.81 43.72 42.14 46.32 43.53 37.68 35.63 36.53
-9999 -9999 -9999 -9999 -9999 -9999 -9999 -9999 -9999 -9999 -9999 -9999 -9999 -9999 53.98 63.22 77.70 81.05 87.26 100.28 87.36 83.87 70.51 57.99 51.18 48.04 43.24 53.30 42.12 28.53 32.06 28.31 23.07 25.12 24.55 22.08 24.51 23.97 23.37 22.86 19.38 18.74 23.70 41.27 43.69 46.67 48.65 47.99 51.20 51.38 50.22 49.60 48.63 47.78 52.83 56.43 54.90 57.69 48.47 46.61 55.09 50.52 43.59 50.18 45.19 40.11 38.20 37.17 44.01 47.82 43.78 43.74 42.76 41.74 38.25 39.51
-9999 -9999 -9999 -9999 -9999 -9999 -9999 -9999 -9999 -9999 -9999 -9999 -9999 42.82 56.40 64.98 68.87 73.72 94.34 103.32 96.10 74.48 82.62 58.84 54.78 51.95 43.16 59.91 41.04 37.04 29.62 26.38 28.40 30.84 24.92 30.47 29.95 29.74 23.02 24.16 23.56 28.75 33.63 40.43 53.44 55.75 48.31 49.38 54.17 53.60 53.91 50.85 55.20 51.50 51.12 49.85 51.14 59.96 52.56 55.69 50.92 52.51 58.08 53.94 43.99 41.45 38.89 45.47 57.95 52.67 49.54 47.32 40.80 43.27 42.63 46.86
-9999 -9999 -9999 -9999 -9999 -9999 -9999 -9999 -9999 -9999 -9999 55.03 49.97 46.04 41.18 55.23 69.32 71.47 90.16 95.70 114.75 99.42 75.21 58.18 48.07 53.28 41.70 56.83 43.80 35.13 33.04 27.41 25.27 26.85 27.97 34.12 30.44 23.37 24.91 23.69 26.48 31.20 38.06 40.20 51.02 51.67 50.17 56.50 52.41 53.26 47.96 49.31 51.65 52.16 51.44 50.99 50.97 58.56 51.97 58.15 55.06 49.33 61.65 46.62 45.52 45.13 45.44 46.79 52.76 55.82 46.44 51.67 48.57 48.83 43.33 45.17
-9999 -9999 -9999 -9999 -9999 -9999 -9999 62.32 53.22 54.30 73.06 70.17 72.45 62.13 57.00 65.14 69.54 89.74 87.71 91.70 102.24 91.20 66.94 52.93 37.32 48.72 46.74 67.99 59.17 41.22 33.88 29.10 30.67 36.01 28.20 34.55 32.56 22.00 28.20 26.86 27.44 32.30 36.63 38.32 55.54 44.22 49.05 55.80 51.98 55.01 52.68 46.79 56.69 47.19 46.52 54.21 56.00 56.95 54.11 51.32 54.51 58.73 60.23 55.49 48.96 40.03 46.78 49.10 60.98 56.91 53.15 50.42 47.22 47.69 46.42 49.99
-9999 -9999 -9999 -9999 -9999 -9999 69.85 63.76 76.28 72.45 53.35 66.10 67.21 64.78 61.21 53.68 82.01 85.69 104.39 88.39 94.37 84.41 66.22 71.90 57.34 41.17 60.89 50.54 43.86 30.57 30.41 31.90 47.35 38.87 32.01 26.69 30.90 33.99 32.32 35.83 29.03 29.97 35.89 38.38 62.20 54.05 46.73 47.58 47.72 51.35 51.89 59.19 51.15 44.82 49.08 51.24 51.06 54.95 50.21 44.87 48.37 56.08 57.26 58.35 47.32 38.94 44.52 52.64 56.08 52.27 48.33 46.64 48.29 47.97 46.94 46.28
-9999 -9999 -9999 -9999 -9999 61.03 69.88 60.05 61.49 57.01 52.57 60.85 68.62 65.27 68.77 88.64 76.72 71.48 99.77 73.87 78.26 75.67 84.28 68.26 63.31 51.35 48.41 43.44 25.45 35.09 40.51 30.56 42.79 38.18 33.63 26.29 28.56 39.45 39.80 37.26 30.10 33.09 35.24 37.97 50.88 49.95 45.27 54.21 49.05 46.29 46.66 49.84 50.16 48.73 75.82 56.82 51.92 55.26 50.75 44.33 52.45 57.23 54.74 62.01 50.32 50.43 53.16 54.11 55.87 51.07 48.40 49.27 51.20 48.06 54.15 50.94
-9999 57.67 72.10 75.09 103.21 90.97 83.40 79.48 76.89 67.99 64.00 63.56 72.64 76.96 100.57 88.32 78.83 75.36 90.68 89.41 73.55 78.99 74.94 67.26 81.01 55.15 49.71 42.77 46.07 42.20 34.63 42.18 38.82 38.16 28.84 28.53 38.58 45.65 49.69 48.53 36.63 41.21 42.38 50.32 45.52 51.30 53.09 47.99 48.16 47.16 45.29 54.87 49.43 48.94 60.08 48.79 48.27 50.44 49.00 43.87 58.03 54.39 57.27 58.95 50.63 51.48 53.50 56.66 55.99 51.00 59.91 56.17 62.68 63.25 65.30 66.22
73.25 80.75 85.72 91.61 123.49 163.19 132.42 99.32 85.40 99.79 100.23 78.90 79.51 90.78 105.50 94.22 94.40 72.16 73.80 77.59 67.87 58.86 63.05 61.59 57.58 40.33 52.89 57.54 81.03 54.86 39.25 32.39 35.28 30.47 36.57 29.61 33.27 35.97 41.03 44.50 42.92 44.28 44.76 47.60 44.38 61.06 55.39 56.54 47.65 51.05 60.78 55.62 47.88 51.50 54.70 55.32 54.07 53.80 49.42 57.18 60.57 56.20 66.42 54.31 48.80 60.22 58.91 61.39 63.88 67.38 71.33 68.44 74.31 70.13 67.89 76.98
