Rainfall_2007-2011/Rainfall_2008-11_ACTUAL.txt
ncols         180
nrows         290
xllcorner     -200000
yllcorner     -200000
cellsize      5000
NODATA_value  -9999
[rows 102 to 135 of 290, columns 76 to 151 of 180]
190.87 -9999 188.49 208.60 271.86 254.76 311.21 283.91 296.73 278.26 320.25 290.82 280.72 215.31 167.83 176.11 146.58 119.05 134.66 160.11 174.43 100.23 85.45 74.44 59.92 46.48 31.67 28.36 27.63 39.65 34.46 34.02 33.83 31.23 26.38 28.69 27.27 -9999 -9999 -9999 -9999 -9999 -9999 -9999 -9999 -9999 -9999 -9999 -9999 -9999 -9999 -9999 -9999 -9999 -9999 -9999 -9999 -9999 -9999 -9999 -9999 -9999 -9999 -9999 -9999 -9999 -9999 -9999 -9999 -9999 -9999 -9999 -9999 -9999 -9999 -9999
-9999 153.93 161.85 177.40 161.33 283.43 311.23 241.02 269.57 316.16 264.28 328.86 345.68 235.53 182.33 129.59 163.05 148.19 172.23 163.74 160.35 143.78 100.59 66.94 51.08 42.57 33.78 31.77 35.52 30.78 23.68 27.58 28.05 27.38 28.12 -9999 -9999 -9999 -9999 -9999 -9999 -9999 -9999 -9999 -9999 -9999 -9999 -9999 -9999 -9999 -9999 -9999 -9999 -9999 -9999 -9999 -9999 -9999 -9999 -9999 -9999 -9999 -9999 -9999 -9999 -9999 -9999 -9999 -9999 -9999 -9999 -9999 -9999 -9999 -9999 -9999
183.12 185.59 205.03 229.02 209.34 238.29 227.96 218.91 257.50 290.32 260.74 231.66 224.88 196.79 181.13 181.96 125.07 141.49 128.77 132.98 133.25 80.82 70.93 50.78 43.99 39.48 31.53 30.28 28.31 24.73 23.49 23.55 27.82 26.17 -9999 -9999 -9999 -9999 -9999 -9999 -9999 -9999 -9999 -9999 -9999 -9999 -9999 -9999 -9999 -9999 -9999 -9999 -9999 -9999 -9999 -9999 -9999 -9999 -9999 -9999 -9999 -9999 -9999 -9999 -9999 -9999 -9999 -9999 -9999 -9999 -9999 -9999 -9999 -9999 -9999 -9999
190.20 227.89 222.26 219.64 197.19 233.06 265.58 294.96 329.48 311.55 290.23 259.39 263.03 205.12 168.01 147.24 139.32 158.32 129.06 97.68 61.58 57.26 53.10 43.49 38.18 29.15 24.91 29.40 24.79 25.04 28.90 25.32 28.13 29.51 -9999 -9999 -9999 -9999 -9999 -9999 -9999 -9999 -9999 -9999 -9999 -9999 -9999 -9999 -9999 -9999 -9999 -9999 -9999 -9999 -9999 -9999 -9999 -9999 -9999 -9999 -9999 -9999 -9999 -9999 -9999 -9999 -9999 -9999 -9999 -9999 -9999 -9999 -9999 -9999 -9999 -9999
233.96 213.32 241.52 252.13 250.31 282.99 270.74 290.25 278.06 333.72 287.16 265.74 219.14 229.31 166.45 162.92 201.43 158.47 145.77 122.15 88.90 61.61 50.51 40.85 32.79 24.16 30.74 31.70 29.42 27.69 26.59 26.81 25.20 29.57 26.32 -9999 -9999 -9999 -9999 -9999 -9999 -9999 -9999 -9999 -9999 -9999 -9999 -9999 -9999 -9999 -9999 -9999 -9999 -9999 -9999 -9999 -9999 -9999 -9999 -9999 -9999 -9999 -9999 -9999 -9999 -9999 -9999 -9999 -9999 -9999 -9999 -9999 -9999 -9999 -9999 -9999
203.79 225.87 262.26 241.70 249.51 226.79 214.50 260.64 316.57 348.88 233.12 242.33 220.05 178.48 149.43 187.70 156.64 164.01 163.57 107.90 87.91 64.75 46.19 51.34 52.16 53.44 61.83 46.66 31.68 27.69 30.57 36.02 30.44 33.10 31.17 25.69 -9999 -9999 -9999 -9999 -9999 -9999 -9999 -9999 -9999 -9999 -9999 -9999 -9999 -9999 -9999 -9999 -9999 -9999 -9999 -9999 -9999 -9999 -9999 -9999 -9999 -9999 -9999 -9999 -9999 -9999 -9999 -9999 -9999 -9999 -9999 -9999 -9999 -9999 -9999 -9999
197.98 228.50 235.59 251.70 238.23 226.09 222.01 277.18 295.59 357.33 223.92 202.04 190.62 168.56 142.54 125.09 105.13 108.49 91.74 75.42 70.95 66.76 73.32 83.93 72.15 65.53 56.83 46.34 42.37 31.41 34.89 29.37 32.21 32.51 29.79 31.89 25.97 -9999 -9999 -9999 -9999 -9999 -9999 -9999 -9999 -9999 -9999 -9999 -9999 -9999 -9999 -9999 -9999 -9999 -9999 -9999 -9999 -9999 -9999 -9999 -9999 -9999 -9999 -9999 -9999 -9999 -9999 -9999 -9999 -9999 -9999 -9999 -9999 -9999 -9999 -9999
180.28 188.73 216.88 223.35 219.78 211.78 233.17 281.71 260.21 218.79 200.37 237.39 166.17 148.81 130.22 117.93 92.86 83.38 63.50 61.08 62.98 88.30 95.01 81.21 75.01 56.18 51.93 40.24 39.18 33.13 31.17 24.15 21.10 25.91 25.29 25.37 -9999 -9999 -9999 -9999 -9999 -9999 -9999 -9999 -9999 -9999 -9999 -9999 -9999 -9999 -9999 -9999 -9999 -9999 -9999 -9999 -9999 -9999 -9999 -9999 -9999 -9999 -9999 -9999 -9999 -9999 -9999 -9999 -9999 -9999 -9999 -9999 -9999 -9999 -9999 -9999
137.23 170.08 184.87 191.47 216.44 249.28 212.14 253.11 243.02 224.21 202.60 163.86 178.85 128.94 126.84 86.87 72.77 62.72 59.64 50.05 61.50 49.17 44.70 50.25 51.55 50.93 44.18 36.78 34.37 28.96 27.32 22.39 -9999 -9999 -9999 -9999 -9999 -9999 -9999 -9999 -9999 -9999 -9999 -9999 -9999 -9999 -9999 -9999 -9999 -9999 -9999 -9999 -9999 -9999 -9999 -9999 -9999 -9999 -9999 -9999 -9999 -9999 -9999 -9999 -9999 -9999 -9999 -9999 -9999 -9999 -9999 -9999 -9999 -9999 -9999 -9999
148.16 175.20 175.07 157.50 224.36 218.73 241.47 247.41 172.12 186.52 177.70 139.54 133.30 126.97 90.26 86.54 81.58 77.53 80.19 59.26 62.98 46.83 36.68 42.76 44.47 47.66 42.00 39.92 37.33 30.27 -9999 -9999 -9999 -9999 -9999 -9999 -9999 -9999 -9999 -9999 -9999 -9999 -9999 -9999 -9999 -9999 -9999 -9999 -9999 -9999 -9999 -9999 -9999 -9999 -9999 -9999 -9999 -9999 -9999 -9999 -9999 -9999 -9999 -9999 -9999 -9999 -9999 -9999 -9999 -9999 -9999 -9999 -9999 -9999 -9999 -9999
162.73 155.94 161.13 201.15 198.98 216.43 252.86 229.57 178.24 163.81 144.73 105.49 100.91 92.68 79.45 81.58 69.97 97.27 87.95 78.09 72.38 55.82 35.98 37.92 37.22 36.38 35.76 38.91 35.40 26.79 -9999 -9999 -9999 -9999 -9999 -9999 -9999 -9999 -9999 -9999 -9999 -9999 -9999 -9999 -9999 -9999 -9999 -9999 -9999 -9999 -9999 -9999 -9999 -9999 -9999 -9999 -9999 -9999 -9999 -9999 -9999 -9999 -9999 -9999 -9999 -9999 -9999 -9999 -9999 -9999 -9999 -9999 -9999 -9999 -9999 -9999
165.92 -9999 166.83 198.14 200.74 209.64 220.10 218.68 158.69 118.54 116.62 108.63 105.71 107.39 100.58 135.22 131.55 120.17 111.85 83.96 65.64 55.46 37.67 35.83 34.78 33.70 39.11 26.22 -9999 -9999 -9999 -9999 -9999 20.46 18.41 23.59 22.14 -9999 -9999 -9999 -9999 -9999 -9999 -9999 -9999 -9999 -9999 -9999 -9999 -9999 -9999 -9999 -9999 -9999 -9999 -9999 -9999 -9999 -9999 -9999 -9999 -9999 -9999 -9999 -9999 -9999 -9999 -9999 -9999 -9999 -9999 -9999 -9999 -9999 -9999 -9999
196.76 -9999 165.99 198.77 183.46 166.28 207.90 164.50 128.65 116.61 117.40 106.38 96.74 108.85 108.86 114.30 98.81 87.18 85.55 73.00 67.10 61.83 46.51 39.35 37.88 36.26 31.70 25.53 23.38 21.56 -9999 -9999 18.55 19.71 24.06 24.60 25.48 23.50 27.45 -9999 -9999 -9999 -9999 -9999 -9999 -9999 -9999 -9999 -9999 -9999 -9999 -9999 -9999 -9999 -9999 -9999 -9999 -9999 -9999 -9999 -9999 -9999 -9999 -9999 -9999 -9999 -9999 -9999 -9999 -9999 -9999 -9999 -9999 -9999 -9999 -9999
171.93 148.68 162.98 150.56 163.47 154.29 158.60 136.81 129.62 131.95 123.41 102.54 79.15 80.37 89.71 88.61 79.76 75.16 75.41 74.54 66.36 64.86 48.75 47.67 44.30 35.37 31.62 29.62 23.28 25.76 23.36 19.09 21.14 24.14 25.84 29.07 32.72 31.31 43.68 31.81 -9999 -9999 -9999 -9999 -9999 -9999 -9999 -9999 -9999 -9999 -9999 -9999 -9999 -9999 -9999 -9999 -9999 -9999 -9999 -9999 -9999 -9999 -9999 -9999 -9999 -9999 -9999 -9999 -9999 -9999 -9999 -9999 -9999 -9999 -9999 -9999
148.82 153.03 141.60 159.30 137.21 116.22 128.95 -9999 137.16 161.41 149.72 118.83 84.51 73.22 72.41 67.63 68.56 56.42 57.57 69.37 63.72 60.17 47.12 44.72 36.20 46.97 37.28 33.94 29.59 26.42 28.20 24.76 24.62 29.90 31.45 35.02 37.88 41.83 49.13 45.63 48.39 47.12 31.38 -9999 -9999 -9999 -9999 -9999 -9999 -9999 -9999 -9999 -9999 -9999 -9999 -9999 -9999 -9999 -9999 -9999 -9999 -9999 -9999 -9999 -9999 -9999 -9999 -9999 -9999 -9999 -9999 -9999 -9999 -9999 -9999 -9999
136.45 158.36 126.86 -9999 107.45 99.02 115.76 -9999 122.58 178.66 149.93 116.08 87.66 82.61 80.02 72.67 58.02 48.56 47.00 56.96 54.63 59.41 57.25 46.22 48.17 42.83 42.13 49.05 44.83 30.80 27.50 31.49 27.76 35.58 50.46 53.66 48.73 47.23 49.14 46.67 56.34 40.76 44.15 -9999 -9999 -9999 -9999 -9999 -9999 -9999 -9999 -9999 -9999 -9999 -9999 -9999 -9999 -9999 -9999 -9999 -9999 -9999 -9999 -9999 -9999 -9999 -9999 -9999 -9999 -9999 -9999 -9999 -9999 -9999 -9999 -9999
127.23 137.80 117.67 -9999 -9999 99.99 95.62 97.96 123.26 134.75 124.95 111.40 104.27 99.24 92.33 80.34 71.83 52.10 47.25 57.86 56.56 59.37 61.35 63.54 65.77 65.45 65.42 53.57 41.73 42.59 37.76 35.09 33.68 39.42 49.54 59.42 55.44 49.97 48.31 37.57 42.13 50.14 44.78 41.96 -9999 -9999 -9999 -9999 -9999 -9999 -9999 -9999 -9999 -9999 -9999 -9999 -9999 -9999 -9999 -9999 -9999 -9999 -9999 -9999 -9999 -9999 -9999 -9999 -9999 -9999 -9999 -9999 -9999 -9999 -9999 -9999
120.57 -9999 -9999 -9999 -9999 -9999 93.47 94.58 118.33 123.25 110.61 108.13 112.53 105.80 108.26 95.37 80.78 66.51 58.10 52.42 51.32 50.78 56.75 60.79 61.79 62.13 57.27 53.26 40.99 46.45 51.68 49.43 37.75 41.75 47.28 49.54 51.94 46.86 46.35 36.60 35.79 39.57 46.73 40.95 -9999 -9999 -9999 -9999 -9999 -9999 -9999 -9999 -9999 -9999 -9999 -9999 -9999 -9999 -9999 -9999 -9999 -9999 -9999 -9999 -9999 -9999 -9999 -9999 -9999 -9999 -9999 -9999 -9999 -9999 -9999 -9999
119.82 124.48 130.08 142.27 -9999 -9999 -9999 94.49 107.65 104.35 97.26 97.87 97.73 102.83 107.79 102.05 94.18 77.66 69.98 53.77 43.82 47.63 48.13 43.85 53.09 49.89 50.63 63.10 54.59 61.22 66.26 63.61 55.19 56.16 50.37 45.08 44.12 43.73 42.11 33.68 32.21 34.40 41.05 40.62 46.47 -9999 -9999 -9999 -9999 -9999 -9999 -9999 -9999 -9999 -9999 -9999 -9999 -9999 -9999 -9999 -9999 -9999 -9999 -9999 -9999 -9999 -9999 -9999 -9999 -9999 -9999 -9999 -9999 -9999 -9999 -9999
118.69 110.40 130.08 212.48 203.09 -9999 -9999 -9999 80.31 73.92 70.52 80.14 79.57 82.06 90.64 89.55 98.03 79.66 65.63 48.28 52.00 45.11 41.35 39.55 56.11 52.46 62.21 52.74 61.05 55.57 56.45 66.59 65.75 57.83 51.39 44.10 37.90 34.03 38.41 31.22 33.90 36.36 38.96 44.15 42.54 37.01 -9999 -9999 -9999 -9999 -9999 -9999 -9999 -9999 -9999 -9999 -9999 -9999 -9999 -9999 -9999 -9999 -9999 -9999 -9999 -9999 -9999 -9999 -9999 -9999 -9999 -9999 -9999 -9999 -9999 -9999
108.50 75.01 105.25 224.43 199.56 -9999 -9999 -9999 -9999 -9999 55.33 66.26 83.81 78.54 79.27 81.76 90.46 98.04 86.81 69.00 56.13 43.02 40.11 42.74 52.32 46.51 64.11 55.93 58.23 61.93 58.63 46.62 50.08 42.41 53.64 44.45 40.65 36.73 31.56 32.21 33.62 37.98 39.98 40.83 46.55 41.77 40.93 -9999 -9999 -9999 -9999 -9999 -9999 -9999 -9999 -9999 -9999 -9999 -9999 -9999 -9999 -9999 -9999 -9999 -9999 -9999 -9999 -9999 -9999 -9999 -9999 -9999 -9999 -9999 -9999 -9999
-9999 88.13 103.95 191.92 175.61 -9999 -9999 -9999 -9999 -9999 53.91 61.70 76.15 79.37 91.89 114.38 105.85 105.09 91.99 82.32 67.71 61.09 55.10 63.37 77.83 81.81 65.44 91.38 67.46 81.14 62.72 74.56 69.71 56.62 63.53 41.51 41.17 36.88 34.16 40.54 52.17 42.10 42.16 36.87 46.80 54.73 52.08 53.08 42.74 -9999 -9999 -9999 -9999 -9999 -9999 -9999 -9999 -9999 -9999 -9999 -9999 -9999 -9999 -9999 -9999 -9999 -9999 -9999 -9999 -9999 -9999 -9999 -9999 -9999 -9999 -9999
-9999 -9999 125.52 150.66 137.92 -9999 -9999 -9999 -9999 -9999 54.75 52.84 63.33 68.70 77.10 88.00 90.69 94.27 89.22 98.84 85.28 74.91 81.41 93.73 121.50 110.75 90.06 109.01 98.25 78.37 76.28 77.04 50.80 51.46 52.28 41.92 41.14 41.30 36.02 41.01 49.12 59.25 62.96 60.75 51.72 46.74 56.39 59.27 46.20 -9999 -9999 -9999 -9999 -9999 -9999 -9999 -9999 -9999 -9999 -9999 -9999 -9999 -9999 -9999 -9999 -9999 -9999 -9999 -9999 -9999 -9999 -9999 -9999 -9999 -9999 -9999
-9999 -9999 110.03 125.10 119.16 -9999 -9999 -9999 -9999 -9999 51.99 46.84 58.32 70.63 73.32 79.55 88.19 102.96 114.47 104.41 105.73 96.95 94.61 87.26 100.04 99.97 116.39 109.12 96.72 95.15 91.73 61.14 63.15 51.14 51.52 45.91 34.84 40.75 50.36 55.49 64.20 80.27 78.18 77.41 54.34 53.39 52.05 56.70 49.17 -9999 -9999 -9999 -9999 -9999 -9999 -9999 -9999 -9999 -9999 -9999 -9999 -9999 -9999 -9999 -9999 -9999 -9999 -9999 -9999 -9999 -9999 -9999 -9999 -9999 -9999 -9999
-9999 -9999 -9999 -9999 -9999 -9999 -9999 -9999 -9999 68.45 64.99 67.37 69.61 73.76 78.94 81.98 82.85 89.78 114.98 115.48 115.13 133.02 123.98 120.08 119.48 123.55 128.98 131.29 113.18 122.12 99.16 83.29 67.13 57.79 45.93 46.11 51.11 46.63 58.60 68.07 87.60 79.50 87.18 72.75 56.10 54.98 48.99 50.59 52.17 -9999 -9999 -9999 -9999 -9999 -9999 -9999 -9999 -9999 -9999 -9999 -9999 -9999 -9999 -9999 -9999 -9999 -9999 -9999 -9999 -9999 -9999 -9999 -9999 -9999 -9999 -9999
-9999 -9999 -9999 -9999 -9999 -9999 -9999 -9999 -9999 88.21 69.88 77.80 92.36 101.59 101.54 101.59 100.42 102.05 90.23 107.40 127.03 127.48 149.07 143.60 122.19 90.17 128.06 118.24 129.18 115.72 100.30 84.75 68.41 52.34 55.39 55.97 59.93 56.92 62.63 79.41 76.47 74.21 84.09 75.50 57.86 54.09 51.81 60.05 49.60 -9999 -9999 -9999 -9999 -9999 -9999 -9999 -9999 -9999 -9999 -9999 -9999 -9999 -9999 -9999 -9999 -9999 -9999 -9999 -9999 -9999 -9999 -9999 -9999 -9999 -9999 -9999
-9999 -9999 -9999 -9999 -9999 -9999 -9999 -9999 80.84 91.32 86.93 94.32 114.07 110.59 128.49 145.34 138.70 132.49 126.67 98.53 99.87 124.70 145.40 141.90 119.33 81.26 99.20 134.20 125.83 125.41 109.44 101.62 80.33 72.17 71.75 72.97 70.43 92.86 106.86 92.62 81.93 71.26 58.11 64.13 59.08 66.36 62.33 50.88 47.63 -9999 -9999 -9999 -9999 -9999 -9999 -9999 -9999 -9999 -9999 -9999 -9999 -9999 -9999 -9999 -9999 -9999 -9999 -9999 -9999 -9999 -9999 -9999 -9999 -9999 -9999 -9999
-9999 -9999 -9999 -9999 -9999 -9999 -9999 -9999 83.79 85.17 105.68 112.07 128.18 119.80 144.34 149.86 186.37 154.86 128.10 105.93 109.53 104.94 143.26 141.06 105.45 85.80 101.56 132.82 131.82 123.78 124.02 101.71 104.23 111.95 98.33 102.12 101.17 120.25 90.16 86.03 81.00 71.91 68.36 56.84 52.88 57.60 51.96 47.80 46.29 49.14 -9999 -9999 -9999 -9999 -9999 -9999 -9999 -9999 -9999 -9999 -9999 -9999 -9999 -9999 -9999 -9999 -9999 -9999 -9999 -9999 -9999 -9999 -9999 -9999 -9999 -9999
-9999 -9999 -9999 -9999 -9999 -9999 -9999 70.17 93.87 109.30 125.55 155.31 133.26 134.11 137.55 159.25 161.01 151.92 133.93 113.78 93.09 78.14 88.56 105.94 102.48 89.55 90.84 115.88 128.01 125.87 127.57 129.17 105.25 124.94 112.35 97.37 116.50 92.54 97.14 90.65 70.07 70.04 66.75 61.83 64.60 54.38 52.63 52.21 52.35 47.56 -9999 -9999 -9999 -9999 -9999 -9999 -9999 -9999 -9999 -9999 -9999 -9999 -9999 -9999 -9999 -9999 -9999 -9999 -9999 -9999 -9999 -9999 -9999 -9999 -9999 -9999
-9999 -9999 -9999 -9999 -9999 -9999 -9999 91.84 106.04 130.56 169.70 173.70 168.98 156.52 183.41 152.74 142.33 133.69 131.92 123.27 86.87 77.77 84.05 93.12 100.35 80.75 79.54 76.65 99.92 128.98 155.74 104.27 121.72 129.19 107.68 122.40 109.90 95.78 84.43 65.93 63.34 62.95 55.35 55.99 62.41 56.07 61.39 59.72 59.18 55.56 -9999 -9999 -9999 -9999 -9999 -9999 -9999 -9999 -9999 -9999 -9999 -9999 -9999 -9999 -9999 -9999 -9999 -9999 -9999 -9999 -9999 -9999 -9999 -9999 -9999 -9999
-9999 -9999 -9999 -9999 -9999 -9999 95.05 100.51 117.62 152.23 170.31 173.57 206.08 191.23 213.29 152.46 125.83 122.78 124.07 125.72 90.29 67.06 71.80 79.49 73.98 67.89 88.98 80.37 94.82 131.38 124.13 96.08 128.26 146.15 121.66 114.15 90.74 89.41 73.61 73.02 67.04 65.96 60.58 58.38 55.87 49.94 61.36 58.28 53.83 46.52 -9999 -9999 -9999 -9999 -9999 -9999 -9999 -9999 -9999 -9999 -9999 -9999 -9999 -9999 -9999 -9999 -9999 -9999 -9999 -9999 -9999 -9999 -9999 -9999 -9999 -9999
-9999 -9999 -9999 -9999 -9999 89.10 100.64 112.46 125.10 141.04 139.16 151.41 184.51 192.09 215.63 138.34 102.90 107.59 112.91 100.88 88.15 75.70 68.71 67.32 72.95 57.12 67.31 84.56 89.13 83.77 79.31 80.61 92.63 99.81 98.73 102.63 93.17 95.84 84.31 82.42 61.34 59.08 60.34 62.45 57.86 52.81 51.18 57.15 47.99 41.41 40.88 -9999 -9999 -9999 -9999 -9999 -9999 -9999 -9999 -9999 -9999 -9999 -9999 -9999 -9999 -9999 -9999 -9999 -9999 -9999 -9999 -9999 -9999 -9999 -9999 -9999
-9999 -9999 -9999 -9999 -9999 119.34 137.79 124.05 125.06 130.49 124.18 125.51 214.14 222.00 190.30 153.29 112.54 106.67 101.37 90.93 105.43 74.41 66.10 61.38 60.33 68.06 60.13 79.26 81.05 63.50 58.29 75.64 72.26 69.54 75.43 84.93 85.04 94.50 89.94 79.25 66.20 62.35 58.58 49.77 61.16 53.95 43.95 42.03 42.55 40.21 41.17 -9999 -9999 -9999 -9999 -9999 -9999 -9999 -9999 -9999 -9999 -9999 -9999 -9999 -9999 -9999 -9999 -9999 -9999 -9999 -9999 -9999 -9999 -9999 -9999 -9999
-9999 -9999 -9999 83.49 95.63 114.58 118.36 119.15 127.82 134.60 123.59 120.98 174.26 168.32 191.11 161.13 129.58 95.13 90.70 92.64 87.32 76.95 67.90 53.17 59.85 62.82 59.02 66.03 69.30 60.66 57.89 60.38 62.67 57.39 65.61 82.14 78.02 73.85 76.24 76.40 65.49 60.89 65.57 63.47 45.78 43.99 38.66 38.79 39.96 39.70 38.93 -9999 -9999 -9999 -9999 -9999 -9999 -9999 -9999 -9999 -9999 -9999 -9999 -9999 -9999 -9999 -9999 -9999 -9999 -9999 -9999 -9999 -9999 -9999 -9999 -9999
