Rainfall_2007-2011/Rainfall_2007-07_ACTUAL.txt
ncols         180
nrows         290
xllcorner     -200000
yllcorner     -200000
cellsize      5000
NODATA_value  -9999
[rows 132 to 164 of 290, columns 75 to 149 of 180]
-9999 -9999 -9999 -9999 -9999 -9999 -9999 107.19 109.16 113.97 130.96 129.82 128.95 160.08 150.94 149.06 123.55 113.65 107.99 96.52 96.91 96.35 109.62 135.21 134.66 134.34 140.06 131.41 182.66 170.82 180.69 187.39 183.77 190.32 157.40 161.24 185.69 145.44 148.49 139.69 139.75 122.11 110.37 95.05 86.98 69.71 68.26 75.56 80.37 76.74 59.71 -9999 -9999 -9999 -9999 -9999 -9999 -9999 -9999 -9999 -9999 -9999 -9999 -9999 -9999 -9999 -9999 -9999 -9999 -9999 -9999 -9999 -9999 -9999 -9999
-9999 -9999 -9999 -9999 -9999 -9999 103.34 111.26 118.99 99.80 106.08 108.94 106.12 139.70 153.28 196.72 116.30 89.70 105.54 112.00 102.01 99.59 88.90 98.14 108.53 141.74 123.75 141.12 166.71 171.51 165.02 175.38 185.22 165.17 151.83 169.10 195.17 173.88 167.64 155.66 163.55 115.96 95.21 92.64 87.95 66.92 64.95 72.03 80.67 72.54 72.40 71.08 -9999 -9999 -9999 -9999 -9999 -9999 -9999 -9999 -9999 -9999 -9999 -9999 -9999 -9999 -9999 -9999 -9999 -9999 -9999 -9999 -9999 -9999 -9999
-9999 -9999 -9999 -9999 -9999 -9999 120.96 143.12 120.63 97.63 102.23 98.35 88.96 170.92 186.50 142.17 133.32 103.26 106.35 108.65 96.62 121.62 80.34 81.06 97.10 109.99 149.38 142.61 160.62 156.64 152.82 147.13 160.51 141.37 140.23 158.16 178.34 185.54 175.17 161.62 135.50 109.35 100.25 88.58 84.38 79.55 70.31 65.71 65.13 68.42 78.65 63.72 -9999 -9999 -9999 -9999 -9999 -9999 -9999 -9999 -9999 -9999 -9999 -9999 -9999 -9999 -9999 -9999 -9999 -9999 -9999 -9999 -9999 -9999 -9999
-9999 -9999 -9999 -9999 94.41 101.77 120.20 121.06 113.62 100.72 95.46 89.59 76.13 147.32 149.02 159.34 132.37 119.06 101.94 113.47 104.79 102.52 100.44 101.76 86.23 104.75 135.95 153.79 148.58 142.31 140.52 133.16 134.51 130.51 106.89 129.78 195.40 196.17 182.60 153.83 142.26 111.23 100.90 77.31 83.27 68.63 75.48 64.39 57.35 67.63 72.33 69.26 -9999 -9999 -9999 -9999 -9999 -9999 -9999 -9999 -9999 -9999 -9999 -9999 -9999 -9999 -9999 -9999 -9999 -9999 -9999 -9999 -9999 -9999 -9999
-9999 -9999 -9999 -9999 94.64 95.68 93.44 111.19 106.78 107.12 96.61 87.39 98.32 112.27 124.64 162.35 129.44 107.69 97.27 97.29 88.16 95.61 101.64 122.86 121.47 124.56 123.16 139.17 133.72 119.67 116.11 104.32 121.38 100.90 97.21 103.91 125.07 171.30 174.68 145.09 129.34 111.24 85.93 94.76 104.34 88.86 99.80 75.87 62.26 61.21 70.73 79.00 71.16 -9999 -9999 -9999 -9999 -9999 -9999 -9999 -9999 -9999 -9999 -9999 -9999 -9999 -9999 -9999 -9999 -9999 -9999 -9999 -9999 -9999 -9999
-9999 -9999 -9999 -9999 96.45 93.19 82.22 99.77 91.46 110.99 98.48 95.88 93.96 91.43 113.46 130.74 105.59 102.78 97.22 71.18 73.64 93.60 105.26 143.97 146.61 -9999 -9999 -9999 112.71 113.58 -9999 100.74 107.51 98.32 95.78 93.10 122.37 153.74 164.85 129.34 130.99 114.20 122.18 117.33 87.98 84.82 82.52 80.28 77.91 61.09 66.91 79.31 85.50 -9999 -9999 -9999 -9999 -9999 -9999 -9999 -9999 -9999 -9999 -9999 -9999 -9999 -9999 -9999 -9999 -9999 -9999 -9999 -9999 -9999 -9999
-9999 -9999 -9999 -9999 95.54 108.53 77.91 74.26 84.27 96.45 102.60 98.95 109.37 121.26 106.28 123.20 89.71 94.79 99.76 77.68 89.73 87.70 98.41 102.23 121.76 -9999 -9999 -9999 112.94 112.60 108.54 94.79 78.67 87.75 100.55 127.23 143.55 172.76 144.93 138.99 123.97 131.75 121.99 95.23 87.57 85.51 95.30 81.71 85.85 94.26 83.41 77.68 79.58 -9999 -9999 -9999 -9999 -9999 -9999 -9999 -9999 -9999 -9999 -9999 -9999 -9999 -9999 -9999 -9999 -9999 -9999 -9999 -9999 -9999 -9999
-9999 -9999 -9999 -9999 -9999 101.93 82.90 69.53 -9999 93.79 97.48 97.11 109.54 102.53 -9999 87.47 75.63 85.39 82.45 87.01 92.08 81.95 84.11 -9999 -9999 -9999 -9999 100.64 77.99 95.31 85.51 90.60 85.78 84.82 90.57 133.73 133.63 204.67 165.76 168.91 138.42 124.64 123.86 93.02 99.28 65.69 81.95 91.09 96.04 92.68 82.64 86.72 89.58 88.48 -9999 -9999 -9999 -9999 -9999 -9999 -9999 -9999 -9999 -9999 -9999 -9999 -9999 -9999 -9999 -9999 -9999 -9999 -9999 -9999 -9999
-9999 -9999 -9999 -9999 -9999 -9999 77.85 -9999 -9999 -9999 75.96 69.84 74.32 64.75 55.01 -9999 -9999 74.85 77.54 94.43 97.45 -9999 -9999 -9999 -9999 -9999 96.44 98.09 90.24 95.25 74.25 89.83 92.75 95.28 108.69 135.32 151.00 176.06 209.15 191.55 165.80 161.01 157.86 116.38 94.95 95.33 94.66 78.85 95.04 97.44 89.50 92.69 98.49 91.51 -9999 -9999 -9999 -9999 -9999 -9999 -9999 -9999 -9999 -9999 -9999 -9999 -9999 -9999 -9999 -9999 -9999 -9999 -9999 -9999 -9999
-9999 -9999 -9999 -9999 -9999 -9999 70.83 68.24 -9999 -9999 -9999 60.90 69.72 67.97 59.15 -9999 -9999 -9999 -9999 86.62 -9999 -9999 -9999 -9999 -9999 -9999 91.74 93.74 85.49 74.58 84.89 100.78 120.32 112.50 120.59 149.07 143.95 155.00 173.70 168.03 189.61 168.56 160.74 120.45 104.33 109.18 106.33 126.33 94.68 87.05 89.84 97.18 113.28 103.35 -9999 -9999 -9999 -9999 -9999 -9999 -9999 -9999 -9999 -9999 -9999 -9999 -9999 -9999 -9999 -9999 -9999 -9999 -9999 -9999 -9999
-9999 -9999 -9999 -9999 -9999 -9999 -9999 76.48 -9999 -9999 -9999 -9999 66.40 66.30 62.99 -9999 -9999 -9999 -9999 -9999 -9999 -9999 -9999 -9999 -9999 84.54 75.65 99.42 91.29 101.81 120.36 146.13 131.93 142.61 136.09 147.41 179.24 178.67 225.32 224.48 192.88 153.10 115.57 101.50 107.14 94.33 94.55 114.89 113.03 93.16 96.22 93.27 125.57 117.48 105.34 -9999 -9999 -9999 -9999 -9999 -9999 -9999 -9999 -9999 -9999 -9999 -9999 -9999 -9999 -9999 -9999 -9999 -9999 -9999 -9999
-9999 -9999 -9999 -9999 -9999 -9999 -9999 85.29 -9999 -9999 -9999 -9999 -9999 -9999 -9999 -9999 -9999 -9999 -9999 -9999 -9999 -9999 -9999 -9999 -9999 77.12 94.91 97.98 100.92 103.72 126.17 137.28 128.00 153.34 152.83 163.35 123.19 130.57 202.45 235.96 195.35 124.26 167.41 171.79 154.49 133.53 135.91 98.94 103.43 97.02 102.72 92.62 109.59 114.87 118.07 113.00 -9999 -9999 -9999 -9999 -9999 -9999 -9999 -9999 -9999 -9999 -9999 -9999 -9999 -9999 -9999 -9999 -9999 -9999 -9999
-9999 -9999 -9999 -9999 -9999 -9999 -9999 -9999 -9999 -9999 -9999 -9999 -9999 -9999 -9999 -9999 -9999 -9999 -9999 -9999 -9999 -9999 -9999 -9999 71.20 79.17 88.69 106.50 157.50 135.64 197.69 178.93 142.77 115.47 132.52 121.75 104.46 117.22 171.69 259.34 220.58 159.92 134.99 120.22 136.67 130.53 127.02 110.57 114.44 101.19 92.25 98.55 117.33 108.68 102.49 99.05 -9999 -9999 -9999 -9999 -9999 -9999 -9999 -9999 -9999 -9999 -9999 -9999 -9999 -9999 -9999 -9999 -9999 -9999 -9999
-9999 -9999 -9999 -9999 -9999 -9999 -9999 -9999 -9999 -9999 -9999 -9999 -9999 -9999 -9999 -9999 -9999 -9999 -9999 -9999 -9999 -9999 -9999 -9999 89.86 105.35 122.28 136.30 171.61 162.86 141.66 164.73 153.52 142.46 138.83 128.62 128.09 128.72 160.27 189.85 260.73 210.67 165.34 131.38 110.98 110.65 107.29 116.41 103.12 111.35 100.58 113.07 99.79 100.56 91.13 82.58 85.39 85.78 76.36 -9999 -9999 -9999 -9999 -9999 -9999 -9999 -9999 -9999 -9999 -9999 -9999 -9999 -9999 -9999 -9999
96.85 -9999 -9999 -9999 -9999 -9999 -9999 -9999 -9999 -9999 -9999 -9999 -9999 -9999 -9999 -9999 -9999 -9999 -9999 -9999 -9999 -9999 -9999 -9999 88.91 120.83 125.99 157.27 160.06 189.24 201.00 243.29 211.16 171.35 187.17 149.44 145.45 138.68 127.58 127.26 181.14 174.07 159.51 137.55 105.58 108.38 117.47 109.01 100.72 112.53 110.44 96.05 92.71 95.60 83.07 87.44 105.47 89.28 87.68 84.66 79.18 -9999 -9999 -9999 -9999 -9999 -9999 -9999 -9999 -9999 -9999 -9999 -9999 -9999 -9999
-9999 -9999 -9999 -9999 -9999 -9999 -9999 -9999 -9999 -9999 -9999 -9999 -9999 -9999 -9999 -9999 -9999 -9999 -9999 -9999 -9999 -9999 -9999 -9999 63.50 128.60 160.74 242.43 270.41 297.09 224.87 254.15 251.91 250.50 213.04 219.50 163.73 152.23 162.27 152.71 149.00 124.86 150.60 136.12 115.55 104.12 97.63 95.24 104.92 113.30 110.48 86.15 99.42 104.59 108.26 97.69 91.45 97.03 101.87 105.97 102.25 118.09 82.41 -9999 -9999 -9999 -9999 -9999 -9999 -9999 -9999 -9999 -9999 -9999 -9999
-9999 -9999 -9999 -9999 -9999 -9999 -9999 -9999 -9999 -9999 -9999 -9999 -9999 -9999 -9999 -9999 -9999 -9999 -9999 -9999 -9999 -9999 -9999 -9999 84.83 117.90 160.74 199.37 240.31 328.54 353.07 312.39 259.16 224.28 256.57 247.06 183.18 175.04 193.39 181.60 171.47 208.24 143.09 123.58 138.33 125.61 118.09 90.04 104.50 95.80 91.85 86.55 103.02 127.62 122.99 120.85 78.25 96.68 84.58 89.41 100.07 113.19 88.27 94.55 -9999 -9999 -9999 -9999 -9999 -9999 -9999 -9999 -9999 -9999 -9999
-9999 -9999 -9999 -9999 -9999 -9999 -9999 -9999 -9999 -9999 -9999 -9999 73.84 67.55 63.13 -9999 -9999 -9999 -9999 -9999 -9999 -9999 -9999 -9999 -9999 90.03 124.72 153.54 168.99 203.08 305.23 223.18 171.17 149.05 202.53 185.28 186.15 221.75 231.79 193.84 169.60 180.64 128.36 147.48 140.90 110.03 104.08 112.96 101.74 89.60 84.10 82.53 92.94 99.42 110.85 166.82 126.68 149.65 128.83 119.72 132.90 107.97 111.11 98.72 76.99 -9999 -9999 -9999 -9999 -9999 -9999 -9999 -9999 -9999 -9999
-9999 -9999 -9999 -9999 -9999 -9999 -9999 -9999 -9999 -9999 -9999 -9999 74.16 76.95 -9999 -9999 -9999 -9999 -9999 -9999 -9999 -9999 -9999 -9999 -9999 -9999 122.92 146.39 179.38 215.21 286.48 202.88 171.57 162.87 157.30 170.52 199.59 157.77 253.57 217.90 178.78 198.45 147.10 118.16 130.43 119.38 83.33 113.03 100.78 90.68 85.22 91.36 87.39 94.11 92.54 135.74 143.46 131.62 112.51 115.98 141.64 132.14 106.19 100.31 107.37 -9999 -9999 -9999 -9999 -9999 -9999 -9999 -9999 -9999 -9999
-9999 -9999 -9999 -9999 -9999 -9999 -9999 -9999 -9999 -9999 -9999 77.18 111.29 99.91 84.31 -9999 -9999 -9999 -9999 -9999 -9999 -9999 -9999 -9999 -9999 -9999 104.05 149.96 192.25 187.97 168.08 204.78 178.74 173.98 192.85 182.30 187.31 185.25 188.71 250.55 180.18 166.02 171.02 122.05 131.78 107.34 121.90 99.77 87.51 90.22 93.51 99.87 87.90 107.66 113.40 121.30 136.73 133.51 126.18 127.85 129.70 129.04 120.58 110.38 127.75 96.24 -9999 -9999 -9999 -9999 -9999 -9999 -9999 -9999 -9999
-9999 -9999 -9999 -9999 -9999 -9999 -9999 -9999 -9999 -9999 88.71 111.25 84.87 123.99 82.76 -9999 -9999 -9999 -9999 -9999 -9999 -9999 -9999 -9999 -9999 -9999 132.02 175.47 240.94 158.28 193.60 196.47 185.88 179.78 172.70 179.87 195.07 181.38 278.93 224.25 199.18 171.62 178.93 105.93 111.60 88.94 110.06 95.09 77.70 88.48 91.32 90.15 86.43 100.41 113.24 126.79 121.26 117.87 128.68 122.85 144.54 140.29 145.80 131.84 124.11 101.99 -9999 -9999 -9999 -9999 -9999 -9999 -9999 -9999 -9999
-9999 -9999 -9999 -9999 -9999 -9999 -9999 -9999 -9999 63.79 88.26 146.85 118.96 108.41 -9999 -9999 -9999 -9999 -9999 -9999 -9999 -9999 -9999 -9999 -9999 -9999 -9999 175.36 194.49 150.89 267.35 185.01 182.05 164.98 146.36 166.73 198.74 163.46 183.52 218.07 212.70 189.42 185.39 167.22 151.36 143.65 105.26 125.92 111.42 84.41 88.93 81.18 78.94 86.18 94.66 130.67 129.69 121.91 129.02 115.54 121.90 117.11 112.46 143.85 129.06 130.05 111.62 93.40 -9999 -9999 -9999 -9999 -9999 -9999 -9999
-9999 -9999 -9999 -9999 -9999 -9999 -9999 -9999 -9999 91.34 128.21 113.76 87.10 95.54 -9999 -9999 -9999 -9999 -9999 -9999 -9999 -9999 -9999 -9999 -9999 -9999 -9999 -9999 148.88 133.96 154.38 154.52 149.51 146.40 157.58 164.44 189.98 160.87 205.69 192.03 211.32 196.57 179.62 169.90 182.86 173.02 117.28 125.97 104.10 102.79 87.12 84.17 78.88 80.44 102.88 111.19 123.05 135.87 122.29 117.05 107.74 99.59 98.05 114.88 110.61 127.04 114.72 92.26 -9999 -9999 -9999 -9999 -9999 -9999 -9999
-9999 -9999 -9999 -9999 -9999 -9999 -9999 -9999 -9999 110.32 105.42 128.49 93.30 -9999 -9999 -9999 -9999 -9999 -9999 -9999 -9999 -9999 -9999 -9999 -9999 -9999 -9999 -9999 119.47 134.96 147.68 -9999 133.28 -9999 139.52 157.64 152.73 132.84 147.78 155.52 169.93 186.56 234.19 160.77 144.95 171.32 142.26 131.41 143.87 94.99 90.78 101.61 90.61 88.49 96.00 107.76 119.70 139.78 123.73 126.42 112.51 94.04 97.70 104.40 103.32 103.59 100.87 100.70 102.27 99.63 -9999 -9999 -9999 -9999 -9999
-9999 -9999 -9999 -9999 -9999 -9999 -9999 -9999 83.40 81.38 66.92 -9999 -9999 -9999 -9999 -9999 -9999 -9999 -9999 -9999 -9999 -9999 -9999 -9999 -9999 -9999 -9999 -9999 117.95 119.19 132.12 -9999 -9999 -9999 146.35 176.05 159.44 151.72 135.50 154.94 160.82 162.21 201.08 193.97 143.49 159.92 157.59 129.50 126.92 106.33 99.87 92.30 83.17 81.95 85.31 83.68 108.93 123.96 121.48 118.75 127.30 85.78 87.17 100.12 105.95 115.36 112.22 96.68 95.68 98.04 -9999 -9999 -9999 -9999 -9999
-9999 -9999 -9999 -9999 -9999 -9999 -9999 -9999 -9999 -9999 -9999 -9999 -9999 -9999 -9999 -9999 -9999 -9999 -9999 -9999 -9999 -9999 -9999 -9999 -9999 -9999 -9999 -9999 -9999 -9999 -9999 -9999 -9999 153.91 151.95 172.48 206.90 199.40 198.61 188.11 189.54 184.85 206.23 185.32 178.54 148.46 150.03 154.36 130.99 110.52 101.07 97.14 87.82 82.78 103.00 100.41 109.62 125.53 128.06 120.10 116.05 109.18 104.70 107.27 109.63 122.39 110.79 111.89 105.82 -9999 -9999 -9999 -9999 -9999 -9999
-9999 -9999 -9999 -9999 -9999 -9999 -9999 -9999 -9999 -9999 -9999 -9999 -9999 -9999 -9999 -9999 -9999 -9999 -9999 -9999 -9999 -9999 -9999 -9999 -9999 -9999 -9999 -9999 -9999 -9999 -9999 -9999 -9999 141.76 150.38 201.35 242.16 254.11 251.20 187.73 173.05 152.89 199.40 183.03 193.48 171.79 172.19 136.38 138.86 117.40 102.44 96.32 90.61 96.62 100.45 103.70 114.34 115.53 121.29 120.64 115.93 131.35 123.29 117.27 111.12 108.73 110.87 120.60 114.70 -9999 -9999 -9999 -9999 -9999 -9999
-9999 -9999 -9999 -9999 -9999 -9999 -9999 -9999 -9999 -9999 -9999 -9999 -9999 -9999 -9999 -9999 -9999 -9999 -9999 -9999 -9999 -9999 -9999 -9999 -9999 -9999 -9999 -9999 -9999 -9999 -9999 -9999 -9999 164.02 154.33 173.58 204.72 275.47 247.55 214.72 184.20 171.07 187.46 161.81 168.08 163.20 134.42 148.39 124.98 122.06 96.29 91.94 87.86 84.97 78.51 122.11 125.36 114.75 106.93 108.49 109.05 100.92 88.60 104.93 108.10 101.16 125.90 121.35 121.69 -9999 -9999 -9999 -9999 -9999 -9999
-9999 -9999 -9999 -9999 -9999 -9999 -9999 -9999 -9999 -9999 -9999 -9999 -9999 -9999 -9999 -9999 -9999 -9999 -9999 -9999 -9999 -9999 -9999 -9999 -9999 -9999 -9999 -9999 -9999 -9999 -9999 140.49 170.40 194.85 149.39 191.16 233.10 295.44 234.98 246.48 201.44 198.87 181.32 184.96 180.13 150.20 162.00 124.28 110.69 96.33 103.44 95.02 97.74 85.94 92.26 108.82 105.95 102.73 98.77 99.61 103.70 91.92 88.90 115.12 113.64 109.13 126.85 126.66 125.56 123.01 -9999 -9999 -9999 -9999 -9999
-9999 -9999 -9999 -9999 -9999 -9999 -9999 -9999 -9999 -9999 -9999 -9999 -9999 -9999 -9999 -9999 -9999 -9999 -9999 -9999 -9999 -9999 -9999 -9999 -9999 -9999 -9999 -9999 -9999 -9999 -9999 140.86 166.81 162.25 153.18 175.78 231.75 211.95 215.07 203.05 234.36 266.29 196.44 168.55 168.22 169.59 131.31 118.29 109.89 114.03 126.24 127.22 97.03 80.50 79.28 94.63 99.06 102.26 103.24 113.91 96.64 91.05 85.45 120.34 117.35 88.62 113.31 115.75 121.30 132.90 -9999 -9999 -9999 -9999 -9999
-9999 -9999 -9999 -9999 -9999 -9999 -9999 -9999 -9999 -9999 -9999 -9999 -9999 -9999 -9999 -9999 -9999 -9999 -9999 -9999 -9999 -9999 -9999 -9999 -9999 -9999 -9999 -9999 -9999 -9999 -9999 144.00 154.66 156.85 179.60 182.67 207.41 217.70 210.55 199.12 219.27 206.49 227.12 143.98 176.96 130.94 117.16 94.57 104.90 108.42 97.41 105.08 106.52 87.94 89.67 95.71 100.04 104.54 104.62 120.59 93.34 93.07 106.20 114.05 112.07 112.35 99.03 88.29 103.65 105.28 100.55 -9999 -9999 -9999 -9999
-9999 -9999 -9999 -9999 -9999 -9999 -9999 -9999 -9999 -9999 -9999 -9999 -9999 -9999 -9999 -9999 -9999 -9999 -9999 -9999 -9999 -9999 -9999 -9999 -9999 -9999 -9999 -9999 -9999 -9999 -9999 100.20 133.62 140.94 157.14 162.66 189.98 190.57 198.63 191.21 186.04 166.22 166.31 196.48 199.72 181.34 137.67 113.30 98.88 121.24 99.34 104.75 111.73 103.75 94.73 93.73 113.08 86.15 93.80 103.29 105.19 113.13 110.60 114.22 102.75 90.21 92.23 92.23 94.92 100.53 99.25 91.84 -9999 -9999 -9999
-9999 -9999 -9999 -9999 -9999 -9999 -9999 -9999 -9999 -9999 -9999 -9999 -9999 -9999 -9999 -9999 -9999 -9999 -9999 -9999 -9999 -9999 -9999 -9999 -9999 -9999 -9999 -9999 -9999 -9999 -9999 118.92 127.20 134.83 138.03 174.96 180.87 205.44 180.24 184.76 185.80 234.52 208.10 213.00 169.61 159.37 129.05 130.07 109.23 122.64 102.69 101.26 103.41 82.59 88.87 89.09 101.12 94.79 88.67 111.23 117.95 115.17 114.56 98.11 93.14 96.67 95.76 93.88 103.00 115.37 103.15 92.46 -9999 -9999 -9999
