Rainfall_2007-2011/Rainfall_2011-12_ACTUAL.txt
ncols         180
nrows         290
xllcorner     -200000
yllcorner     -200000
cellsize      5000
NODATA_value  -9999
[rows 165 to 197 of 290, columns 76 to 151 of 180]
-9999 -9999 -9999 -9999 -9999 -9999 -9999 -9999 -9999 -9999 -9999 -9999 -9999 -9999 -9999 -9999 -9999 -9999 -9999 -9999 -9999 -9999 -9999 -9999 -9999 -9999 -9999 -9999 -9999 -9999 -9999 141.07 142.44 152.12 216.02 174.26 214.96 201.72 221.17 249.76 251.22 286.26 252.38 225.03 209.71 150.12 126.14 113.55 94.73 85.28 74.77 71.79 71.73 63.95 61.83 61.42 55.74 54.89 56.58 53.32 48.30 44.45 56.14 59.53 53.55 46.33 46.15 -9999 49.94 45.15 49.24 49.99 -9999 -9999 -9999 -9999
-9999 -9999 -9999 -9999 -9999 -9999 -9999 -9999 -9999 -9999 -9999 -9999 -9999 -9999 -9999 -9999 -9999 -9999 -9999 -9999 -9999 -9999 -9999 -9999 -9999 -9999 -9999 -9999 -9999 -9999 161.51 139.28 134.22 150.03 171.42 166.78 222.44 241.50 249.94 295.50 265.57 282.23 257.43 252.36 218.91 196.64 148.71 108.19 102.39 85.83 75.00 74.76 69.35 63.85 69.09 60.72 57.92 57.34 56.62 55.32 51.35 51.86 54.86 55.69 59.98 53.95 48.67 47.34 -9999 47.48 47.21 46.93 50.96 -9999 -9999 -9999
-9999 -9999 -9999 -9999 -9999 -9999 -9999 -9999 -9999 -9999 -9999 -9999 -9999 -9999 -9999 -9999 -9999 -9999 -9999 -9999 -9999 -9999 -9999 -9999 -9999 -9999 -9999 -9999 -9999 -9999 152.51 145.57 145.16 165.44 176.18 190.95 189.34 227.92 240.41 226.27 218.07 180.87 192.45 198.89 215.25 206.43 159.75 125.56 82.34 84.52 93.29 79.81 79.32 81.96 70.82 60.77 59.74 58.10 58.45 55.12 56.21 51.57 56.34 57.00 56.50 54.29 54.14 52.62 50.75 -9999 -9999 -9999 -9999 -9999 -9999 -9999
-9999 -9999 -9999 -9999 -9999 -9999 -9999 -9999 -9999 -9999 -9999 -9999 -9999 -9999 -9999 -9999 -9999 -9999 -9999 -9999 -9999 -9999 -9999 -9999 -9999 -9999 -9999 -9999 -9999 144.50 146.49 146.34 169.71 172.60 174.77 180.98 201.47 213.46 209.26 196.62 194.58 183.65 190.11 226.72 254.55 275.45 233.30 190.07 135.90 106.90 79.39 72.93 74.78 80.93 69.94 61.11 59.57 53.00 58.99 59.64 58.16 57.51 59.97 60.55 62.91 61.34 59.29 63.77 59.88 53.03 59.04 -9999 -9999 -9999 -9999 -9999
-9999 -9999 -9999 -9999 -9999 -9999 -9999 -9999 -9999 -9999 -9999 -9999 -9999 -9999 -9999 -9999 -9999 -9999 -9999 -9999 -9999 -9999 -9999 -9999 -9999 -9999 -9999 -9999 -9999 -9999 135.04 165.59 173.74 170.10 194.26 175.82 189.90 196.19 182.68 190.06 194.34 183.03 185.48 204.34 249.72 293.76 292.74 236.33 168.83 136.81 96.12 85.63 67.33 64.14 69.74 64.67 61.20 59.54 59.82 58.88 58.58 62.26 60.47 59.15 62.32 63.32 58.28 61.12 60.86 56.61 56.50 56.72 57.71 -9999 -9999 -9999
-9999 -9999 -9999 -9999 -9999 -9999 -9999 -9999 -9999 -9999 -9999 -9999 -9999 -9999 -9999 -9999 -9999 -9999 -9999 -9999 -9999 -9999 -9999 -9999 -9999 -9999 -9999 -9999 -9999 -9999 145.26 171.79 164.36 161.93 172.98 166.33 166.73 168.48 170.47 174.08 180.74 170.08 204.58 205.39 219.28 274.55 303.44 279.45 209.03 137.65 117.46 92.85 79.16 63.76 68.77 65.89 67.02 58.57 62.40 59.07 56.13 60.66 61.81 58.45 59.89 63.29 60.48 58.67 71.44 63.03 58.85 58.41 60.73 -9999 -9999 -9999
-9999 -9999 -9999 -9999 -9999 -9999 -9999 -9999 -9999 -9999 105.95 106.55 117.52 127.55 -9999 -9999 -9999 -9999 -9999 -9999 -9999 -9999 -9999 -9999 -9999 -9999 -9999 -9999 -9999 105.83 131.49 144.69 154.77 162.75 162.32 156.75 150.58 149.81 158.23 165.18 167.37 169.16 191.07 209.35 260.94 256.38 297.90 240.11 227.76 185.87 115.04 106.60 70.66 81.03 80.92 70.20 63.40 59.63 54.59 64.62 63.18 62.45 55.65 58.11 57.88 60.41 61.61 69.91 76.19 75.26 62.80 59.24 58.99 56.74 -9999 -9999
-9999 -9999 -9999 -9999 -9999 -9999 -9999 -9999 -9999 -9999 109.11 113.22 126.80 130.69 -9999 -9999 -9999 -9999 -9999 -9999 -9999 -9999 -9999 -9999 -9999 -9999 -9999 -9999 115.59 120.97 124.62 129.48 152.02 141.40 151.39 162.15 141.61 146.65 164.98 163.68 159.74 158.74 171.39 167.24 191.26 249.52 299.59 251.72 212.33 180.13 139.07 107.75 80.90 75.79 78.81 73.21 64.71 58.72 58.29 62.53 64.65 59.24 60.81 60.89 57.92 60.92 59.58 77.14 80.65 71.63 69.35 60.47 56.53 54.21 -9999 -9999
-9999 -9999 -9999 -9999 -9999 -9999 -9999 -9999 86.27 93.81 92.64 118.35 134.62 140.76 135.81 106.67 129.07 -9999 -9999 123.18 129.75 -9999 -9999 -9999 111.73 123.85 124.70 -9999 116.35 134.43 129.45 118.96 121.63 130.16 149.48 139.86 146.07 155.80 162.11 149.99 175.32 166.47 161.97 197.62 178.08 199.22 243.59 194.86 181.52 190.11 130.39 126.59 89.46 79.38 75.05 75.99 67.59 67.42 72.15 67.91 65.67 66.13 61.65 59.04 61.75 59.90 61.35 74.02 77.91 66.55 70.52 58.92 47.91 53.52 54.22 -9999
-9999 -9999 -9999 -9999 -9999 -9999 -9999 -9999 -9999 95.05 94.18 118.18 124.35 137.68 136.95 128.21 108.06 -9999 130.24 139.76 160.03 132.78 123.35 118.41 114.69 142.80 128.49 130.90 -9999 115.28 118.98 112.98 106.95 112.86 118.10 115.69 124.38 131.18 133.54 154.28 180.91 179.02 166.02 208.28 235.29 198.20 221.80 174.46 207.30 152.98 124.52 104.24 88.89 90.05 87.78 76.87 74.18 62.98 69.92 77.48 73.25 69.27 61.69 68.06 63.33 59.63 62.29 67.98 71.45 70.28 69.96 61.96 54.57 51.37 53.63 -9999
-9999 -9999 -9999 -9999 -9999 -9999 -9999 -9999 -9999 -9999 95.32 109.57 125.42 134.96 134.13 130.98 148.45 161.74 231.40 181.68 169.88 167.20 161.29 142.90 131.68 121.25 119.22 136.36 150.89 114.26 103.61 107.35 110.14 106.50 104.42 107.02 120.25 125.01 124.93 130.52 144.29 168.36 172.41 217.48 249.85 242.35 211.27 168.95 145.56 136.54 119.46 101.34 92.23 92.37 82.12 81.65 82.92 71.35 75.08 71.74 67.04 66.31 67.36 70.47 64.35 61.16 61.22 62.68 58.97 64.41 67.10 66.09 63.25 53.66 54.79 54.48
-9999 -9999 -9999 -9999 -9999 -9999 -9999 -9999 -9999 -9999 -9999 114.23 121.00 126.03 144.78 180.08 219.68 294.86 288.89 238.40 192.93 161.83 164.79 147.47 129.99 120.00 149.23 127.36 139.19 124.45 92.21 98.64 95.62 94.60 99.25 78.14 115.92 127.96 112.62 123.63 130.58 137.68 177.19 204.36 246.54 237.38 210.92 199.31 143.21 128.17 125.59 98.27 95.90 97.02 88.72 85.22 89.43 70.22 70.74 67.89 64.41 67.24 65.45 70.82 63.42 60.68 60.59 59.62 58.44 62.40 70.55 62.03 56.69 54.64 54.43 55.01
-9999 -9999 -9999 -9999 -9999 -9999 -9999 -9999 -9999 -9999 -9999 -9999 136.18 142.09 211.82 246.40 317.48 402.48 391.23 303.25 259.39 197.90 192.35 153.87 171.42 148.13 118.09 155.76 133.25 118.56 97.21 89.27 94.61 91.06 89.66 91.94 94.55 92.76 104.07 103.06 96.62 110.73 171.77 184.71 180.31 175.76 165.28 178.83 152.67 130.87 124.35 111.91 94.90 98.01 90.72 85.78 83.05 70.10 73.03 64.03 65.45 68.33 58.34 68.87 63.76 59.68 56.48 53.27 63.99 58.46 55.84 51.19 53.75 53.16 54.25 60.36
-9999 -9999 -9999 -9999 -9999 -9999 -9999 -9999 -9999 -9999 -9999 -9999 146.63 159.57 242.40 316.51 523.94 558.10 425.70 280.45 197.22 251.30 228.96 219.36 185.52 171.59 113.69 125.95 132.65 119.96 105.41 87.22 75.79 83.82 87.50 92.31 93.60 76.27 86.02 82.50 77.57 86.81 123.81 136.78 150.58 164.80 172.73 165.15 149.56 131.74 126.12 114.92 87.33 96.10 99.30 90.63 84.00 72.39 73.10 66.92 62.39 63.47 59.06 64.79 68.13 60.03 55.50 48.35 47.04 49.36 48.58 44.79 47.35 52.27 52.09 -9999
-9999 -9999 -9999 -9999 -9999 -9999 -9999 -9999 -9999 -9999 -9999 -9999 162.23 178.45 279.56 402.56 632.73 548.45 398.61 304.10 230.17 276.30 209.01 198.75 200.65 159.76 135.68 153.43 117.58 123.49 100.26 87.67 81.92 86.05 89.68 90.86 94.68 87.11 83.42 79.30 93.15 100.00 115.75 126.99 134.80 143.60 151.98 146.49 123.82 138.47 134.05 97.59 97.14 93.22 88.72 86.82 76.75 79.43 67.83 65.05 61.22 63.67 57.41 69.86 60.51 60.41 56.53 50.62 48.67 50.08 45.49 43.49 47.19 49.04 -9999 -9999
-9999 -9999 -9999 -9999 -9999 -9999 -9999 -9999 -9999 -9999 -9999 143.21 247.59 209.00 321.59 387.47 380.95 547.98 465.51 385.28 372.82 343.77 259.70 198.21 186.23 158.97 163.46 180.83 152.78 161.61 100.60 72.99 75.63 86.44 85.12 85.10 87.08 82.81 79.21 84.53 85.38 90.36 108.12 124.48 107.02 122.74 146.08 120.91 118.96 109.00 109.18 95.18 86.78 81.43 76.89 82.15 76.91 72.37 69.22 60.30 60.28 61.61 55.71 62.70 57.08 59.07 58.70 50.33 48.14 47.23 53.52 48.76 50.12 -9999 -9999 -9999
-9999 -9999 -9999 -9999 -9999 -9999 -9999 -9999 -9999 111.82 114.82 129.77 168.91 200.53 249.34 287.61 258.32 362.74 345.86 382.08 386.01 371.35 345.09 252.65 172.91 182.93 164.50 135.19 133.79 120.13 114.82 101.75 72.27 80.09 74.31 83.22 83.31 77.33 84.64 85.11 84.98 98.52 98.02 101.74 116.17 112.75 107.05 117.89 105.23 98.52 99.21 90.72 81.16 73.50 75.74 72.06 67.42 65.59 62.27 55.08 59.05 59.46 55.38 58.04 60.50 57.23 57.80 47.82 46.95 47.20 48.95 52.64 -9999 -9999 -9999 -9999
-9999 -9999 -9999 -9999 -9999 -9999 -9999 -9999 109.61 109.15 126.89 134.45 151.76 142.15 181.58 198.98 216.28 270.26 324.58 344.60 421.73 316.12 219.26 215.78 170.75 214.07 204.83 177.70 139.98 118.99 109.40 98.09 77.26 81.04 83.42 79.98 80.62 78.47 79.30 91.68 80.57 92.41 99.12 97.34 98.90 105.63 97.25 92.10 87.46 94.55 87.69 73.63 71.54 73.15 67.16 62.32 59.47 60.71 56.27 54.38 57.70 61.69 58.19 63.20 61.79 62.85 55.50 47.12 42.80 44.03 49.98 52.78 -9999 -9999 -9999 -9999
-9999 -9999 -9999 -9999 -9999 -9999 -9999 125.89 111.63 101.58 128.14 -9999 -9999 -9999 -9999 196.17 259.23 339.75 337.68 348.53 331.30 302.84 283.80 270.49 218.31 288.74 231.98 178.65 132.21 127.00 98.86 86.30 80.53 81.49 77.05 77.71 79.58 78.96 70.43 83.99 81.07 80.69 86.67 92.12 92.07 96.91 83.68 83.30 84.17 78.20 69.49 63.43 58.88 63.93 64.64 61.93 67.54 59.25 58.77 61.24 64.49 66.43 64.60 65.34 59.21 57.58 49.57 46.20 44.70 45.22 45.69 43.21 33.46 -9999 -9999 -9999
-9999 -9999 -9999 -9999 -9999 -9999 -9999 101.77 131.70 104.52 102.85 -9999 -9999 -9999 -9999 158.66 231.65 366.78 297.73 360.66 388.82 373.49 357.08 321.20 274.16 297.10 201.88 145.32 129.70 114.02 94.44 82.12 73.92 77.10 78.40 84.34 83.27 82.82 74.91 77.45 82.00 75.97 80.40 81.19 81.38 78.52 81.41 85.89 77.66 69.04 67.16 67.20 65.36 60.97 62.83 61.87 65.03 64.33 63.07 71.16 68.20 74.31 67.88 62.66 51.34 52.39 46.20 45.21 44.31 44.89 44.12 43.41 40.48 42.13 -9999 -9999
-9999 -9999 -9999 -9999 -9999 -9999 -9999 -9999 -9999 -9999 -9999 -9999 -9999 -9999 -9999 163.44 233.55 276.68 263.91 336.85 330.62 411.79 404.09 291.60 313.56 279.97 207.70 152.52 122.79 107.00 84.01 84.80 76.32 77.62 78.76 77.06 78.58 69.04 71.97 76.47 76.21 72.42 76.78 76.67 77.16 71.48 73.89 80.29 75.07 78.31 76.65 68.92 63.22 62.07 64.45 83.27 57.42 61.74 63.72 63.92 63.78 69.85 61.90 56.03 58.13 54.37 47.00 46.49 44.30 42.69 43.06 44.91 46.37 47.48 43.21 45.87
-9999 -9999 -9999 -9999 -9999 -9999 -9999 -9999 -9999 -9999 -9999 -9999 -9999 -9999 -9999 -9999 205.87 213.47 275.79 326.36 402.01 391.07 431.19 420.03 296.15 229.06 177.74 124.29 121.35 98.70 82.86 76.74 83.71 77.23 76.85 72.66 67.75 64.46 68.51 71.76 73.22 74.06 69.62 77.31 81.97 69.39 67.58 63.54 69.11 72.32 70.95 69.23 65.53 72.36 73.07 66.08 60.52 53.50 55.44 62.13 60.49 64.67 62.29 54.47 52.16 52.00 48.52 47.73 43.99 40.66 43.01 50.65 46.77 46.62 44.69 46.42
-9999 -9999 -9999 -9999 -9999 -9999 -9999 -9999 -9999 -9999 -9999 -9999 -9999 -9999 -9999 -9999 213.95 306.73 428.31 430.29 422.59 377.31 367.44 321.00 263.61 202.80 148.90 151.57 135.12 99.05 83.99 83.31 81.37 73.77 76.28 68.39 68.29 56.23 75.86 78.53 74.91 73.58 66.64 73.30 76.70 69.01 66.64 60.72 64.59 61.44 67.38 66.53 64.55 80.66 74.63 67.83 61.09 58.25 62.50 65.78 67.67 64.93 61.43 56.29 53.55 51.13 46.71 45.10 45.42 47.65 45.12 42.27 44.28 40.13 37.66 44.80
-9999 -9999 -9999 -9999 -9999 -9999 -9999 -9999 -9999 -9999 -9999 -9999 -9999 -9999 -9999 198.05 224.14 330.25 475.84 450.85 365.04 362.09 362.24 331.35 288.93 218.75 170.87 160.30 126.94 159.54 93.00 81.62 75.92 81.03 85.28 73.34 82.55 76.93 78.61 72.80 71.32 66.52 65.06 71.59 74.45 66.99 61.19 59.14 59.23 57.19 59.73 64.36 64.57 71.54 68.83 65.81 59.68 61.24 59.79 67.20 72.71 63.03 60.16 55.31 53.55 51.26 44.78 44.62 44.73 44.96 43.19 44.46 43.79 39.86 34.84 42.49
-9999 -9999 -9999 -9999 -9999 -9999 -9999 -9999 -9999 -9999 -9999 -9999 -9999 -9999 -9999 177.42 210.41 347.17 404.48 380.85 264.37 289.21 336.11 321.84 269.37 212.42 185.25 152.11 119.80 103.70 87.42 87.16 92.97 83.66 80.64 69.48 74.66 75.52 77.23 73.52 68.09 65.19 53.22 72.22 72.82 71.54 67.70 62.60 61.13 58.12 60.33 66.68 69.29 73.20 71.87 60.81 58.13 61.64 70.60 65.44 70.53 65.20 59.62 57.19 47.36 45.07 49.58 46.23 46.96 46.32 45.83 42.56 42.26 42.25 41.89 45.05
-9999 -9999 -9999 -9999 -9999 -9999 -9999 -9999 -9999 -9999 -9999 -9999 -9999 -9999 -9999 144.60 189.24 217.82 256.37 275.28 290.60 300.60 329.31 292.89 270.05 227.65 180.17 128.89 116.34 117.40 93.66 100.88 128.19 101.74 96.48 82.43 78.08 79.45 69.62 68.85 62.65 60.33 59.62 65.11 69.11 73.79 72.41 62.63 58.75 64.89 61.74 64.59 65.46 62.74 65.67 61.35 64.82 66.89 69.83 71.74 67.47 54.62 57.05 58.14 55.77 44.32 43.89 45.12 45.29 46.83 45.46 44.10 43.39 42.69 43.95 46.04
-9999 -9999 -9999 -9999 -9999 -9999 -9999 -9999 -9999 -9999 -9999 -9999 -9999 -9999 -9999 -9999 158.99 235.41 295.53 353.58 418.25 334.38 304.45 240.20 191.71 176.59 164.32 129.62 144.57 95.57 101.57 79.90 97.32 104.36 85.30 70.46 81.33 85.47 67.31 66.19 63.44 62.15 68.67 65.35 63.19 62.76 63.06 59.89 55.75 62.73 63.27 59.67 56.68 59.68 62.16 64.02 67.73 66.47 66.62 63.05 65.19 54.86 57.67 59.84 52.60 53.23 48.47 48.36 47.02 46.01 45.42 43.00 43.61 40.94 43.26 45.47
-9999 -9999 -9999 -9999 -9999 -9999 -9999 -9999 -9999 -9999 -9999 -9999 -9999 -9999 -9999 -9999 187.27 228.51 308.25 412.42 526.94 407.89 325.76 233.32 173.48 169.57 182.90 171.61 148.73 118.68 83.43 86.75 95.57 90.04 88.06 88.19 80.04 84.52 71.42 69.88 68.11 65.99 68.11 68.52 65.15 63.86 61.07 57.63 51.16 60.85 62.41 59.85 61.18 65.36 66.59 67.33 71.52 66.21 68.10 53.82 60.30 58.42 60.90 60.81 54.96 52.24 52.32 47.65 47.16 44.74 42.44 42.32 42.75 46.14 41.01 48.11
-9999 -9999 -9999 -9999 -9999 -9999 -9999 -9999 -9999 -9999 -9999 -9999 -9999 -9999 -9999 131.47 154.61 221.77 325.49 397.18 503.11 411.28 288.22 259.40 263.59 211.19 197.63 175.43 136.84 118.47 116.10 107.83 84.65 89.92 94.93 89.02 92.30 82.99 68.30 70.16 65.53 78.74 80.22 66.20 65.03 65.41 59.51 59.29 54.65 64.89 62.79 61.67 62.35 67.30 61.13 65.13 64.76 66.03 62.15 62.99 57.36 60.93 61.81 61.23 47.65 51.76 49.81 46.04 47.47 45.14 44.41 47.03 44.53 44.04 43.89 45.13
-9999 -9999 -9999 -9999 -9999 -9999 -9999 -9999 -9999 -9999 -9999 -9999 -9999 -9999 -9999 162.51 193.41 225.37 247.91 349.13 454.14 401.77 323.83 222.54 189.23 215.01 207.19 193.23 156.12 147.33 128.86 94.19 101.02 87.26 91.09 77.32 101.97 70.63 66.70 65.79 65.25 70.45 70.52 71.60 68.23 64.74 61.59 57.70 58.19 64.23 61.71 58.09 56.65 52.30 55.96 60.38 62.22 63.12 68.01 65.43 59.62 56.99 54.17 58.32 46.60 48.32 48.96 46.38 46.83 44.35 45.32 44.14 44.69 46.40 47.33 42.79
-9999 -9999 -9999 -9999 -9999 -9999 -9999 -9999 -9999 -9999 -9999 -9999 -9999 -9999 -9999 179.34 205.29 212.20 271.84 329.22 400.23 416.62 345.77 225.17 176.32 199.95 183.51 167.57 160.05 121.83 109.44 97.38 87.08 105.54 87.91 76.61 75.68 70.43 64.16 63.77 59.01 58.72 58.88 60.26 60.57 62.92 63.32 59.62 59.68 61.61 57.97 56.87 55.17 57.84 44.30 60.06 56.89 65.32 61.46 56.90 55.81 57.72 57.39 50.29 49.85 47.42 43.33 42.08 43.25 43.05 41.43 45.33 44.82 45.81 48.48 43.03
-9999 -9999 -9999 -9999 -9999 -9999 -9999 -9999 -9999 -9999 -9999 -9999 -9999 -9999 180.29 197.48 237.09 240.34 261.19 317.94 341.47 371.05 289.97 210.97 180.84 192.51 184.78 196.48 154.76 119.52 124.38 105.25 82.84 86.37 82.65 63.40 67.45 95.74 68.35 60.84 62.85 53.57 54.24 58.69 57.85 56.24 62.17 58.05 57.87 57.94 56.16 53.36 51.53 51.73 49.53 58.64 65.65 76.46 60.85 56.84 56.28 54.68 46.93 51.15 50.87 45.82 46.51 42.64 42.76 46.54 45.79 42.45 44.08 45.97 42.93 43.55
-9999 -9999 -9999 -9999 -9999 -9999 -9999 -9999 -9999 -9999 -9999 -9999 -9999 187.27 199.27 201.69 220.53 221.42 273.41 316.04 354.61 324.48 334.92 248.64 227.87 199.79 157.24 198.61 149.75 128.01 114.78 100.13 88.74 83.20 75.21 78.87 76.80 79.14 70.56 67.58 59.84 54.27 55.75 61.51 53.04 52.40 56.69 56.36 55.77 52.15 54.07 53.29 56.62 55.23 51.63 50.05 62.98 80.48 60.22 49.99 49.03 46.95 50.60 62.25 49.95 47.02 48.42 44.60 44.45 49.06 46.42 46.30 44.08 46.80 45.44 50.99
