Rainfall_2007-2011/Rainfall_2010-12_ACTUAL.txt
ncols         180
nrows         290
xllcorner     -200000
yllcorner     -200000
cellsize      5000
NODATA_value  -9999
[rows 204 to 237 of 290, columns 77 to 153 of 180]
57.94 60.65 60.76 61.93 62.16 66.70 60.97 57.23 56.84 60.01 56.30 55.26 59.44 58.48 49.93 47.76 39.44 42.09 47.32 54.18 48.42 44.55 41.88 33.30 37.47 28.44 45.89 56.96 44.87 25.46 25.90 29.13 30.03 27.28 21.83 22.33 22.64 21.82 21.15 19.74 20.85 22.50 29.32 35.89 35.93 31.62 33.56 33.21 26.76 32.58 39.65 45.77 44.76 48.20 43.82 37.60 30.34 31.24 29.13 27.18 27.36 28.15 26.06 24.32 26.60 26.58 23.68 22.05 30.99 29.52 25.67 27.98 29.41 32.08 29.38 29.43 34.98
49.83 58.60 54.24 61.62 61.17 55.93 57.17 61.24 59.96 55.02 60.49 47.64 46.33 45.62 45.77 46.33 49.16 51.47 64.58 75.13 49.48 54.84 52.62 51.66 46.17 31.00 36.72 62.62 41.29 28.09 28.45 29.47 28.87 24.86 21.77 24.10 21.16 19.12 20.41 17.74 22.21 23.22 20.70 34.17 33.97 28.12 34.06 32.14 33.18 44.37 44.07 43.80 43.11 47.48 27.11 33.49 33.47 36.75 31.41 30.35 31.07 27.96 27.81 28.07 24.91 28.43 27.86 27.40 26.95 24.02 25.96 28.03 29.83 28.00 26.56 30.36 34.21
57.23 61.11 61.29 61.96 59.36 60.32 63.47 62.20 57.24 54.07 51.60 43.48 47.90 45.15 52.43 47.88 52.03 56.57 63.52 66.62 69.65 61.27 58.95 65.99 47.10 42.63 41.93 30.84 36.67 35.94 22.51 21.45 20.17 24.12 24.47 27.37 24.74 20.76 19.46 18.12 22.14 24.79 26.56 34.27 35.74 32.00 33.82 32.18 36.53 43.48 41.47 44.88 33.74 33.54 27.84 29.83 33.84 34.45 27.52 31.63 34.31 31.89 34.72 36.79 32.97 28.88 29.34 29.56 27.91 21.13 21.60 27.12 26.89 25.85 24.60 29.66 29.96
59.81 59.02 64.11 66.04 74.53 76.18 75.32 66.03 57.42 52.18 43.89 41.53 47.41 43.52 46.35 41.47 46.15 50.72 55.57 49.74 53.24 55.68 54.20 46.95 53.90 49.01 37.91 37.47 46.47 33.76 24.70 17.59 22.87 22.72 23.63 24.45 24.89 20.30 21.44 24.77 32.39 31.55 31.66 34.12 28.51 30.16 33.84 34.53 32.19 32.85 37.18 34.30 31.27 31.32 29.65 28.92 30.35 30.94 28.08 27.28 32.47 34.02 40.26 38.15 35.74 31.95 25.70 26.69 25.31 21.72 22.24 24.91 23.58 24.23 28.17 26.53 28.00
58.04 59.99 63.00 67.58 70.38 78.71 65.38 56.01 51.10 40.51 36.77 36.32 40.76 46.50 43.20 48.35 49.36 52.95 55.61 52.79 44.64 39.23 42.94 42.28 44.68 49.75 38.60 35.10 39.35 29.11 26.85 21.78 21.23 23.13 20.34 22.43 22.10 17.83 17.52 26.53 29.85 35.19 36.64 32.70 34.31 32.67 33.39 31.80 29.17 28.17 28.74 28.67 35.04 32.47 30.81 27.80 26.64 26.45 28.57 29.41 33.79 37.89 40.29 42.71 38.03 33.00 35.59 26.59 26.81 27.39 23.09 24.46 27.13 23.94 24.43 26.51 27.32
56.16 59.13 63.44 68.10 71.29 67.84 -9999 -9999 -9999 -9999 34.82 35.90 39.18 38.13 40.21 43.33 44.12 44.14 42.91 49.32 65.32 63.16 58.27 54.99 48.60 48.70 44.94 39.43 27.40 27.89 24.83 23.07 26.67 21.56 22.07 20.15 19.29 18.28 18.77 27.69 26.44 34.81 35.63 32.83 31.96 35.77 34.78 27.21 26.78 24.21 25.35 26.93 30.27 31.26 31.21 29.21 26.70 27.54 29.33 34.01 43.90 41.10 42.53 42.02 35.16 31.28 28.95 29.90 29.23 29.41 23.29 22.30 25.69 25.43 23.82 27.61 27.68
56.80 58.70 61.68 60.76 68.18 49.84 -9999 -9999 -9999 -9999 -9999 -9999 -9999 38.35 41.11 42.49 41.50 39.77 47.19 62.23 68.44 65.16 64.74 75.49 60.10 52.99 39.94 42.19 40.86 31.74 27.02 28.84 28.45 27.76 21.38 19.78 19.30 19.64 23.53 23.85 27.04 28.96 29.86 29.81 26.87 29.35 28.25 25.42 23.30 23.07 22.05 23.54 24.72 26.34 27.03 26.77 29.30 27.63 33.41 32.99 48.70 41.95 41.84 39.06 32.10 27.15 27.40 27.69 29.31 27.71 27.69 22.18 21.70 23.61 24.56 36.10 34.01
-9999 -9999 56.22 -9999 -9999 -9999 -9999 -9999 -9999 -9999 -9999 44.74 45.50 48.66 48.27 43.32 43.84 40.32 44.02 55.35 64.82 70.89 69.03 67.06 57.14 53.90 44.09 44.13 45.00 33.42 25.47 23.89 26.38 26.55 21.66 19.98 20.71 18.35 25.68 25.02 23.53 25.22 25.90 26.29 24.86 22.78 20.75 18.23 19.94 19.02 19.18 21.46 24.41 25.73 26.63 23.19 29.69 34.13 33.54 38.62 36.77 37.04 35.59 28.77 25.08 25.40 26.29 29.68 30.22 24.05 22.95 26.03 28.08 23.93 30.13 35.18 35.56
-9999 -9999 -9999 -9999 -9999 -9999 -9999 -9999 -9999 -9999 -9999 46.71 47.75 48.83 51.34 45.92 -9999 -9999 33.86 51.75 48.72 61.24 61.95 65.95 63.08 57.86 45.23 41.21 42.07 32.82 26.17 25.12 21.64 21.21 20.36 20.57 21.07 21.77 24.44 23.55 22.35 27.33 23.79 23.58 21.82 19.57 21.31 19.19 19.07 19.43 24.56 25.80 24.11 24.44 25.20 23.92 28.26 27.35 34.39 33.12 30.30 34.18 30.85 26.43 26.61 26.91 26.92 26.05 29.39 21.24 19.74 25.46 28.34 30.14 33.51 32.30 35.96
-9999 -9999 -9999 -9999 -9999 -9999 -9999 -9999 -9999 -9999 -9999 -9999 -9999 -9999 -9999 -9999 -9999 -9999 33.18 37.65 49.86 54.31 48.91 53.40 53.59 49.44 44.17 41.14 33.81 33.00 32.99 24.89 -9999 20.68 19.98 24.70 27.05 24.18 26.24 24.64 23.62 23.27 18.72 18.01 26.15 23.63 26.93 26.20 26.57 26.53 23.91 27.04 24.39 24.11 26.24 25.03 29.16 30.24 32.04 29.21 28.60 28.57 26.95 29.61 27.68 27.75 26.47 26.47 27.67 24.55 27.10 28.39 31.67 33.81 37.22 35.58 33.17
-9999 -9999 -9999 -9999 -9999 -9999 -9999 -9999 -9999 -9999 -9999 -9999 -9999 -9999 -9999 -9999 -9999 -9999 -9999 35.84 43.87 45.83 45.26 45.08 46.74 53.08 40.75 35.88 -9999 -9999 -9999 -9999 23.49 18.89 18.32 23.99 26.90 21.09 22.85 24.88 24.82 22.73 15.15 13.58 22.60 26.80 26.79 29.56 27.67 29.06 23.82 24.35 22.55 23.91 26.27 24.59 26.50 25.30 21.97 23.64 23.85 26.66 22.31 22.61 21.46 24.32 25.81 25.01 24.25 26.11 31.19 32.16 35.24 32.10 33.56 32.04 33.32
-9999 -9999 -9999 -9999 -9999 -9999 -9999 -9999 -9999 -9999 -9999 -9999 -9999 -9999 -9999 -9999 -9999 -9999 -9999 -9999 40.84 41.70 41.81 39.73 41.00 40.95 37.19 -9999 -9999 -9999 -9999 32.41 24.63 22.61 17.82 21.91 19.11 21.06 22.01 24.87 24.59 22.44 23.74 21.66 25.41 28.23 27.83 28.90 28.08 25.76 20.30 21.18 19.87 24.52 23.10 27.52 24.02 21.00 21.85 23.24 24.37 25.77 24.81 21.50 21.94 26.47 26.59 28.74 29.12 33.71 34.45 35.52 33.76 35.92 39.75 35.00 37.30
-9999 -9999 -9999 -9999 -9999 -9999 -9999 -9999 -9999 -9999 -9999 -9999 -9999 -9999 -9999 -9999 -9999 -9999 -9999 -9999 -9999 34.21 32.79 34.29 31.67 32.38 30.98 -9999 -9999 -9999 25.00 28.62 24.12 18.18 20.27 20.49 16.14 22.89 23.31 25.82 25.70 22.88 26.33 27.84 28.48 26.37 29.76 27.81 25.36 22.76 24.29 23.58 22.31 21.65 23.93 25.85 24.55 23.76 22.90 23.68 26.58 25.93 27.92 26.20 26.39 26.43 27.47 31.41 34.20 37.37 39.60 38.90 40.62 41.01 45.92 41.17 42.41
-9999 -9999 -9999 -9999 -9999 -9999 -9999 -9999 -9999 -9999 -9999 -9999 -9999 -9999 -9999 -9999 -9999 -9999 -9999 -9999 -9999 -9999 -9999 -9999 -9999 -9999 -9999 -9999 -9999 32.52 31.23 26.76 25.48 25.55 20.74 21.24 21.37 24.63 27.58 28.52 24.72 25.98 23.20 24.32 25.72 25.40 29.16 29.42 28.30 25.06 30.20 29.48 26.20 21.42 25.15 23.11 25.49 25.93 24.30 27.10 28.49 22.68 30.96 29.13 28.84 30.18 35.25 37.44 37.77 37.80 43.79 49.43 49.12 41.87 50.24 51.37 53.65
-9999 -9999 -9999 -9999 -9999 -9999 -9999 -9999 -9999 -9999 -9999 -9999 -9999 -9999 -9999 -9999 -9999 -9999 -9999 -9999 -9999 -9999 -9999 -9999 -9999 -9999 -9999 -9999 -9999 28.03 31.97 28.71 36.70 33.76 30.59 25.84 23.10 26.17 23.57 23.14 22.39 23.90 24.50 24.20 27.03 26.17 32.58 31.69 34.11 29.52 30.65 34.49 29.68 28.68 27.82 25.90 24.54 26.99 27.49 29.16 30.05 31.97 33.31 33.10 33.62 35.14 38.51 41.73 42.79 37.98 47.66 62.55 56.67 48.05 51.28 52.75 48.56
-9999 -9999 -9999 -9999 -9999 -9999 -9999 -9999 -9999 -9999 -9999 -9999 -9999 -9999 -9999 -9999 -9999 -9999 -9999 -9999 -9999 -9999 -9999 -9999 -9999 -9999 -9999 -9999 -9999 28.36 27.94 25.36 29.50 29.66 26.46 31.92 31.87 32.15 24.88 24.60 23.64 28.66 27.37 27.62 28.33 28.20 28.90 28.37 31.17 31.89 31.75 32.56 30.68 27.54 30.11 29.28 27.96 30.33 29.87 32.69 30.57 35.74 37.84 36.10 38.75 42.87 41.47 43.33 48.07 54.07 58.91 60.07 65.37 56.01 53.26 54.02 47.34
-9999 -9999 -9999 -9999 -9999 -9999 -9999 -9999 -9999 -9999 -9999 -9999 31.72 35.31 28.42 38.86 40.47 46.26 48.65 59.10 33.04 39.33 29.00 -9999 -9999 -9999 -9999 -9999 -9999 26.14 25.75 29.06 30.08 26.34 29.49 37.74 37.22 32.30 22.25 26.43 28.83 30.93 28.65 21.78 26.20 29.80 28.12 29.56 29.59 30.93 29.71 35.84 30.94 31.53 35.08 38.61 37.23 32.60 34.13 35.02 32.64 37.60 39.94 40.79 44.04 39.35 41.44 42.12 37.20 53.66 77.84 53.07 44.74 49.19 50.91 49.02 41.45
-9999 -9999 -9999 -9999 -9999 -9999 -9999 -9999 -9999 -9999 -9999 -9999 40.95 38.78 42.29 37.68 55.42 66.43 60.28 51.26 46.95 44.54 36.90 31.14 24.30 37.91 35.68 25.89 21.57 24.95 25.58 27.67 30.85 31.59 31.09 36.01 37.32 37.04 29.84 33.45 32.92 30.74 30.03 29.59 27.51 30.88 29.54 29.34 25.63 30.52 39.05 35.04 34.98 35.37 38.81 40.41 42.06 39.30 34.29 36.16 35.15 39.04 42.19 44.66 58.66 47.87 46.74 48.55 41.40 46.37 53.62 52.02 55.08 55.62 54.34 52.33 51.63
-9999 -9999 -9999 -9999 -9999 -9999 -9999 -9999 -9999 -9999 -9999 29.18 38.63 38.04 41.18 41.50 53.27 68.00 79.77 86.40 68.70 57.03 47.01 35.97 36.39 38.06 37.55 28.31 27.42 26.79 24.94 27.26 33.52 31.58 35.32 36.00 36.10 35.29 41.46 35.82 37.92 41.89 35.22 32.10 29.50 30.90 31.36 30.52 26.88 28.64 33.72 34.65 34.03 31.11 33.93 42.34 43.50 40.07 43.77 43.04 46.71 42.13 44.57 49.94 50.56 48.26 45.96 45.93 43.27 53.20 57.68 61.57 53.81 57.27 65.55 58.43 44.52
-9999 -9999 -9999 -9999 -9999 -9999 -9999 -9999 -9999 -9999 -9999 -9999 33.93 36.99 35.91 48.37 52.13 62.10 91.45 69.39 67.01 48.58 48.36 48.78 42.91 36.75 30.99 30.93 29.53 26.63 32.37 27.81 30.04 31.32 31.76 29.59 30.63 33.28 38.69 37.25 41.59 48.99 30.12 31.67 33.62 32.51 35.18 34.37 34.83 34.42 35.44 35.21 34.17 30.78 36.16 41.38 43.85 47.29 50.06 48.26 50.74 46.63 46.33 43.13 45.27 43.39 41.86 49.58 56.38 65.50 67.03 51.70 58.38 62.03 59.68 57.55 47.46
-9999 -9999 -9999 -9999 -9999 -9999 -9999 -9999 50.74 -9999 -9999 43.90 43.50 46.69 41.12 47.26 47.28 51.88 57.08 61.12 65.94 52.75 45.22 48.26 41.89 33.84 28.59 28.23 29.07 26.90 24.71 23.29 28.90 29.70 29.67 31.12 29.88 28.74 38.88 34.04 38.18 38.17 46.21 42.83 37.69 35.23 36.12 36.84 39.81 43.40 41.29 33.54 39.66 46.04 42.76 43.74 46.18 56.56 53.55 50.37 53.11 44.84 44.29 44.39 43.06 45.59 45.95 44.72 50.96 61.20 65.55 62.87 53.62 59.94 53.73 53.16 57.48
-9999 -9999 -9999 -9999 -9999 -9999 -9999 53.73 69.06 57.58 63.91 51.81 56.36 52.74 53.81 51.38 51.00 49.33 62.02 63.73 61.29 49.47 46.34 40.88 39.06 34.87 30.05 26.78 28.57 27.70 26.51 28.10 29.76 33.16 29.17 29.03 31.86 32.85 39.25 40.91 40.12 41.13 44.46 46.58 40.63 39.85 34.69 35.50 41.47 43.80 42.20 43.53 43.89 52.76 50.04 47.75 50.93 51.00 51.28 48.76 56.90 57.05 47.73 42.99 43.26 44.30 47.48 46.62 49.30 59.28 58.55 55.49 57.67 58.09 59.22 55.27 60.58
-9999 -9999 -9999 -9999 -9999 -9999 -9999 50.44 64.33 56.96 61.08 52.39 57.65 47.89 54.28 59.33 49.59 51.27 59.27 59.65 59.01 46.33 46.45 47.53 42.78 41.34 44.08 35.61 33.67 30.51 32.44 29.06 29.94 31.45 31.70 44.37 31.70 36.16 39.44 43.21 45.22 46.50 43.60 39.59 39.62 38.80 35.03 38.43 39.23 43.64 40.08 44.71 53.47 57.69 52.14 54.07 59.51 54.65 51.47 60.37 54.92 57.32 47.36 44.04 46.23 47.78 51.52 50.24 52.97 58.23 57.07 56.66 54.48 59.78 63.09 63.83 64.35
-9999 -9999 -9999 -9999 -9999 -9999 -9999 38.44 44.20 47.37 52.48 46.87 41.83 46.13 45.91 52.99 48.16 47.83 53.24 53.38 50.89 50.01 45.61 44.98 43.12 45.28 53.15 62.81 42.44 29.54 36.13 31.08 21.93 23.59 26.97 38.18 36.98 31.79 38.76 45.68 44.48 43.07 44.46 42.34 44.65 44.61 42.52 44.92 50.74 51.93 43.39 43.27 40.75 42.81 51.10 51.00 55.91 52.36 51.37 57.22 56.60 56.72 60.67 49.79 60.60 57.82 51.85 53.37 68.83 62.96 67.88 55.36 53.97 58.82 60.01 57.81 53.87
-9999 -9999 -9999 -9999 -9999 -9999 -9999 38.08 43.03 39.39 39.83 39.27 42.21 41.82 37.88 44.88 44.58 48.99 48.06 47.74 43.75 48.41 53.36 39.42 45.55 61.24 52.57 45.13 42.03 38.72 60.52 36.71 29.54 33.74 42.87 37.25 38.08 38.48 41.38 46.15 39.80 43.19 43.31 42.63 52.53 56.80 55.18 51.00 49.22 45.64 42.69 59.33 45.38 44.66 42.39 52.16 44.92 42.58 47.78 47.88 48.29 49.55 52.44 49.01 52.34 55.14 52.80 51.99 62.67 59.75 68.36 59.83 56.84 69.93 67.23 62.44 60.94
-9999 -9999 -9999 -9999 -9999 -9999 -9999 33.30 38.66 39.95 40.61 37.03 34.71 36.20 38.43 39.68 41.70 48.63 42.95 35.25 39.34 43.59 41.05 39.11 44.16 60.04 39.33 42.55 41.42 32.99 40.51 37.91 34.50 45.46 46.10 50.07 50.50 53.07 50.02 51.53 48.08 50.78 56.34 57.60 60.00 63.30 62.95 57.15 55.72 57.26 30.77 34.76 39.83 36.28 33.60 38.82 37.10 41.15 46.75 48.06 51.26 47.15 48.61 44.67 47.20 45.65 43.15 -9999 -9999 50.54 62.05 64.22 64.74 70.53 82.31 65.22 -9999
-9999 -9999 -9999 -9999 -9999 -9999 29.32 31.35 38.39 38.87 36.74 36.14 33.75 36.89 42.40 36.39 50.00 49.77 50.81 34.36 38.00 41.83 36.48 36.89 38.45 37.31 38.18 41.72 38.69 38.18 39.99 33.73 34.51 41.29 43.16 58.08 57.84 55.11 50.28 53.31 61.82 73.31 77.18 65.04 61.00 60.11 59.77 59.07 50.99 44.96 38.36 35.31 32.97 -9999 -9999 36.43 34.79 36.88 42.56 43.68 46.70 42.09 -9999 -9999 -9999 -9999 -9999 -9999 -9999 -9999 -9999 -9999 62.18 64.60 69.78 61.04 -9999
-9999 -9999 -9999 -9999 -9999 28.53 28.76 36.88 36.44 32.94 29.57 31.22 36.90 43.24 51.73 49.24 46.45 41.45 39.95 38.98 38.13 33.07 32.12 38.03 35.89 41.04 37.75 43.13 41.72 44.78 35.71 35.39 37.86 45.89 50.91 55.23 53.06 58.19 59.15 66.17 67.72 72.53 68.67 65.17 61.99 62.42 53.41 51.99 51.23 41.78 -9999 37.64 35.97 36.48 34.87 36.80 -9999 -9999 -9999 -9999 42.30 -9999 -9999 -9999 -9999 -9999 -9999 -9999 -9999 -9999 -9999 -9999 -9999 -9999 -9999 -9999 -9999
-9999 -9999 -9999 -9999 24.87 29.41 32.03 36.30 32.92 31.36 29.95 28.63 30.17 52.02 69.08 73.54 54.19 45.77 44.35 40.66 40.92 31.33 33.37 45.55 36.89 35.64 35.82 32.29 -9999 -9999 -9999 -9999 -9999 40.12 53.48 73.70 68.15 66.01 69.26 77.62 94.05 74.96 71.81 62.43 -9999 -9999 -9999 -9999 -9999 47.56 47.55 40.27 39.42 43.23 47.91 42.69 -9999 -9999 -9999 -9999 -9999 -9999 -9999 -9999 -9999 -9999 -9999 -9999 -9999 -9999 -9999 -9999 -9999 -9999 -9999 -9999 -9999
-9999 -9999 -9999 23.72 24.46 35.62 38.23 42.99 35.17 33.94 27.70 31.97 41.48 62.69 77.39 88.64 64.42 60.31 43.13 37.83 41.01 42.16 37.16 43.51 55.06 -9999 -9999 -9999 -9999 -9999 -9999 -9999 -9999 -9999 47.43 70.76 76.35 67.93 74.08 89.51 85.34 61.04 65.74 58.43 -9999 -9999 -9999 -9999 -9999 -9999 -9999 43.87 47.79 43.63 47.12 -9999 -9999 -9999 -9999 -9999 -9999 -9999 -9999 -9999 -9999 -9999 -9999 -9999 -9999 -9999 -9999 -9999 -9999 -9999 -9999 -9999 -9999
22.96 22.54 25.00 27.08 27.72 34.66 40.82 40.31 36.49 34.29 32.61 37.68 43.08 51.41 73.41 82.30 50.71 52.29 54.34 41.22 43.59 54.47 40.64 -9999 -9999 -9999 -9999 -9999 -9999 -9999 -9999 -9999 -9999 -9999 -9999 -9999 50.15 -9999 -9999 -9999 -9999 57.93 57.30 57.52 -9999 -9999 -9999 -9999 -9999 -9999 -9999 -9999 44.36 52.17 46.61 -9999 -9999 -9999 -9999 -9999 -9999 -9999 -9999 -9999 -9999 -9999 -9999 -9999 -9999 -9999 -9999 -9999 -9999 -9999 -9999 -9999 -9999
25.62 24.24 23.40 27.85 34.80 39.94 45.16 49.02 42.72 38.63 39.56 41.48 38.35 47.76 66.96 72.16 64.06 54.43 50.99 38.81 39.06 37.41 -9999 -9999 -9999 -9999 -9999 -9999 -9999 -9999 -9999 -9999 -9999 -9999 -9999 -9999 46.61 -9999 -9999 -9999 -9999 -9999 -9999 -9999 -9999 -9999 -9999 -9999 -9999 -9999 -9999 -9999 -9999 -9999 -9999 -9999 -9999 -9999 -9999 -9999 -9999 -9999 -9999 -9999 -9999 -9999 -9999 -9999 -9999 -9999 -9999 -9999 -9999 -9999 -9999 -9999 -9999
28.47 31.19 31.21 34.21 35.62 44.51 46.28 47.33 41.33 42.51 47.94 43.55 43.98 46.80 71.87 76.78 76.39 63.46 52.18 44.04 42.12 40.39 -9999 -9999 -9999 -9999 -9999 -9999 -9999 -9999 -9999 -9999 -9999 -9999 -9999 -9999 -9999 -9999 -9999 -9999 -9999 -9999 -9999 -9999 -9999 -9999 -9999 -9999 -9999 -9999 -9999 -9999 -9999 -9999 -9999 -9999 -9999 -9999 -9999 -9999 -9999 -9999 -9999 -9999 -9999 -9999 -9999 -9999 -9999 -9999 -9999 -9999 -9999 -9999 -9999 -9999 -9999
30.13 33.97 38.93 39.60 43.83 45.77 46.64 48.07 42.94 44.05 49.56 48.34 51.02 55.35 64.49 78.55 77.76 65.38 55.48 46.61 45.06 30.35 -9999 -9999 -9999 -9999 -9999 -9999 -9999 -9999 -9999 -9999 -9999 -9999 -9999 -9999 -9999 -9999 -9999 -9999 -9999 -9999 -9999 -9999 -9999 -9999 -9999 -9999 -9999 -9999 -9999 -9999 -9999 -9999 -9999 -9999 -9999 -9999 -9999 -9999 -9999 -9999 -9999 -9999 -9999 -9999 -9999 -9999 -9999 -9999 -9999 -9999 -9999 -9999 -9999 -9999 -9999
