Rainfall_2007-2011/Rainfall_2009-07_ACTUAL.txt
ncols         180
nrows         290
xllcorner     -200000
yllcorner     -200000
cellsize      5000
NODATA_value  -9999
[rows 132 to 164 of 290, columns 75 to 149 of 180]
-9999 -9999 -9999 -9999 -9999 -9999 -9999 158.80 160.92 171.25 213.16 231.40 234.11 296.00 286.82 321.00 255.15 234.44 226.75 230.39 224.32 210.29 206.49 244.70 228.62 171.72 156.23 153.83 180.83 201.43 262.77 235.23 198.12 214.92 169.98 179.47 207.85 160.49 132.12 117.45 145.20 149.54 149.11 137.26 127.51 112.53 115.22 147.04 177.27 169.62 154.00 -9999 -9999 -9999 -9999 -9999 -9999 -9999 -9999 -9999 -9999 -9999 -9999 -9999 -9999 -9999 -9999 -9999 -9999 -9999 -9999 -9999 -9999 -9999 -9999
-9999 -9999 -9999 -9999 -9999 -9999 152.49 164.74 176.42 158.55 180.15 187.34 208.99 260.01 270.99 350.20 232.79 180.58 210.98 224.04 203.48 207.40 206.11 198.64 182.50 181.57 136.39 158.41 189.44 204.52 200.47 198.61 197.87 180.42 166.26 178.77 194.84 169.48 148.57 138.79 146.45 131.79 129.61 134.10 124.61 112.01 112.00 137.91 171.92 155.80 151.69 148.26 -9999 -9999 -9999 -9999 -9999 -9999 -9999 -9999 -9999 -9999 -9999 -9999 -9999 -9999 -9999 -9999 -9999 -9999 -9999 -9999 -9999 -9999 -9999
-9999 -9999 -9999 -9999 -9999 -9999 172.84 196.80 169.89 157.99 168.18 182.66 193.26 302.86 302.60 246.36 261.03 205.12 200.53 196.99 175.60 242.31 192.79 171.80 166.18 167.77 183.89 168.32 191.18 189.08 180.25 172.64 157.62 147.92 152.33 154.92 162.73 166.17 140.39 136.26 135.67 128.58 119.33 123.99 89.82 122.70 122.58 124.67 126.51 128.63 154.60 125.87 -9999 -9999 -9999 -9999 -9999 -9999 -9999 -9999 -9999 -9999 -9999 -9999 -9999 -9999 -9999 -9999 -9999 -9999 -9999 -9999 -9999 -9999 -9999
-9999 -9999 -9999 -9999 124.82 140.31 167.38 166.53 162.04 169.52 175.92 185.65 177.13 266.94 249.98 277.61 248.74 225.13 175.89 183.82 185.57 189.46 193.78 181.95 147.50 174.54 181.15 170.46 170.36 176.38 170.58 155.99 148.46 156.57 179.31 156.36 189.41 161.07 152.77 141.71 154.11 133.77 122.07 101.13 110.17 149.72 152.23 127.21 117.65 139.28 145.42 142.76 -9999 -9999 -9999 -9999 -9999 -9999 -9999 -9999 -9999 -9999 -9999 -9999 -9999 -9999 -9999 -9999 -9999 -9999 -9999 -9999 -9999 -9999 -9999
-9999 -9999 -9999 -9999 117.50 123.56 122.81 148.68 154.33 177.93 177.89 165.92 176.17 194.62 219.86 293.80 249.09 207.12 170.67 160.94 158.44 173.80 180.60 211.85 212.59 215.48 165.93 150.62 152.49 159.04 154.73 124.04 139.10 143.11 170.16 131.29 134.61 140.35 145.92 136.58 146.12 138.49 106.01 115.69 156.60 157.69 140.20 140.05 151.90 148.42 142.89 146.90 127.20 -9999 -9999 -9999 -9999 -9999 -9999 -9999 -9999 -9999 -9999 -9999 -9999 -9999 -9999 -9999 -9999 -9999 -9999 -9999 -9999 -9999 -9999
-9999 -9999 -9999 -9999 108.94 111.72 102.45 122.62 124.75 180.47 184.58 187.98 164.57 154.75 194.85 248.37 236.95 227.21 190.11 151.54 153.95 174.04 185.11 237.66 245.95 -9999 -9999 -9999 150.70 166.94 -9999 137.43 134.16 139.38 141.36 108.00 125.71 125.06 135.62 123.21 155.42 146.51 147.02 143.96 119.47 108.65 122.08 139.51 160.85 129.66 130.17 143.96 138.44 -9999 -9999 -9999 -9999 -9999 -9999 -9999 -9999 -9999 -9999 -9999 -9999 -9999 -9999 -9999 -9999 -9999 -9999 -9999 -9999 -9999 -9999
-9999 -9999 -9999 -9999 96.61 113.80 102.98 105.35 117.73 153.43 186.02 183.14 145.70 155.87 171.27 241.11 211.04 218.58 191.89 141.47 155.48 158.06 145.32 151.08 187.21 -9999 -9999 -9999 162.16 169.59 164.63 150.31 137.26 136.83 132.82 141.16 155.98 136.78 142.93 156.03 160.20 181.04 167.72 139.82 137.78 133.15 152.19 135.89 153.29 175.07 153.77 138.01 128.43 -9999 -9999 -9999 -9999 -9999 -9999 -9999 -9999 -9999 -9999 -9999 -9999 -9999 -9999 -9999 -9999 -9999 -9999 -9999 -9999 -9999 -9999
-9999 -9999 -9999 -9999 -9999 102.42 109.25 99.65 -9999 148.72 172.75 165.46 142.72 135.01 -9999 164.95 149.89 164.16 137.53 128.28 110.01 103.56 114.37 -9999 -9999 -9999 -9999 116.20 125.79 160.08 169.01 199.22 140.75 129.26 122.72 153.48 186.03 221.98 159.13 204.08 211.20 188.56 179.24 153.51 179.32 176.28 149.28 167.26 160.47 165.97 149.88 164.32 165.03 135.63 -9999 -9999 -9999 -9999 -9999 -9999 -9999 -9999 -9999 -9999 -9999 -9999 -9999 -9999 -9999 -9999 -9999 -9999 -9999 -9999 -9999
-9999 -9999 -9999 -9999 -9999 -9999 95.69 -9999 -9999 -9999 155.28 163.85 155.70 146.99 117.71 -9999 -9999 140.10 115.68 134.40 123.74 -9999 -9999 -9999 -9999 -9999 113.07 132.92 147.23 188.00 200.44 200.80 149.67 142.87 150.77 172.99 193.25 218.94 246.52 225.55 242.33 234.07 208.29 191.64 193.09 207.29 202.24 185.79 187.59 186.46 160.99 164.98 163.89 149.86 -9999 -9999 -9999 -9999 -9999 -9999 -9999 -9999 -9999 -9999 -9999 -9999 -9999 -9999 -9999 -9999 -9999 -9999 -9999 -9999 -9999
-9999 -9999 -9999 -9999 -9999 -9999 85.76 82.93 -9999 -9999 -9999 149.95 163.89 147.54 122.88 -9999 -9999 -9999 -9999 124.99 -9999 -9999 -9999 -9999 -9999 -9999 122.55 141.83 168.28 176.87 228.02 204.03 146.04 134.77 149.47 188.22 192.08 215.26 187.58 203.35 261.89 238.92 236.04 190.06 206.59 235.98 245.27 230.05 189.65 166.53 159.96 166.56 166.83 136.99 -9999 -9999 -9999 -9999 -9999 -9999 -9999 -9999 -9999 -9999 -9999 -9999 -9999 -9999 -9999 -9999 -9999 -9999 -9999 -9999 -9999
-9999 -9999 -9999 -9999 -9999 -9999 -9999 94.42 -9999 -9999 -9999 -9999 144.45 134.54 122.28 -9999 -9999 -9999 -9999 -9999 -9999 -9999 -9999 -9999 -9999 133.07 112.50 163.15 193.40 206.18 215.77 201.65 178.66 184.37 172.70 176.44 211.74 222.70 273.34 260.61 222.78 230.96 187.96 199.36 190.00 186.69 202.99 225.70 209.98 163.83 163.97 155.00 176.68 161.26 149.71 -9999 -9999 -9999 -9999 -9999 -9999 -9999 -9999 -9999 -9999 -9999 -9999 -9999 -9999 -9999 -9999 -9999 -9999 -9999 -9999
-9999 -9999 -9999 -9999 -9999 -9999 -9999 109.42 -9999 -9999 -9999 -9999 -9999 -9999 -9999 -9999 -9999 -9999 -9999 -9999 -9999 -9999 -9999 -9999 -9999 136.89 147.21 152.52 201.44 167.19 251.44 207.76 204.83 210.80 180.06 196.88 141.85 165.18 256.74 299.22 260.22 194.02 248.34 292.46 223.25 213.43 273.33 191.92 179.31 161.01 174.65 162.88 162.26 163.09 169.03 162.86 -9999 -9999 -9999 -9999 -9999 -9999 -9999 -9999 -9999 -9999 -9999 -9999 -9999 -9999 -9999 -9999 -9999 -9999 -9999
-9999 -9999 -9999 -9999 -9999 -9999 -9999 -9999 -9999 -9999 -9999 -9999 -9999 -9999 -9999 -9999 -9999 -9999 -9999 -9999 -9999 -9999 -9999 -9999 124.62 140.60 141.10 165.63 260.82 236.70 348.80 312.76 224.19 179.62 190.20 167.32 164.54 139.04 205.54 320.17 285.28 205.42 210.89 235.25 227.21 233.51 281.40 197.17 172.62 156.77 139.49 122.61 156.00 154.46 146.55 142.21 -9999 -9999 -9999 -9999 -9999 -9999 -9999 -9999 -9999 -9999 -9999 -9999 -9999 -9999 -9999 -9999 -9999 -9999 -9999
-9999 -9999 -9999 -9999 -9999 -9999 -9999 -9999 -9999 -9999 -9999 -9999 -9999 -9999 -9999 -9999 -9999 -9999 -9999 -9999 -9999 -9999 -9999 -9999 128.52 158.05 189.78 200.72 261.49 285.81 252.76 289.24 261.27 224.12 207.67 188.54 180.02 167.16 191.52 203.17 309.38 280.73 247.81 206.26 189.25 211.54 208.66 157.82 147.81 169.81 147.24 141.32 132.29 139.53 128.43 118.43 124.83 129.81 106.53 -9999 -9999 -9999 -9999 -9999 -9999 -9999 -9999 -9999 -9999 -9999 -9999 -9999 -9999 -9999 -9999
113.23 -9999 -9999 -9999 -9999 -9999 -9999 -9999 -9999 -9999 -9999 -9999 -9999 -9999 -9999 -9999 -9999 -9999 -9999 -9999 -9999 -9999 -9999 -9999 109.40 145.55 201.88 236.57 314.53 311.64 353.90 375.50 311.58 254.80 277.71 225.59 213.13 188.37 157.08 129.64 211.37 222.86 221.01 174.95 178.65 154.82 171.43 160.26 143.72 148.61 137.98 120.86 122.94 126.91 115.28 126.88 151.94 123.86 109.48 107.01 98.23 -9999 -9999 -9999 -9999 -9999 -9999 -9999 -9999 -9999 -9999 -9999 -9999 -9999 -9999
-9999 -9999 -9999 -9999 -9999 -9999 -9999 -9999 -9999 -9999 -9999 -9999 -9999 -9999 -9999 -9999 -9999 -9999 -9999 -9999 -9999 -9999 -9999 -9999 103.36 169.03 245.53 356.75 378.92 444.79 369.62 352.55 404.34 410.69 289.05 337.95 301.66 212.38 218.87 176.37 172.18 171.05 209.64 178.04 158.76 155.96 156.37 140.12 140.76 140.71 129.29 114.54 130.61 116.28 132.53 137.33 143.29 143.22 120.99 123.20 117.85 124.75 87.99 -9999 -9999 -9999 -9999 -9999 -9999 -9999 -9999 -9999 -9999 -9999 -9999
-9999 -9999 -9999 -9999 -9999 -9999 -9999 -9999 -9999 -9999 -9999 -9999 -9999 -9999 -9999 -9999 -9999 -9999 -9999 -9999 -9999 -9999 -9999 -9999 124.73 150.42 194.79 279.73 318.31 466.94 480.10 407.64 398.15 340.42 342.58 342.19 276.20 235.98 216.68 203.17 167.49 269.93 229.07 201.90 210.35 195.08 182.81 129.96 153.92 140.07 144.50 145.10 138.86 118.07 134.64 161.44 136.20 145.13 121.06 120.58 113.54 117.65 89.26 98.35 -9999 -9999 -9999 -9999 -9999 -9999 -9999 -9999 -9999 -9999 -9999
-9999 -9999 -9999 -9999 -9999 -9999 -9999 -9999 -9999 -9999 -9999 -9999 94.58 86.51 80.30 -9999 -9999 -9999 -9999 -9999 -9999 -9999 -9999 -9999 -9999 118.80 168.13 212.47 250.47 282.31 337.32 309.57 257.06 262.53 289.18 267.92 262.22 310.56 273.40 243.55 214.48 260.16 250.85 271.95 243.38 185.39 169.72 186.97 191.16 148.71 142.34 136.91 132.34 125.60 145.83 220.26 166.64 203.31 186.46 155.13 124.72 94.43 111.24 100.08 76.89 -9999 -9999 -9999 -9999 -9999 -9999 -9999 -9999 -9999 -9999
-9999 -9999 -9999 -9999 -9999 -9999 -9999 -9999 -9999 -9999 -9999 -9999 85.56 92.33 -9999 -9999 -9999 -9999 -9999 -9999 -9999 -9999 -9999 -9999 -9999 -9999 166.85 195.48 232.05 274.57 374.75 276.55 251.88 220.75 210.23 219.25 206.96 213.69 332.98 296.88 279.33 302.25 255.42 213.65 256.99 206.67 143.74 186.42 174.93 146.78 134.95 143.85 118.25 126.88 137.94 178.28 176.61 172.92 147.47 145.23 117.23 100.32 115.37 100.25 102.19 -9999 -9999 -9999 -9999 -9999 -9999 -9999 -9999 -9999 -9999
-9999 -9999 -9999 -9999 -9999 -9999 -9999 -9999 -9999 -9999 -9999 99.45 120.33 120.53 103.65 -9999 -9999 -9999 -9999 -9999 -9999 -9999 -9999 -9999 -9999 -9999 135.18 188.26 240.92 239.94 249.10 263.00 223.06 216.07 218.43 212.18 218.14 234.87 241.83 338.10 286.84 260.98 227.64 194.36 216.77 176.43 198.46 158.00 142.49 142.65 144.26 158.80 145.38 148.95 150.25 144.66 162.31 163.62 154.83 135.27 101.46 93.51 114.98 97.47 114.34 95.60 -9999 -9999 -9999 -9999 -9999 -9999 -9999 -9999 -9999
-9999 -9999 -9999 -9999 -9999 -9999 -9999 -9999 -9999 -9999 102.38 147.66 147.32 162.76 99.77 -9999 -9999 -9999 -9999 -9999 -9999 -9999 -9999 -9999 -9999 -9999 158.37 177.90 220.07 187.47 229.65 210.85 219.05 213.98 217.91 217.11 236.39 229.84 305.64 284.87 320.06 234.36 244.37 153.28 171.91 151.52 204.60 148.50 131.11 139.23 135.41 133.65 128.89 137.51 143.97 144.71 138.08 125.92 121.97 100.81 109.63 112.92 122.79 103.25 101.48 111.21 -9999 -9999 -9999 -9999 -9999 -9999 -9999 -9999 -9999
-9999 -9999 -9999 -9999 -9999 -9999 -9999 -9999 -9999 71.68 93.61 170.97 145.65 116.07 -9999 -9999 -9999 -9999 -9999 -9999 -9999 -9999 -9999 -9999 -9999 -9999 -9999 172.20 175.33 174.13 315.71 212.65 197.32 187.09 176.52 198.79 242.75 224.40 260.37 267.26 267.05 232.97 225.82 227.10 213.50 239.84 202.34 169.01 155.83 119.98 125.15 113.94 110.67 117.24 118.64 149.11 136.04 108.92 100.74 79.80 87.75 94.00 99.51 111.03 87.44 89.16 84.13 71.46 -9999 -9999 -9999 -9999 -9999 -9999 -9999
-9999 -9999 -9999 -9999 -9999 -9999 -9999 -9999 -9999 95.08 118.42 120.65 103.09 105.64 -9999 -9999 -9999 -9999 -9999 -9999 -9999 -9999 -9999 -9999 -9999 -9999 -9999 -9999 174.16 162.38 182.90 180.22 183.10 174.10 181.76 182.35 227.54 215.69 276.46 212.89 231.90 213.57 209.96 203.21 236.67 245.27 172.52 178.21 143.82 130.84 114.46 111.37 109.64 111.40 118.32 108.78 120.66 102.29 85.83 88.09 84.55 94.49 100.89 99.57 73.08 87.37 85.34 71.88 -9999 -9999 -9999 -9999 -9999 -9999 -9999
-9999 -9999 -9999 -9999 -9999 -9999 -9999 -9999 -9999 94.74 103.53 138.23 107.06 -9999 -9999 -9999 -9999 -9999 -9999 -9999 -9999 -9999 -9999 -9999 -9999 -9999 -9999 -9999 145.08 163.37 173.95 -9999 161.34 -9999 154.92 175.98 176.73 160.88 185.17 216.51 203.34 210.14 247.00 208.09 182.61 232.39 200.62 167.55 174.57 135.82 117.82 130.40 117.65 114.07 111.86 109.90 114.72 107.42 87.01 100.13 95.58 90.92 99.70 102.41 88.22 85.10 82.95 81.24 79.89 73.36 -9999 -9999 -9999 -9999 -9999
-9999 -9999 -9999 -9999 -9999 -9999 -9999 -9999 83.44 81.69 87.04 -9999 -9999 -9999 -9999 -9999 -9999 -9999 -9999 -9999 -9999 -9999 -9999 -9999 -9999 -9999 -9999 -9999 142.25 146.32 155.20 -9999 -9999 -9999 153.80 193.88 186.30 193.15 166.46 173.16 172.12 179.70 221.30 220.57 171.27 198.04 209.28 158.30 148.96 138.95 124.73 116.68 107.24 104.73 104.04 93.66 104.24 99.04 94.92 96.60 103.31 94.91 91.59 96.75 99.21 105.95 99.22 77.92 73.17 69.48 -9999 -9999 -9999 -9999 -9999
-9999 -9999 -9999 -9999 -9999 -9999 -9999 -9999 -9999 -9999 -9999 -9999 -9999 -9999 -9999 -9999 -9999 -9999 -9999 -9999 -9999 -9999 -9999 -9999 -9999 -9999 -9999 -9999 -9999 -9999 -9999 -9999 -9999 152.10 154.05 182.06 224.68 211.36 225.76 218.82 188.86 187.36 220.42 198.19 189.98 160.22 181.60 181.00 144.79 117.57 110.74 115.07 109.56 103.78 123.37 117.98 103.07 84.43 88.26 101.58 108.61 119.17 99.47 93.74 98.68 120.23 103.65 102.44 92.60 -9999 -9999 -9999 -9999 -9999 -9999
-9999 -9999 -9999 -9999 -9999 -9999 -9999 -9999 -9999 -9999 -9999 -9999 -9999 -9999 -9999 -9999 -9999 -9999 -9999 -9999 -9999 -9999 -9999 -9999 -9999 -9999 -9999 -9999 -9999 -9999 -9999 -9999 -9999 144.08 158.01 208.71 259.87 265.50 241.26 225.87 203.28 156.48 204.10 180.81 186.90 175.68 158.28 143.22 139.95 114.20 105.90 106.62 105.17 114.28 117.72 115.05 110.08 96.72 99.35 114.87 114.24 131.37 111.70 83.81 93.22 91.58 101.47 117.38 113.40 -9999 -9999 -9999 -9999 -9999 -9999
-9999 -9999 -9999 -9999 -9999 -9999 -9999 -9999 -9999 -9999 -9999 -9999 -9999 -9999 -9999 -9999 -9999 -9999 -9999 -9999 -9999 -9999 -9999 -9999 -9999 -9999 -9999 -9999 -9999 -9999 -9999 -9999 -9999 130.43 151.95 185.72 229.46 275.33 231.08 204.30 172.53 161.24 189.77 169.72 163.21 158.73 114.28 148.95 122.34 97.05 101.60 99.59 98.02 99.33 90.33 125.14 116.24 119.98 120.67 131.85 119.99 111.84 101.36 98.50 99.44 89.27 107.73 115.82 120.61 -9999 -9999 -9999 -9999 -9999 -9999
-9999 -9999 -9999 -9999 -9999 -9999 -9999 -9999 -9999 -9999 -9999 -9999 -9999 -9999 -9999 -9999 -9999 -9999 -9999 -9999 -9999 -9999 -9999 -9999 -9999 -9999 -9999 -9999 -9999 -9999 -9999 118.00 121.81 130.92 145.34 203.72 225.57 277.54 220.88 231.26 190.68 187.02 190.62 184.30 181.03 159.72 171.40 130.43 118.20 113.98 104.51 90.44 106.25 111.16 120.78 125.78 109.57 108.26 123.67 129.59 123.62 107.24 101.14 118.18 116.79 107.44 99.18 113.77 123.88 124.23 -9999 -9999 -9999 -9999 -9999
-9999 -9999 -9999 -9999 -9999 -9999 -9999 -9999 -9999 -9999 -9999 -9999 -9999 -9999 -9999 -9999 -9999 -9999 -9999 -9999 -9999 -9999 -9999 -9999 -9999 -9999 -9999 -9999 -9999 -9999 -9999 128.00 120.66 128.70 155.97 172.34 197.48 178.63 186.28 179.68 210.05 211.47 187.88 174.18 179.31 191.23 151.98 158.09 128.77 127.07 111.77 98.47 103.43 120.77 119.73 133.25 132.15 122.45 122.59 137.90 124.63 134.53 105.07 123.18 120.77 108.50 103.36 112.02 123.22 136.41 -9999 -9999 -9999 -9999 -9999
-9999 -9999 -9999 -9999 -9999 -9999 -9999 -9999 -9999 -9999 -9999 -9999 -9999 -9999 -9999 -9999 -9999 -9999 -9999 -9999 -9999 -9999 -9999 -9999 -9999 -9999 -9999 -9999 -9999 -9999 -9999 127.15 125.37 131.81 169.59 165.66 162.64 164.08 160.54 171.78 173.90 168.08 199.99 133.23 204.52 196.63 163.64 133.29 147.26 115.78 105.37 100.12 113.55 119.28 127.49 140.29 144.37 138.46 124.60 139.72 115.75 127.54 115.52 113.59 114.00 116.26 101.90 97.72 110.70 108.46 103.45 -9999 -9999 -9999 -9999
-9999 -9999 -9999 -9999 -9999 -9999 -9999 -9999 -9999 -9999 -9999 -9999 -9999 -9999 -9999 -9999 -9999 -9999 -9999 -9999 -9999 -9999 -9999 -9999 -9999 -9999 -9999 -9999 -9999 -9999 -9999 95.32 115.72 122.09 139.26 151.63 149.26 146.80 161.17 151.81 161.50 146.87 174.50 178.18 180.59 204.09 165.79 157.09 132.96 114.11 94.98 96.08 113.21 122.85 123.38 128.99 156.36 111.31 110.98 115.25 113.71 114.78 104.29 108.19 96.78 90.86 99.30 102.18 99.38 95.67 97.80 96.50 -9999 -9999 -9999
-9999 -9999 -9999 -9999 -9999 -9999 -9999 -9999 -9999 -9999 -9999 -9999 -9999 -9999 -9999 -9999 -9999 -9999 -9999 -9999 -9999 -9999 -9999 -9999 -9999 -9999 -9999 -9999 -9999 -9999 -9999 97.02 107.70 113.88 118.48 154.56 144.81 152.31 141.78 155.02 169.95 215.59 198.09 210.84 177.68 175.46 148.01 148.65 122.29 129.45 108.33 103.60 113.39 96.80 107.93 108.52 125.14 115.75 103.11 122.08 119.61 102.78 93.57 83.29 76.03 96.55 112.18 107.89 97.25 92.71 99.85 101.23 -9999 -9999 -9999
