Rainfall_2007-2011/Rainfall_2011-09_ACTUAL.txt
ncols         180
nrows         290
xllcorner     -200000
yllcorner     -200000
cellsize      5000
NODATA_value  -9999
[rows 198 to 230 of 290, columns 76 to 151 of 180]
-9999 -9999 -9999 -9999 -9999 -9999 -9999 -9999 -9999 -9999 -9999 92.12 87.73 85.01 80.16 87.88 107.14 100.96 151.30 174.45 191.93 166.83 124.92 96.80 70.08 77.64 64.06 69.18 64.35 43.45 32.56 30.17 30.26 30.56 32.34 39.83 33.05 32.49 35.65 26.96 27.79 30.45 27.85 28.67 27.97 25.50 27.01 29.64 25.29 25.37 24.40 32.67 33.44 31.75 31.40 30.12 28.40 27.35 26.72 31.42 35.61 32.80 32.30 36.37 42.52 41.47 42.21 38.41 46.75 58.19 36.68 39.20 22.36 26.72 18.53 18.96
-9999 -9999 -9999 -9999 -9999 -9999 -9999 71.94 54.28 67.21 99.80 103.88 97.20 105.60 106.70 108.72 108.41 141.23 150.84 169.29 172.35 157.52 119.35 86.67 62.39 74.56 65.89 81.66 67.99 48.64 33.13 32.45 33.22 39.23 33.49 41.06 37.39 32.05 37.17 31.52 27.87 28.81 27.75 25.81 29.55 26.04 26.90 30.06 24.60 25.89 27.49 30.52 33.50 30.23 32.18 32.72 29.86 31.37 30.64 37.60 36.20 36.74 35.97 47.66 43.17 52.55 49.58 50.79 56.57 57.30 37.36 31.54 22.38 22.06 17.10 16.89
-9999 -9999 -9999 -9999 -9999 -9999 82.90 85.18 88.11 89.92 82.13 101.80 97.72 101.40 73.85 105.96 117.07 137.81 163.69 143.40 173.82 168.71 131.68 117.23 87.08 68.83 85.54 63.61 52.92 39.69 35.95 34.48 38.02 33.21 32.84 31.08 33.43 34.81 33.40 34.28 29.19 28.92 28.73 26.07 28.03 26.59 24.13 23.75 20.63 23.96 26.36 33.28 29.84 27.86 29.60 29.30 29.17 33.12 28.34 29.92 34.87 38.23 44.01 46.58 44.97 50.55 46.47 42.81 44.23 30.09 21.52 21.66 18.44 18.13 15.15 14.04
-9999 -9999 -9999 -9999 -9999 68.61 74.69 90.92 92.39 97.51 105.43 105.00 119.66 114.12 111.46 145.82 118.66 126.04 168.14 133.55 146.43 148.79 146.11 115.08 102.88 83.58 66.64 60.14 45.74 62.28 52.52 34.90 31.34 27.78 30.82 30.98 31.37 34.03 31.68 29.00 29.34 30.48 28.18 28.75 28.13 26.14 23.20 27.65 21.85 20.26 24.20 27.22 29.91 28.47 28.26 31.64 31.89 40.93 37.21 34.05 33.65 35.71 45.34 41.19 52.54 44.30 43.12 35.35 32.01 23.71 21.90 15.89 15.34 14.93 14.70 13.81
-9999 87.85 108.93 104.47 126.21 107.09 120.71 134.65 129.52 113.46 123.89 112.56 133.51 124.33 189.64 169.86 146.13 136.28 153.99 147.95 134.61 148.33 129.79 112.79 97.02 89.78 65.75 46.22 61.83 67.56 48.56 40.20 33.77 34.87 38.28 37.70 41.11 28.38 32.09 36.03 36.25 41.85 35.61 36.67 28.24 31.85 31.67 25.04 23.00 21.38 27.39 26.56 27.73 31.02 32.82 29.35 28.20 35.40 41.22 35.47 35.55 43.02 45.83 43.49 41.32 35.30 35.58 28.65 26.10 19.02 22.36 19.28 19.24 14.05 13.70 14.74
74.27 88.09 103.06 128.90 152.26 196.63 180.00 155.31 154.59 144.13 148.91 138.08 144.22 158.74 167.73 171.23 169.65 143.42 137.12 134.12 143.07 136.86 113.24 108.95 95.60 78.62 73.33 72.07 107.35 88.89 66.16 41.95 44.90 43.72 48.50 38.47 35.80 32.54 32.19 39.45 41.15 46.37 39.29 27.02 27.04 34.14 34.57 31.31 27.74 25.46 32.24 28.07 29.09 31.48 30.80 31.34 29.48 37.38 39.78 36.54 38.30 37.63 51.56 54.31 39.55 36.79 34.71 31.36 27.33 26.79 23.70 20.64 19.13 18.75 14.38 16.35
70.72 79.63 95.45 108.51 144.41 164.50 131.53 130.56 140.27 142.01 149.21 135.33 149.37 165.52 171.55 148.77 154.65 160.14 141.23 155.21 157.26 154.01 138.09 138.32 75.34 82.68 69.82 98.43 102.71 101.13 75.03 60.76 56.27 52.40 48.59 42.30 41.07 34.91 45.38 54.45 47.19 41.79 33.26 32.48 24.27 34.71 36.21 30.50 25.96 28.94 32.37 31.37 35.20 33.41 31.79 30.75 30.90 35.46 34.89 37.05 40.62 42.79 49.82 44.07 48.15 41.41 39.78 31.93 27.71 26.87 24.54 18.66 21.32 21.05 20.17 18.19
63.47 69.83 93.05 83.72 100.80 128.37 106.86 116.80 127.42 144.05 135.16 129.78 120.65 132.40 146.39 138.65 144.19 181.54 183.74 214.68 270.81 226.57 196.46 180.12 166.24 134.17 90.14 81.50 123.65 92.44 65.66 67.05 65.98 53.83 45.87 40.41 49.19 46.50 45.04 56.67 43.95 47.95 37.45 38.21 40.09 42.66 37.06 31.42 32.64 30.83 31.47 33.83 34.02 32.53 30.33 27.86 31.16 33.16 36.67 36.02 37.28 40.44 42.11 43.48 42.50 39.80 37.05 25.21 26.56 26.60 20.86 21.45 22.40 21.17 18.36 17.68
-9999 82.31 92.96 95.65 104.81 112.52 119.42 138.46 151.53 101.13 120.04 134.14 131.03 166.05 160.56 163.42 148.14 188.09 210.34 239.56 284.41 294.51 233.67 242.23 247.14 152.60 135.37 118.31 72.65 76.04 80.31 57.45 58.53 45.56 55.29 51.49 58.27 49.62 41.54 42.05 40.62 39.95 41.89 53.54 41.43 43.53 38.63 36.98 39.36 36.64 37.15 30.50 30.63 29.76 29.59 27.70 30.16 34.37 34.38 35.16 35.94 36.71 42.14 48.04 50.03 45.67 33.92 25.49 28.22 27.73 22.65 21.53 19.42 20.72 19.15 16.88
77.37 81.74 77.99 94.35 103.30 116.27 125.15 145.57 137.16 116.55 119.11 131.44 142.54 150.56 139.77 154.94 138.96 166.90 202.58 227.69 216.98 228.12 214.40 217.79 199.91 188.39 135.43 111.96 112.62 109.13 84.62 76.86 70.02 60.65 55.01 58.66 56.73 56.93 43.68 46.17 45.16 52.04 53.10 45.52 44.47 36.89 38.24 43.10 38.59 33.43 32.44 31.96 30.10 30.44 31.95 29.83 35.14 33.35 36.04 36.63 35.85 40.31 42.99 50.74 39.13 44.17 33.72 23.88 27.96 26.45 22.12 21.00 20.58 19.61 21.56 21.87
69.71 84.32 77.41 97.49 106.99 143.78 107.84 106.19 104.27 97.47 98.45 103.57 115.84 127.44 149.99 142.31 166.53 168.51 219.19 251.27 226.54 169.93 180.52 172.89 158.22 130.78 141.25 121.42 129.85 121.81 80.36 76.81 64.04 58.40 59.23 52.66 51.98 51.93 48.73 51.56 51.59 46.50 52.47 46.26 41.30 42.95 41.98 42.86 39.62 37.97 31.60 29.53 28.94 35.64 31.56 28.39 25.43 30.89 33.32 36.85 38.75 43.39 46.43 46.07 42.12 40.47 34.83 30.95 33.56 30.29 28.10 21.40 21.17 17.57 23.67 23.18
-9999 79.89 91.23 104.71 106.10 112.31 104.27 -9999 -9999 -9999 -9999 88.86 104.34 118.38 117.59 122.78 138.88 136.09 188.42 204.80 230.06 280.00 294.73 226.51 181.45 154.64 168.61 152.37 133.89 96.28 79.28 70.18 64.53 70.77 57.11 52.76 49.94 49.64 51.01 51.54 58.35 46.88 49.73 50.27 50.20 44.35 47.21 45.18 39.21 34.25 29.63 30.98 30.04 32.17 31.30 28.93 26.69 37.58 37.39 39.81 43.51 51.10 48.65 49.57 47.12 37.92 32.03 30.11 33.03 31.61 31.13 25.39 22.58 21.10 26.47 25.63
-9999 82.36 97.31 99.80 92.43 103.77 64.23 -9999 -9999 -9999 -9999 -9999 -9999 -9999 109.48 124.62 125.46 129.60 149.70 196.71 269.95 310.93 328.63 279.17 226.57 185.93 184.14 136.79 133.15 117.95 80.99 73.25 90.96 85.12 75.75 54.41 52.13 50.42 57.24 62.07 58.48 48.14 48.11 49.80 52.98 45.10 41.43 40.58 39.64 32.61 30.05 29.10 28.50 22.85 25.64 32.61 34.81 43.94 38.76 41.02 41.08 55.07 55.97 53.47 44.91 36.44 33.53 34.02 33.24 32.56 31.51 30.51 24.46 25.35 26.90 26.83
-9999 -9999 -9999 85.79 -9999 -9999 -9999 -9999 -9999 -9999 -9999 -9999 56.44 79.71 104.08 111.23 96.11 100.72 127.28 167.61 218.11 249.40 274.23 247.03 206.51 194.33 200.96 140.96 118.61 99.03 82.07 73.64 81.72 81.23 72.61 60.03 60.07 67.18 61.31 82.01 60.58 44.30 42.36 43.81 45.79 41.73 35.57 35.17 30.55 30.05 26.16 26.31 26.68 22.56 26.97 33.89 30.73 43.56 51.89 46.10 50.40 50.52 55.83 46.33 38.63 35.92 34.75 36.13 34.83 37.13 37.18 35.77 36.11 43.19 27.45 24.91
-9999 -9999 -9999 -9999 -9999 -9999 -9999 -9999 -9999 -9999 -9999 -9999 42.93 58.51 88.45 88.71 91.87 -9999 -9999 119.41 182.54 197.55 202.78 187.79 189.03 172.81 163.56 126.03 99.27 85.87 72.07 78.12 76.73 74.87 61.70 60.55 61.49 65.74 64.81 71.07 55.34 48.10 35.87 41.17 44.57 40.96 29.88 31.23 30.37 29.43 31.35 34.47 33.54 31.03 29.38 32.60 37.55 48.76 40.88 45.75 48.71 40.43 47.15 40.34 38.76 28.78 29.86 29.54 35.14 44.22 41.66 42.51 30.99 28.88 23.17 19.82
-9999 -9999 -9999 -9999 -9999 -9999 -9999 -9999 -9999 -9999 -9999 -9999 -9999 -9999 -9999 -9999 -9999 -9999 -9999 102.48 122.54 153.58 132.47 141.45 162.27 137.13 126.08 113.56 91.48 78.24 67.58 68.18 71.05 -9999 62.56 61.09 63.38 53.28 59.85 69.89 64.58 44.85 40.16 44.71 44.35 50.36 32.66 32.68 38.09 34.05 31.64 40.64 40.01 34.22 36.01 43.96 40.81 44.24 44.91 41.52 39.82 40.14 37.68 36.89 29.05 28.46 29.17 30.57 33.96 36.81 30.92 27.95 23.50 20.81 18.55 14.04
-9999 -9999 -9999 -9999 -9999 -9999 -9999 -9999 -9999 -9999 -9999 -9999 -9999 -9999 -9999 -9999 -9999 -9999 -9999 -9999 105.83 110.69 108.60 116.59 120.61 115.60 111.01 99.71 83.87 -9999 -9999 -9999 -9999 68.41 60.55 65.60 66.23 62.06 64.43 61.16 52.90 48.23 43.32 45.99 51.09 45.16 42.92 38.37 42.36 37.99 42.94 40.16 39.00 34.68 36.44 41.48 38.15 41.92 44.03 32.00 34.06 35.49 34.40 35.00 34.41 35.42 31.42 26.97 28.16 34.34 28.61 16.86 17.86 21.18 20.41 15.38
-9999 -9999 -9999 -9999 -9999 -9999 -9999 -9999 -9999 -9999 -9999 -9999 -9999 -9999 -9999 -9999 -9999 -9999 -9999 -9999 -9999 104.26 106.77 107.98 95.39 99.02 85.64 80.14 -9999 -9999 -9999 -9999 57.34 86.45 86.21 73.85 56.82 61.85 76.15 58.95 55.08 47.50 41.80 41.74 43.58 45.36 42.24 40.77 40.17 37.83 39.04 40.38 36.33 32.74 38.08 35.27 37.41 38.26 40.17 34.64 37.96 41.28 37.25 37.34 35.87 33.61 29.38 25.34 28.53 24.96 21.70 21.89 23.88 22.83 25.57 26.37
-9999 -9999 -9999 -9999 -9999 -9999 -9999 -9999 -9999 -9999 -9999 -9999 -9999 -9999 -9999 -9999 -9999 -9999 -9999 -9999 -9999 -9999 87.29 86.98 81.61 83.80 71.88 60.87 -9999 -9999 -9999 72.81 75.35 82.97 98.02 80.36 60.24 54.66 62.18 53.74 57.32 47.79 40.99 44.90 46.46 45.04 40.73 43.13 38.66 33.90 25.23 31.91 35.47 37.45 33.95 37.38 40.17 43.62 34.90 36.81 38.01 38.50 36.38 34.69 31.73 33.63 27.28 19.70 23.45 22.63 21.25 22.14 26.22 28.35 29.08 31.77
-9999 -9999 -9999 -9999 -9999 -9999 -9999 -9999 -9999 -9999 -9999 -9999 -9999 -9999 -9999 -9999 -9999 -9999 -9999 -9999 -9999 -9999 -9999 -9999 -9999 -9999 -9999 -9999 -9999 -9999 70.50 75.62 79.12 83.77 87.50 76.06 65.67 61.50 59.95 60.37 54.07 40.60 36.63 36.52 38.53 39.77 37.82 38.31 42.83 38.79 31.27 40.37 39.61 37.93 33.80 40.57 47.48 47.84 45.40 38.93 37.47 39.32 33.72 32.04 28.96 30.13 28.03 27.70 23.99 25.43 34.10 32.17 34.17 32.78 25.98 30.92
-9999 -9999 -9999 -9999 -9999 -9999 -9999 -9999 -9999 -9999 -9999 -9999 -9999 -9999 -9999 -9999 -9999 -9999 -9999 -9999 -9999 -9999 -9999 -9999 -9999 -9999 -9999 -9999 -9999 -9999 72.90 86.34 86.05 115.41 104.62 81.31 74.99 73.35 59.93 53.19 46.12 40.34 35.86 37.27 35.46 41.15 39.00 45.05 49.86 50.07 38.47 39.66 48.43 46.02 42.15 49.30 54.55 59.96 44.67 41.36 41.42 40.17 34.97 31.69 22.55 20.66 28.77 31.40 29.58 34.19 41.89 42.44 46.27 35.77 26.87 29.26
-9999 -9999 -9999 -9999 -9999 -9999 -9999 -9999 -9999 -9999 -9999 -9999 -9999 -9999 -9999 -9999 -9999 -9999 -9999 -9999 -9999 -9999 -9999 -9999 -9999 -9999 -9999 -9999 -9999 -9999 74.43 77.74 83.78 100.72 103.40 94.37 76.31 66.03 63.59 53.83 43.75 37.13 45.63 45.79 40.23 41.03 37.38 39.12 40.72 43.82 44.39 44.19 45.56 51.50 51.47 65.15 63.05 56.23 43.74 44.75 45.53 46.39 32.96 30.72 23.89 30.34 36.66 34.32 42.32 49.02 44.22 44.08 47.59 41.27 30.06 28.36
-9999 -9999 -9999 -9999 -9999 -9999 -9999 -9999 -9999 -9999 -9999 -9999 -9999 96.94 121.13 106.44 148.57 158.78 188.59 156.28 143.20 88.35 112.09 64.95 -9999 -9999 -9999 -9999 -9999 -9999 64.56 67.90 64.89 74.96 81.58 89.26 79.24 78.42 59.25 51.90 40.50 40.16 50.07 50.20 33.15 35.46 36.62 35.97 34.91 39.09 41.13 37.83 48.77 53.26 60.48 75.70 73.99 58.04 47.34 48.93 45.90 44.50 39.86 31.75 27.43 34.55 37.94 38.02 40.85 38.20 46.92 43.09 36.88 26.86 27.22 25.95
-9999 -9999 -9999 -9999 -9999 -9999 -9999 -9999 -9999 -9999 -9999 -9999 -9999 118.25 121.70 135.31 133.70 192.17 229.80 168.78 170.02 124.54 88.82 69.15 54.44 61.33 66.63 62.05 61.13 50.91 57.36 64.55 54.59 64.84 72.70 75.32 60.15 61.87 57.73 46.46 48.91 43.11 42.07 43.23 40.06 31.99 36.95 36.97 38.01 47.04 46.28 46.72 43.86 43.04 65.05 73.64 68.45 63.08 63.45 49.08 45.22 43.12 42.86 39.28 39.74 51.21 42.61 40.48 39.33 36.11 37.31 39.07 35.75 34.40 29.91 27.50
-9999 -9999 -9999 -9999 -9999 -9999 -9999 -9999 -9999 -9999 -9999 -9999 67.71 64.94 95.48 122.40 141.03 159.48 220.58 216.70 163.93 140.13 112.87 85.62 67.48 71.10 71.65 79.09 63.18 61.24 54.80 53.81 54.47 64.24 64.27 71.54 59.97 57.48 44.70 56.17 48.58 46.46 48.48 43.82 40.02 37.16 38.04 38.25 39.73 48.96 51.26 58.74 59.15 57.61 62.66 62.37 76.48 67.97 63.95 56.91 52.11 55.63 46.96 45.12 42.63 43.68 42.52 40.90 38.67 38.90 42.26 40.01 39.36 34.18 33.91 34.98
-9999 -9999 -9999 -9999 -9999 -9999 -9999 -9999 -9999 -9999 -9999 -9999 -9999 70.15 81.80 100.57 105.72 140.95 156.93 174.81 144.91 119.76 91.42 95.87 95.59 81.38 78.01 76.75 68.56 64.05 50.63 49.28 49.36 56.97 61.60 59.82 51.84 55.24 52.27 53.11 49.84 50.82 47.51 41.13 39.73 41.26 39.25 44.46 52.39 63.76 63.31 65.34 57.07 63.95 66.09 66.66 69.34 65.43 72.59 75.56 58.20 54.42 50.28 46.00 40.02 39.75 38.27 33.36 41.02 40.41 47.00 50.77 48.28 41.44 40.07 43.71
-9999 -9999 -9999 -9999 -9999 -9999 -9999 -9999 -9999 95.00 -9999 -9999 78.99 76.76 89.97 82.35 98.18 100.24 111.72 120.52 114.11 111.43 99.18 101.08 86.20 83.60 72.92 54.95 55.75 62.76 48.38 47.83 55.02 56.14 53.75 55.51 51.36 52.65 46.73 49.21 44.70 46.01 42.80 45.17 49.12 44.42 42.11 47.06 47.84 54.81 62.81 67.43 58.08 62.14 67.55 61.59 67.56 67.67 75.75 64.97 59.17 56.84 50.54 47.18 44.39 42.03 42.02 40.20 37.96 39.14 43.78 46.45 43.35 32.47 39.12 47.64
-9999 -9999 -9999 -9999 -9999 -9999 -9999 -9999 112.04 142.97 133.61 116.00 93.47 105.54 106.58 87.74 87.60 96.24 96.30 110.90 108.43 106.49 87.68 78.42 70.29 60.16 63.03 49.33 43.25 44.36 36.45 41.81 48.09 52.54 65.78 50.53 53.39 50.12 45.96 44.60 48.47 47.34 47.36 47.44 51.70 43.39 45.33 45.75 51.25 47.60 47.04 48.59 63.26 60.15 68.03 67.58 70.82 61.71 58.26 59.60 56.84 58.41 63.35 51.38 45.31 39.92 38.92 39.87 38.33 39.18 36.61 40.48 37.02 35.19 32.77 43.23
-9999 -9999 -9999 -9999 -9999 -9999 -9999 -9999 115.09 135.34 137.95 119.19 106.26 120.91 100.00 92.87 96.13 96.87 95.98 98.69 92.70 99.88 81.39 74.12 68.43 59.73 60.74 60.54 48.54 44.62 35.19 31.62 44.24 49.97 55.03 52.66 53.43 49.32 52.07 46.60 47.71 47.28 60.14 44.64 40.95 39.51 47.26 48.76 57.27 53.73 50.83 60.01 69.57 68.78 64.45 63.79 63.66 62.81 61.99 61.62 74.81 63.18 64.94 60.06 46.98 38.14 40.80 40.95 42.06 43.56 51.64 40.98 46.19 47.34 31.74 38.28
-9999 -9999 -9999 -9999 -9999 -9999 -9999 -9999 103.35 114.04 124.93 119.36 108.68 111.44 96.66 97.38 97.87 87.00 77.21 89.23 83.39 83.32 81.70 70.03 53.71 59.20 64.59 60.74 59.68 48.56 39.40 39.74 44.55 39.57 44.95 48.88 69.64 61.61 59.19 55.35 52.84 61.29 50.17 49.60 50.77 47.31 51.10 50.12 54.03 59.58 54.35 60.26 62.53 66.88 64.66 58.02 51.22 58.10 56.60 64.55 73.45 67.44 61.75 69.36 45.18 51.11 50.23 48.76 45.61 60.40 55.64 55.78 52.70 56.26 39.76 40.53
-9999 -9999 -9999 -9999 -9999 -9999 -9999 -9999 76.12 107.39 103.22 97.13 99.66 110.73 95.74 84.63 92.65 84.95 75.91 77.57 72.40 61.89 61.98 72.02 50.47 58.31 62.46 60.11 51.29 51.04 46.56 54.46 51.55 50.13 52.97 63.70 60.00 59.77 65.88 64.32 61.68 50.93 48.14 46.95 48.21 48.40 48.51 44.37 54.09 63.65 64.01 56.19 62.96 66.97 61.03 43.45 46.36 41.90 42.54 45.61 51.93 49.15 48.59 42.08 37.96 43.72 45.33 47.69 42.88 46.47 46.22 55.67 47.48 43.06 38.18 40.59
-9999 -9999 -9999 -9999 -9999 -9999 -9999 -9999 78.87 84.55 88.22 93.86 105.14 104.99 96.18 85.26 81.30 80.51 62.97 60.51 53.39 51.39 54.04 54.16 55.59 57.94 58.46 54.01 62.57 49.14 44.12 59.97 65.28 55.47 68.08 73.40 67.50 72.39 68.00 56.27 58.62 52.26 49.53 53.85 55.73 51.50 50.96 54.82 56.94 59.38 57.16 49.16 48.60 49.82 39.28 30.68 41.95 44.11 40.80 40.65 39.67 36.37 39.80 40.39 36.43 35.23 37.72 36.21 -9999 -9999 36.84 37.72 44.84 45.39 53.06 48.65
-9999 -9999 -9999 -9999 -9999 -9999 -9999 97.10 78.64 77.15 78.16 88.65 108.11 114.57 105.91 103.11 86.91 76.91 62.65 53.42 44.84 49.29 45.26 45.73 47.98 46.99 45.02 53.10 53.87 43.96 49.83 63.02 53.96 52.33 53.16 56.03 69.21 61.45 57.58 53.83 56.12 57.69 63.12 63.98 67.21 61.17 61.56 55.12 55.35 48.17 40.22 44.69 41.08 33.08 -9999 -9999 44.77 51.81 36.78 39.34 37.81 35.00 35.48 -9999 -9999 -9999 -9999 -9999 -9999 -9999 -9999 -9999 -9999 42.16 39.64 39.11
