Rainfall_2007-2011/Rainfall_2007-01_ACTUAL.txt
ncols         180
nrows         290
xllcorner     -200000
yllcorner     -200000
cellsize      5000
NODATA_value  -9999
[rows 132 to 164 of 290, columns 76 to 151 of 180]
-9999 -9999 -9999 -9999 -9999 -9999 125.62 137.59 158.42 185.56 197.87 207.13 285.15 306.10 353.23 269.71 235.73 219.75 222.08 232.08 200.35 197.53 231.03 188.71 149.14 122.86 88.77 150.61 184.09 229.23 236.86 218.25 256.33 244.83 233.74 241.21 201.64 239.66 193.71 155.55 138.84 121.62 108.86 105.54 89.88 81.95 79.01 66.88 59.32 52.19 -9999 -9999 -9999 -9999 -9999 -9999 -9999 -9999 -9999 -9999 -9999 -9999 -9999 -9999 -9999 -9999 -9999 -9999 -9999 -9999 -9999 -9999 -9999 -9999 -9999 -9999
-9999 -9999 -9999 -9999 -9999 118.33 127.38 147.40 157.71 161.28 133.41 155.46 236.11 290.83 353.39 254.07 185.60 200.48 216.29 204.49 193.51 172.13 175.24 161.00 154.67 133.50 117.79 149.14 175.50 198.31 199.77 204.35 213.47 197.13 203.03 226.61 208.06 234.20 196.24 172.30 137.43 99.56 88.24 90.92 90.58 81.53 71.79 69.54 56.57 50.64 52.03 -9999 -9999 -9999 -9999 -9999 -9999 -9999 -9999 -9999 -9999 -9999 -9999 -9999 -9999 -9999 -9999 -9999 -9999 -9999 -9999 -9999 -9999 -9999 -9999 -9999
-9999 -9999 -9999 -9999 -9999 137.66 156.72 147.93 142.17 165.65 141.53 143.42 277.54 304.97 297.80 284.29 212.83 199.51 197.57 185.32 220.42 161.26 151.90 160.75 139.00 138.30 119.04 148.80 151.31 165.21 152.63 168.92 167.84 171.98 167.45 194.73 181.44 196.93 197.15 150.63 124.07 119.25 84.97 74.40 85.90 79.93 64.04 58.81 58.35 52.33 50.52 -9999 -9999 -9999 -9999 -9999 -9999 -9999 -9999 -9999 -9999 -9999 -9999 -9999 -9999 -9999 -9999 -9999 -9999 -9999 -9999 -9999 -9999 -9999 -9999 -9999
-9999 -9999 -9999 106.97 118.41 139.57 141.42 143.25 124.28 111.98 152.85 159.85 214.60 198.47 287.01 269.73 234.34 179.57 169.56 175.28 176.43 166.95 161.07 127.99 143.67 129.24 106.82 119.17 131.23 143.35 130.67 127.29 139.99 134.00 143.20 169.47 155.58 151.23 157.75 143.50 118.24 112.89 90.87 73.21 72.12 63.51 59.64 58.23 53.42 52.34 52.40 -9999 -9999 -9999 -9999 -9999 -9999 -9999 -9999 -9999 -9999 -9999 -9999 -9999 -9999 -9999 -9999 -9999 -9999 -9999 -9999 -9999 -9999 -9999 -9999 -9999
-9999 -9999 -9999 101.80 110.92 117.73 142.22 138.66 146.27 143.59 130.76 151.85 167.78 188.26 282.29 244.22 215.25 166.19 150.26 148.37 159.39 159.58 181.42 178.46 179.81 123.75 97.92 102.96 115.04 111.06 100.69 97.44 100.48 117.32 96.03 104.43 121.97 129.02 121.08 109.58 105.98 78.38 88.17 96.11 78.28 70.06 60.59 54.12 40.71 48.35 52.09 51.05 -9999 -9999 -9999 -9999 -9999 -9999 -9999 -9999 -9999 -9999 -9999 -9999 -9999 -9999 -9999 -9999 -9999 -9999 -9999 -9999 -9999 -9999 -9999 -9999
-9999 -9999 -9999 94.39 105.09 105.62 121.65 113.03 125.93 130.73 117.37 132.00 143.81 171.57 222.76 217.49 189.42 161.93 168.34 155.63 158.83 162.17 203.80 174.65 -9999 -9999 -9999 103.48 106.42 -9999 90.08 88.25 88.18 92.67 87.25 102.12 133.20 128.90 107.02 119.89 103.77 89.50 92.14 74.36 70.83 71.23 63.07 68.83 48.72 49.14 50.09 54.62 -9999 -9999 -9999 -9999 -9999 -9999 -9999 -9999 -9999 -9999 -9999 -9999 -9999 -9999 -9999 -9999 -9999 -9999 -9999 -9999 -9999 -9999 -9999 -9999
-9999 -9999 -9999 78.49 94.31 96.62 101.42 105.68 113.44 121.39 117.91 121.88 145.16 157.01 210.80 186.93 182.29 159.47 162.06 172.18 144.05 142.01 141.88 147.68 -9999 -9999 -9999 105.24 103.15 96.95 88.82 81.86 86.36 92.72 98.47 122.39 160.22 150.69 141.28 129.79 95.28 114.91 106.00 92.60 81.55 87.09 69.87 65.71 71.69 65.58 50.05 49.76 -9999 -9999 -9999 -9999 -9999 -9999 -9999 -9999 -9999 -9999 -9999 -9999 -9999 -9999 -9999 -9999 -9999 -9999 -9999 -9999 -9999 -9999 -9999 -9999
-9999 -9999 -9999 -9999 78.67 92.04 90.45 -9999 111.90 119.46 118.47 124.68 141.15 -9999 156.48 148.81 169.71 155.58 145.59 144.85 136.62 121.02 -9999 -9999 -9999 -9999 91.47 95.53 102.77 89.41 86.89 84.01 84.98 94.51 113.11 128.83 210.30 211.37 211.41 176.34 149.93 131.49 105.35 116.24 121.57 90.80 87.08 65.09 63.68 60.39 52.11 48.21 39.58 -9999 -9999 -9999 -9999 -9999 -9999 -9999 -9999 -9999 -9999 -9999 -9999 -9999 -9999 -9999 -9999 -9999 -9999 -9999 -9999 -9999 -9999 -9999
-9999 -9999 -9999 -9999 -9999 80.87 -9999 -9999 -9999 103.31 99.67 112.00 129.19 124.65 -9999 -9999 131.74 138.69 133.58 145.39 -9999 -9999 -9999 -9999 -9999 118.81 116.91 112.28 110.10 105.88 98.90 100.08 103.91 115.02 122.08 138.48 166.93 247.30 225.98 202.01 196.73 208.66 160.13 137.99 124.73 113.61 83.34 80.57 72.36 57.07 58.24 56.84 54.93 -9999 -9999 -9999 -9999 -9999 -9999 -9999 -9999 -9999 -9999 -9999 -9999 -9999 -9999 -9999 -9999 -9999 -9999 -9999 -9999 -9999 -9999 -9999
-9999 -9999 -9999 -9999 -9999 74.06 69.51 -9999 -9999 -9999 87.88 102.54 126.58 130.31 -9999 -9999 -9999 -9999 124.27 -9999 -9999 -9999 -9999 -9999 -9999 113.83 124.38 131.56 120.05 140.07 146.20 147.18 117.22 112.72 138.92 119.50 128.24 145.61 217.99 234.45 225.51 225.69 168.74 151.57 144.25 116.49 73.70 83.04 62.84 55.16 56.00 62.09 49.19 -9999 -9999 -9999 -9999 -9999 -9999 -9999 -9999 -9999 -9999 -9999 -9999 -9999 -9999 -9999 -9999 -9999 -9999 -9999 -9999 -9999 -9999 -9999
-9999 -9999 -9999 -9999 -9999 -9999 77.49 -9999 -9999 -9999 -9999 101.21 116.38 106.02 -9999 -9999 -9999 -9999 -9999 -9999 -9999 -9999 -9999 -9999 125.13 119.98 145.77 134.29 163.48 197.52 208.70 196.79 174.56 147.87 133.52 155.31 169.31 220.77 268.23 282.20 256.02 196.15 166.93 155.27 121.63 100.50 105.08 95.15 69.28 61.58 58.25 70.81 65.06 53.76 -9999 -9999 -9999 -9999 -9999 -9999 -9999 -9999 -9999 -9999 -9999 -9999 -9999 -9999 -9999 -9999 -9999 -9999 -9999 -9999 -9999 -9999
-9999 -9999 -9999 -9999 -9999 -9999 87.00 -9999 -9999 -9999 -9999 -9999 -9999 -9999 -9999 -9999 -9999 -9999 -9999 -9999 -9999 -9999 -9999 -9999 124.87 120.96 139.00 144.71 141.91 264.70 304.74 289.46 226.30 150.60 155.26 102.18 111.96 191.23 235.06 321.75 278.14 302.35 287.97 190.08 162.59 148.71 99.73 86.46 80.04 83.39 72.33 69.97 63.98 60.42 54.41 -9999 -9999 -9999 -9999 -9999 -9999 -9999 -9999 -9999 -9999 -9999 -9999 -9999 -9999 -9999 -9999 -9999 -9999 -9999 -9999 -9999
-9999 -9999 -9999 -9999 -9999 -9999 -9999 -9999 -9999 -9999 -9999 -9999 -9999 -9999 -9999 -9999 -9999 -9999 -9999 -9999 -9999 -9999 -9999 116.85 126.49 149.50 171.69 216.25 215.52 325.55 300.12 275.11 222.16 193.41 145.93 124.37 102.19 154.95 288.49 276.08 219.13 258.20 289.08 214.41 153.97 129.58 105.58 76.02 75.62 68.92 59.52 66.27 61.89 51.82 46.49 -9999 -9999 -9999 -9999 -9999 -9999 -9999 -9999 -9999 -9999 -9999 -9999 -9999 -9999 -9999 -9999 -9999 -9999 -9999 -9999 -9999
-9999 -9999 -9999 -9999 -9999 -9999 -9999 -9999 -9999 -9999 -9999 -9999 -9999 -9999 -9999 -9999 -9999 -9999 -9999 -9999 -9999 -9999 -9999 112.19 115.64 165.23 204.38 290.64 299.80 254.82 292.44 343.04 281.58 254.31 192.16 173.83 142.39 156.86 208.25 298.39 252.08 277.68 251.30 211.88 123.55 102.23 89.27 71.95 77.05 66.26 64.95 58.79 57.67 48.97 47.17 52.73 55.87 40.59 -9999 -9999 -9999 -9999 -9999 -9999 -9999 -9999 -9999 -9999 -9999 -9999 -9999 -9999 -9999 -9999 -9999 -9999
-9999 -9999 -9999 -9999 -9999 -9999 -9999 -9999 -9999 -9999 -9999 -9999 -9999 -9999 -9999 -9999 -9999 -9999 -9999 -9999 -9999 -9999 -9999 100.54 125.56 166.02 217.12 350.78 372.76 389.64 383.49 369.66 342.85 386.63 316.14 249.79 185.09 136.99 143.02 198.42 172.59 221.33 229.08 177.76 131.85 113.94 93.75 76.47 67.98 65.22 57.16 56.26 56.54 52.38 52.44 75.03 64.10 72.11 51.49 44.15 -9999 -9999 -9999 -9999 -9999 -9999 -9999 -9999 -9999 -9999 -9999 -9999 -9999 -9999 -9999 -9999
-9999 -9999 -9999 -9999 -9999 -9999 -9999 -9999 -9999 -9999 -9999 -9999 -9999 -9999 -9999 -9999 -9999 -9999 -9999 -9999 -9999 -9999 -9999 87.45 152.36 214.70 306.65 467.94 564.18 425.35 376.04 430.41 451.60 395.98 406.91 307.85 260.45 221.63 216.26 179.62 135.43 171.18 136.70 149.40 139.20 115.01 113.72 92.09 73.92 63.59 57.08 56.40 50.29 55.01 61.49 71.71 78.86 89.67 70.44 64.66 72.66 49.72 -9999 -9999 -9999 -9999 -9999 -9999 -9999 -9999 -9999 -9999 -9999 -9999 -9999 -9999
-9999 -9999 -9999 -9999 -9999 -9999 -9999 -9999 -9999 -9999 -9999 -9999 -9999 -9999 -9999 -9999 -9999 -9999 -9999 -9999 -9999 -9999 -9999 99.77 131.03 170.82 245.66 268.52 479.71 535.41 429.96 444.77 374.17 414.79 386.84 322.67 327.89 262.40 257.14 223.61 271.09 258.25 254.65 234.46 211.35 171.37 150.01 129.18 87.15 75.75 71.56 63.74 63.56 59.65 56.62 82.00 82.54 65.98 79.38 72.58 74.90 54.15 57.81 -9999 -9999 -9999 -9999 -9999 -9999 -9999 -9999 -9999 -9999 -9999 -9999 -9999
-9999 -9999 -9999 -9999 -9999 -9999 -9999 -9999 -9999 -9999 -9999 86.49 67.97 56.58 -9999 -9999 -9999 -9999 -9999 -9999 -9999 -9999 -9999 -9999 112.35 121.21 173.71 234.86 277.23 323.71 352.30 323.63 298.68 344.51 307.89 289.11 263.48 308.56 278.02 285.19 316.32 327.00 343.02 305.68 253.04 196.02 161.70 120.27 94.51 80.96 72.70 66.41 64.00 67.52 94.85 93.85 121.43 108.36 104.80 103.35 77.49 73.93 62.32 47.80 -9999 -9999 -9999 -9999 -9999 -9999 -9999 -9999 -9999 -9999 -9999 -9999
-9999 -9999 -9999 -9999 -9999 -9999 -9999 -9999 -9999 -9999 -9999 105.30 87.28 -9999 -9999 -9999 -9999 -9999 -9999 -9999 -9999 -9999 -9999 -9999 -9999 133.17 173.04 206.00 275.93 386.25 312.67 283.06 257.68 239.13 252.26 250.95 215.52 338.07 335.64 338.95 392.21 356.59 262.04 259.65 284.55 196.03 177.30 118.04 85.86 78.11 73.13 62.94 68.42 82.41 104.61 122.28 110.31 104.21 96.25 93.59 76.50 72.56 67.13 69.08 -9999 -9999 -9999 -9999 -9999 -9999 -9999 -9999 -9999 -9999 -9999 -9999
-9999 -9999 -9999 -9999 -9999 -9999 -9999 -9999 -9999 -9999 91.30 124.12 108.36 96.07 -9999 -9999 -9999 -9999 -9999 -9999 -9999 -9999 -9999 -9999 -9999 124.79 164.77 203.44 243.99 257.08 285.00 247.26 234.17 232.80 217.77 207.26 216.70 237.60 361.02 338.20 394.77 399.01 356.39 335.87 247.05 225.74 156.15 103.61 77.95 78.89 75.83 66.33 79.44 85.35 87.28 107.30 115.05 103.97 101.04 82.50 76.37 79.36 67.79 75.97 51.67 -9999 -9999 -9999 -9999 -9999 -9999 -9999 -9999 -9999 -9999 -9999
-9999 -9999 -9999 -9999 -9999 -9999 -9999 -9999 -9999 88.64 111.33 92.00 142.23 99.00 -9999 -9999 -9999 -9999 -9999 -9999 -9999 -9999 -9999 -9999 -9999 136.82 156.32 187.62 197.35 259.94 225.22 232.84 251.03 204.39 204.28 208.91 200.83 297.70 335.61 358.08 362.91 392.64 295.04 289.94 211.68 222.35 150.91 111.16 98.89 75.66 68.93 73.14 74.55 84.58 88.93 93.15 91.92 85.23 78.03 88.45 84.31 86.73 62.41 68.45 52.95 -9999 -9999 -9999 -9999 -9999 -9999 -9999 -9999 -9999 -9999 -9999
-9999 -9999 -9999 -9999 -9999 -9999 -9999 -9999 67.86 82.07 132.74 120.44 111.63 -9999 -9999 -9999 -9999 -9999 -9999 -9999 -9999 -9999 -9999 -9999 -9999 -9999 150.19 154.03 166.36 231.98 205.19 171.64 161.03 176.77 162.91 202.03 188.72 234.41 296.50 380.04 377.95 361.78 359.38 358.57 310.68 262.19 204.83 179.99 118.57 94.66 91.83 71.17 69.65 68.04 88.03 88.91 80.96 72.05 69.13 61.26 64.27 61.58 69.36 60.32 57.33 55.04 51.72 -9999 -9999 -9999 -9999 -9999 -9999 -9999 -9999 -9999
-9999 -9999 -9999 -9999 -9999 -9999 -9999 -9999 80.35 105.22 104.57 103.71 98.76 -9999 -9999 -9999 -9999 -9999 -9999 -9999 -9999 -9999 -9999 -9999 -9999 -9999 -9999 144.70 121.97 143.40 151.17 142.92 135.95 149.80 155.71 185.58 173.64 224.86 214.42 300.84 294.12 331.73 314.04 331.48 329.13 251.82 216.72 194.42 153.22 110.01 90.90 71.72 66.56 72.21 71.29 71.21 75.23 77.68 65.30 59.99 55.44 59.71 64.86 68.37 75.25 70.98 62.97 -9999 -9999 -9999 -9999 -9999 -9999 -9999 -9999 -9999
-9999 -9999 -9999 -9999 -9999 -9999 -9999 -9999 78.02 87.51 109.74 98.35 -9999 -9999 -9999 -9999 -9999 -9999 -9999 -9999 -9999 -9999 -9999 -9999 -9999 -9999 -9999 109.40 133.33 145.57 -9999 129.38 -9999 116.12 128.19 145.61 144.84 153.51 146.76 186.05 246.47 346.66 268.67 261.47 353.57 345.94 261.80 216.85 171.35 127.86 114.53 82.82 71.17 69.29 70.86 73.78 82.70 74.58 71.14 57.37 53.39 60.37 68.53 67.46 67.03 62.01 65.67 68.43 63.15 -9999 -9999 -9999 -9999 -9999 -9999 -9999
-9999 -9999 -9999 -9999 -9999 -9999 -9999 70.58 73.31 71.69 -9999 -9999 -9999 -9999 -9999 -9999 -9999 -9999 -9999 -9999 -9999 -9999 -9999 -9999 -9999 -9999 -9999 106.29 112.50 123.08 -9999 -9999 -9999 113.56 144.04 130.11 147.18 134.14 216.80 178.65 172.81 276.15 285.78 236.42 268.40 245.58 239.41 213.21 168.01 129.32 102.86 70.65 64.73 59.77 58.68 65.23 63.93 61.69 61.49 55.68 61.13 60.38 71.35 74.25 73.24 56.56 53.73 61.48 57.74 -9999 -9999 -9999 -9999 -9999 -9999 -9999
-9999 -9999 -9999 -9999 -9999 -9999 -9999 -9999 -9999 -9999 -9999 -9999 -9999 -9999 -9999 -9999 -9999 -9999 -9999 -9999 -9999 -9999 -9999 -9999 -9999 -9999 -9999 -9999 -9999 -9999 -9999 -9999 111.66 116.20 137.60 170.88 181.59 253.53 247.78 196.04 201.37 248.90 220.41 216.72 192.56 199.11 184.71 162.70 136.24 110.58 91.57 73.72 66.51 61.86 59.41 58.40 53.08 55.57 61.34 66.50 81.14 68.04 73.40 66.22 64.02 58.49 60.69 56.96 -9999 -9999 -9999 -9999 -9999 -9999 -9999 -9999
-9999 -9999 -9999 -9999 -9999 -9999 -9999 -9999 -9999 -9999 -9999 -9999 -9999 -9999 -9999 -9999 -9999 -9999 -9999 -9999 -9999 -9999 -9999 -9999 -9999 -9999 -9999 -9999 -9999 -9999 -9999 -9999 111.27 109.28 123.25 195.39 243.65 282.38 257.37 219.85 172.27 213.56 197.59 194.77 226.68 197.02 134.86 133.68 139.74 116.46 104.26 80.15 71.02 61.43 58.74 55.91 52.86 56.84 64.93 66.65 82.52 72.60 56.93 59.23 59.20 53.96 54.22 47.52 -9999 -9999 -9999 -9999 -9999 -9999 -9999 -9999
-9999 -9999 -9999 -9999 -9999 -9999 -9999 -9999 -9999 -9999 -9999 -9999 -9999 -9999 -9999 -9999 -9999 -9999 -9999 -9999 -9999 -9999 -9999 -9999 -9999 -9999 -9999 -9999 -9999 -9999 -9999 -9999 111.06 116.32 147.20 191.86 265.58 261.59 251.12 203.27 184.10 204.53 186.94 149.35 161.42 143.29 156.47 126.10 114.64 113.45 100.67 78.72 69.32 61.37 60.45 56.08 49.87 57.04 65.92 64.88 63.67 57.33 59.69 58.06 54.62 57.95 56.30 51.29 -9999 -9999 -9999 -9999 -9999 -9999 -9999 -9999
-9999 -9999 -9999 -9999 -9999 -9999 -9999 -9999 -9999 -9999 -9999 -9999 -9999 -9999 -9999 -9999 -9999 -9999 -9999 -9999 -9999 -9999 -9999 -9999 -9999 -9999 -9999 -9999 -9999 -9999 102.27 110.81 113.83 140.61 147.96 211.73 262.59 216.53 233.70 186.79 157.49 197.08 173.18 175.51 146.10 161.90 139.12 107.71 94.04 91.05 74.91 77.06 68.35 65.93 61.24 52.40 48.83 57.88 60.60 62.34 58.08 55.70 58.70 56.30 56.29 60.39 57.59 54.52 53.60 -9999 -9999 -9999 -9999 -9999 -9999 -9999
-9999 -9999 -9999 -9999 -9999 -9999 -9999 -9999 -9999 -9999 -9999 -9999 -9999 -9999 -9999 -9999 -9999 -9999 -9999 -9999 -9999 -9999 -9999 -9999 -9999 -9999 -9999 -9999 -9999 -9999 95.64 120.26 115.57 135.66 148.51 170.85 157.09 162.55 167.78 176.16 231.05 223.76 153.09 144.66 174.27 127.92 130.39 105.53 110.26 103.25 87.11 75.28 75.60 67.06 60.26 57.01 53.65 54.47 57.69 59.09 60.75 58.71 59.28 56.33 52.66 56.37 55.22 53.38 51.29 -9999 -9999 -9999 -9999 -9999 -9999 -9999
-9999 -9999 -9999 -9999 -9999 -9999 -9999 -9999 -9999 -9999 -9999 -9999 -9999 -9999 -9999 -9999 -9999 -9999 -9999 -9999 -9999 -9999 -9999 -9999 -9999 -9999 -9999 -9999 -9999 -9999 107.64 112.45 114.70 128.22 136.18 145.31 138.78 141.83 160.46 152.26 169.83 163.38 107.61 192.63 171.15 157.29 126.83 131.83 108.00 92.04 94.19 85.96 73.04 66.96 61.21 58.71 57.82 53.91 56.34 57.60 60.50 59.23 60.45 64.06 61.52 57.33 48.37 52.10 47.99 46.01 -9999 -9999 -9999 -9999 -9999 -9999
-9999 -9999 -9999 -9999 -9999 -9999 -9999 -9999 -9999 -9999 -9999 -9999 -9999 -9999 -9999 -9999 -9999 -9999 -9999 -9999 -9999 -9999 -9999 -9999 -9999 -9999 -9999 -9999 -9999 -9999 87.82 102.53 106.35 110.22 116.44 123.31 119.59 136.53 143.76 140.75 155.33 149.24 176.89 187.63 226.14 191.30 149.92 128.69 130.02 95.93 93.87 85.09 74.74 64.49 64.15 58.87 54.74 50.54 50.37 48.46 47.40 50.37 57.77 69.12 67.67 56.81 50.20 50.49 50.14 49.71 47.35 -9999 -9999 -9999 -9999 -9999
-9999 -9999 -9999 -9999 -9999 -9999 -9999 -9999 -9999 -9999 -9999 -9999 -9999 -9999 -9999 -9999 -9999 -9999 -9999 -9999 -9999 -9999 -9999 -9999 -9999 -9999 -9999 -9999 -9999 -9999 95.31 96.20 93.25 96.70 114.71 115.67 120.32 131.59 148.69 150.57 189.31 202.44 219.39 205.15 202.87 178.50 143.74 110.27 108.89 97.24 87.91 64.29 67.08 61.96 52.51 52.39 51.49 45.83 52.42 51.89 48.62 50.43 56.89 62.37 59.52 52.69 50.75 50.26 49.83 47.71 48.42 -9999 -9999 -9999 -9999 -9999
