Rainfall_2007-2011/Rainfall_2010-07_ACTUAL.txt
ncols         180
nrows         290
xllcorner     -200000
yllcorner     -200000
cellsize      5000
NODATA_value  -9999
[rows 102 to 135 of 290, columns 75 to 149 of 180]
-9999 192.81 -9999 204.76 217.09 277.10 239.97 325.30 293.14 284.53 260.45 329.78 258.56 342.77 238.32 191.71 233.49 181.16 118.10 167.47 234.96 271.86 187.37 174.29 171.45 156.18 135.54 135.69 146.69 150.27 203.54 173.49 158.67 134.35 146.42 151.96 136.12 111.36 -9999 -9999 -9999 -9999 -9999 -9999 -9999 -9999 -9999 -9999 -9999 -9999 -9999 -9999 -9999 -9999 -9999 -9999 -9999 -9999 -9999 -9999 -9999 -9999 -9999 -9999 -9999 -9999 -9999 -9999 -9999 -9999 -9999 -9999 -9999 -9999 -9999
-9999 -9999 180.17 184.66 179.53 160.72 298.27 334.20 226.35 251.33 327.95 277.66 284.10 297.95 208.93 206.56 175.50 231.84 188.04 227.13 203.26 218.14 246.97 215.22 160.04 133.75 127.26 140.31 154.86 182.61 173.57 194.02 140.90 120.65 129.27 132.35 -9999 -9999 -9999 -9999 -9999 -9999 -9999 -9999 -9999 -9999 -9999 -9999 -9999 -9999 -9999 -9999 -9999 -9999 -9999 -9999 -9999 -9999 -9999 -9999 -9999 -9999 -9999 -9999 -9999 -9999 -9999 -9999 -9999 -9999 -9999 -9999 -9999 -9999 -9999
-9999 211.35 219.23 240.67 244.60 199.73 250.10 253.92 183.33 236.49 265.35 244.26 201.04 201.55 181.15 202.45 245.47 160.83 181.96 178.86 195.02 228.89 180.81 177.82 143.84 135.93 149.25 140.83 150.22 146.03 134.79 142.88 136.15 122.65 128.77 -9999 -9999 -9999 -9999 -9999 -9999 -9999 -9999 -9999 -9999 -9999 -9999 -9999 -9999 -9999 -9999 -9999 -9999 -9999 -9999 -9999 -9999 -9999 -9999 -9999 -9999 -9999 -9999 -9999 -9999 -9999 -9999 -9999 -9999 -9999 -9999 -9999 -9999 -9999 -9999
-9999 231.01 280.01 266.31 243.78 174.50 215.57 249.09 275.52 286.32 272.71 246.83 253.51 271.68 217.03 209.36 171.76 179.42 202.34 164.68 118.55 82.37 151.31 152.85 124.95 139.69 146.47 126.23 144.68 125.51 124.33 145.41 123.37 129.11 126.37 -9999 -9999 -9999 -9999 -9999 -9999 -9999 -9999 -9999 -9999 -9999 -9999 -9999 -9999 -9999 -9999 -9999 -9999 -9999 -9999 -9999 -9999 -9999 -9999 -9999 -9999 -9999 -9999 -9999 -9999 -9999 -9999 -9999 -9999 -9999 -9999 -9999 -9999 -9999 -9999
218.64 275.84 294.40 261.69 244.03 241.83 273.47 261.18 274.58 243.17 285.68 221.38 303.27 210.79 268.37 213.15 232.99 304.88 236.94 176.51 184.88 202.74 157.75 153.22 134.55 134.27 118.12 169.54 145.71 144.97 140.82 112.93 109.16 112.36 121.33 113.68 -9999 -9999 -9999 -9999 -9999 -9999 -9999 -9999 -9999 -9999 -9999 -9999 -9999 -9999 -9999 -9999 -9999 -9999 -9999 -9999 -9999 -9999 -9999 -9999 -9999 -9999 -9999 -9999 -9999 -9999 -9999 -9999 -9999 -9999 -9999 -9999 -9999 -9999 -9999
169.65 249.77 270.23 258.61 190.11 248.94 210.11 198.76 203.31 280.43 322.91 267.15 301.19 272.71 226.35 195.94 240.79 224.52 252.92 293.26 205.94 186.24 176.93 139.45 165.19 180.77 182.30 193.12 194.73 152.31 143.38 117.55 135.49 133.38 140.71 130.27 114.08 -9999 -9999 -9999 -9999 -9999 -9999 -9999 -9999 -9999 -9999 -9999 -9999 -9999 -9999 -9999 -9999 -9999 -9999 -9999 -9999 -9999 -9999 -9999 -9999 -9999 -9999 -9999 -9999 -9999 -9999 -9999 -9999 -9999 -9999 -9999 -9999 -9999 -9999
202.00 223.58 258.08 245.19 247.38 237.54 205.08 194.88 245.24 294.64 399.66 288.89 250.41 241.59 222.77 190.68 206.78 187.78 193.88 200.12 183.56 179.52 162.67 193.13 224.88 199.50 183.97 173.29 186.42 191.26 160.04 149.10 134.08 144.95 133.62 129.64 119.11 96.36 -9999 -9999 -9999 -9999 -9999 -9999 -9999 -9999 -9999 -9999 -9999 -9999 -9999 -9999 -9999 -9999 -9999 -9999 -9999 -9999 -9999 -9999 -9999 -9999 -9999 -9999 -9999 -9999 -9999 -9999 -9999 -9999 -9999 -9999 -9999 -9999 -9999
201.13 226.56 221.09 252.91 287.17 212.04 186.89 219.48 286.40 263.51 245.62 240.89 318.35 207.70 194.53 197.59 194.20 165.30 162.30 156.48 161.84 170.63 204.47 179.31 192.20 181.05 150.86 156.99 166.24 169.25 166.31 147.73 122.44 112.35 116.36 122.52 122.13 -9999 -9999 -9999 -9999 -9999 -9999 -9999 -9999 -9999 -9999 -9999 -9999 -9999 -9999 -9999 -9999 -9999 -9999 -9999 -9999 -9999 -9999 -9999 -9999 -9999 -9999 -9999 -9999 -9999 -9999 -9999 -9999 -9999 -9999 -9999 -9999 -9999 -9999
168.43 205.43 216.96 219.33 208.49 198.43 246.78 197.70 262.45 254.73 284.80 241.89 208.23 257.65 213.44 177.44 143.96 130.86 116.32 166.69 151.55 163.42 117.46 94.82 110.65 159.41 174.39 164.94 162.83 154.43 144.84 135.07 115.98 -9999 -9999 -9999 -9999 -9999 -9999 -9999 -9999 -9999 -9999 -9999 -9999 -9999 -9999 -9999 -9999 -9999 -9999 -9999 -9999 -9999 -9999 -9999 -9999 -9999 -9999 -9999 -9999 -9999 -9999 -9999 -9999 -9999 -9999 -9999 -9999 -9999 -9999 -9999 -9999 -9999 -9999
202.22 197.15 222.89 227.73 160.26 253.82 242.13 258.41 261.41 148.96 154.16 225.26 174.38 185.31 212.94 151.86 149.96 150.31 174.35 194.99 136.52 122.59 105.99 101.91 115.78 136.57 173.84 161.69 151.01 154.43 137.91 -9999 -9999 -9999 -9999 -9999 -9999 -9999 -9999 -9999 -9999 -9999 -9999 -9999 -9999 -9999 -9999 -9999 -9999 -9999 -9999 -9999 -9999 -9999 -9999 -9999 -9999 -9999 -9999 -9999 -9999 -9999 -9999 -9999 -9999 -9999 -9999 -9999 -9999 -9999 -9999 -9999 -9999 -9999 -9999
184.99 237.78 198.67 203.01 244.61 235.60 256.88 279.30 235.38 194.40 207.66 205.46 142.48 134.32 150.82 151.42 170.87 166.27 193.88 194.47 167.31 130.58 110.01 94.54 107.88 118.29 148.76 139.26 152.46 141.79 114.55 -9999 -9999 -9999 -9999 -9999 -9999 -9999 -9999 -9999 -9999 -9999 -9999 -9999 -9999 -9999 -9999 -9999 -9999 -9999 -9999 -9999 -9999 -9999 -9999 -9999 -9999 -9999 -9999 -9999 -9999 -9999 -9999 -9999 -9999 -9999 -9999 -9999 -9999 -9999 -9999 -9999 -9999 -9999 -9999
233.10 198.34 -9999 194.81 243.80 242.09 253.20 251.14 232.10 177.00 150.59 164.68 145.88 158.80 182.19 151.30 246.31 243.36 217.22 210.25 162.76 123.22 116.67 98.44 105.61 105.77 114.07 126.54 103.83 -9999 -9999 -9999 -9999 -9999 91.13 84.95 84.71 77.29 -9999 -9999 -9999 -9999 -9999 -9999 -9999 -9999 -9999 -9999 -9999 -9999 -9999 -9999 -9999 -9999 -9999 -9999 -9999 -9999 -9999 -9999 -9999 -9999 -9999 -9999 -9999 -9999 -9999 -9999 -9999 -9999 -9999 -9999 -9999 -9999 -9999
173.96 228.11 -9999 178.70 232.90 216.01 192.25 255.88 188.04 206.05 150.23 170.01 169.28 155.45 200.95 179.11 180.01 177.40 168.71 165.78 150.08 132.59 131.15 125.37 106.88 109.67 117.28 114.45 87.46 107.62 98.06 -9999 -9999 84.88 86.90 90.05 81.83 81.41 78.77 78.98 -9999 -9999 -9999 -9999 -9999 -9999 -9999 -9999 -9999 -9999 -9999 -9999 -9999 -9999 -9999 -9999 -9999 -9999 -9999 -9999 -9999 -9999 -9999 -9999 -9999 -9999 -9999 -9999 -9999 -9999 -9999 -9999 -9999 -9999 -9999
184.10 213.69 157.46 170.08 168.30 190.35 193.62 211.78 186.18 178.69 189.86 180.85 165.62 151.61 140.79 156.39 154.01 153.97 161.10 162.65 158.29 149.47 138.38 126.85 122.84 127.57 109.03 121.69 113.87 105.87 95.25 82.05 87.87 90.70 80.78 82.87 83.69 91.08 90.88 117.52 88.59 -9999 -9999 -9999 -9999 -9999 -9999 -9999 -9999 -9999 -9999 -9999 -9999 -9999 -9999 -9999 -9999 -9999 -9999 -9999 -9999 -9999 -9999 -9999 -9999 -9999 -9999 -9999 -9999 -9999 -9999 -9999 -9999 -9999 -9999
231.92 194.47 177.94 152.34 176.81 172.16 154.27 175.79 -9999 216.97 252.84 240.99 164.83 138.25 124.13 136.05 139.36 150.78 147.51 136.24 142.31 136.47 146.05 132.55 125.48 139.94 111.32 127.95 128.08 117.63 99.48 103.17 96.49 88.73 89.70 92.62 92.28 92.83 98.98 113.56 104.62 113.26 104.00 64.90 -9999 -9999 -9999 -9999 -9999 -9999 -9999 -9999 -9999 -9999 -9999 -9999 -9999 -9999 -9999 -9999 -9999 -9999 -9999 -9999 -9999 -9999 -9999 -9999 -9999 -9999 -9999 -9999 -9999 -9999 -9999
196.72 192.23 204.16 151.95 -9999 144.37 147.86 169.47 -9999 201.03 297.19 234.08 189.08 165.05 134.92 144.30 140.23 128.86 130.84 129.84 142.80 161.33 161.06 148.51 116.67 143.02 120.87 117.54 141.10 139.87 94.65 91.09 104.52 92.71 103.49 126.70 123.21 103.03 98.04 112.29 100.29 115.90 75.63 75.54 -9999 -9999 -9999 -9999 -9999 -9999 -9999 -9999 -9999 -9999 -9999 -9999 -9999 -9999 -9999 -9999 -9999 -9999 -9999 -9999 -9999 -9999 -9999 -9999 -9999 -9999 -9999 -9999 -9999 -9999 -9999
164.75 191.59 170.96 140.00 -9999 -9999 157.58 162.37 177.89 230.86 254.48 211.38 188.61 211.99 170.17 159.32 157.44 169.96 140.78 134.35 151.68 152.35 158.74 156.92 160.93 142.18 145.70 161.28 139.15 121.74 117.32 110.91 120.20 110.29 119.01 113.48 120.88 105.83 88.99 98.26 83.36 75.67 72.42 76.64 65.98 -9999 -9999 -9999 -9999 -9999 -9999 -9999 -9999 -9999 -9999 -9999 -9999 -9999 -9999 -9999 -9999 -9999 -9999 -9999 -9999 -9999 -9999 -9999 -9999 -9999 -9999 -9999 -9999 -9999 -9999
167.65 185.78 -9999 -9999 -9999 -9999 -9999 170.30 176.64 240.50 231.73 192.42 191.97 208.39 201.83 182.29 179.97 174.91 162.75 142.46 126.93 132.74 142.14 150.39 148.74 144.85 160.24 166.91 142.09 133.39 118.73 137.12 127.07 102.28 105.17 95.70 92.65 100.10 86.75 87.22 64.27 64.37 70.06 72.10 51.27 -9999 -9999 -9999 -9999 -9999 -9999 -9999 -9999 -9999 -9999 -9999 -9999 -9999 -9999 -9999 -9999 -9999 -9999 -9999 -9999 -9999 -9999 -9999 -9999 -9999 -9999 -9999 -9999 -9999 -9999
176.73 169.40 149.12 187.73 193.99 -9999 -9999 -9999 183.60 213.11 200.86 180.55 182.91 189.29 190.80 192.14 188.98 189.22 161.72 148.57 120.40 99.91 141.76 137.23 120.01 136.87 135.75 139.55 161.33 135.01 158.47 170.93 141.24 109.13 107.99 67.80 93.61 93.61 89.39 86.74 70.70 71.19 67.29 67.59 65.34 66.66 -9999 -9999 -9999 -9999 -9999 -9999 -9999 -9999 -9999 -9999 -9999 -9999 -9999 -9999 -9999 -9999 -9999 -9999 -9999 -9999 -9999 -9999 -9999 -9999 -9999 -9999 -9999 -9999 -9999
215.77 190.23 195.93 221.05 259.62 202.76 -9999 -9999 -9999 155.96 153.12 150.20 154.19 139.88 141.93 164.64 153.38 163.85 144.21 134.30 115.95 120.29 129.46 117.52 124.93 151.22 139.28 141.53 113.61 126.96 128.64 133.70 137.54 110.07 102.67 100.11 98.61 86.94 75.55 79.05 64.56 65.87 67.53 68.94 69.66 62.78 60.33 -9999 -9999 -9999 -9999 -9999 -9999 -9999 -9999 -9999 -9999 -9999 -9999 -9999 -9999 -9999 -9999 -9999 -9999 -9999 -9999 -9999 -9999 -9999 -9999 -9999 -9999 -9999 -9999
258.64 208.14 159.84 211.73 265.36 204.74 -9999 -9999 -9999 -9999 -9999 137.61 139.88 127.55 137.23 145.81 140.86 139.70 169.21 170.11 142.39 121.46 106.98 106.36 128.75 181.63 109.16 114.28 123.15 102.45 124.31 130.72 94.31 86.82 99.31 121.31 104.99 92.44 77.31 68.94 69.10 63.93 64.51 63.07 72.67 73.17 64.20 59.09 -9999 -9999 -9999 -9999 -9999 -9999 -9999 -9999 -9999 -9999 -9999 -9999 -9999 -9999 -9999 -9999 -9999 -9999 -9999 -9999 -9999 -9999 -9999 -9999 -9999 -9999 -9999
209.32 -9999 157.11 167.42 260.34 201.72 -9999 -9999 -9999 -9999 -9999 134.44 138.60 150.15 142.11 170.64 199.18 176.97 177.49 176.68 163.82 129.92 127.01 125.08 131.23 146.19 143.97 100.54 176.91 117.13 180.26 139.16 131.02 126.86 104.23 129.77 89.64 82.95 73.50 74.89 77.08 74.76 63.80 68.42 61.02 72.25 75.62 63.22 70.80 70.97 -9999 -9999 -9999 -9999 -9999 -9999 -9999 -9999 -9999 -9999 -9999 -9999 -9999 -9999 -9999 -9999 -9999 -9999 -9999 -9999 -9999 -9999 -9999 -9999 -9999
166.62 -9999 -9999 188.05 216.89 188.33 -9999 -9999 -9999 -9999 -9999 120.62 116.67 143.90 150.31 156.56 166.68 159.43 163.93 170.41 175.93 147.88 142.46 147.06 158.29 187.23 185.95 168.96 197.81 181.23 153.26 154.88 102.94 102.63 106.64 105.49 92.51 91.22 87.16 79.19 74.98 85.29 92.09 96.81 81.70 75.15 71.36 81.89 71.32 83.64 -9999 -9999 -9999 -9999 -9999 -9999 -9999 -9999 -9999 -9999 -9999 -9999 -9999 -9999 -9999 -9999 -9999 -9999 -9999 -9999 -9999 -9999 -9999 -9999 -9999
-9999 -9999 -9999 154.01 165.88 176.74 -9999 -9999 -9999 -9999 -9999 136.70 158.64 155.20 146.76 141.70 144.55 161.55 188.12 199.72 162.86 161.09 134.27 138.75 139.97 164.44 171.87 210.49 196.30 174.19 183.27 185.96 133.48 127.92 106.65 111.91 109.55 85.23 86.36 94.64 97.25 96.19 116.28 109.56 103.06 74.82 75.32 89.28 102.18 95.58 -9999 -9999 -9999 -9999 -9999 -9999 -9999 -9999 -9999 -9999 -9999 -9999 -9999 -9999 -9999 -9999 -9999 -9999 -9999 -9999 -9999 -9999 -9999 -9999 -9999
150.06 -9999 -9999 -9999 -9999 -9999 -9999 -9999 -9999 -9999 158.71 164.81 170.84 162.58 152.53 145.70 139.28 148.70 156.07 184.69 173.59 165.12 192.06 175.59 176.81 191.86 211.16 226.66 240.39 243.15 205.26 188.17 167.96 140.52 131.63 113.97 116.35 117.72 93.65 100.45 111.29 130.66 110.84 121.17 110.34 80.86 82.67 86.41 91.49 100.93 -9999 -9999 -9999 -9999 -9999 -9999 -9999 -9999 -9999 -9999 -9999 -9999 -9999 -9999 -9999 -9999 -9999 -9999 -9999 -9999 -9999 -9999 -9999 -9999 -9999
153.71 -9999 -9999 -9999 -9999 -9999 -9999 -9999 -9999 -9999 174.32 164.64 171.63 186.53 179.40 163.94 143.09 131.46 147.96 122.25 154.76 194.86 199.20 199.87 174.00 171.63 159.49 238.31 221.13 239.76 210.73 184.42 171.74 149.91 124.76 140.17 122.66 123.76 99.32 85.20 121.78 130.88 105.83 121.38 108.59 84.26 82.92 90.56 108.92 98.82 -9999 -9999 -9999 -9999 -9999 -9999 -9999 -9999 -9999 -9999 -9999 -9999 -9999 -9999 -9999 -9999 -9999 -9999 -9999 -9999 -9999 -9999 -9999 -9999 -9999
-9999 -9999 -9999 -9999 -9999 -9999 -9999 -9999 -9999 146.41 166.11 154.44 165.66 174.53 159.73 187.39 211.49 193.17 189.31 169.48 137.94 151.21 188.65 207.96 172.75 166.97 149.35 197.16 278.64 251.35 239.09 196.59 192.75 145.91 149.98 148.75 142.10 127.22 133.94 125.07 138.62 128.40 109.33 99.57 104.01 99.32 118.33 123.21 109.23 102.12 -9999 -9999 -9999 -9999 -9999 -9999 -9999 -9999 -9999 -9999 -9999 -9999 -9999 -9999 -9999 -9999 -9999 -9999 -9999 -9999 -9999 -9999 -9999 -9999 -9999
-9999 -9999 -9999 -9999 -9999 -9999 -9999 -9999 -9999 150.06 153.48 182.44 161.50 186.27 162.88 203.12 210.93 271.34 221.03 178.04 151.14 170.10 171.87 251.16 227.42 166.65 135.28 182.00 285.00 269.39 238.32 235.78 200.98 207.17 200.79 173.15 175.87 166.32 169.30 132.35 129.11 126.73 117.27 121.01 110.16 93.30 102.03 103.01 100.12 89.79 104.67 -9999 -9999 -9999 -9999 -9999 -9999 -9999 -9999 -9999 -9999 -9999 -9999 -9999 -9999 -9999 -9999 -9999 -9999 -9999 -9999 -9999 -9999 -9999 -9999
-9999 -9999 -9999 -9999 -9999 -9999 -9999 -9999 121.82 173.41 189.35 183.16 181.44 182.22 173.85 167.48 221.08 230.78 220.87 196.17 174.33 147.83 135.39 169.25 203.85 200.67 169.76 186.63 263.01 262.57 223.81 222.83 239.97 183.36 196.12 182.16 167.53 214.06 172.00 159.49 146.95 120.52 124.16 128.41 119.82 117.43 93.58 91.63 99.09 100.00 97.84 -9999 -9999 -9999 -9999 -9999 -9999 -9999 -9999 -9999 -9999 -9999 -9999 -9999 -9999 -9999 -9999 -9999 -9999 -9999 -9999 -9999 -9999 -9999 -9999
-9999 -9999 -9999 -9999 -9999 -9999 -9999 -9999 156.52 176.81 183.31 223.41 216.84 199.92 170.28 226.88 191.10 194.88 199.64 209.16 183.57 134.92 132.76 160.87 189.46 222.38 167.77 184.07 203.00 214.30 198.74 232.89 180.39 210.02 212.13 177.68 220.12 189.31 170.27 156.50 132.74 133.87 115.52 99.99 100.92 107.55 95.10 103.28 115.66 108.80 100.34 -9999 -9999 -9999 -9999 -9999 -9999 -9999 -9999 -9999 -9999 -9999 -9999 -9999 -9999 -9999 -9999 -9999 -9999 -9999 -9999 -9999 -9999 -9999 -9999
-9999 -9999 -9999 -9999 -9999 -9999 -9999 140.39 148.70 165.29 206.15 217.43 213.60 267.38 233.13 255.46 202.45 176.93 184.77 196.40 184.80 151.70 132.76 150.69 167.83 156.90 147.53 178.35 214.62 211.29 222.97 196.92 168.49 209.85 194.87 193.30 213.15 168.32 160.97 148.26 142.27 139.48 120.26 104.83 101.00 96.40 89.70 98.06 110.92 103.49 97.64 -9999 -9999 -9999 -9999 -9999 -9999 -9999 -9999 -9999 -9999 -9999 -9999 -9999 -9999 -9999 -9999 -9999 -9999 -9999 -9999 -9999 -9999 -9999 -9999
-9999 -9999 -9999 -9999 -9999 -9999 133.87 141.71 155.14 145.66 172.46 187.40 198.77 249.56 252.79 270.76 196.57 158.09 178.84 196.68 174.50 159.55 151.09 138.24 141.78 163.99 126.66 152.86 194.11 200.92 181.53 169.19 161.14 174.24 173.12 188.19 205.17 178.32 171.66 148.86 143.56 113.92 99.23 95.07 92.38 97.22 88.35 91.67 108.55 99.08 97.44 94.35 -9999 -9999 -9999 -9999 -9999 -9999 -9999 -9999 -9999 -9999 -9999 -9999 -9999 -9999 -9999 -9999 -9999 -9999 -9999 -9999 -9999 -9999 -9999
-9999 -9999 -9999 -9999 -9999 -9999 153.74 175.89 150.62 137.20 140.87 166.49 170.19 319.54 358.57 248.70 231.80 181.36 179.67 191.10 166.84 197.72 144.62 130.54 136.35 142.51 168.38 158.45 181.67 176.18 164.94 155.73 149.35 149.71 165.65 168.31 182.60 175.27 177.77 159.32 125.11 103.39 93.80 83.08 69.07 90.29 82.85 81.04 90.55 103.36 100.43 79.18 -9999 -9999 -9999 -9999 -9999 -9999 -9999 -9999 -9999 -9999 -9999 -9999 -9999 -9999 -9999 -9999 -9999 -9999 -9999 -9999 -9999 -9999 -9999
-9999 -9999 -9999 -9999 111.29 123.57 147.72 148.08 142.71 141.49 133.58 150.54 142.33 244.29 270.69 277.11 224.03 200.49 166.05 177.62 179.30 164.90 158.40 149.62 121.31 143.37 162.05 161.76 158.21 156.93 149.81 133.43 127.47 140.37 137.01 142.67 187.35 165.10 155.83 134.39 125.43 100.67 91.89 69.76 77.85 70.23 76.08 90.51 82.10 89.22 84.54 81.73 -9999 -9999 -9999 -9999 -9999 -9999 -9999 -9999 -9999 -9999 -9999 -9999 -9999 -9999 -9999 -9999 -9999 -9999 -9999 -9999 -9999 -9999 -9999
