Rainfall_2007-2011/Rainfall_2009-08_ACTUAL.txt
ncols         180
nrows         290
xllcorner     -200000
yllcorner     -200000
cellsize      5000
NODATA_value  -9999
[rows 204 to 237 of 290, columns 75 to 149 of 180]
82.57 82.22 90.05 105.05 123.75 157.00 164.32 138.01 131.07 145.03 145.43 145.06 135.21 144.88 162.76 171.16 132.21 123.45 90.23 90.11 103.22 82.74 111.40 80.71 79.30 45.63 50.20 42.71 61.53 59.81 49.07 37.03 32.79 36.04 40.26 37.53 24.02 21.74 19.89 26.56 27.74 30.12 27.42 40.37 36.87 50.54 50.67 64.83 71.25 60.74 60.33 65.55 74.86 76.25 70.98 57.74 57.02 55.29 49.75 46.54 47.58 47.79 44.82 54.04 51.14 63.79 83.19 89.83 69.27 72.54 86.14 76.32 70.56 68.81 61.45
-9999 70.13 75.80 101.72 122.57 114.52 141.11 104.44 116.77 117.13 124.09 117.40 121.77 139.51 135.28 125.96 125.39 131.27 135.51 128.26 155.65 199.47 147.30 128.62 124.69 105.13 84.88 51.81 44.13 71.25 50.07 29.49 37.19 42.51 37.99 29.85 18.74 26.09 31.21 31.65 37.80 35.39 43.04 44.86 46.40 57.56 68.46 56.39 74.55 69.17 62.59 64.20 75.11 74.79 67.89 45.63 54.12 51.49 41.08 42.82 45.15 45.77 46.29 48.04 53.05 70.48 74.57 74.69 67.45 63.59 69.03 75.95 77.50 71.60 59.22
-9999 -9999 85.66 92.10 105.65 113.23 115.29 115.23 109.05 109.06 115.24 100.33 115.33 114.16 128.63 128.71 160.62 138.40 152.09 161.03 177.30 204.76 210.40 173.26 166.77 160.78 87.01 78.21 59.43 34.37 31.64 44.98 29.39 34.16 28.23 33.74 32.28 41.24 38.67 35.05 33.94 39.02 45.19 53.70 62.09 60.20 74.96 69.79 76.25 75.76 67.27 76.22 74.92 72.55 66.80 50.93 53.56 52.90 43.12 39.72 46.26 43.49 42.14 49.88 59.12 61.29 74.61 63.07 63.23 66.11 69.59 66.32 60.44 54.61 57.39
-9999 74.27 80.58 84.45 89.70 91.49 100.53 113.06 112.89 95.80 96.69 100.10 105.25 110.88 127.92 117.11 143.13 128.52 132.87 151.30 166.74 152.66 164.00 150.20 142.28 110.40 103.16 80.87 58.89 53.16 58.57 51.19 45.72 45.66 34.44 29.77 42.64 47.16 51.63 37.11 39.39 42.23 61.58 67.68 66.21 68.14 63.18 68.17 82.47 77.86 69.56 69.00 65.91 62.27 55.52 49.34 50.93 51.31 48.56 46.52 46.03 41.93 43.85 47.24 64.02 53.70 69.21 70.75 57.72 53.19 52.20 53.79 54.09 55.72 51.60
61.13 64.52 72.13 57.85 82.16 86.34 100.75 105.42 89.04 79.59 80.39 88.09 94.35 95.55 105.00 124.50 112.77 140.46 148.44 166.71 187.17 169.04 123.41 112.69 103.48 86.43 74.22 82.34 76.17 67.75 69.75 53.19 54.11 39.67 34.16 41.43 48.45 47.50 48.33 40.38 39.02 40.54 53.41 70.73 66.55 63.36 69.44 66.82 70.72 69.64 68.53 64.24 57.18 48.64 53.62 47.24 56.48 53.26 43.44 39.85 41.61 43.48 48.20 51.72 54.79 58.03 57.95 57.65 56.07 46.95 51.30 57.52 54.43 54.25 55.49
-9999 -9999 67.45 74.37 84.56 82.07 88.57 86.43 -9999 -9999 -9999 -9999 84.46 86.61 98.98 93.78 90.86 103.24 114.42 136.96 163.10 150.39 193.54 203.79 138.79 103.72 89.99 99.27 92.23 79.67 71.08 59.50 50.96 43.86 45.15 41.89 45.77 45.94 52.93 49.79 42.70 55.93 56.46 76.42 75.35 68.07 67.61 65.89 63.88 56.20 59.22 56.14 50.76 47.76 49.57 58.37 56.30 54.30 41.71 37.95 39.51 41.75 46.50 47.20 45.22 38.63 39.01 45.41 46.31 63.74 55.77 53.58 43.81 43.39 49.94
-9999 -9999 68.96 77.69 78.74 74.40 84.90 62.55 -9999 -9999 -9999 -9999 -9999 -9999 -9999 81.30 98.48 95.10 83.43 105.38 137.00 179.83 194.65 224.62 163.94 151.61 101.31 93.82 78.79 86.40 89.39 59.52 51.95 65.52 61.20 55.17 41.41 46.06 57.16 54.48 57.02 62.95 61.00 65.83 65.93 70.90 63.77 58.46 59.32 54.91 51.67 47.54 42.08 41.61 43.76 46.55 51.91 42.40 42.42 34.94 40.54 43.96 48.82 43.69 45.27 36.23 35.35 32.01 37.42 49.91 48.46 45.03 34.25 37.43 41.86
-9999 -9999 -9999 -9999 69.63 -9999 -9999 -9999 -9999 -9999 -9999 -9999 -9999 65.28 71.36 75.53 83.85 73.75 73.78 84.74 116.90 151.75 170.60 189.96 158.59 130.79 103.12 104.77 90.24 87.26 73.20 70.56 53.36 62.83 58.95 49.08 43.41 47.70 47.71 48.45 61.81 69.08 64.35 65.23 63.05 65.77 61.42 56.19 62.09 59.29 55.50 42.38 42.17 37.89 39.36 47.92 55.76 36.54 38.75 41.09 37.10 44.99 38.84 36.35 41.84 39.75 33.36 32.77 36.20 44.31 47.39 43.23 39.96 24.75 32.76
-9999 -9999 -9999 -9999 -9999 -9999 -9999 -9999 -9999 -9999 -9999 -9999 -9999 59.47 64.14 60.89 63.80 59.99 -9999 -9999 80.14 122.94 121.43 133.33 123.22 119.46 115.59 114.06 90.47 78.93 64.06 60.63 60.91 50.11 46.14 40.07 41.94 45.87 42.93 50.03 60.91 64.04 63.06 69.77 59.34 64.75 58.63 52.82 55.85 57.02 56.98 51.76 48.16 39.54 41.65 39.95 41.58 36.75 32.42 26.30 31.01 31.38 34.90 40.72 38.11 34.97 37.26 36.59 35.43 39.79 51.76 46.91 45.25 35.78 32.68
-9999 -9999 -9999 -9999 -9999 -9999 -9999 -9999 -9999 -9999 -9999 -9999 -9999 -9999 -9999 -9999 -9999 -9999 -9999 -9999 63.75 72.67 94.66 102.87 101.64 103.78 108.83 97.90 90.37 81.67 69.68 60.45 56.09 47.65 -9999 40.21 37.00 42.08 44.66 51.21 60.89 55.01 71.55 64.41 63.67 60.36 63.62 51.85 54.55 61.86 49.65 42.78 37.71 49.44 46.40 38.75 32.19 28.85 35.16 34.04 30.13 33.99 36.22 34.25 34.58 40.95 33.06 40.41 31.50 36.28 40.60 53.26 44.67 34.05 27.31
-9999 -9999 -9999 -9999 -9999 -9999 -9999 -9999 -9999 -9999 -9999 -9999 -9999 -9999 -9999 -9999 -9999 -9999 -9999 -9999 -9999 65.92 68.61 77.42 86.86 83.26 81.34 79.50 77.59 69.39 -9999 -9999 -9999 -9999 43.48 36.28 41.01 43.18 49.38 53.94 65.40 65.23 63.42 58.87 61.30 67.53 56.55 61.37 62.09 75.95 68.84 49.10 46.92 48.52 46.35 35.59 31.85 27.90 31.07 29.93 26.78 30.36 33.18 31.36 29.84 33.98 39.84 36.38 18.18 22.62 23.20 34.11 48.41 38.30 33.21
-9999 -9999 -9999 -9999 -9999 -9999 -9999 -9999 -9999 -9999 -9999 -9999 -9999 -9999 -9999 -9999 -9999 -9999 -9999 -9999 -9999 -9999 68.03 80.16 73.35 64.63 71.26 70.57 65.70 -9999 -9999 -9999 -9999 35.95 50.30 48.48 38.39 38.14 50.33 59.41 66.70 66.58 59.37 63.28 60.65 60.95 64.90 72.61 64.77 69.78 66.97 53.22 48.14 45.50 38.44 36.73 27.42 26.99 26.78 26.68 29.13 35.03 38.64 34.90 34.06 31.23 33.29 24.79 24.46 28.31 31.26 41.50 45.68 39.33 30.64
-9999 -9999 -9999 -9999 -9999 -9999 -9999 -9999 -9999 -9999 -9999 -9999 -9999 -9999 -9999 -9999 -9999 -9999 -9999 -9999 -9999 -9999 -9999 65.18 56.61 60.17 59.52 60.67 55.65 -9999 -9999 -9999 36.76 41.00 45.00 51.34 48.24 52.89 48.66 50.33 50.48 58.58 55.92 57.59 62.33 64.14 64.07 61.09 66.97 61.17 55.12 51.32 44.35 45.14 46.92 36.11 30.81 28.07 26.19 27.04 32.50 33.89 35.08 35.39 31.86 31.39 22.17 19.72 25.14 27.71 31.39 37.59 45.17 36.79 32.48
-9999 -9999 -9999 -9999 -9999 -9999 -9999 -9999 -9999 -9999 -9999 -9999 -9999 -9999 -9999 -9999 -9999 -9999 -9999 -9999 -9999 -9999 -9999 -9999 -9999 -9999 -9999 -9999 -9999 -9999 -9999 47.25 40.69 44.73 43.85 49.17 51.25 51.82 53.10 49.52 48.31 53.11 46.83 47.31 53.09 54.99 60.36 62.96 74.18 67.57 59.72 51.85 54.64 41.80 41.53 24.18 29.26 24.57 25.47 30.44 31.51 31.32 31.88 30.87 30.13 28.77 24.95 27.01 27.78 26.74 27.78 33.18 38.88 37.75 32.84
-9999 -9999 -9999 -9999 -9999 -9999 -9999 -9999 -9999 -9999 -9999 -9999 -9999 -9999 -9999 -9999 -9999 -9999 -9999 -9999 -9999 -9999 -9999 -9999 -9999 -9999 -9999 -9999 -9999 -9999 -9999 34.28 42.67 40.82 59.36 59.03 53.48 56.92 56.62 49.27 53.39 46.69 47.33 49.53 51.58 63.93 69.08 60.33 73.70 73.90 74.93 59.62 52.91 49.46 36.46 27.58 27.80 26.84 25.31 27.05 32.05 34.53 33.86 32.67 31.12 21.76 28.27 30.99 30.56 31.93 30.18 33.75 36.61 37.19 33.04
-9999 -9999 -9999 -9999 -9999 -9999 -9999 -9999 -9999 -9999 -9999 -9999 -9999 -9999 -9999 -9999 -9999 -9999 -9999 -9999 -9999 -9999 -9999 -9999 -9999 -9999 -9999 -9999 -9999 -9999 -9999 26.68 31.20 31.98 39.02 60.39 62.50 61.26 57.59 60.03 52.41 48.78 46.64 57.50 59.97 71.84 73.27 69.31 61.19 60.72 59.98 49.84 43.83 41.29 32.77 26.74 27.58 25.92 26.50 34.13 33.98 37.21 39.69 34.34 30.62 31.44 33.28 44.32 37.07 35.77 37.65 33.75 32.35 38.52 39.07
-9999 -9999 -9999 -9999 -9999 -9999 -9999 -9999 -9999 -9999 -9999 -9999 -9999 -9999 63.94 79.30 70.54 101.70 105.20 95.81 95.30 80.77 44.47 54.93 36.44 -9999 -9999 -9999 -9999 -9999 -9999 29.55 32.49 26.68 31.01 47.29 62.99 64.95 69.20 56.29 51.53 49.57 57.55 63.03 59.65 74.72 76.41 65.40 60.72 76.92 51.77 35.39 34.46 37.77 34.41 30.02 33.82 39.19 42.28 38.44 36.53 36.07 34.20 34.90 33.10 34.40 36.63 44.72 44.67 32.78 32.99 32.70 40.05 30.59 25.51
-9999 -9999 -9999 -9999 -9999 -9999 -9999 -9999 -9999 -9999 -9999 -9999 -9999 -9999 76.40 86.14 95.79 86.37 134.47 154.70 105.97 103.06 71.81 49.55 39.03 26.69 30.71 37.47 37.36 27.47 32.91 30.78 25.79 33.92 33.95 47.13 54.92 63.80 63.87 60.14 53.25 63.68 69.42 56.32 60.60 71.97 54.80 64.57 70.40 61.31 41.81 36.69 30.11 31.21 32.42 36.09 39.63 40.39 43.63 44.68 34.49 35.96 33.03 39.03 33.75 29.32 41.14 35.82 33.86 33.10 31.18 31.12 31.48 32.95 28.25
-9999 -9999 -9999 -9999 -9999 -9999 -9999 -9999 -9999 -9999 -9999 -9999 -9999 49.41 65.74 66.37 83.27 92.55 101.60 129.15 123.72 98.30 89.39 68.33 56.65 35.83 40.16 36.05 43.77 28.46 30.56 35.08 31.48 38.50 48.70 50.93 61.65 61.66 58.84 68.17 82.70 71.80 85.11 72.16 66.72 64.28 74.88 65.58 72.53 54.20 38.05 39.23 32.55 33.41 32.57 32.43 36.54 48.72 51.79 41.47 37.19 38.92 37.95 32.35 30.35 29.06 31.01 34.07 35.12 34.04 34.54 31.22 31.72 30.04 27.26
-9999 -9999 -9999 -9999 -9999 -9999 -9999 -9999 -9999 -9999 -9999 -9999 -9999 -9999 53.41 57.61 67.78 81.48 92.27 90.43 120.41 88.08 70.85 51.20 55.18 56.14 43.09 34.19 27.55 37.71 35.06 35.85 36.41 37.64 44.78 46.50 51.78 50.22 59.19 67.18 73.67 69.65 76.94 85.95 65.21 63.24 83.43 75.00 56.73 44.03 39.45 35.88 33.51 32.83 29.26 28.39 37.72 46.27 47.66 42.75 34.07 37.83 31.69 28.65 29.45 26.34 30.16 29.88 31.64 30.50 37.87 41.20 37.01 36.05 32.60
-9999 -9999 -9999 -9999 -9999 -9999 -9999 -9999 -9999 -9999 71.65 -9999 -9999 45.95 43.69 50.06 55.76 64.59 77.43 64.80 61.74 67.81 60.94 57.86 51.55 53.13 38.16 34.60 30.12 33.50 34.13 36.29 37.93 35.22 46.28 45.72 47.52 55.83 64.61 59.26 62.98 58.07 68.74 72.65 65.04 75.09 76.61 65.99 38.66 34.31 36.42 28.35 38.70 31.05 32.39 38.94 37.31 53.00 53.25 55.31 44.49 36.14 35.51 25.85 28.77 30.58 30.89 33.26 32.84 32.93 35.23 38.74 36.55 32.56 26.51
-9999 -9999 -9999 -9999 -9999 -9999 -9999 -9999 -9999 74.78 79.81 83.41 71.46 57.39 63.08 64.95 58.05 52.65 57.41 51.61 59.07 52.69 56.29 41.10 46.81 41.98 39.96 33.81 31.54 36.75 37.26 36.84 38.24 41.23 44.37 48.27 46.47 58.28 58.04 56.00 60.98 65.28 75.23 73.65 74.07 85.78 71.83 55.54 38.56 34.10 35.57 35.93 41.05 35.35 35.58 36.92 41.19 48.49 49.09 47.85 34.26 31.21 28.60 30.13 31.08 31.25 33.13 31.47 32.87 32.20 35.26 40.51 32.77 29.22 28.86
-9999 -9999 -9999 -9999 -9999 -9999 -9999 -9999 -9999 80.92 85.97 83.15 73.18 69.43 66.06 61.69 59.50 59.27 52.84 61.80 57.24 41.88 50.92 43.89 50.08 48.18 42.81 50.70 55.16 47.73 44.52 35.97 39.02 48.45 57.53 63.62 60.47 65.33 63.58 63.50 57.93 61.37 68.04 73.73 72.63 73.68 73.10 46.17 38.61 42.23 38.44 32.30 28.51 29.79 30.57 31.62 39.46 47.85 48.37 45.17 34.22 34.24 29.78 33.12 31.78 28.48 36.05 35.26 34.23 36.81 39.31 48.31 33.91 34.05 31.35
-9999 -9999 -9999 -9999 -9999 -9999 -9999 -9999 -9999 86.10 98.38 120.18 87.33 74.15 66.24 65.43 55.92 46.31 42.34 37.89 48.75 43.40 48.40 47.31 42.00 37.68 40.01 53.78 60.51 61.29 67.00 60.30 57.78 69.05 71.57 80.56 63.17 75.85 70.48 66.15 64.61 64.35 79.27 64.08 72.80 68.95 57.54 41.96 39.36 39.60 37.89 32.28 29.28 25.17 27.71 34.05 44.03 43.76 43.62 32.43 29.36 29.57 27.13 35.85 40.84 29.29 44.59 41.76 38.98 36.75 50.50 45.82 41.70 33.00 32.65
-9999 -9999 -9999 -9999 -9999 -9999 -9999 -9999 -9999 67.21 92.43 84.18 94.07 70.90 65.54 55.61 46.83 48.49 40.98 31.09 41.41 41.97 38.53 41.94 43.74 39.93 45.51 60.22 63.85 81.41 80.81 77.53 82.93 83.69 82.70 89.46 91.23 73.24 74.32 72.99 72.96 78.68 75.59 73.98 69.30 63.92 41.18 34.21 35.23 36.97 37.63 36.33 31.12 34.05 32.88 35.56 41.35 52.32 24.71 17.52 17.87 15.01 23.67 25.92 24.03 24.11 31.68 38.07 41.76 38.84 40.56 37.18 44.50 37.14 27.27
-9999 -9999 -9999 -9999 -9999 -9999 -9999 -9999 -9999 53.38 71.04 71.48 81.67 70.15 66.60 59.34 50.06 41.88 38.92 40.34 33.29 33.45 40.88 40.25 37.36 35.43 40.84 49.42 66.39 79.42 72.99 70.64 95.02 119.82 96.75 131.23 97.32 96.25 98.32 95.16 86.39 79.69 70.08 62.63 56.66 46.02 30.51 29.06 28.94 34.56 35.29 35.31 32.70 32.14 31.99 34.39 37.63 29.12 21.00 16.08 12.58 16.77 21.59 23.39 24.37 24.24 26.79 33.07 34.91 -9999 -9999 33.71 42.09 37.79 24.15
-9999 -9999 -9999 -9999 -9999 -9999 -9999 -9999 61.05 56.98 63.44 60.80 71.56 73.78 68.68 63.18 63.10 44.71 41.60 35.86 27.96 30.00 35.07 35.82 36.82 35.96 53.19 60.07 81.94 82.40 70.15 82.72 82.39 81.08 91.76 88.52 90.15 108.86 98.28 99.79 86.21 77.19 67.05 57.00 48.64 35.40 29.94 29.83 27.50 32.32 32.14 28.80 31.71 32.65 40.63 -9999 -9999 23.61 18.19 15.03 15.80 18.54 20.66 20.39 -9999 -9999 -9999 -9999 -9999 -9999 -9999 -9999 -9999 -9999 25.14
-9999 -9999 -9999 -9999 -9999 -9999 -9999 79.44 64.00 62.89 63.37 58.14 54.08 59.91 70.44 72.05 83.15 62.93 54.05 44.84 35.45 36.93 35.43 36.52 34.84 42.50 50.96 67.91 88.06 79.95 70.29 67.76 58.93 61.76 61.62 94.41 95.68 90.01 91.45 93.21 74.97 71.54 71.61 50.37 42.53 33.99 30.79 22.57 23.80 25.80 30.25 29.07 -9999 35.46 45.36 37.18 21.62 21.31 -9999 -9999 -9999 -9999 17.95 -9999 -9999 -9999 -9999 -9999 -9999 -9999 -9999 -9999 -9999 -9999 -9999
-9999 -9999 -9999 -9999 -9999 -9999 100.04 93.42 73.09 59.62 54.41 54.56 50.69 47.74 43.07 88.54 128.41 117.26 69.86 45.70 50.60 41.25 42.43 30.99 34.86 48.97 55.30 41.18 49.97 52.63 -9999 -9999 -9999 -9999 -9999 74.09 83.40 89.92 77.50 85.67 70.08 53.38 50.26 44.44 41.74 34.13 -9999 -9999 -9999 -9999 -9999 23.85 27.99 41.50 60.52 38.24 27.19 22.32 -9999 -9999 -9999 -9999 -9999 -9999 -9999 -9999 -9999 -9999 -9999 -9999 -9999 -9999 -9999 -9999 -9999
-9999 -9999 -9999 -9999 -9999 66.93 97.83 109.02 81.46 79.21 61.39 55.61 49.14 62.05 90.09 139.20 140.81 169.76 118.66 70.59 54.06 64.18 44.58 38.86 33.09 34.21 41.16 -9999 -9999 -9999 -9999 -9999 -9999 -9999 -9999 -9999 56.44 64.30 58.22 83.41 79.32 72.47 55.72 54.86 47.47 23.84 -9999 -9999 -9999 -9999 -9999 -9999 -9999 48.02 36.55 24.84 29.01 -9999 -9999 -9999 -9999 -9999 -9999 -9999 -9999 -9999 -9999 -9999 -9999 -9999 -9999 -9999 -9999 -9999 -9999
-9999 -9999 47.26 48.78 48.42 59.89 79.21 92.31 91.84 90.15 74.46 67.14 68.10 86.13 107.32 110.96 162.04 153.32 88.03 75.45 83.66 45.82 46.91 46.80 32.92 -9999 -9999 -9999 -9999 -9999 -9999 -9999 -9999 -9999 -9999 -9999 -9999 -9999 41.33 -9999 -9999 -9999 -9999 40.54 28.75 21.29 -9999 -9999 -9999 -9999 -9999 -9999 -9999 -9999 26.11 27.69 16.95 -9999 -9999 -9999 -9999 -9999 -9999 -9999 -9999 -9999 -9999 -9999 -9999 -9999 -9999 -9999 -9999 -9999 -9999
-9999 -9999 49.69 48.02 45.46 51.13 69.11 84.54 85.83 92.01 86.35 82.50 79.26 98.87 94.30 114.87 188.41 152.44 113.87 71.36 58.11 43.44 36.85 35.21 -9999 -9999 -9999 -9999 -9999 -9999 -9999 -9999 -9999 -9999 -9999 -9999 -9999 -9999 53.18 -9999 -9999 -9999 -9999 -9999 -9999 -9999 -9999 -9999 -9999 -9999 -9999 -9999 -9999 -9999 -9999 -9999 -9999 -9999 -9999 -9999 -9999 -9999 -9999 -9999 -9999 -9999 -9999 -9999 -9999 -9999 -9999 -9999 -9999 -9999 -9999
-9999 -9999 50.13 59.83 56.56 50.23 56.64 82.44 82.66 86.47 86.01 77.19 87.94 76.82 80.11 111.30 152.96 180.32 198.41 92.42 69.49 56.79 46.60 42.42 -9999 -9999 -9999 -9999 -9999 -9999 -9999 -9999 -9999 -9999 -9999 -9999 -9999 -9999 -9999 -9999 -9999 -9999 -9999 -9999 -9999 -9999 -9999 -9999 -9999 -9999 -9999 -9999 -9999 -9999 -9999 -9999 -9999 -9999 -9999 -9999 -9999 -9999 -9999 -9999 -9999 -9999 -9999 -9999 -9999 -9999 -9999 -9999 -9999 -9999 -9999
-9999 43.57 46.25 53.60 65.97 60.07 71.06 77.13 86.56 86.13 74.71 71.17 74.97 77.87 72.29 90.63 121.72 174.86 153.55 110.47 76.11 56.18 51.90 30.46 -9999 -9999 -9999 -9999 -9999 -9999 -9999 -9999 -9999 -9999 -9999 -9999 -9999 -9999 -9999 -9999 -9999 -9999 -9999 -9999 -9999 -9999 -9999 -9999 -9999 -9999 -9999 -9999 -9999 -9999 -9999 -9999 -9999 -9999 -9999 -9999 -9999 -9999 -9999 -9999 -9999 -9999 -9999 -9999 -9999 -9999 -9999 -9999 -9999 -9999 -9999
