Rainfall_2007-2011/Rainfall_2011-07_ACTUAL.txt
ncols         180
nrows         290
xllcorner     -200000
yllcorner     -200000
cellsize      5000
NODATA_value  -9999
[rows 136 to 169 of 290, columns 76 to 151 of 180]
-9999 -9999 -9999 76.58 85.98 90.66 110.62 105.55 97.76 77.45 66.90 69.93 81.00 95.42 131.72 115.28 97.73 82.82 79.60 75.34 85.54 91.87 109.28 97.92 100.75 106.78 119.57 115.41 104.86 98.92 82.45 94.88 80.15 80.14 101.35 91.62 83.85 95.29 89.17 94.61 95.38 81.93 95.61 131.83 130.80 100.61 114.40 125.19 114.43 93.15 55.17 70.82 -9999 -9999 -9999 -9999 -9999 -9999 -9999 -9999 -9999 -9999 -9999 -9999 -9999 -9999 -9999 -9999 -9999 -9999 -9999 -9999 -9999 -9999 -9999 -9999
-9999 -9999 -9999 67.85 75.69 78.98 96.85 87.17 94.32 70.64 65.09 65.06 67.71 85.31 113.59 112.34 107.91 87.97 61.24 63.26 85.32 94.20 124.84 122.03 -9999 -9999 -9999 100.32 105.73 -9999 84.91 79.43 82.86 82.13 77.72 85.22 86.04 94.79 79.26 92.82 91.41 97.60 97.25 97.33 100.77 93.93 95.20 112.53 87.63 72.96 61.09 64.76 -9999 -9999 -9999 -9999 -9999 -9999 -9999 -9999 -9999 -9999 -9999 -9999 -9999 -9999 -9999 -9999 -9999 -9999 -9999 -9999 -9999 -9999 -9999 -9999
-9999 -9999 -9999 57.39 69.46 74.54 76.62 81.18 80.62 73.09 65.93 64.32 72.09 76.15 111.51 99.92 103.87 94.11 67.25 77.79 78.67 83.18 86.23 104.30 -9999 -9999 -9999 106.94 104.63 100.52 87.00 106.15 96.26 88.50 89.53 88.92 93.91 89.60 88.28 84.09 96.81 96.00 79.08 83.45 88.86 86.47 73.46 75.77 87.30 61.71 37.54 52.58 -9999 -9999 -9999 -9999 -9999 -9999 -9999 -9999 -9999 -9999 -9999 -9999 -9999 -9999 -9999 -9999 -9999 -9999 -9999 -9999 -9999 -9999 -9999 -9999
-9999 -9999 -9999 -9999 59.97 72.55 70.02 -9999 76.58 72.54 66.92 64.60 62.33 -9999 76.24 75.84 85.97 79.32 81.55 84.84 73.59 68.63 -9999 -9999 -9999 -9999 80.24 92.41 89.28 72.61 75.28 84.30 85.96 101.59 86.56 83.16 128.39 105.62 100.39 96.52 87.49 89.21 68.19 77.47 73.77 72.19 78.88 68.46 71.33 54.44 45.88 49.42 43.35 -9999 -9999 -9999 -9999 -9999 -9999 -9999 -9999 -9999 -9999 -9999 -9999 -9999 -9999 -9999 -9999 -9999 -9999 -9999 -9999 -9999 -9999 -9999
-9999 -9999 -9999 -9999 -9999 46.05 -9999 -9999 -9999 60.77 59.43 58.45 52.63 43.21 -9999 -9999 74.72 74.98 91.17 89.00 -9999 -9999 -9999 -9999 -9999 76.36 90.59 94.54 85.41 60.47 72.28 76.40 79.30 87.73 92.83 99.27 115.66 116.51 93.66 107.33 106.20 109.38 84.43 78.73 77.55 76.57 79.55 76.52 75.44 57.64 54.95 48.17 40.68 -9999 -9999 -9999 -9999 -9999 -9999 -9999 -9999 -9999 -9999 -9999 -9999 -9999 -9999 -9999 -9999 -9999 -9999 -9999 -9999 -9999 -9999 -9999
-9999 -9999 -9999 -9999 -9999 34.38 33.53 -9999 -9999 -9999 52.92 58.72 53.87 46.21 -9999 -9999 -9999 -9999 81.16 -9999 -9999 -9999 -9999 -9999 -9999 77.74 81.65 79.43 73.75 67.88 74.03 68.09 70.43 77.11 91.49 96.28 110.09 130.29 94.17 108.73 100.97 100.55 68.82 75.32 78.05 82.37 59.13 75.90 66.60 53.01 60.07 57.49 47.59 -9999 -9999 -9999 -9999 -9999 -9999 -9999 -9999 -9999 -9999 -9999 -9999 -9999 -9999 -9999 -9999 -9999 -9999 -9999 -9999 -9999 -9999 -9999
-9999 -9999 -9999 -9999 -9999 -9999 38.97 -9999 -9999 -9999 -9999 53.21 51.55 49.03 -9999 -9999 -9999 -9999 -9999 -9999 -9999 -9999 -9999 -9999 82.36 75.84 93.05 90.04 93.34 95.68 87.21 77.09 75.43 74.68 77.82 96.03 114.61 147.77 124.95 104.41 93.15 72.76 71.08 74.72 68.67 70.00 79.12 81.59 66.16 66.51 68.29 62.99 54.66 51.68 -9999 -9999 -9999 -9999 -9999 -9999 -9999 -9999 -9999 -9999 -9999 -9999 -9999 -9999 -9999 -9999 -9999 -9999 -9999 -9999 -9999 -9999
-9999 -9999 -9999 -9999 -9999 -9999 46.89 -9999 -9999 -9999 -9999 -9999 -9999 -9999 -9999 -9999 -9999 -9999 -9999 -9999 -9999 -9999 -9999 -9999 84.62 86.80 79.96 94.88 88.31 116.73 106.15 82.05 88.44 73.34 82.71 74.41 90.97 134.90 148.72 131.51 97.09 125.32 125.96 98.66 89.60 94.23 69.67 74.72 73.02 90.60 87.63 74.99 63.89 58.41 51.57 -9999 -9999 -9999 -9999 -9999 -9999 -9999 -9999 -9999 -9999 -9999 -9999 -9999 -9999 -9999 -9999 -9999 -9999 -9999 -9999 -9999
-9999 -9999 -9999 -9999 -9999 -9999 -9999 -9999 -9999 -9999 -9999 -9999 -9999 -9999 -9999 -9999 -9999 -9999 -9999 -9999 -9999 -9999 -9999 71.55 87.74 89.16 87.15 126.38 101.55 150.96 145.53 96.64 84.14 77.69 71.25 72.98 64.53 99.41 169.86 153.82 115.95 102.35 94.60 105.75 99.07 90.52 77.03 79.04 78.58 74.67 74.53 88.89 74.43 62.73 57.75 -9999 -9999 -9999 -9999 -9999 -9999 -9999 -9999 -9999 -9999 -9999 -9999 -9999 -9999 -9999 -9999 -9999 -9999 -9999 -9999 -9999
-9999 -9999 -9999 -9999 -9999 -9999 -9999 -9999 -9999 -9999 -9999 -9999 -9999 -9999 -9999 -9999 -9999 -9999 -9999 -9999 -9999 -9999 -9999 72.92 89.79 104.47 112.85 137.56 114.08 100.90 128.54 96.70 91.14 82.53 83.48 74.84 74.58 101.52 132.43 180.04 148.01 127.03 108.18 97.71 93.24 74.15 76.20 68.64 88.90 81.52 89.15 77.86 76.25 68.75 62.59 58.79 56.36 52.15 -9999 -9999 -9999 -9999 -9999 -9999 -9999 -9999 -9999 -9999 -9999 -9999 -9999 -9999 -9999 -9999 -9999 -9999
-9999 -9999 -9999 -9999 -9999 -9999 -9999 -9999 -9999 -9999 -9999 -9999 -9999 -9999 -9999 -9999 -9999 -9999 -9999 -9999 -9999 -9999 -9999 63.28 86.40 112.43 130.81 117.30 127.74 137.20 152.73 120.98 96.71 92.31 75.18 84.40 78.10 74.80 88.28 121.46 118.44 116.51 108.15 88.51 73.84 63.36 71.18 68.68 84.69 88.22 84.75 78.64 75.82 70.93 78.18 85.30 65.63 58.56 52.37 49.39 -9999 -9999 -9999 -9999 -9999 -9999 -9999 -9999 -9999 -9999 -9999 -9999 -9999 -9999 -9999 -9999
-9999 -9999 -9999 -9999 -9999 -9999 -9999 -9999 -9999 -9999 -9999 -9999 -9999 -9999 -9999 -9999 -9999 -9999 -9999 -9999 -9999 -9999 -9999 51.96 98.01 138.96 186.61 228.74 207.37 146.54 159.89 147.24 139.63 101.71 114.44 104.45 87.74 79.56 92.59 92.20 83.37 105.28 99.21 77.00 64.51 57.27 62.69 66.84 83.64 86.22 85.60 85.39 76.93 84.15 84.32 89.21 103.98 64.64 71.86 69.46 67.86 56.60 -9999 -9999 -9999 -9999 -9999 -9999 -9999 -9999 -9999 -9999 -9999 -9999 -9999 -9999
-9999 -9999 -9999 -9999 -9999 -9999 -9999 -9999 -9999 -9999 -9999 -9999 -9999 -9999 -9999 -9999 -9999 -9999 -9999 -9999 -9999 -9999 -9999 66.82 94.09 138.99 168.30 185.96 222.32 199.45 155.57 157.53 135.85 145.97 133.02 102.27 107.29 92.72 108.27 87.43 131.42 107.27 94.48 96.19 83.74 76.23 61.61 71.82 70.48 79.45 80.54 84.02 86.58 82.82 81.04 80.18 109.93 99.81 61.07 69.44 73.75 61.37 61.76 -9999 -9999 -9999 -9999 -9999 -9999 -9999 -9999 -9999 -9999 -9999 -9999 -9999
-9999 -9999 -9999 -9999 -9999 -9999 -9999 -9999 -9999 -9999 -9999 57.67 53.61 51.35 -9999 -9999 -9999 -9999 -9999 -9999 -9999 -9999 -9999 -9999 71.65 105.16 136.12 147.68 155.88 177.56 143.47 128.30 122.83 137.83 123.87 113.06 114.43 114.51 107.24 96.45 117.74 103.89 117.06 104.07 75.26 76.29 80.32 75.59 66.48 73.00 72.04 80.89 81.07 77.97 103.32 92.36 130.55 136.91 101.95 87.51 68.00 78.50 60.71 46.58 -9999 -9999 -9999 -9999 -9999 -9999 -9999 -9999 -9999 -9999 -9999 -9999
-9999 -9999 -9999 -9999 -9999 -9999 -9999 -9999 -9999 -9999 -9999 52.16 58.28 -9999 -9999 -9999 -9999 -9999 -9999 -9999 -9999 -9999 -9999 -9999 -9999 98.82 118.35 152.69 162.13 201.29 140.29 137.44 125.82 114.03 96.53 102.50 76.22 133.22 117.68 88.93 127.34 114.66 86.28 115.65 98.72 68.88 79.22 71.20 62.86 62.72 73.20 78.69 86.00 90.06 102.95 101.85 103.73 97.22 97.16 97.95 91.59 92.22 72.27 68.02 -9999 -9999 -9999 -9999 -9999 -9999 -9999 -9999 -9999 -9999 -9999 -9999
-9999 -9999 -9999 -9999 -9999 -9999 -9999 -9999 -9999 -9999 63.72 71.41 77.51 67.74 -9999 -9999 -9999 -9999 -9999 -9999 -9999 -9999 -9999 -9999 -9999 79.88 116.22 149.27 140.28 134.69 139.71 105.36 108.95 103.68 91.87 98.17 94.34 96.76 139.22 115.37 116.68 145.99 118.00 122.25 84.62 85.38 57.78 53.24 58.28 57.17 70.32 70.36 89.41 94.81 80.85 92.22 101.72 101.04 95.89 90.44 91.40 92.10 71.47 76.68 60.67 -9999 -9999 -9999 -9999 -9999 -9999 -9999 -9999 -9999 -9999 -9999
-9999 -9999 -9999 -9999 -9999 -9999 -9999 -9999 -9999 75.22 98.34 90.64 108.23 67.24 -9999 -9999 -9999 -9999 -9999 -9999 -9999 -9999 -9999 -9999 -9999 99.29 134.43 186.73 115.20 132.29 131.05 106.22 102.47 112.73 109.26 107.66 98.42 136.46 127.75 130.34 123.17 136.27 83.34 96.46 70.92 88.16 51.06 43.54 53.52 48.37 45.91 60.06 72.08 80.76 78.34 76.62 78.35 84.50 81.90 97.51 95.04 94.12 74.05 69.10 67.30 -9999 -9999 -9999 -9999 -9999 -9999 -9999 -9999 -9999 -9999 -9999
-9999 -9999 -9999 -9999 -9999 -9999 -9999 -9999 57.74 75.79 117.39 92.68 94.98 -9999 -9999 -9999 -9999 -9999 -9999 -9999 -9999 -9999 -9999 -9999 -9999 -9999 133.59 149.17 115.22 182.67 114.53 89.94 83.28 83.70 98.40 112.85 102.46 120.14 142.66 136.77 124.09 123.08 118.87 107.36 108.44 88.94 64.36 62.27 50.26 52.80 49.09 48.32 52.83 64.38 88.40 81.55 68.55 66.94 78.78 81.36 78.12 73.17 81.22 64.40 63.23 54.33 45.25 -9999 -9999 -9999 -9999 -9999 -9999 -9999 -9999 -9999
-9999 -9999 -9999 -9999 -9999 -9999 -9999 -9999 76.22 103.25 98.34 92.87 88.28 -9999 -9999 -9999 -9999 -9999 -9999 -9999 -9999 -9999 -9999 -9999 -9999 -9999 -9999 120.18 113.23 105.41 89.49 73.77 76.45 85.30 85.49 103.60 94.98 125.24 138.10 146.22 134.83 113.19 103.14 111.32 104.77 65.62 77.36 64.30 58.91 53.11 54.67 46.59 47.47 65.92 69.23 75.26 63.78 52.71 59.77 65.90 67.97 71.54 73.68 61.39 66.92 55.10 45.55 -9999 -9999 -9999 -9999 -9999 -9999 -9999 -9999 -9999
-9999 -9999 -9999 -9999 -9999 -9999 -9999 -9999 70.04 78.28 107.93 89.02 -9999 -9999 -9999 -9999 -9999 -9999 -9999 -9999 -9999 -9999 -9999 -9999 -9999 -9999 -9999 105.41 110.83 98.08 -9999 63.91 -9999 66.33 71.35 75.94 73.41 99.74 154.84 127.83 116.94 124.92 86.63 82.81 106.32 93.18 80.23 85.50 51.81 56.03 73.87 61.95 60.36 62.34 66.08 68.79 65.22 53.29 57.78 52.18 61.24 72.04 74.16 64.02 58.70 53.91 56.61 60.44 53.18 -9999 -9999 -9999 -9999 -9999 -9999 -9999
-9999 -9999 -9999 -9999 -9999 -9999 -9999 60.16 58.40 61.84 -9999 -9999 -9999 -9999 -9999 -9999 -9999 -9999 -9999 -9999 -9999 -9999 -9999 -9999 -9999 -9999 -9999 103.43 88.82 82.24 -9999 -9999 -9999 61.38 79.28 76.70 73.83 82.27 94.81 95.92 99.91 101.90 99.81 78.13 91.21 93.95 80.03 70.47 57.24 60.78 65.20 63.02 66.56 58.96 47.54 57.45 56.56 53.77 44.22 42.45 61.44 71.18 65.39 63.10 61.63 57.96 53.05 59.69 46.40 -9999 -9999 -9999 -9999 -9999 -9999 -9999
-9999 -9999 -9999 -9999 -9999 -9999 -9999 -9999 -9999 -9999 -9999 -9999 -9999 -9999 -9999 -9999 -9999 -9999 -9999 -9999 -9999 -9999 -9999 -9999 -9999 -9999 -9999 -9999 -9999 -9999 -9999 -9999 56.09 61.11 80.58 98.31 86.48 107.44 107.59 102.07 98.57 105.20 91.93 89.47 77.05 82.97 82.42 69.39 62.72 60.62 64.00 64.20 72.55 47.13 46.64 54.47 46.96 49.17 53.25 60.52 76.90 67.28 61.64 58.45 59.19 53.23 47.40 45.96 -9999 -9999 -9999 -9999 -9999 -9999 -9999 -9999
-9999 -9999 -9999 -9999 -9999 -9999 -9999 -9999 -9999 -9999 -9999 -9999 -9999 -9999 -9999 -9999 -9999 -9999 -9999 -9999 -9999 -9999 -9999 -9999 -9999 -9999 -9999 -9999 -9999 -9999 -9999 -9999 59.13 70.15 82.01 117.89 143.14 127.21 92.15 85.06 75.22 94.33 84.14 87.12 89.68 77.04 71.48 74.81 67.24 65.13 64.00 58.64 60.78 48.53 52.26 65.33 55.70 54.49 61.13 65.82 85.23 76.83 61.63 55.96 47.84 51.29 51.17 50.44 -9999 -9999 -9999 -9999 -9999 -9999 -9999 -9999
-9999 -9999 -9999 -9999 -9999 -9999 -9999 -9999 -9999 -9999 -9999 -9999 -9999 -9999 -9999 -9999 -9999 -9999 -9999 -9999 -9999 -9999 -9999 -9999 -9999 -9999 -9999 -9999 -9999 -9999 -9999 -9999 55.12 66.93 80.30 99.37 135.43 116.74 97.29 83.88 80.46 83.22 75.17 65.55 70.02 55.16 78.15 69.67 81.70 66.74 61.32 52.39 48.48 42.80 69.87 75.98 75.27 59.33 57.66 65.49 86.40 86.52 65.05 56.65 46.36 54.39 53.51 54.42 -9999 -9999 -9999 -9999 -9999 -9999 -9999 -9999
-9999 -9999 -9999 -9999 -9999 -9999 -9999 -9999 -9999 -9999 -9999 -9999 -9999 -9999 -9999 -9999 -9999 -9999 -9999 -9999 -9999 -9999 -9999 -9999 -9999 -9999 -9999 -9999 -9999 -9999 51.45 54.22 55.07 63.45 85.07 108.25 138.96 118.22 104.71 76.54 76.97 68.89 69.96 74.11 69.24 75.95 64.01 66.77 81.51 64.99 52.83 53.37 47.33 50.12 58.90 62.88 64.55 51.61 51.26 60.10 72.78 82.17 72.09 69.34 52.89 50.77 54.71 58.81 60.44 -9999 -9999 -9999 -9999 -9999 -9999 -9999
-9999 -9999 -9999 -9999 -9999 -9999 -9999 -9999 -9999 -9999 -9999 -9999 -9999 -9999 -9999 -9999 -9999 -9999 -9999 -9999 -9999 -9999 -9999 -9999 -9999 -9999 -9999 -9999 -9999 -9999 58.70 53.57 56.95 60.92 74.28 112.71 99.59 100.05 78.60 76.87 98.46 87.52 83.15 82.31 77.63 65.86 65.34 60.85 76.44 65.28 64.50 49.45 46.03 44.70 40.71 47.43 53.50 53.42 58.59 52.31 50.76 49.56 69.10 69.02 48.75 40.21 51.39 60.96 68.73 -9999 -9999 -9999 -9999 -9999 -9999 -9999
-9999 -9999 -9999 -9999 -9999 -9999 -9999 -9999 -9999 -9999 -9999 -9999 -9999 -9999 -9999 -9999 -9999 -9999 -9999 -9999 -9999 -9999 -9999 -9999 -9999 -9999 -9999 -9999 -9999 -9999 58.45 56.30 60.96 67.50 73.70 82.41 91.65 89.78 78.64 84.23 85.56 104.45 77.20 93.72 46.10 54.13 43.96 47.24 48.71 43.79 47.08 48.35 45.11 41.63 33.29 47.48 49.10 50.25 58.36 46.65 48.63 45.45 48.93 56.68 59.56 51.73 53.45 57.90 56.14 54.35 -9999 -9999 -9999 -9999 -9999 -9999
-9999 -9999 -9999 -9999 -9999 -9999 -9999 -9999 -9999 -9999 -9999 -9999 -9999 -9999 -9999 -9999 -9999 -9999 -9999 -9999 -9999 -9999 -9999 -9999 -9999 -9999 -9999 -9999 -9999 -9999 51.90 61.77 62.90 72.44 89.77 80.40 86.51 90.22 90.80 82.07 75.21 90.53 103.91 99.21 80.54 61.96 49.69 42.03 44.02 36.89 33.75 42.94 45.57 39.82 37.91 49.44 37.70 41.27 45.22 44.74 43.55 35.13 38.31 48.68 50.00 54.45 55.46 52.09 50.47 52.60 52.67 -9999 -9999 -9999 -9999 -9999
-9999 -9999 -9999 -9999 -9999 -9999 -9999 -9999 -9999 -9999 -9999 -9999 -9999 -9999 -9999 -9999 -9999 -9999 -9999 -9999 -9999 -9999 -9999 -9999 -9999 -9999 -9999 -9999 -9999 -9999 63.50 63.33 60.94 62.02 88.47 87.70 98.03 85.86 85.82 82.47 113.41 104.07 112.17 86.52 72.70 48.57 54.46 43.11 43.22 39.40 37.27 46.19 39.03 35.03 29.82 35.62 36.38 35.25 44.33 44.23 35.96 30.37 41.63 46.06 48.74 53.65 51.53 49.73 49.65 54.96 56.55 -9999 -9999 -9999 -9999 -9999
-9999 -9999 -9999 -9999 -9999 -9999 -9999 -9999 -9999 -9999 -9999 -9999 -9999 -9999 -9999 -9999 -9999 -9999 -9999 -9999 -9999 -9999 -9999 -9999 -9999 -9999 -9999 -9999 -9999 -9999 -9999 57.88 64.57 63.64 72.13 94.66 104.28 102.47 106.18 92.43 81.81 104.09 110.85 83.80 72.78 49.34 47.05 37.79 21.58 39.80 33.72 43.79 45.36 29.34 23.98 24.76 31.28 35.68 39.59 41.57 35.41 32.28 36.21 42.33 46.83 45.39 45.32 -9999 50.02 63.05 55.51 50.58 -9999 -9999 -9999 -9999
-9999 -9999 -9999 -9999 -9999 -9999 -9999 -9999 -9999 -9999 -9999 -9999 -9999 -9999 -9999 -9999 -9999 -9999 -9999 -9999 -9999 -9999 -9999 -9999 -9999 -9999 -9999 -9999 -9999 -9999 71.37 62.41 66.53 73.19 90.14 101.55 123.85 142.06 98.40 102.83 102.36 103.83 101.57 84.94 87.07 72.98 54.28 41.34 37.42 33.53 28.56 31.79 30.70 26.90 21.31 24.30 25.46 31.92 37.98 39.84 36.49 35.89 38.37 39.58 52.50 56.82 50.52 54.20 -9999 63.16 58.29 52.04 45.71 -9999 -9999 -9999
-9999 -9999 -9999 -9999 -9999 -9999 -9999 -9999 -9999 -9999 -9999 -9999 -9999 -9999 -9999 -9999 -9999 -9999 -9999 -9999 -9999 -9999 -9999 -9999 -9999 -9999 -9999 -9999 -9999 -9999 76.47 93.44 77.60 77.32 108.04 128.83 102.25 118.61 89.87 86.75 88.12 62.55 90.16 77.21 88.40 79.95 52.94 41.98 34.54 26.27 33.25 28.03 28.83 24.42 24.65 21.92 18.75 29.00 38.05 43.63 33.06 34.64 38.18 40.90 38.31 50.68 53.54 56.93 64.62 -9999 -9999 -9999 -9999 -9999 -9999 -9999
-9999 -9999 -9999 -9999 -9999 -9999 -9999 -9999 -9999 -9999 -9999 -9999 -9999 -9999 -9999 -9999 -9999 -9999 -9999 -9999 -9999 -9999 -9999 -9999 -9999 -9999 -9999 -9999 -9999 52.49 61.01 66.97 81.64 83.56 82.16 113.31 103.94 102.91 86.59 75.82 77.50 73.25 80.43 98.28 114.20 99.38 72.74 54.29 36.13 25.03 30.48 16.48 29.84 25.84 26.20 27.04 26.67 25.21 37.52 40.75 44.97 39.16 41.56 48.96 51.73 55.88 57.07 64.55 65.09 61.04 63.23 -9999 -9999 -9999 -9999 -9999
-9999 -9999 -9999 -9999 -9999 -9999 -9999 -9999 -9999 -9999 -9999 -9999 -9999 -9999 -9999 -9999 -9999 -9999 -9999 -9999 -9999 -9999 -9999 -9999 -9999 -9999 -9999 -9999 -9999 -9999 60.78 73.09 77.34 79.07 87.83 87.39 86.25 73.85 80.23 78.57 86.49 79.09 80.24 93.64 124.07 120.21 100.27 65.24 39.36 36.70 31.58 34.80 34.29 29.78 31.69 32.17 34.94 33.99 37.66 50.15 53.21 45.60 45.07 45.40 47.66 53.10 58.39 78.45 78.44 62.52 54.42 52.48 52.10 -9999 -9999 -9999
