Rainfall_2007-2011/Rainfall_2010-09_ACTUAL.txt
ncols         180
nrows         290
xllcorner     -200000
yllcorner     -200000
cellsize      5000
NODATA_value  -9999
[rows 204 to 237 of 290, columns 75 to 149 of 180]
92.54 92.77 102.87 122.87 137.17 155.29 158.21 169.95 163.44 168.66 185.41 202.44 181.55 201.16 223.24 249.25 219.11 206.19 202.58 162.94 162.36 176.33 171.21 155.42 140.37 119.54 121.07 95.52 120.89 108.50 126.33 77.40 70.02 68.52 64.60 59.14 41.21 36.65 31.54 44.06 40.41 37.84 34.48 33.00 43.05 35.82 46.94 45.52 39.62 35.17 44.27 48.07 40.33 41.48 39.81 41.91 43.46 41.38 42.37 38.67 39.38 41.94 45.62 44.64 36.69 49.09 51.05 49.54 42.83 48.81 57.94 56.52 45.30 54.89 52.82
-9999 83.38 90.24 125.80 120.03 135.98 159.94 145.08 156.59 179.42 215.44 199.06 182.19 165.24 182.45 206.37 195.88 198.78 233.27 223.54 243.41 298.07 260.31 215.64 177.62 189.39 183.67 130.69 98.40 134.16 103.20 72.76 73.06 70.79 59.67 48.64 35.91 43.99 45.20 46.35 41.90 38.27 45.76 43.11 51.18 50.49 51.52 45.00 41.84 41.58 42.96 38.80 42.51 40.12 38.79 39.21 30.71 37.39 36.82 39.88 41.18 42.87 46.13 42.55 42.72 49.18 47.87 50.38 44.35 47.81 57.25 62.17 58.01 59.07 54.07
-9999 -9999 110.51 128.91 133.29 140.44 142.03 154.43 190.79 225.88 155.00 181.81 195.58 194.76 242.34 224.76 227.79 203.42 248.73 291.00 276.02 293.25 304.99 241.64 241.98 263.36 177.55 168.41 129.54 78.22 78.62 84.19 53.38 48.86 40.33 49.67 49.20 56.20 48.65 40.48 37.91 37.10 39.77 49.02 71.92 46.33 49.50 45.14 44.69 46.10 49.18 47.24 37.45 37.23 36.75 37.80 32.18 36.70 38.26 37.44 43.22 44.02 45.23 49.62 55.02 57.55 56.14 49.24 48.23 52.06 58.41 60.44 56.14 48.66 51.11
-9999 113.01 112.48 108.08 131.22 139.74 156.23 170.52 208.79 208.33 176.93 178.85 194.50 218.54 232.25 195.09 208.77 186.55 215.47 249.77 247.86 214.84 227.27 218.03 231.83 224.21 194.47 146.74 114.83 118.32 115.70 87.09 63.90 51.58 48.75 43.67 63.97 58.22 57.64 39.09 36.44 37.65 52.10 65.33 53.65 52.31 41.30 42.99 46.28 44.21 39.62 38.90 40.27 39.24 41.61 47.06 42.28 48.41 42.89 44.38 45.03 44.28 51.31 55.81 60.51 50.52 55.41 52.07 48.86 48.52 48.56 51.36 51.13 49.62 44.68
104.62 117.58 101.96 100.05 132.22 145.06 194.31 152.00 153.28 161.07 148.08 150.31 155.35 169.35 177.62 192.79 187.33 224.18 222.99 243.54 248.97 217.23 167.81 179.60 179.54 171.50 143.79 155.71 137.95 122.04 144.05 82.23 71.55 55.13 51.39 61.73 74.30 60.82 47.02 31.94 24.99 40.93 45.22 60.31 56.33 46.33 46.52 45.21 46.07 42.81 37.40 34.15 38.66 42.90 54.16 51.16 44.48 40.20 43.33 45.04 47.87 48.61 56.04 61.16 57.79 55.81 54.04 49.94 41.75 50.10 49.94 53.91 47.07 47.31 37.12
-9999 -9999 100.89 121.22 143.02 142.17 138.20 141.67 -9999 -9999 -9999 -9999 139.18 152.52 148.92 139.39 155.83 182.92 192.84 195.04 191.03 196.05 263.77 290.95 234.94 184.35 144.28 160.64 154.59 138.72 106.96 81.13 66.66 60.42 66.50 59.78 64.50 48.19 34.69 33.66 27.90 45.69 47.00 54.96 49.60 44.72 43.15 47.71 45.53 35.39 36.09 39.08 45.00 43.68 48.46 51.04 47.13 40.65 50.42 54.07 57.71 54.26 60.68 57.35 59.09 61.70 49.63 40.82 40.96 42.29 45.49 52.22 48.30 45.54 43.20
-9999 -9999 114.32 133.67 136.42 125.49 137.55 123.06 -9999 -9999 -9999 -9999 -9999 -9999 -9999 136.64 162.58 161.72 154.61 158.31 187.63 252.94 297.46 319.25 299.44 228.83 171.88 169.59 129.20 135.18 129.26 95.82 71.78 84.66 78.15 69.77 49.74 41.64 33.97 39.62 44.00 50.96 51.04 52.47 46.24 39.67 38.65 42.05 39.85 32.17 36.96 47.90 45.54 42.83 40.83 42.48 45.82 47.93 56.44 58.25 67.03 50.36 63.36 55.51 48.70 54.73 48.82 41.84 42.77 42.17 45.21 47.29 55.78 50.16 49.70
-9999 -9999 -9999 -9999 118.78 -9999 -9999 -9999 -9999 -9999 -9999 -9999 -9999 97.73 116.34 132.78 140.56 121.58 125.85 139.58 162.89 211.32 238.99 267.35 245.51 203.42 178.25 180.02 133.60 118.38 104.64 94.29 69.97 75.70 71.77 62.06 49.67 46.58 48.98 40.98 49.92 55.03 52.44 53.01 46.42 40.31 40.96 40.13 40.25 35.35 38.03 34.47 36.15 39.80 38.63 40.37 46.95 45.55 56.65 66.30 60.85 61.01 44.76 45.90 48.49 50.06 47.38 44.27 48.41 47.72 47.11 43.34 43.66 46.16 50.72
-9999 -9999 -9999 -9999 -9999 -9999 -9999 -9999 -9999 -9999 -9999 -9999 -9999 87.25 97.36 110.66 109.54 108.94 -9999 -9999 130.57 202.83 185.41 190.54 175.60 172.86 156.00 153.51 120.12 92.89 89.04 75.65 73.02 57.79 55.53 49.13 46.51 47.46 47.84 47.38 51.73 53.53 47.97 57.46 47.55 47.86 46.10 37.91 38.75 36.72 38.56 41.23 49.08 50.70 45.66 40.65 43.79 50.34 57.38 46.13 61.33 61.00 43.51 49.82 48.14 51.80 40.38 42.76 45.95 46.02 49.85 39.92 38.24 42.60 43.81
-9999 -9999 -9999 -9999 -9999 -9999 -9999 -9999 -9999 -9999 -9999 -9999 -9999 -9999 -9999 -9999 -9999 -9999 -9999 -9999 112.20 133.82 139.60 115.69 127.76 147.02 116.87 124.20 113.74 68.56 68.16 68.68 64.91 55.44 -9999 46.72 39.58 45.22 50.80 52.29 70.44 67.81 46.27 45.59 48.21 46.61 51.27 41.09 43.19 54.06 53.16 49.78 55.62 58.71 49.12 48.69 54.88 51.93 54.10 55.13 54.07 49.72 46.98 45.02 45.06 41.35 41.78 44.16 44.51 45.54 51.02 44.18 42.66 40.56 40.04
-9999 -9999 -9999 -9999 -9999 -9999 -9999 -9999 -9999 -9999 -9999 -9999 -9999 -9999 -9999 -9999 -9999 -9999 -9999 -9999 -9999 96.80 86.81 91.95 102.70 107.15 100.25 96.23 95.74 69.25 -9999 -9999 -9999 -9999 47.51 42.19 44.40 48.82 57.17 55.24 63.01 56.97 51.76 44.02 47.49 51.98 48.17 53.83 61.10 68.15 62.81 61.57 57.23 61.49 59.44 50.08 49.59 46.95 50.23 51.56 46.32 45.08 38.34 40.16 39.09 38.05 38.85 41.41 41.69 43.11 42.65 46.76 39.60 35.45 42.43
-9999 -9999 -9999 -9999 -9999 -9999 -9999 -9999 -9999 -9999 -9999 -9999 -9999 -9999 -9999 -9999 -9999 -9999 -9999 -9999 -9999 -9999 86.27 89.30 93.69 83.70 90.59 87.49 85.05 -9999 -9999 -9999 -9999 37.89 51.78 53.68 50.48 44.91 52.11 57.85 62.34 58.07 49.85 42.27 45.74 50.62 57.55 57.72 61.55 63.68 62.03 59.92 55.90 55.06 55.80 53.60 41.94 47.88 44.15 45.20 42.62 38.90 33.39 40.80 40.41 32.65 33.75 46.57 42.30 43.99 45.65 49.38 49.42 47.00 44.09
-9999 -9999 -9999 -9999 -9999 -9999 -9999 -9999 -9999 -9999 -9999 -9999 -9999 -9999 -9999 -9999 -9999 -9999 -9999 -9999 -9999 -9999 -9999 72.46 73.22 69.98 77.07 77.37 68.90 -9999 -9999 -9999 57.92 53.98 54.82 49.67 56.72 59.74 46.23 57.64 55.28 61.23 57.31 45.22 50.58 65.45 66.67 60.23 66.36 60.16 57.54 52.33 52.73 53.67 62.45 47.94 47.00 43.92 38.94 36.85 38.57 37.75 38.74 47.77 39.65 33.63 35.80 46.71 41.03 40.76 42.91 45.39 51.34 49.61 50.31
-9999 -9999 -9999 -9999 -9999 -9999 -9999 -9999 -9999 -9999 -9999 -9999 -9999 -9999 -9999 -9999 -9999 -9999 -9999 -9999 -9999 -9999 -9999 -9999 -9999 -9999 -9999 -9999 -9999 -9999 -9999 70.55 63.72 60.30 62.10 66.43 65.42 63.95 56.19 58.69 59.18 53.91 60.18 57.24 51.15 56.72 58.62 55.78 71.01 66.58 64.85 59.51 69.90 59.49 54.87 43.92 46.89 42.54 37.10 42.12 39.76 36.54 40.54 48.83 37.38 38.12 38.36 40.56 45.54 43.36 43.94 46.93 52.34 57.92 57.72
-9999 -9999 -9999 -9999 -9999 -9999 -9999 -9999 -9999 -9999 -9999 -9999 -9999 -9999 -9999 -9999 -9999 -9999 -9999 -9999 -9999 -9999 -9999 -9999 -9999 -9999 -9999 -9999 -9999 -9999 -9999 54.91 63.84 61.82 84.33 79.68 63.32 62.88 62.17 62.39 63.13 52.71 55.09 52.28 54.96 50.01 49.00 61.48 81.38 67.99 75.50 68.72 71.91 73.51 56.45 48.51 46.45 42.99 38.73 39.07 41.86 43.51 43.19 44.08 43.29 39.77 45.25 42.93 45.27 48.88 50.21 60.16 58.74 68.90 62.07
-9999 -9999 -9999 -9999 -9999 -9999 -9999 -9999 -9999 -9999 -9999 -9999 -9999 -9999 -9999 -9999 -9999 -9999 -9999 -9999 -9999 -9999 -9999 -9999 -9999 -9999 -9999 -9999 -9999 -9999 -9999 39.10 48.93 54.04 66.51 72.64 72.98 69.33 66.94 69.28 65.60 66.39 62.85 65.19 62.95 60.70 58.04 55.00 59.73 59.70 65.00 70.61 75.91 68.05 57.53 54.84 46.51 45.66 38.90 41.82 48.22 46.66 47.22 42.38 48.99 55.61 52.70 55.27 52.96 53.28 66.73 58.02 61.81 68.16 66.27
-9999 -9999 -9999 -9999 -9999 -9999 -9999 -9999 -9999 -9999 -9999 -9999 -9999 -9999 90.64 119.12 102.24 121.04 107.67 112.75 109.70 111.08 67.61 98.34 61.81 -9999 -9999 -9999 -9999 -9999 -9999 39.64 44.82 41.10 44.35 56.66 64.02 82.42 88.21 69.17 61.82 75.19 79.09 71.10 64.08 50.94 52.88 52.00 54.08 61.11 61.91 62.71 64.40 63.26 58.29 59.18 55.40 59.50 52.63 55.23 55.71 47.70 41.61 46.59 52.04 56.99 54.59 57.44 54.78 50.64 59.59 51.48 55.39 50.84 47.66
-9999 -9999 -9999 -9999 -9999 -9999 -9999 -9999 -9999 -9999 -9999 -9999 -9999 -9999 106.02 122.87 126.94 101.88 131.22 171.09 122.34 155.06 91.79 85.12 70.03 67.90 59.42 58.96 53.49 45.63 36.18 40.24 41.90 37.23 43.64 56.62 62.82 77.03 75.76 73.67 70.23 85.04 69.87 61.68 59.68 57.67 47.46 52.13 56.64 59.43 72.19 66.68 62.40 53.62 45.45 56.54 59.81 60.75 58.31 57.31 60.49 56.13 45.59 47.41 49.50 48.53 64.34 57.74 56.01 56.05 49.22 48.77 48.99 43.93 47.88
-9999 -9999 -9999 -9999 -9999 -9999 -9999 -9999 -9999 -9999 -9999 -9999 -9999 53.24 57.79 89.57 99.73 101.04 134.44 167.31 161.44 145.69 132.12 110.42 88.94 79.32 80.53 65.72 64.20 46.03 40.14 37.69 39.07 41.81 44.87 54.31 67.70 70.16 74.46 85.59 101.82 80.44 71.81 66.21 57.56 55.22 54.70 56.47 57.73 56.22 73.22 71.86 56.59 57.33 53.15 46.06 46.65 61.50 57.79 54.35 53.46 45.38 55.05 49.56 50.68 47.38 50.09 54.73 55.14 54.88 54.02 54.30 50.96 51.53 43.35
-9999 -9999 -9999 -9999 -9999 -9999 -9999 -9999 -9999 -9999 -9999 -9999 -9999 -9999 67.95 75.06 74.14 86.77 110.85 128.56 141.03 143.15 125.85 95.17 99.75 100.84 79.30 64.82 53.19 52.90 42.24 36.89 34.94 38.59 49.59 54.33 56.05 56.38 68.71 75.76 83.13 74.40 70.27 59.79 49.19 51.66 69.47 65.49 62.43 67.88 67.45 60.86 57.23 53.83 54.83 52.63 40.91 44.58 51.63 52.74 44.78 54.52 58.10 51.29 48.33 44.06 46.24 49.83 46.19 57.01 56.93 58.09 62.40 61.27 50.11
-9999 -9999 -9999 -9999 -9999 -9999 -9999 -9999 -9999 -9999 89.28 -9999 -9999 71.57 69.30 73.09 70.70 93.66 102.25 99.83 109.25 113.00 116.01 102.99 106.08 86.14 70.17 59.95 42.59 48.57 37.04 36.67 40.82 53.97 53.69 51.61 53.56 54.52 63.39 57.74 61.42 55.98 60.52 58.08 59.45 68.19 70.23 64.28 65.42 65.37 61.11 57.30 59.59 53.03 53.95 52.58 44.46 54.16 57.30 63.47 53.82 52.92 53.27 47.40 46.30 46.61 47.26 49.46 49.49 49.18 47.93 51.62 54.69 50.09 40.49
-9999 -9999 -9999 -9999 -9999 -9999 -9999 -9999 -9999 99.97 117.30 119.58 98.07 79.36 84.47 89.67 81.74 80.93 89.46 87.79 106.68 107.81 109.68 101.13 88.32 80.56 63.24 55.74 45.46 55.44 54.95 53.92 46.98 50.81 51.75 57.18 54.25 60.24 59.47 54.78 49.86 59.41 60.96 62.21 64.31 81.54 73.70 64.34 64.24 66.78 62.02 59.28 44.23 53.58 50.78 52.30 52.31 57.30 57.86 57.34 54.36 51.01 44.39 47.84 47.59 47.28 46.22 44.37 46.39 44.73 42.89 39.34 43.33 40.29 40.27
-9999 -9999 -9999 -9999 -9999 -9999 -9999 -9999 -9999 102.70 106.56 120.44 104.88 89.72 90.89 85.06 88.16 92.14 92.98 86.78 91.64 91.76 104.11 98.74 82.93 80.35 72.29 81.81 83.08 68.38 61.55 49.38 42.27 57.71 61.99 64.20 61.82 66.48 60.25 59.49 53.34 55.62 60.79 79.73 63.29 69.44 73.21 64.48 62.73 71.56 66.43 53.36 50.71 54.78 47.07 46.33 53.52 59.96 60.69 59.75 57.29 66.59 53.28 55.20 53.42 54.06 50.53 46.84 44.34 43.64 45.10 51.66 39.56 42.80 40.48
-9999 -9999 -9999 -9999 -9999 -9999 -9999 -9999 -9999 101.32 108.37 117.58 111.65 96.02 90.62 90.73 93.34 98.71 88.14 83.20 93.13 88.85 89.77 78.55 66.92 66.14 78.04 104.65 94.27 96.92 81.99 71.31 61.51 63.57 69.05 70.24 66.97 61.82 61.42 58.23 61.11 64.18 87.32 76.13 74.45 70.31 66.55 67.97 66.17 63.46 58.81 50.77 42.70 48.83 47.50 50.69 51.78 57.36 60.57 62.25 68.08 64.77 53.29 53.93 64.36 49.85 60.65 55.06 51.57 45.07 52.54 47.33 46.10 37.40 38.80
-9999 -9999 -9999 -9999 -9999 -9999 -9999 -9999 -9999 95.10 106.32 94.24 88.97 93.59 96.77 89.55 81.77 94.53 89.16 87.76 87.32 84.02 71.01 58.25 68.20 63.29 81.74 88.21 95.07 103.42 94.91 85.54 91.80 86.37 85.80 83.86 92.70 78.79 74.17 66.79 72.40 85.36 76.11 79.61 75.94 65.22 60.67 63.21 64.91 60.34 56.33 52.13 47.88 46.58 52.24 50.65 49.83 62.94 48.11 60.94 53.67 56.11 47.98 47.90 49.14 45.43 47.24 47.37 49.99 44.25 38.47 38.16 44.89 38.06 33.50
-9999 -9999 -9999 -9999 -9999 -9999 -9999 -9999 -9999 91.41 97.36 100.81 96.43 100.13 95.71 88.65 83.35 82.92 83.28 68.98 71.15 67.38 67.80 65.18 68.72 82.90 83.84 83.59 91.96 121.83 94.27 85.27 104.96 124.09 109.58 127.38 106.76 98.14 100.18 90.71 85.14 87.77 75.87 70.57 69.15 64.53 58.40 60.44 57.38 58.56 53.10 48.37 56.97 48.78 44.64 42.72 44.36 45.72 45.57 49.69 48.95 47.21 50.25 49.59 46.69 40.20 36.46 37.79 36.66 -9999 -9999 32.07 36.99 38.80 35.15
-9999 -9999 -9999 -9999 -9999 -9999 -9999 -9999 94.10 77.48 96.45 91.20 98.47 101.45 104.23 97.49 99.73 82.55 77.14 71.60 68.39 61.20 75.72 62.67 76.90 81.20 81.10 87.35 101.47 108.18 86.91 95.77 107.59 90.51 102.66 98.48 96.45 106.46 96.15 89.86 99.72 91.78 75.58 72.81 70.05 63.15 57.89 58.86 53.14 53.84 50.95 43.87 47.29 43.39 43.71 -9999 -9999 42.06 46.47 46.52 44.83 42.55 45.78 44.52 -9999 -9999 -9999 -9999 -9999 -9999 -9999 -9999 -9999 -9999 32.29
-9999 -9999 -9999 -9999 -9999 -9999 -9999 109.24 90.80 97.95 100.08 93.87 97.95 94.23 111.93 109.30 123.43 100.88 99.22 80.33 73.50 78.46 77.09 78.12 75.07 93.68 74.27 97.46 103.35 100.78 75.35 84.27 76.08 66.39 76.20 87.53 95.12 93.36 85.53 86.62 81.78 79.65 67.29 58.96 58.21 56.04 59.63 45.74 46.11 42.63 48.65 48.01 -9999 43.21 46.09 42.81 40.36 38.63 -9999 -9999 -9999 -9999 38.42 -9999 -9999 -9999 -9999 -9999 -9999 -9999 -9999 -9999 -9999 -9999 -9999
-9999 -9999 -9999 -9999 -9999 -9999 97.56 111.85 110.48 114.57 94.40 87.17 89.26 90.37 97.31 145.28 177.09 165.98 117.31 93.21 111.22 84.07 92.99 70.20 67.78 86.96 67.05 71.48 70.35 66.75 -9999 -9999 -9999 -9999 -9999 68.89 84.10 89.71 79.32 75.37 68.04 60.63 68.20 53.36 52.63 52.94 -9999 -9999 -9999 -9999 -9999 44.96 45.87 46.87 50.52 44.75 43.08 35.38 -9999 -9999 -9999 -9999 -9999 -9999 -9999 -9999 -9999 -9999 -9999 -9999 -9999 -9999 -9999 -9999 -9999
-9999 -9999 -9999 -9999 -9999 86.40 116.22 122.92 124.86 126.21 111.27 101.52 89.97 110.76 129.99 152.95 202.29 224.26 175.79 132.04 116.23 123.50 86.43 79.83 69.83 57.46 69.50 -9999 -9999 -9999 -9999 -9999 -9999 -9999 -9999 -9999 61.78 77.06 72.43 66.93 72.28 73.94 65.87 66.80 63.94 57.17 -9999 -9999 -9999 -9999 -9999 -9999 -9999 36.78 50.62 39.03 46.18 -9999 -9999 -9999 -9999 -9999 -9999 -9999 -9999 -9999 -9999 -9999 -9999 -9999 -9999 -9999 -9999 -9999 -9999
-9999 -9999 83.51 76.92 80.43 81.73 117.18 114.89 133.95 151.09 129.18 115.96 108.36 134.81 166.12 164.28 209.39 194.87 143.79 146.31 139.31 82.80 89.52 102.10 72.06 -9999 -9999 -9999 -9999 -9999 -9999 -9999 -9999 -9999 -9999 -9999 -9999 -9999 57.64 -9999 -9999 -9999 -9999 56.09 57.10 57.43 -9999 -9999 -9999 -9999 -9999 -9999 -9999 -9999 40.33 44.00 36.56 -9999 -9999 -9999 -9999 -9999 -9999 -9999 -9999 -9999 -9999 -9999 -9999 -9999 -9999 -9999 -9999 -9999 -9999
-9999 -9999 88.08 82.63 84.85 96.16 112.62 136.94 128.90 135.00 151.13 132.54 137.46 144.99 138.73 158.84 220.16 222.26 169.16 147.98 115.99 75.58 68.43 61.08 -9999 -9999 -9999 -9999 -9999 -9999 -9999 -9999 -9999 -9999 -9999 -9999 -9999 -9999 56.34 -9999 -9999 -9999 -9999 -9999 -9999 -9999 -9999 -9999 -9999 -9999 -9999 -9999 -9999 -9999 -9999 -9999 -9999 -9999 -9999 -9999 -9999 -9999 -9999 -9999 -9999 -9999 -9999 -9999 -9999 -9999 -9999 -9999 -9999 -9999 -9999
-9999 -9999 88.73 91.84 97.57 109.10 125.61 135.23 126.48 140.00 142.85 133.90 159.12 150.12 134.25 163.68 205.13 229.72 235.31 147.38 117.82 88.89 75.76 73.35 -9999 -9999 -9999 -9999 -9999 -9999 -9999 -9999 -9999 -9999 -9999 -9999 -9999 -9999 -9999 -9999 -9999 -9999 -9999 -9999 -9999 -9999 -9999 -9999 -9999 -9999 -9999 -9999 -9999 -9999 -9999 -9999 -9999 -9999 -9999 -9999 -9999 -9999 -9999 -9999 -9999 -9999 -9999 -9999 -9999 -9999 -9999 -9999 -9999 -9999 -9999
-9999 77.22 83.27 91.47 109.15 123.10 137.58 140.13 137.58 161.84 140.69 131.51 154.39 144.75 137.12 152.57 184.17 203.09 206.05 153.06 105.99 86.04 71.42 46.89 -9999 -9999 -9999 -9999 -9999 -9999 -9999 -9999 -9999 -9999 -9999 -9999 -9999 -9999 -9999 -9999 -9999 -9999 -9999 -9999 -9999 -9999 -9999 -9999 -9999 -9999 -9999 -9999 -9999 -9999 -9999 -9999 -9999 -9999 -9999 -9999 -9999 -9999 -9999 -9999 -9999 -9999 -9999 -9999 -9999 -9999 -9999 -9999 -9999 -9999 -9999
