Rainfall_2007-2011/Rainfall_2010-11_ACTUAL.txt
ncols         180
nrows         290
xllcorner     -200000
yllcorner     -200000
cellsize      5000
NODATA_value  -9999
[rows 198 to 230 of 290, columns 75 to 149 of 180]
-9999 -9999 -9999 -9999 -9999 -9999 -9999 -9999 -9999 -9999 -9999 -9999 142.96 137.16 109.44 91.17 103.83 123.00 119.80 145.63 161.35 189.17 166.86 139.63 108.17 64.84 93.60 74.90 99.41 87.30 61.49 43.67 41.99 42.64 47.61 48.67 52.67 43.03 47.35 47.68 54.12 54.46 49.07 45.44 43.51 41.93 42.79 43.87 45.71 37.99 35.07 37.76 43.13 44.12 43.84 43.03 37.98 38.01 37.56 38.16 46.91 42.48 39.30 40.17 31.78 32.25 30.95 30.36 27.08 28.04 30.42 25.59 24.83 26.00 25.06
-9999 -9999 -9999 -9999 -9999 -9999 -9999 -9999 122.28 95.36 116.31 154.98 163.45 171.39 135.22 127.04 132.93 118.43 147.66 150.62 168.48 170.56 151.75 128.86 106.44 83.98 91.67 73.69 84.62 76.65 64.11 46.11 44.43 46.12 55.39 43.88 53.31 50.81 47.42 44.32 54.93 48.18 46.50 42.52 39.67 43.11 40.48 41.00 40.11 39.42 38.71 41.92 40.03 43.59 39.88 40.52 39.62 39.30 38.97 37.79 48.43 42.31 40.84 39.95 35.48 27.93 27.90 31.59 31.82 31.23 28.85 27.65 25.37 25.29 27.84
-9999 -9999 -9999 -9999 -9999 -9999 -9999 159.32 144.65 150.24 148.54 140.06 151.59 160.38 141.80 126.14 127.40 138.01 143.23 165.33 144.85 162.27 132.94 120.47 130.99 103.76 78.02 100.20 77.84 63.94 51.26 48.20 45.76 54.41 47.41 46.00 47.42 51.21 53.10 62.77 63.53 52.42 44.37 39.41 37.95 39.64 40.19 37.95 37.31 36.09 41.81 42.95 50.41 41.93 38.05 39.54 39.75 38.42 36.08 32.85 37.05 40.37 38.62 35.58 28.42 23.92 25.85 30.83 31.96 30.04 29.87 26.33 27.41 26.79 30.94
-9999 -9999 -9999 -9999 -9999 -9999 160.75 164.77 144.10 143.30 143.23 150.85 142.37 157.33 142.87 136.20 161.34 132.92 123.66 161.54 128.58 138.39 164.67 148.53 130.55 118.88 92.45 85.12 76.47 63.52 81.43 69.49 48.97 44.42 42.22 43.29 47.57 48.87 57.04 59.71 62.50 49.53 44.01 35.27 37.70 40.52 41.90 39.51 49.72 44.30 45.90 49.94 48.30 44.86 42.99 42.20 41.95 39.72 38.66 36.11 33.10 33.57 36.87 34.05 31.81 25.05 30.30 29.15 27.75 30.85 36.76 30.93 31.73 27.99 26.83
-9999 -9999 119.70 151.92 170.81 208.04 192.69 189.68 182.55 162.28 153.77 171.41 167.94 156.55 159.75 166.56 153.62 138.57 129.02 137.77 124.95 124.70 152.28 122.73 105.80 82.77 100.59 81.84 57.51 80.78 87.32 75.24 71.10 55.54 53.05 43.04 34.79 61.98 52.58 64.51 49.51 40.94 31.40 31.42 47.67 43.17 44.22 53.18 47.42 47.93 48.59 52.98 48.00 48.08 45.44 48.92 41.37 37.61 35.64 31.84 31.63 33.51 35.22 35.01 33.84 34.53 29.08 28.62 28.38 33.27 36.33 39.97 34.30 34.24 32.28
-9999 140.26 167.03 176.41 191.52 245.83 245.81 245.15 191.13 176.69 184.28 205.01 183.51 169.60 178.45 168.57 146.29 149.07 129.90 122.23 122.64 134.31 153.63 106.80 97.13 90.81 102.19 95.90 91.97 131.68 100.83 79.06 58.08 58.80 48.75 54.50 44.81 53.59 52.38 49.41 40.54 35.54 26.58 28.86 43.62 50.12 64.20 58.47 58.93 53.47 48.36 62.03 55.02 56.86 48.17 43.75 42.84 40.40 34.45 31.37 35.97 38.92 34.59 39.84 37.22 32.77 32.06 33.16 37.56 36.40 42.07 38.29 34.54 36.39 36.83
147.35 146.97 166.05 169.86 176.46 204.05 210.15 201.73 185.21 182.29 171.88 178.54 155.43 159.09 175.48 173.68 145.06 140.98 125.80 130.78 151.31 145.58 169.26 138.85 123.37 102.10 113.42 88.61 110.28 99.96 113.10 82.46 72.33 65.04 56.17 54.46 58.02 61.08 59.58 51.74 36.30 35.64 35.79 41.05 47.26 60.56 69.33 67.25 60.93 58.53 60.90 60.07 55.87 51.12 46.20 43.86 40.60 38.24 37.59 34.55 36.78 39.08 38.93 38.71 38.00 36.79 36.76 41.34 41.18 37.84 44.10 41.65 35.72 39.65 39.11
-9999 138.24 141.01 160.24 163.91 174.31 176.64 171.10 166.64 153.38 163.51 152.35 147.43 131.58 142.95 156.67 142.53 145.82 162.55 168.27 202.30 242.21 185.51 180.03 169.69 176.49 188.65 148.66 101.31 127.39 106.66 87.65 82.00 78.18 65.04 60.51 66.09 65.68 54.95 48.04 36.35 32.64 33.55 48.25 56.74 72.04 76.60 65.68 60.54 60.10 56.78 54.92 54.92 45.85 43.31 40.72 34.73 31.86 32.44 34.15 35.78 35.27 36.93 37.25 38.68 40.45 38.41 39.96 39.01 37.95 38.71 38.34 37.79 42.45 40.18
-9999 -9999 146.01 146.28 154.72 162.57 160.49 150.86 157.34 159.60 151.66 145.14 145.09 134.11 166.71 178.93 169.89 154.58 178.91 192.57 214.69 226.84 236.19 204.31 214.86 247.64 177.77 168.20 140.17 96.04 115.94 107.39 65.62 66.76 65.94 83.89 71.05 66.84 54.49 47.11 41.19 40.27 45.98 55.55 79.95 77.39 76.05 63.47 62.68 70.30 58.99 61.28 43.69 38.75 36.21 36.64 34.15 35.30 34.67 32.89 31.19 31.66 35.11 41.97 47.00 49.27 49.16 42.55 44.07 40.17 39.03 33.41 33.65 41.84 39.84
-9999 115.43 123.80 119.98 151.67 144.31 146.33 151.92 160.61 147.75 144.91 143.07 142.03 139.39 150.29 152.69 166.43 155.56 166.27 181.78 199.72 171.92 183.29 186.75 197.44 187.76 183.18 157.27 120.13 132.48 145.13 101.78 74.51 71.78 93.06 92.97 75.76 59.85 51.79 45.42 49.82 54.90 68.46 71.56 66.65 69.66 57.27 58.58 62.37 62.51 51.65 49.71 44.66 39.40 36.92 38.07 38.12 42.35 40.01 38.49 31.94 31.29 45.37 49.73 53.44 49.62 50.49 45.70 42.47 42.95 41.21 34.46 37.98 40.73 38.43
89.50 92.66 116.89 124.84 140.80 139.05 130.08 143.87 133.85 125.08 122.04 122.29 127.61 123.65 139.06 166.81 159.88 185.81 192.28 202.37 214.43 208.23 162.19 185.06 169.49 146.66 159.03 157.91 120.02 113.83 152.68 104.94 95.94 72.28 78.83 85.32 75.18 69.60 57.19 47.34 49.35 59.32 60.09 69.17 67.34 61.54 61.86 56.65 57.47 55.64 48.84 46.32 43.80 40.65 44.42 38.39 39.09 35.42 38.55 39.49 40.71 43.95 51.90 56.89 54.21 54.42 51.27 48.30 49.43 44.26 46.55 43.86 40.92 42.25 46.71
-9999 -9999 111.62 131.18 146.68 141.10 145.30 140.15 -9999 -9999 -9999 -9999 114.92 121.49 143.62 147.60 148.35 164.12 176.74 193.03 194.27 211.57 259.59 268.75 218.45 176.79 152.20 154.69 141.16 131.73 135.48 110.10 99.11 77.96 83.01 74.52 78.28 56.94 44.12 45.76 50.34 66.38 58.22 70.13 67.91 62.23 54.87 57.35 54.54 50.17 47.74 44.94 45.68 42.83 42.53 38.77 39.78 38.21 40.12 46.79 48.54 44.51 52.36 54.99 58.95 59.13 49.06 46.29 45.68 54.48 48.96 45.77 40.45 39.85 44.77
-9999 -9999 117.39 134.19 141.03 129.88 141.82 116.46 -9999 -9999 -9999 -9999 -9999 -9999 -9999 137.53 164.35 160.16 154.69 161.08 188.17 250.96 281.80 286.48 258.34 213.04 168.63 156.53 124.26 138.34 153.56 108.38 86.01 88.96 86.25 83.61 61.76 51.70 44.21 48.91 59.20 70.13 63.17 64.82 55.54 48.66 46.93 51.67 50.12 48.79 47.07 44.62 48.27 48.03 44.79 41.92 42.18 46.48 48.66 52.04 55.75 58.30 56.69 56.65 58.19 54.82 46.05 44.26 45.30 41.15 43.84 41.03 39.30 44.48 34.45
-9999 -9999 -9999 -9999 125.72 -9999 -9999 -9999 -9999 -9999 -9999 -9999 -9999 108.45 124.76 142.90 151.74 130.84 133.11 137.78 155.84 210.96 237.46 258.18 233.69 190.85 157.88 163.61 132.42 132.88 121.10 93.67 61.05 78.03 76.11 75.63 60.83 53.74 56.41 47.70 66.78 73.62 63.53 64.25 56.62 49.61 49.75 49.07 50.23 45.82 48.02 46.44 48.51 51.52 47.40 46.22 43.94 47.97 57.14 59.26 54.75 60.28 49.80 52.53 51.33 45.78 38.42 43.09 44.84 42.71 41.34 37.57 37.90 41.57 42.75
-9999 -9999 -9999 -9999 -9999 -9999 -9999 -9999 -9999 -9999 -9999 -9999 -9999 96.07 109.71 131.46 135.23 134.40 -9999 -9999 122.49 170.29 188.15 198.79 186.77 192.29 175.34 173.43 143.36 121.17 111.97 91.34 70.14 64.51 52.12 60.15 57.27 53.79 56.53 59.26 65.24 70.69 71.81 71.20 59.76 57.45 53.75 50.97 51.53 47.72 47.11 48.84 66.85 77.85 62.57 49.23 47.15 49.64 52.52 50.88 50.55 51.80 46.50 49.17 43.57 36.75 34.56 36.83 35.18 35.14 38.59 34.49 33.81 37.51 40.33
-9999 -9999 -9999 -9999 -9999 -9999 -9999 -9999 -9999 -9999 -9999 -9999 -9999 -9999 -9999 -9999 -9999 -9999 -9999 -9999 114.72 125.29 144.70 136.92 141.84 164.53 151.26 156.81 144.60 111.38 95.86 82.36 77.48 66.25 -9999 61.70 56.40 59.19 55.08 65.80 75.76 69.73 73.97 65.09 57.00 53.26 64.11 54.91 60.58 59.44 50.42 48.40 71.71 80.04 73.84 59.51 59.68 56.09 56.66 52.57 47.68 45.70 44.49 37.82 36.54 29.22 32.82 34.88 37.51 38.06 44.94 39.10 37.72 36.46 38.36
-9999 -9999 -9999 -9999 -9999 -9999 -9999 -9999 -9999 -9999 -9999 -9999 -9999 -9999 -9999 -9999 -9999 -9999 -9999 -9999 -9999 107.16 106.39 112.56 122.93 124.45 124.65 127.37 102.85 95.91 -9999 -9999 -9999 -9999 70.01 64.43 66.55 65.68 63.48 72.62 78.23 68.68 64.97 51.75 54.35 55.99 58.94 65.06 61.56 64.59 58.52 62.59 68.80 71.09 65.34 58.53 58.88 52.51 53.24 49.04 40.41 41.62 40.05 34.68 34.60 37.51 32.42 37.78 35.44 38.35 42.11 41.38 34.30 38.43 39.98
-9999 -9999 -9999 -9999 -9999 -9999 -9999 -9999 -9999 -9999 -9999 -9999 -9999 -9999 -9999 -9999 -9999 -9999 -9999 -9999 -9999 -9999 105.62 110.64 109.02 105.70 110.79 110.96 104.66 -9999 -9999 -9999 -9999 74.15 88.50 83.10 80.52 81.23 72.00 85.45 79.54 75.11 63.01 57.92 59.73 59.50 66.32 70.81 66.30 64.28 60.71 67.15 66.89 65.59 64.50 63.15 55.26 57.85 50.04 44.13 43.98 43.97 43.94 43.09 41.49 45.45 42.09 37.52 37.04 41.17 42.03 43.06 40.09 43.69 39.70
-9999 -9999 -9999 -9999 -9999 -9999 -9999 -9999 -9999 -9999 -9999 -9999 -9999 -9999 -9999 -9999 -9999 -9999 -9999 -9999 -9999 -9999 -9999 91.14 78.76 91.69 91.87 95.25 89.50 -9999 -9999 -9999 72.79 74.15 77.02 72.88 77.44 84.09 69.06 73.47 68.97 77.03 67.86 60.72 65.74 68.44 69.73 69.35 72.84 65.95 64.36 67.57 66.99 67.86 73.38 65.88 63.89 60.19 59.73 49.76 47.76 48.08 48.88 50.84 47.82 43.95 37.32 34.87 38.31 41.60 41.15 43.36 46.83 47.00 51.71
-9999 -9999 -9999 -9999 -9999 -9999 -9999 -9999 -9999 -9999 -9999 -9999 -9999 -9999 -9999 -9999 -9999 -9999 -9999 -9999 -9999 -9999 -9999 -9999 -9999 -9999 -9999 -9999 -9999 -9999 -9999 89.60 81.20 76.35 74.09 82.38 97.52 87.38 84.97 73.68 72.09 68.39 59.91 54.95 55.91 58.09 62.56 69.94 69.66 69.06 68.63 66.17 73.37 74.37 77.74 75.98 71.29 69.77 65.60 57.85 52.55 48.74 50.96 52.21 42.18 43.32 40.22 43.32 47.88 48.12 51.27 50.24 54.87 58.86 60.87
-9999 -9999 -9999 -9999 -9999 -9999 -9999 -9999 -9999 -9999 -9999 -9999 -9999 -9999 -9999 -9999 -9999 -9999 -9999 -9999 -9999 -9999 -9999 -9999 -9999 -9999 -9999 -9999 -9999 -9999 -9999 69.82 76.88 73.52 105.20 104.76 86.73 94.63 95.57 75.86 74.50 64.25 59.22 56.40 54.70 55.03 65.75 66.77 78.75 70.98 77.16 67.22 65.92 78.56 75.96 75.43 68.73 61.47 57.14 57.20 58.82 55.26 52.56 50.99 46.45 46.13 38.95 52.75 58.35 56.88 62.64 65.04 60.72 66.61 65.52
-9999 -9999 -9999 -9999 -9999 -9999 -9999 -9999 -9999 -9999 -9999 -9999 -9999 -9999 -9999 -9999 -9999 -9999 -9999 -9999 -9999 -9999 -9999 -9999 -9999 -9999 -9999 -9999 -9999 -9999 -9999 52.06 59.56 62.01 84.44 106.36 98.67 103.94 93.52 85.50 77.25 70.89 64.31 72.50 64.65 61.01 68.75 65.22 64.70 61.66 68.25 69.44 67.11 69.68 73.58 67.93 67.31 65.92 63.27 67.24 69.71 64.92 63.04 45.63 53.02 55.50 56.18 68.28 69.40 62.77 57.24 63.02 64.36 63.10 80.35
-9999 -9999 -9999 -9999 -9999 -9999 -9999 -9999 -9999 -9999 -9999 -9999 -9999 -9999 115.70 131.67 119.75 158.83 160.06 186.94 171.46 169.79 122.39 130.17 93.41 -9999 -9999 -9999 -9999 -9999 -9999 52.79 52.61 58.40 71.67 76.86 86.53 96.84 94.50 81.61 75.23 77.35 71.78 75.85 64.32 62.93 66.29 59.54 58.49 55.24 61.61 63.34 56.99 69.59 67.09 74.13 76.45 83.12 85.37 86.60 82.28 78.56 69.39 68.67 61.82 63.30 66.87 66.72 67.36 62.14 61.90 60.67 76.83 64.68 65.23
-9999 -9999 -9999 -9999 -9999 -9999 -9999 -9999 -9999 -9999 -9999 -9999 -9999 -9999 139.66 148.86 164.87 141.37 201.59 289.65 196.65 241.85 151.59 131.11 111.12 88.89 77.01 79.86 76.31 66.42 58.28 56.21 43.73 57.30 65.20 70.56 69.29 72.38 81.94 82.51 80.74 99.17 92.42 79.78 78.50 79.27 71.67 62.23 66.48 62.42 68.55 69.82 72.02 63.39 72.94 79.11 81.08 80.29 83.72 86.19 85.03 82.77 75.83 72.97 70.69 67.88 86.77 74.56 71.06 70.93 68.59 70.24 68.95 74.51 77.35
-9999 -9999 -9999 -9999 -9999 -9999 -9999 -9999 -9999 -9999 -9999 -9999 -9999 93.58 117.96 128.93 140.06 148.40 189.71 231.94 249.94 233.91 207.31 169.17 134.65 104.38 103.81 86.79 93.85 68.42 57.28 51.66 50.82 56.15 58.85 59.24 67.97 71.90 76.43 81.67 98.66 94.21 104.13 102.41 97.07 83.80 76.95 74.10 70.46 67.60 70.39 72.98 71.58 74.55 75.05 72.81 74.09 85.98 94.01 86.37 89.09 95.15 97.61 84.77 85.08 72.75 75.97 79.92 74.47 70.93 72.43 74.81 77.66 83.20 75.62
-9999 -9999 -9999 -9999 -9999 -9999 -9999 -9999 -9999 -9999 -9999 -9999 -9999 -9999 114.73 123.35 110.88 115.51 145.96 167.04 195.63 204.33 191.96 155.37 152.58 139.16 119.81 104.05 89.11 78.52 69.23 58.39 59.24 55.42 58.67 49.59 61.66 64.82 77.19 87.85 97.31 88.98 105.84 116.85 100.27 93.16 95.74 88.71 77.55 78.19 79.88 77.19 79.96 82.07 76.81 68.71 80.26 89.90 105.91 99.99 81.41 97.11 105.40 96.55 90.05 77.98 82.22 74.26 84.26 79.68 83.22 83.78 85.78 84.25 85.96
-9999 -9999 -9999 -9999 -9999 -9999 -9999 -9999 -9999 -9999 114.20 -9999 -9999 109.25 108.68 139.16 112.06 109.47 124.30 132.21 145.55 158.94 172.89 152.38 132.52 131.21 121.45 98.97 90.78 77.05 74.80 63.74 60.11 74.96 66.17 61.51 60.64 67.43 82.83 78.57 92.47 84.24 99.04 103.38 114.81 113.73 100.68 88.14 82.50 83.38 85.34 93.16 96.72 86.37 85.52 96.27 92.39 105.12 103.55 112.49 91.19 101.37 107.22 94.75 94.89 91.45 81.40 78.99 81.33 80.61 81.51 82.17 86.31 85.54 83.23
-9999 -9999 -9999 -9999 -9999 -9999 -9999 -9999 -9999 116.41 117.57 138.93 155.46 128.81 134.38 138.18 117.11 91.92 105.80 108.64 118.69 122.78 142.80 124.63 116.63 110.66 100.15 102.93 94.50 90.24 84.75 78.08 67.90 67.70 71.27 71.03 67.16 77.42 79.44 79.97 81.69 96.47 112.78 101.99 112.94 121.24 103.35 96.37 92.04 92.21 94.36 98.40 97.94 91.64 81.85 101.31 101.51 106.57 96.10 89.66 99.10 101.75 117.52 118.54 114.25 101.25 95.28 84.72 83.73 80.60 83.90 96.44 90.01 87.88 89.90
-9999 -9999 -9999 -9999 -9999 -9999 -9999 -9999 -9999 116.14 117.34 135.84 146.12 138.74 145.09 121.70 115.98 122.38 118.14 101.83 105.89 113.86 128.98 115.69 109.23 105.07 97.41 104.05 135.38 120.72 97.78 84.84 79.04 87.00 87.51 86.63 82.50 94.22 79.02 91.95 89.98 99.00 108.34 113.61 105.87 103.02 100.86 97.49 96.47 106.58 102.05 91.52 87.67 88.86 103.38 104.33 102.04 107.12 112.13 111.14 111.49 126.11 118.65 126.45 124.60 100.75 102.73 97.59 87.91 86.29 96.27 98.79 89.84 93.74 81.92
-9999 -9999 -9999 -9999 -9999 -9999 -9999 -9999 -9999 105.46 121.64 142.72 153.19 131.32 111.67 118.12 115.69 117.95 110.48 103.17 110.08 99.18 117.88 120.32 99.69 90.93 93.65 123.17 136.56 127.22 122.23 102.01 97.18 111.99 98.96 101.56 94.92 108.07 102.98 110.98 101.74 104.99 121.35 111.90 110.92 114.61 104.13 104.46 100.92 100.19 102.64 97.05 83.88 86.66 77.19 92.27 102.39 104.13 113.64 120.99 122.63 123.81 121.98 133.76 148.04 109.30 131.24 113.21 85.69 87.26 110.69 108.13 109.32 85.49 79.56
-9999 -9999 -9999 -9999 -9999 -9999 -9999 -9999 -9999 108.65 130.45 145.33 140.91 126.12 118.14 112.60 100.28 112.93 105.54 99.28 104.89 102.44 91.78 91.09 95.67 70.71 96.81 133.68 132.49 141.06 138.31 132.07 133.77 113.22 107.02 105.27 97.90 104.91 106.51 116.03 114.36 119.48 109.51 106.17 105.86 107.64 103.44 102.19 98.37 98.98 92.71 92.35 85.81 88.10 75.51 82.33 101.12 114.78 108.78 108.94 126.51 119.63 111.74 113.78 117.07 113.99 112.74 97.46 88.27 82.94 88.65 89.50 109.15 86.46 80.88
-9999 -9999 -9999 -9999 -9999 -9999 -9999 -9999 -9999 115.94 131.60 131.59 141.20 132.72 128.70 121.02 111.56 102.93 99.65 97.86 91.04 86.11 92.13 89.88 82.78 84.34 93.00 109.74 119.60 136.65 132.10 123.67 144.43 131.71 121.26 127.34 121.95 128.00 133.25 133.38 119.73 121.79 110.75 101.12 108.11 110.62 104.52 103.74 103.25 101.23 88.61 77.16 83.78 82.53 83.75 88.09 92.32 101.92 107.66 112.32 117.78 118.52 109.53 108.10 107.32 102.82 104.19 87.84 71.59 -9999 -9999 79.92 79.00 76.52 88.39
-9999 -9999 -9999 -9999 -9999 -9999 -9999 -9999 134.70 133.56 142.18 149.27 139.29 133.06 133.16 131.58 139.18 128.47 119.71 106.20 92.17 81.15 85.06 84.90 86.64 88.08 99.89 112.31 119.38 118.75 98.40 98.42 111.01 95.88 102.00 99.93 120.13 145.12 132.84 124.08 124.34 125.75 113.83 112.44 107.92 110.21 105.76 109.70 100.61 96.80 91.35 88.30 87.14 85.80 105.60 -9999 -9999 108.37 123.86 120.49 112.47 107.52 100.11 102.62 -9999 -9999 -9999 -9999 -9999 -9999 -9999 -9999 -9999 -9999 87.81
