Rainfall_2007-2011/Rainfall_2010-05_ACTUAL.txt
ncols         180
nrows         290
xllcorner     -200000
yllcorner     -200000
cellsize      5000
NODATA_value  -9999
[rows 102 to 135 of 290, columns 77 to 153 of 180]
-9999 47.56 51.17 62.78 48.94 59.58 45.47 40.69 33.56 37.53 30.97 36.82 26.80 27.21 48.13 46.35 32.44 37.02 48.36 52.53 44.81 41.59 36.83 31.19 29.84 31.04 34.59 41.42 56.65 51.95 52.21 55.97 54.28 47.49 42.34 41.77 -9999 -9999 -9999 -9999 -9999 -9999 -9999 -9999 -9999 -9999 -9999 -9999 -9999 -9999 -9999 -9999 -9999 -9999 -9999 -9999 -9999 -9999 -9999 -9999 -9999 -9999 -9999 -9999 -9999 -9999 -9999 -9999 -9999 -9999 -9999 -9999 -9999 -9999 -9999 -9999 -9999
43.63 41.06 39.64 38.89 59.95 59.50 36.44 35.99 43.18 54.78 40.18 40.64 30.47 26.15 17.12 36.56 44.18 50.75 48.13 44.77 53.39 50.42 39.08 33.38 32.28 34.50 39.71 55.31 57.00 62.73 58.15 55.44 52.22 50.29 -9999 -9999 -9999 -9999 -9999 -9999 -9999 -9999 -9999 -9999 -9999 -9999 -9999 -9999 -9999 -9999 -9999 -9999 -9999 -9999 -9999 -9999 -9999 -9999 -9999 -9999 -9999 -9999 -9999 -9999 -9999 -9999 -9999 -9999 -9999 -9999 -9999 -9999 -9999 -9999 -9999 -9999 -9999
42.47 41.88 46.41 42.72 45.38 39.03 31.48 32.89 38.17 42.89 34.75 32.73 27.20 28.67 33.41 36.75 46.04 41.01 43.18 48.62 47.13 43.08 33.07 32.10 35.38 36.13 40.63 43.04 48.91 55.66 52.21 55.73 48.59 -9999 -9999 -9999 -9999 -9999 -9999 -9999 -9999 -9999 -9999 -9999 -9999 -9999 -9999 -9999 -9999 -9999 -9999 -9999 -9999 -9999 -9999 -9999 -9999 -9999 -9999 -9999 -9999 -9999 -9999 -9999 -9999 -9999 -9999 -9999 -9999 -9999 -9999 -9999 -9999 -9999 -9999 -9999 -9999
45.23 42.27 43.29 35.85 38.98 39.85 38.47 39.17 35.47 38.48 36.06 41.93 43.29 29.83 32.07 40.15 52.57 44.14 32.53 29.33 36.14 37.30 28.17 32.38 34.96 31.25 35.73 37.26 44.15 57.39 51.08 56.75 59.09 -9999 -9999 -9999 -9999 -9999 -9999 -9999 -9999 -9999 -9999 -9999 -9999 -9999 -9999 -9999 -9999 -9999 -9999 -9999 -9999 -9999 -9999 -9999 -9999 -9999 -9999 -9999 -9999 -9999 -9999 -9999 -9999 -9999 -9999 -9999 -9999 -9999 -9999 -9999 -9999 -9999 -9999 -9999 -9999
44.00 46.27 38.57 40.06 48.76 40.32 35.27 33.70 43.80 38.87 40.50 32.63 40.33 33.11 35.06 64.85 53.30 37.58 37.21 36.97 33.64 39.78 33.37 29.23 35.46 36.00 33.68 38.11 41.69 49.51 52.09 54.18 59.32 59.76 -9999 -9999 -9999 -9999 -9999 -9999 -9999 -9999 -9999 -9999 -9999 -9999 -9999 -9999 -9999 -9999 -9999 -9999 -9999 -9999 -9999 -9999 -9999 -9999 -9999 -9999 -9999 -9999 -9999 -9999 -9999 -9999 -9999 -9999 -9999 -9999 -9999 -9999 -9999 -9999 -9999 -9999 -9999
41.74 50.01 41.32 41.88 38.66 29.82 31.02 36.52 37.72 33.99 37.58 31.03 31.82 28.46 41.25 44.37 49.16 44.84 34.53 33.23 37.65 41.52 37.99 35.90 39.44 43.27 37.25 36.48 36.97 48.32 61.75 60.37 72.90 71.18 81.27 -9999 -9999 -9999 -9999 -9999 -9999 -9999 -9999 -9999 -9999 -9999 -9999 -9999 -9999 -9999 -9999 -9999 -9999 -9999 -9999 -9999 -9999 -9999 -9999 -9999 -9999 -9999 -9999 -9999 -9999 -9999 -9999 -9999 -9999 -9999 -9999 -9999 -9999 -9999 -9999 -9999 -9999
42.78 44.72 46.80 41.79 36.95 31.45 35.62 43.13 70.22 34.91 33.27 29.79 33.49 34.09 37.22 36.71 31.90 28.56 27.43 30.17 36.11 44.07 48.83 40.71 34.93 28.91 34.99 36.43 27.84 44.37 50.49 60.30 63.38 60.75 57.96 67.62 -9999 -9999 -9999 -9999 -9999 -9999 -9999 -9999 -9999 -9999 -9999 -9999 -9999 -9999 -9999 -9999 -9999 -9999 -9999 -9999 -9999 -9999 -9999 -9999 -9999 -9999 -9999 -9999 -9999 -9999 -9999 -9999 -9999 -9999 -9999 -9999 -9999 -9999 -9999 -9999 -9999
34.77 44.68 53.21 36.35 35.65 38.74 43.67 41.82 37.47 34.12 45.65 32.92 35.30 33.75 33.06 29.26 27.08 22.71 26.00 29.39 41.92 42.85 41.00 37.13 30.71 25.37 27.13 34.21 33.19 42.33 44.23 43.16 52.00 52.31 55.25 -9999 -9999 -9999 -9999 -9999 -9999 -9999 -9999 -9999 -9999 -9999 -9999 -9999 -9999 -9999 -9999 -9999 -9999 -9999 -9999 -9999 -9999 -9999 -9999 -9999 -9999 -9999 -9999 -9999 -9999 -9999 -9999 -9999 -9999 -9999 -9999 -9999 -9999 -9999 -9999 -9999 -9999
33.56 36.27 33.52 36.37 48.10 41.15 42.79 40.24 39.97 38.53 33.40 41.60 36.61 35.10 25.63 24.02 23.10 21.75 19.00 26.03 22.98 21.81 25.61 30.49 31.18 28.13 26.58 31.01 35.69 41.86 41.23 -9999 -9999 -9999 -9999 -9999 -9999 -9999 -9999 -9999 -9999 -9999 -9999 -9999 -9999 -9999 -9999 -9999 -9999 -9999 -9999 -9999 -9999 -9999 -9999 -9999 -9999 -9999 -9999 -9999 -9999 -9999 -9999 -9999 -9999 -9999 -9999 -9999 -9999 -9999 -9999 -9999 -9999 -9999 -9999 -9999 -9999
35.83 33.27 31.35 41.71 41.79 47.35 44.60 26.81 30.19 38.35 35.13 32.72 35.84 27.66 27.55 28.82 27.18 26.42 20.25 20.68 20.50 23.70 23.98 27.71 33.10 32.26 34.62 37.79 39.01 -9999 -9999 -9999 -9999 -9999 -9999 -9999 -9999 -9999 -9999 -9999 -9999 -9999 -9999 -9999 -9999 -9999 -9999 -9999 -9999 -9999 -9999 -9999 -9999 -9999 -9999 -9999 -9999 -9999 -9999 -9999 -9999 -9999 -9999 -9999 -9999 -9999 -9999 -9999 -9999 -9999 -9999 -9999 -9999 -9999 -9999 -9999 -9999
35.51 32.14 40.41 37.33 40.78 45.95 41.44 33.45 35.61 37.58 31.20 30.35 28.48 23.28 33.97 29.58 32.07 29.94 24.24 14.49 16.51 21.07 22.67 25.38 31.35 36.45 41.90 46.00 41.38 -9999 -9999 -9999 -9999 -9999 -9999 -9999 -9999 -9999 -9999 -9999 -9999 -9999 -9999 -9999 -9999 -9999 -9999 -9999 -9999 -9999 -9999 -9999 -9999 -9999 -9999 -9999 -9999 -9999 -9999 -9999 -9999 -9999 -9999 -9999 -9999 -9999 -9999 -9999 -9999 -9999 -9999 -9999 -9999 -9999 -9999 -9999 -9999
-9999 33.91 38.89 38.22 41.15 40.64 38.15 30.75 26.57 29.81 31.80 31.95 35.96 28.64 47.24 43.65 39.48 35.88 23.97 10.60 11.49 24.53 23.09 24.69 31.27 30.15 40.97 -9999 -9999 -9999 -9999 -9999 31.24 30.65 39.67 40.98 -9999 -9999 -9999 -9999 -9999 -9999 -9999 -9999 -9999 -9999 -9999 -9999 -9999 -9999 -9999 -9999 -9999 -9999 -9999 -9999 -9999 -9999 -9999 -9999 -9999 -9999 -9999 -9999 -9999 -9999 -9999 -9999 -9999 -9999 -9999 -9999 -9999 -9999 -9999 -9999 -9999
-9999 29.04 33.88 34.44 33.71 43.80 33.50 31.56 26.07 28.25 28.18 28.93 41.60 33.79 36.54 36.04 32.46 31.27 27.91 23.36 23.55 27.32 26.02 29.82 31.66 39.96 46.35 52.98 48.83 -9999 -9999 30.51 28.18 41.64 40.51 45.23 44.03 37.84 -9999 -9999 -9999 -9999 -9999 -9999 -9999 -9999 -9999 -9999 -9999 -9999 -9999 -9999 -9999 -9999 -9999 -9999 -9999 -9999 -9999 -9999 -9999 -9999 -9999 -9999 -9999 -9999 -9999 -9999 -9999 -9999 -9999 -9999 -9999 -9999 -9999 -9999 -9999
26.62 25.31 21.06 29.25 35.76 38.74 35.27 34.00 33.85 30.68 25.39 20.58 24.66 29.19 29.66 29.38 31.75 31.87 30.94 26.65 25.47 28.05 32.64 34.42 32.87 45.11 44.56 47.94 49.87 44.41 37.13 37.73 40.44 38.55 42.98 58.05 64.88 50.33 35.35 -9999 -9999 -9999 -9999 -9999 -9999 -9999 -9999 -9999 -9999 -9999 -9999 -9999 -9999 -9999 -9999 -9999 -9999 -9999 -9999 -9999 -9999 -9999 -9999 -9999 -9999 -9999 -9999 -9999 -9999 -9999 -9999 -9999 -9999 -9999 -9999 -9999 -9999
29.17 23.51 25.84 30.03 30.61 33.87 -9999 40.87 44.80 36.47 26.14 21.38 17.61 22.14 24.61 27.74 26.70 29.55 30.92 30.03 30.34 31.60 31.77 31.46 26.66 43.97 50.68 50.55 43.21 47.37 42.55 38.66 39.20 34.87 50.97 56.78 57.40 55.91 47.00 44.16 44.82 34.28 -9999 -9999 -9999 -9999 -9999 -9999 -9999 -9999 -9999 -9999 -9999 -9999 -9999 -9999 -9999 -9999 -9999 -9999 -9999 -9999 -9999 -9999 -9999 -9999 -9999 -9999 -9999 -9999 -9999 -9999 -9999 -9999 -9999 -9999 -9999
31.64 24.40 -9999 26.97 28.01 31.78 -9999 38.71 49.79 39.63 29.83 21.64 18.08 23.87 25.84 25.76 28.99 29.80 30.21 33.42 32.80 37.11 34.62 37.43 39.82 39.09 49.60 40.78 35.19 33.12 38.29 35.26 40.46 49.23 56.94 58.13 58.89 56.03 53.70 48.07 40.94 40.63 -9999 -9999 -9999 -9999 -9999 -9999 -9999 -9999 -9999 -9999 -9999 -9999 -9999 -9999 -9999 -9999 -9999 -9999 -9999 -9999 -9999 -9999 -9999 -9999 -9999 -9999 -9999 -9999 -9999 -9999 -9999 -9999 -9999 -9999 -9999
26.24 21.86 -9999 -9999 27.46 26.19 26.91 36.38 40.53 38.11 31.62 29.79 25.58 27.82 26.97 33.68 33.04 29.06 31.71 31.75 34.96 40.34 48.07 53.40 55.32 53.65 43.83 32.95 37.13 35.34 38.55 39.40 44.90 46.83 54.26 53.34 48.68 47.22 41.27 36.70 32.79 37.88 34.97 -9999 -9999 -9999 -9999 -9999 -9999 -9999 -9999 -9999 -9999 -9999 -9999 -9999 -9999 -9999 -9999 -9999 -9999 -9999 -9999 -9999 -9999 -9999 -9999 -9999 -9999 -9999 -9999 -9999 -9999 -9999 -9999 -9999 -9999
-9999 -9999 -9999 -9999 -9999 26.10 27.36 35.71 36.24 33.56 30.40 34.83 33.83 32.34 30.85 34.26 35.95 31.93 28.28 31.02 34.70 39.05 44.05 48.72 49.05 40.72 41.14 39.82 39.84 44.79 43.20 39.26 40.58 38.47 43.80 45.35 44.99 43.72 33.50 27.48 33.04 36.66 29.51 -9999 -9999 -9999 -9999 -9999 -9999 -9999 -9999 -9999 -9999 -9999 -9999 -9999 -9999 -9999 -9999 -9999 -9999 -9999 -9999 -9999 -9999 -9999 -9999 -9999 -9999 -9999 -9999 -9999 -9999 -9999 -9999 -9999 -9999
37.03 37.24 32.71 -9999 -9999 -9999 28.09 32.31 32.12 31.51 30.38 30.40 33.66 34.04 37.17 37.75 35.18 32.50 28.70 27.52 35.13 35.71 33.15 38.92 36.48 36.69 43.26 41.04 50.69 55.13 45.26 35.70 34.94 26.37 41.55 36.86 38.46 40.47 35.30 33.46 34.45 37.54 36.81 34.76 -9999 -9999 -9999 -9999 -9999 -9999 -9999 -9999 -9999 -9999 -9999 -9999 -9999 -9999 -9999 -9999 -9999 -9999 -9999 -9999 -9999 -9999 -9999 -9999 -9999 -9999 -9999 -9999 -9999 -9999 -9999 -9999 -9999
50.19 47.70 35.91 26.29 -9999 -9999 -9999 25.17 25.26 25.57 26.64 25.45 27.11 33.55 35.12 36.06 33.18 31.14 25.12 26.31 33.59 36.63 27.85 36.32 32.58 37.00 30.65 34.46 38.63 38.95 36.23 27.22 26.36 27.01 32.45 30.54 31.47 37.08 35.59 32.66 31.21 36.68 39.31 34.20 32.82 -9999 -9999 -9999 -9999 -9999 -9999 -9999 -9999 -9999 -9999 -9999 -9999 -9999 -9999 -9999 -9999 -9999 -9999 -9999 -9999 -9999 -9999 -9999 -9999 -9999 -9999 -9999 -9999 -9999 -9999 -9999 -9999
36.73 47.41 31.42 24.56 -9999 -9999 -9999 -9999 -9999 21.50 24.13 27.03 26.38 30.63 33.84 33.35 38.48 38.55 33.63 36.56 41.29 42.31 31.96 31.05 24.83 33.78 30.73 27.67 32.58 32.12 22.41 20.58 23.97 19.87 33.67 31.93 30.40 28.58 34.60 31.83 32.55 34.24 43.19 40.00 36.83 39.16 -9999 -9999 -9999 -9999 -9999 -9999 -9999 -9999 -9999 -9999 -9999 -9999 -9999 -9999 -9999 -9999 -9999 -9999 -9999 -9999 -9999 -9999 -9999 -9999 -9999 -9999 -9999 -9999 -9999 -9999 -9999
40.75 38.12 36.75 26.64 -9999 -9999 -9999 -9999 -9999 19.73 28.15 31.41 28.98 33.34 39.78 37.45 39.29 38.99 39.24 42.27 45.02 41.88 31.63 28.13 34.43 32.42 42.90 31.58 36.90 29.56 28.66 25.45 20.73 12.92 33.16 28.22 27.19 27.52 33.16 40.98 36.26 38.61 41.21 45.39 52.99 47.03 51.73 39.24 -9999 -9999 -9999 -9999 -9999 -9999 -9999 -9999 -9999 -9999 -9999 -9999 -9999 -9999 -9999 -9999 -9999 -9999 -9999 -9999 -9999 -9999 -9999 -9999 -9999 -9999 -9999 -9999 -9999
-9999 36.85 35.91 31.75 -9999 -9999 -9999 -9999 -9999 26.48 29.52 30.14 26.21 28.43 30.28 31.89 34.81 34.16 37.94 36.10 36.57 35.17 32.26 33.89 32.53 31.04 43.56 40.40 30.09 28.18 23.90 17.93 16.50 21.25 28.47 27.12 26.53 31.11 28.13 36.36 47.58 51.23 48.14 40.10 36.91 49.43 58.46 36.66 -9999 -9999 -9999 -9999 -9999 -9999 -9999 -9999 -9999 -9999 -9999 -9999 -9999 -9999 -9999 -9999 -9999 -9999 -9999 -9999 -9999 -9999 -9999 -9999 -9999 -9999 -9999 -9999 -9999
-9999 28.47 28.81 27.98 -9999 -9999 -9999 -9999 -9999 22.55 23.02 25.81 25.45 27.07 27.45 31.50 37.87 40.33 34.16 33.63 31.79 28.23 28.29 29.36 24.93 29.03 36.55 35.30 33.65 30.52 24.22 22.68 19.16 21.50 24.29 21.33 23.24 31.77 33.14 35.46 53.92 58.61 43.68 31.38 37.02 41.44 43.63 34.59 -9999 -9999 -9999 -9999 -9999 -9999 -9999 -9999 -9999 -9999 -9999 -9999 -9999 -9999 -9999 -9999 -9999 -9999 -9999 -9999 -9999 -9999 -9999 -9999 -9999 -9999 -9999 -9999 -9999
-9999 -9999 -9999 -9999 -9999 -9999 -9999 -9999 25.47 22.16 24.43 27.21 26.67 29.27 29.16 31.29 32.51 37.99 33.66 28.87 37.36 34.86 34.29 34.97 35.73 37.89 44.20 45.02 38.74 34.40 30.59 23.69 19.42 15.33 20.89 25.30 24.83 30.69 34.51 43.80 47.80 54.60 44.78 34.14 32.54 31.84 32.43 29.00 -9999 -9999 -9999 -9999 -9999 -9999 -9999 -9999 -9999 -9999 -9999 -9999 -9999 -9999 -9999 -9999 -9999 -9999 -9999 -9999 -9999 -9999 -9999 -9999 -9999 -9999 -9999 -9999 -9999
-9999 -9999 -9999 -9999 -9999 -9999 -9999 -9999 34.05 23.86 27.21 31.04 35.91 36.84 42.25 41.65 35.86 29.44 32.96 30.81 29.74 37.82 31.82 33.92 32.11 48.00 40.32 40.70 36.81 35.10 30.51 23.56 17.88 18.09 24.36 21.95 26.37 32.84 35.84 36.60 40.76 46.03 44.36 34.77 28.21 27.49 34.62 28.89 -9999 -9999 -9999 -9999 -9999 -9999 -9999 -9999 -9999 -9999 -9999 -9999 -9999 -9999 -9999 -9999 -9999 -9999 -9999 -9999 -9999 -9999 -9999 -9999 -9999 -9999 -9999 -9999 -9999
-9999 -9999 -9999 -9999 -9999 -9999 -9999 30.36 33.76 26.13 32.19 37.49 35.51 41.44 49.19 49.39 45.03 41.47 34.37 33.76 34.84 37.70 31.03 37.74 37.68 44.80 48.02 40.66 41.67 36.46 30.76 24.85 25.41 26.95 26.61 22.81 27.78 40.39 39.67 37.54 32.56 32.72 37.06 34.40 36.37 33.95 28.29 29.07 -9999 -9999 -9999 -9999 -9999 -9999 -9999 -9999 -9999 -9999 -9999 -9999 -9999 -9999 -9999 -9999 -9999 -9999 -9999 -9999 -9999 -9999 -9999 -9999 -9999 -9999 -9999 -9999 -9999
-9999 -9999 -9999 -9999 -9999 -9999 -9999 35.28 30.96 36.87 37.13 41.01 36.86 40.61 43.94 55.46 50.62 43.99 38.09 39.23 39.55 53.80 47.11 41.82 38.75 41.30 46.64 38.67 39.73 42.46 31.79 31.75 38.16 35.24 36.17 34.82 39.29 29.59 32.45 37.62 35.25 38.50 39.20 32.00 32.45 27.58 26.47 29.42 29.06 -9999 -9999 -9999 -9999 -9999 -9999 -9999 -9999 -9999 -9999 -9999 -9999 -9999 -9999 -9999 -9999 -9999 -9999 -9999 -9999 -9999 -9999 -9999 -9999 -9999 -9999 -9999 -9999
-9999 -9999 -9999 -9999 -9999 -9999 32.80 44.07 43.55 43.21 53.13 42.69 37.88 32.83 43.58 49.68 49.32 44.63 42.69 37.61 34.63 40.47 48.83 48.97 45.83 44.36 42.57 46.18 44.97 45.76 47.64 37.02 44.45 39.33 34.31 39.87 34.48 36.71 38.81 34.84 35.46 42.09 45.36 38.57 31.04 28.47 27.98 28.98 26.55 -9999 -9999 -9999 -9999 -9999 -9999 -9999 -9999 -9999 -9999 -9999 -9999 -9999 -9999 -9999 -9999 -9999 -9999 -9999 -9999 -9999 -9999 -9999 -9999 -9999 -9999 -9999 -9999
-9999 -9999 -9999 -9999 -9999 -9999 41.73 46.17 46.64 56.60 56.74 48.48 42.33 52.50 44.87 44.90 42.96 41.84 42.23 36.35 33.77 43.49 58.91 56.38 51.97 53.62 46.42 42.38 43.08 57.91 49.82 49.57 44.70 39.25 42.82 32.47 33.27 32.62 26.93 24.89 29.73 30.84 33.59 34.78 31.21 34.40 28.78 32.26 28.44 -9999 -9999 -9999 -9999 -9999 -9999 -9999 -9999 -9999 -9999 -9999 -9999 -9999 -9999 -9999 -9999 -9999 -9999 -9999 -9999 -9999 -9999 -9999 -9999 -9999 -9999 -9999 -9999
-9999 -9999 -9999 -9999 -9999 40.43 43.54 47.32 54.77 56.01 57.66 66.13 56.22 60.14 45.14 41.33 40.40 39.49 45.82 45.27 42.63 47.57 66.51 55.72 49.50 60.54 54.93 46.63 54.45 67.26 65.63 58.55 47.65 48.29 45.44 33.32 30.97 26.08 28.16 26.86 30.18 32.05 33.54 24.30 24.44 36.65 30.60 28.28 22.97 -9999 -9999 -9999 -9999 -9999 -9999 -9999 -9999 -9999 -9999 -9999 -9999 -9999 -9999 -9999 -9999 -9999 -9999 -9999 -9999 -9999 -9999 -9999 -9999 -9999 -9999 -9999 -9999
-9999 -9999 -9999 -9999 34.06 39.32 49.50 49.79 51.44 50.65 52.51 60.54 58.53 63.28 42.31 33.51 40.92 46.35 47.23 48.60 46.04 43.82 46.75 52.45 45.43 47.82 52.31 49.55 52.01 56.17 57.79 49.15 43.51 43.54 44.38 39.90 39.91 33.35 30.20 29.54 29.05 28.16 29.24 22.94 23.38 27.93 30.68 26.83 24.97 24.35 -9999 -9999 -9999 -9999 -9999 -9999 -9999 -9999 -9999 -9999 -9999 -9999 -9999 -9999 -9999 -9999 -9999 -9999 -9999 -9999 -9999 -9999 -9999 -9999 -9999 -9999 -9999
-9999 -9999 -9999 -9999 43.69 57.77 52.66 51.27 50.25 53.00 53.35 73.33 73.04 60.88 48.77 36.71 45.95 54.09 49.64 58.32 45.03 42.92 47.88 46.40 49.31 43.72 48.94 48.34 43.89 41.03 36.21 37.00 42.65 34.07 35.72 38.95 42.91 41.10 31.73 31.35 30.03 26.02 21.21 29.23 27.65 26.77 26.07 26.19 26.43 25.83 -9999 -9999 -9999 -9999 -9999 -9999 -9999 -9999 -9999 -9999 -9999 -9999 -9999 -9999 -9999 -9999 -9999 -9999 -9999 -9999 -9999 -9999 -9999 -9999 -9999 -9999 -9999
-9999 -9999 38.18 41.24 49.88 51.80 51.63 51.60 49.10 54.42 53.45 66.27 57.20 66.91 59.24 54.94 52.19 54.57 55.10 50.84 48.62 48.70 47.31 47.45 44.07 41.00 41.40 42.52 39.07 34.85 31.79 34.00 31.83 33.01 38.86 35.90 32.64 35.34 35.61 32.58 31.15 33.97 34.13 29.14 31.77 29.11 24.07 26.97 25.48 20.90 -9999 -9999 -9999 -9999 -9999 -9999 -9999 -9999 -9999 -9999 -9999 -9999 -9999 -9999 -9999 -9999 -9999 -9999 -9999 -9999 -9999 -9999 -9999 -9999 -9999 -9999 -9999
