Rainfall_2007-2011/Rainfall_2010-02_ACTUAL.txt
ncols         180
nrows         290
xllcorner     -200000
yllcorner     -200000
cellsize      5000
NODATA_value  -9999
[rows 204 to 237 of 290, columns 77 to 153 of 180]
49.07 61.26 68.40 73.92 73.27 75.95 68.46 60.70 62.43 66.83 59.02 68.41 75.91 77.38 70.29 58.93 46.31 48.07 60.66 57.67 63.75 59.62 54.79 48.37 53.21 42.68 58.94 61.32 82.72 49.20 51.59 66.46 67.25 60.53 48.28 47.09 46.72 56.93 55.31 48.97 39.88 39.70 42.88 47.35 54.89 56.10 56.46 48.56 48.46 51.28 60.08 64.33 61.43 60.88 63.52 64.06 64.16 67.35 72.63 80.04 77.90 80.65 81.29 68.67 66.24 70.34 69.70 69.35 71.83 82.42 80.15 82.05 82.69 92.96 93.85 83.44 83.74
42.67 60.21 67.09 71.77 77.20 66.56 66.05 56.66 60.78 56.29 59.23 56.71 60.95 59.58 52.04 49.12 55.87 60.16 80.82 99.89 84.15 80.56 80.29 80.33 75.78 59.27 51.99 75.46 68.70 62.02 59.56 64.07 62.63 49.57 50.71 55.17 54.19 53.07 48.02 41.20 41.05 44.53 48.86 61.47 58.34 58.86 66.53 54.44 51.51 52.49 61.26 60.93 58.98 53.02 69.80 59.12 66.07 72.86 72.06 73.78 75.55 73.78 77.21 71.65 66.80 70.74 62.98 69.14 77.50 79.76 81.52 87.71 90.44 98.10 100.49 86.77 71.01
51.88 56.01 60.27 68.94 66.54 66.63 68.04 63.16 63.79 59.91 59.12 57.08 66.36 52.95 53.57 50.74 61.38 66.72 78.76 89.55 94.34 82.86 94.80 104.81 77.32 76.69 69.25 52.34 60.79 66.78 52.25 52.42 42.33 50.89 55.99 67.02 59.88 55.51 47.29 42.10 41.89 46.66 68.14 66.64 60.78 59.30 62.84 51.38 56.08 64.49 57.26 56.42 54.17 59.21 63.49 62.49 68.58 69.27 66.63 68.96 73.43 73.17 79.42 83.00 74.12 69.23 76.22 81.60 100.15 79.08 78.81 79.67 86.07 95.76 99.67 90.75 81.74
54.27 54.54 59.80 63.98 68.97 72.78 74.35 68.74 64.67 61.45 58.60 59.75 64.97 52.33 54.99 52.66 58.06 58.06 64.74 72.18 76.78 73.06 80.02 77.17 77.37 78.65 70.01 71.85 84.39 68.00 66.16 52.11 50.59 49.73 63.86 65.24 66.92 53.34 44.90 35.16 62.27 57.17 57.45 63.59 49.71 53.36 59.98 59.77 55.31 56.50 58.29 58.43 59.22 66.79 61.03 59.95 67.44 72.44 70.05 63.65 69.04 75.02 89.76 80.00 80.14 75.06 69.48 86.92 88.93 75.61 79.74 82.38 83.43 85.23 98.94 82.85 87.35
53.83 49.51 57.83 63.86 78.10 71.00 62.81 60.33 58.02 55.26 56.95 57.23 57.79 60.74 54.29 64.46 62.88 68.48 74.17 75.89 63.62 68.49 65.99 65.87 64.66 79.43 63.73 69.70 81.94 60.90 64.61 54.62 50.99 59.44 65.97 77.99 59.37 51.35 51.95 54.49 53.82 53.33 56.34 59.03 67.59 57.87 58.96 57.88 51.08 50.50 54.32 54.97 78.82 76.72 62.26 53.43 59.16 60.97 65.84 68.40 73.01 85.07 91.59 90.83 88.61 83.26 79.37 77.19 96.44 91.86 86.16 91.88 126.26 72.06 86.31 92.17 86.55
52.61 54.25 60.21 62.80 67.87 60.85 -9999 -9999 -9999 -9999 53.94 54.61 57.57 52.25 52.32 56.64 58.59 63.69 70.47 71.19 96.45 111.56 82.69 75.94 63.08 71.03 72.21 73.34 66.63 63.23 64.08 53.58 66.74 58.93 68.00 60.74 53.23 52.73 53.11 67.35 53.51 59.61 57.28 52.61 61.96 55.81 54.03 52.52 50.70 49.78 54.67 58.92 71.44 71.66 68.64 56.51 60.08 66.56 69.82 57.95 75.58 86.07 87.15 77.17 93.23 85.57 79.68 88.92 89.37 97.72 88.77 92.97 106.20 94.72 92.44 100.54 90.62
54.06 58.45 56.73 56.47 65.18 52.28 -9999 -9999 -9999 -9999 -9999 -9999 -9999 50.21 58.50 59.86 56.35 53.91 62.04 80.19 101.93 127.16 105.34 90.43 75.81 75.52 62.82 76.76 82.61 63.26 59.91 69.59 68.98 70.35 59.89 58.14 59.96 53.48 55.36 60.55 59.68 62.04 53.23 51.08 48.39 50.79 50.24 50.64 51.79 52.24 52.69 59.13 62.74 62.54 65.14 62.97 67.05 75.27 82.93 71.62 81.28 86.96 81.85 73.96 84.39 80.91 84.61 80.44 92.60 94.75 110.07 98.54 84.58 89.05 85.62 87.34 83.66
-9999 -9999 51.65 -9999 -9999 -9999 -9999 -9999 -9999 -9999 -9999 41.75 46.26 49.63 56.15 53.33 55.15 52.56 56.87 75.17 92.80 104.48 99.21 84.65 77.56 81.41 74.90 76.28 70.10 67.05 56.64 69.07 64.29 64.02 57.88 58.49 61.44 49.34 61.75 62.90 58.19 60.34 53.13 49.59 52.57 54.15 56.99 53.65 60.57 54.65 53.59 55.77 58.89 65.02 64.61 61.28 74.41 83.60 82.59 91.18 72.06 76.99 80.87 82.27 71.56 83.02 90.56 98.31 105.96 98.63 97.92 86.79 106.00 84.03 83.35 83.91 90.03
-9999 -9999 -9999 -9999 -9999 -9999 -9999 -9999 -9999 -9999 -9999 39.46 42.79 42.52 44.46 51.51 -9999 -9999 50.55 73.67 78.58 88.54 81.41 80.77 80.03 82.92 71.79 70.05 61.88 62.28 61.25 54.52 51.53 53.39 53.86 57.57 63.04 61.21 64.75 59.12 57.10 56.57 44.59 56.88 60.00 56.52 59.25 55.96 61.16 80.21 69.93 72.62 69.06 64.43 65.50 69.50 67.45 67.68 82.53 82.79 75.32 84.42 84.30 89.79 81.90 85.26 88.98 97.77 116.63 95.39 96.62 89.22 92.39 89.50 92.89 82.15 91.44
-9999 -9999 -9999 -9999 -9999 -9999 -9999 -9999 -9999 -9999 -9999 -9999 -9999 -9999 -9999 -9999 -9999 -9999 46.94 56.02 74.82 73.14 64.39 67.11 62.73 69.90 66.96 73.78 67.64 61.99 58.42 52.45 -9999 51.63 54.08 59.45 61.14 63.55 67.38 63.94 57.50 59.87 60.46 57.38 69.21 63.89 72.09 75.66 82.07 75.37 71.01 89.60 77.77 71.83 74.36 69.49 73.00 76.93 77.84 73.02 76.74 74.50 81.28 92.75 83.32 88.36 92.30 98.62 106.28 105.26 92.15 87.19 90.96 97.87 90.16 85.71 81.11
-9999 -9999 -9999 -9999 -9999 -9999 -9999 -9999 -9999 -9999 -9999 -9999 -9999 -9999 -9999 -9999 -9999 -9999 -9999 54.25 61.55 64.02 67.20 63.69 62.60 71.87 74.63 64.83 -9999 -9999 -9999 -9999 48.84 48.47 56.29 62.63 66.19 66.64 74.00 74.37 74.14 64.87 60.32 61.36 65.27 75.23 75.44 83.26 76.88 81.15 81.35 82.89 77.69 71.20 72.08 66.14 74.87 76.08 65.52 67.66 65.24 75.94 78.15 85.20 100.36 98.18 95.92 91.80 102.69 90.34 91.23 95.16 97.24 84.40 83.34 75.83 76.34
-9999 -9999 -9999 -9999 -9999 -9999 -9999 -9999 -9999 -9999 -9999 -9999 -9999 -9999 -9999 -9999 -9999 -9999 -9999 -9999 59.90 65.69 64.97 58.88 62.27 69.31 71.37 -9999 -9999 -9999 -9999 47.49 52.06 54.71 53.35 66.83 66.88 76.17 76.00 81.09 72.44 65.88 58.72 62.08 72.50 80.62 78.35 81.11 79.34 83.52 80.66 77.22 70.24 75.78 65.36 67.84 66.61 62.95 65.13 64.86 57.99 81.55 92.03 93.54 88.41 95.29 93.58 103.09 92.70 93.47 89.38 99.69 91.68 88.98 90.77 76.41 82.37
-9999 -9999 -9999 -9999 -9999 -9999 -9999 -9999 -9999 -9999 -9999 -9999 -9999 -9999 -9999 -9999 -9999 -9999 -9999 -9999 -9999 59.10 59.64 59.30 54.03 61.43 64.67 -9999 -9999 -9999 45.98 51.87 47.35 53.51 64.35 64.62 62.59 70.13 65.39 77.21 75.22 62.58 63.73 75.10 79.59 75.50 80.56 79.64 76.86 74.97 76.77 75.42 78.50 70.43 72.93 71.60 68.43 66.98 72.14 73.88 80.39 92.34 99.99 90.96 86.84 95.15 86.33 82.00 85.99 90.54 102.21 98.62 100.59 90.51 101.86 76.61 89.91
-9999 -9999 -9999 -9999 -9999 -9999 -9999 -9999 -9999 -9999 -9999 -9999 -9999 -9999 -9999 -9999 -9999 -9999 -9999 -9999 -9999 -9999 -9999 -9999 -9999 -9999 -9999 -9999 -9999 65.36 59.85 55.63 52.77 62.43 63.42 65.75 65.73 69.23 72.24 73.00 72.05 62.53 57.94 65.43 71.71 73.48 74.74 79.86 80.66 75.73 88.78 86.52 81.36 66.30 75.48 80.47 72.18 76.09 79.88 81.84 92.43 93.72 91.69 89.17 85.87 93.54 100.30 93.72 97.13 109.79 110.49 117.82 112.24 93.55 110.09 112.17 112.62
-9999 -9999 -9999 -9999 -9999 -9999 -9999 -9999 -9999 -9999 -9999 -9999 -9999 -9999 -9999 -9999 -9999 -9999 -9999 -9999 -9999 -9999 -9999 -9999 -9999 -9999 -9999 -9999 -9999 57.07 65.82 64.89 82.05 80.26 89.09 78.68 73.82 74.74 82.28 70.61 63.91 62.95 63.87 72.33 76.07 73.22 80.88 85.99 94.09 84.21 86.17 96.07 83.69 79.13 83.21 78.80 77.99 73.78 80.94 91.05 96.43 99.06 94.51 93.45 87.65 105.48 116.95 118.04 114.94 121.24 108.28 121.96 124.15 113.07 113.71 117.51 96.71
-9999 -9999 -9999 -9999 -9999 -9999 -9999 -9999 -9999 -9999 -9999 -9999 -9999 -9999 -9999 -9999 -9999 -9999 -9999 -9999 -9999 -9999 -9999 -9999 -9999 -9999 -9999 -9999 -9999 48.04 54.11 64.95 76.50 80.81 83.82 97.13 90.71 93.21 85.05 77.28 66.07 83.76 79.18 84.87 83.26 70.14 71.31 71.83 81.40 84.59 87.10 85.28 83.47 84.99 90.17 84.97 83.66 81.39 84.93 97.42 99.53 113.82 99.52 100.50 101.43 131.24 127.21 116.62 117.85 113.02 113.56 119.67 138.43 117.56 106.14 106.34 101.11
-9999 -9999 -9999 -9999 -9999 -9999 -9999 -9999 -9999 -9999 -9999 -9999 62.93 78.09 76.02 95.69 96.08 113.62 93.16 106.81 76.09 86.51 63.36 -9999 -9999 -9999 -9999 -9999 -9999 53.98 54.85 60.46 57.39 69.01 87.55 79.77 96.43 91.08 86.85 86.37 85.87 91.68 93.28 73.49 76.49 63.61 64.60 76.19 72.62 72.84 73.28 84.15 78.57 90.74 90.52 101.41 98.51 91.09 98.37 86.19 96.92 108.94 107.99 110.57 121.77 118.64 122.80 109.23 98.57 96.60 97.94 102.66 102.97 96.71 91.13 84.81 93.84
-9999 -9999 -9999 -9999 -9999 -9999 -9999 -9999 -9999 -9999 -9999 -9999 75.17 86.06 101.53 87.59 126.22 154.53 122.75 125.81 125.97 93.72 84.54 75.21 69.15 86.67 90.31 64.28 49.72 57.13 59.38 55.85 60.31 71.05 71.11 79.07 93.95 87.45 88.09 109.44 103.94 88.37 85.05 82.68 69.53 66.45 70.13 73.31 73.63 74.15 82.36 78.51 77.37 86.12 95.61 99.34 104.05 106.19 101.91 107.25 98.46 108.00 113.56 111.11 149.73 126.18 114.32 107.54 102.11 99.96 104.06 108.60 113.42 94.42 103.21 93.55 105.41
-9999 -9999 -9999 -9999 -9999 -9999 -9999 -9999 -9999 -9999 -9999 56.01 61.20 68.09 84.76 93.02 93.75 142.72 150.53 131.32 121.46 115.22 105.23 76.49 91.11 87.62 92.30 71.31 68.29 55.57 64.18 67.73 71.76 69.21 76.15 74.49 78.86 85.62 105.36 101.32 112.53 100.35 84.46 78.31 76.63 75.43 75.88 72.76 73.99 79.26 77.72 86.89 77.44 73.96 82.83 98.40 111.32 109.31 110.43 113.77 126.93 111.07 111.70 118.94 121.68 123.20 116.25 107.51 115.39 115.49 117.99 133.21 111.63 114.32 125.91 112.99 123.29
-9999 -9999 -9999 -9999 -9999 -9999 -9999 -9999 -9999 -9999 -9999 -9999 59.71 67.13 72.64 77.19 96.34 108.96 127.47 113.24 110.89 93.04 97.91 106.27 102.35 90.00 82.47 73.50 76.13 66.31 62.76 62.65 70.56 67.61 66.83 64.30 72.09 94.31 99.68 95.04 102.29 96.97 82.25 80.78 85.99 80.93 79.25 75.82 79.05 76.97 74.19 82.15 72.76 75.98 84.43 96.03 114.90 120.71 117.32 120.59 133.63 115.77 118.90 108.45 115.25 108.15 93.60 100.42 119.65 119.64 129.33 141.94 132.29 131.68 133.60 131.47 120.69
-9999 -9999 -9999 -9999 -9999 -9999 -9999 -9999 56.08 -9999 -9999 53.86 54.41 81.55 70.71 77.00 88.76 86.60 97.44 91.05 95.82 102.63 96.76 111.79 112.81 86.22 75.92 70.26 75.36 67.95 67.04 70.08 74.47 64.40 60.15 67.49 83.18 87.53 91.43 77.97 90.36 85.63 88.28 95.21 89.47 79.71 77.53 78.26 78.00 79.70 85.65 79.14 80.73 94.10 88.41 103.83 114.56 136.90 118.29 122.69 123.55 107.48 110.59 110.04 109.34 117.57 114.76 103.99 109.44 122.93 117.12 111.67 116.92 129.58 133.36 129.48 139.82
-9999 -9999 -9999 -9999 -9999 -9999 -9999 64.00 74.45 78.44 72.85 64.46 70.49 81.68 81.11 71.03 77.53 75.39 85.34 94.08 102.76 97.78 101.30 106.45 98.87 86.26 81.20 77.01 76.30 74.92 71.76 76.40 75.29 71.68 65.89 72.45 80.00 86.77 100.15 92.75 101.27 91.80 96.30 98.21 89.65 80.11 76.84 79.13 77.76 78.12 69.28 80.76 83.82 92.87 95.19 105.02 119.73 122.79 124.13 119.26 125.22 128.84 110.86 110.37 108.52 107.93 111.64 104.55 102.53 114.67 114.90 114.10 121.66 113.80 128.68 133.52 146.77
-9999 -9999 -9999 -9999 -9999 -9999 -9999 71.36 80.24 75.39 79.34 80.89 74.27 71.34 79.60 90.28 75.24 71.92 80.27 84.34 104.26 94.80 96.90 103.84 97.15 91.84 114.45 101.94 88.29 84.00 84.58 79.60 80.64 77.26 76.54 88.73 79.39 92.21 94.48 86.72 94.52 107.17 87.80 86.53 86.15 73.70 69.46 82.78 80.90 75.37 74.86 84.99 82.82 91.13 92.50 98.01 114.22 129.05 130.03 144.08 132.56 138.93 137.86 122.84 111.22 112.63 119.54 107.94 110.23 123.88 111.84 117.13 129.51 121.64 128.15 137.00 137.17
-9999 -9999 -9999 -9999 -9999 -9999 -9999 71.56 78.73 79.26 85.22 79.24 73.89 71.70 73.41 77.80 76.72 77.78 86.24 88.55 99.99 94.17 93.44 95.84 90.90 108.59 110.78 113.87 99.05 94.09 80.61 84.78 68.79 81.76 78.88 80.09 83.90 107.12 94.82 90.40 95.25 84.20 82.27 82.27 81.51 78.79 83.86 82.11 84.35 81.35 85.39 87.78 79.87 88.06 94.51 87.39 108.24 119.83 132.21 138.03 143.89 144.04 165.98 126.18 146.08 134.95 102.75 116.21 148.29 140.85 147.19 114.90 111.43 116.77 119.92 125.10 125.06
-9999 -9999 -9999 -9999 -9999 -9999 -9999 59.80 74.37 69.05 73.46 74.27 75.78 72.27 63.73 87.88 77.68 79.74 92.79 88.88 93.17 91.99 105.23 94.49 91.41 116.66 108.70 107.23 106.17 97.93 86.11 85.93 82.05 87.94 81.98 79.46 85.31 111.08 102.68 97.14 87.62 81.91 77.71 80.14 78.49 82.27 83.70 83.17 82.80 83.96 87.13 89.44 87.75 89.49 93.28 111.73 108.71 103.73 115.82 113.41 112.74 121.36 112.53 115.06 122.72 122.44 131.49 120.85 124.51 117.10 146.51 120.72 111.45 131.97 134.29 124.30 120.77
-9999 -9999 -9999 -9999 -9999 -9999 -9999 64.47 72.18 70.14 75.23 81.92 82.68 80.92 77.76 77.09 86.22 81.43 81.65 86.21 101.88 99.16 91.41 90.65 95.08 97.36 99.36 103.91 95.35 86.01 101.63 98.02 86.82 97.60 92.41 107.81 113.34 111.63 97.23 97.38 91.41 80.20 85.90 84.95 81.04 85.36 80.13 80.21 84.11 81.37 96.73 89.30 87.03 85.99 89.67 93.62 99.63 98.14 99.93 105.56 124.00 115.59 114.79 105.01 109.43 107.18 99.35 -9999 -9999 101.27 113.67 119.60 120.58 134.78 159.58 131.33 -9999
-9999 -9999 -9999 -9999 -9999 -9999 73.46 81.33 82.18 78.68 82.29 86.39 93.42 91.43 99.80 89.75 92.94 87.05 89.83 91.04 135.20 106.94 90.20 83.73 89.78 96.63 104.87 91.30 78.28 79.30 88.76 81.95 79.40 81.91 94.54 120.87 113.35 115.17 98.19 98.60 101.43 89.63 84.04 83.89 79.02 77.61 77.86 83.21 85.68 86.79 88.87 88.28 98.03 -9999 -9999 96.24 101.11 98.82 97.15 100.68 105.57 106.78 -9999 -9999 -9999 -9999 -9999 -9999 -9999 -9999 -9999 -9999 106.56 120.35 132.94 117.31 -9999
-9999 -9999 -9999 -9999 -9999 86.90 76.19 84.16 84.81 80.78 81.80 87.79 104.45 103.27 124.78 128.43 131.01 105.31 95.47 110.84 144.75 129.74 89.58 90.38 89.80 106.09 93.81 93.93 72.70 85.18 71.57 71.04 76.51 76.82 88.71 104.10 103.40 96.48 95.26 99.61 89.24 81.14 80.60 81.46 80.68 76.91 73.42 80.85 88.74 85.60 -9999 98.87 109.87 109.11 108.49 108.17 -9999 -9999 -9999 -9999 99.13 -9999 -9999 -9999 -9999 -9999 -9999 -9999 -9999 -9999 -9999 -9999 -9999 -9999 -9999 -9999 -9999
-9999 -9999 -9999 -9999 70.96 89.38 92.09 87.75 82.24 86.62 86.37 86.89 101.26 128.02 165.92 185.37 147.80 127.09 131.16 116.53 128.84 122.51 84.26 96.62 86.60 82.36 83.63 71.12 -9999 -9999 -9999 -9999 -9999 64.72 81.96 96.19 91.03 91.73 84.73 92.86 88.34 79.60 83.90 82.61 -9999 -9999 -9999 -9999 -9999 100.61 109.23 111.74 136.20 131.79 129.44 119.74 -9999 -9999 -9999 -9999 -9999 -9999 -9999 -9999 -9999 -9999 -9999 -9999 -9999 -9999 -9999 -9999 -9999 -9999 -9999 -9999 -9999
-9999 -9999 -9999 61.83 70.65 89.03 100.67 108.18 91.56 90.89 79.92 94.02 115.87 119.71 167.71 202.62 170.60 155.09 132.61 135.15 104.56 101.42 89.44 74.95 90.86 -9999 -9999 -9999 -9999 -9999 -9999 -9999 -9999 -9999 64.57 78.19 74.34 82.19 91.14 103.42 92.09 90.69 100.93 94.24 -9999 -9999 -9999 -9999 -9999 -9999 -9999 116.38 143.75 142.88 137.83 -9999 -9999 -9999 -9999 -9999 -9999 -9999 -9999 -9999 -9999 -9999 -9999 -9999 -9999 -9999 -9999 -9999 -9999 -9999 -9999 -9999 -9999
50.69 46.26 50.18 65.14 78.68 88.50 101.91 118.60 99.33 86.48 84.02 98.29 104.29 113.95 153.33 170.16 155.51 132.32 128.28 115.91 109.03 102.27 86.81 -9999 -9999 -9999 -9999 -9999 -9999 -9999 -9999 -9999 -9999 -9999 -9999 -9999 66.73 -9999 -9999 -9999 -9999 82.60 99.05 98.08 -9999 -9999 -9999 -9999 -9999 -9999 -9999 -9999 120.63 133.00 110.12 -9999 -9999 -9999 -9999 -9999 -9999 -9999 -9999 -9999 -9999 -9999 -9999 -9999 -9999 -9999 -9999 -9999 -9999 -9999 -9999 -9999 -9999
52.90 52.16 56.09 66.26 76.52 82.91 91.95 106.46 105.54 88.36 101.73 94.88 96.92 108.41 139.18 173.49 146.92 130.87 123.83 95.03 95.35 78.46 -9999 -9999 -9999 -9999 -9999 -9999 -9999 -9999 -9999 -9999 -9999 -9999 -9999 -9999 66.64 -9999 -9999 -9999 -9999 -9999 -9999 -9999 -9999 -9999 -9999 -9999 -9999 -9999 -9999 -9999 -9999 -9999 -9999 -9999 -9999 -9999 -9999 -9999 -9999 -9999 -9999 -9999 -9999 -9999 -9999 -9999 -9999 -9999 -9999 -9999 -9999 -9999 -9999 -9999 -9999
59.11 67.82 71.23 78.79 83.62 78.95 82.87 93.58 93.52 93.13 101.01 91.02 92.02 110.18 135.28 170.99 174.27 141.74 117.67 108.31 100.18 91.89 -9999 -9999 -9999 -9999 -9999 -9999 -9999 -9999 -9999 -9999 -9999 -9999 -9999 -9999 -9999 -9999 -9999 -9999 -9999 -9999 -9999 -9999 -9999 -9999 -9999 -9999 -9999 -9999 -9999 -9999 -9999 -9999 -9999 -9999 -9999 -9999 -9999 -9999 -9999 -9999 -9999 -9999 -9999 -9999 -9999 -9999 -9999 -9999 -9999 -9999 -9999 -9999 -9999 -9999 -9999
59.80 73.31 88.38 92.16 76.75 78.87 84.80 85.07 81.23 87.66 88.20 96.19 94.99 105.82 123.68 160.52 167.02 140.02 117.60 106.08 109.11 78.23 -9999 -9999 -9999 -9999 -9999 -9999 -9999 -9999 -9999 -9999 -9999 -9999 -9999 -9999 -9999 -9999 -9999 -9999 -9999 -9999 -9999 -9999 -9999 -9999 -9999 -9999 -9999 -9999 -9999 -9999 -9999 -9999 -9999 -9999 -9999 -9999 -9999 -9999 -9999 -9999 -9999 -9999 -9999 -9999 -9999 -9999 -9999 -9999 -9999 -9999 -9999 -9999 -9999 -9999 -9999
