Rainfall_2007-2011/Rainfall_2011-05_ACTUAL.txt
ncols         180
nrows         290
xllcorner     -200000
yllcorner     -200000
cellsize      5000
NODATA_value  -9999
[rows 204 to 237 of 290, columns 76 to 151 of 180]
43.25 54.38 54.43 55.79 68.28 74.15 82.56 75.17 70.25 73.22 80.67 82.51 80.29 89.32 93.91 80.17 83.08 71.62 89.92 112.81 128.88 132.77 99.07 90.85 65.60 69.10 67.58 94.27 106.58 93.73 66.21 57.98 58.83 56.98 53.36 42.91 42.72 38.44 42.66 46.35 43.68 40.06 38.41 41.17 36.62 52.13 53.68 45.25 46.77 53.92 53.38 53.77 54.63 50.75 44.45 44.06 43.80 46.75 38.10 38.23 35.89 34.66 28.65 25.14 21.77 17.76 14.17 14.14 13.92 15.54 18.26 13.45 13.22 13.88 12.28 8.81
42.02 45.35 52.57 49.77 52.55 63.20 73.45 70.40 68.44 71.66 68.59 85.44 78.22 75.36 78.06 81.60 85.24 97.07 110.18 147.76 183.89 136.11 128.07 122.15 119.53 108.52 79.88 74.47 114.61 87.85 54.41 66.92 63.48 57.73 44.37 36.04 43.74 45.25 44.37 42.45 37.86 39.93 43.79 47.28 48.88 58.52 55.68 46.73 48.33 49.84 49.38 51.43 50.61 48.11 39.86 47.86 61.18 39.64 39.80 40.25 35.89 34.15 28.41 25.52 22.70 17.85 18.41 16.62 17.07 17.00 14.14 13.77 12.82 12.00 11.96 11.23
-9999 48.63 51.59 53.24 54.15 55.80 61.24 66.62 67.65 70.48 63.47 68.66 62.90 68.77 80.04 94.50 88.86 109.89 123.93 143.63 160.18 164.41 148.84 152.96 160.80 114.03 113.12 99.35 65.96 60.11 96.46 53.19 49.84 52.43 61.45 50.04 52.15 47.47 44.77 40.02 36.40 39.32 44.81 59.06 51.30 52.12 47.36 46.19 51.35 49.10 47.79 47.58 43.94 37.49 40.91 45.09 44.18 39.44 38.18 39.99 34.79 34.08 31.87 31.78 30.93 26.68 20.97 18.82 17.17 19.23 15.63 15.01 12.32 12.36 12.54 9.39
42.54 42.38 39.38 50.13 50.96 56.67 61.86 67.71 61.46 62.08 61.87 57.86 58.47 69.63 73.82 92.12 94.55 100.28 111.45 127.37 128.31 136.22 133.74 141.70 135.90 108.78 129.15 104.79 79.66 87.01 65.54 52.67 49.63 69.79 73.72 64.02 48.89 48.91 40.29 39.73 44.39 48.67 49.02 47.95 49.18 42.54 42.86 43.27 43.80 36.31 34.56 41.70 42.35 40.40 41.13 40.20 42.25 39.53 39.77 39.48 35.11 33.82 33.19 35.67 33.87 28.28 21.65 17.73 16.24 15.33 14.04 12.29 12.10 12.74 14.53 13.14
42.22 40.93 42.60 47.68 48.05 48.37 53.39 52.86 49.50 50.78 53.17 53.27 53.93 62.89 77.57 85.26 111.79 99.42 116.16 132.91 130.29 104.68 114.06 104.84 107.16 99.38 127.71 86.71 59.91 85.87 56.63 58.46 48.62 54.19 59.63 53.61 56.76 39.13 36.55 31.91 49.41 43.53 44.84 40.64 42.83 47.26 41.19 41.61 39.74 33.31 33.25 40.19 46.15 46.85 41.23 38.99 35.49 36.87 36.50 37.33 36.53 34.44 35.06 35.36 34.64 29.86 23.46 19.73 16.03 14.76 15.93 11.27 13.22 14.79 15.64 14.57
-9999 38.22 42.26 48.67 47.83 45.84 50.76 -9999 -9999 -9999 -9999 50.43 51.54 59.65 59.64 66.08 80.24 81.26 99.71 115.08 133.61 162.04 174.51 133.18 112.27 100.73 100.26 91.09 76.40 59.20 54.83 55.07 48.99 58.24 46.00 44.14 36.00 29.40 36.51 34.98 48.14 42.72 45.52 44.57 41.41 43.95 39.98 39.91 34.71 34.42 36.99 39.54 40.87 39.29 40.65 38.66 35.44 36.25 37.20 39.06 41.92 48.13 40.01 38.01 35.17 28.42 23.21 20.08 17.81 18.46 17.88 15.28 14.68 14.81 14.12 12.94
-9999 37.75 39.25 41.79 41.76 47.06 41.07 -9999 -9999 -9999 -9999 -9999 -9999 -9999 56.15 63.98 64.08 69.59 82.11 110.25 152.21 167.38 184.92 147.73 137.50 118.36 106.23 78.76 80.08 73.83 53.89 51.02 57.13 55.97 52.86 41.71 36.15 29.44 36.83 45.47 44.71 42.26 43.43 39.83 42.89 38.27 35.90 33.20 32.19 34.39 39.51 38.98 39.23 36.52 37.52 39.91 40.47 38.80 39.58 42.12 44.09 50.97 40.28 41.25 32.38 30.05 25.91 26.43 21.59 20.04 18.70 10.88 15.86 13.48 13.11 11.97
-9999 -9999 -9999 37.50 -9999 -9999 -9999 -9999 -9999 -9999 -9999 -9999 40.46 49.30 58.08 62.97 44.80 49.83 72.57 93.95 128.53 144.90 154.34 137.73 118.93 103.86 107.79 86.96 76.11 65.25 53.00 47.10 48.51 49.66 45.23 41.54 42.25 38.96 35.33 52.52 46.30 43.77 43.45 40.98 40.45 38.86 35.95 33.79 31.49 31.01 33.97 34.37 37.77 35.36 38.82 43.34 47.44 42.94 43.30 41.55 43.98 37.52 34.76 34.98 27.92 27.65 30.01 30.69 22.63 22.26 23.01 20.40 25.19 23.56 19.33 15.46
-9999 -9999 -9999 -9999 -9999 -9999 -9999 -9999 -9999 -9999 -9999 -9999 32.64 40.03 51.69 54.18 54.44 -9999 -9999 68.38 96.05 107.88 114.43 110.34 119.23 111.94 99.50 74.94 68.24 58.66 46.39 46.25 39.94 39.09 40.33 39.41 37.70 39.47 40.73 47.90 43.38 42.52 41.67 39.98 45.64 42.22 34.01 34.84 32.12 32.27 22.48 40.56 48.22 43.53 40.55 43.15 41.08 40.60 40.51 41.20 36.49 32.42 33.31 31.60 35.78 29.39 28.65 20.82 20.90 23.50 26.83 24.36 20.97 20.02 18.01 17.71
-9999 -9999 -9999 -9999 -9999 -9999 -9999 -9999 -9999 -9999 -9999 -9999 -9999 -9999 -9999 -9999 -9999 -9999 -9999 57.73 64.10 76.89 72.28 81.44 101.80 111.24 73.23 64.74 59.07 49.98 43.44 43.20 41.11 -9999 39.88 36.87 37.38 32.45 37.25 43.25 41.99 51.49 45.71 47.00 44.55 45.87 36.16 38.39 40.68 41.50 40.89 51.85 53.54 48.05 43.40 49.94 44.42 42.36 38.62 39.23 34.10 30.79 26.50 28.00 42.27 35.37 30.35 24.06 24.23 25.36 23.80 23.62 21.56 19.55 17.54 19.59
-9999 -9999 -9999 -9999 -9999 -9999 -9999 -9999 -9999 -9999 -9999 -9999 -9999 -9999 -9999 -9999 -9999 -9999 -9999 -9999 54.86 51.79 58.26 66.75 72.29 74.32 67.61 57.32 51.56 -9999 -9999 -9999 -9999 43.46 39.95 39.95 37.98 35.35 41.72 45.52 46.93 46.58 41.54 42.69 44.27 43.53 43.84 40.78 46.05 42.68 45.54 49.87 47.69 43.76 41.99 45.34 40.80 36.16 31.60 29.26 28.95 26.43 24.89 14.93 26.10 24.79 25.14 21.62 20.97 37.99 25.87 28.58 22.71 23.51 17.77 17.10
-9999 -9999 -9999 -9999 -9999 -9999 -9999 -9999 -9999 -9999 -9999 -9999 -9999 -9999 -9999 -9999 -9999 -9999 -9999 -9999 -9999 51.98 53.67 59.46 57.63 60.83 53.96 45.47 -9999 -9999 -9999 -9999 45.17 54.99 50.52 40.96 40.87 35.73 45.96 45.92 48.87 43.36 39.82 40.71 42.35 46.31 45.64 44.28 44.61 46.52 51.71 50.52 40.83 39.23 42.57 38.09 35.74 31.99 26.84 28.10 27.80 24.30 24.14 17.51 30.52 27.67 21.69 20.17 15.63 16.27 11.47 15.57 19.58 21.74 16.60 15.64
-9999 -9999 -9999 -9999 -9999 -9999 -9999 -9999 -9999 -9999 -9999 -9999 -9999 -9999 -9999 -9999 -9999 -9999 -9999 -9999 -9999 -9999 42.88 52.17 51.05 50.16 42.17 38.00 -9999 -9999 -9999 41.19 46.84 46.80 43.84 43.86 39.56 30.14 39.01 39.87 43.35 44.71 40.48 42.39 49.82 50.61 49.14 46.24 44.69 45.05 41.11 42.57 41.09 35.92 37.71 39.32 34.11 29.13 29.26 29.60 29.40 29.28 22.72 25.38 20.83 18.03 20.01 19.18 17.80 15.37 14.65 14.03 14.88 16.76 17.19 16.89
-9999 -9999 -9999 -9999 -9999 -9999 -9999 -9999 -9999 -9999 -9999 -9999 -9999 -9999 -9999 -9999 -9999 -9999 -9999 -9999 -9999 -9999 -9999 -9999 -9999 -9999 -9999 -9999 -9999 -9999 47.40 49.79 51.05 46.23 48.30 41.27 43.16 40.22 39.86 37.58 35.81 43.66 44.17 40.96 45.45 45.72 42.90 44.64 45.69 47.40 44.46 50.36 45.87 42.96 43.97 40.62 26.81 27.74 31.60 29.88 28.53 30.07 24.06 26.61 23.73 20.27 20.81 18.92 16.31 16.79 14.90 14.86 14.86 15.65 13.58 15.00
-9999 -9999 -9999 -9999 -9999 -9999 -9999 -9999 -9999 -9999 -9999 -9999 -9999 -9999 -9999 -9999 -9999 -9999 -9999 -9999 -9999 -9999 -9999 -9999 -9999 -9999 -9999 -9999 -9999 -9999 46.59 51.43 54.47 64.51 57.16 44.22 45.38 43.68 40.01 33.18 29.84 37.33 38.84 38.22 43.32 45.61 41.94 45.90 41.84 49.89 53.05 50.47 51.97 45.37 48.88 40.70 34.58 31.77 29.26 30.42 30.55 29.80 26.67 24.70 25.26 24.01 23.04 24.17 17.34 17.76 20.99 17.47 16.75 14.25 13.66 14.03
-9999 -9999 -9999 -9999 -9999 -9999 -9999 -9999 -9999 -9999 -9999 -9999 -9999 -9999 -9999 -9999 -9999 -9999 -9999 -9999 -9999 -9999 -9999 -9999 -9999 -9999 -9999 -9999 -9999 -9999 44.36 45.79 55.25 60.04 57.60 58.69 52.17 49.20 41.84 39.37 36.29 33.80 40.49 45.08 44.91 45.89 42.30 43.29 41.51 44.61 48.46 52.08 47.18 42.20 39.16 40.65 37.82 32.11 31.57 30.70 31.16 30.38 26.44 24.36 22.92 25.42 25.58 25.87 21.19 16.67 15.26 14.11 10.68 15.53 14.44 13.86
-9999 -9999 -9999 -9999 -9999 -9999 -9999 -9999 -9999 -9999 -9999 -9999 -9999 53.50 66.29 52.58 70.30 61.38 80.31 64.30 56.35 40.40 46.95 33.80 -9999 -9999 -9999 -9999 -9999 -9999 41.37 44.91 48.23 51.06 53.75 59.84 59.60 53.71 44.75 36.92 37.47 39.90 45.24 42.98 41.11 43.20 42.60 45.11 45.82 43.54 39.39 36.99 50.72 42.74 38.21 40.96 42.86 38.18 32.15 32.24 30.33 28.27 28.67 25.63 24.09 24.73 22.48 20.84 17.75 11.14 13.34 13.06 12.52 14.06 12.84 13.86
-9999 -9999 -9999 -9999 -9999 -9999 -9999 -9999 -9999 -9999 -9999 -9999 -9999 62.18 68.26 74.30 59.44 93.76 110.82 87.39 78.94 47.98 45.51 38.95 27.78 35.91 33.61 32.09 31.20 32.64 40.50 42.66 43.14 45.46 47.21 49.58 47.52 44.52 38.82 37.63 43.30 42.02 39.23 41.04 45.25 41.75 42.47 45.26 43.39 43.94 38.57 32.59 50.86 40.96 39.86 40.15 37.95 38.83 34.95 30.82 30.77 29.34 28.33 26.24 24.07 28.90 22.64 17.65 14.99 12.35 12.17 12.44 10.39 13.17 10.95 13.07
-9999 -9999 -9999 -9999 -9999 -9999 -9999 -9999 -9999 -9999 -9999 -9999 35.05 64.00 56.34 61.10 70.22 77.68 111.43 112.82 81.04 74.63 59.24 49.07 39.95 40.64 43.19 35.49 32.25 26.08 31.58 39.81 39.07 42.83 36.49 39.96 43.53 40.49 39.89 46.42 43.69 47.40 46.69 41.48 44.58 45.89 43.81 46.07 43.71 39.47 40.89 42.31 43.79 42.69 34.47 36.30 38.99 42.38 33.62 33.14 35.49 33.15 28.43 27.66 23.50 24.53 20.56 16.04 13.39 12.38 13.26 13.47 13.63 11.76 12.71 14.42
-9999 -9999 -9999 -9999 -9999 -9999 -9999 -9999 -9999 -9999 -9999 -9999 -9999 45.53 50.26 46.96 50.77 66.20 76.81 86.87 72.55 71.90 53.04 49.65 55.63 50.23 44.62 30.02 36.08 31.83 29.23 35.18 35.10 33.33 26.77 36.31 38.22 41.26 41.00 41.82 42.09 46.85 56.99 36.54 37.95 46.90 44.82 46.83 44.32 41.62 39.31 39.53 44.76 42.36 34.10 35.79 39.92 42.59 37.08 28.57 32.39 28.10 27.15 25.91 22.60 21.49 16.80 16.13 13.45 12.48 14.94 15.78 12.79 12.68 13.23 13.44
-9999 -9999 -9999 -9999 -9999 -9999 -9999 -9999 -9999 53.75 -9999 -9999 40.60 41.15 61.59 46.54 43.54 46.87 53.74 58.12 61.42 61.28 62.64 51.19 57.33 52.45 38.91 30.05 30.41 31.26 24.94 33.73 38.43 35.98 34.27 37.49 35.30 41.62 39.62 42.41 41.01 41.38 41.05 39.36 44.54 46.23 44.60 45.23 45.93 41.70 42.45 43.78 44.40 43.21 40.31 36.72 44.97 45.63 44.00 35.28 32.21 28.78 26.77 24.46 23.27 20.10 17.47 14.98 12.91 13.38 14.41 14.60 13.43 10.63 13.00 12.17
-9999 -9999 -9999 -9999 -9999 -9999 -9999 -9999 48.52 41.78 44.60 45.60 40.80 49.57 54.07 43.17 37.75 41.71 46.72 55.92 56.91 56.64 49.39 47.73 52.38 40.39 30.17 28.52 27.06 28.39 26.09 34.96 33.27 35.61 38.40 37.11 38.62 36.20 37.24 42.66 41.58 40.66 41.80 42.03 50.15 48.37 44.65 45.17 46.60 39.23 39.03 41.28 40.64 40.85 35.92 38.12 38.53 42.19 41.35 36.98 32.58 32.12 29.18 24.49 23.11 21.31 18.33 15.32 13.45 13.23 12.17 13.25 11.62 11.67 11.37 12.17
-9999 -9999 -9999 -9999 -9999 -9999 -9999 -9999 44.52 40.01 43.74 46.25 46.50 50.12 42.99 41.89 42.43 39.13 51.03 53.92 52.40 54.29 46.66 42.54 43.05 39.95 41.20 37.50 31.57 32.74 34.04 31.29 36.40 38.32 39.66 37.45 39.19 31.79 36.81 36.54 34.66 40.49 45.21 39.19 43.67 44.54 37.46 35.64 42.04 39.45 34.69 31.50 40.00 35.08 27.85 34.75 38.29 40.87 40.93 34.75 33.77 30.42 30.15 25.55 20.69 23.30 20.94 16.33 14.60 13.04 12.85 13.26 14.85 13.45 11.41 11.68
-9999 -9999 -9999 -9999 -9999 -9999 -9999 -9999 48.30 55.75 50.05 48.83 44.36 40.22 38.72 36.78 34.87 33.79 33.08 44.07 44.72 46.04 37.33 42.00 36.08 40.13 45.65 40.06 30.44 41.11 36.97 38.33 44.52 49.70 41.65 35.75 40.36 36.86 30.72 33.74 34.79 34.31 36.51 37.99 37.16 37.45 35.38 33.52 37.48 37.20 32.93 33.83 39.77 23.50 29.13 35.89 37.06 37.47 37.14 33.83 30.40 29.31 33.86 30.29 23.51 26.34 21.47 14.74 14.71 19.02 17.03 17.50 14.67 13.64 12.09 11.02
-9999 -9999 -9999 -9999 -9999 -9999 -9999 -9999 40.70 48.71 42.71 44.88 40.78 39.37 34.22 27.99 35.43 34.55 30.46 35.80 38.94 38.45 37.96 40.87 40.10 40.49 45.71 42.68 36.83 44.68 46.14 54.02 51.06 51.41 44.06 41.70 40.21 38.76 35.68 35.09 36.68 31.77 33.41 35.24 35.03 35.00 34.04 36.53 35.18 35.38 34.39 31.49 30.61 28.63 29.13 32.04 38.47 34.42 32.72 31.27 26.62 25.78 25.66 20.15 17.59 21.51 17.94 15.16 14.75 16.19 15.47 16.72 12.71 12.08 15.09 13.28
-9999 -9999 -9999 -9999 -9999 -9999 -9999 -9999 38.10 38.11 35.22 39.90 44.37 51.90 44.57 35.18 33.25 33.55 28.33 27.53 28.54 38.12 37.46 34.77 37.00 39.78 46.07 47.05 50.90 44.71 42.87 51.78 59.49 55.31 56.25 42.89 47.49 48.93 42.28 37.00 38.03 33.02 30.35 33.78 33.40 30.30 28.88 27.11 32.26 31.54 31.28 29.38 27.62 27.43 25.48 23.72 29.34 29.77 30.02 29.34 27.57 23.04 23.80 21.99 17.17 17.62 15.08 12.70 -9999 -9999 11.29 11.41 9.69 11.31 11.42 13.52
-9999 -9999 -9999 -9999 -9999 -9999 -9999 44.63 41.16 35.97 31.65 40.74 44.71 54.91 48.71 43.71 34.13 31.31 26.25 22.34 23.40 36.42 36.14 29.14 28.50 33.84 37.42 46.16 50.92 42.85 37.39 47.27 41.25 49.19 48.52 47.54 50.67 49.31 46.02 40.60 36.02 33.07 34.77 34.29 33.06 28.40 24.70 24.31 27.33 27.80 30.47 27.80 26.86 25.47 -9999 -9999 27.22 27.61 29.74 27.61 23.73 20.92 22.87 -9999 -9999 -9999 -9999 -9999 -9999 -9999 -9999 -9999 -9999 10.89 11.36 12.08
-9999 -9999 -9999 -9999 -9999 -9999 57.33 60.33 40.97 37.53 32.33 38.65 38.61 52.18 51.85 55.66 47.74 37.93 26.69 26.77 28.50 30.65 29.44 25.24 23.79 28.61 34.06 39.52 45.33 43.34 51.91 38.82 46.66 61.90 50.27 51.45 49.92 44.79 53.49 45.32 33.95 31.17 28.51 26.24 28.16 27.39 21.31 22.12 20.81 23.18 28.98 -9999 27.41 26.63 26.53 27.86 27.36 -9999 -9999 -9999 -9999 19.67 -9999 -9999 -9999 -9999 -9999 -9999 -9999 -9999 -9999 -9999 -9999 -9999 -9999 -9999
-9999 -9999 -9999 -9999 -9999 43.60 56.81 50.31 37.95 32.74 26.16 25.43 33.25 37.41 60.31 77.44 66.62 45.11 28.55 33.62 28.12 30.22 22.63 24.65 26.81 26.16 20.43 24.91 30.11 -9999 -9999 -9999 -9999 -9999 41.53 45.22 48.98 46.50 51.94 45.96 36.16 32.20 25.47 16.63 23.00 -9999 -9999 -9999 -9999 -9999 30.56 30.26 29.57 29.17 29.51 34.84 27.85 -9999 -9999 -9999 -9999 -9999 -9999 -9999 -9999 -9999 -9999 -9999 -9999 -9999 -9999 -9999 -9999 -9999 -9999 -9999
-9999 -9999 -9999 -9999 42.87 57.09 55.57 49.03 43.92 27.17 27.17 31.57 36.52 40.53 54.17 77.80 91.12 53.20 43.20 33.89 34.33 24.72 22.52 20.07 21.87 15.74 -9999 -9999 -9999 -9999 -9999 -9999 -9999 -9999 -9999 34.87 38.98 35.89 49.46 45.64 39.47 32.71 36.00 31.65 29.46 -9999 -9999 -9999 -9999 -9999 -9999 -9999 29.08 31.23 23.78 29.07 -9999 -9999 -9999 -9999 -9999 -9999 -9999 -9999 -9999 -9999 -9999 -9999 -9999 -9999 -9999 -9999 -9999 -9999 -9999 -9999
-9999 31.17 32.05 35.24 42.35 47.89 54.40 50.39 34.09 27.57 28.81 35.94 38.12 41.82 47.45 66.03 64.21 50.22 35.12 34.52 25.93 21.27 19.47 17.06 -9999 -9999 -9999 -9999 -9999 -9999 -9999 -9999 -9999 -9999 -9999 -9999 -9999 37.57 -9999 -9999 -9999 -9999 29.19 29.58 29.56 -9999 -9999 -9999 -9999 -9999 -9999 -9999 -9999 25.40 27.60 23.48 -9999 -9999 -9999 -9999 -9999 -9999 -9999 -9999 -9999 -9999 -9999 -9999 -9999 -9999 -9999 -9999 -9999 -9999 -9999 -9999
-9999 32.74 34.46 39.69 39.70 41.93 51.64 47.77 41.37 29.02 28.87 35.58 37.06 35.82 41.94 49.46 54.69 40.42 33.04 36.98 24.19 19.06 15.45 -9999 -9999 -9999 -9999 -9999 -9999 -9999 -9999 -9999 -9999 -9999 -9999 -9999 -9999 28.12 -9999 -9999 -9999 -9999 -9999 -9999 -9999 -9999 -9999 -9999 -9999 -9999 -9999 -9999 -9999 -9999 -9999 -9999 -9999 -9999 -9999 -9999 -9999 -9999 -9999 -9999 -9999 -9999 -9999 -9999 -9999 -9999 -9999 -9999 -9999 -9999 -9999 -9999
-9999 33.47 38.35 39.51 27.97 35.83 41.50 37.35 33.96 26.59 30.16 33.40 31.60 30.82 36.40 40.43 50.80 55.07 38.27 31.64 22.93 18.81 16.22 -9999 -9999 -9999 -9999 -9999 -9999 -9999 -9999 -9999 -9999 -9999 -9999 -9999 -9999 -9999 -9999 -9999 -9999 -9999 -9999 -9999 -9999 -9999 -9999 -9999 -9999 -9999 -9999 -9999 -9999 -9999 -9999 -9999 -9999 -9999 -9999 -9999 -9999 -9999 -9999 -9999 -9999 -9999 -9999 -9999 -9999 -9999 -9999 -9999 -9999 -9999 -9999 -9999
27.17 29.63 39.06 44.00 31.82 33.49 33.76 30.66 27.97 27.64 28.04 28.50 24.48 27.20 30.05 36.06 43.34 51.44 40.34 29.10 21.21 16.05 11.50 -9999 -9999 -9999 -9999 -9999 -9999 -9999 -9999 -9999 -9999 -9999 -9999 -9999 -9999 -9999 -9999 -9999 -9999 -9999 -9999 -9999 -9999 -9999 -9999 -9999 -9999 -9999 -9999 -9999 -9999 -9999 -9999 -9999 -9999 -9999 -9999 -9999 -9999 -9999 -9999 -9999 -9999 -9999 -9999 -9999 -9999 -9999 -9999 -9999 -9999 -9999 -9999 -9999
