Rainfall_2007-2011/Rainfall_2008-01_ACTUAL.txt
ncols         180
nrows         290
xllcorner     -200000
yllcorner     -200000
cellsize      5000
NODATA_value  -9999
[rows 165 to 197 of 290, columns 75 to 149 of 180]
-9999 -9999 -9999 -9999 -9999 -9999 -9999 -9999 -9999 -9999 -9999 -9999 -9999 -9999 -9999 -9999 -9999 -9999 -9999 -9999 -9999 -9999 -9999 -9999 -9999 -9999 -9999 -9999 -9999 -9999 -9999 -9999 153.93 163.59 162.16 162.86 192.51 229.19 248.83 293.71 312.48 303.75 330.73 314.21 300.28 294.89 228.80 187.87 182.70 162.72 160.50 140.01 128.15 123.69 112.02 115.32 119.95 113.67 115.66 121.07 120.78 107.60 94.76 125.28 128.18 130.05 121.11 122.57 -9999 119.43 105.51 107.42 109.90 -9999 -9999
-9999 -9999 -9999 -9999 -9999 -9999 -9999 -9999 -9999 -9999 -9999 -9999 -9999 -9999 -9999 -9999 -9999 -9999 -9999 -9999 -9999 -9999 -9999 -9999 -9999 -9999 -9999 -9999 -9999 -9999 -9999 146.07 154.43 186.07 166.07 175.95 181.31 240.63 272.68 297.96 341.66 309.13 323.07 323.55 292.97 323.05 313.24 220.52 173.66 188.80 161.14 139.22 130.58 123.38 111.00 126.00 116.40 116.57 117.94 119.04 118.41 110.69 119.29 131.65 129.88 141.57 130.38 123.24 119.73 -9999 99.76 105.55 104.76 106.20 -9999
-9999 -9999 -9999 -9999 -9999 -9999 -9999 -9999 -9999 -9999 -9999 -9999 -9999 -9999 -9999 -9999 -9999 -9999 -9999 -9999 -9999 -9999 -9999 -9999 -9999 -9999 -9999 -9999 -9999 -9999 -9999 128.81 148.61 166.79 153.07 181.90 205.25 215.23 243.93 223.77 255.08 269.80 269.58 258.45 287.51 326.91 300.05 234.71 213.35 189.65 151.98 163.02 138.30 136.51 136.86 120.53 118.95 119.00 118.38 119.99 118.55 110.22 112.95 136.28 131.46 120.91 126.24 131.68 120.39 114.55 -9999 -9999 -9999 -9999 -9999
-9999 -9999 -9999 -9999 -9999 -9999 -9999 -9999 -9999 -9999 -9999 -9999 -9999 -9999 -9999 -9999 -9999 -9999 -9999 -9999 -9999 -9999 -9999 -9999 -9999 -9999 -9999 -9999 -9999 -9999 154.45 150.36 154.75 171.10 169.24 171.73 192.64 210.24 215.50 211.64 217.53 227.48 229.33 244.48 289.82 342.05 353.89 282.96 264.88 230.19 194.02 140.06 132.29 132.47 132.71 117.65 115.12 117.75 113.85 119.48 121.84 115.59 118.50 124.55 134.20 138.16 121.34 120.23 118.40 117.19 105.54 110.47 -9999 -9999 -9999
-9999 -9999 -9999 -9999 -9999 -9999 -9999 -9999 -9999 -9999 -9999 -9999 -9999 -9999 -9999 -9999 -9999 -9999 -9999 -9999 -9999 -9999 -9999 -9999 -9999 -9999 -9999 -9999 -9999 -9999 -9999 145.26 171.87 180.69 163.25 180.75 171.30 185.90 185.30 189.00 198.82 198.03 201.33 209.06 242.64 291.24 344.69 378.90 289.48 243.64 211.02 153.81 156.13 124.10 108.31 116.89 109.46 109.73 116.85 121.34 122.97 120.50 133.48 128.01 126.63 130.63 121.62 133.24 122.17 121.03 109.88 102.33 101.44 101.86 -9999
-9999 -9999 -9999 -9999 -9999 -9999 -9999 -9999 -9999 -9999 -9999 -9999 -9999 -9999 -9999 -9999 -9999 -9999 -9999 -9999 -9999 -9999 -9999 -9999 -9999 -9999 -9999 -9999 -9999 -9999 -9999 148.39 173.22 167.13 162.04 170.40 160.36 159.28 154.19 169.30 175.42 160.92 165.42 196.74 213.89 224.51 315.38 355.09 324.29 305.59 209.18 167.85 139.70 128.91 113.89 120.31 101.61 114.39 112.62 134.85 133.13 119.65 125.29 127.45 121.19 123.15 123.65 113.14 129.13 138.79 118.75 101.34 99.17 100.94 -9999
-9999 -9999 -9999 -9999 -9999 -9999 -9999 -9999 -9999 -9999 -9999 180.30 166.82 145.60 167.67 -9999 -9999 -9999 -9999 -9999 -9999 -9999 -9999 -9999 -9999 -9999 -9999 -9999 -9999 -9999 115.74 126.14 171.50 162.77 162.55 151.21 142.06 134.21 136.25 145.67 155.37 153.38 159.46 179.91 201.56 258.77 274.48 299.06 271.67 290.84 252.90 139.92 141.48 99.15 127.73 84.98 81.42 112.59 120.43 114.65 147.30 132.07 127.72 128.04 119.98 116.73 122.27 115.46 134.26 139.02 140.53 117.50 109.80 105.92 107.10
-9999 -9999 -9999 -9999 -9999 -9999 -9999 -9999 -9999 -9999 -9999 174.73 166.05 155.13 161.79 -9999 -9999 -9999 -9999 -9999 -9999 -9999 -9999 -9999 -9999 -9999 -9999 -9999 -9999 118.40 125.46 125.05 142.84 153.68 139.21 131.41 124.19 120.09 122.45 131.57 134.96 144.80 145.81 164.31 160.90 190.65 237.01 329.35 259.84 217.97 196.91 168.73 136.63 110.38 112.24 90.96 99.47 110.02 118.94 118.64 135.00 143.41 127.89 120.85 121.49 117.35 128.89 118.74 145.62 138.51 134.15 136.03 131.24 120.93 113.71
-9999 -9999 -9999 -9999 -9999 -9999 -9999 -9999 -9999 108.17 149.19 175.85 173.47 170.48 185.09 171.93 129.77 160.34 -9999 -9999 149.78 133.37 -9999 -9999 -9999 97.17 106.30 112.05 -9999 102.25 124.81 125.16 113.29 112.24 118.35 124.24 122.65 121.31 127.17 118.80 115.17 137.80 142.80 142.80 173.93 173.84 208.39 262.39 190.32 184.24 202.05 154.61 160.84 124.72 111.29 112.71 120.50 113.52 116.57 119.96 123.26 116.46 131.49 110.65 117.59 117.56 117.64 120.99 135.92 141.32 129.20 142.67 127.08 119.72 104.02
-9999 -9999 -9999 -9999 -9999 -9999 -9999 -9999 -9999 -9999 130.41 134.32 173.61 181.68 192.41 178.57 180.00 172.92 -9999 182.95 190.04 180.56 151.97 124.97 115.17 109.09 133.16 107.07 98.12 -9999 91.31 96.16 95.16 86.79 95.14 104.35 101.52 108.40 114.47 113.13 126.53 135.94 143.70 138.06 184.19 235.82 208.31 223.05 165.30 199.68 153.39 141.18 125.97 116.49 124.64 117.42 112.60 115.26 110.70 111.20 117.31 120.82 124.16 114.33 128.67 118.36 113.40 117.30 123.37 129.19 115.05 137.68 127.40 121.65 114.99
-9999 -9999 -9999 -9999 -9999 -9999 -9999 -9999 -9999 -9999 -9999 132.12 173.59 194.00 188.59 155.26 170.95 224.32 260.84 352.79 217.89 204.95 188.08 172.37 146.49 131.08 109.01 99.14 101.44 100.49 88.91 81.04 90.96 85.15 91.75 94.32 102.26 109.47 111.78 109.18 111.78 122.39 143.73 127.83 184.41 228.59 229.49 211.31 180.50 174.57 156.70 141.95 127.05 121.28 122.61 107.19 102.86 108.60 104.01 110.99 99.15 96.79 108.20 112.31 118.50 114.78 111.15 108.12 113.06 110.50 120.87 125.93 124.26 123.09 104.70
-9999 -9999 -9999 -9999 -9999 -9999 -9999 -9999 -9999 -9999 -9999 -9999 176.26 169.21 168.98 170.63 248.18 330.02 427.57 392.44 320.80 237.59 184.75 197.27 174.49 132.16 128.45 119.37 93.71 102.48 96.15 97.85 89.68 79.97 83.19 91.29 91.90 105.31 116.00 102.02 107.98 113.87 127.52 158.13 180.31 180.69 211.79 216.62 208.46 160.24 151.22 155.30 140.99 131.82 130.30 121.54 107.86 117.38 102.08 105.38 99.58 88.55 97.15 110.12 109.41 105.32 102.90 99.49 99.17 101.02 107.13 125.01 109.89 103.77 99.19
-9999 -9999 -9999 -9999 -9999 -9999 -9999 -9999 -9999 -9999 -9999 -9999 -9999 194.00 201.83 280.13 349.24 459.41 535.45 521.58 386.04 348.02 231.78 235.81 216.16 185.19 153.75 121.35 127.36 99.42 104.20 120.11 92.77 84.78 82.55 86.13 87.63 89.94 92.07 98.02 106.74 110.39 123.80 153.65 178.87 178.86 182.48 181.65 196.06 179.96 129.01 170.96 136.18 140.06 144.38 130.57 124.10 119.34 101.44 112.07 98.07 79.48 97.72 87.38 108.88 104.46 100.53 90.69 84.89 93.91 93.37 98.64 88.47 96.39 92.22
-9999 -9999 -9999 -9999 -9999 -9999 -9999 -9999 -9999 -9999 -9999 -9999 -9999 207.15 227.60 306.85 412.11 585.72 671.85 557.07 392.24 316.84 302.54 271.43 256.35 207.86 188.31 125.46 124.43 135.71 129.25 110.14 88.26 81.58 79.92 86.90 89.33 92.45 86.49 95.87 107.03 105.64 119.12 154.52 136.88 145.49 202.23 209.90 200.67 186.78 163.63 166.29 137.21 145.39 142.13 128.09 130.64 126.74 106.16 100.38 84.65 77.84 87.50 87.98 104.38 110.62 96.50 86.70 78.82 79.25 79.00 82.57 76.04 82.61 86.21
-9999 -9999 -9999 -9999 -9999 -9999 -9999 -9999 -9999 -9999 -9999 -9999 -9999 229.39 271.10 355.81 391.61 648.26 582.13 492.68 398.83 281.52 307.27 285.74 232.23 219.66 158.49 140.28 172.36 146.75 139.73 103.47 93.04 84.10 83.76 94.10 92.46 94.59 98.53 97.12 107.29 123.15 128.29 141.86 154.51 160.76 176.94 185.83 205.88 159.90 169.82 183.37 131.55 132.55 135.13 143.30 138.06 116.24 119.32 91.45 87.62 86.48 86.29 82.98 104.31 89.30 87.94 81.79 76.45 75.11 74.71 73.02 71.44 74.84 77.41
-9999 -9999 -9999 -9999 -9999 -9999 -9999 -9999 -9999 -9999 -9999 -9999 194.04 349.97 304.14 401.25 427.35 424.13 563.64 551.21 504.24 497.04 416.45 316.98 240.44 189.09 164.95 175.91 196.66 158.26 142.29 109.33 89.27 79.31 90.85 89.19 88.35 92.30 91.30 92.20 108.35 122.19 117.75 133.03 147.98 129.64 158.42 182.32 166.66 160.38 143.46 143.38 136.48 118.41 123.17 122.36 122.83 116.82 107.43 93.90 86.37 84.74 84.89 77.09 89.61 83.74 83.38 81.94 72.79 70.10 70.93 74.68 73.39 70.25 -9999
-9999 -9999 -9999 -9999 -9999 -9999 -9999 -9999 -9999 -9999 176.66 168.69 195.83 173.19 247.10 270.79 305.04 285.91 361.08 426.32 495.12 502.35 477.23 414.97 311.82 215.07 212.39 184.26 147.48 145.22 132.23 119.65 100.09 79.42 90.66 85.13 86.16 93.07 89.30 99.56 109.59 121.86 127.27 120.76 126.96 138.94 129.55 131.94 151.89 135.97 125.47 128.38 122.30 114.58 109.65 114.19 107.21 98.09 103.86 102.10 83.19 86.42 78.04 71.30 74.80 78.52 66.66 74.68 68.81 67.32 68.71 68.21 73.54 -9999 -9999
-9999 -9999 -9999 -9999 -9999 -9999 -9999 -9999 -9999 156.60 176.96 178.56 186.43 165.24 174.22 213.60 236.32 240.36 324.38 390.71 434.93 530.13 407.57 289.82 285.27 236.87 272.30 251.04 219.86 172.97 159.26 126.75 96.95 88.46 92.93 91.56 83.23 90.59 95.78 104.61 116.31 108.64 113.81 122.56 122.90 121.55 128.24 121.47 122.72 113.39 115.05 116.15 107.75 111.83 98.23 95.56 94.41 86.40 95.47 94.56 77.74 70.38 77.29 75.13 79.04 72.13 65.16 66.67 66.49 63.02 65.38 68.79 72.67 -9999 -9999
-9999 -9999 -9999 -9999 -9999 -9999 -9999 -9999 158.94 164.66 155.90 181.74 -9999 -9999 -9999 -9999 169.76 250.76 384.39 407.96 428.84 415.06 411.62 383.13 361.50 304.01 381.52 298.06 230.92 173.80 167.96 125.34 106.13 100.76 94.86 87.22 87.89 88.04 89.34 92.37 104.07 96.64 99.03 103.55 111.44 106.52 116.19 105.09 110.76 114.63 101.73 98.56 98.30 103.89 101.12 95.41 91.14 93.12 95.50 86.34 76.64 79.47 75.88 79.33 80.44 69.11 69.18 68.31 67.68 69.41 75.47 73.70 70.09 79.13 -9999
-9999 -9999 -9999 -9999 -9999 -9999 -9999 -9999 135.06 178.23 160.05 164.95 -9999 -9999 -9999 -9999 162.57 229.85 420.24 357.00 425.74 463.57 466.70 509.23 480.21 334.73 380.34 269.96 151.14 160.43 139.03 119.32 125.70 93.15 93.31 92.00 93.74 96.47 97.16 91.26 87.16 100.88 89.72 92.36 103.76 109.21 109.95 110.99 115.15 110.85 112.43 103.33 106.59 105.09 94.34 98.35 83.09 94.15 94.73 85.36 85.55 79.72 81.00 80.84 84.23 83.57 75.02 67.76 66.80 68.89 77.29 73.31 75.56 78.98 78.40
-9999 -9999 -9999 -9999 -9999 -9999 -9999 -9999 -9999 -9999 -9999 -9999 -9999 -9999 -9999 -9999 206.60 258.31 313.85 331.83 425.45 411.09 520.68 597.38 431.69 380.47 343.65 253.27 192.60 159.62 141.16 108.34 104.08 84.96 89.90 86.05 84.62 83.96 72.90 86.14 93.23 97.52 91.89 92.07 98.29 99.28 101.99 98.13 87.21 98.30 128.97 119.51 116.06 100.95 92.89 88.73 88.26 78.56 93.73 86.95 76.82 76.12 88.91 78.71 85.03 85.20 80.55 67.92 65.84 66.56 67.75 67.77 76.58 80.77 89.12
-9999 -9999 -9999 -9999 -9999 -9999 -9999 -9999 -9999 -9999 -9999 -9999 -9999 -9999 -9999 -9999 -9999 211.72 233.68 342.22 404.19 485.66 476.31 539.09 474.87 338.35 249.88 200.22 146.05 150.15 116.30 100.97 94.04 99.39 90.22 89.64 89.50 87.85 79.29 84.96 90.41 97.79 100.89 94.15 102.30 112.48 96.44 91.69 61.70 78.25 99.02 99.32 105.75 101.15 112.22 97.87 92.60 87.10 73.96 78.08 85.58 86.15 92.20 85.01 84.04 78.23 77.55 68.23 66.89 65.32 66.42 75.95 77.89 81.63 89.62
-9999 -9999 -9999 -9999 -9999 -9999 -9999 -9999 -9999 -9999 -9999 -9999 -9999 -9999 -9999 -9999 -9999 223.16 331.41 510.18 470.74 487.49 430.45 416.64 339.19 302.76 235.53 163.08 168.76 132.49 108.87 107.59 98.39 93.03 87.24 90.45 92.32 89.60 80.88 98.31 99.73 98.72 100.81 96.85 99.16 109.52 98.11 86.69 90.93 87.62 88.13 97.68 102.64 102.51 135.47 121.82 94.63 92.20 85.54 92.00 98.02 96.56 94.09 88.47 82.31 81.04 77.04 68.97 65.92 66.91 64.56 72.27 80.55 74.53 74.75
-9999 -9999 -9999 -9999 -9999 -9999 -9999 -9999 -9999 -9999 -9999 -9999 -9999 -9999 -9999 -9999 219.66 248.77 327.53 430.71 427.57 415.32 378.44 429.59 354.79 296.99 227.33 165.55 174.31 119.28 162.57 110.60 98.40 92.00 98.51 90.30 86.07 104.89 99.14 103.97 90.71 93.23 96.70 98.19 108.42 110.91 102.97 102.51 94.72 86.92 87.64 90.17 96.72 98.86 118.24 112.60 100.53 96.68 98.88 105.86 106.92 102.98 101.56 92.29 83.27 82.15 87.69 74.12 69.46 71.47 73.89 75.94 74.39 74.43 76.57
-9999 -9999 -9999 -9999 -9999 -9999 -9999 -9999 -9999 -9999 -9999 -9999 -9999 -9999 -9999 -9999 188.65 228.50 348.39 331.51 318.76 300.49 304.64 363.02 330.16 233.70 192.87 167.12 161.08 130.64 130.86 126.09 155.37 121.14 109.84 98.50 78.04 90.11 102.15 102.66 93.55 99.95 106.89 99.53 128.73 115.09 114.25 106.37 93.20 88.49 83.02 86.08 92.07 98.42 110.35 107.00 95.19 95.09 96.51 112.00 95.58 106.65 100.78 90.81 89.95 72.05 69.48 78.02 75.21 84.07 76.50 75.18 75.47 74.52 75.96
-9999 -9999 -9999 -9999 -9999 -9999 -9999 -9999 -9999 -9999 -9999 -9999 -9999 -9999 -9999 -9999 145.09 203.00 218.77 259.13 272.97 283.74 303.38 342.28 281.93 256.53 184.77 168.50 144.67 136.54 135.84 134.51 138.17 159.77 133.82 123.58 99.17 96.52 99.47 93.01 95.77 97.24 98.98 108.11 130.98 123.62 116.47 100.15 91.79 85.78 91.07 83.59 88.25 91.00 83.33 78.45 77.08 91.34 93.27 98.94 99.53 96.01 81.60 87.12 87.49 84.73 61.16 61.74 77.71 76.98 78.40 72.86 73.75 80.88 78.75
-9999 -9999 -9999 -9999 -9999 -9999 -9999 -9999 -9999 -9999 -9999 -9999 -9999 -9999 -9999 -9999 -9999 196.09 244.86 294.05 350.37 423.14 338.36 332.56 264.86 182.04 174.33 176.14 143.08 128.03 114.94 129.32 121.47 154.08 128.04 107.26 87.50 107.97 118.19 92.80 102.84 97.70 106.33 110.05 114.50 105.92 91.44 95.28 91.10 91.24 96.91 92.31 86.03 85.30 76.97 78.06 83.06 89.38 87.37 93.61 90.09 92.61 80.64 80.43 81.31 70.30 65.05 65.03 73.60 76.93 74.69 71.83 74.93 74.24 70.35
-9999 -9999 -9999 -9999 -9999 -9999 -9999 -9999 -9999 -9999 -9999 -9999 -9999 -9999 -9999 -9999 -9999 184.90 220.84 279.65 385.78 568.04 467.14 391.41 276.56 201.08 202.62 210.46 182.75 168.78 143.69 122.61 127.27 134.22 110.79 114.89 126.54 110.11 109.22 103.44 103.34 99.41 109.76 104.99 112.35 108.22 91.97 95.86 99.55 95.85 99.20 96.76 90.15 90.52 93.42 92.68 92.42 94.74 87.49 92.84 96.12 93.05 84.79 76.62 78.54 74.08 70.23 68.06 83.99 79.45 74.06 72.54 73.20 72.47 67.03
-9999 -9999 -9999 -9999 -9999 -9999 -9999 -9999 -9999 -9999 -9999 -9999 -9999 -9999 -9999 -9999 133.65 144.67 205.16 298.01 354.14 424.71 440.44 349.26 323.30 312.44 232.59 211.38 170.82 137.81 131.89 131.08 135.36 115.53 113.03 121.67 115.56 118.21 112.64 97.61 106.13 96.13 99.46 105.47 110.36 117.41 114.70 103.65 98.03 95.54 107.04 100.90 127.00 94.38 89.58 84.38 94.52 92.55 95.23 90.50 95.44 83.68 84.50 78.48 78.22 69.03 79.85 84.56 80.91 76.75 77.80 72.51 72.15 69.69 68.34
-9999 -9999 -9999 -9999 -9999 -9999 -9999 -9999 -9999 -9999 -9999 -9999 -9999 -9999 -9999 -9999 160.32 189.80 215.51 235.34 361.58 439.41 421.74 360.88 266.41 229.72 224.38 207.71 190.69 164.94 166.24 141.32 117.09 129.44 107.16 119.62 97.64 133.31 95.31 97.45 106.53 80.41 96.38 90.25 111.82 115.54 106.48 111.41 104.62 117.80 103.95 88.54 84.10 89.49 83.94 84.28 88.29 96.16 86.90 98.65 97.41 89.49 79.93 76.84 72.86 73.46 80.50 82.36 79.24 73.62 68.99 74.15 72.20 67.78 65.99
-9999 -9999 -9999 -9999 -9999 -9999 -9999 -9999 -9999 -9999 -9999 -9999 -9999 -9999 -9999 -9999 175.53 204.54 210.28 272.52 350.90 409.78 420.82 364.32 250.88 195.95 213.81 184.08 178.74 204.08 162.23 134.17 124.30 108.36 132.43 115.95 101.32 102.24 92.71 89.80 93.18 82.27 83.68 91.04 93.27 102.81 101.96 109.27 108.95 103.55 94.90 88.84 88.14 86.01 83.03 84.62 90.42 87.32 99.70 89.87 84.39 86.96 83.37 82.81 77.73 81.58 82.18 73.93 71.28 74.73 67.10 64.68 66.90 62.37 62.01
-9999 -9999 -9999 -9999 -9999 -9999 -9999 -9999 -9999 -9999 -9999 -9999 -9999 -9999 -9999 188.16 202.48 240.89 230.82 252.38 314.23 329.04 362.39 294.88 213.99 183.11 187.21 172.38 204.63 176.20 133.29 143.64 127.45 104.50 100.04 93.47 84.22 88.84 114.49 87.75 83.93 86.57 84.17 87.44 91.08 93.57 94.33 114.93 107.85 100.09 91.61 86.73 80.00 76.33 75.24 73.48 86.47 93.88 92.29 85.74 85.30 83.94 82.87 72.93 81.93 83.08 81.40 80.65 73.32 69.99 70.32 63.61 58.70 61.95 59.06
-9999 -9999 -9999 -9999 -9999 -9999 -9999 -9999 -9999 -9999 -9999 -9999 -9999 -9999 210.68 223.35 205.68 239.47 236.55 271.11 305.40 339.34 312.73 343.94 248.37 229.00 202.20 165.76 209.20 158.50 135.83 111.08 124.09 102.65 100.13 85.37 101.84 105.08 107.93 99.85 98.52 85.73 83.76 89.66 94.84 92.57 93.06 96.93 95.03 90.66 90.14 82.55 77.66 81.77 78.58 73.87 85.48 83.72 89.22 81.17 83.66 78.33 75.79 70.35 89.10 82.12 80.37 81.87 75.09 70.77 73.12 63.28 62.64 61.96 61.33
