Rainfall_2007-2011/Rainfall_2011-04_ACTUAL.txt
ncols         180
nrows         290
xllcorner     -200000
yllcorner     -200000
cellsize      5000
NODATA_value  -9999
[rows 210 to 244 of 290, columns 77 to 153 of 180]
22.51 24.86 25.60 24.58 28.22 22.05 -9999 -9999 -9999 -9999 -9999 -9999 -9999 19.46 22.00 21.77 21.89 24.34 34.91 49.94 52.60 53.93 35.68 28.66 18.51 14.31 10.03 12.81 11.77 7.11 6.65 8.15 7.98 7.23 4.93 3.60 1.49 2.95 4.81 5.03 2.34 3.24 3.09 2.50 2.39 2.35 2.56 3.00 3.36 4.51 3.59 3.27 3.13 3.00 3.50 4.59 4.76 5.41 7.05 6.71 7.54 8.02 6.85 8.32 12.05 3.55 2.35 3.00 3.06 2.76 2.02 1.73 1.70 2.82 3.03 3.86 3.99
-9999 -9999 22.34 -9999 -9999 -9999 -9999 -9999 -9999 -9999 -9999 13.66 16.94 20.52 21.15 13.75 14.48 20.00 26.79 39.11 47.70 46.52 36.55 28.70 20.31 16.91 14.80 14.03 11.58 8.54 6.51 6.58 7.24 7.10 5.93 5.40 3.66 3.68 7.87 7.17 6.52 5.48 3.63 2.81 2.86 2.98 3.64 3.39 2.95 2.17 2.23 3.09 3.00 3.62 3.87 4.01 6.01 13.15 11.73 8.86 6.99 7.44 8.29 14.38 13.89 5.37 1.46 2.81 3.17 2.51 2.26 2.24 2.45 2.69 3.23 3.67 4.16
-9999 -9999 -9999 -9999 -9999 -9999 -9999 -9999 -9999 -9999 -9999 11.61 14.24 18.24 18.83 14.95 -9999 -9999 16.87 24.24 38.54 36.68 33.79 42.68 31.47 24.94 18.43 13.84 11.20 10.23 9.61 7.07 6.70 6.47 5.90 4.77 3.06 4.62 6.59 6.82 3.88 3.32 3.83 3.88 3.36 2.52 2.85 3.15 2.47 2.59 3.15 3.42 3.65 4.09 4.43 4.78 12.65 22.55 13.80 10.22 6.28 6.49 6.43 7.21 6.75 5.84 2.39 2.57 2.79 2.19 2.01 2.30 2.29 2.47 2.64 2.89 3.75
-9999 -9999 -9999 -9999 -9999 -9999 -9999 -9999 -9999 -9999 -9999 -9999 -9999 -9999 -9999 -9999 -9999 -9999 14.34 15.82 22.26 20.87 24.49 34.82 25.75 21.94 18.35 12.21 11.30 12.97 10.99 7.37 -9999 6.94 4.66 4.88 5.86 6.66 11.35 11.02 6.02 4.86 4.73 3.98 3.42 2.37 2.22 3.17 1.92 1.47 3.11 4.25 3.84 4.27 7.49 7.51 7.97 8.90 10.92 7.35 4.95 4.27 3.99 3.80 4.25 5.08 6.81 4.30 2.85 2.73 2.44 2.18 1.69 1.98 2.16 2.39 3.03
-9999 -9999 -9999 -9999 -9999 -9999 -9999 -9999 -9999 -9999 -9999 -9999 -9999 -9999 -9999 -9999 -9999 -9999 -9999 14.12 11.81 15.49 16.96 18.51 18.79 18.61 5.24 8.51 -9999 -9999 -9999 -9999 7.68 7.52 7.09 5.94 6.12 5.88 5.80 7.62 6.77 5.71 4.87 4.60 3.52 3.55 3.23 3.96 3.35 2.49 4.40 4.12 3.67 3.13 4.87 5.08 4.16 3.18 2.75 3.06 3.09 3.65 2.30 2.57 2.42 5.37 14.04 8.17 3.04 2.92 1.78 2.16 1.58 1.81 2.07 2.11 2.69
-9999 -9999 -9999 -9999 -9999 -9999 -9999 -9999 -9999 -9999 -9999 -9999 -9999 -9999 -9999 -9999 -9999 -9999 -9999 -9999 12.29 12.75 13.88 13.15 14.50 14.70 12.40 -9999 -9999 -9999 -9999 7.61 6.88 7.58 9.16 9.47 7.59 5.36 4.72 8.42 7.95 7.99 5.94 5.41 5.70 5.72 4.35 3.82 3.39 3.68 5.16 3.51 2.63 2.38 2.25 1.94 2.37 1.90 1.95 2.09 2.19 2.57 2.25 1.70 2.16 5.79 6.29 7.35 5.21 4.26 3.52 3.03 1.71 1.76 1.63 1.69 2.31
-9999 -9999 -9999 -9999 -9999 -9999 -9999 -9999 -9999 -9999 -9999 -9999 -9999 -9999 -9999 -9999 -9999 -9999 -9999 -9999 -9999 9.38 8.27 7.64 10.14 11.86 11.87 -9999 -9999 -9999 8.51 8.52 8.15 4.87 10.39 11.49 8.50 9.73 13.65 14.60 8.74 7.86 6.35 7.13 7.22 7.01 5.51 3.86 3.32 3.12 3.15 2.54 1.13 1.58 1.84 1.88 1.45 2.00 1.74 1.81 2.00 1.25 1.70 1.06 6.62 6.18 2.54 2.96 6.18 8.43 6.17 5.12 3.16 1.60 1.51 1.18 2.01
-9999 -9999 -9999 -9999 -9999 -9999 -9999 -9999 -9999 -9999 -9999 -9999 -9999 -9999 -9999 -9999 -9999 -9999 -9999 -9999 -9999 -9999 -9999 -9999 -9999 -9999 -9999 -9999 -9999 10.10 9.46 11.98 12.39 14.45 19.21 12.13 10.06 9.89 9.52 8.82 6.16 4.96 6.01 7.13 7.46 7.86 5.58 3.87 2.96 2.74 2.97 2.31 1.53 0.73 1.30 1.45 1.02 1.46 1.68 1.88 1.77 0.41 1.20 2.09 4.57 3.84 3.03 2.06 3.19 4.23 7.60 8.08 3.54 2.23 2.11 1.56 2.04
-9999 -9999 -9999 -9999 -9999 -9999 -9999 -9999 -9999 -9999 -9999 -9999 -9999 -9999 -9999 -9999 -9999 -9999 -9999 -9999 -9999 -9999 -9999 -9999 -9999 -9999 -9999 -9999 -9999 12.92 16.09 18.01 20.91 17.68 13.37 11.76 9.31 9.57 9.84 7.94 6.16 5.96 5.88 6.65 7.10 6.48 5.16 3.49 3.05 1.90 2.92 2.17 1.62 1.03 1.13 1.19 0.73 0.83 1.27 1.32 1.44 1.08 1.10 1.09 1.27 3.41 4.50 2.12 2.02 1.79 2.54 2.48 2.55 2.50 3.10 1.79 2.03
-9999 -9999 -9999 -9999 -9999 -9999 -9999 -9999 -9999 -9999 -9999 -9999 -9999 -9999 -9999 -9999 -9999 -9999 -9999 -9999 -9999 -9999 -9999 -9999 -9999 -9999 -9999 -9999 -9999 18.13 16.33 16.35 21.51 17.00 14.69 14.00 11.84 8.54 9.62 7.62 6.21 7.57 6.97 7.01 7.16 5.88 4.32 3.17 2.77 2.09 0.89 1.28 1.41 1.02 1.02 0.99 0.68 0.53 0.85 0.53 0.43 0.74 0.65 0.44 1.61 2.39 1.43 1.79 1.51 1.40 1.01 0.47 2.10 1.59 5.76 7.49 1.48
-9999 -9999 -9999 -9999 -9999 -9999 -9999 -9999 -9999 -9999 -9999 -9999 12.82 14.17 10.16 14.02 12.37 10.82 11.78 9.62 4.62 7.01 5.30 -9999 -9999 -9999 -9999 -9999 -9999 14.74 15.53 17.73 20.25 19.95 25.03 19.60 17.90 13.57 9.43 6.80 6.21 8.09 7.38 7.88 6.83 4.55 3.92 2.86 2.61 1.47 0.63 1.23 1.36 1.32 2.11 1.91 1.53 0.76 0.84 0.31 0.08 0.85 0.78 0.57 1.41 1.04 0.74 1.42 1.21 2.48 1.99 1.65 1.11 1.70 3.41 13.20 1.41
-9999 -9999 -9999 -9999 -9999 -9999 -9999 -9999 -9999 -9999 -9999 -9999 14.64 15.33 16.62 15.80 21.55 28.28 11.38 11.87 8.13 5.34 5.75 5.66 6.20 6.47 6.50 7.64 6.68 9.88 13.79 13.68 16.07 18.27 19.86 21.60 18.53 16.01 10.80 9.95 11.43 8.88 8.05 7.03 4.43 4.15 3.21 3.01 2.73 1.85 1.18 0.96 1.53 1.94 1.93 1.62 2.41 2.09 0.87 0.45 0.68 1.02 1.08 0.67 1.24 1.46 1.37 1.44 1.52 1.55 1.65 0.53 1.57 0.93 2.89 0.00 2.15
-9999 -9999 -9999 -9999 -9999 -9999 -9999 -9999 -9999 -9999 -9999 10.28 14.14 14.61 15.40 16.16 22.13 31.70 28.57 21.11 17.58 13.48 10.45 4.85 4.47 7.20 8.67 7.66 4.25 5.46 6.46 10.30 17.51 20.41 25.56 22.42 19.21 18.48 18.58 14.59 15.86 12.33 9.18 6.33 4.31 4.31 3.25 3.13 2.53 2.39 1.19 1.36 1.86 1.78 1.94 2.80 2.99 2.10 1.94 1.42 1.63 1.63 1.47 0.50 0.84 1.30 1.34 1.35 1.63 2.09 2.07 1.61 2.18 2.31 2.78 1.79 0.85
-9999 -9999 -9999 -9999 -9999 -9999 -9999 -9999 -9999 -9999 -9999 -9999 11.29 13.77 13.75 15.96 17.88 22.75 35.47 21.14 16.50 10.36 11.17 8.74 7.19 6.57 6.63 7.59 5.71 6.25 5.38 7.05 14.20 18.39 14.18 13.83 14.32 15.36 14.50 13.26 13.12 14.81 8.14 7.17 6.29 5.41 4.04 3.28 3.49 3.23 2.28 1.62 1.98 2.12 3.09 4.04 3.48 2.98 1.85 2.09 2.09 2.18 2.29 1.63 1.41 0.63 1.25 0.88 1.21 4.11 2.43 7.12 3.75 2.77 2.27 2.01 1.16
-9999 -9999 -9999 -9999 -9999 -9999 -9999 -9999 17.26 -9999 -9999 13.35 13.30 25.69 14.75 12.91 13.22 17.55 20.07 15.63 14.08 12.46 10.43 9.52 7.64 5.90 4.64 6.37 4.53 6.74 16.51 14.09 10.11 9.71 6.78 9.82 12.73 12.96 13.74 12.54 11.64 9.38 8.39 8.64 6.73 4.89 2.89 2.53 3.20 2.64 2.22 2.02 1.89 2.52 2.48 3.38 3.62 3.77 2.77 2.59 2.35 3.04 3.88 3.54 2.21 0.50 0.95 1.43 1.81 2.72 1.61 1.73 1.68 2.57 1.76 1.89 1.18
-9999 -9999 -9999 -9999 -9999 -9999 -9999 18.39 20.32 20.22 15.52 14.14 19.18 20.96 13.05 10.15 11.92 13.20 12.88 10.57 11.99 10.86 8.86 6.97 7.54 5.70 5.00 6.63 9.13 7.65 8.99 10.27 7.92 6.70 6.47 8.64 9.64 10.14 9.44 11.52 13.62 10.83 8.94 9.89 8.64 5.37 3.17 3.67 3.58 2.87 0.96 1.83 1.69 1.91 2.48 2.15 3.60 3.67 3.23 3.15 2.71 2.93 6.00 5.12 4.57 2.57 1.75 1.77 2.18 2.38 1.79 1.45 1.78 2.59 2.72 1.37 2.22
-9999 -9999 -9999 -9999 -9999 -9999 -9999 19.07 20.16 21.49 18.85 19.08 20.79 18.09 13.64 13.20 13.59 13.75 12.15 7.82 10.83 9.53 7.00 9.03 9.20 10.90 10.02 8.19 8.39 6.89 3.06 6.82 7.89 7.95 7.70 8.40 7.75 8.51 8.14 7.00 7.94 11.09 8.95 9.09 8.92 6.89 6.32 5.44 4.61 3.38 2.77 2.81 0.18 1.15 2.59 3.76 4.34 3.98 3.44 4.02 3.81 4.20 4.69 5.59 7.53 4.77 2.68 2.32 2.92 2.76 2.25 2.71 2.86 2.69 3.70 5.03 5.71
-9999 -9999 -9999 -9999 -9999 -9999 -9999 18.62 20.31 22.69 23.97 20.64 22.52 19.72 19.04 13.16 13.58 13.43 13.93 11.13 12.34 11.19 7.78 9.52 10.11 13.85 9.11 6.70 10.71 5.05 6.28 7.72 7.44 7.89 9.02 6.37 6.51 6.23 6.63 6.70 7.72 8.18 8.84 10.38 8.62 7.96 7.85 6.09 5.83 5.28 3.07 3.47 3.40 2.82 2.80 4.01 4.20 4.31 4.89 4.12 5.13 4.60 5.48 5.27 8.07 4.84 2.73 2.48 3.43 3.61 3.18 3.34 4.15 3.54 4.77 5.23 6.82
-9999 -9999 -9999 -9999 -9999 -9999 -9999 18.35 20.53 23.84 23.96 19.53 20.80 20.20 18.06 17.61 17.10 14.79 17.10 15.63 12.67 9.40 11.10 12.52 13.67 10.59 11.44 9.22 11.45 9.39 9.67 8.58 8.30 8.46 8.48 6.40 5.76 6.50 6.76 7.76 7.08 7.84 8.01 9.58 10.20 9.25 7.78 6.69 6.43 6.72 4.72 3.89 5.07 4.73 3.47 4.13 3.28 3.54 6.91 5.57 4.27 4.17 3.41 3.56 4.40 3.18 2.23 2.91 2.69 2.94 3.21 3.86 4.00 2.55 5.00 8.38 7.79
-9999 -9999 -9999 -9999 -9999 -9999 -9999 16.16 18.62 20.83 23.84 19.29 19.06 18.97 17.06 16.78 18.11 26.21 21.63 17.08 17.77 14.91 13.54 20.31 19.21 14.14 20.06 14.90 9.11 9.06 10.51 10.42 10.07 9.97 9.89 7.05 7.04 7.98 6.48 6.02 6.91 5.98 6.66 7.58 9.02 10.07 8.37 6.64 7.28 7.56 6.89 5.45 4.15 3.44 3.10 3.42 3.74 3.87 4.63 4.54 4.39 4.57 4.05 3.50 3.33 2.68 2.55 -9999 -9999 2.62 3.12 5.00 6.35 9.26 9.18 8.64 -9999
-9999 -9999 -9999 -9999 -9999 -9999 15.13 13.66 16.71 16.78 18.02 18.28 17.01 18.36 17.75 15.86 20.78 21.89 20.11 17.67 20.18 16.06 14.51 18.00 14.37 13.74 17.18 15.46 12.02 11.66 8.97 6.27 9.92 8.43 7.98 7.14 7.50 7.81 4.19 4.42 5.26 5.56 4.95 5.44 6.40 6.59 7.38 5.96 5.78 6.06 5.38 4.44 4.07 -9999 -9999 3.55 4.25 3.58 4.01 3.54 3.80 4.74 -9999 -9999 -9999 -9999 -9999 -9999 -9999 -9999 -9999 -9999 5.90 8.39 9.79 10.33 -9999
-9999 -9999 -9999 -9999 -9999 19.44 21.63 16.92 16.46 14.03 12.72 13.11 16.28 19.71 19.91 12.77 19.02 17.43 17.59 15.77 10.57 8.82 12.51 16.49 8.63 11.02 13.64 13.29 5.91 11.17 8.59 7.95 11.65 7.32 8.43 7.86 5.35 13.16 6.65 5.01 4.52 4.34 4.56 4.83 6.25 8.82 6.62 4.88 5.26 4.62 -9999 4.04 4.12 3.66 3.24 3.14 -9999 -9999 -9999 -9999 2.42 -9999 -9999 -9999 -9999 -9999 -9999 -9999 -9999 -9999 -9999 -9999 -9999 -9999 -9999 -9999 -9999
-9999 -9999 -9999 -9999 16.76 20.27 20.25 15.33 14.48 10.90 9.23 11.03 9.64 24.68 29.58 31.77 20.55 15.68 16.37 11.95 11.35 6.34 6.36 8.95 2.75 6.02 7.29 8.04 -9999 -9999 -9999 -9999 -9999 5.29 7.13 7.86 6.66 7.68 5.72 3.15 5.82 3.85 4.67 5.02 -9999 -9999 -9999 -9999 -9999 6.44 5.54 3.95 4.18 3.74 3.83 2.98 -9999 -9999 -9999 -9999 -9999 -9999 -9999 -9999 -9999 -9999 -9999 -9999 -9999 -9999 -9999 -9999 -9999 -9999 -9999 -9999 -9999
-9999 -9999 -9999 16.40 19.84 18.37 21.36 21.95 15.37 13.23 10.77 12.66 19.43 35.87 35.63 36.07 24.27 19.66 12.96 9.79 9.74 9.81 8.00 7.24 7.04 -9999 -9999 -9999 -9999 -9999 -9999 -9999 -9999 -9999 5.06 4.96 3.59 4.24 5.00 4.89 4.99 5.89 5.82 4.84 -9999 -9999 -9999 -9999 -9999 -9999 -9999 3.30 3.52 3.00 3.73 -9999 -9999 -9999 -9999 -9999 -9999 -9999 -9999 -9999 -9999 -9999 -9999 -9999 -9999 -9999 -9999 -9999 -9999 -9999 -9999 -9999 -9999
11.47 11.03 11.58 16.99 22.46 25.14 24.40 24.06 18.66 17.06 17.95 18.18 21.58 23.79 28.72 26.65 19.33 18.30 13.42 10.75 10.64 8.88 7.14 -9999 -9999 -9999 -9999 -9999 -9999 -9999 -9999 -9999 -9999 -9999 -9999 -9999 3.67 -9999 -9999 -9999 -9999 4.86 6.39 4.94 -9999 -9999 -9999 -9999 -9999 -9999 -9999 -9999 2.66 2.56 2.19 -9999 -9999 -9999 -9999 -9999 -9999 -9999 -9999 -9999 -9999 -9999 -9999 -9999 -9999 -9999 -9999 -9999 -9999 -9999 -9999 -9999 -9999
11.31 10.90 10.17 13.60 19.10 21.99 26.23 21.08 21.38 18.99 22.96 17.93 18.10 23.36 27.63 31.31 19.39 15.66 15.89 10.25 7.69 5.46 -9999 -9999 -9999 -9999 -9999 -9999 -9999 -9999 -9999 -9999 -9999 -9999 -9999 -9999 3.57 -9999 -9999 -9999 -9999 -9999 -9999 -9999 -9999 -9999 -9999 -9999 -9999 -9999 -9999 -9999 -9999 -9999 -9999 -9999 -9999 -9999 -9999 -9999 -9999 -9999 -9999 -9999 -9999 -9999 -9999 -9999 -9999 -9999 -9999 -9999 -9999 -9999 -9999 -9999 -9999
10.27 11.54 12.51 12.02 13.89 18.24 18.86 18.44 17.31 18.50 19.62 15.78 17.14 23.83 29.83 31.53 31.77 23.35 15.96 11.52 8.44 6.55 -9999 -9999 -9999 -9999 -9999 -9999 -9999 -9999 -9999 -9999 -9999 -9999 -9999 -9999 -9999 -9999 -9999 -9999 -9999 -9999 -9999 -9999 -9999 -9999 -9999 -9999 -9999 -9999 -9999 -9999 -9999 -9999 -9999 -9999 -9999 -9999 -9999 -9999 -9999 -9999 -9999 -9999 -9999 -9999 -9999 -9999 -9999 -9999 -9999 -9999 -9999 -9999 -9999 -9999 -9999
8.58 11.87 13.39 12.76 12.93 16.86 18.47 21.57 19.62 16.85 13.92 16.05 19.17 20.63 24.91 29.23 31.00 33.64 18.57 12.56 8.43 4.33 -9999 -9999 -9999 -9999 -9999 -9999 -9999 -9999 -9999 -9999 -9999 -9999 -9999 -9999 -9999 -9999 -9999 -9999 -9999 -9999 -9999 -9999 -9999 -9999 -9999 -9999 -9999 -9999 -9999 -9999 -9999 -9999 -9999 -9999 -9999 -9999 -9999 -9999 -9999 -9999 -9999 -9999 -9999 -9999 -9999 -9999 -9999 -9999 -9999 -9999 -9999 -9999 -9999 -9999 -9999
11.44 12.75 15.11 15.90 11.69 16.83 19.27 18.68 19.40 18.62 18.46 19.31 17.88 17.53 18.60 23.22 24.93 28.97 18.74 14.68 11.05 7.87 -9999 -9999 -9999 -9999 -9999 -9999 -9999 -9999 -9999 -9999 -9999 -9999 -9999 -9999 -9999 -9999 -9999 -9999 -9999 -9999 -9999 -9999 -9999 -9999 -9999 -9999 -9999 -9999 -9999 -9999 -9999 -9999 -9999 -9999 -9999 -9999 -9999 -9999 -9999 -9999 -9999 -9999 -9999 -9999 -9999 -9999 -9999 -9999 -9999 -9999 -9999 -9999 -9999 -9999 -9999
11.51 13.54 12.29 12.71 12.47 12.61 18.71 19.95 15.88 16.44 18.27 19.39 16.24 16.22 15.74 14.48 16.80 21.07 22.43 15.83 11.13 9.69 -9999 -9999 -9999 -9999 -9999 -9999 -9999 -9999 -9999 -9999 -9999 -9999 -9999 -9999 -9999 -9999 -9999 -9999 -9999 -9999 -9999 -9999 -9999 -9999 -9999 -9999 -9999 -9999 -9999 -9999 -9999 -9999 -9999 -9999 -9999 -9999 -9999 -9999 -9999 -9999 -9999 -9999 -9999 -9999 -9999 -9999 -9999 -9999 -9999 -9999 -9999 -9999 -9999 -9999 -9999
13.71 13.10 13.01 11.30 -9999 -9999 -9999 -9999 -9999 -9999 -9999 -9999 -9999 14.85 15.41 11.74 15.22 18.21 19.57 19.25 14.08 -9999 -9999 -9999 -9999 -9999 -9999 -9999 -9999 -9999 -9999 -9999 -9999 -9999 -9999 -9999 -9999 -9999 -9999 -9999 -9999 -9999 -9999 -9999 -9999 -9999 -9999 -9999 -9999 -9999 -9999 -9999 -9999 -9999 -9999 -9999 -9999 -9999 -9999 -9999 -9999 -9999 -9999 -9999 -9999 -9999 -9999 -9999 -9999 -9999 -9999 -9999 -9999 -9999 -9999 -9999 -9999
14.71 12.80 14.36 10.31 -9999 -9999 -9999 -9999 -9999 -9999 -9999 -9999 -9999 -9999 -9999 -9999 11.59 16.32 20.25 16.86 -9999 -9999 -9999 -9999 -9999 -9999 -9999 -9999 -9999 -9999 -9999 -9999 -9999 -9999 -9999 -9999 -9999 -9999 -9999 -9999 -9999 -9999 -9999 -9999 -9999 -9999 -9999 -9999 -9999 -9999 -9999 -9999 -9999 -9999 -9999 -9999 -9999 -9999 -9999 -9999 -9999 -9999 -9999 -9999 -9999 -9999 -9999 -9999 -9999 -9999 -9999 -9999 -9999 -9999 -9999 -9999 -9999
14.92 12.34 -9999 -9999 -9999 -9999 -9999 -9999 -9999 -9999 -9999 -9999 -9999 -9999 -9999 -9999 10.27 18.36 23.09 14.41 -9999 -9999 -9999 -9999 -9999 -9999 -9999 -9999 -9999 -9999 -9999 -9999 -9999 -9999 -9999 -9999 -9999 -9999 -9999 -9999 -9999 -9999 -9999 -9999 -9999 -9999 -9999 -9999 -9999 -9999 -9999 -9999 -9999 -9999 -9999 -9999 -9999 -9999 -9999 -9999 -9999 -9999 -9999 -9999 -9999 -9999 -9999 -9999 -9999 -9999 -9999 -9999 -9999 -9999 -9999 -9999 -9999
13.92 -9999 -9999 -9999 -9999 -9999 -9999 -9999 -9999 -9999 -9999 -9999 -9999 -9999 -9999 -9999 -9999 -9999 -9999 -9999 -9999 -9999 -9999 -9999 -9999 -9999 -9999 -9999 -9999 -9999 -9999 -9999 -9999 -9999 -9999 -9999 -9999 -9999 -9999 -9999 -9999 -9999 -9999 -9999 -9999 -9999 -9999 -9999 -9999 -9999 -9999 -9999 -9999 -9999 -9999 -9999 -9999 -9999 -9999 -9999 -9999 -9999 -9999 -9999 -9999 -9999 -9999 -9999 -9999 -9999 -9999 -9999 -9999 -9999 -9999 -9999 -9999
-9999 -9999 -9999 -9999 -9999 -9999 -9999 -9999 -9999 -9999 -9999 -9999 -9999 -9999 -9999 -9999 -9999 -9999 -9999 -9999 -9999 -9999 -9999 -9999 -9999 -9999 -9999 -9999 -9999 -9999 -9999 -9999 -9999 -9999 -9999 -9999 -9999 -9999 -9999 -9999 -9999 -9999 -9999 -9999 -9999 -9999 -9999 -9999 -9999 -9999 -9999 -9999 -9999 -9999 -9999 -9999 -9999 -9999 -9999 -9999 -9999 -9999 -9999 -9999 -9999 -9999 -9999 -9999 -9999 -9999 -9999 -9999 -9999 -9999 -9999 -9999 -9999
