Rainfall_2007-2011/Rainfall_2008-02_ACTUAL.txt
ncols         180
nrows         290
xllcorner     -200000
yllcorner     -200000
cellsize      5000
NODATA_value  -9999
[rows 170 to 203 of 290, columns 76 to 151 of 180]
-9999 -9999 -9999 -9999 -9999 -9999 -9999 -9999 -9999 -9999 -9999 -9999 -9999 -9999 -9999 -9999 -9999 -9999 -9999 -9999 -9999 -9999 -9999 -9999 -9999 -9999 -9999 -9999 -9999 -9999 33.57 41.42 42.21 43.36 50.92 46.47 48.24 48.39 48.99 49.14 45.17 42.86 44.90 52.96 58.63 79.24 98.62 107.68 76.48 47.92 41.19 30.82 24.52 23.99 25.88 22.85 22.13 19.10 22.21 21.48 19.69 21.86 24.54 23.63 23.65 24.57 22.82 25.60 20.75 21.55 25.86 26.08 27.49 -9999 -9999 -9999
-9999 -9999 -9999 -9999 -9999 -9999 -9999 -9999 -9999 -9999 46.45 47.88 55.88 60.55 -9999 -9999 -9999 -9999 -9999 -9999 -9999 -9999 -9999 -9999 -9999 -9999 -9999 -9999 -9999 29.26 29.13 39.13 44.19 42.56 42.84 40.10 37.66 40.77 42.25 43.10 42.78 42.28 42.42 51.98 68.00 64.52 80.47 88.15 79.58 62.00 39.75 39.31 29.15 34.24 31.15 25.50 26.58 20.40 18.60 21.19 20.43 23.27 23.23 22.63 22.32 23.56 21.05 26.37 26.23 26.80 27.97 27.61 27.48 26.52 -9999 -9999
-9999 -9999 -9999 -9999 -9999 -9999 -9999 -9999 -9999 -9999 47.95 49.23 52.69 53.28 -9999 -9999 -9999 -9999 -9999 -9999 -9999 -9999 -9999 -9999 -9999 -9999 -9999 -9999 32.66 33.42 31.49 39.05 47.03 40.89 39.59 36.42 36.51 37.36 39.57 39.95 40.76 39.76 41.21 42.25 47.62 60.89 86.11 75.99 71.43 41.57 52.89 40.90 31.92 34.85 33.33 26.43 22.81 18.76 18.71 21.64 22.93 24.79 22.38 22.36 21.90 23.83 22.71 26.80 25.53 24.89 30.14 31.28 27.96 25.83 -9999 -9999
-9999 -9999 -9999 -9999 -9999 -9999 -9999 -9999 35.46 38.74 41.88 50.77 51.82 58.22 54.96 45.84 53.22 -9999 -9999 39.07 35.72 -9999 -9999 -9999 30.58 34.83 39.27 -9999 33.08 36.39 37.13 37.75 38.64 38.38 40.01 39.44 40.40 40.17 38.36 36.53 40.09 38.49 37.98 47.24 46.82 55.95 73.84 60.31 58.01 62.41 43.35 44.97 35.56 33.26 29.21 25.18 21.43 20.58 18.96 21.64 22.31 23.49 19.83 23.35 21.14 19.54 20.82 24.41 24.39 20.36 30.93 28.48 23.71 26.72 25.22 -9999
-9999 -9999 -9999 -9999 -9999 -9999 -9999 -9999 -9999 34.98 36.10 53.51 68.63 66.55 59.54 57.11 54.36 -9999 45.79 50.39 47.43 39.15 42.09 34.20 29.03 38.91 35.55 34.53 -9999 39.66 43.18 38.54 29.71 32.79 34.53 33.99 34.13 36.26 35.38 38.99 39.81 44.77 41.68 57.46 67.88 59.94 79.20 52.63 63.20 44.30 38.95 36.03 31.81 29.50 26.86 20.59 19.52 21.07 22.05 23.29 22.08 23.34 21.50 23.25 19.90 19.15 20.26 21.35 21.31 22.73 29.18 27.56 24.47 24.86 27.81 -9999
-9999 -9999 -9999 -9999 -9999 -9999 -9999 -9999 -9999 -9999 36.18 50.15 65.00 63.57 58.35 59.93 64.28 71.79 103.65 68.79 63.52 55.52 50.42 37.82 34.01 31.86 31.77 34.17 33.84 42.41 44.39 40.10 38.11 36.64 35.96 38.17 34.10 35.18 32.57 34.55 36.20 42.73 39.28 57.91 69.47 75.95 69.65 52.61 48.76 45.81 38.08 35.02 30.69 27.15 24.78 23.99 23.94 21.45 22.98 22.01 20.32 20.73 20.55 19.15 19.63 19.67 20.52 18.90 18.27 22.54 28.52 27.99 28.53 25.76 28.96 29.52
-9999 -9999 -9999 -9999 -9999 -9999 -9999 -9999 -9999 -9999 -9999 48.15 48.08 53.53 57.70 76.60 97.89 137.66 129.36 101.20 87.82 62.95 59.99 48.62 37.90 38.53 39.81 32.30 34.02 44.39 39.30 38.39 35.15 34.04 36.04 37.56 39.16 43.31 33.28 33.60 34.36 38.55 50.10 56.31 57.77 65.61 63.05 54.85 43.46 42.66 46.42 28.70 29.22 26.80 19.64 25.43 25.81 21.12 19.38 19.17 19.25 20.13 20.02 19.19 19.12 20.48 20.09 18.62 19.16 23.75 30.09 26.12 26.24 26.80 26.99 26.11
-9999 -9999 -9999 -9999 -9999 -9999 -9999 -9999 -9999 -9999 -9999 -9999 48.34 51.73 84.29 108.02 139.51 191.18 173.63 127.87 116.92 94.17 80.28 66.75 55.99 51.00 48.29 55.24 41.70 43.31 48.12 38.74 36.77 33.00 30.67 31.28 32.31 31.89 32.66 33.63 33.76 39.30 52.29 58.94 55.28 54.69 52.65 58.04 52.79 41.32 43.74 28.55 28.07 32.11 27.59 25.77 24.90 20.37 18.39 15.98 17.77 18.14 20.08 18.62 18.65 18.39 20.41 22.93 25.97 24.91 25.71 21.99 27.80 27.24 26.96 24.24
-9999 -9999 -9999 -9999 -9999 -9999 -9999 -9999 -9999 -9999 -9999 -9999 51.64 55.34 109.47 134.29 194.51 252.11 236.26 123.63 101.30 111.23 94.53 90.95 68.91 58.99 50.83 47.44 51.58 46.66 52.66 35.26 30.93 31.40 31.90 32.43 32.00 28.88 30.94 33.98 30.86 37.44 50.60 49.33 42.46 54.55 57.53 58.20 52.22 41.38 40.28 24.86 26.55 32.29 28.22 30.34 27.21 22.82 21.14 17.94 15.56 17.95 17.72 15.38 20.71 18.54 20.74 24.57 25.30 23.39 23.53 21.96 24.43 28.61 31.81 -9999
-9999 -9999 -9999 -9999 -9999 -9999 -9999 -9999 -9999 -9999 -9999 -9999 65.76 81.70 110.44 146.38 235.13 231.66 173.47 156.55 114.33 109.32 88.48 79.54 81.24 69.28 53.15 59.62 54.83 52.30 41.44 38.32 35.33 39.24 35.13 34.09 32.65 31.42 31.06 33.33 33.27 38.35 45.31 49.89 41.89 48.30 46.74 53.41 43.68 44.69 43.09 32.29 32.35 32.95 35.98 35.10 26.33 25.96 21.08 20.17 15.46 16.48 17.29 20.85 18.05 18.53 18.92 22.68 23.26 22.56 21.85 21.24 23.25 25.08 -9999 -9999
-9999 -9999 -9999 -9999 -9999 -9999 -9999 -9999 -9999 -9999 -9999 67.70 105.71 95.05 116.13 146.34 165.33 206.51 170.18 164.42 145.22 135.76 99.57 77.78 68.86 60.24 62.91 68.52 58.15 50.29 44.47 38.97 33.75 38.30 33.59 32.32 31.64 29.90 29.54 32.18 34.26 32.86 39.68 42.79 40.35 41.47 50.09 46.55 44.07 38.07 39.96 39.69 32.05 30.37 33.00 29.70 25.96 20.62 19.64 19.28 16.94 17.50 17.26 19.18 17.08 16.51 20.29 22.12 22.79 22.91 24.50 23.57 20.28 -9999 -9999 -9999
-9999 -9999 -9999 -9999 -9999 -9999 -9999 -9999 -9999 51.80 56.92 73.41 74.93 84.50 85.77 104.99 111.71 162.40 160.99 156.85 146.25 142.58 107.10 107.90 74.80 77.90 73.52 59.81 54.99 50.33 44.81 38.47 29.79 35.12 30.98 33.25 31.15 29.56 34.04 32.62 33.94 35.87 34.81 35.36 39.48 34.49 35.76 42.71 36.51 31.17 34.22 33.14 30.35 28.49 30.28 25.09 21.40 21.89 21.62 19.06 17.19 18.64 17.59 17.84 19.86 17.85 20.84 22.28 21.85 21.85 21.40 22.05 -9999 -9999 -9999 -9999
-9999 -9999 -9999 -9999 -9999 -9999 -9999 -9999 50.23 51.80 56.13 56.08 66.63 70.23 70.36 68.52 84.02 124.23 143.61 150.40 169.26 128.49 102.39 101.44 84.23 100.61 97.01 87.98 68.95 58.25 48.08 38.15 31.65 34.76 36.61 34.84 32.06 30.76 32.11 35.32 30.34 33.03 34.93 33.66 29.97 29.48 28.55 31.54 30.27 30.55 31.76 29.96 28.91 29.48 27.35 22.43 18.97 21.87 21.04 18.80 17.67 18.39 18.88 18.48 20.26 17.73 18.84 21.25 21.63 19.11 21.05 21.18 -9999 -9999 -9999 -9999
-9999 -9999 -9999 -9999 -9999 -9999 -9999 53.73 57.11 54.52 55.78 -9999 -9999 -9999 -9999 60.45 101.87 150.85 173.84 174.79 164.34 153.70 136.77 130.71 129.94 150.94 117.61 93.73 72.25 64.96 45.48 37.14 33.00 32.30 33.77 36.08 27.13 28.14 28.53 32.62 27.83 24.69 27.53 32.70 31.99 28.45 26.19 28.46 30.57 28.33 27.58 26.75 24.26 26.39 26.70 25.03 23.21 24.11 22.92 21.14 19.86 20.71 21.86 23.49 22.22 20.87 20.28 21.76 22.85 24.27 23.33 22.47 27.73 -9999 -9999 -9999
-9999 -9999 -9999 -9999 -9999 -9999 -9999 52.07 63.55 54.29 53.02 -9999 -9999 -9999 -9999 67.07 100.52 173.35 199.76 187.35 235.70 214.00 158.94 153.89 136.43 157.07 113.97 81.41 68.49 55.80 39.96 33.19 32.54 32.36 35.13 32.13 24.48 24.96 28.72 31.57 29.66 23.95 24.96 28.61 28.86 26.55 26.76 30.73 29.28 27.82 26.32 28.43 27.51 26.60 26.98 24.19 24.91 27.83 25.60 28.22 25.81 23.38 24.24 26.44 23.77 22.33 22.08 22.21 23.26 24.88 22.67 23.02 25.67 24.15 -9999 -9999
-9999 -9999 -9999 -9999 -9999 -9999 -9999 -9999 -9999 -9999 -9999 -9999 -9999 -9999 -9999 66.69 102.96 124.80 130.54 159.47 149.36 179.61 154.33 135.35 163.36 149.31 104.92 81.37 61.87 41.61 32.79 34.08 31.28 30.94 25.45 23.23 28.02 24.51 28.44 29.62 30.66 27.40 24.09 28.51 28.01 22.63 25.07 28.58 26.77 26.57 29.55 28.77 26.83 26.28 27.80 29.90 26.31 30.18 29.64 28.22 27.04 27.44 26.39 26.13 22.76 22.51 23.35 23.33 25.73 21.50 19.79 20.52 22.36 22.26 21.94 20.54
-9999 -9999 -9999 -9999 -9999 -9999 -9999 -9999 -9999 -9999 -9999 -9999 -9999 -9999 -9999 -9999 101.89 98.08 130.80 147.35 172.29 170.27 185.48 176.01 154.64 101.98 81.07 58.07 46.99 38.68 35.86 33.63 31.35 25.99 25.15 24.58 27.44 28.14 27.89 28.27 29.80 30.50 28.78 29.96 29.93 23.61 22.97 26.02 24.75 25.79 27.71 29.26 26.55 28.29 30.11 32.24 28.58 28.98 28.69 28.99 28.98 28.75 25.94 25.69 24.43 25.00 24.57 24.64 22.97 20.10 19.31 20.20 21.69 22.20 19.90 18.65
-9999 -9999 -9999 -9999 -9999 -9999 -9999 -9999 -9999 -9999 -9999 -9999 -9999 -9999 -9999 -9999 92.30 140.81 190.40 186.45 170.82 147.19 151.90 143.85 126.39 93.41 68.03 64.38 48.89 39.21 37.44 37.57 31.38 20.17 22.71 21.56 14.84 26.73 31.87 30.25 29.47 31.29 29.81 30.90 30.04 22.50 23.50 26.77 24.65 25.62 28.54 30.06 29.81 39.24 37.28 34.05 31.42 31.05 30.19 32.05 32.78 28.25 26.54 25.85 26.25 24.88 21.83 21.34 19.41 15.54 21.24 18.57 18.54 17.77 15.78 17.34
-9999 -9999 -9999 -9999 -9999 -9999 -9999 -9999 -9999 -9999 -9999 -9999 -9999 -9999 -9999 85.63 99.39 118.05 174.20 169.11 150.12 127.18 117.74 119.96 106.57 80.30 60.04 62.47 50.70 64.63 43.16 38.85 35.71 34.08 31.41 28.86 32.43 31.60 35.52 27.88 28.35 29.09 30.02 32.06 33.57 29.47 27.94 27.05 26.69 28.58 28.48 30.91 34.83 38.49 33.90 33.79 31.62 31.39 29.13 32.82 31.30 27.79 28.12 25.24 22.99 20.58 19.86 19.46 17.67 15.94 15.20 17.88 17.70 16.70 14.96 16.69
-9999 -9999 -9999 -9999 -9999 -9999 -9999 -9999 -9999 -9999 -9999 -9999 -9999 -9999 -9999 69.95 86.02 127.44 130.27 129.79 106.18 102.52 108.20 101.19 74.10 62.66 56.33 52.52 56.36 44.82 40.08 42.48 39.61 39.29 29.46 34.31 33.03 31.25 30.00 27.56 28.39 27.66 27.45 34.09 31.52 33.29 34.42 33.39 33.21 32.22 33.29 31.40 37.09 37.50 37.00 34.31 31.08 33.12 35.48 30.05 32.60 32.52 29.63 26.29 22.36 19.53 20.86 19.19 17.21 14.62 14.53 16.04 16.59 16.78 15.27 15.56
-9999 -9999 -9999 -9999 -9999 -9999 -9999 -9999 -9999 -9999 -9999 -9999 -9999 -9999 -9999 53.89 69.63 74.86 98.44 100.93 107.05 91.26 98.80 81.55 74.41 48.38 48.01 45.32 42.67 40.23 37.72 36.53 43.39 33.40 39.42 35.87 32.73 31.44 28.78 28.52 27.29 27.02 30.31 33.03 33.08 36.44 36.12 36.14 37.43 42.13 42.92 35.84 36.00 31.64 32.40 31.20 36.23 34.60 33.01 31.58 26.26 22.53 24.86 25.74 25.65 20.70 18.99 18.45 18.92 14.63 14.69 15.53 17.39 17.41 16.93 15.80
-9999 -9999 -9999 -9999 -9999 -9999 -9999 -9999 -9999 -9999 -9999 -9999 -9999 -9999 -9999 -9999 56.86 79.20 98.41 116.69 126.85 92.37 93.44 69.77 51.73 48.94 36.56 38.82 42.99 30.93 33.51 33.24 45.91 38.37 33.77 28.64 35.60 34.79 30.38 31.05 28.62 30.08 32.79 31.99 33.02 32.05 34.79 40.13 41.51 41.44 39.40 34.42 32.29 31.18 29.88 31.32 34.38 31.12 30.63 26.88 21.66 16.66 22.55 24.32 24.06 24.22 21.30 20.17 19.14 16.31 14.68 15.33 17.81 17.59 19.07 17.75
-9999 -9999 -9999 -9999 -9999 -9999 -9999 -9999 -9999 -9999 -9999 -9999 -9999 -9999 -9999 -9999 55.46 70.62 87.29 114.16 155.56 131.16 112.84 63.71 53.54 52.92 55.75 54.62 50.71 44.03 36.27 37.86 44.30 37.99 36.66 40.48 40.90 41.67 33.81 32.56 30.83 30.94 32.12 35.87 37.08 32.02 32.32 39.19 36.23 37.75 32.39 31.93 32.33 30.84 28.60 29.98 31.20 27.97 30.84 28.23 25.18 23.46 24.00 23.82 23.83 22.91 21.52 23.63 20.75 18.35 16.19 19.45 20.41 19.39 19.56 24.36
-9999 -9999 -9999 -9999 -9999 -9999 -9999 -9999 -9999 -9999 -9999 -9999 -9999 -9999 -9999 43.15 42.81 64.93 88.97 110.78 86.39 124.98 75.57 63.91 79.47 62.05 60.03 58.94 48.22 46.94 46.63 41.72 38.44 38.28 40.04 39.33 44.08 38.53 33.32 34.98 31.68 30.99 34.75 39.19 36.99 38.32 35.66 38.57 35.28 30.49 26.66 31.36 27.91 27.43 25.02 29.10 28.89 29.41 22.94 25.37 24.47 25.27 23.33 23.33 21.76 23.45 22.92 23.61 21.27 19.07 17.84 22.27 19.99 18.21 19.25 20.91
-9999 -9999 -9999 -9999 -9999 -9999 -9999 -9999 -9999 -9999 -9999 -9999 -9999 -9999 -9999 49.22 54.14 62.19 67.18 93.96 118.39 113.30 95.25 69.04 61.69 59.71 56.86 64.77 57.95 59.28 50.75 38.44 48.93 39.30 37.45 34.37 40.71 33.14 35.41 34.82 30.65 31.78 31.26 42.28 39.89 39.09 39.12 36.72 32.32 28.72 19.08 24.25 23.73 24.68 24.56 26.47 27.45 28.61 26.13 26.59 25.20 23.09 22.63 22.90 22.93 24.90 23.97 23.08 21.87 19.58 18.94 18.42 16.84 15.15 18.43 16.70
-9999 -9999 -9999 -9999 -9999 -9999 -9999 -9999 -9999 -9999 -9999 -9999 -9999 -9999 -9999 48.60 55.45 61.73 60.67 85.86 109.29 108.37 92.68 70.86 58.23 62.70 57.72 62.27 71.33 60.68 49.78 48.01 41.94 45.93 34.08 38.17 37.09 36.29 34.65 31.32 28.91 28.87 30.45 33.52 33.02 35.98 35.47 33.20 32.38 26.95 20.99 21.83 25.85 26.78 23.55 23.46 22.51 26.03 23.92 22.61 23.55 20.96 23.39 24.13 25.31 25.52 22.43 21.37 20.44 19.03 18.41 15.88 14.28 12.15 10.84 12.60
-9999 -9999 -9999 -9999 -9999 -9999 -9999 -9999 -9999 -9999 -9999 -9999 -9999 -9999 48.79 52.43 64.22 62.48 46.87 63.28 85.73 96.66 83.30 69.27 66.40 62.11 61.42 71.36 62.40 50.23 54.89 49.14 38.75 35.78 34.49 37.55 37.23 47.80 33.28 28.57 29.57 26.62 26.91 30.73 30.62 30.25 31.93 29.49 30.34 27.01 23.55 22.52 22.91 23.00 21.19 23.99 25.12 24.40 21.82 21.46 22.53 24.14 22.91 27.00 27.09 27.96 23.52 21.41 18.88 15.91 16.61 13.29 13.91 13.42 12.46 12.24
-9999 -9999 -9999 -9999 -9999 -9999 -9999 -9999 -9999 -9999 -9999 -9999 -9999 59.23 53.30 51.47 56.82 54.49 65.95 81.62 96.83 95.77 96.95 82.06 81.84 72.94 62.63 76.95 58.86 60.42 47.56 48.98 44.29 36.72 35.89 39.23 39.58 41.24 34.21 28.13 24.72 26.16 27.22 27.03 25.77 25.92 28.34 27.50 27.08 25.49 24.71 23.06 23.99 24.19 21.35 19.96 23.06 23.85 20.42 19.24 25.08 24.62 26.46 33.56 28.51 28.17 24.35 19.90 18.13 16.79 14.21 13.88 13.93 13.76 13.16 13.80
-9999 -9999 -9999 -9999 -9999 -9999 -9999 -9999 -9999 -9999 -9999 59.13 58.24 58.27 59.69 49.57 60.10 58.57 72.55 86.11 117.89 109.60 97.77 91.77 60.38 78.67 68.88 72.79 58.23 55.12 56.31 46.02 41.06 33.52 32.87 36.74 30.69 33.11 31.64 25.72 24.41 25.01 24.55 25.64 25.54 24.45 24.64 23.21 21.79 22.65 21.50 23.01 24.51 28.76 31.08 29.74 24.43 23.11 20.88 23.96 28.43 26.23 27.35 26.72 28.26 29.05 23.50 17.90 17.09 16.83 16.00 16.45 13.31 15.38 15.14 13.87
-9999 -9999 -9999 -9999 -9999 -9999 -9999 52.64 38.97 52.69 67.33 67.37 76.68 70.54 60.24 66.13 60.01 78.05 85.24 107.76 111.05 107.53 97.35 88.98 75.40 79.37 64.88 73.15 58.84 54.31 47.55 42.06 37.21 38.08 29.41 35.52 34.61 30.65 28.84 26.15 25.17 25.90 24.21 25.44 26.71 23.29 20.81 19.82 21.16 22.96 23.01 21.06 24.52 26.30 27.77 32.19 26.27 25.35 23.64 23.16 25.14 25.15 26.07 23.58 18.31 18.22 18.79 17.35 16.40 15.46 15.88 15.20 12.89 14.07 14.89 14.73
-9999 -9999 -9999 -9999 -9999 -9999 68.09 60.54 66.27 69.58 55.29 66.52 72.56 77.04 75.49 57.65 65.21 80.79 102.25 105.00 121.38 111.80 95.33 100.24 79.51 69.28 81.03 56.73 50.74 43.99 39.04 35.86 40.60 33.49 29.03 23.27 30.06 32.31 29.11 31.21 28.46 27.79 26.20 24.77 23.98 22.86 20.22 19.44 21.20 22.72 21.93 25.09 22.86 22.37 26.52 32.15 27.71 25.56 22.69 18.95 19.85 22.58 21.79 19.53 11.13 12.27 17.72 15.82 13.42 12.10 11.05 12.41 11.32 13.62 13.99 14.14
-9999 -9999 -9999 -9999 -9999 67.12 71.02 60.81 62.85 63.08 62.64 70.07 76.58 73.46 72.40 81.37 73.59 85.09 113.29 92.55 101.31 103.62 109.01 95.78 90.11 77.35 62.86 55.52 48.80 62.19 50.01 36.76 35.13 29.83 27.63 29.54 30.25 31.25 29.35 26.81 27.59 26.62 24.46 25.65 23.86 21.95 20.56 26.61 24.28 24.62 20.62 19.41 21.46 20.35 27.36 28.97 31.27 30.18 28.00 25.49 21.54 22.77 20.02 16.12 17.30 14.58 15.40 14.33 13.73 11.73 11.54 12.57 12.03 12.12 14.50 14.60
-9999 46.41 57.77 61.06 80.59 74.24 77.48 73.70 76.00 70.00 77.24 83.36 85.72 94.80 82.58 86.09 86.63 95.85 107.51 102.24 92.34 102.70 93.00 84.91 73.05 75.45 62.37 50.81 55.70 65.64 49.44 45.55 41.29 31.63 27.79 29.43 35.52 28.71 31.84 28.10 24.53 26.10 23.67 27.64 22.10 20.68 28.19 26.55 26.28 24.74 23.07 21.88 23.05 24.32 27.22 29.08 28.17 28.78 26.67 25.80 22.95 20.64 21.21 22.41 18.16 14.32 15.15 14.02 15.29 12.09 15.29 16.02 19.03 22.04 19.56 15.45
45.51 57.27 62.70 64.56 89.41 92.18 96.17 71.11 99.90 82.28 90.29 84.31 81.80 87.22 86.78 88.73 94.55 87.20 91.72 93.96 99.23 103.60 85.91 81.66 77.34 65.69 62.56 63.29 90.62 68.97 56.41 39.72 42.37 39.43 36.93 29.45 27.40 27.10 26.44 26.39 24.95 26.33 24.26 25.07 21.37 30.70 30.23 31.80 26.09 24.80 28.65 24.43 26.82 25.55 25.09 27.68 27.42 24.40 22.52 23.52 22.35 18.76 23.26 21.01 16.37 15.04 13.68 13.41 14.39 15.38 18.74 19.43 18.27 20.43 21.38 21.84
