Rainfall_2007-2011/Rainfall_2010-07_ACTUAL.txt
ncols         180
nrows         290
xllcorner     -200000
yllcorner     -200000
cellsize      5000
NODATA_value  -9999
[rows 170 to 203 of 290, columns 75 to 149 of 180]
-9999 -9999 -9999 -9999 -9999 -9999 -9999 -9999 -9999 -9999 -9999 -9999 -9999 -9999 -9999 -9999 -9999 -9999 -9999 -9999 -9999 -9999 -9999 -9999 -9999 -9999 -9999 -9999 -9999 -9999 -9999 141.78 177.55 164.30 143.27 135.42 138.44 99.15 75.55 83.37 80.03 70.45 76.28 68.13 101.58 105.52 156.73 145.64 113.97 108.44 70.41 63.77 69.90 63.50 54.79 51.81 43.34 39.69 34.77 30.83 28.17 30.17 30.69 29.67 26.88 28.01 30.80 29.76 31.02 27.85 25.51 29.15 28.38 25.69 -9999
-9999 -9999 -9999 -9999 -9999 -9999 -9999 -9999 -9999 -9999 -9999 172.64 166.56 163.63 166.68 -9999 -9999 -9999 -9999 -9999 -9999 -9999 -9999 -9999 -9999 -9999 -9999 -9999 -9999 -9999 113.42 136.39 141.58 157.53 142.89 136.33 112.50 104.53 87.56 77.87 74.81 78.05 80.79 88.04 98.47 122.64 148.03 146.92 92.64 97.90 84.77 62.67 68.53 57.25 62.75 51.29 43.03 42.19 32.03 30.09 30.87 32.27 30.43 29.37 29.87 28.80 28.82 28.17 26.05 30.63 28.10 28.60 25.15 24.04 25.16
-9999 -9999 -9999 -9999 -9999 -9999 -9999 -9999 -9999 -9999 -9999 175.53 188.41 169.83 162.83 -9999 -9999 -9999 -9999 -9999 -9999 -9999 -9999 -9999 -9999 -9999 -9999 -9999 -9999 125.92 119.87 116.20 152.25 164.98 136.01 118.31 104.42 110.00 86.32 80.61 78.35 72.89 79.73 93.02 105.26 113.44 147.26 154.72 121.86 107.35 105.92 76.48 62.34 55.64 55.96 51.82 45.26 39.71 38.66 28.60 33.24 34.51 34.52 30.98 31.88 29.76 28.88 27.83 30.50 29.35 28.86 33.55 19.84 18.01 22.23
-9999 -9999 -9999 -9999 -9999 -9999 -9999 -9999 -9999 111.28 144.16 151.04 195.50 193.97 188.76 175.17 128.72 141.73 -9999 -9999 77.48 101.65 -9999 -9999 -9999 79.42 111.01 114.75 -9999 104.62 121.62 125.15 118.44 123.24 111.90 109.39 112.41 101.56 81.98 80.71 75.57 75.70 71.04 74.18 103.00 107.88 118.95 125.21 69.54 88.91 110.29 68.60 71.25 57.76 53.57 50.93 48.80 44.15 38.71 33.24 34.82 38.94 35.59 30.24 33.73 31.42 28.91 27.81 30.70 30.76 36.18 34.20 23.55 22.41 20.03
-9999 -9999 -9999 -9999 -9999 -9999 -9999 -9999 -9999 -9999 140.35 136.14 187.42 189.40 192.15 184.98 161.34 146.97 -9999 76.93 99.48 127.23 112.31 89.82 79.44 76.34 101.33 108.24 100.11 -9999 110.14 125.29 101.32 91.63 87.37 88.49 88.26 69.78 78.25 83.19 80.93 68.92 84.07 87.17 127.60 154.99 107.87 103.62 72.86 89.12 74.73 66.86 54.41 50.12 48.26 51.06 48.58 48.23 36.84 37.30 37.06 33.28 33.04 32.47 33.26 31.11 29.20 29.16 31.03 35.68 39.01 28.81 26.16 24.30 22.79
-9999 -9999 -9999 -9999 -9999 -9999 -9999 -9999 -9999 -9999 -9999 137.46 184.92 200.58 197.15 189.27 164.17 161.47 169.80 222.58 128.49 143.79 142.51 107.43 82.25 83.91 80.98 105.05 110.59 99.22 98.82 114.78 107.39 92.47 88.04 82.39 84.76 67.77 79.44 81.50 82.91 86.50 94.14 108.27 142.97 140.38 116.99 89.49 74.51 83.50 85.78 57.49 45.31 46.82 48.14 48.69 53.36 54.13 41.73 38.42 33.30 32.65 35.01 36.98 31.24 30.88 30.90 28.73 29.89 29.23 28.84 26.15 25.55 27.75 24.04
-9999 -9999 -9999 -9999 -9999 -9999 -9999 -9999 -9999 -9999 -9999 -9999 179.70 166.54 271.55 208.37 195.03 228.05 312.79 220.99 112.46 133.61 126.56 116.89 96.03 88.38 80.36 127.38 117.09 104.97 85.93 105.84 88.33 91.82 88.82 85.63 112.74 87.76 106.50 80.12 82.38 83.67 89.98 111.79 120.75 119.56 108.44 87.66 84.92 69.16 78.03 64.38 41.11 43.34 52.74 49.07 49.46 61.69 41.51 38.79 34.50 33.90 44.17 41.68 49.10 41.82 34.55 30.53 28.91 29.34 28.69 27.91 22.19 21.43 21.85
-9999 -9999 -9999 -9999 -9999 -9999 -9999 -9999 -9999 -9999 -9999 -9999 -9999 191.17 189.75 267.23 283.81 409.83 375.98 268.51 177.22 183.23 168.37 136.88 78.05 110.26 96.38 90.03 115.00 91.89 80.55 117.17 92.14 109.77 86.94 78.68 79.73 83.17 80.44 75.06 77.02 75.22 78.37 96.87 100.86 95.51 86.01 76.16 80.54 73.88 99.91 57.91 44.51 43.72 57.52 60.70 53.83 47.14 37.76 36.37 32.63 37.57 52.90 50.08 49.19 38.83 31.16 28.65 25.74 31.82 27.13 21.87 22.67 18.28 20.12
-9999 -9999 -9999 -9999 -9999 -9999 -9999 -9999 -9999 -9999 -9999 -9999 -9999 195.41 208.29 287.49 354.19 544.61 463.51 270.26 173.85 143.32 195.09 161.79 127.63 110.43 103.15 86.27 115.03 114.29 93.48 83.08 89.08 84.44 87.89 81.15 81.08 89.82 79.09 79.53 68.10 67.59 75.95 88.87 88.15 81.55 71.67 64.58 67.67 58.49 46.14 47.14 42.49 39.99 50.48 55.57 49.40 46.32 39.54 39.53 35.42 28.61 43.93 44.76 39.66 30.33 29.43 28.13 25.03 31.54 24.22 20.45 18.98 19.26 20.66
-9999 -9999 -9999 -9999 -9999 -9999 -9999 -9999 -9999 -9999 -9999 -9999 -9999 239.73 304.61 386.42 476.22 622.07 484.95 300.02 258.16 148.02 165.08 178.00 112.33 130.81 89.32 90.57 127.02 118.72 102.00 82.14 85.61 93.13 96.34 75.98 72.50 107.51 91.98 77.36 62.67 72.61 76.95 84.86 83.08 80.08 77.79 49.35 56.55 50.00 48.59 48.12 39.95 48.74 51.25 49.48 53.67 52.55 48.43 38.35 41.57 35.24 38.93 42.64 39.50 31.81 30.20 28.15 26.82 21.97 20.86 19.61 18.39 20.94 21.93
-9999 -9999 -9999 -9999 -9999 -9999 -9999 -9999 -9999 -9999 -9999 -9999 200.79 388.62 339.63 431.94 490.59 376.73 492.78 400.38 303.23 235.80 203.80 170.01 141.59 108.37 109.55 119.83 138.81 128.45 125.15 83.18 76.70 90.50 85.00 70.66 69.74 84.84 84.18 76.20 75.17 74.26 77.69 73.38 73.16 54.55 77.10 64.17 48.68 50.27 46.69 44.41 33.58 38.10 57.75 40.20 48.50 54.20 50.38 38.56 38.74 37.55 40.13 38.99 35.12 30.12 29.56 30.84 29.09 25.41 21.56 24.71 26.94 24.64 -9999
-9999 -9999 -9999 -9999 -9999 -9999 -9999 -9999 -9999 -9999 113.77 148.48 183.08 223.38 237.65 304.64 362.10 289.64 354.96 332.80 308.89 262.01 211.19 189.89 166.71 109.42 118.02 131.74 91.74 97.35 105.28 86.59 82.73 62.35 64.83 50.24 70.74 85.34 85.62 93.06 75.03 73.40 70.23 69.86 69.53 62.38 56.49 50.55 50.31 44.06 35.89 41.28 43.23 48.66 54.69 45.00 39.47 39.88 43.03 39.72 41.14 43.66 39.81 39.91 41.38 38.01 35.90 37.22 34.83 33.28 28.85 27.61 30.10 -9999 -9999
-9999 -9999 -9999 -9999 -9999 -9999 -9999 -9999 -9999 110.19 107.34 145.84 155.95 168.25 167.27 206.84 203.80 242.02 248.73 281.24 273.45 310.69 183.76 139.77 146.67 115.12 154.94 166.74 136.02 102.86 84.83 82.62 77.48 62.88 67.12 68.16 79.69 79.03 79.05 79.79 79.08 66.80 62.92 71.26 64.50 49.50 44.35 40.96 44.21 46.15 41.98 40.37 46.77 45.30 60.25 44.70 32.86 39.65 41.18 44.68 44.04 37.01 34.76 40.93 43.68 47.22 36.47 38.25 35.80 34.98 32.90 30.24 31.35 -9999 -9999
-9999 -9999 -9999 -9999 -9999 -9999 -9999 -9999 162.80 134.05 113.47 142.62 -9999 -9999 -9999 -9999 221.16 328.95 328.55 275.33 262.71 233.16 192.33 198.09 191.10 142.06 214.12 183.32 131.20 148.58 104.51 74.98 75.23 63.34 64.07 73.74 79.86 76.29 82.27 65.37 76.42 68.09 56.48 58.51 54.58 44.61 38.65 36.07 35.42 36.97 40.06 40.38 40.47 34.95 39.66 40.40 37.22 36.48 43.49 47.96 49.63 37.30 36.40 35.53 44.21 46.89 47.37 46.10 41.27 40.36 45.42 36.44 32.05 35.75 -9999
-9999 -9999 -9999 -9999 -9999 -9999 -9999 -9999 111.80 160.50 126.72 131.76 -9999 -9999 -9999 -9999 176.62 280.90 344.35 284.31 280.64 270.75 240.73 228.98 221.12 149.72 207.11 154.41 123.82 112.15 87.95 84.46 66.08 52.30 63.80 68.53 76.86 72.37 76.94 57.02 56.86 61.01 52.05 50.95 43.91 42.39 40.67 40.46 40.53 34.86 32.08 36.55 40.54 40.08 41.60 47.22 40.32 40.01 41.60 43.82 44.86 41.67 39.03 35.24 38.87 33.77 37.16 44.21 49.79 44.96 48.46 34.88 25.18 34.48 32.17
-9999 -9999 -9999 -9999 -9999 -9999 -9999 -9999 -9999 -9999 -9999 -9999 -9999 -9999 -9999 -9999 163.76 300.72 283.02 226.05 246.77 238.19 288.13 249.01 182.62 187.84 174.44 159.67 131.97 98.07 79.64 75.24 71.32 80.87 71.54 76.31 70.53 70.21 55.24 41.28 51.96 49.76 46.66 48.54 43.29 39.56 35.52 35.88 37.90 34.18 31.94 40.64 40.68 35.64 37.33 41.82 39.57 38.20 41.00 38.20 37.77 36.50 37.96 30.58 39.60 35.10 32.48 38.46 28.96 46.73 42.16 40.79 26.63 30.13 30.82
-9999 -9999 -9999 -9999 -9999 -9999 -9999 -9999 -9999 -9999 -9999 -9999 -9999 -9999 -9999 -9999 -9999 377.67 218.22 198.76 250.75 281.16 246.60 242.43 230.65 163.48 149.04 137.93 93.78 86.47 77.94 64.30 73.22 63.21 62.81 64.07 61.41 55.89 47.66 39.90 43.36 43.71 42.82 35.42 37.28 29.12 30.69 31.40 32.15 47.81 48.25 39.71 39.82 32.13 33.01 54.53 38.87 39.10 31.87 32.17 35.96 35.39 37.00 34.93 42.01 32.18 27.31 39.53 36.53 39.74 35.91 28.06 26.10 26.41 29.04
-9999 -9999 -9999 -9999 -9999 -9999 -9999 -9999 -9999 -9999 -9999 -9999 -9999 -9999 -9999 -9999 -9999 241.48 325.96 336.97 305.95 270.10 220.04 229.02 203.79 139.24 97.65 95.60 103.75 77.28 78.37 65.68 62.64 59.05 49.76 54.06 57.34 61.05 52.72 48.96 38.08 37.60 39.05 32.90 39.59 30.38 30.82 36.83 39.88 49.30 33.66 35.83 39.29 38.08 50.51 46.78 40.39 44.56 36.34 39.16 40.77 39.56 38.60 36.53 36.71 26.99 26.13 36.26 33.57 30.98 27.66 31.11 38.26 28.85 22.70
-9999 -9999 -9999 -9999 -9999 -9999 -9999 -9999 -9999 -9999 -9999 -9999 -9999 -9999 -9999 -9999 226.35 242.72 268.15 338.76 290.05 207.58 208.16 193.28 164.06 146.28 92.93 77.53 94.91 64.46 67.51 64.60 56.78 47.95 56.38 54.95 57.44 63.10 58.28 46.96 38.81 36.39 36.30 32.32 31.84 34.30 30.91 27.83 36.72 38.24 30.35 30.09 36.64 37.75 35.08 42.57 37.90 49.56 47.27 41.39 44.54 55.23 40.80 45.02 38.07 37.65 32.66 33.19 28.34 25.99 22.56 23.61 26.82 25.87 21.10
-9999 -9999 -9999 -9999 -9999 -9999 -9999 -9999 -9999 -9999 -9999 -9999 -9999 -9999 -9999 -9999 186.74 207.61 280.30 251.25 221.94 165.38 169.72 182.15 172.97 125.47 97.96 80.14 81.66 53.25 60.11 62.66 45.75 63.51 58.14 55.83 57.52 53.17 57.61 52.14 36.99 36.99 31.60 30.61 33.96 30.84 30.68 32.11 28.56 29.49 29.67 29.76 35.29 35.04 40.27 46.70 43.15 54.19 46.77 49.57 44.54 46.67 59.38 59.35 42.39 35.05 34.61 30.65 25.04 22.61 16.73 19.30 22.25 27.89 24.73
-9999 -9999 -9999 -9999 -9999 -9999 -9999 -9999 -9999 -9999 -9999 -9999 -9999 -9999 -9999 -9999 165.59 227.98 173.56 202.16 170.84 157.32 159.41 180.77 149.08 139.14 124.75 87.15 70.47 65.70 62.31 67.15 72.95 83.62 63.68 66.11 59.54 52.28 50.17 45.41 43.29 37.09 32.17 33.27 30.73 30.12 32.36 31.19 24.85 23.16 29.53 25.98 34.02 44.47 41.17 49.70 49.76 45.56 57.78 53.66 46.10 43.63 43.72 43.94 39.61 35.72 36.49 29.42 18.46 16.09 11.76 19.43 20.95 25.99 25.64
-9999 -9999 -9999 -9999 -9999 -9999 -9999 -9999 -9999 -9999 -9999 -9999 -9999 -9999 -9999 -9999 -9999 107.84 184.15 223.92 224.45 223.19 152.08 143.96 119.65 94.79 88.13 76.11 62.01 70.76 47.97 57.25 65.64 80.75 64.14 69.60 60.76 57.08 53.79 40.97 40.76 40.08 36.23 39.82 32.75 29.49 26.34 26.59 23.74 22.33 29.92 33.30 43.94 52.28 46.24 49.81 51.33 62.63 64.13 55.49 42.36 42.38 31.93 31.09 33.27 34.04 40.34 30.03 21.07 14.99 13.03 17.00 18.53 22.30 21.63
-9999 -9999 -9999 -9999 -9999 -9999 -9999 -9999 -9999 -9999 -9999 -9999 -9999 -9999 -9999 -9999 -9999 166.29 201.64 222.58 244.01 270.65 194.47 145.69 122.01 116.03 99.91 87.39 79.65 74.07 63.10 54.74 58.85 67.16 58.39 64.41 76.72 61.48 59.97 41.94 44.13 41.80 37.13 36.18 36.55 27.98 24.84 24.11 33.90 28.76 34.48 39.09 43.02 48.93 50.62 51.65 53.92 72.08 70.31 57.80 38.82 41.04 32.73 28.69 28.54 29.81 27.70 22.71 20.26 17.49 17.04 14.78 15.54 18.54 26.59
-9999 -9999 -9999 -9999 -9999 -9999 -9999 -9999 -9999 -9999 -9999 -9999 -9999 -9999 -9999 -9999 139.11 148.48 199.94 215.08 213.94 244.84 192.12 135.36 142.77 155.94 117.20 102.33 78.26 60.16 57.24 62.12 67.39 65.57 61.25 62.79 63.62 66.79 54.02 40.46 45.49 38.72 33.29 35.00 35.39 37.07 29.04 31.77 32.67 33.30 40.13 41.67 56.66 44.13 52.79 44.75 52.52 59.36 62.73 53.16 46.17 37.87 39.30 29.52 25.43 26.40 26.97 26.07 16.35 16.46 20.33 23.70 16.59 18.37 30.03
-9999 -9999 -9999 -9999 -9999 -9999 -9999 -9999 -9999 -9999 -9999 -9999 -9999 -9999 -9999 -9999 159.16 177.76 193.30 203.98 217.86 236.23 182.90 134.09 106.35 105.69 104.53 103.01 100.78 69.80 73.61 67.07 55.97 78.08 62.71 52.59 55.71 66.67 44.97 40.03 43.18 34.59 31.85 36.60 37.77 42.51 35.32 36.97 35.23 33.83 36.39 38.96 35.94 37.41 33.34 42.65 45.83 50.12 51.27 47.92 39.85 31.05 36.75 30.88 27.72 25.87 22.81 22.08 15.89 16.13 17.44 31.56 34.40 28.13 37.62
-9999 -9999 -9999 -9999 -9999 -9999 -9999 -9999 -9999 -9999 -9999 -9999 -9999 -9999 -9999 -9999 162.40 178.68 163.34 193.33 206.56 215.69 174.12 135.34 100.32 108.79 110.03 94.13 94.33 79.59 69.56 58.67 68.25 60.62 69.12 45.27 48.65 50.00 42.12 42.66 36.81 30.22 30.76 31.91 32.40 33.20 33.58 36.72 36.32 36.39 37.35 40.62 35.57 32.34 31.21 30.31 42.17 43.53 51.38 36.65 26.96 23.80 26.34 23.89 22.17 23.17 21.42 20.21 19.53 20.35 21.22 26.09 29.49 33.80 34.99
-9999 -9999 -9999 -9999 -9999 -9999 -9999 -9999 -9999 -9999 -9999 -9999 -9999 -9999 -9999 167.88 176.63 192.79 176.93 160.46 209.10 185.65 144.50 114.20 111.19 94.16 106.64 97.98 113.28 91.71 67.03 66.42 60.96 57.23 61.06 47.25 46.76 45.22 41.28 41.77 35.06 28.46 25.98 26.78 32.01 32.25 31.10 45.50 43.39 37.29 36.18 37.89 34.00 28.49 25.84 36.02 39.02 42.03 45.57 28.96 24.98 23.87 18.39 14.23 18.95 20.65 18.66 20.79 21.47 23.40 31.43 25.01 22.12 23.51 24.45
-9999 -9999 -9999 -9999 -9999 -9999 -9999 -9999 -9999 -9999 -9999 -9999 -9999 -9999 194.16 183.44 187.83 167.19 145.02 176.59 208.10 198.90 184.95 142.53 106.43 116.00 114.74 88.10 101.13 77.09 67.53 59.86 48.93 45.65 54.51 47.18 52.79 45.16 49.90 51.44 44.87 37.98 26.53 25.12 30.97 23.79 23.02 36.00 38.87 33.36 31.27 32.20 29.86 29.45 31.28 33.11 35.95 33.34 33.65 24.60 19.35 21.15 20.37 18.43 23.50 19.29 18.23 18.16 27.58 29.14 29.36 20.31 18.84 11.97 19.21
-9999 -9999 -9999 -9999 -9999 -9999 -9999 -9999 -9999 -9999 -9999 -9999 184.78 181.38 183.80 167.95 164.32 179.30 160.30 183.70 188.77 198.93 180.17 140.15 113.71 73.03 109.29 82.86 88.74 68.09 61.58 69.05 51.83 47.52 46.67 47.03 49.10 41.80 51.09 51.66 44.08 41.47 30.97 21.93 26.03 26.00 27.08 31.06 35.48 25.05 20.51 25.94 26.97 26.77 32.57 31.31 25.47 28.08 26.87 25.03 23.95 21.91 20.22 18.68 20.22 19.04 18.71 24.39 30.57 26.15 25.79 20.32 17.95 17.18 22.33
-9999 -9999 -9999 -9999 -9999 -9999 -9999 -9999 129.90 104.97 137.71 200.95 208.75 203.51 214.05 190.15 201.75 195.33 218.71 187.62 183.09 175.81 161.97 127.66 107.45 88.58 104.18 83.36 90.65 73.44 59.29 59.93 55.71 49.51 50.65 36.50 50.66 50.92 52.29 69.90 64.28 35.80 31.87 25.94 36.27 27.29 29.23 30.91 25.92 25.77 24.60 27.39 24.99 26.61 31.18 28.17 25.99 29.58 26.09 23.80 25.31 25.52 21.00 20.16 22.87 18.80 21.75 24.87 24.62 23.60 27.30 21.22 18.48 18.86 25.35
-9999 -9999 -9999 -9999 -9999 -9999 -9999 126.62 138.14 164.61 176.78 157.39 203.06 192.04 212.13 202.36 200.00 229.53 218.95 223.71 180.87 190.31 162.34 125.74 131.38 91.03 74.90 100.05 67.52 56.75 38.12 47.45 48.68 51.00 48.02 45.80 55.67 59.28 56.28 54.62 48.76 25.71 29.23 31.52 33.24 22.08 27.14 32.58 29.74 23.08 28.39 29.77 31.61 28.59 26.89 31.16 36.14 29.56 23.06 20.46 31.49 34.40 23.91 20.32 16.53 17.78 21.82 21.01 19.87 18.35 19.62 18.70 19.22 25.56 30.45
-9999 -9999 -9999 -9999 -9999 -9999 106.39 113.35 116.12 136.39 165.66 191.14 201.80 222.97 203.44 199.39 265.74 224.38 181.01 214.41 163.32 174.42 145.41 149.89 125.22 111.28 89.90 69.31 54.14 42.00 59.37 64.86 47.01 42.03 40.00 46.59 61.63 73.03 54.09 43.01 38.14 26.99 27.67 27.46 27.13 27.62 32.13 44.56 56.63 31.66 27.84 26.85 24.03 26.90 24.61 35.77 37.09 28.67 24.07 20.97 18.45 23.00 18.29 20.92 22.00 14.61 16.10 19.18 18.50 19.16 19.91 18.89 20.15 32.64 41.93
-9999 -9999 93.55 122.04 123.56 165.74 143.43 144.93 159.70 161.71 168.71 221.10 207.20 248.66 252.74 297.57 253.46 202.53 178.96 183.16 175.41 160.38 158.02 139.29 117.14 91.37 100.58 68.60 43.76 53.06 64.48 60.72 67.38 53.22 47.30 45.84 54.49 61.60 39.03 41.57 34.06 30.13 26.53 27.28 34.46 30.43 32.75 55.30 54.55 35.00 27.88 28.19 25.09 24.42 31.95 37.09 24.57 28.15 24.83 19.83 16.62 18.16 18.51 21.09 15.32 18.55 20.14 17.74 17.45 16.59 21.01 24.11 23.97 28.75 23.24
-9999 98.43 118.95 137.08 154.81 205.63 232.34 214.97 205.84 192.69 195.53 225.12 247.34 227.00 231.86 268.89 231.13 217.22 157.83 142.47 136.71 131.81 149.49 118.43 115.17 100.12 85.52 76.56 70.48 91.87 75.32 57.53 54.66 58.38 60.23 62.12 49.39 45.53 37.80 37.15 38.68 33.90 24.72 26.12 31.01 29.91 42.59 44.33 44.63 35.87 39.49 36.66 24.48 23.03 29.39 29.77 22.75 24.60 20.58 20.63 23.99 18.23 17.49 20.08 17.76 18.41 20.80 20.71 19.24 17.33 24.03 28.06 26.48 24.70 23.32
