Rainfall_2007-2011/Rainfall_2007-02_ACTUAL.txt
ncols         180
nrows         290
xllcorner     -200000
yllcorner     -200000
cellsize      5000
NODATA_value  -9999
[rows 170 to 203 of 290, columns 76 to 151 of 180]
-9999 -9999 -9999 -9999 -9999 -9999 -9999 -9999 -9999 -9999 -9999 -9999 -9999 -9999 -9999 -9999 -9999 -9999 -9999 -9999 -9999 -9999 -9999 -9999 -9999 -9999 -9999 -9999 -9999 -9999 55.55 62.03 63.91 66.09 79.05 68.96 68.12 67.82 64.47 63.48 62.86 65.25 76.37 75.91 81.26 113.38 140.82 130.79 124.03 99.11 78.65 63.71 55.97 52.63 57.06 54.33 57.16 51.79 60.36 57.99 51.72 60.09 64.53 59.59 58.85 61.43 60.71 66.16 55.16 55.64 57.82 56.33 52.47 -9999 -9999 -9999
-9999 -9999 -9999 -9999 -9999 -9999 -9999 -9999 -9999 -9999 46.47 47.53 54.94 59.11 -9999 -9999 -9999 -9999 -9999 -9999 -9999 -9999 -9999 -9999 -9999 -9999 -9999 -9999 -9999 49.21 51.39 63.31 66.85 66.88 65.96 61.75 56.09 57.97 58.82 63.81 62.40 64.82 66.81 74.19 98.58 122.03 120.16 110.93 132.78 112.52 68.12 68.99 56.62 65.30 59.00 54.49 67.03 56.58 52.73 58.77 56.44 62.81 62.48 60.13 58.28 61.45 56.84 74.77 73.33 74.57 61.96 57.64 54.85 55.38 -9999 -9999
-9999 -9999 -9999 -9999 -9999 -9999 -9999 -9999 -9999 -9999 48.97 49.72 51.93 52.19 -9999 -9999 -9999 -9999 -9999 -9999 -9999 -9999 -9999 -9999 -9999 -9999 -9999 -9999 52.11 55.31 52.00 61.92 69.35 61.32 61.71 59.17 57.90 54.97 53.92 59.41 62.08 61.31 64.52 67.90 76.59 104.68 134.96 121.45 106.67 96.21 64.22 60.76 60.84 67.08 61.31 59.93 59.03 52.46 54.33 59.37 65.58 66.47 61.09 60.30 58.58 62.98 61.21 80.43 81.68 73.33 60.00 62.04 56.49 56.26 -9999 -9999
-9999 -9999 -9999 -9999 -9999 -9999 -9999 -9999 40.05 43.82 44.46 51.87 51.28 56.23 51.13 40.31 46.21 -9999 -9999 45.45 47.38 -9999 -9999 -9999 37.39 39.43 45.46 -9999 50.38 60.11 59.83 59.68 61.64 60.58 62.58 62.74 63.96 62.91 63.46 60.16 64.63 60.03 60.70 81.79 78.58 93.71 124.03 102.18 102.34 103.83 79.86 82.69 68.73 65.34 61.60 64.46 56.73 55.56 52.51 58.94 60.48 59.11 56.31 58.99 56.20 49.96 55.92 71.20 80.02 73.57 74.33 60.70 52.06 59.98 55.24 -9999
-9999 -9999 -9999 -9999 -9999 -9999 -9999 -9999 -9999 41.19 42.09 54.44 61.40 59.60 53.24 50.35 47.82 -9999 48.84 58.39 67.42 58.68 42.87 38.44 35.05 47.29 46.42 51.54 -9999 61.26 68.30 61.15 57.06 55.05 55.53 55.14 55.03 60.43 65.62 65.88 65.41 75.36 70.56 95.03 119.80 98.93 134.37 92.77 118.13 100.06 88.44 78.23 67.55 56.05 51.66 50.79 49.65 56.93 60.82 63.15 59.77 63.49 58.59 63.57 57.68 49.02 55.73 62.94 66.25 70.48 73.31 67.94 57.56 55.85 55.89 -9999
-9999 -9999 -9999 -9999 -9999 -9999 -9999 -9999 -9999 -9999 42.84 53.44 60.77 57.03 45.72 53.88 64.05 72.77 107.67 77.37 80.37 72.41 62.21 50.16 42.97 38.76 48.17 59.82 64.19 64.39 68.40 61.55 55.04 57.03 57.95 64.52 55.10 63.48 68.71 62.07 65.21 73.28 67.72 101.15 127.51 124.68 120.67 104.63 104.64 108.01 99.83 84.09 72.58 55.86 52.85 65.14 66.41 60.65 66.37 58.52 55.20 59.33 62.88 65.63 64.56 58.34 58.87 56.42 57.53 64.35 70.11 78.65 77.67 59.20 54.02 52.05
-9999 -9999 -9999 -9999 -9999 -9999 -9999 -9999 -9999 -9999 -9999 56.08 54.82 59.50 50.88 84.97 108.21 145.36 136.75 108.59 97.20 74.85 73.54 62.32 43.23 41.08 64.21 57.02 70.76 68.52 56.12 55.64 57.82 54.11 59.82 68.12 62.20 67.85 60.37 60.93 63.52 67.01 81.17 98.93 106.60 127.80 125.44 121.40 99.84 106.26 123.75 95.06 85.01 70.11 50.16 70.11 73.42 64.32 69.31 62.06 56.08 60.63 64.73 67.14 66.46 64.59 57.55 50.88 52.21 61.56 77.51 72.14 66.08 59.38 50.39 47.38
-9999 -9999 -9999 -9999 -9999 -9999 -9999 -9999 -9999 -9999 -9999 -9999 65.29 70.65 112.92 162.13 179.94 201.79 188.00 131.91 120.08 109.83 91.67 78.10 64.43 56.46 55.04 85.46 72.98 68.57 64.13 54.97 60.65 57.03 58.89 63.52 58.41 56.32 59.56 62.27 61.80 68.16 77.95 108.16 111.24 109.79 111.00 126.82 118.29 99.35 124.63 98.58 95.14 93.68 77.42 72.41 72.76 65.72 75.26 68.35 61.04 55.14 71.50 73.34 65.19 59.14 56.90 54.18 57.79 58.13 62.50 52.33 63.12 57.34 47.33 44.60
-9999 -9999 -9999 -9999 -9999 -9999 -9999 -9999 -9999 -9999 -9999 -9999 72.56 77.79 151.31 188.32 240.25 252.48 261.91 137.81 108.75 125.68 115.65 117.09 83.97 69.05 57.71 61.19 86.86 92.90 90.50 59.83 58.24 57.92 61.94 63.19 58.71 54.11 57.58 62.69 66.54 73.49 99.15 98.82 91.69 121.70 132.27 134.35 124.19 117.11 99.51 100.34 90.27 93.48 80.39 87.37 82.99 73.24 70.36 66.42 63.91 61.46 72.34 70.83 65.99 59.92 57.18 52.81 48.93 52.61 56.55 55.58 56.92 52.09 47.44 -9999
-9999 -9999 -9999 -9999 -9999 -9999 -9999 -9999 -9999 -9999 -9999 -9999 89.66 103.72 148.04 200.34 256.79 219.68 188.30 176.22 117.23 131.03 120.16 114.20 103.46 82.68 66.15 88.04 89.69 98.59 79.26 72.73 66.99 75.27 72.22 70.56 60.91 60.25 59.48 61.39 77.52 83.95 99.47 111.67 110.32 124.23 113.07 124.26 102.13 121.82 109.58 87.29 90.81 94.41 100.95 101.88 89.94 87.88 66.42 65.33 57.36 59.73 63.24 78.59 65.30 59.63 53.51 52.10 50.12 52.43 52.47 54.62 56.76 51.18 -9999 -9999
-9999 -9999 -9999 -9999 -9999 -9999 -9999 -9999 -9999 -9999 -9999 105.89 149.13 131.03 160.87 195.62 179.59 203.94 183.81 185.30 164.66 158.91 124.37 103.23 89.49 77.22 87.13 111.69 111.66 111.65 91.78 77.62 67.07 74.99 67.60 66.82 64.30 62.71 63.65 72.56 84.22 79.48 95.24 102.57 91.95 131.02 119.34 96.48 104.75 98.11 105.12 99.09 84.51 95.91 101.82 93.29 93.40 72.97 60.74 59.06 57.95 59.07 57.55 70.51 64.98 53.54 58.08 55.27 54.69 55.23 62.30 57.65 49.53 -9999 -9999 -9999
-9999 -9999 -9999 -9999 -9999 -9999 -9999 -9999 -9999 82.34 93.72 123.13 112.92 120.78 126.71 150.60 122.30 159.05 182.83 177.85 172.79 159.65 122.17 130.94 97.72 108.36 110.77 100.37 106.68 103.62 105.99 89.70 62.43 68.06 58.07 68.46 68.96 67.77 79.58 79.73 86.20 101.59 98.32 99.88 102.75 98.34 94.18 98.86 90.79 85.45 92.54 87.07 83.88 88.61 93.31 79.34 73.66 72.16 62.04 53.53 50.31 56.82 56.08 60.49 64.33 56.28 60.51 56.56 54.51 58.35 57.97 63.10 -9999 -9999 -9999 -9999
-9999 -9999 -9999 -9999 -9999 -9999 -9999 -9999 78.20 83.43 87.67 95.80 105.85 103.24 102.52 99.82 103.12 133.58 154.21 165.44 204.40 144.56 105.56 115.78 109.35 141.54 149.33 142.22 120.40 114.27 108.21 89.52 70.56 73.18 73.06 68.99 74.80 77.96 80.03 91.22 85.78 97.86 106.52 102.90 88.75 100.64 95.52 88.76 80.09 84.15 85.70 79.66 82.87 82.33 78.76 71.21 67.82 64.19 50.79 49.18 51.94 54.44 59.44 63.48 61.50 55.54 55.10 54.34 54.52 53.36 60.18 62.79 -9999 -9999 -9999 -9999
-9999 -9999 -9999 -9999 -9999 -9999 -9999 82.14 85.03 82.47 93.01 -9999 -9999 -9999 -9999 86.45 124.04 154.58 155.66 166.43 169.07 149.64 145.97 159.79 161.63 208.07 183.42 149.00 111.64 121.06 91.44 85.39 81.32 77.17 77.30 75.72 76.18 83.71 76.58 86.87 84.95 84.46 88.22 95.26 93.54 93.64 88.21 84.94 80.57 72.79 71.70 71.94 75.22 75.51 73.35 71.23 66.62 60.34 47.89 49.03 56.85 57.56 61.16 68.93 63.81 60.68 53.51 52.29 54.88 58.07 58.59 52.61 47.38 -9999 -9999 -9999
-9999 -9999 -9999 -9999 -9999 -9999 -9999 76.48 95.93 81.65 79.87 -9999 -9999 -9999 -9999 95.13 118.90 167.49 161.50 156.91 227.67 209.78 202.10 216.89 181.69 213.05 172.86 138.89 120.35 108.28 84.86 81.04 84.68 80.87 86.47 84.85 83.64 80.79 80.61 83.45 81.33 77.22 80.05 86.49 88.83 94.02 93.57 89.69 73.11 66.74 66.65 77.24 75.70 68.39 70.17 71.16 61.79 65.19 57.19 58.53 54.08 63.47 62.58 66.41 63.02 58.77 50.36 47.77 52.24 58.54 55.88 54.73 52.48 49.84 -9999 -9999
-9999 -9999 -9999 -9999 -9999 -9999 -9999 -9999 -9999 -9999 -9999 -9999 -9999 -9999 -9999 87.81 128.33 129.51 124.41 143.51 145.81 219.51 211.66 194.76 216.88 206.48 164.85 140.56 112.92 101.81 78.45 78.88 77.36 78.74 76.15 72.54 78.80 70.23 74.84 73.50 73.29 77.26 82.14 88.55 87.97 84.05 83.69 78.74 69.94 71.72 77.69 79.56 73.44 68.44 64.41 65.10 50.38 62.09 61.83 55.89 53.48 61.62 59.90 64.51 61.99 60.68 50.01 50.58 52.39 48.32 50.85 53.47 51.71 46.41 51.87 49.62
-9999 -9999 -9999 -9999 -9999 -9999 -9999 -9999 -9999 -9999 -9999 -9999 -9999 -9999 -9999 -9999 142.28 107.66 130.47 152.15 191.94 207.13 225.33 215.01 174.54 168.57 138.44 104.10 87.91 78.45 75.54 73.55 77.39 68.71 71.09 73.68 53.62 65.84 73.01 73.19 75.37 79.34 81.25 87.93 92.04 78.63 74.07 68.79 71.08 72.63 74.56 76.69 72.33 78.94 77.59 66.43 55.96 47.85 53.69 57.83 53.77 61.73 58.05 64.01 57.16 54.85 47.95 48.30 49.11 45.97 50.89 54.95 53.81 47.39 51.88 52.69
-9999 -9999 -9999 -9999 -9999 -9999 -9999 -9999 -9999 -9999 -9999 -9999 -9999 -9999 -9999 -9999 107.35 158.46 205.76 201.18 195.17 177.40 178.22 165.97 161.87 147.87 113.07 113.19 92.20 76.30 77.82 76.11 77.19 57.84 65.23 77.00 79.94 78.63 86.14 81.81 77.67 77.31 73.31 80.66 82.63 74.76 73.62 72.75 70.77 68.62 73.54 73.49 74.20 97.95 87.43 67.14 61.60 53.92 60.09 64.72 60.12 59.54 61.80 61.20 54.43 51.54 48.78 47.66 46.72 40.42 57.69 51.45 50.21 51.89 54.86 55.40
-9999 -9999 -9999 -9999 -9999 -9999 -9999 -9999 -9999 -9999 -9999 -9999 -9999 -9999 -9999 109.49 121.49 137.96 185.97 179.83 166.63 143.46 139.03 155.19 166.44 137.39 109.30 110.24 79.21 118.06 84.60 75.28 78.85 78.60 76.59 73.97 98.74 89.25 96.46 75.90 77.20 75.47 74.64 80.36 78.80 71.91 69.10 71.24 70.24 66.57 64.86 69.29 75.38 77.00 76.79 62.74 63.50 65.09 62.90 70.21 64.29 57.59 59.84 57.53 54.00 53.71 52.71 50.19 49.33 49.50 48.21 51.70 49.93 53.39 55.94 52.72
-9999 -9999 -9999 -9999 -9999 -9999 -9999 -9999 -9999 -9999 -9999 -9999 -9999 -9999 -9999 89.29 107.90 157.28 143.83 140.03 134.82 129.90 137.18 154.55 138.91 121.32 112.11 100.44 106.70 92.06 84.91 97.01 91.81 79.09 63.79 72.30 80.83 83.43 81.72 74.43 77.70 79.65 70.33 81.98 72.70 72.73 70.77 73.31 74.27 67.31 67.59 67.28 79.24 79.27 75.82 67.61 61.30 66.88 75.67 64.75 68.43 64.56 58.98 59.64 53.30 51.28 57.18 53.10 53.42 52.10 50.14 50.28 46.94 46.50 44.41 48.29
-9999 -9999 -9999 -9999 -9999 -9999 -9999 -9999 -9999 -9999 -9999 -9999 -9999 -9999 -9999 69.36 88.25 100.66 131.94 133.32 151.36 144.40 154.68 135.27 138.75 130.27 109.51 92.48 95.12 94.48 86.55 94.52 121.69 89.87 95.72 84.44 82.47 84.18 77.95 76.52 73.72 74.94 77.32 79.52 81.65 84.93 77.42 79.76 77.43 81.86 74.60 80.57 84.90 68.99 57.25 57.45 62.20 63.35 68.10 69.30 60.55 52.50 55.17 59.60 60.44 48.97 47.39 52.18 55.54 55.98 52.27 49.20 48.15 46.57 45.97 48.20
-9999 -9999 -9999 -9999 -9999 -9999 -9999 -9999 -9999 -9999 -9999 -9999 -9999 -9999 -9999 -9999 82.11 120.65 143.67 172.75 201.36 165.16 153.68 116.96 89.48 95.51 70.92 81.56 95.11 84.01 92.20 91.13 105.78 99.16 86.46 74.08 93.63 93.72 84.62 84.78 74.00 79.22 85.92 83.15 87.18 84.97 83.24 85.64 88.94 90.47 82.39 80.06 78.38 72.74 66.59 63.28 65.30 62.11 63.57 58.96 54.36 45.35 55.84 58.80 53.36 48.95 47.52 52.87 54.30 50.66 48.99 49.01 47.01 42.34 43.48 45.66
-9999 -9999 -9999 -9999 -9999 -9999 -9999 -9999 -9999 -9999 -9999 -9999 -9999 -9999 -9999 -9999 102.08 114.05 140.67 185.66 271.09 197.10 153.55 117.91 86.11 96.60 105.19 110.61 109.35 102.74 89.09 93.78 102.29 102.91 96.49 108.80 112.92 116.10 102.96 98.45 79.56 82.07 83.81 95.42 101.66 95.51 90.62 89.95 83.87 89.45 82.26 78.69 78.03 79.21 78.42 75.00 74.68 69.94 59.60 61.52 61.64 58.21 59.22 61.76 55.16 49.74 48.60 57.07 49.09 50.13 50.59 48.40 47.30 43.73 42.21 47.60
-9999 -9999 -9999 -9999 -9999 -9999 -9999 -9999 -9999 -9999 -9999 -9999 -9999 -9999 -9999 82.02 85.41 116.37 144.81 179.42 208.63 216.59 154.98 137.84 146.19 121.36 118.25 102.24 82.82 103.15 107.96 113.92 97.22 99.57 109.81 117.55 124.00 109.30 92.89 91.67 80.14 77.20 86.16 103.03 103.56 104.23 92.59 96.17 85.56 86.83 86.87 90.83 76.17 77.69 76.54 77.83 75.29 76.54 67.85 69.19 61.99 63.13 62.20 62.03 52.42 54.91 53.94 56.06 50.61 53.54 48.35 47.66 45.18 44.89 44.77 47.14
-9999 -9999 -9999 -9999 -9999 -9999 -9999 -9999 -9999 -9999 -9999 -9999 -9999 -9999 -9999 94.39 104.22 121.25 133.77 181.20 237.30 212.02 173.39 124.64 126.92 127.39 120.95 121.77 111.98 130.67 117.97 101.46 114.87 97.11 108.82 109.55 138.48 99.78 91.52 87.06 73.33 77.91 75.66 104.34 106.79 107.57 100.30 92.18 84.88 87.33 65.42 79.28 68.77 74.53 70.64 71.30 76.45 81.17 77.06 76.89 68.96 58.84 59.83 58.94 55.73 59.55 57.36 55.07 54.34 50.04 50.22 48.43 45.93 43.56 47.79 46.10
-9999 -9999 -9999 -9999 -9999 -9999 -9999 -9999 -9999 -9999 -9999 -9999 -9999 -9999 -9999 94.77 107.80 120.58 119.32 169.13 208.31 200.60 173.49 132.37 137.09 132.63 115.48 121.85 167.85 126.13 111.46 110.67 105.49 124.38 99.28 103.22 105.28 90.46 88.28 82.84 79.77 71.55 73.33 82.88 84.08 99.69 94.39 87.17 88.83 84.99 80.74 77.40 72.63 75.23 66.89 68.86 70.60 79.29 73.78 71.48 76.67 66.98 64.21 60.56 59.27 59.11 52.43 49.48 48.96 47.30 44.74 46.90 45.32 42.42 43.34 43.28
-9999 -9999 -9999 -9999 -9999 -9999 -9999 -9999 -9999 -9999 -9999 -9999 -9999 -9999 101.51 107.39 126.36 118.52 104.08 129.16 163.01 172.77 139.01 123.27 122.46 118.48 114.63 114.43 105.57 103.08 120.25 114.96 108.30 100.20 91.01 92.00 89.32 94.39 81.27 79.68 86.35 60.68 62.12 78.62 82.70 86.18 85.67 79.07 85.37 81.46 77.14 71.13 66.42 64.84 59.42 69.30 76.84 76.10 70.17 71.18 72.16 73.27 60.68 64.59 58.37 58.57 57.72 52.59 48.85 50.80 46.14 46.96 49.26 46.21 43.98 42.37
-9999 -9999 -9999 -9999 -9999 -9999 -9999 -9999 -9999 -9999 -9999 -9999 -9999 125.35 123.90 117.39 116.82 105.65 136.96 176.34 189.24 206.27 163.27 139.53 138.72 128.60 113.78 142.02 117.52 134.92 105.13 105.97 102.03 94.25 93.40 99.69 93.14 99.72 91.84 92.75 80.56 68.81 71.61 75.87 83.65 86.78 84.81 77.81 78.55 76.15 75.55 71.24 71.78 67.84 59.83 56.84 69.14 75.29 66.65 66.56 75.65 68.44 66.82 73.96 61.91 62.04 58.85 52.96 51.55 53.40 50.63 51.82 52.61 49.26 45.92 48.46
-9999 -9999 -9999 -9999 -9999 -9999 -9999 -9999 -9999 -9999 -9999 116.47 114.08 136.26 156.18 125.99 134.84 122.49 164.33 204.59 213.48 202.74 172.91 152.07 98.94 134.11 118.85 149.29 127.34 122.91 122.16 101.75 95.26 87.60 87.77 94.99 83.91 96.67 93.64 85.76 81.60 72.78 77.10 76.77 80.61 78.74 74.67 67.57 64.49 68.97 66.86 77.29 81.47 76.95 77.43 80.32 72.40 73.98 70.87 80.63 83.43 74.94 70.60 60.47 63.59 65.79 58.64 49.90 51.09 54.73 55.18 57.22 47.73 51.79 48.55 48.02
-9999 -9999 -9999 -9999 -9999 -9999 -9999 110.81 81.00 112.73 144.36 143.78 170.49 186.22 161.82 167.01 148.22 171.30 176.07 213.56 201.64 187.65 165.11 148.15 122.87 131.84 119.10 166.20 151.50 125.51 107.40 98.12 92.91 105.65 86.64 101.36 99.11 95.12 91.06 83.64 77.53 77.15 71.66 60.59 82.40 72.48 61.92 57.80 61.20 69.60 72.92 72.62 84.03 71.36 70.70 85.38 77.28 81.65 84.31 86.27 86.70 80.10 79.62 70.88 59.52 56.08 56.43 55.08 56.34 58.02 59.15 55.13 47.04 51.01 52.56 59.25
-9999 -9999 -9999 -9999 -9999 -9999 133.64 127.39 142.02 150.95 123.41 145.20 167.16 198.91 199.49 147.37 167.48 177.33 188.14 178.72 204.83 170.19 151.25 163.93 125.20 119.16 154.96 126.04 123.04 98.61 91.04 88.31 104.92 90.96 88.67 77.71 90.35 96.75 91.15 97.31 86.58 84.29 73.60 64.07 79.70 75.30 61.74 57.19 59.76 67.45 71.53 87.87 80.62 75.69 74.36 85.90 81.90 80.58 77.32 76.73 82.33 79.18 72.10 60.41 59.83 54.07 65.98 58.11 54.20 60.81 57.19 52.29 47.77 55.15 55.99 57.23
-9999 -9999 -9999 -9999 -9999 128.78 136.76 126.38 136.56 140.97 142.99 163.86 183.06 180.90 178.38 197.15 171.56 169.89 195.59 154.30 167.75 147.05 161.51 159.78 150.70 140.11 124.34 111.82 88.43 126.66 120.59 95.87 91.75 80.56 81.93 89.41 91.85 90.65 91.72 89.74 86.50 82.16 73.06 77.94 84.52 76.03 63.99 80.01 71.83 73.37 67.89 73.49 91.88 94.17 82.72 81.56 93.00 91.95 81.58 73.32 76.13 75.59 65.27 56.53 67.57 58.57 58.61 54.52 60.55 62.98 62.88 59.23 52.62 57.05 56.76 65.77
-9999 104.59 128.87 132.45 169.71 151.67 158.47 154.91 159.86 156.75 187.59 206.91 217.79 246.89 201.86 196.10 183.56 178.40 174.77 160.55 153.09 167.18 170.11 161.94 136.76 144.64 132.30 106.77 113.12 146.72 127.23 130.60 112.85 92.58 84.88 92.11 105.66 76.62 87.50 87.45 77.48 84.76 75.58 85.76 71.37 69.52 90.18 80.16 79.34 76.15 73.38 77.10 85.05 87.70 92.42 86.75 83.20 87.70 76.50 70.74 72.12 64.32 62.69 61.55 65.31 61.86 59.20 54.97 72.16 66.30 76.46 70.97 74.87 69.73 64.66 70.28
102.36 129.97 143.86 144.58 191.56 203.12 213.98 149.60 198.48 176.50 219.13 212.80 217.37 233.71 206.77 194.73 199.08 164.11 151.47 150.00 160.58 179.48 167.62 163.54 152.54 124.77 133.66 140.72 221.91 176.46 134.35 103.04 114.33 112.12 111.16 91.68 80.15 78.41 80.54 83.87 80.98 88.89 80.66 75.74 65.22 94.58 92.30 96.30 78.80 79.13 93.26 87.64 91.05 90.45 91.07 96.57 89.97 80.63 73.65 74.91 68.29 60.77 77.19 70.60 66.03 66.94 62.88 67.42 73.56 80.42 76.45 71.26 72.58 68.16 71.59 71.47
