Rainfall_2007-2011/Rainfall_2010-10_ACTUAL.txt
ncols         180
nrows         290
xllcorner     -200000
yllcorner     -200000
cellsize      5000
NODATA_value  -9999
[rows 102 to 135 of 290, columns 76 to 151 of 180]
190.42 -9999 207.26 262.46 375.36 319.34 363.47 328.70 336.02 321.52 354.43 289.86 326.38 265.62 230.99 258.87 211.15 179.20 202.10 237.36 236.72 174.09 149.14 135.30 115.46 96.77 83.52 79.40 79.40 103.44 78.91 82.06 87.94 96.06 102.56 84.04 62.04 -9999 -9999 -9999 -9999 -9999 -9999 -9999 -9999 -9999 -9999 -9999 -9999 -9999 -9999 -9999 -9999 -9999 -9999 -9999 -9999 -9999 -9999 -9999 -9999 -9999 -9999 -9999 -9999 -9999 -9999 -9999 -9999 -9999 -9999 -9999 -9999 -9999 -9999 -9999
-9999 166.00 186.44 257.49 256.14 332.01 361.69 280.04 306.10 359.55 317.46 305.97 303.96 279.38 252.55 214.17 254.01 226.89 268.43 250.91 213.23 215.05 184.63 131.99 100.62 83.97 78.86 80.74 96.40 81.06 68.31 77.00 72.87 70.16 73.77 -9999 -9999 -9999 -9999 -9999 -9999 -9999 -9999 -9999 -9999 -9999 -9999 -9999 -9999 -9999 -9999 -9999 -9999 -9999 -9999 -9999 -9999 -9999 -9999 -9999 -9999 -9999 -9999 -9999 -9999 -9999 -9999 -9999 -9999 -9999 -9999 -9999 -9999 -9999 -9999 -9999
217.67 227.69 281.39 318.12 282.43 270.93 277.47 252.38 288.70 329.94 319.81 290.04 251.10 245.43 254.16 272.53 181.12 206.65 209.35 205.14 202.01 153.65 145.00 117.77 90.04 75.25 66.80 71.20 70.45 64.46 64.93 64.00 69.16 55.20 -9999 -9999 -9999 -9999 -9999 -9999 -9999 -9999 -9999 -9999 -9999 -9999 -9999 -9999 -9999 -9999 -9999 -9999 -9999 -9999 -9999 -9999 -9999 -9999 -9999 -9999 -9999 -9999 -9999 -9999 -9999 -9999 -9999 -9999 -9999 -9999 -9999 -9999 -9999 -9999 -9999 -9999
249.32 313.84 326.11 315.93 258.14 284.92 305.49 327.34 358.46 361.79 337.14 310.57 324.20 288.73 256.41 222.64 202.85 229.42 197.33 154.91 136.70 122.21 105.50 94.06 77.64 63.26 53.87 66.87 62.32 65.45 76.35 62.50 59.64 58.40 -9999 -9999 -9999 -9999 -9999 -9999 -9999 -9999 -9999 -9999 -9999 -9999 -9999 -9999 -9999 -9999 -9999 -9999 -9999 -9999 -9999 -9999 -9999 -9999 -9999 -9999 -9999 -9999 -9999 -9999 -9999 -9999 -9999 -9999 -9999 -9999 -9999 -9999 -9999 -9999 -9999 -9999
284.61 333.31 325.84 304.06 303.22 351.40 335.42 365.13 323.88 385.99 330.78 336.81 277.36 324.25 263.90 283.60 295.62 230.17 211.45 186.07 149.59 117.49 97.06 81.83 67.26 63.86 72.52 71.62 79.70 72.06 64.99 68.19 60.40 72.24 68.31 -9999 -9999 -9999 -9999 -9999 -9999 -9999 -9999 -9999 -9999 -9999 -9999 -9999 -9999 -9999 -9999 -9999 -9999 -9999 -9999 -9999 -9999 -9999 -9999 -9999 -9999 -9999 -9999 -9999 -9999 -9999 -9999 -9999 -9999 -9999 -9999 -9999 -9999 -9999 -9999 -9999
223.89 282.39 332.74 277.55 316.18 301.32 273.60 292.79 372.11 423.09 319.08 317.53 291.71 272.57 248.80 279.97 259.94 250.01 258.48 183.45 164.36 132.50 100.65 103.49 106.24 113.86 133.63 104.99 80.38 76.45 71.28 91.97 79.28 86.23 79.43 79.42 -9999 -9999 -9999 -9999 -9999 -9999 -9999 -9999 -9999 -9999 -9999 -9999 -9999 -9999 -9999 -9999 -9999 -9999 -9999 -9999 -9999 -9999 -9999 -9999 -9999 -9999 -9999 -9999 -9999 -9999 -9999 -9999 -9999 -9999 -9999 -9999 -9999 -9999 -9999 -9999
241.66 290.11 303.45 314.48 315.34 310.72 294.49 324.18 364.72 457.44 318.89 278.71 260.44 262.82 237.61 240.15 186.90 180.84 151.47 137.29 137.17 135.57 146.89 161.67 140.72 133.43 116.23 102.59 97.18 75.52 81.19 68.13 80.06 83.17 77.05 51.32 49.22 -9999 -9999 -9999 -9999 -9999 -9999 -9999 -9999 -9999 -9999 -9999 -9999 -9999 -9999 -9999 -9999 -9999 -9999 -9999 -9999 -9999 -9999 -9999 -9999 -9999 -9999 -9999 -9999 -9999 -9999 -9999 -9999 -9999 -9999 -9999 -9999 -9999 -9999 -9999
232.55 256.11 298.77 319.15 291.92 282.21 308.47 368.78 334.42 295.60 275.16 339.85 241.96 222.22 213.62 218.30 174.62 150.11 123.11 122.84 129.78 192.35 199.62 167.90 138.70 115.35 98.15 87.81 90.36 78.77 70.61 55.80 51.38 67.02 65.76 55.91 -9999 -9999 -9999 -9999 -9999 -9999 -9999 -9999 -9999 -9999 -9999 -9999 -9999 -9999 -9999 -9999 -9999 -9999 -9999 -9999 -9999 -9999 -9999 -9999 -9999 -9999 -9999 -9999 -9999 -9999 -9999 -9999 -9999 -9999 -9999 -9999 -9999 -9999 -9999 -9999
184.27 235.69 265.06 254.25 287.56 332.43 289.44 331.70 320.32 297.03 282.40 231.67 257.78 218.18 185.45 144.87 134.14 120.10 133.05 110.16 126.04 114.02 114.94 116.60 123.51 120.21 94.69 81.03 81.90 70.85 65.54 53.72 -9999 -9999 -9999 -9999 -9999 -9999 -9999 -9999 -9999 -9999 -9999 -9999 -9999 -9999 -9999 -9999 -9999 -9999 -9999 -9999 -9999 -9999 -9999 -9999 -9999 -9999 -9999 -9999 -9999 -9999 -9999 -9999 -9999 -9999 -9999 -9999 -9999 -9999 -9999 -9999 -9999 -9999 -9999 -9999
225.07 262.57 271.96 245.17 310.53 299.44 326.63 326.26 223.74 253.43 248.11 196.21 184.58 198.37 140.42 138.82 168.21 149.27 170.45 119.86 109.07 92.35 93.35 90.79 93.51 108.68 94.77 91.39 86.47 73.15 -9999 -9999 -9999 -9999 -9999 -9999 -9999 -9999 -9999 -9999 -9999 -9999 -9999 -9999 -9999 -9999 -9999 -9999 -9999 -9999 -9999 -9999 -9999 -9999 -9999 -9999 -9999 -9999 -9999 -9999 -9999 -9999 -9999 -9999 -9999 -9999 -9999 -9999 -9999 -9999 -9999 -9999 -9999 -9999 -9999 -9999
262.59 255.07 251.09 292.40 280.94 300.32 347.07 308.80 233.25 227.68 206.82 150.52 147.71 145.50 134.67 140.72 163.35 171.36 164.54 145.44 114.71 94.29 66.44 75.74 76.93 88.75 80.73 80.07 78.02 63.98 -9999 -9999 -9999 -9999 -9999 -9999 -9999 -9999 -9999 -9999 -9999 -9999 -9999 -9999 -9999 -9999 -9999 -9999 -9999 -9999 -9999 -9999 -9999 -9999 -9999 -9999 -9999 -9999 -9999 -9999 -9999 -9999 -9999 -9999 -9999 -9999 -9999 -9999 -9999 -9999 -9999 -9999 -9999 -9999 -9999 -9999
254.27 -9999 247.49 280.04 280.77 289.40 310.40 287.86 217.42 162.64 161.82 158.14 157.25 160.04 141.03 194.52 200.14 194.40 196.35 146.81 108.95 85.42 76.30 70.81 69.53 69.48 60.52 52.17 -9999 -9999 -9999 -9999 -9999 52.48 57.30 60.79 66.86 -9999 -9999 -9999 -9999 -9999 -9999 -9999 -9999 -9999 -9999 -9999 -9999 -9999 -9999 -9999 -9999 -9999 -9999 -9999 -9999 -9999 -9999 -9999 -9999 -9999 -9999 -9999 -9999 -9999 -9999 -9999 -9999 -9999 -9999 -9999 -9999 -9999 -9999 -9999
274.53 -9999 222.29 258.88 253.29 234.76 290.36 230.34 212.84 165.35 173.46 159.81 140.96 157.70 137.63 144.26 138.05 141.39 143.37 130.85 115.95 102.66 90.07 78.15 73.86 72.08 61.13 52.66 55.67 52.78 -9999 -9999 54.33 55.61 61.48 61.90 58.51 51.23 58.08 -9999 -9999 -9999 -9999 -9999 -9999 -9999 -9999 -9999 -9999 -9999 -9999 -9999 -9999 -9999 -9999 -9999 -9999 -9999 -9999 -9999 -9999 -9999 -9999 -9999 -9999 -9999 -9999 -9999 -9999 -9999 -9999 -9999 -9999 -9999 -9999 -9999
228.96 192.90 198.41 176.22 215.87 219.00 228.06 203.11 187.43 192.59 184.20 152.82 118.55 114.19 123.27 123.49 123.66 127.20 132.72 128.98 113.39 110.06 96.52 94.86 95.40 72.74 57.78 58.49 55.33 61.14 57.29 70.13 69.02 62.20 59.04 81.54 82.44 83.67 88.00 56.17 -9999 -9999 -9999 -9999 -9999 -9999 -9999 -9999 -9999 -9999 -9999 -9999 -9999 -9999 -9999 -9999 -9999 -9999 -9999 -9999 -9999 -9999 -9999 -9999 -9999 -9999 -9999 -9999 -9999 -9999 -9999 -9999 -9999 -9999 -9999 -9999
177.40 188.55 177.61 199.88 192.53 175.68 195.51 -9999 207.22 236.80 202.93 161.36 123.20 111.14 111.33 105.25 113.15 107.96 105.67 121.43 114.00 115.45 95.71 98.50 80.32 81.01 69.93 64.06 66.55 58.15 67.10 72.43 66.99 67.55 64.56 96.80 97.48 89.64 93.20 83.06 85.78 92.66 58.54 -9999 -9999 -9999 -9999 -9999 -9999 -9999 -9999 -9999 -9999 -9999 -9999 -9999 -9999 -9999 -9999 -9999 -9999 -9999 -9999 -9999 -9999 -9999 -9999 -9999 -9999 -9999 -9999 -9999 -9999 -9999 -9999 -9999
156.19 189.90 157.46 -9999 158.92 157.35 179.61 -9999 189.79 260.35 218.86 176.64 142.10 129.71 122.83 115.55 100.72 93.47 92.52 109.08 121.10 121.50 111.33 83.01 98.83 79.82 72.56 85.99 82.29 64.70 50.10 70.27 68.49 81.23 103.38 111.22 96.47 88.74 94.44 94.00 102.00 105.56 79.41 -9999 -9999 -9999 -9999 -9999 -9999 -9999 -9999 -9999 -9999 -9999 -9999 -9999 -9999 -9999 -9999 -9999 -9999 -9999 -9999 -9999 -9999 -9999 -9999 -9999 -9999 -9999 -9999 -9999 -9999 -9999 -9999 -9999
158.15 166.22 140.71 -9999 -9999 152.08 147.70 158.08 192.81 210.38 191.18 163.41 164.44 154.58 148.06 126.14 124.92 103.69 90.97 102.82 108.61 111.72 109.70 107.32 87.15 85.26 91.72 83.89 73.33 74.00 66.67 79.08 79.07 91.82 96.12 102.16 92.93 77.71 84.07 70.36 70.93 70.47 72.19 66.15 -9999 -9999 -9999 -9999 -9999 -9999 -9999 -9999 -9999 -9999 -9999 -9999 -9999 -9999 -9999 -9999 -9999 -9999 -9999 -9999 -9999 -9999 -9999 -9999 -9999 -9999 -9999 -9999 -9999 -9999 -9999 -9999
156.09 -9999 -9999 -9999 -9999 -9999 140.64 132.53 173.91 190.24 168.85 156.42 162.81 161.05 160.08 147.79 134.53 119.35 98.70 83.23 86.28 84.23 92.72 95.65 88.00 87.24 80.26 78.88 76.81 74.86 88.36 87.17 74.68 80.75 71.57 62.77 76.02 75.02 78.53 64.68 46.99 62.17 75.03 57.15 -9999 -9999 -9999 -9999 -9999 -9999 -9999 -9999 -9999 -9999 -9999 -9999 -9999 -9999 -9999 -9999 -9999 -9999 -9999 -9999 -9999 -9999 -9999 -9999 -9999 -9999 -9999 -9999 -9999 -9999 -9999 -9999
156.50 168.24 177.72 173.43 -9999 -9999 -9999 133.40 155.41 162.00 151.16 143.06 135.49 156.79 157.57 159.31 150.91 125.92 111.39 80.00 62.22 68.60 73.43 69.23 80.69 72.57 71.37 92.36 81.94 98.37 109.12 101.67 87.28 86.22 62.85 62.27 66.89 70.40 73.77 61.25 52.71 56.24 69.12 64.46 70.20 -9999 -9999 -9999 -9999 -9999 -9999 -9999 -9999 -9999 -9999 -9999 -9999 -9999 -9999 -9999 -9999 -9999 -9999 -9999 -9999 -9999 -9999 -9999 -9999 -9999 -9999 -9999 -9999 -9999 -9999 -9999
159.61 159.49 169.50 214.42 196.20 -9999 -9999 -9999 122.78 123.48 124.36 129.59 128.29 131.99 151.84 149.14 147.27 121.08 99.15 74.34 77.59 60.67 69.95 77.20 86.49 78.74 88.20 75.08 87.45 82.72 86.16 96.40 89.32 75.53 71.61 71.38 62.16 54.14 63.75 54.13 50.56 51.66 69.62 73.77 61.18 60.51 -9999 -9999 -9999 -9999 -9999 -9999 -9999 -9999 -9999 -9999 -9999 -9999 -9999 -9999 -9999 -9999 -9999 -9999 -9999 -9999 -9999 -9999 -9999 -9999 -9999 -9999 -9999 -9999 -9999 -9999
151.16 120.40 146.30 210.58 183.17 -9999 -9999 -9999 -9999 -9999 113.83 115.98 119.61 126.11 142.70 146.31 128.07 146.46 130.67 101.37 83.51 76.51 76.87 77.26 74.30 66.08 85.74 84.69 68.97 80.21 77.35 64.09 66.62 54.91 76.48 65.12 62.08 57.65 50.46 48.63 47.87 57.17 59.43 80.59 72.45 65.33 63.45 -9999 -9999 -9999 -9999 -9999 -9999 -9999 -9999 -9999 -9999 -9999 -9999 -9999 -9999 -9999 -9999 -9999 -9999 -9999 -9999 -9999 -9999 -9999 -9999 -9999 -9999 -9999 -9999 -9999
-9999 112.97 116.78 187.86 168.79 -9999 -9999 -9999 -9999 -9999 103.55 105.42 121.70 118.95 146.05 154.02 145.17 153.20 137.45 122.10 99.71 98.74 90.28 87.07 92.62 102.19 86.47 129.14 78.77 96.54 72.97 88.56 81.55 64.09 79.25 58.21 53.87 53.34 54.83 57.95 67.30 55.08 63.26 67.22 74.54 86.27 80.60 73.93 61.42 -9999 -9999 -9999 -9999 -9999 -9999 -9999 -9999 -9999 -9999 -9999 -9999 -9999 -9999 -9999 -9999 -9999 -9999 -9999 -9999 -9999 -9999 -9999 -9999 -9999 -9999 -9999
-9999 -9999 128.93 150.12 137.33 -9999 -9999 -9999 -9999 -9999 92.22 92.01 106.22 110.79 123.01 127.14 133.26 143.55 137.39 147.97 128.18 115.78 117.22 114.29 133.87 121.88 100.62 134.37 118.58 88.43 85.06 79.97 59.13 61.12 67.47 59.29 57.95 59.49 58.67 57.96 68.54 87.87 94.49 83.03 77.93 71.23 85.62 77.44 67.58 -9999 -9999 -9999 -9999 -9999 -9999 -9999 -9999 -9999 -9999 -9999 -9999 -9999 -9999 -9999 -9999 -9999 -9999 -9999 -9999 -9999 -9999 -9999 -9999 -9999 -9999 -9999
-9999 -9999 111.78 118.99 114.83 -9999 -9999 -9999 -9999 -9999 91.47 94.51 101.92 110.53 117.51 126.03 146.12 171.98 182.93 170.54 164.00 149.02 136.55 112.33 116.93 104.27 118.16 123.19 109.63 106.30 99.13 78.17 79.29 63.58 68.10 71.39 54.68 56.72 68.01 76.71 75.82 109.11 113.17 105.83 78.70 79.76 87.47 87.79 74.17 -9999 -9999 -9999 -9999 -9999 -9999 -9999 -9999 -9999 -9999 -9999 -9999 -9999 -9999 -9999 -9999 -9999 -9999 -9999 -9999 -9999 -9999 -9999 -9999 -9999 -9999 -9999
-9999 -9999 -9999 -9999 -9999 -9999 -9999 -9999 -9999 111.85 103.62 111.56 118.69 121.08 128.70 130.91 150.19 158.36 189.69 185.89 181.39 216.62 194.33 162.43 146.93 139.04 139.81 142.22 141.54 120.76 102.95 92.53 79.41 77.16 62.76 60.25 69.52 57.90 71.78 83.89 105.69 107.33 123.42 104.58 75.34 75.65 75.64 77.57 77.66 -9999 -9999 -9999 -9999 -9999 -9999 -9999 -9999 -9999 -9999 -9999 -9999 -9999 -9999 -9999 -9999 -9999 -9999 -9999 -9999 -9999 -9999 -9999 -9999 -9999 -9999 -9999
-9999 -9999 -9999 -9999 -9999 -9999 -9999 -9999 -9999 142.99 112.40 126.95 155.11 166.61 168.80 181.11 177.87 171.95 162.92 186.04 204.01 209.41 224.82 176.64 151.37 111.48 142.58 121.92 129.83 115.65 96.76 82.71 70.34 65.97 74.98 80.75 62.87 59.64 71.07 91.54 93.92 99.70 112.13 102.54 74.09 68.78 70.81 93.76 79.08 -9999 -9999 -9999 -9999 -9999 -9999 -9999 -9999 -9999 -9999 -9999 -9999 -9999 -9999 -9999 -9999 -9999 -9999 -9999 -9999 -9999 -9999 -9999 -9999 -9999 -9999 -9999
-9999 -9999 -9999 -9999 -9999 -9999 -9999 -9999 129.72 145.73 133.08 152.39 177.84 174.36 208.87 243.82 233.50 219.09 209.50 171.13 175.37 198.77 201.91 172.26 144.83 91.69 110.14 132.36 119.02 117.76 97.77 85.05 70.02 74.91 81.57 73.61 68.90 79.96 91.31 99.77 93.81 84.32 69.00 80.73 74.36 93.33 102.83 86.14 86.51 -9999 -9999 -9999 -9999 -9999 -9999 -9999 -9999 -9999 -9999 -9999 -9999 -9999 -9999 -9999 -9999 -9999 -9999 -9999 -9999 -9999 -9999 -9999 -9999 -9999 -9999 -9999
-9999 -9999 -9999 -9999 -9999 -9999 -9999 -9999 159.37 142.58 171.34 173.53 218.86 185.30 232.80 251.28 292.37 245.04 205.40 176.93 180.95 167.92 218.90 191.76 130.31 104.53 109.64 128.30 114.80 110.34 114.60 93.84 97.00 111.17 100.86 103.55 99.18 110.08 85.93 81.01 86.73 83.67 83.51 70.76 62.66 75.63 80.68 78.27 82.38 92.72 -9999 -9999 -9999 -9999 -9999 -9999 -9999 -9999 -9999 -9999 -9999 -9999 -9999 -9999 -9999 -9999 -9999 -9999 -9999 -9999 -9999 -9999 -9999 -9999 -9999 -9999
-9999 -9999 -9999 -9999 -9999 -9999 -9999 144.99 204.98 204.15 198.94 213.19 229.19 188.94 234.44 259.13 253.82 232.13 201.13 173.44 142.09 127.69 146.27 161.14 137.39 109.48 102.63 111.59 115.83 110.97 114.61 125.86 106.89 121.18 109.72 93.41 113.29 94.18 101.98 99.72 74.83 80.18 82.45 76.55 83.90 69.51 73.76 75.98 76.71 71.02 -9999 -9999 -9999 -9999 -9999 -9999 -9999 -9999 -9999 -9999 -9999 -9999 -9999 -9999 -9999 -9999 -9999 -9999 -9999 -9999 -9999 -9999 -9999 -9999 -9999 -9999
-9999 -9999 -9999 -9999 -9999 -9999 -9999 184.88 209.43 217.07 260.54 261.29 250.52 221.40 265.50 222.27 220.31 200.31 192.42 181.83 131.40 122.29 139.19 143.94 141.09 98.51 96.55 98.80 103.33 103.46 126.61 100.94 116.15 119.59 100.29 116.30 93.88 93.45 91.88 83.21 81.27 73.96 65.77 71.96 82.28 71.49 81.40 83.16 79.09 78.55 -9999 -9999 -9999 -9999 -9999 -9999 -9999 -9999 -9999 -9999 -9999 -9999 -9999 -9999 -9999 -9999 -9999 -9999 -9999 -9999 -9999 -9999 -9999 -9999 -9999 -9999
-9999 -9999 -9999 -9999 -9999 -9999 178.89 187.17 204.63 244.03 263.37 269.98 304.37 264.55 288.53 237.97 201.40 187.80 183.42 184.56 139.82 114.18 126.76 124.75 102.56 81.20 98.80 102.85 102.93 115.53 113.69 100.29 116.90 102.57 103.74 114.16 88.59 94.39 73.66 78.13 81.87 75.22 70.16 71.90 63.52 62.00 74.23 77.40 70.06 71.32 -9999 -9999 -9999 -9999 -9999 -9999 -9999 -9999 -9999 -9999 -9999 -9999 -9999 -9999 -9999 -9999 -9999 -9999 -9999 -9999 -9999 -9999 -9999 -9999 -9999 -9999
-9999 -9999 -9999 -9999 -9999 169.59 185.20 203.99 200.77 218.62 220.71 238.42 274.23 262.38 296.76 235.46 200.98 179.01 173.11 151.68 135.24 117.63 111.99 108.60 107.86 100.39 85.51 102.28 102.58 96.66 98.45 99.41 105.15 93.84 102.45 116.18 99.21 96.53 80.04 72.06 61.58 58.47 57.41 61.67 63.26 59.06 64.11 75.46 61.47 62.97 60.34 -9999 -9999 -9999 -9999 -9999 -9999 -9999 -9999 -9999 -9999 -9999 -9999 -9999 -9999 -9999 -9999 -9999 -9999 -9999 -9999 -9999 -9999 -9999 -9999 -9999
-9999 -9999 -9999 -9999 -9999 193.93 220.69 202.93 205.55 208.45 206.98 218.40 308.79 306.64 262.02 266.51 214.67 174.80 148.25 131.34 159.83 114.66 106.28 116.61 103.38 99.96 84.78 97.09 94.81 84.46 80.08 93.78 87.14 95.49 90.51 99.35 95.64 82.57 79.60 66.26 59.33 56.05 51.09 50.40 60.67 59.97 56.63 56.01 57.27 47.52 57.42 -9999 -9999 -9999 -9999 -9999 -9999 -9999 -9999 -9999 -9999 -9999 -9999 -9999 -9999 -9999 -9999 -9999 -9999 -9999 -9999 -9999 -9999 -9999 -9999 -9999
-9999 -9999 -9999 139.56 158.43 189.09 195.00 196.46 214.93 213.87 208.40 238.84 254.85 224.33 268.24 243.93 207.08 142.93 131.63 134.64 132.67 123.37 117.07 96.76 103.51 87.44 68.30 75.82 83.56 80.13 79.64 80.93 82.53 81.60 82.76 109.38 90.14 91.83 75.29 70.54 58.37 53.07 49.57 48.52 48.27 53.41 59.31 55.50 56.66 59.25 63.58 -9999 -9999 -9999 -9999 -9999 -9999 -9999 -9999 -9999 -9999 -9999 -9999 -9999 -9999 -9999 -9999 -9999 -9999 -9999 -9999 -9999 -9999 -9999 -9999 -9999
