Rainfall_2007-2011/Rainfall_2009-09_ACTUAL.txt
ncols         180
nrows         290
xllcorner     -200000
yllcorner     -200000
cellsize      5000
NODATA_value  -9999
[rows 102 to 135 of 290, columns 77 to 153 of 180]
-9999 161.71 208.40 294.20 250.95 305.75 277.08 280.23 267.73 343.22 320.85 288.25 206.08 155.06 155.85 120.39 91.93 109.25 131.90 130.90 85.91 76.14 77.54 79.50 69.42 67.28 72.53 77.87 109.44 98.50 96.82 90.79 101.47 98.11 79.86 73.37 -9999 -9999 -9999 -9999 -9999 -9999 -9999 -9999 -9999 -9999 -9999 -9999 -9999 -9999 -9999 -9999 -9999 -9999 -9999 -9999 -9999 -9999 -9999 -9999 -9999 -9999 -9999 -9999 -9999 -9999 -9999 -9999 -9999 -9999 -9999 -9999 -9999 -9999 -9999 -9999 -9999
122.61 147.38 208.31 199.12 321.90 307.87 213.07 236.59 296.95 286.66 340.55 358.23 285.40 194.31 131.31 144.67 144.27 155.31 131.99 131.73 126.03 109.61 81.30 69.53 66.14 70.64 79.50 102.36 101.34 89.78 103.77 92.20 92.56 86.10 -9999 -9999 -9999 -9999 -9999 -9999 -9999 -9999 -9999 -9999 -9999 -9999 -9999 -9999 -9999 -9999 -9999 -9999 -9999 -9999 -9999 -9999 -9999 -9999 -9999 -9999 -9999 -9999 -9999 -9999 -9999 -9999 -9999 -9999 -9999 -9999 -9999 -9999 -9999 -9999 -9999 -9999 -9999
169.38 222.35 266.33 246.31 246.69 216.61 167.90 208.36 243.41 272.06 236.63 230.76 242.68 201.07 174.64 127.28 140.79 133.12 122.45 123.48 99.59 94.02 68.99 65.09 69.72 68.11 76.09 81.55 81.88 89.13 91.05 94.78 94.90 -9999 -9999 -9999 -9999 -9999 -9999 -9999 -9999 -9999 -9999 -9999 -9999 -9999 -9999 -9999 -9999 -9999 -9999 -9999 -9999 -9999 -9999 -9999 -9999 -9999 -9999 -9999 -9999 -9999 -9999 -9999 -9999 -9999 -9999 -9999 -9999 -9999 -9999 -9999 -9999 -9999 -9999 -9999 -9999
233.60 250.17 266.02 251.53 241.08 233.89 230.30 239.72 228.14 236.24 249.44 257.57 234.63 167.39 135.94 136.32 148.33 123.90 97.82 82.04 71.61 96.34 71.52 66.30 59.28 57.24 74.80 71.00 78.09 100.14 94.07 92.54 91.44 -9999 -9999 -9999 -9999 -9999 -9999 -9999 -9999 -9999 -9999 -9999 -9999 -9999 -9999 -9999 -9999 -9999 -9999 -9999 -9999 -9999 -9999 -9999 -9999 -9999 -9999 -9999 -9999 -9999 -9999 -9999 -9999 -9999 -9999 -9999 -9999 -9999 -9999 -9999 -9999 -9999 -9999 -9999 -9999
232.79 254.24 267.60 268.79 285.74 243.79 218.77 191.93 254.90 226.94 258.23 208.97 213.25 147.28 145.07 202.74 164.07 134.92 124.31 109.96 88.32 88.74 78.04 69.21 50.98 69.89 78.73 81.82 82.55 84.06 109.27 85.72 94.77 90.30 -9999 -9999 -9999 -9999 -9999 -9999 -9999 -9999 -9999 -9999 -9999 -9999 -9999 -9999 -9999 -9999 -9999 -9999 -9999 -9999 -9999 -9999 -9999 -9999 -9999 -9999 -9999 -9999 -9999 -9999 -9999 -9999 -9999 -9999 -9999 -9999 -9999 -9999 -9999 -9999 -9999 -9999 -9999
212.41 252.11 232.80 270.47 234.73 209.06 198.32 197.14 214.65 242.66 254.46 239.80 171.06 147.31 167.18 154.03 168.81 176.29 127.92 119.22 103.59 87.32 93.86 97.40 121.22 144.37 107.70 81.22 75.40 90.67 150.47 111.03 114.55 105.15 93.83 -9999 -9999 -9999 -9999 -9999 -9999 -9999 -9999 -9999 -9999 -9999 -9999 -9999 -9999 -9999 -9999 -9999 -9999 -9999 -9999 -9999 -9999 -9999 -9999 -9999 -9999 -9999 -9999 -9999 -9999 -9999 -9999 -9999 -9999 -9999 -9999 -9999 -9999 -9999 -9999 -9999 -9999
206.50 224.71 241.23 244.73 231.22 219.22 214.26 183.39 194.17 265.60 223.97 210.30 168.59 150.60 147.33 130.35 122.74 111.82 98.72 101.52 103.82 122.94 149.80 150.38 146.49 133.51 105.85 103.31 83.11 102.82 100.39 111.18 110.98 100.76 96.64 76.20 -9999 -9999 -9999 -9999 -9999 -9999 -9999 -9999 -9999 -9999 -9999 -9999 -9999 -9999 -9999 -9999 -9999 -9999 -9999 -9999 -9999 -9999 -9999 -9999 -9999 -9999 -9999 -9999 -9999 -9999 -9999 -9999 -9999 -9999 -9999 -9999 -9999 -9999 -9999 -9999 -9999
165.16 211.17 241.25 200.85 198.96 213.25 227.45 179.96 169.51 185.54 244.20 169.43 135.17 143.08 134.74 112.74 101.52 83.95 80.38 102.31 138.90 144.27 150.94 161.42 113.84 97.21 83.18 89.20 87.46 93.87 79.15 73.99 91.93 89.15 86.78 -9999 -9999 -9999 -9999 -9999 -9999 -9999 -9999 -9999 -9999 -9999 -9999 -9999 -9999 -9999 -9999 -9999 -9999 -9999 -9999 -9999 -9999 -9999 -9999 -9999 -9999 -9999 -9999 -9999 -9999 -9999 -9999 -9999 -9999 -9999 -9999 -9999 -9999 -9999 -9999 -9999 -9999
151.76 169.79 177.90 191.99 220.85 191.67 208.65 187.14 187.98 180.69 153.51 174.36 158.70 122.11 100.67 86.27 69.40 75.82 67.72 88.70 80.34 80.20 90.43 127.62 126.98 94.24 72.70 77.56 80.09 86.53 76.58 -9999 -9999 -9999 -9999 -9999 -9999 -9999 -9999 -9999 -9999 -9999 -9999 -9999 -9999 -9999 -9999 -9999 -9999 -9999 -9999 -9999 -9999 -9999 -9999 -9999 -9999 -9999 -9999 -9999 -9999 -9999 -9999 -9999 -9999 -9999 -9999 -9999 -9999 -9999 -9999 -9999 -9999 -9999 -9999 -9999 -9999
155.33 158.80 136.76 204.21 201.67 221.38 219.67 136.08 193.62 171.99 136.43 134.26 138.73 102.93 98.68 94.76 90.29 97.57 69.79 74.36 72.08 72.10 73.76 86.34 105.70 91.54 84.48 87.76 82.88 -9999 -9999 -9999 -9999 -9999 -9999 -9999 -9999 -9999 -9999 -9999 -9999 -9999 -9999 -9999 -9999 -9999 -9999 -9999 -9999 -9999 -9999 -9999 -9999 -9999 -9999 -9999 -9999 -9999 -9999 -9999 -9999 -9999 -9999 -9999 -9999 -9999 -9999 -9999 -9999 -9999 -9999 -9999 -9999 -9999 -9999 -9999 -9999
149.13 145.22 176.31 183.81 209.36 235.94 228.09 158.86 159.26 151.11 120.48 115.80 93.49 82.60 103.37 94.41 111.13 102.98 86.82 85.92 75.97 55.77 60.14 68.33 78.09 78.10 88.04 86.39 74.42 -9999 -9999 -9999 -9999 -9999 -9999 -9999 -9999 -9999 -9999 -9999 -9999 -9999 -9999 -9999 -9999 -9999 -9999 -9999 -9999 -9999 -9999 -9999 -9999 -9999 -9999 -9999 -9999 -9999 -9999 -9999 -9999 -9999 -9999 -9999 -9999 -9999 -9999 -9999 -9999 -9999 -9999 -9999 -9999 -9999 -9999 -9999 -9999
-9999 142.12 168.92 179.43 205.62 208.04 197.47 144.41 112.04 116.95 115.64 116.14 106.89 89.95 147.98 147.99 133.66 129.52 103.44 85.88 74.45 58.39 59.11 63.16 68.24 60.28 62.53 -9999 -9999 -9999 -9999 -9999 97.40 88.81 108.25 119.81 -9999 -9999 -9999 -9999 -9999 -9999 -9999 -9999 -9999 -9999 -9999 -9999 -9999 -9999 -9999 -9999 -9999 -9999 -9999 -9999 -9999 -9999 -9999 -9999 -9999 -9999 -9999 -9999 -9999 -9999 -9999 -9999 -9999 -9999 -9999 -9999 -9999 -9999 -9999 -9999 -9999
-9999 126.23 150.06 151.13 148.06 187.40 142.54 110.45 110.74 118.49 112.97 103.33 115.10 121.68 125.47 130.77 105.44 101.42 97.68 94.07 83.58 71.79 63.64 68.00 71.81 64.71 55.50 60.91 59.11 -9999 -9999 76.03 82.26 97.02 98.24 117.09 137.61 122.71 -9999 -9999 -9999 -9999 -9999 -9999 -9999 -9999 -9999 -9999 -9999 -9999 -9999 -9999 -9999 -9999 -9999 -9999 -9999 -9999 -9999 -9999 -9999 -9999 -9999 -9999 -9999 -9999 -9999 -9999 -9999 -9999 -9999 -9999 -9999 -9999 -9999 -9999 -9999
110.62 111.26 103.17 125.75 132.63 142.02 127.10 121.69 127.13 121.27 109.55 90.55 87.62 98.97 101.92 96.52 94.05 94.77 92.84 93.32 92.93 78.18 80.07 85.16 68.32 57.26 54.24 54.44 67.14 63.26 78.42 83.35 98.94 95.79 111.69 127.09 142.67 217.14 119.61 -9999 -9999 -9999 -9999 -9999 -9999 -9999 -9999 -9999 -9999 -9999 -9999 -9999 -9999 -9999 -9999 -9999 -9999 -9999 -9999 -9999 -9999 -9999 -9999 -9999 -9999 -9999 -9999 -9999 -9999 -9999 -9999 -9999 -9999 -9999 -9999 -9999 -9999
114.02 102.54 113.75 112.65 104.62 117.24 -9999 136.63 151.83 134.11 102.41 91.71 68.23 71.82 78.24 81.22 77.97 73.33 79.44 75.67 82.20 75.82 79.21 78.71 79.13 63.57 60.92 63.29 58.24 64.51 76.46 80.77 98.23 92.77 122.33 124.11 142.04 162.14 133.90 109.40 103.60 58.47 -9999 -9999 -9999 -9999 -9999 -9999 -9999 -9999 -9999 -9999 -9999 -9999 -9999 -9999 -9999 -9999 -9999 -9999 -9999 -9999 -9999 -9999 -9999 -9999 -9999 -9999 -9999 -9999 -9999 -9999 -9999 -9999 -9999 -9999 -9999
127.84 105.16 -9999 94.52 93.87 105.88 -9999 116.40 166.84 144.01 115.08 89.98 72.91 70.43 61.43 65.81 65.67 64.29 70.80 69.43 78.14 87.25 99.92 90.95 74.97 70.26 83.47 87.29 64.02 49.32 73.10 75.62 100.72 134.87 139.11 123.38 114.68 120.59 130.03 121.72 65.46 73.50 -9999 -9999 -9999 -9999 -9999 -9999 -9999 -9999 -9999 -9999 -9999 -9999 -9999 -9999 -9999 -9999 -9999 -9999 -9999 -9999 -9999 -9999 -9999 -9999 -9999 -9999 -9999 -9999 -9999 -9999 -9999 -9999 -9999 -9999 -9999
113.52 96.97 -9999 -9999 90.41 84.18 87.85 115.21 136.34 125.73 110.99 109.52 93.34 83.94 75.24 85.14 69.37 61.21 73.21 73.56 79.43 88.72 100.97 96.07 95.82 96.96 85.28 76.70 74.32 66.60 62.22 79.47 95.85 105.89 111.02 104.71 88.67 97.36 85.39 66.91 51.58 64.61 56.12 -9999 -9999 -9999 -9999 -9999 -9999 -9999 -9999 -9999 -9999 -9999 -9999 -9999 -9999 -9999 -9999 -9999 -9999 -9999 -9999 -9999 -9999 -9999 -9999 -9999 -9999 -9999 -9999 -9999 -9999 -9999 -9999 -9999 -9999
-9999 -9999 -9999 -9999 -9999 78.25 71.86 102.33 125.33 114.09 111.39 115.70 112.94 107.59 98.47 94.44 83.20 70.37 70.86 62.79 63.91 74.44 85.57 88.65 88.78 75.22 76.70 82.89 79.36 90.01 88.48 77.65 88.32 82.59 73.13 84.40 83.95 87.39 72.27 62.72 56.21 55.60 42.54 -9999 -9999 -9999 -9999 -9999 -9999 -9999 -9999 -9999 -9999 -9999 -9999 -9999 -9999 -9999 -9999 -9999 -9999 -9999 -9999 -9999 -9999 -9999 -9999 -9999 -9999 -9999 -9999 -9999 -9999 -9999 -9999 -9999 -9999
107.52 113.57 116.39 -9999 -9999 -9999 74.32 90.53 103.67 102.14 105.36 112.77 123.66 117.79 115.10 104.07 87.69 77.53 58.81 45.45 50.45 55.39 58.50 72.84 69.84 68.02 86.67 85.57 115.71 125.12 107.11 89.92 91.33 92.47 71.23 64.77 70.68 81.50 67.99 66.55 59.68 52.61 61.65 53.18 -9999 -9999 -9999 -9999 -9999 -9999 -9999 -9999 -9999 -9999 -9999 -9999 -9999 -9999 -9999 -9999 -9999 -9999 -9999 -9999 -9999 -9999 -9999 -9999 -9999 -9999 -9999 -9999 -9999 -9999 -9999 -9999 -9999
115.23 124.59 161.17 147.18 -9999 -9999 -9999 72.54 76.26 77.98 96.44 109.68 112.06 118.33 112.35 112.54 87.98 67.83 47.78 50.65 48.25 48.32 51.88 68.36 64.89 71.96 62.93 79.56 87.61 93.13 102.63 92.61 77.23 73.07 62.12 43.82 49.18 67.10 57.51 57.87 63.21 62.39 59.51 52.87 48.93 -9999 -9999 -9999 -9999 -9999 -9999 -9999 -9999 -9999 -9999 -9999 -9999 -9999 -9999 -9999 -9999 -9999 -9999 -9999 -9999 -9999 -9999 -9999 -9999 -9999 -9999 -9999 -9999 -9999 -9999 -9999 -9999
89.13 111.48 163.17 139.77 -9999 -9999 -9999 -9999 -9999 58.85 73.70 92.06 100.94 103.89 107.48 106.77 107.88 86.96 64.65 52.67 47.95 48.72 49.56 54.64 46.63 55.60 59.32 66.27 74.87 74.57 65.13 66.82 57.07 65.71 74.34 61.21 55.84 47.59 48.77 51.47 69.49 70.21 82.59 68.00 54.17 55.68 -9999 -9999 -9999 -9999 -9999 -9999 -9999 -9999 -9999 -9999 -9999 -9999 -9999 -9999 -9999 -9999 -9999 -9999 -9999 -9999 -9999 -9999 -9999 -9999 -9999 -9999 -9999 -9999 -9999 -9999 -9999
84.47 91.22 144.15 127.09 -9999 -9999 -9999 -9999 -9999 49.98 69.20 86.13 96.33 111.55 137.55 122.68 111.65 90.22 75.33 60.42 59.19 56.81 55.30 58.05 64.61 50.81 92.59 73.53 80.01 60.39 71.28 69.85 62.78 61.68 65.61 69.71 56.95 49.65 58.94 70.79 62.85 66.27 64.67 76.28 69.42 77.80 63.73 62.07 -9999 -9999 -9999 -9999 -9999 -9999 -9999 -9999 -9999 -9999 -9999 -9999 -9999 -9999 -9999 -9999 -9999 -9999 -9999 -9999 -9999 -9999 -9999 -9999 -9999 -9999 -9999 -9999 -9999
-9999 95.21 106.69 94.45 -9999 -9999 -9999 -9999 -9999 58.12 53.40 68.41 75.06 90.34 98.89 101.54 97.61 83.43 82.79 70.84 65.89 68.41 68.59 75.99 75.98 67.82 96.34 90.93 62.62 58.73 48.40 43.88 44.35 49.32 61.64 59.65 62.97 51.25 57.63 61.94 89.27 93.58 79.55 88.82 85.72 77.51 60.63 55.06 -9999 -9999 -9999 -9999 -9999 -9999 -9999 -9999 -9999 -9999 -9999 -9999 -9999 -9999 -9999 -9999 -9999 -9999 -9999 -9999 -9999 -9999 -9999 -9999 -9999 -9999 -9999 -9999 -9999
-9999 76.96 78.83 79.19 -9999 -9999 -9999 -9999 -9999 52.31 48.63 56.23 65.93 75.77 81.69 90.68 99.05 98.39 83.42 82.55 81.53 70.29 61.82 69.00 74.62 88.63 89.10 77.10 73.04 64.35 55.32 58.30 46.78 50.79 55.35 49.50 62.91 68.17 70.98 75.45 112.65 114.84 98.42 79.58 83.57 67.05 65.98 59.80 -9999 -9999 -9999 -9999 -9999 -9999 -9999 -9999 -9999 -9999 -9999 -9999 -9999 -9999 -9999 -9999 -9999 -9999 -9999 -9999 -9999 -9999 -9999 -9999 -9999 -9999 -9999 -9999 -9999
-9999 -9999 -9999 -9999 -9999 -9999 -9999 -9999 63.39 57.21 60.34 63.97 68.22 74.03 75.01 76.87 76.98 89.66 85.06 86.33 98.69 89.50 80.85 82.49 91.11 96.07 96.78 82.15 86.18 75.64 69.69 56.89 46.30 34.79 48.24 60.78 55.41 66.35 77.03 100.00 103.41 120.59 91.19 70.94 54.47 47.72 51.87 50.30 -9999 -9999 -9999 -9999 -9999 -9999 -9999 -9999 -9999 -9999 -9999 -9999 -9999 -9999 -9999 -9999 -9999 -9999 -9999 -9999 -9999 -9999 -9999 -9999 -9999 -9999 -9999 -9999 -9999
-9999 -9999 -9999 -9999 -9999 -9999 -9999 -9999 80.36 62.07 67.94 81.65 89.17 88.38 90.12 83.78 77.14 66.67 67.07 91.32 95.35 101.26 79.03 74.08 61.13 91.32 81.49 76.99 72.17 75.81 67.53 53.48 40.26 42.40 54.36 53.20 55.25 64.17 82.95 88.27 94.78 106.47 89.33 57.65 39.93 36.45 54.85 42.64 -9999 -9999 -9999 -9999 -9999 -9999 -9999 -9999 -9999 -9999 -9999 -9999 -9999 -9999 -9999 -9999 -9999 -9999 -9999 -9999 -9999 -9999 -9999 -9999 -9999 -9999 -9999 -9999 -9999
-9999 -9999 -9999 -9999 -9999 -9999 -9999 71.97 78.85 73.44 81.55 91.80 90.00 104.74 116.98 107.42 93.15 70.06 46.63 52.27 86.83 91.19 77.26 68.44 45.61 68.34 104.93 93.00 91.96 81.55 75.11 58.04 57.52 60.94 63.15 58.20 73.48 81.20 96.03 90.09 88.86 82.00 70.82 56.49 60.65 57.67 47.09 39.82 -9999 -9999 -9999 -9999 -9999 -9999 -9999 -9999 -9999 -9999 -9999 -9999 -9999 -9999 -9999 -9999 -9999 -9999 -9999 -9999 -9999 -9999 -9999 -9999 -9999 -9999 -9999 -9999 -9999
-9999 -9999 -9999 -9999 -9999 -9999 -9999 73.56 71.42 90.29 92.36 109.19 95.74 111.96 113.72 137.74 107.22 78.08 57.04 62.16 63.50 89.84 89.66 65.25 51.61 76.64 120.44 97.07 93.90 98.16 77.70 78.61 88.56 79.91 84.67 83.58 94.19 74.15 75.04 82.15 84.54 80.37 54.64 45.20 48.91 45.84 42.01 33.69 39.45 -9999 -9999 -9999 -9999 -9999 -9999 -9999 -9999 -9999 -9999 -9999 -9999 -9999 -9999 -9999 -9999 -9999 -9999 -9999 -9999 -9999 -9999 -9999 -9999 -9999 -9999 -9999 -9999
-9999 -9999 -9999 -9999 -9999 -9999 60.57 84.70 98.13 106.39 120.61 111.70 97.51 98.89 118.51 118.50 108.01 92.68 74.14 53.32 42.64 49.52 72.33 77.94 70.81 83.62 118.23 122.64 106.35 99.13 102.62 84.32 84.13 83.47 75.51 96.30 80.18 84.71 85.74 69.81 71.31 63.38 53.84 52.76 40.52 39.28 37.18 34.01 33.59 -9999 -9999 -9999 -9999 -9999 -9999 -9999 -9999 -9999 -9999 -9999 -9999 -9999 -9999 -9999 -9999 -9999 -9999 -9999 -9999 -9999 -9999 -9999 -9999 -9999 -9999 -9999 -9999
-9999 -9999 -9999 -9999 -9999 -9999 79.54 93.63 113.45 152.86 152.59 121.92 107.12 123.99 98.48 100.81 99.00 90.48 89.79 50.18 45.75 52.07 65.73 85.06 67.29 72.96 88.11 112.02 88.91 105.29 77.84 90.69 93.73 77.22 94.83 77.26 75.19 66.87 55.60 52.08 56.50 47.93 46.20 47.58 40.16 40.64 37.09 41.52 34.79 -9999 -9999 -9999 -9999 -9999 -9999 -9999 -9999 -9999 -9999 -9999 -9999 -9999 -9999 -9999 -9999 -9999 -9999 -9999 -9999 -9999 -9999 -9999 -9999 -9999 -9999 -9999 -9999
-9999 -9999 -9999 -9999 -9999 88.11 93.51 102.28 133.00 163.46 169.24 168.28 142.20 134.68 91.00 86.71 88.59 89.31 95.35 63.02 45.58 49.01 57.73 58.74 52.03 81.07 77.85 93.73 99.02 84.35 66.99 86.87 80.41 75.61 90.58 69.30 55.88 47.55 53.70 55.73 55.61 49.26 46.51 43.69 38.38 35.49 34.49 33.17 31.62 -9999 -9999 -9999 -9999 -9999 -9999 -9999 -9999 -9999 -9999 -9999 -9999 -9999 -9999 -9999 -9999 -9999 -9999 -9999 -9999 -9999 -9999 -9999 -9999 -9999 -9999 -9999 -9999
-9999 -9999 -9999 -9999 79.48 86.03 105.52 101.14 111.94 121.12 136.63 148.13 150.78 171.75 88.99 72.07 76.74 81.93 73.53 64.79 57.90 51.48 54.37 59.13 45.49 54.21 73.76 82.04 81.72 74.43 66.84 74.13 69.77 78.07 93.89 79.77 73.88 56.13 50.04 52.27 45.11 43.44 44.05 42.67 38.46 35.93 36.46 31.53 32.70 30.50 -9999 -9999 -9999 -9999 -9999 -9999 -9999 -9999 -9999 -9999 -9999 -9999 -9999 -9999 -9999 -9999 -9999 -9999 -9999 -9999 -9999 -9999 -9999 -9999 -9999 -9999 -9999
-9999 -9999 -9999 -9999 96.65 128.09 114.37 102.55 99.77 95.89 98.66 170.46 189.20 137.99 99.37 73.81 74.20 71.28 64.45 78.69 58.03 53.49 56.31 54.22 57.17 52.32 65.13 63.95 75.70 73.30 59.77 59.70 65.10 77.20 89.69 81.72 84.05 75.32 51.07 42.40 36.95 41.17 37.83 39.42 37.90 32.16 30.30 29.77 31.84 32.67 -9999 -9999 -9999 -9999 -9999 -9999 -9999 -9999 -9999 -9999 -9999 -9999 -9999 -9999 -9999 -9999 -9999 -9999 -9999 -9999 -9999 -9999 -9999 -9999 -9999 -9999 -9999
-9999 -9999 71.70 82.71 103.38 112.57 109.37 105.92 100.49 94.66 88.06 136.45 134.20 135.11 108.97 85.97 64.45 63.35 65.15 65.26 62.22 59.52 46.18 56.35 55.76 47.87 51.37 55.57 64.93 62.09 58.08 60.08 61.50 69.07 93.42 86.44 79.89 66.87 57.93 41.69 37.48 41.12 34.87 31.27 32.93 29.65 33.14 31.26 33.14 37.06 -9999 -9999 -9999 -9999 -9999 -9999 -9999 -9999 -9999 -9999 -9999 -9999 -9999 -9999 -9999 -9999 -9999 -9999 -9999 -9999 -9999 -9999 -9999 -9999 -9999 -9999 -9999
