Rainfall_2007-2011/Rainfall_2007-11_ACTUAL.txt
ncols         180
nrows         290
xllcorner     -200000
yllcorner     -200000
cellsize      5000
NODATA_value  -9999
[rows 102 to 135 of 290, columns 76 to 151 of 180]
161.27 -9999 191.64 208.87 280.34 248.14 291.99 261.22 271.93 257.43 299.25 272.25 273.38 206.68 164.35 171.75 155.88 151.25 169.84 169.98 169.97 111.88 107.44 97.18 90.66 86.32 76.76 71.71 69.07 105.22 99.58 97.47 92.77 90.07 81.29 72.63 69.07 -9999 -9999 -9999 -9999 -9999 -9999 -9999 -9999 -9999 -9999 -9999 -9999 -9999 -9999 -9999 -9999 -9999 -9999 -9999 -9999 -9999 -9999 -9999 -9999 -9999 -9999 -9999 -9999 -9999 -9999 -9999 -9999 -9999 -9999 -9999 -9999 -9999 -9999 -9999
-9999 171.09 171.34 181.30 172.29 266.39 288.72 218.05 240.67 284.92 245.82 291.47 300.87 230.05 169.25 111.39 144.00 137.68 170.01 166.22 128.43 146.26 130.74 95.61 85.67 80.18 82.79 84.05 89.92 89.47 83.64 94.96 80.96 74.62 76.24 -9999 -9999 -9999 -9999 -9999 -9999 -9999 -9999 -9999 -9999 -9999 -9999 -9999 -9999 -9999 -9999 -9999 -9999 -9999 -9999 -9999 -9999 -9999 -9999 -9999 -9999 -9999 -9999 -9999 -9999 -9999 -9999 -9999 -9999 -9999 -9999 -9999 -9999 -9999 -9999 -9999
179.41 183.84 175.26 204.41 208.31 221.34 210.41 193.12 221.67 244.36 243.79 225.34 218.81 199.82 174.49 170.23 104.54 124.48 123.15 136.94 140.63 101.99 97.38 70.53 71.21 79.01 71.75 72.76 69.09 71.09 83.05 80.46 76.05 65.67 -9999 -9999 -9999 -9999 -9999 -9999 -9999 -9999 -9999 -9999 -9999 -9999 -9999 -9999 -9999 -9999 -9999 -9999 -9999 -9999 -9999 -9999 -9999 -9999 -9999 -9999 -9999 -9999 -9999 -9999 -9999 -9999 -9999 -9999 -9999 -9999 -9999 -9999 -9999 -9999 -9999 -9999
206.81 222.47 168.56 192.92 216.12 228.27 240.74 253.49 283.96 235.50 248.11 245.08 266.11 224.80 187.04 152.06 129.09 147.80 128.48 108.36 77.11 76.52 74.64 63.64 68.78 75.69 62.08 65.98 54.45 62.93 83.06 72.75 67.74 66.81 -9999 -9999 -9999 -9999 -9999 -9999 -9999 -9999 -9999 -9999 -9999 -9999 -9999 -9999 -9999 -9999 -9999 -9999 -9999 -9999 -9999 -9999 -9999 -9999 -9999 -9999 -9999 -9999 -9999 -9999 -9999 -9999 -9999 -9999 -9999 -9999 -9999 -9999 -9999 -9999 -9999 -9999
287.10 288.50 229.13 252.60 256.01 282.37 268.50 270.04 251.61 266.63 247.71 246.80 230.30 289.29 229.90 204.75 196.69 143.38 136.09 134.22 107.61 83.71 87.20 70.99 65.90 74.09 75.66 66.13 53.62 66.12 75.52 80.27 64.40 70.21 65.58 -9999 -9999 -9999 -9999 -9999 -9999 -9999 -9999 -9999 -9999 -9999 -9999 -9999 -9999 -9999 -9999 -9999 -9999 -9999 -9999 -9999 -9999 -9999 -9999 -9999 -9999 -9999 -9999 -9999 -9999 -9999 -9999 -9999 -9999 -9999 -9999 -9999 -9999 -9999 -9999 -9999
241.18 282.38 279.59 243.18 253.73 237.54 222.61 260.74 333.72 453.33 243.97 238.62 225.95 256.40 226.34 238.85 165.40 152.60 150.90 115.32 111.38 98.65 83.34 89.02 93.97 90.37 88.20 93.51 70.93 72.18 86.79 109.50 86.17 85.28 81.96 76.06 -9999 -9999 -9999 -9999 -9999 -9999 -9999 -9999 -9999 -9999 -9999 -9999 -9999 -9999 -9999 -9999 -9999 -9999 -9999 -9999 -9999 -9999 -9999 -9999 -9999 -9999 -9999 -9999 -9999 -9999 -9999 -9999 -9999 -9999 -9999 -9999 -9999 -9999 -9999 -9999
225.09 256.23 246.90 254.70 243.26 241.67 234.61 277.74 290.30 285.28 247.89 206.67 196.58 208.00 139.17 150.06 127.95 118.50 98.24 88.89 94.23 97.36 106.09 126.94 116.62 106.76 95.04 93.84 95.14 77.88 96.73 91.16 101.18 104.26 94.45 82.58 70.76 -9999 -9999 -9999 -9999 -9999 -9999 -9999 -9999 -9999 -9999 -9999 -9999 -9999 -9999 -9999 -9999 -9999 -9999 -9999 -9999 -9999 -9999 -9999 -9999 -9999 -9999 -9999 -9999 -9999 -9999 -9999 -9999 -9999 -9999 -9999 -9999 -9999 -9999 -9999
185.26 195.87 226.31 227.77 221.11 216.46 236.85 279.22 250.93 208.79 208.98 258.89 180.60 170.86 150.21 140.94 112.70 100.82 80.99 81.54 87.72 128.77 138.21 119.17 115.34 97.64 102.90 90.53 91.22 80.15 90.70 87.18 75.54 83.85 81.20 71.63 -9999 -9999 -9999 -9999 -9999 -9999 -9999 -9999 -9999 -9999 -9999 -9999 -9999 -9999 -9999 -9999 -9999 -9999 -9999 -9999 -9999 -9999 -9999 -9999 -9999 -9999 -9999 -9999 -9999 -9999 -9999 -9999 -9999 -9999 -9999 -9999 -9999 -9999 -9999 -9999
134.75 177.14 207.68 197.61 212.75 242.50 207.73 249.34 240.29 225.24 211.24 176.44 198.66 152.78 154.44 109.97 90.35 81.29 86.36 72.73 88.26 75.42 71.54 81.74 85.24 89.10 90.37 87.12 80.37 71.69 78.80 76.13 -9999 -9999 -9999 -9999 -9999 -9999 -9999 -9999 -9999 -9999 -9999 -9999 -9999 -9999 -9999 -9999 -9999 -9999 -9999 -9999 -9999 -9999 -9999 -9999 -9999 -9999 -9999 -9999 -9999 -9999 -9999 -9999 -9999 -9999 -9999 -9999 -9999 -9999 -9999 -9999 -9999 -9999 -9999 -9999
133.20 177.03 138.92 151.95 208.66 200.45 231.53 243.79 172.38 191.17 188.93 155.56 153.25 153.37 120.50 116.56 104.12 101.65 110.50 79.47 88.67 72.43 62.32 73.80 78.93 90.13 87.95 90.99 89.30 77.89 -9999 -9999 -9999 -9999 -9999 -9999 -9999 -9999 -9999 -9999 -9999 -9999 -9999 -9999 -9999 -9999 -9999 -9999 -9999 -9999 -9999 -9999 -9999 -9999 -9999 -9999 -9999 -9999 -9999 -9999 -9999 -9999 -9999 -9999 -9999 -9999 -9999 -9999 -9999 -9999 -9999 -9999 -9999 -9999 -9999 -9999
133.16 204.06 159.54 187.33 172.89 182.03 250.29 229.98 179.76 170.68 158.23 121.09 117.59 108.63 103.45 105.58 87.69 126.41 117.76 104.85 90.11 77.19 64.75 68.20 68.92 73.61 79.66 92.08 87.98 72.35 -9999 -9999 -9999 -9999 -9999 -9999 -9999 -9999 -9999 -9999 -9999 -9999 -9999 -9999 -9999 -9999 -9999 -9999 -9999 -9999 -9999 -9999 -9999 -9999 -9999 -9999 -9999 -9999 -9999 -9999 -9999 -9999 -9999 -9999 -9999 -9999 -9999 -9999 -9999 -9999 -9999 -9999 -9999 -9999 -9999 -9999
168.10 -9999 173.38 178.68 170.23 135.96 207.91 217.16 160.90 125.45 129.02 123.99 121.40 118.33 108.34 151.86 154.19 153.23 150.94 111.43 77.23 69.58 67.45 65.21 66.21 71.40 90.18 61.97 -9999 -9999 -9999 -9999 -9999 89.18 75.57 81.18 72.41 -9999 -9999 -9999 -9999 -9999 -9999 -9999 -9999 -9999 -9999 -9999 -9999 -9999 -9999 -9999 -9999 -9999 -9999 -9999 -9999 -9999 -9999 -9999 -9999 -9999 -9999 -9999 -9999 -9999 -9999 -9999 -9999 -9999 -9999 -9999 -9999 -9999 -9999 -9999
199.95 -9999 160.73 175.18 152.85 135.22 189.17 162.95 132.84 125.70 133.00 126.15 114.94 119.84 118.45 106.13 106.42 109.04 115.88 100.76 93.19 90.82 79.65 70.72 74.38 80.28 77.50 67.43 69.56 64.59 -9999 -9999 73.42 79.84 88.00 80.82 84.19 78.58 77.06 -9999 -9999 -9999 -9999 -9999 -9999 -9999 -9999 -9999 -9999 -9999 -9999 -9999 -9999 -9999 -9999 -9999 -9999 -9999 -9999 -9999 -9999 -9999 -9999 -9999 -9999 -9999 -9999 -9999 -9999 -9999 -9999 -9999 -9999 -9999 -9999 -9999
176.02 149.21 153.76 136.65 154.21 158.95 165.55 143.11 137.80 144.97 144.44 131.70 106.21 94.52 85.91 78.07 86.63 95.86 103.63 102.23 93.57 93.76 78.25 83.37 92.58 81.29 78.09 77.56 67.29 73.16 67.57 74.73 79.27 87.02 86.64 92.49 111.78 108.57 115.83 85.49 -9999 -9999 -9999 -9999 -9999 -9999 -9999 -9999 -9999 -9999 -9999 -9999 -9999 -9999 -9999 -9999 -9999 -9999 -9999 -9999 -9999 -9999 -9999 -9999 -9999 -9999 -9999 -9999 -9999 -9999 -9999 -9999 -9999 -9999 -9999 -9999
160.10 163.37 144.91 157.73 151.44 142.23 150.18 -9999 145.53 179.26 176.43 150.49 110.06 90.73 80.23 70.64 80.81 77.19 82.51 92.62 85.06 92.38 75.42 81.82 85.18 109.77 90.07 86.53 92.85 83.65 81.53 77.86 78.18 90.27 79.31 107.31 115.70 122.56 127.30 121.76 150.74 121.98 63.67 -9999 -9999 -9999 -9999 -9999 -9999 -9999 -9999 -9999 -9999 -9999 -9999 -9999 -9999 -9999 -9999 -9999 -9999 -9999 -9999 -9999 -9999 -9999 -9999 -9999 -9999 -9999 -9999 -9999 -9999 -9999 -9999 -9999
156.64 184.10 147.91 -9999 124.87 121.67 137.02 -9999 132.23 202.27 176.34 140.70 107.32 103.47 77.47 68.96 71.49 74.79 75.36 86.92 92.35 96.59 95.86 85.46 94.11 96.23 105.74 115.87 105.37 77.16 70.31 85.13 80.80 95.47 125.27 137.29 120.55 112.17 106.03 99.14 125.73 77.03 79.26 -9999 -9999 -9999 -9999 -9999 -9999 -9999 -9999 -9999 -9999 -9999 -9999 -9999 -9999 -9999 -9999 -9999 -9999 -9999 -9999 -9999 -9999 -9999 -9999 -9999 -9999 -9999 -9999 -9999 -9999 -9999 -9999 -9999
151.95 163.08 140.72 -9999 -9999 116.38 111.76 118.47 143.80 157.30 149.28 134.61 126.09 117.19 94.99 84.92 97.71 87.23 77.93 89.92 89.79 95.85 102.29 108.08 100.83 105.32 121.48 112.79 94.29 96.63 86.39 86.05 100.09 118.56 116.72 125.88 105.27 75.72 89.98 77.34 80.51 83.48 80.11 78.32 -9999 -9999 -9999 -9999 -9999 -9999 -9999 -9999 -9999 -9999 -9999 -9999 -9999 -9999 -9999 -9999 -9999 -9999 -9999 -9999 -9999 -9999 -9999 -9999 -9999 -9999 -9999 -9999 -9999 -9999 -9999 -9999
145.80 -9999 -9999 -9999 -9999 -9999 107.08 104.50 134.27 145.92 135.03 130.08 135.51 130.15 131.00 120.43 112.68 101.91 90.96 81.59 81.61 82.53 93.55 99.86 98.71 102.01 95.29 98.59 84.80 100.58 113.69 106.77 90.76 98.58 92.51 91.36 95.02 75.92 84.21 73.33 73.97 73.70 85.19 76.77 -9999 -9999 -9999 -9999 -9999 -9999 -9999 -9999 -9999 -9999 -9999 -9999 -9999 -9999 -9999 -9999 -9999 -9999 -9999 -9999 -9999 -9999 -9999 -9999 -9999 -9999 -9999 -9999 -9999 -9999 -9999 -9999
145.66 153.15 151.92 149.26 -9999 -9999 -9999 103.80 122.26 129.00 125.03 118.34 116.84 135.28 140.54 134.14 127.47 111.19 106.23 85.19 71.04 78.37 80.19 71.64 84.08 78.64 80.23 104.91 97.74 114.78 124.54 112.03 90.43 89.87 84.03 75.96 71.73 73.96 77.80 63.78 73.57 67.34 70.45 79.35 85.98 -9999 -9999 -9999 -9999 -9999 -9999 -9999 -9999 -9999 -9999 -9999 -9999 -9999 -9999 -9999 -9999 -9999 -9999 -9999 -9999 -9999 -9999 -9999 -9999 -9999 -9999 -9999 -9999 -9999 -9999 -9999
157.76 165.35 167.61 189.48 168.28 -9999 -9999 -9999 99.63 105.77 107.03 113.98 122.61 122.54 120.75 119.11 130.68 109.67 97.59 77.20 84.63 74.14 73.43 65.16 84.36 76.51 90.74 77.53 90.79 88.44 89.57 95.22 84.71 72.36 69.14 64.42 52.70 53.71 68.73 58.50 56.98 54.02 65.32 80.52 70.07 57.73 -9999 -9999 -9999 -9999 -9999 -9999 -9999 -9999 -9999 -9999 -9999 -9999 -9999 -9999 -9999 -9999 -9999 -9999 -9999 -9999 -9999 -9999 -9999 -9999 -9999 -9999 -9999 -9999 -9999 -9999
154.31 124.19 155.24 181.41 154.95 -9999 -9999 -9999 -9999 -9999 101.44 107.41 127.24 113.69 103.43 108.29 119.50 129.92 123.06 106.07 90.22 79.31 77.90 68.20 70.98 62.20 86.94 82.52 74.26 84.13 79.59 59.33 61.12 52.32 61.21 56.39 58.15 58.96 53.39 61.67 52.88 55.25 59.86 69.50 72.82 63.72 57.85 -9999 -9999 -9999 -9999 -9999 -9999 -9999 -9999 -9999 -9999 -9999 -9999 -9999 -9999 -9999 -9999 -9999 -9999 -9999 -9999 -9999 -9999 -9999 -9999 -9999 -9999 -9999 -9999 -9999
-9999 134.54 138.43 174.13 147.00 -9999 -9999 -9999 -9999 -9999 96.62 96.55 111.84 107.56 113.61 126.35 126.79 133.88 123.17 116.19 100.46 98.13 88.41 82.08 88.30 101.00 86.60 130.12 84.63 101.25 75.29 87.47 79.47 64.80 62.85 56.08 58.72 58.49 55.31 63.02 71.74 59.50 63.86 58.42 69.65 79.12 66.32 61.30 53.60 -9999 -9999 -9999 -9999 -9999 -9999 -9999 -9999 -9999 -9999 -9999 -9999 -9999 -9999 -9999 -9999 -9999 -9999 -9999 -9999 -9999 -9999 -9999 -9999 -9999 -9999 -9999
-9999 -9999 144.72 158.13 143.92 -9999 -9999 -9999 -9999 -9999 81.92 77.77 92.31 90.15 96.94 103.25 108.26 116.84 112.94 126.04 108.43 95.88 101.95 104.97 126.77 120.61 104.91 136.36 119.66 85.00 80.86 84.75 54.56 55.63 58.54 54.27 62.85 66.88 51.59 53.48 68.03 86.87 95.36 84.27 79.19 76.61 73.71 64.56 62.38 -9999 -9999 -9999 -9999 -9999 -9999 -9999 -9999 -9999 -9999 -9999 -9999 -9999 -9999 -9999 -9999 -9999 -9999 -9999 -9999 -9999 -9999 -9999 -9999 -9999 -9999 -9999
-9999 -9999 120.70 134.11 128.50 -9999 -9999 -9999 -9999 -9999 73.64 78.07 85.44 91.43 94.15 98.34 107.28 124.83 136.73 121.51 119.35 107.09 104.97 95.60 106.75 107.23 125.46 123.70 108.22 99.30 94.95 66.03 68.05 55.16 56.71 57.77 56.94 70.07 68.74 70.24 86.17 120.91 122.25 107.01 83.88 82.20 73.92 74.37 68.97 -9999 -9999 -9999 -9999 -9999 -9999 -9999 -9999 -9999 -9999 -9999 -9999 -9999 -9999 -9999 -9999 -9999 -9999 -9999 -9999 -9999 -9999 -9999 -9999 -9999 -9999 -9999
-9999 -9999 -9999 -9999 -9999 -9999 -9999 -9999 -9999 87.61 80.08 88.74 96.25 96.81 100.44 101.03 99.63 105.55 131.54 128.45 124.36 138.00 129.15 125.58 126.89 132.90 139.65 141.50 118.28 128.79 105.41 89.21 71.10 56.20 43.11 51.27 64.82 60.23 69.99 83.73 113.45 110.26 125.13 102.46 79.34 72.94 69.25 73.46 64.12 -9999 -9999 -9999 -9999 -9999 -9999 -9999 -9999 -9999 -9999 -9999 -9999 -9999 -9999 -9999 -9999 -9999 -9999 -9999 -9999 -9999 -9999 -9999 -9999 -9999 -9999 -9999
-9999 -9999 -9999 -9999 -9999 -9999 -9999 -9999 -9999 111.35 88.03 99.55 118.06 125.78 122.32 120.06 116.79 116.77 101.61 120.22 138.05 136.47 151.35 134.27 121.72 96.83 138.59 123.64 130.91 119.44 106.06 89.31 71.12 50.68 51.99 58.39 61.70 59.31 62.67 88.74 92.56 91.23 107.47 101.95 77.69 65.65 62.31 84.20 78.40 -9999 -9999 -9999 -9999 -9999 -9999 -9999 -9999 -9999 -9999 -9999 -9999 -9999 -9999 -9999 -9999 -9999 -9999 -9999 -9999 -9999 -9999 -9999 -9999 -9999 -9999 -9999
-9999 -9999 -9999 -9999 -9999 -9999 -9999 -9999 99.75 116.66 113.22 118.04 135.44 124.68 142.61 162.53 156.07 148.02 141.15 111.81 113.32 132.83 142.90 128.73 118.28 87.81 107.40 140.89 128.78 129.66 114.12 103.91 82.27 73.88 73.75 75.29 70.98 93.84 90.28 109.86 99.21 77.81 66.01 86.35 80.82 87.50 86.45 76.18 64.72 -9999 -9999 -9999 -9999 -9999 -9999 -9999 -9999 -9999 -9999 -9999 -9999 -9999 -9999 -9999 -9999 -9999 -9999 -9999 -9999 -9999 -9999 -9999 -9999 -9999 -9999 -9999
-9999 -9999 -9999 -9999 -9999 -9999 -9999 -9999 117.39 125.95 144.55 140.81 148.52 121.87 149.22 159.85 202.85 168.12 138.31 116.18 119.49 115.03 155.18 142.93 109.96 91.83 109.86 138.93 131.29 126.27 127.60 102.98 105.06 110.05 99.85 107.47 106.70 114.68 85.62 96.86 92.92 81.41 88.56 90.33 77.47 79.98 73.38 69.90 62.44 66.06 -9999 -9999 -9999 -9999 -9999 -9999 -9999 -9999 -9999 -9999 -9999 -9999 -9999 -9999 -9999 -9999 -9999 -9999 -9999 -9999 -9999 -9999 -9999 -9999 -9999 -9999
-9999 -9999 -9999 -9999 -9999 -9999 -9999 87.76 148.80 175.69 173.00 197.65 155.38 126.54 140.54 165.82 170.39 158.24 134.68 114.76 90.09 88.22 103.69 118.49 113.16 99.85 102.11 119.43 135.83 130.45 123.95 129.71 101.17 113.44 108.62 102.68 130.89 114.28 105.06 100.53 75.29 83.31 103.68 106.58 94.74 76.16 71.06 67.82 65.57 60.32 -9999 -9999 -9999 -9999 -9999 -9999 -9999 -9999 -9999 -9999 -9999 -9999 -9999 -9999 -9999 -9999 -9999 -9999 -9999 -9999 -9999 -9999 -9999 -9999 -9999 -9999
-9999 -9999 -9999 -9999 -9999 -9999 -9999 123.39 158.91 186.86 210.31 208.59 196.07 163.34 186.18 155.20 144.20 133.12 123.42 117.69 79.22 77.34 97.13 107.48 114.93 92.22 95.35 98.16 112.93 108.18 132.22 103.80 120.45 121.82 107.35 127.39 105.70 108.78 98.12 84.66 85.86 80.04 79.44 86.72 87.60 77.45 80.34 72.97 69.49 67.28 -9999 -9999 -9999 -9999 -9999 -9999 -9999 -9999 -9999 -9999 -9999 -9999 -9999 -9999 -9999 -9999 -9999 -9999 -9999 -9999 -9999 -9999 -9999 -9999 -9999 -9999
-9999 -9999 -9999 -9999 -9999 -9999 133.54 142.96 164.47 196.49 199.76 200.40 239.72 203.36 208.66 153.04 126.74 124.03 117.36 122.64 94.40 79.54 88.50 94.71 86.50 80.16 89.05 101.57 104.81 119.91 115.26 103.93 130.33 136.46 121.63 127.19 99.72 102.72 85.15 88.46 86.98 81.78 79.76 86.18 77.21 67.84 79.19 69.64 64.18 55.86 -9999 -9999 -9999 -9999 -9999 -9999 -9999 -9999 -9999 -9999 -9999 -9999 -9999 -9999 -9999 -9999 -9999 -9999 -9999 -9999 -9999 -9999 -9999 -9999 -9999 -9999
-9999 -9999 -9999 -9999 -9999 125.00 139.37 163.61 176.57 182.71 178.87 195.36 221.54 214.99 233.01 139.72 102.93 113.94 122.48 112.15 102.00 92.72 84.28 82.69 87.19 68.00 77.79 97.10 100.55 95.79 96.75 96.39 106.30 106.18 116.46 135.81 116.28 117.85 98.57 93.44 71.69 66.27 64.08 74.70 78.46 71.15 67.40 70.13 59.73 56.46 51.91 -9999 -9999 -9999 -9999 -9999 -9999 -9999 -9999 -9999 -9999 -9999 -9999 -9999 -9999 -9999 -9999 -9999 -9999 -9999 -9999 -9999 -9999 -9999 -9999 -9999
-9999 -9999 -9999 -9999 -9999 176.57 213.92 190.50 184.31 157.57 158.30 167.06 252.10 251.98 214.41 157.66 112.64 117.81 117.34 106.00 125.47 90.84 82.54 81.83 78.18 81.88 71.01 92.87 95.19 79.75 74.51 78.46 84.61 92.41 106.84 127.54 114.04 124.01 115.57 92.94 73.93 65.84 66.21 54.24 72.10 71.29 61.85 58.27 58.47 51.49 50.49 -9999 -9999 -9999 -9999 -9999 -9999 -9999 -9999 -9999 -9999 -9999 -9999 -9999 -9999 -9999 -9999 -9999 -9999 -9999 -9999 -9999 -9999 -9999 -9999 -9999
-9999 -9999 -9999 130.75 148.82 176.38 183.16 183.14 199.46 201.95 146.68 133.89 208.34 205.70 223.31 181.59 144.31 110.78 107.37 108.36 106.45 96.77 90.11 71.74 83.35 79.71 70.58 79.15 82.83 72.89 68.06 66.83 74.81 80.74 87.12 110.35 105.25 99.27 95.94 90.79 73.80 66.11 73.28 56.58 63.47 66.18 61.27 60.35 57.20 55.32 51.25 -9999 -9999 -9999 -9999 -9999 -9999 -9999 -9999 -9999 -9999 -9999 -9999 -9999 -9999 -9999 -9999 -9999 -9999 -9999 -9999 -9999 -9999 -9999 -9999 -9999
