Rainfall_2007-2011/Rainfall_2007-04_ACTUAL.txt
ncols         180
nrows         290
xllcorner     -200000
yllcorner     -200000
cellsize      5000
NODATA_value  -9999
[rows 204 to 237 of 290, columns 77 to 153 of 180]
39.06 38.14 38.71 49.30 56.47 42.99 41.31 44.07 36.19 36.66 38.72 40.75 44.48 46.74 38.46 33.75 24.27 23.20 22.65 14.47 13.32 13.60 13.34 6.61 10.60 11.22 15.50 13.74 15.62 11.45 10.43 8.71 6.93 6.91 7.11 6.68 6.09 7.96 6.14 5.92 5.70 4.63 4.99 4.88 5.35 4.53 3.89 3.45 3.43 3.21 2.78 2.29 1.95 2.15 2.06 1.86 1.81 1.70 2.26 2.83 2.55 3.73 4.14 1.54 1.92 2.19 2.40 1.43 1.71 1.76 1.81 1.51 1.66 2.19 1.20 1.74 1.44
31.22 35.31 32.20 35.49 33.67 37.78 37.61 37.86 33.30 31.05 37.72 33.52 32.34 33.49 33.24 33.07 33.45 30.37 34.81 40.80 28.31 27.04 31.10 28.47 23.39 18.81 14.22 17.04 14.05 11.80 7.79 9.66 8.15 8.70 7.08 7.77 7.10 6.27 5.69 5.62 5.75 5.26 4.95 5.36 5.42 3.74 4.34 4.09 3.61 2.62 2.61 2.06 1.76 1.71 1.81 1.68 1.40 1.21 1.85 2.32 2.36 2.58 1.58 0.95 1.11 1.78 1.64 1.44 0.07 1.63 0.05 2.06 1.91 2.33 2.19 1.78 2.51
33.99 29.42 29.19 33.47 32.27 33.49 35.22 33.30 28.77 27.95 32.15 31.78 32.42 32.28 39.09 34.36 38.03 40.15 44.57 55.02 58.02 42.25 44.08 50.83 30.08 26.17 22.68 12.92 10.54 12.66 8.15 10.46 8.43 9.73 8.90 9.66 7.52 6.11 5.70 5.45 5.43 5.49 6.21 6.33 5.75 4.38 4.23 4.71 4.31 3.36 2.32 1.88 1.92 1.94 1.69 1.59 1.39 1.14 1.95 2.32 2.28 1.99 1.32 0.84 1.10 2.03 1.73 1.47 1.13 1.59 1.46 1.14 2.38 2.29 1.86 1.60 1.51
30.29 30.43 27.34 30.36 33.46 35.24 36.72 31.76 28.88 29.10 29.92 31.21 35.31 30.61 35.06 33.61 34.76 39.13 47.75 38.77 40.07 38.45 37.13 31.80 30.47 23.89 24.11 20.73 17.61 14.30 12.48 11.46 10.19 8.98 10.95 10.60 8.73 6.38 6.17 6.34 7.33 6.34 5.40 5.10 4.16 3.96 3.68 3.98 3.56 3.05 2.25 2.05 1.89 1.86 1.81 1.76 1.76 1.82 1.98 1.77 2.09 2.29 1.43 0.75 1.21 3.19 1.53 1.40 1.44 1.75 1.71 2.20 4.49 2.02 0.98 0.96 0.97
30.11 28.92 28.03 28.65 26.18 31.77 29.18 26.34 25.43 26.01 28.85 32.59 31.30 34.75 30.95 38.31 36.86 46.82 61.16 45.99 33.07 36.94 31.04 26.28 27.43 23.07 22.92 20.68 23.23 16.75 16.16 11.29 10.69 10.89 10.02 11.49 8.64 5.79 5.54 5.71 5.85 6.39 4.98 4.33 4.72 3.71 3.49 3.53 3.05 2.62 2.12 1.66 2.03 1.76 2.13 2.35 1.97 1.84 1.68 0.50 1.48 2.62 1.80 1.05 1.42 2.01 2.29 0.01 1.58 2.11 1.75 2.08 1.83 1.76 0.01 0.58 0.58
27.91 27.05 27.78 28.95 27.75 29.26 -9999 -9999 -9999 -9999 23.66 30.25 30.11 27.33 25.97 28.26 31.11 35.60 43.64 42.32 53.87 55.26 42.62 34.81 33.49 33.93 25.56 22.54 19.05 18.75 16.66 12.36 12.43 10.86 10.39 6.90 5.36 4.87 5.22 6.63 5.35 5.72 5.61 5.39 4.81 3.20 2.70 3.37 2.80 2.35 2.09 1.84 1.93 1.66 1.81 2.39 2.66 2.02 1.89 1.51 2.24 2.20 1.92 1.48 1.53 1.50 1.54 1.66 1.83 2.24 1.81 1.71 1.56 1.86 0.44 0.55 1.09
26.25 26.40 26.76 25.33 28.54 26.07 -9999 -9999 -9999 -9999 -9999 -9999 -9999 24.40 25.52 25.90 25.65 27.01 34.94 47.10 54.28 58.64 51.38 46.67 35.84 33.14 24.26 25.51 26.36 19.80 14.54 11.52 11.69 11.66 8.26 6.48 5.30 5.48 6.22 6.03 5.55 5.35 5.09 5.89 4.67 3.10 2.94 3.37 2.54 1.78 1.44 1.64 1.78 1.61 1.68 1.77 2.37 1.71 1.99 2.22 3.02 2.40 2.04 1.44 1.29 1.19 1.44 2.31 2.00 2.03 2.09 2.03 1.38 1.98 1.74 1.97 2.08
-9999 -9999 23.89 -9999 -9999 -9999 -9999 -9999 -9999 -9999 -9999 18.76 22.43 25.26 24.72 23.83 22.84 22.72 27.95 38.43 47.14 52.59 47.69 42.50 35.84 35.15 31.34 28.91 20.48 16.74 10.85 3.81 7.85 9.70 7.95 6.95 4.31 6.38 6.77 5.81 4.87 5.23 5.19 5.14 4.53 3.67 3.17 2.61 1.93 1.12 0.96 1.31 1.54 1.70 1.54 1.76 1.36 2.40 2.01 2.13 2.16 2.18 1.97 1.41 0.92 0.91 1.06 2.21 2.55 2.46 2.32 1.93 1.88 1.95 2.04 2.04 2.20
-9999 -9999 -9999 -9999 -9999 -9999 -9999 -9999 -9999 -9999 -9999 17.85 21.21 22.52 18.76 14.95 -9999 -9999 22.26 33.21 33.24 40.36 39.28 40.25 35.54 34.60 32.28 28.44 18.53 15.51 14.66 11.26 9.33 8.57 7.21 5.41 3.13 5.21 6.34 5.18 4.85 5.33 5.70 5.66 4.84 3.68 3.21 2.49 1.31 1.04 1.26 1.08 1.12 1.45 1.44 1.33 1.40 2.89 0.69 1.10 1.84 2.29 2.36 2.77 2.21 2.10 2.13 2.48 3.87 2.73 2.58 2.24 2.41 2.57 2.56 2.13 2.03
-9999 -9999 -9999 -9999 -9999 -9999 -9999 -9999 -9999 -9999 -9999 -9999 -9999 -9999 -9999 -9999 -9999 -9999 19.36 22.28 27.35 31.19 33.16 32.96 27.32 27.84 25.21 22.18 17.13 14.14 13.82 11.66 -9999 8.76 5.94 5.85 5.66 6.46 6.74 5.65 6.02 5.45 5.89 5.62 5.72 3.73 3.50 3.11 1.73 1.24 0.95 1.06 0.61 1.25 1.56 1.39 1.34 1.33 0.36 1.03 2.14 2.56 3.00 4.33 3.28 2.91 2.51 2.81 2.85 2.28 2.39 2.67 3.86 3.33 2.90 2.57 1.97
-9999 -9999 -9999 -9999 -9999 -9999 -9999 -9999 -9999 -9999 -9999 -9999 -9999 -9999 -9999 -9999 -9999 -9999 -9999 20.92 22.22 23.91 25.30 23.98 22.24 20.45 21.78 19.91 -9999 -9999 -9999 -9999 11.30 9.25 7.34 6.46 6.04 7.28 7.35 5.89 5.55 5.72 6.75 7.16 5.51 5.86 4.13 3.87 3.15 1.48 1.64 1.70 1.74 1.10 1.42 1.07 1.18 1.23 1.27 2.74 3.58 3.07 3.36 4.15 3.62 3.00 2.44 2.79 3.69 2.55 2.18 2.81 3.39 3.06 2.82 2.45 2.11
-9999 -9999 -9999 -9999 -9999 -9999 -9999 -9999 -9999 -9999 -9999 -9999 -9999 -9999 -9999 -9999 -9999 -9999 -9999 -9999 20.71 21.16 20.50 19.12 20.20 21.73 22.69 -9999 -9999 -9999 -9999 12.09 12.44 11.29 8.02 8.62 7.20 8.31 7.18 6.17 6.05 5.58 5.94 6.10 6.24 6.38 4.68 3.71 3.12 2.23 1.77 1.29 0.73 0.73 1.04 0.62 0.93 0.98 1.31 3.96 6.40 3.58 3.72 5.84 4.60 3.11 2.62 2.88 2.86 2.64 2.13 2.84 3.06 3.71 4.77 3.22 2.52
-9999 -9999 -9999 -9999 -9999 -9999 -9999 -9999 -9999 -9999 -9999 -9999 -9999 -9999 -9999 -9999 -9999 -9999 -9999 -9999 -9999 16.36 15.74 14.82 16.07 19.30 20.97 -9999 -9999 -9999 19.61 12.86 11.74 11.42 11.00 8.19 7.02 7.74 5.81 6.36 6.16 5.10 5.96 7.32 7.36 6.97 5.65 4.03 3.22 2.57 1.86 1.13 0.16 0.46 0.61 0.73 0.79 1.10 1.58 2.40 3.72 3.08 2.38 1.46 2.02 3.34 2.93 3.39 2.65 2.58 2.52 2.79 3.17 3.19 6.19 4.27 2.91
-9999 -9999 -9999 -9999 -9999 -9999 -9999 -9999 -9999 -9999 -9999 -9999 -9999 -9999 -9999 -9999 -9999 -9999 -9999 -9999 -9999 -9999 -9999 -9999 -9999 -9999 -9999 -9999 -9999 27.30 20.87 16.51 15.86 15.51 12.02 8.95 6.17 7.32 6.39 6.40 4.89 3.99 4.83 6.46 6.89 8.37 5.82 4.85 3.90 3.21 2.68 1.53 0.54 0.10 0.41 0.76 0.67 0.91 1.55 2.37 2.31 2.72 1.43 1.90 2.09 2.79 3.85 4.69 3.66 2.42 3.04 3.55 3.29 2.84 3.65 3.05 2.15
-9999 -9999 -9999 -9999 -9999 -9999 -9999 -9999 -9999 -9999 -9999 -9999 -9999 -9999 -9999 -9999 -9999 -9999 -9999 -9999 -9999 -9999 -9999 -9999 -9999 -9999 -9999 -9999 -9999 17.24 20.48 24.25 27.48 20.91 15.38 13.32 11.12 9.15 5.39 4.62 4.56 4.53 4.39 4.11 4.08 5.74 5.88 5.38 4.88 3.35 2.57 2.10 1.07 0.52 0.46 0.46 0.14 0.63 1.23 1.29 1.10 1.84 1.79 1.09 1.82 2.72 3.15 5.40 4.30 3.37 3.06 5.21 3.63 1.76 3.33 2.29 1.33
-9999 -9999 -9999 -9999 -9999 -9999 -9999 -9999 -9999 -9999 -9999 -9999 -9999 -9999 -9999 -9999 -9999 -9999 -9999 -9999 -9999 -9999 -9999 -9999 -9999 -9999 -9999 -9999 -9999 17.09 16.35 25.87 29.55 23.40 21.20 18.02 14.59 10.30 7.46 5.44 4.70 4.87 3.94 3.56 3.92 4.37 4.18 4.03 3.73 2.92 2.04 1.80 1.05 0.61 0.24 0.19 0.11 0.76 0.90 1.05 0.91 1.62 2.12 1.83 2.42 3.14 3.55 4.28 4.82 2.55 1.94 4.04 3.91 1.97 3.34 3.53 2.03
-9999 -9999 -9999 -9999 -9999 -9999 -9999 -9999 -9999 -9999 -9999 -9999 10.96 11.19 8.82 12.95 13.95 11.49 12.27 16.49 8.46 11.34 7.57 -9999 -9999 -9999 -9999 -9999 -9999 13.64 12.42 11.43 12.62 17.79 16.76 17.91 14.19 11.40 7.82 5.66 5.48 4.60 3.41 1.91 2.63 3.25 3.28 3.36 3.01 2.58 2.63 1.85 1.16 0.63 0.66 0.62 0.68 0.80 0.76 0.93 1.03 1.46 2.06 1.93 2.85 2.88 2.80 3.90 4.11 2.54 2.70 3.29 4.00 3.83 3.33 4.74 2.05
-9999 -9999 -9999 -9999 -9999 -9999 -9999 -9999 -9999 -9999 -9999 -9999 14.12 11.14 12.09 12.42 15.96 19.27 18.50 18.94 15.27 10.96 9.13 6.80 5.36 4.65 4.92 5.69 5.70 6.91 6.60 9.04 9.60 11.06 11.23 12.64 12.74 11.85 8.05 7.33 6.13 3.59 2.98 3.46 3.09 2.98 2.72 2.99 3.17 2.68 2.34 1.44 1.39 1.09 0.80 0.68 0.66 0.56 0.52 0.31 0.54 1.14 2.11 3.20 4.06 3.07 3.76 6.12 4.85 4.61 3.41 3.91 4.38 5.06 3.88 3.48 2.13
-9999 -9999 -9999 -9999 -9999 -9999 -9999 -9999 -9999 -9999 -9999 14.15 16.69 11.59 9.93 9.55 13.14 18.98 19.36 21.98 20.06 15.18 12.62 8.20 8.12 6.71 7.61 5.57 5.25 5.59 5.84 6.51 9.24 9.05 10.65 10.44 10.73 11.94 12.09 8.59 6.80 4.44 3.60 3.66 2.94 3.11 2.71 2.73 2.81 2.81 2.02 1.81 1.36 0.92 0.75 0.61 0.40 0.43 0.56 0.18 0.60 1.04 2.19 3.70 3.55 2.90 3.24 5.40 5.19 4.78 5.73 4.87 4.08 4.11 3.89 2.16 0.60
-9999 -9999 -9999 -9999 -9999 -9999 -9999 -9999 -9999 -9999 -9999 -9999 10.25 9.20 7.12 9.36 10.77 12.32 13.81 17.29 17.62 12.00 13.07 12.26 10.23 7.32 5.97 6.73 5.83 4.67 4.47 4.74 7.01 8.46 7.33 6.96 8.73 10.11 9.29 8.11 7.37 6.96 4.96 4.33 4.22 3.64 3.18 2.65 2.30 1.81 1.96 1.47 1.18 1.06 0.73 0.43 0.23 0.32 0.36 0.58 0.90 0.64 1.32 2.20 2.60 1.97 3.46 3.31 4.88 5.88 6.63 6.26 4.82 4.01 2.97 2.06 0.75
-9999 -9999 -9999 -9999 -9999 -9999 -9999 -9999 18.86 -9999 -9999 14.98 13.73 5.81 7.32 7.25 6.74 9.27 9.95 12.00 11.03 13.70 12.84 13.52 10.80 8.18 6.62 5.96 5.66 3.89 3.20 3.49 4.90 5.18 5.06 5.95 8.48 8.70 8.14 7.02 8.02 6.37 6.32 5.52 4.46 3.78 2.82 2.39 2.17 1.72 2.16 1.90 1.52 1.38 0.98 0.49 0.36 0.45 0.46 0.62 0.73 0.59 1.58 2.15 2.12 1.43 2.47 3.34 4.19 5.53 6.32 5.43 4.08 4.27 2.68 2.38 0.16
-9999 -9999 -9999 -9999 -9999 -9999 -9999 18.29 18.71 27.37 23.25 18.84 17.84 13.65 8.46 5.39 7.07 7.13 9.71 10.40 11.95 12.59 13.21 12.44 10.65 8.46 7.07 6.96 5.66 4.68 3.66 2.67 3.85 2.79 3.59 5.18 6.53 7.13 7.95 7.54 10.59 7.53 5.90 6.52 5.77 4.16 3.40 2.57 2.07 1.84 1.98 1.91 1.68 1.50 1.10 0.96 0.53 0.29 0.31 0.53 0.52 0.73 3.59 2.28 2.20 2.34 2.94 3.35 4.09 4.81 5.17 4.90 4.59 6.27 4.85 2.52 0.81
-9999 -9999 -9999 -9999 -9999 -9999 -9999 17.29 14.84 25.85 29.23 26.33 20.11 16.30 9.83 8.93 7.46 9.61 9.57 9.83 12.77 16.22 14.16 14.30 12.35 13.61 12.16 9.12 7.03 5.00 3.27 3.29 4.17 4.23 4.10 4.20 4.53 6.34 6.44 5.92 7.25 5.93 5.06 6.00 6.18 3.92 3.46 2.73 2.18 1.53 1.18 1.99 2.49 1.20 1.30 1.07 0.91 0.67 0.41 0.70 0.80 1.19 1.08 1.81 2.86 2.72 3.04 3.36 3.56 4.52 5.05 5.86 5.52 8.22 6.63 3.11 1.47
-9999 -9999 -9999 -9999 -9999 -9999 -9999 19.69 21.27 24.71 27.50 24.58 23.61 18.18 14.00 11.07 9.65 7.39 10.43 11.66 12.78 16.09 13.13 13.93 13.33 17.10 13.72 11.06 11.28 8.28 6.29 4.50 4.88 5.28 4.31 2.25 2.66 5.22 5.74 4.60 3.91 5.02 4.04 4.43 4.35 3.67 3.19 2.71 2.45 2.14 0.86 1.49 1.47 1.29 1.34 0.84 1.05 1.12 0.56 0.49 0.44 1.04 1.19 1.75 3.18 2.88 2.64 3.05 4.47 4.54 6.97 5.72 5.75 5.63 3.81 4.08 0.19
-9999 -9999 -9999 -9999 -9999 -9999 -9999 15.79 20.06 18.95 21.58 20.37 22.01 16.55 10.42 11.70 9.97 5.98 9.26 10.62 10.06 11.92 14.88 14.89 15.34 24.16 17.57 14.60 14.19 11.46 11.18 7.17 5.80 5.55 4.96 4.33 4.10 4.50 3.94 4.00 2.60 3.14 3.31 3.71 4.44 3.56 2.56 2.58 1.87 1.52 1.60 1.72 1.35 1.26 1.04 0.85 0.93 1.05 0.33 0.04 0.58 0.80 0.79 0.85 1.82 2.24 2.05 2.36 5.89 5.62 7.61 5.70 5.33 7.79 5.63 1.23 0.42
-9999 -9999 -9999 -9999 -9999 -9999 -9999 15.03 16.90 16.14 20.68 22.78 26.55 23.68 15.25 11.50 10.72 8.29 7.32 7.20 7.32 8.86 11.69 13.07 16.81 19.66 16.45 16.35 12.66 10.50 11.46 9.78 7.62 8.82 6.38 6.94 6.02 4.46 3.02 3.48 3.12 2.50 2.83 3.59 3.96 3.65 3.64 2.60 1.37 0.80 2.17 1.66 1.20 1.01 0.94 0.86 0.95 0.64 0.37 0.48 0.83 0.54 0.67 0.91 1.46 1.92 1.91 -9999 -9999 4.75 5.43 5.29 5.99 6.69 5.75 1.62 -9999
-9999 -9999 -9999 -9999 -9999 -9999 16.79 15.26 16.61 15.05 20.18 23.11 29.16 26.64 20.44 17.18 13.75 9.09 5.97 6.49 5.92 6.27 9.44 11.47 12.95 12.65 13.72 14.78 12.60 13.50 12.78 8.48 7.66 8.79 9.21 7.69 6.94 4.34 4.02 3.43 2.87 2.23 1.43 3.34 4.12 4.62 3.86 2.30 1.61 1.32 1.48 1.28 1.17 -9999 -9999 0.86 1.06 0.75 0.41 0.36 0.63 0.31 -9999 -9999 -9999 -9999 -9999 -9999 -9999 -9999 -9999 -9999 5.00 5.47 5.18 1.72 -9999
-9999 -9999 -9999 -9999 -9999 21.31 20.22 19.28 19.08 17.59 19.51 20.38 27.22 25.50 23.13 23.49 16.39 11.97 9.25 9.76 6.42 6.45 7.61 9.81 10.52 12.31 12.81 14.12 13.96 15.49 10.47 8.31 8.70 8.72 10.22 11.74 8.61 7.19 4.86 2.97 2.44 2.17 1.79 2.21 4.01 5.82 3.98 1.54 1.42 0.79 -9999 1.08 1.00 0.88 0.71 0.64 -9999 -9999 -9999 -9999 0.05 -9999 -9999 -9999 -9999 -9999 -9999 -9999 -9999 -9999 -9999 -9999 -9999 -9999 -9999 -9999 -9999
-9999 -9999 -9999 -9999 20.20 22.26 24.32 23.28 19.09 16.99 16.06 17.91 18.59 28.65 29.81 23.73 17.47 13.38 12.31 11.42 9.94 7.63 6.21 9.68 8.31 11.60 9.92 10.00 -9999 -9999 -9999 -9999 -9999 8.03 10.64 13.20 12.40 7.81 5.22 3.38 2.42 1.95 1.29 2.06 -9999 -9999 -9999 -9999 -9999 2.23 1.88 0.81 0.48 0.82 1.64 0.63 -9999 -9999 -9999 -9999 -9999 -9999 -9999 -9999 -9999 -9999 -9999 -9999 -9999 -9999 -9999 -9999 -9999 -9999 -9999 -9999 -9999
-9999 -9999 -9999 15.35 17.94 23.49 25.56 25.33 21.07 18.78 17.03 19.70 26.57 40.92 38.45 30.04 21.19 17.80 11.04 9.40 9.37 10.46 9.78 10.37 8.03 -9999 -9999 -9999 -9999 -9999 -9999 -9999 -9999 -9999 8.23 10.74 9.37 9.23 6.40 4.14 2.94 3.57 2.33 1.63 -9999 -9999 -9999 -9999 -9999 -9999 -9999 0.70 0.49 0.40 0.69 -9999 -9999 -9999 -9999 -9999 -9999 -9999 -9999 -9999 -9999 -9999 -9999 -9999 -9999 -9999 -9999 -9999 -9999 -9999 -9999 -9999 -9999
16.87 15.65 15.59 16.99 18.52 21.63 26.00 32.51 26.00 24.40 23.68 25.08 30.88 38.49 42.95 36.95 22.99 14.73 12.83 9.92 10.38 10.77 8.36 -9999 -9999 -9999 -9999 -9999 -9999 -9999 -9999 -9999 -9999 -9999 -9999 -9999 7.01 -9999 -9999 -9999 -9999 2.48 1.57 1.31 -9999 -9999 -9999 -9999 -9999 -9999 -9999 -9999 0.53 0.50 0.60 -9999 -9999 -9999 -9999 -9999 -9999 -9999 -9999 -9999 -9999 -9999 -9999 -9999 -9999 -9999 -9999 -9999 -9999 -9999 -9999 -9999 -9999
19.37 18.78 18.21 19.61 20.89 21.90 25.29 27.06 30.37 30.44 29.49 27.35 24.96 33.22 44.53 35.81 24.00 12.13 14.20 9.49 9.92 8.07 -9999 -9999 -9999 -9999 -9999 -9999 -9999 -9999 -9999 -9999 -9999 -9999 -9999 -9999 5.51 -9999 -9999 -9999 -9999 -9999 -9999 -9999 -9999 -9999 -9999 -9999 -9999 -9999 -9999 -9999 -9999 -9999 -9999 -9999 -9999 -9999 -9999 -9999 -9999 -9999 -9999 -9999 -9999 -9999 -9999 -9999 -9999 -9999 -9999 -9999 -9999 -9999 -9999 -9999 -9999
22.16 24.33 22.28 20.96 22.50 21.72 22.22 24.07 23.38 26.48 31.12 25.58 24.97 32.01 43.31 42.47 37.59 23.68 17.37 14.36 11.45 9.83 -9999 -9999 -9999 -9999 -9999 -9999 -9999 -9999 -9999 -9999 -9999 -9999 -9999 -9999 -9999 -9999 -9999 -9999 -9999 -9999 -9999 -9999 -9999 -9999 -9999 -9999 -9999 -9999 -9999 -9999 -9999 -9999 -9999 -9999 -9999 -9999 -9999 -9999 -9999 -9999 -9999 -9999 -9999 -9999 -9999 -9999 -9999 -9999 -9999 -9999 -9999 -9999 -9999 -9999 -9999
19.99 23.46 24.99 22.27 23.77 24.02 27.00 27.10 23.31 23.85 22.57 26.91 29.57 31.23 40.56 58.94 44.70 30.29 20.28 15.18 13.24 7.60 -9999 -9999 -9999 -9999 -9999 -9999 -9999 -9999 -9999 -9999 -9999 -9999 -9999 -9999 -9999 -9999 -9999 -9999 -9999 -9999 -9999 -9999 -9999 -9999 -9999 -9999 -9999 -9999 -9999 -9999 -9999 -9999 -9999 -9999 -9999 -9999 -9999 -9999 -9999 -9999 -9999 -9999 -9999 -9999 -9999 -9999 -9999 -9999 -9999 -9999 -9999 -9999 -9999 -9999 -9999
