Rainfall_2007-2011/Rainfall_2010-12_ACTUAL.txt
ncols         180
nrows         290
xllcorner     -200000
yllcorner     -200000
cellsize      5000
NODATA_value  -9999
[rows 170 to 203 of 290, columns 77 to 153 of 180]
-9999 -9999 -9999 -9999 -9999 -9999 -9999 -9999 -9999 -9999 -9999 -9999 -9999 -9999 -9999 -9999 -9999 -9999 -9999 -9999 -9999 -9999 -9999 -9999 -9999 -9999 -9999 -9999 -9999 34.11 36.90 34.82 29.81 34.92 32.20 27.52 24.23 25.46 25.21 21.85 23.66 20.80 31.00 40.06 54.93 57.18 55.54 38.45 38.62 29.51 25.57 24.77 23.28 26.72 26.13 28.95 27.81 33.93 35.28 38.23 35.00 31.35 28.39 30.39 35.42 35.34 35.98 44.73 42.06 45.87 46.85 49.87 -9999 -9999 -9999 -9999 -9999
-9999 -9999 -9999 -9999 -9999 -9999 -9999 -9999 -9999 70.61 70.29 67.17 63.85 -9999 -9999 -9999 -9999 -9999 -9999 -9999 -9999 -9999 -9999 -9999 -9999 -9999 -9999 -9999 31.68 23.95 29.24 29.29 25.26 29.88 29.16 26.60 23.85 23.40 24.38 23.31 24.11 26.11 30.23 45.25 59.65 64.05 49.63 51.26 44.88 25.07 24.80 20.48 27.76 28.66 25.68 26.56 28.98 31.83 38.52 35.97 30.33 26.88 29.69 30.83 34.53 39.50 44.01 45.85 47.43 44.21 44.13 46.08 45.16 -9999 -9999 -9999 -9999
-9999 -9999 -9999 -9999 -9999 -9999 -9999 -9999 -9999 78.75 90.60 69.02 63.58 -9999 -9999 -9999 -9999 -9999 -9999 -9999 -9999 -9999 -9999 -9999 -9999 -9999 -9999 32.11 33.11 29.47 28.01 28.93 26.67 26.42 29.95 25.78 22.74 23.75 23.99 23.86 24.14 27.55 29.85 41.56 59.82 64.12 52.46 49.48 32.31 21.58 21.04 24.49 24.95 27.00 26.05 25.64 27.46 29.57 35.21 29.42 24.30 26.61 29.59 29.80 34.03 37.27 47.30 47.95 42.03 42.18 41.12 40.79 44.22 -9999 -9999 -9999 -9999
-9999 -9999 -9999 -9999 -9999 -9999 -9999 62.37 64.63 62.98 90.09 68.88 64.93 56.17 46.91 55.66 -9999 -9999 58.73 50.76 -9999 -9999 -9999 32.29 34.52 35.30 -9999 29.41 34.92 32.99 29.09 28.21 27.54 23.26 22.68 26.46 24.62 20.13 19.89 23.23 24.25 25.21 36.83 35.91 42.12 49.97 36.52 36.99 43.00 25.00 28.89 26.15 25.01 24.63 25.98 24.00 27.64 33.00 29.38 25.21 28.94 26.92 30.83 30.70 31.18 34.36 41.83 38.51 42.03 45.64 39.20 40.78 48.98 44.50 -9999 -9999 -9999
-9999 -9999 -9999 -9999 -9999 -9999 -9999 -9999 67.56 56.80 66.58 56.48 57.30 57.84 65.56 62.18 -9999 53.39 65.94 57.19 44.24 37.92 35.75 35.57 42.93 37.63 31.95 -9999 30.38 29.73 29.72 27.56 28.54 26.26 23.69 24.32 23.41 20.92 21.97 21.23 27.08 27.54 41.24 47.17 38.13 43.22 32.55 42.70 39.03 30.76 26.28 24.66 27.73 28.29 25.29 25.54 22.77 27.00 28.55 23.30 25.52 27.42 30.29 28.59 28.99 32.42 36.61 39.07 43.93 42.27 38.64 38.54 41.43 40.08 -9999 -9999 -9999
-9999 -9999 -9999 -9999 -9999 -9999 -9999 -9999 -9999 56.70 57.15 56.97 54.52 46.27 52.37 64.23 60.14 83.03 63.01 54.56 50.59 46.26 41.71 39.75 38.81 41.91 38.96 36.03 29.84 29.09 30.11 29.70 28.16 28.82 26.15 24.65 23.63 23.28 22.14 24.24 28.52 33.36 41.77 50.08 40.86 40.62 32.50 34.03 39.84 28.14 26.60 26.62 28.00 24.61 19.47 21.99 23.46 26.89 26.67 25.12 25.39 28.58 32.62 28.90 28.52 30.13 32.24 31.72 36.64 39.20 39.60 37.46 34.44 35.24 34.46 -9999 -9999
-9999 -9999 -9999 -9999 -9999 -9999 -9999 -9999 -9999 -9999 52.51 49.13 46.56 48.43 74.61 86.71 102.25 84.14 61.35 49.22 41.45 39.73 36.66 33.01 30.36 56.01 41.94 41.27 37.22 26.07 30.37 30.76 26.34 25.67 16.12 21.52 23.49 22.41 22.75 22.69 25.95 32.65 39.20 47.63 45.69 36.96 35.32 30.48 34.92 36.15 34.36 30.01 29.37 27.08 20.48 23.09 22.37 24.15 24.33 23.91 25.32 26.34 29.63 27.40 27.27 28.45 28.56 28.43 33.05 40.02 36.50 32.30 31.66 31.68 31.78 -9999 -9999
-9999 -9999 -9999 -9999 -9999 -9999 -9999 -9999 -9999 -9999 -9999 51.04 52.94 71.50 82.89 111.73 107.64 86.03 66.07 58.62 48.00 44.57 35.49 41.96 36.10 27.62 43.14 38.10 34.42 30.44 32.28 30.08 26.43 23.77 23.51 21.46 20.67 24.14 24.55 24.15 25.97 28.69 37.64 39.24 36.85 31.91 35.80 33.92 31.41 35.52 29.90 27.77 30.36 30.41 29.33 26.80 22.73 24.33 21.90 22.48 23.51 21.45 28.06 26.37 25.61 25.58 24.18 28.33 29.15 31.01 27.93 26.58 28.62 31.19 33.71 -9999 -9999
-9999 -9999 -9999 -9999 -9999 -9999 -9999 -9999 -9999 -9999 -9999 53.46 58.58 69.59 102.62 133.40 101.39 77.30 65.10 50.06 58.84 53.79 51.89 43.54 38.62 25.65 31.42 35.93 33.97 32.54 30.00 26.67 25.27 23.34 23.28 20.54 18.38 22.97 25.17 25.55 26.98 33.94 30.49 33.49 37.18 39.66 37.78 35.11 32.83 31.53 25.61 24.53 29.42 29.82 29.21 27.53 23.47 21.90 20.45 20.55 21.90 21.02 25.19 26.97 24.92 24.51 22.59 23.95 25.99 28.72 29.06 26.83 27.67 26.33 -9999 -9999 -9999
-9999 -9999 -9999 -9999 -9999 -9999 -9999 -9999 -9999 -9999 -9999 57.06 63.10 85.83 107.42 134.39 105.08 77.06 65.44 55.82 55.75 48.01 46.74 43.55 29.78 29.75 37.76 29.00 31.91 28.84 28.92 27.12 25.36 22.43 22.35 23.06 25.95 23.94 25.00 31.76 30.42 28.39 26.73 31.20 33.21 36.61 35.71 29.61 31.90 32.37 23.60 25.29 27.90 27.97 28.17 26.93 27.13 19.22 18.14 22.71 22.71 20.15 28.04 25.49 24.99 24.16 22.92 20.55 26.32 26.82 28.37 27.06 26.53 -9999 -9999 -9999 -9999
-9999 -9999 -9999 -9999 -9999 -9999 -9999 -9999 -9999 -9999 55.50 86.77 72.67 98.39 103.90 90.98 106.24 94.87 68.49 60.88 66.73 55.38 44.44 40.26 32.45 36.34 42.58 34.37 34.20 28.98 28.33 23.66 25.72 23.32 22.34 23.84 23.94 23.80 28.42 33.13 27.57 27.37 28.19 23.46 26.27 36.37 33.21 29.67 27.07 26.92 19.91 20.15 27.15 27.12 26.50 27.03 25.07 21.93 19.23 21.08 21.95 20.69 26.07 24.58 24.42 25.06 23.01 22.55 25.04 28.86 24.90 25.91 -9999 -9999 -9999 -9999 -9999
-9999 -9999 -9999 -9999 -9999 -9999 -9999 -9999 47.82 47.37 52.92 61.98 70.71 76.10 84.17 61.02 66.99 72.49 68.90 63.42 66.64 66.99 52.50 36.54 39.50 36.88 30.76 28.48 22.70 26.31 25.71 21.09 26.27 26.22 25.74 25.21 23.49 26.32 29.61 34.04 24.43 25.96 29.12 28.09 28.24 28.45 31.81 27.95 26.88 26.91 22.66 22.12 22.01 25.28 23.77 20.83 20.89 19.74 16.99 19.12 20.51 20.46 22.60 25.01 24.69 25.50 22.92 24.63 24.26 25.97 23.97 -9999 -9999 -9999 -9999 -9999 24.35
-9999 -9999 -9999 -9999 -9999 -9999 -9999 47.86 46.93 54.70 57.23 58.36 55.66 53.60 53.95 54.02 59.57 69.14 67.84 71.40 56.70 45.21 43.76 32.14 43.91 44.84 39.99 32.25 29.18 26.41 24.27 22.54 26.32 27.60 23.34 26.43 26.47 24.50 28.80 24.67 19.82 27.12 29.63 28.54 31.92 29.61 26.63 24.62 26.01 25.14 22.31 22.72 20.76 20.75 21.68 18.56 19.48 18.04 17.30 17.93 20.02 21.02 23.99 25.45 27.26 24.50 22.12 21.48 21.66 23.43 22.69 -9999 -9999 -9999 -9999 -9999 25.54
-9999 -9999 -9999 -9999 -9999 -9999 58.91 50.48 45.66 56.12 -9999 -9999 -9999 -9999 49.02 64.33 80.44 76.88 76.19 64.34 61.05 58.42 52.40 36.68 57.50 50.15 39.20 33.94 28.00 24.29 24.71 25.06 28.04 29.65 23.31 27.96 31.89 21.31 28.53 29.43 30.55 29.37 28.65 28.03 29.47 25.97 26.08 26.42 24.55 21.55 19.67 20.55 20.70 19.87 18.96 21.48 18.90 18.73 19.83 19.91 19.96 21.32 24.69 24.27 24.49 21.90 21.41 20.49 19.30 21.78 22.80 22.44 -9999 -9999 -9999 -9999 27.42
-9999 -9999 -9999 -9999 -9999 -9999 50.02 61.33 49.36 50.45 -9999 -9999 -9999 -9999 40.42 58.35 89.20 68.36 81.70 68.17 65.61 67.80 65.15 53.96 63.87 45.54 32.74 29.99 24.04 24.06 26.15 25.32 27.28 35.43 30.83 29.11 30.07 26.38 27.61 30.04 27.65 28.15 27.94 27.73 24.93 26.49 29.32 25.51 23.94 21.83 20.48 20.55 18.54 19.15 17.90 20.65 20.81 20.48 24.50 23.90 21.27 21.72 23.75 21.28 22.44 20.88 22.45 20.57 18.29 22.36 23.55 23.39 24.40 -9999 -9999 27.88 30.91
-9999 -9999 -9999 -9999 -9999 -9999 -9999 -9999 -9999 -9999 -9999 -9999 -9999 -9999 44.36 65.19 74.14 73.84 82.27 74.47 75.07 69.48 56.56 63.11 62.53 47.26 36.14 29.13 28.75 22.80 24.78 23.96 25.76 28.84 28.55 28.09 27.06 25.79 28.21 29.12 27.18 28.10 27.86 27.84 22.37 25.07 28.68 24.26 24.62 25.18 20.60 19.56 19.54 20.94 26.85 19.30 20.11 20.84 22.20 22.95 23.14 21.95 22.39 24.64 23.47 19.94 18.62 21.36 21.33 22.66 25.00 25.08 24.21 30.95 34.37 29.19 30.55
-9999 -9999 -9999 -9999 -9999 -9999 -9999 -9999 -9999 -9999 -9999 -9999 -9999 -9999 -9999 64.43 64.34 82.82 83.34 85.01 68.26 73.81 61.87 51.23 57.99 42.55 30.52 28.25 24.13 22.32 21.33 22.52 22.64 24.34 25.33 24.29 23.21 24.52 26.79 28.49 29.54 27.31 31.93 34.68 24.96 24.42 24.88 25.75 26.41 25.88 22.27 20.10 22.66 27.51 21.99 19.51 16.57 17.87 19.53 16.51 20.61 21.89 24.78 22.74 22.60 19.44 19.54 20.37 20.36 24.47 30.41 26.70 24.76 30.42 32.55 27.10 26.01
-9999 -9999 -9999 -9999 -9999 -9999 -9999 -9999 -9999 -9999 -9999 -9999 -9999 -9999 -9999 68.71 91.31 100.25 80.72 85.91 71.28 63.92 37.21 45.53 46.93 33.75 33.96 30.23 22.84 23.88 23.78 21.78 21.14 22.39 23.00 24.80 20.28 27.99 30.40 30.07 30.84 26.47 30.44 32.70 27.24 26.66 23.76 24.04 25.35 26.66 22.54 19.45 22.78 22.92 21.07 18.88 18.24 21.16 20.99 17.81 20.36 20.98 22.59 23.00 22.32 20.12 19.87 21.00 23.86 26.44 27.66 26.18 22.40 21.91 24.92 24.42 23.63
-9999 -9999 -9999 -9999 -9999 -9999 -9999 -9999 -9999 -9999 -9999 -9999 -9999 -9999 57.72 64.02 84.50 102.94 90.33 83.59 80.97 75.52 62.62 56.54 45.76 36.77 34.38 24.39 32.72 24.78 23.89 23.58 23.17 24.61 23.52 28.52 28.22 29.68 30.14 28.85 27.22 26.26 29.86 32.92 28.58 24.69 23.35 22.93 24.25 26.46 22.54 18.80 17.26 21.80 18.01 19.28 19.41 17.33 21.19 23.42 22.97 21.08 20.86 21.09 19.64 21.45 22.08 20.79 21.41 22.51 24.78 23.76 21.66 19.96 21.51 21.62 23.64
-9999 -9999 -9999 -9999 -9999 -9999 -9999 -9999 -9999 -9999 -9999 -9999 -9999 -9999 55.83 63.83 91.34 92.66 83.95 86.57 81.23 73.43 66.04 53.92 45.31 38.67 34.02 27.79 27.25 23.89 23.46 24.99 18.43 21.35 22.71 25.44 28.47 30.56 30.40 28.65 29.82 21.57 32.82 33.00 31.79 27.69 25.52 23.60 21.38 22.15 21.44 21.97 19.94 20.30 17.87 19.34 19.59 21.19 19.01 22.34 21.79 19.89 21.02 19.28 18.18 23.12 22.34 20.99 19.56 22.56 21.80 21.63 21.84 20.73 20.32 23.80 22.41
-9999 -9999 -9999 -9999 -9999 -9999 -9999 -9999 -9999 -9999 -9999 -9999 -9999 -9999 51.40 67.99 63.42 78.87 75.41 84.29 78.78 71.74 60.19 56.84 60.93 44.10 30.37 31.84 35.36 25.36 26.69 31.14 24.79 26.37 25.47 26.26 29.04 27.03 26.56 25.26 25.48 26.19 32.68 31.32 31.11 30.49 28.46 22.84 21.04 17.78 20.16 20.08 18.11 16.40 16.54 20.48 21.37 19.98 14.79 15.35 16.75 18.45 20.31 21.47 17.67 18.40 20.22 20.87 19.32 24.13 22.89 21.94 21.85 21.31 20.82 23.53 22.36
-9999 -9999 -9999 -9999 -9999 -9999 -9999 -9999 -9999 -9999 -9999 -9999 -9999 -9999 -9999 54.21 67.25 80.31 87.98 94.41 68.09 58.98 46.43 36.38 39.10 42.63 29.03 30.81 24.93 26.62 22.53 27.79 25.92 24.27 20.69 25.77 29.18 23.45 23.91 24.31 24.45 28.60 29.18 26.66 25.01 25.40 23.22 20.90 22.51 20.27 18.22 17.06 17.76 16.58 18.04 20.73 20.51 18.10 14.65 15.66 14.97 16.07 18.73 19.12 20.99 18.42 20.47 21.37 21.65 25.32 25.02 23.28 21.42 22.72 21.32 22.18 21.30
-9999 -9999 -9999 -9999 -9999 -9999 -9999 -9999 -9999 -9999 -9999 -9999 -9999 -9999 -9999 65.34 59.82 78.75 96.70 101.07 69.22 55.24 43.76 31.40 37.37 49.72 41.02 33.09 29.42 18.38 22.25 27.20 24.20 25.34 26.58 24.63 27.04 22.00 22.42 26.00 26.10 27.84 27.96 23.04 24.90 24.44 21.26 18.44 22.04 21.07 19.15 18.94 20.11 19.94 20.15 20.41 18.46 17.02 13.43 16.24 15.21 15.39 16.66 18.69 18.50 17.09 19.16 20.78 20.88 24.16 23.96 23.80 24.17 21.55 21.99 22.05 21.26
-9999 -9999 -9999 -9999 -9999 -9999 -9999 -9999 -9999 -9999 -9999 -9999 -9999 -9999 45.72 60.66 63.08 80.86 95.73 87.47 68.50 51.65 49.16 53.05 47.24 47.46 45.62 36.30 29.93 29.36 32.04 26.57 26.67 29.04 27.47 27.57 26.65 23.30 25.76 26.62 30.74 32.28 27.96 23.17 21.50 26.84 26.11 20.61 21.93 20.47 20.31 19.95 21.54 19.36 20.81 20.30 18.60 16.61 17.14 16.78 16.99 15.95 16.50 15.56 17.68 16.92 19.17 20.80 20.31 21.39 23.08 22.44 21.59 21.24 21.91 22.31 19.88
-9999 -9999 -9999 -9999 -9999 -9999 -9999 -9999 -9999 -9999 -9999 -9999 -9999 -9999 52.54 60.86 59.32 61.61 84.95 90.45 72.36 58.50 46.69 42.19 49.40 48.28 49.71 41.59 38.15 33.72 28.69 33.40 30.13 29.52 25.38 33.55 24.67 24.83 24.96 29.37 29.87 30.39 37.72 28.15 27.34 30.86 29.06 23.81 21.66 19.64 18.64 17.84 16.88 18.23 19.43 20.01 19.01 19.75 20.65 21.36 20.20 17.25 18.38 15.43 16.59 17.47 19.48 20.34 19.38 21.23 21.30 21.14 22.07 23.49 21.14 20.10 19.09
-9999 -9999 -9999 -9999 -9999 -9999 -9999 -9999 -9999 -9999 -9999 -9999 -9999 -9999 50.01 54.87 56.84 65.14 81.23 85.51 80.19 65.48 48.32 44.97 48.09 44.45 44.28 49.32 30.00 32.42 34.86 30.45 35.49 28.59 27.38 24.07 24.46 24.84 26.08 28.01 28.54 29.03 29.65 25.92 28.22 30.21 28.81 25.70 21.49 17.42 18.02 17.07 18.04 15.32 20.24 19.62 18.50 19.04 19.57 20.89 24.40 20.59 16.55 15.78 15.49 13.83 13.64 15.60 17.67 17.74 20.33 20.49 21.31 23.02 20.20 17.04 18.18
-9999 -9999 -9999 -9999 -9999 -9999 -9999 -9999 -9999 -9999 -9999 -9999 -9999 48.51 53.71 59.90 55.44 47.20 65.80 69.77 72.73 53.67 51.58 43.24 47.61 46.53 50.66 40.84 28.12 34.84 35.10 33.69 30.23 25.25 26.55 26.78 28.14 24.78 26.69 30.62 28.12 29.34 31.79 27.82 27.66 30.66 29.24 26.54 23.05 20.00 18.91 17.87 18.54 19.93 21.83 20.42 17.99 19.39 19.75 21.73 20.16 16.65 16.13 15.04 13.71 14.51 12.45 15.03 19.17 19.07 18.19 19.69 21.05 20.82 19.65 18.17 18.68
-9999 -9999 -9999 -9999 -9999 -9999 -9999 -9999 -9999 -9999 -9999 -9999 48.45 55.41 61.15 60.05 51.52 58.58 68.93 72.41 60.41 59.95 53.19 57.41 52.74 40.99 55.39 40.67 35.31 34.72 33.78 30.25 28.20 25.32 29.27 28.60 27.92 28.15 35.97 31.08 20.69 24.56 30.37 32.65 31.97 28.41 27.24 25.66 23.33 23.16 22.24 22.86 21.37 20.50 19.05 20.47 21.75 21.70 22.30 19.61 18.21 18.39 21.29 15.94 15.09 16.43 15.93 14.04 19.35 19.49 19.77 20.12 21.52 18.67 20.07 20.06 23.65
-9999 -9999 -9999 -9999 -9999 -9999 -9999 -9999 -9999 -9999 44.91 45.13 47.98 55.18 56.71 61.80 56.83 63.17 74.08 77.85 72.33 63.97 60.05 49.63 51.52 40.66 53.52 43.18 36.51 36.83 30.97 29.28 24.63 24.44 28.68 24.35 25.24 26.77 31.57 29.72 14.54 22.75 25.27 30.07 29.34 25.57 25.05 21.99 20.26 22.85 27.38 27.87 24.83 23.68 20.21 22.56 22.28 23.07 26.28 22.73 21.33 18.66 19.23 17.27 16.77 18.37 16.61 17.49 17.69 22.34 24.34 22.80 23.24 19.19 21.15 22.84 24.86
-9999 -9999 -9999 -9999 -9999 -9999 27.98 20.08 23.13 42.31 47.82 50.82 56.15 52.73 49.17 45.78 59.70 65.10 78.64 71.45 64.69 59.70 59.74 53.68 52.15 41.77 52.09 45.52 36.17 30.24 28.70 26.49 30.08 23.92 28.52 26.52 24.27 23.72 24.71 24.53 22.58 22.56 24.77 25.40 22.60 23.03 20.71 26.54 24.59 26.15 26.49 27.52 23.46 24.35 20.95 25.92 25.42 24.53 27.44 27.18 23.49 23.10 22.53 19.42 18.93 22.30 23.59 24.22 20.48 22.93 22.64 21.70 22.08 22.19 30.09 25.11 26.58
-9999 -9999 -9999 -9999 -9999 34.59 33.56 34.22 34.86 43.93 47.08 48.42 57.41 59.81 35.78 43.39 55.62 66.38 59.57 61.68 43.14 43.10 65.52 55.02 43.13 48.61 38.03 35.14 26.07 24.01 23.46 27.01 26.76 25.68 23.24 24.64 25.94 26.22 29.26 30.28 27.71 22.09 22.95 24.13 24.94 23.85 24.27 30.96 30.65 28.79 33.20 27.95 21.85 24.85 26.08 27.50 24.53 21.46 31.55 34.93 26.07 24.12 20.02 19.20 19.23 22.71 25.29 25.82 23.55 20.95 19.99 19.65 21.60 25.30 25.32 29.09 32.19
-9999 -9999 -9999 -9999 30.71 33.37 35.83 38.67 42.52 48.68 45.97 50.71 50.68 50.55 57.82 49.69 54.45 64.58 51.78 53.31 50.46 49.38 59.11 56.77 44.98 33.84 28.49 24.56 32.91 28.42 21.83 26.77 24.40 22.34 23.51 24.74 22.01 25.23 27.52 28.14 25.54 19.17 19.92 26.52 27.06 28.89 38.00 28.93 26.15 30.62 31.28 35.01 35.64 31.41 32.67 36.98 33.94 31.03 30.73 30.02 27.31 26.55 27.45 22.72 25.79 26.48 26.16 24.22 23.76 23.43 22.77 23.09 23.82 24.10 25.00 28.92 26.36
40.66 45.51 44.50 52.67 45.13 45.75 50.93 48.75 47.28 49.32 44.77 55.00 58.36 46.23 64.93 56.43 56.09 54.92 51.63 50.54 50.85 52.20 49.92 46.30 41.93 31.26 22.11 28.17 32.89 25.56 24.89 27.14 25.38 21.05 21.08 26.66 15.79 18.09 21.12 21.78 21.57 20.52 26.73 25.74 26.68 37.46 38.55 31.88 30.00 31.78 33.58 34.98 36.31 38.64 40.32 36.28 34.94 31.26 31.56 28.12 27.47 28.97 28.36 28.80 23.17 28.70 25.11 20.59 23.60 27.28 25.19 26.56 26.52 27.22 29.73 23.60 28.30
61.23 59.29 55.33 58.63 72.42 69.69 63.28 53.81 55.44 55.42 53.98 55.97 58.81 58.08 57.05 57.18 48.19 45.03 43.07 47.84 50.49 51.05 45.73 41.62 33.69 34.61 34.64 48.42 36.05 26.33 21.68 27.10 27.26 27.19 22.15 20.40 18.22 18.08 20.28 19.95 20.98 22.22 36.18 28.58 37.22 33.57 38.28 31.68 28.89 36.99 37.30 40.12 39.43 40.43 43.59 40.81 34.08 30.61 29.64 26.57 25.93 33.16 29.70 24.86 25.23 23.18 21.58 21.40 28.38 25.79 22.97 27.62 26.05 28.28 30.57 29.12 31.01
