Rainfall_2007-2011/Rainfall_2010-10_ACTUAL.txt
ncols         180
nrows         290
xllcorner     -200000
yllcorner     -200000
cellsize      5000
NODATA_value  -9999
[rows 170 to 203 of 290, columns 76 to 151 of 180]
-9999 -9999 -9999 -9999 -9999 -9999 -9999 -9999 -9999 -9999 -9999 -9999 -9999 -9999 -9999 -9999 -9999 -9999 -9999 -9999 -9999 -9999 -9999 -9999 -9999 -9999 -9999 -9999 -9999 -9999 69.87 70.87 67.88 70.48 68.50 70.12 69.94 63.61 73.08 74.06 82.27 82.85 90.17 96.37 95.87 126.76 124.53 106.47 83.75 67.53 59.83 56.81 57.96 52.47 58.55 55.52 57.57 51.82 48.18 51.25 56.64 53.46 49.91 45.49 45.95 44.09 39.73 50.38 57.64 47.29 37.41 39.93 43.46 -9999 -9999 -9999
-9999 -9999 -9999 -9999 -9999 -9999 -9999 -9999 -9999 -9999 81.20 85.64 89.56 99.63 -9999 -9999 -9999 -9999 -9999 -9999 -9999 -9999 -9999 -9999 -9999 -9999 -9999 -9999 -9999 61.96 60.06 69.15 70.40 69.44 73.33 71.58 76.19 71.35 74.95 82.13 82.97 83.61 92.05 97.05 114.33 112.78 125.67 94.24 102.43 84.95 55.92 60.36 43.65 65.53 61.70 53.77 52.61 51.89 47.12 43.91 45.88 49.17 48.13 49.07 47.39 50.96 59.54 62.51 57.46 55.88 41.91 40.88 45.52 45.68 -9999 -9999
-9999 -9999 -9999 -9999 -9999 -9999 -9999 -9999 -9999 -9999 94.83 103.07 97.60 107.87 -9999 -9999 -9999 -9999 -9999 -9999 -9999 -9999 -9999 -9999 -9999 -9999 -9999 -9999 63.22 68.24 69.78 68.20 72.22 67.23 70.65 60.95 63.76 75.30 80.88 80.27 85.21 83.40 91.87 84.25 93.08 123.52 143.15 113.28 102.86 86.42 73.54 59.32 58.98 64.98 62.60 56.20 52.04 62.05 49.17 48.88 46.51 46.06 46.40 49.45 47.09 52.88 64.00 68.15 59.29 51.43 42.97 39.95 39.55 44.25 -9999 -9999
-9999 -9999 -9999 -9999 -9999 -9999 -9999 -9999 66.46 79.29 82.46 106.32 103.87 112.49 102.32 68.80 76.54 -9999 -9999 62.09 59.53 -9999 -9999 -9999 77.48 87.80 85.62 -9999 63.95 70.92 76.26 71.66 70.98 72.61 71.71 68.50 78.87 84.15 91.55 80.66 78.11 89.73 86.18 104.25 86.79 103.75 119.61 78.10 84.09 91.30 62.38 72.10 62.72 65.38 65.60 58.91 55.27 54.65 49.51 48.91 42.77 49.53 44.97 52.26 50.08 49.42 51.30 58.48 54.42 52.91 52.60 42.97 39.59 43.44 46.49 -9999
-9999 -9999 -9999 -9999 -9999 -9999 -9999 -9999 -9999 81.92 93.23 101.37 104.88 129.98 100.44 92.22 79.71 -9999 60.71 68.95 75.06 68.93 97.12 84.09 81.10 99.75 86.45 71.52 -9999 64.53 69.26 69.89 71.88 78.81 83.59 74.74 85.68 90.73 92.63 83.26 79.94 101.75 94.30 105.92 106.09 116.45 103.96 72.07 87.86 70.59 63.57 58.23 57.52 68.23 69.40 58.90 60.51 52.93 53.66 51.99 46.17 48.88 47.63 54.05 49.96 47.77 49.68 52.49 53.00 53.35 57.50 50.25 46.06 44.14 47.13 -9999
-9999 -9999 -9999 -9999 -9999 -9999 -9999 -9999 -9999 -9999 91.10 90.47 98.45 106.03 93.75 90.00 91.06 76.20 123.62 94.14 97.66 100.39 113.62 96.54 101.72 77.82 98.90 81.72 70.97 62.11 60.97 71.66 75.01 81.74 87.18 84.28 89.98 92.67 101.35 86.17 93.97 97.66 104.80 112.51 119.08 111.50 98.89 83.53 74.90 68.14 63.70 60.97 61.60 65.45 67.03 68.28 65.06 55.24 54.86 46.55 45.85 47.40 51.18 50.86 47.31 47.01 49.09 48.64 43.96 48.47 55.28 52.76 52.07 46.58 47.77 51.97
-9999 -9999 -9999 -9999 -9999 -9999 -9999 -9999 -9999 -9999 -9999 85.05 85.41 86.03 99.33 110.16 127.94 169.51 170.76 132.63 114.47 97.63 102.55 94.14 91.92 78.91 110.55 83.41 80.67 67.94 67.99 68.01 69.93 74.35 82.19 104.31 83.59 87.32 81.08 84.18 89.51 84.15 101.65 112.44 117.69 110.35 106.24 103.26 73.59 73.14 76.54 81.84 72.18 72.36 73.06 67.39 63.43 51.93 56.48 51.87 45.57 46.44 42.04 50.92 47.62 47.36 43.93 46.53 46.18 46.29 55.71 45.80 44.59 46.49 47.00 47.46
-9999 -9999 -9999 -9999 -9999 -9999 -9999 -9999 -9999 -9999 -9999 -9999 98.77 107.43 145.01 171.49 194.83 222.30 231.05 166.97 142.65 109.89 116.33 90.73 106.10 94.44 77.39 104.59 85.16 74.42 76.81 69.21 71.25 70.70 77.97 84.44 79.32 75.43 77.93 81.94 79.09 81.86 96.87 118.53 115.99 102.22 89.10 100.00 91.16 74.26 83.68 84.18 82.95 81.11 75.21 69.70 57.49 51.30 60.21 54.31 48.18 45.03 47.28 50.20 48.01 45.07 42.62 42.94 44.78 45.76 45.97 38.92 45.34 47.38 47.84 46.57
-9999 -9999 -9999 -9999 -9999 -9999 -9999 -9999 -9999 -9999 -9999 -9999 112.47 120.99 158.03 214.48 291.24 268.16 283.20 148.84 122.39 143.79 131.64 124.83 102.36 94.82 71.94 89.54 92.19 79.00 73.48 61.96 72.97 68.58 73.17 82.19 87.03 73.30 79.45 84.72 80.38 88.68 101.57 108.27 91.51 106.89 114.63 104.14 90.05 86.62 82.87 83.51 89.56 82.25 72.76 61.75 57.37 52.35 54.20 48.01 43.88 45.86 45.79 47.13 49.52 45.65 43.06 40.34 41.61 40.63 42.56 39.89 42.68 49.52 51.76 -9999
-9999 -9999 -9999 -9999 -9999 -9999 -9999 -9999 -9999 -9999 -9999 -9999 140.20 170.20 209.08 242.53 317.65 255.47 204.51 156.94 118.11 138.27 116.36 104.44 108.48 86.93 78.42 101.21 96.84 85.27 70.26 71.51 67.59 62.53 71.01 73.09 92.48 89.20 80.74 82.83 91.02 89.53 90.32 104.83 104.19 108.25 112.64 102.58 74.67 85.08 78.80 74.22 79.17 75.03 70.67 65.21 56.97 59.14 48.52 49.66 44.86 45.30 45.12 54.87 49.13 48.84 43.27 38.18 31.57 36.42 39.55 39.17 44.81 45.48 -9999 -9999
-9999 -9999 -9999 -9999 -9999 -9999 -9999 -9999 -9999 -9999 -9999 151.11 214.87 189.83 227.89 247.21 207.67 226.39 204.94 172.14 167.24 170.00 128.58 104.61 89.64 83.84 94.61 110.73 98.40 92.04 75.78 76.12 59.49 70.12 71.70 70.63 81.19 81.62 77.73 84.32 85.11 83.43 87.12 86.74 68.80 112.26 110.21 87.06 80.14 78.46 78.26 84.54 70.98 60.72 67.71 66.27 59.18 57.78 54.67 51.82 50.04 49.30 45.28 51.03 45.91 45.38 44.84 39.05 35.41 37.08 39.84 46.12 47.66 -9999 -9999 -9999
-9999 -9999 -9999 -9999 -9999 -9999 -9999 -9999 -9999 123.44 124.00 144.75 165.78 162.10 170.71 192.88 145.10 155.22 144.17 176.16 178.79 167.11 136.49 125.63 98.29 101.23 91.35 77.67 79.80 70.15 73.45 68.67 63.80 77.43 79.88 79.03 81.67 84.01 89.21 85.54 89.04 93.81 85.32 79.79 80.63 86.90 80.22 86.06 72.54 64.01 72.06 78.14 69.70 62.12 66.05 56.08 51.82 49.78 49.92 53.88 50.75 49.32 48.06 53.61 51.47 49.19 48.79 37.59 36.50 36.29 38.77 42.14 -9999 -9999 -9999 -9999
-9999 -9999 -9999 -9999 -9999 -9999 -9999 -9999 113.04 121.55 132.09 136.21 140.52 110.57 142.98 123.90 122.69 150.09 158.71 167.81 210.04 146.67 97.21 103.49 95.79 125.04 124.56 107.77 86.58 84.04 76.96 67.16 69.02 77.38 83.31 80.04 81.26 83.73 81.95 89.52 88.29 85.47 90.22 76.71 75.49 85.24 79.62 71.89 65.95 60.15 65.53 67.73 67.15 68.15 58.28 50.45 46.40 49.87 43.50 45.61 49.82 48.51 53.73 61.02 56.01 55.83 48.85 40.34 33.65 35.44 40.24 41.47 -9999 -9999 -9999 -9999
-9999 -9999 -9999 -9999 -9999 -9999 -9999 135.88 112.30 98.85 130.19 -9999 -9999 -9999 -9999 93.67 134.53 178.41 173.72 169.63 152.51 138.65 133.74 140.37 122.59 167.29 142.59 108.31 83.82 85.98 72.72 71.25 73.87 76.87 78.79 76.64 78.70 88.96 66.84 87.11 85.62 73.12 78.19 77.53 75.07 78.39 71.06 69.03 73.94 64.09 59.13 54.41 56.66 57.43 55.81 54.62 50.95 46.81 43.84 49.10 55.24 52.07 50.85 60.59 53.63 50.50 50.07 45.20 43.26 43.40 43.63 44.97 49.01 -9999 -9999 -9999
-9999 -9999 -9999 -9999 -9999 -9999 -9999 96.56 136.77 119.22 121.27 -9999 -9999 -9999 -9999 73.88 117.36 191.14 154.62 175.83 162.03 157.88 186.23 187.99 131.58 163.54 122.24 97.84 87.84 77.44 74.22 71.22 68.88 77.36 82.58 78.27 73.83 72.62 66.19 74.80 77.13 68.75 70.50 68.80 69.01 68.20 71.87 79.94 73.54 66.36 58.09 59.26 57.86 49.85 53.09 55.29 55.35 58.10 52.32 64.06 60.73 57.04 52.52 55.13 43.73 47.40 47.18 47.40 46.24 43.90 45.36 48.00 50.24 49.77 -9999 -9999
-9999 -9999 -9999 -9999 -9999 -9999 -9999 -9999 -9999 -9999 -9999 -9999 -9999 -9999 -9999 83.28 139.50 151.18 135.28 155.71 151.28 199.93 211.14 162.28 153.24 142.98 119.74 96.53 81.57 78.37 67.60 68.17 129.44 72.70 69.68 67.37 63.07 52.09 54.55 62.43 58.64 64.03 69.62 67.61 66.88 58.46 64.08 76.17 72.90 70.23 72.06 62.16 54.33 51.97 53.44 44.47 59.97 62.41 58.74 58.98 60.22 59.10 48.05 53.63 52.82 47.85 48.24 50.05 49.85 42.83 43.61 46.82 51.30 51.11 45.13 53.16
-9999 -9999 -9999 -9999 -9999 -9999 -9999 -9999 -9999 -9999 -9999 -9999 -9999 -9999 -9999 -9999 158.60 123.63 136.39 160.01 194.17 202.06 203.88 182.36 141.99 104.14 103.54 76.30 67.28 55.83 52.49 51.08 54.70 60.63 61.77 60.35 56.77 51.44 51.55 56.55 58.65 65.53 69.44 74.49 77.19 57.61 56.86 68.82 69.95 74.54 72.67 64.89 57.62 63.60 69.67 57.03 59.80 54.62 53.39 58.94 57.53 58.45 55.52 54.24 48.28 46.95 52.21 49.23 47.72 43.16 48.05 49.74 56.67 53.34 50.88 51.73
-9999 -9999 -9999 -9999 -9999 -9999 -9999 -9999 -9999 -9999 -9999 -9999 -9999 -9999 -9999 -9999 130.21 182.43 221.55 212.93 197.02 181.60 159.99 143.28 118.99 90.70 75.20 82.46 61.08 50.71 54.13 57.63 61.22 59.67 58.19 56.02 60.76 58.00 63.75 57.63 61.18 64.79 69.08 70.54 73.05 57.54 48.26 59.77 62.21 71.17 74.37 66.86 61.02 78.13 71.84 63.17 62.85 59.31 60.18 63.03 67.18 59.18 55.90 50.40 47.25 45.58 37.16 43.61 45.11 45.74 47.38 51.87 47.33 53.13 51.03 52.52
-9999 -9999 -9999 -9999 -9999 -9999 -9999 -9999 -9999 -9999 -9999 -9999 -9999 -9999 -9999 127.18 143.60 182.37 211.09 202.41 146.87 144.57 116.54 122.50 119.19 89.38 72.76 78.99 59.15 78.23 58.97 55.64 60.12 63.28 54.24 61.20 71.36 67.61 69.29 61.14 59.74 65.50 65.08 67.52 63.73 58.24 55.40 57.71 59.37 59.42 60.02 58.61 51.56 60.17 68.30 65.03 61.66 64.58 67.56 64.75 63.80 57.98 54.27 46.62 45.68 47.66 42.29 41.53 43.11 46.74 56.30 47.79 49.84 50.46 54.41 50.92
-9999 -9999 -9999 -9999 -9999 -9999 -9999 -9999 -9999 -9999 -9999 -9999 -9999 -9999 -9999 111.71 129.43 172.73 157.10 146.94 100.38 105.80 120.05 123.39 98.57 82.53 73.70 70.95 54.90 58.54 55.40 56.30 66.63 71.97 66.29 63.26 60.88 58.57 62.49 61.65 65.94 67.90 69.07 72.72 60.37 60.22 63.51 61.17 59.56 55.88 57.46 47.34 46.69 59.96 64.22 67.45 60.64 63.85 71.56 57.40 62.50 59.03 52.53 49.86 47.39 42.60 44.73 42.03 41.66 44.58 47.38 43.31 48.01 50.60 51.86 56.29
-9999 -9999 -9999 -9999 -9999 -9999 -9999 -9999 -9999 -9999 -9999 -9999 -9999 -9999 -9999 88.99 119.75 109.65 120.27 120.08 109.86 110.34 125.41 107.96 103.91 80.38 68.34 59.89 60.43 66.40 60.25 62.61 93.52 73.11 77.00 71.23 63.08 61.27 56.33 59.47 63.29 65.74 69.75 67.93 67.35 71.24 63.61 63.72 59.72 64.97 60.13 53.09 51.78 48.70 47.81 46.57 58.08 60.70 60.27 47.77 47.56 47.91 50.49 51.56 51.79 41.08 38.61 40.86 41.08 43.70 45.86 45.48 47.58 49.48 52.11 55.65
-9999 -9999 -9999 -9999 -9999 -9999 -9999 -9999 -9999 -9999 -9999 -9999 -9999 -9999 -9999 -9999 133.51 130.19 135.68 143.50 151.52 119.77 108.89 90.86 72.69 66.76 63.64 59.33 55.19 51.32 62.57 67.01 96.49 78.99 66.60 54.87 66.43 71.62 53.70 63.96 66.07 67.70 72.91 66.85 63.90 62.44 65.45 62.45 63.48 67.63 63.37 53.73 55.19 51.56 45.69 51.53 60.05 55.64 51.81 43.41 48.51 48.37 51.10 52.30 46.67 44.82 41.08 42.95 42.20 43.83 41.57 44.94 48.99 45.72 49.75 55.48
-9999 -9999 -9999 -9999 -9999 -9999 -9999 -9999 -9999 -9999 -9999 -9999 -9999 -9999 -9999 -9999 109.49 123.85 127.69 137.59 180.25 132.45 102.54 85.06 72.80 75.32 83.95 79.13 80.85 68.74 60.86 66.90 86.46 80.82 77.53 79.15 65.32 59.60 58.80 63.99 71.95 68.32 68.16 73.72 66.59 62.47 63.07 68.04 94.37 67.58 59.61 54.53 56.16 57.71 55.23 55.65 55.23 49.24 49.12 50.44 53.38 58.62 54.86 54.75 47.55 42.59 41.39 40.13 41.41 43.42 37.32 48.42 49.95 55.84 53.06 60.28
-9999 -9999 -9999 -9999 -9999 -9999 -9999 -9999 -9999 -9999 -9999 -9999 -9999 -9999 -9999 82.83 92.12 106.42 121.31 135.12 150.47 128.19 94.60 95.11 111.60 91.04 78.77 80.44 64.12 68.21 72.88 82.64 74.73 80.54 84.85 75.25 72.88 71.96 57.80 65.76 63.16 72.27 76.35 72.61 72.18 68.61 68.21 72.85 66.71 62.79 58.24 54.42 52.99 56.64 50.46 54.91 55.10 52.22 51.96 52.33 49.85 52.38 53.13 55.45 43.36 41.53 36.32 42.13 43.17 49.74 44.11 46.38 50.28 50.96 55.29 55.79
-9999 -9999 -9999 -9999 -9999 -9999 -9999 -9999 -9999 -9999 -9999 -9999 -9999 -9999 -9999 88.20 94.81 91.96 98.10 115.84 146.92 127.53 104.15 86.96 85.58 94.76 90.75 94.56 80.75 94.21 85.67 78.06 87.77 71.70 83.78 69.23 91.06 61.16 57.47 60.96 67.02 68.91 67.83 77.96 75.21 75.90 77.31 73.36 67.05 63.08 58.11 51.13 45.89 43.08 46.49 49.33 51.40 46.74 52.65 53.36 51.62 54.23 48.73 57.70 43.98 42.96 42.58 45.89 46.25 43.52 44.20 44.47 48.49 51.47 55.80 52.52
-9999 -9999 -9999 -9999 -9999 -9999 -9999 -9999 -9999 -9999 -9999 -9999 -9999 -9999 -9999 84.69 87.61 83.40 102.80 109.68 136.35 136.67 112.69 90.07 86.12 91.46 83.92 88.69 105.77 108.86 85.91 94.64 77.44 94.11 70.28 67.96 70.71 58.83 57.30 54.41 48.96 60.02 62.25 64.64 65.53 80.51 74.19 69.58 65.03 58.98 56.84 51.92 45.02 44.74 45.20 47.50 46.80 42.65 44.92 46.13 49.51 46.75 48.24 44.66 45.01 44.99 42.91 42.91 43.68 41.75 41.28 48.94 49.19 50.38 49.82 47.83
-9999 -9999 -9999 -9999 -9999 -9999 -9999 -9999 -9999 -9999 -9999 -9999 -9999 -9999 94.09 97.90 105.66 106.03 99.44 118.34 120.96 118.80 101.72 84.94 76.51 80.57 76.22 84.63 83.60 80.61 92.15 90.01 83.39 74.56 59.33 54.92 55.36 60.16 53.11 51.17 54.36 54.21 57.53 61.35 62.13 64.55 71.15 65.56 60.92 58.15 53.88 47.95 41.11 40.39 44.16 49.71 47.41 42.47 44.58 45.36 48.27 52.73 45.36 44.44 43.64 43.92 49.69 45.19 41.91 41.09 43.98 45.01 48.24 47.82 46.65 47.34
-9999 -9999 -9999 -9999 -9999 -9999 -9999 -9999 -9999 -9999 -9999 -9999 -9999 114.16 106.50 108.88 105.76 90.25 111.39 134.67 135.82 121.97 114.18 91.97 93.09 87.27 70.35 94.40 81.12 113.16 83.86 78.18 76.92 65.27 57.47 65.13 60.17 60.97 61.79 51.83 46.44 52.76 57.90 58.48 54.20 56.73 61.83 61.91 61.49 61.02 56.27 51.58 50.60 48.21 45.19 44.55 47.65 49.45 46.11 46.49 42.43 43.93 42.98 53.84 46.78 46.17 54.07 44.66 41.60 46.18 47.16 48.29 40.70 49.85 50.07 53.66
-9999 -9999 -9999 -9999 -9999 -9999 -9999 -9999 -9999 -9999 -9999 120.31 115.57 106.61 102.53 104.74 114.61 103.32 119.52 135.04 154.65 139.22 115.16 95.89 69.48 88.10 75.46 90.96 84.12 84.27 83.21 70.52 65.51 53.22 53.95 62.70 54.26 54.94 54.75 46.24 48.33 49.21 49.62 50.53 54.13 54.41 54.16 53.25 52.70 58.80 52.01 58.94 61.87 59.97 60.20 53.25 50.17 48.13 46.59 53.89 48.91 48.95 44.38 43.44 48.45 46.68 46.57 43.20 45.54 51.14 55.78 56.29 57.66 56.97 54.57 55.86
-9999 -9999 -9999 -9999 -9999 -9999 -9999 97.77 83.29 101.63 133.52 135.87 141.03 133.40 125.12 115.16 100.41 126.18 126.40 140.69 140.89 133.44 114.61 92.27 72.72 84.49 76.66 119.22 131.18 89.15 68.48 64.02 60.39 60.46 43.43 62.33 61.07 54.42 44.38 40.68 45.29 50.08 47.43 50.61 58.11 55.08 48.78 48.31 52.43 59.93 58.26 54.52 62.28 54.83 56.88 59.39 54.20 54.82 53.93 60.29 52.45 47.71 48.34 48.38 41.32 35.57 40.72 44.47 53.41 54.22 54.90 53.24 54.59 56.38 59.03 63.04
-9999 -9999 -9999 -9999 -9999 -9999 110.51 102.13 118.88 129.94 112.70 139.52 133.22 135.30 123.24 102.87 110.86 126.08 147.79 130.49 144.70 124.72 108.43 121.30 99.06 77.41 113.85 106.70 97.52 68.54 59.82 55.78 63.69 55.12 48.61 49.34 54.03 57.46 42.33 52.70 51.07 47.23 47.44 47.44 54.35 50.78 43.63 45.42 52.89 58.03 54.15 64.70 56.16 50.88 56.16 56.19 50.62 53.92 51.63 49.86 53.88 49.15 46.09 39.73 43.38 36.76 44.45 49.99 57.85 51.94 45.83 48.43 49.96 58.14 58.21 54.00
-9999 -9999 -9999 -9999 -9999 103.24 107.96 102.47 111.12 126.57 136.53 138.98 139.40 129.62 124.93 143.87 117.79 120.45 152.49 122.34 128.05 115.99 132.16 119.74 109.94 94.65 97.66 96.83 79.03 107.87 80.07 53.53 59.07 53.12 45.75 48.87 49.17 52.28 49.71 48.95 48.12 47.77 40.58 43.20 50.14 46.86 41.79 54.85 51.78 59.05 50.85 52.23 61.93 62.21 69.19 61.14 57.23 57.56 52.96 47.93 47.97 45.99 44.78 43.50 41.98 45.75 60.31 61.58 56.67 52.55 51.61 60.47 53.34 53.79 53.43 55.80
-9999 95.88 118.38 122.51 154.69 143.97 139.83 135.42 131.02 128.72 146.92 141.00 145.85 152.65 158.75 150.23 133.05 127.72 140.32 139.35 120.89 127.66 126.25 122.12 114.21 105.90 112.94 87.03 106.40 105.48 71.71 68.45 55.35 57.70 46.57 46.68 62.74 43.81 50.77 48.14 44.57 47.12 43.09 56.57 49.01 52.64 65.49 51.18 53.14 54.59 59.31 54.46 55.93 58.18 63.31 54.64 58.09 54.31 49.67 45.57 47.15 45.02 46.15 40.96 50.37 51.18 67.90 60.73 57.08 59.31 68.93 64.09 60.73 58.21 58.78 54.47
85.68 105.19 120.27 141.74 183.17 230.77 192.83 158.28 139.90 138.03 163.35 153.35 147.09 155.24 152.62 134.75 137.89 120.91 122.32 123.00 122.60 126.78 115.46 121.00 110.38 92.15 126.02 133.01 160.91 104.29 75.72 57.21 57.53 42.89 53.33 49.43 47.77 44.64 47.09 55.30 48.72 47.08 44.15 46.42 56.63 63.16 66.61 59.81 53.17 49.45 65.08 60.86 61.30 58.62 56.05 56.51 55.44 52.09 49.69 53.18 50.93 42.88 50.58 48.19 46.58 52.22 56.08 58.73 57.90 69.45 72.92 70.45 68.46 61.26 64.89 66.63
