Rainfall_2007-2011/Rainfall_2009-08_ACTUAL.txt
ncols         180
nrows         290
xllcorner     -200000
yllcorner     -200000
cellsize      5000
NODATA_value  -9999
[rows 170 to 203 of 290, columns 75 to 149 of 180]
-9999 -9999 -9999 -9999 -9999 -9999 -9999 -9999 -9999 -9999 -9999 -9999 -9999 -9999 -9999 -9999 -9999 -9999 -9999 -9999 -9999 -9999 -9999 -9999 -9999 -9999 -9999 -9999 -9999 -9999 -9999 46.70 55.70 57.16 61.85 55.34 60.07 58.12 50.72 56.82 54.42 56.90 56.68 50.95 65.52 67.66 92.44 83.63 80.86 54.06 44.10 42.18 42.71 44.62 46.06 50.87 49.29 51.78 50.26 59.69 59.88 57.88 56.09 60.23 55.29 53.80 53.08 51.53 58.98 54.11 46.50 45.40 44.90 42.34 -9999
-9999 -9999 -9999 -9999 -9999 -9999 -9999 -9999 -9999 -9999 -9999 88.11 94.83 113.40 115.92 -9999 -9999 -9999 -9999 -9999 -9999 -9999 -9999 -9999 -9999 -9999 -9999 -9999 -9999 -9999 34.94 42.70 49.70 62.41 64.07 57.83 53.40 56.12 54.84 51.95 47.79 54.73 55.08 54.48 62.15 76.91 86.57 84.02 70.44 67.98 50.73 39.35 45.71 38.05 53.83 45.49 42.74 50.12 49.60 50.41 60.13 65.54 63.66 54.34 58.01 56.79 55.64 67.21 76.20 65.52 58.96 46.61 42.61 41.02 42.56
-9999 -9999 -9999 -9999 -9999 -9999 -9999 -9999 -9999 -9999 -9999 114.93 123.29 119.58 108.28 -9999 -9999 -9999 -9999 -9999 -9999 -9999 -9999 -9999 -9999 -9999 -9999 -9999 -9999 38.54 48.50 45.73 49.34 68.26 61.94 52.02 45.27 52.08 54.15 54.77 53.95 55.04 53.78 55.44 46.92 55.57 69.98 86.97 73.15 66.96 51.01 52.55 42.47 42.26 54.20 46.21 42.68 42.45 52.16 46.83 59.00 51.65 53.54 53.56 58.87 61.70 66.27 68.86 71.74 63.45 58.23 47.94 42.00 41.32 40.56
-9999 -9999 -9999 -9999 -9999 -9999 -9999 -9999 -9999 75.07 98.44 110.66 127.58 122.37 121.20 101.24 70.68 73.05 -9999 -9999 43.10 48.41 -9999 -9999 -9999 37.36 48.68 53.38 -9999 43.27 56.96 49.04 44.94 47.51 50.41 49.77 48.86 55.41 54.92 53.98 50.43 51.26 51.67 48.62 41.85 52.21 61.27 77.51 63.51 63.39 71.63 45.14 51.75 44.59 49.54 45.14 42.65 40.03 49.66 53.28 59.18 58.90 50.36 48.68 60.80 71.56 82.35 64.53 67.07 68.13 60.65 56.14 44.59 43.08 31.81
-9999 -9999 -9999 -9999 -9999 -9999 -9999 -9999 -9999 -9999 99.78 112.55 130.15 139.40 148.90 112.89 94.29 77.83 -9999 61.76 50.96 60.25 53.38 38.30 35.84 38.36 48.66 51.98 51.48 -9999 37.21 36.45 37.69 32.55 39.59 46.02 44.33 42.44 48.74 50.84 51.44 48.53 47.99 46.44 59.65 66.16 59.13 74.45 59.37 72.32 52.98 48.80 44.76 44.54 51.17 51.96 45.61 49.06 58.17 56.22 63.78 68.04 61.81 58.63 71.30 74.38 82.43 70.86 65.15 64.32 58.80 49.13 44.19 40.76 40.75
-9999 -9999 -9999 -9999 -9999 -9999 -9999 -9999 -9999 -9999 -9999 111.43 126.54 143.02 141.62 103.85 101.82 108.66 99.09 146.91 83.47 77.19 72.86 61.98 43.04 40.69 34.74 55.70 93.13 63.03 36.46 30.53 40.89 36.48 39.31 42.93 44.40 36.53 45.17 50.25 45.87 44.22 50.43 47.55 64.07 72.27 78.50 66.83 55.96 58.39 51.73 44.93 40.27 44.72 46.92 49.38 56.29 57.41 53.73 58.90 60.22 57.51 63.18 75.69 85.24 74.61 69.67 61.67 63.07 60.62 53.99 44.09 39.48 46.21 45.68
-9999 -9999 -9999 -9999 -9999 -9999 -9999 -9999 -9999 -9999 -9999 -9999 121.11 115.22 107.56 111.23 207.38 186.61 232.85 171.09 93.87 91.65 72.13 72.18 56.62 37.73 32.14 57.00 78.51 56.21 40.94 43.66 45.76 39.80 39.28 41.56 50.90 51.73 58.17 42.77 41.13 40.07 46.29 54.51 59.22 55.75 68.25 77.27 73.70 50.19 55.29 58.28 48.05 46.34 51.57 40.70 52.79 62.66 55.47 59.30 56.26 56.17 68.09 73.26 70.07 69.11 66.05 58.05 58.99 64.92 53.82 51.80 37.84 43.55 47.38
-9999 -9999 -9999 -9999 -9999 -9999 -9999 -9999 -9999 -9999 -9999 -9999 -9999 122.73 122.64 204.30 210.95 272.40 290.98 226.08 134.28 115.28 79.37 85.23 67.72 51.64 42.08 44.33 57.50 56.42 52.56 78.91 42.78 45.01 41.31 40.52 41.59 42.62 41.96 44.12 43.21 40.77 45.66 56.54 58.31 52.18 56.44 61.15 75.64 71.85 110.10 70.05 54.07 55.67 62.29 72.07 67.29 59.31 56.48 63.88 57.15 61.56 70.83 62.66 66.60 64.15 59.07 55.93 60.37 54.71 54.49 52.38 47.83 51.26 48.44
-9999 -9999 -9999 -9999 -9999 -9999 -9999 -9999 -9999 -9999 -9999 -9999 -9999 130.38 136.64 284.37 325.04 417.70 353.39 232.35 134.21 96.77 107.72 95.29 81.16 62.40 54.63 42.62 46.11 54.37 43.47 54.41 37.56 43.54 42.28 40.51 41.08 38.59 37.75 40.50 44.40 37.17 38.78 53.50 48.08 40.63 56.56 68.48 71.66 64.57 57.06 55.42 61.49 53.49 63.89 65.33 60.17 62.33 61.32 66.67 66.03 65.79 68.18 67.08 57.36 62.88 56.39 53.80 55.96 51.78 50.74 51.54 63.03 54.13 47.37
-9999 -9999 -9999 -9999 -9999 -9999 -9999 -9999 -9999 -9999 -9999 -9999 -9999 173.08 233.23 303.53 316.64 443.72 343.33 230.54 170.20 88.17 94.01 87.46 72.09 77.87 56.46 46.38 53.98 47.61 46.03 41.30 42.53 41.26 39.04 46.40 45.16 42.15 34.31 39.47 43.82 41.85 43.06 46.66 47.09 57.53 59.51 62.71 62.03 52.07 56.58 71.26 49.92 57.60 61.59 62.97 66.19 68.50 73.54 65.91 69.04 65.86 64.48 67.48 66.23 51.76 49.02 45.87 48.51 43.33 45.88 44.56 64.50 60.11 53.34
-9999 -9999 -9999 -9999 -9999 -9999 -9999 -9999 -9999 -9999 -9999 -9999 161.03 276.29 223.79 289.88 354.67 286.76 364.65 295.98 212.22 170.76 127.94 93.51 83.93 57.81 65.25 64.91 58.77 53.55 46.28 40.15 44.71 39.79 43.95 43.35 40.79 38.09 35.67 36.53 42.82 43.53 44.60 51.29 57.19 49.43 62.48 67.01 54.26 52.60 51.80 55.24 56.46 50.18 51.22 60.24 71.97 73.25 69.62 62.59 61.65 63.74 65.87 63.08 58.18 49.42 46.58 47.99 48.24 45.21 49.68 75.66 71.01 62.33 -9999
-9999 -9999 -9999 -9999 -9999 -9999 -9999 -9999 -9999 -9999 151.74 147.94 179.40 165.89 156.54 169.29 197.89 195.86 262.98 232.89 218.17 189.86 147.90 116.24 101.99 67.58 72.52 68.95 42.97 43.98 42.86 40.85 36.16 37.28 45.88 43.47 37.33 35.51 32.78 33.32 40.38 43.38 37.12 47.34 54.75 55.17 55.25 50.43 57.04 53.77 53.37 56.87 56.58 57.52 53.84 60.54 68.55 73.64 75.95 64.64 64.02 70.51 60.58 58.10 59.49 57.61 52.52 54.35 49.53 44.84 59.44 76.74 81.37 -9999 -9999
-9999 -9999 -9999 -9999 -9999 -9999 -9999 -9999 -9999 112.97 151.95 107.50 107.08 118.91 83.37 110.07 114.99 140.20 165.82 198.95 191.17 223.65 125.84 78.71 87.74 74.70 93.41 85.28 67.48 49.36 49.49 44.61 37.32 37.36 41.03 42.74 39.30 36.26 33.10 35.84 38.13 35.84 34.54 46.93 53.61 52.68 50.57 49.37 52.87 49.15 51.78 52.25 50.56 56.72 61.71 60.96 63.57 63.77 64.42 58.16 57.98 51.61 56.05 57.13 66.97 61.92 57.46 57.25 51.72 45.02 55.04 74.35 83.37 -9999 -9999
-9999 -9999 -9999 -9999 -9999 -9999 -9999 -9999 83.67 92.00 85.67 99.64 -9999 -9999 -9999 -9999 120.69 164.23 210.22 205.58 193.88 160.31 129.81 119.15 120.80 104.03 125.70 93.91 70.79 63.09 50.09 41.52 38.12 36.34 33.62 33.99 37.89 31.13 30.93 34.34 33.60 31.30 42.03 43.15 50.46 52.82 51.43 44.29 46.23 49.21 45.43 46.36 49.21 51.69 56.43 58.45 58.76 58.58 64.33 58.26 59.28 55.71 52.44 54.34 58.15 60.82 66.63 59.92 55.76 62.18 74.24 74.15 70.71 76.93 -9999
-9999 -9999 -9999 -9999 -9999 -9999 -9999 -9999 90.61 101.95 87.27 86.61 -9999 -9999 -9999 -9999 104.52 141.51 223.04 173.62 202.99 185.70 164.71 187.77 151.87 92.67 98.41 60.87 61.00 53.05 45.47 39.49 40.24 34.44 33.90 34.81 34.87 27.37 30.00 36.13 30.76 38.39 39.18 41.56 48.99 49.69 46.17 48.56 52.06 46.30 42.43 44.31 49.38 51.74 55.09 57.89 51.53 53.03 62.56 61.13 56.94 49.38 54.79 54.43 58.35 66.83 58.71 53.55 48.60 60.72 78.86 78.57 77.32 65.41 55.10
-9999 -9999 -9999 -9999 -9999 -9999 -9999 -9999 -9999 -9999 -9999 -9999 -9999 -9999 -9999 -9999 86.23 142.69 170.57 167.07 179.39 169.32 212.45 256.99 112.16 95.16 83.57 61.99 53.72 45.95 42.80 36.47 34.45 32.21 33.85 29.73 27.65 30.77 30.70 35.77 41.46 44.25 38.98 46.84 52.46 48.39 38.26 45.64 51.68 44.92 47.22 53.90 50.43 50.50 55.34 59.25 64.45 58.03 60.45 59.88 49.69 45.83 61.34 58.44 62.06 62.39 58.25 53.73 51.02 55.37 73.73 80.56 82.54 60.55 44.43
-9999 -9999 -9999 -9999 -9999 -9999 -9999 -9999 -9999 -9999 -9999 -9999 -9999 -9999 -9999 -9999 -9999 133.10 125.53 148.26 179.09 200.88 197.91 174.73 117.64 83.10 76.20 52.72 34.03 40.30 34.23 32.16 31.88 29.73 28.69 30.02 30.52 30.80 32.10 33.50 35.92 38.52 39.29 36.19 46.87 50.46 41.88 46.18 47.59 47.95 48.10 50.73 57.81 57.35 60.97 78.75 62.74 60.80 63.33 59.66 59.61 65.12 60.65 56.71 65.38 53.77 47.16 57.29 50.70 58.49 71.50 88.15 90.24 74.94 48.12
-9999 -9999 -9999 -9999 -9999 -9999 -9999 -9999 -9999 -9999 -9999 -9999 -9999 -9999 -9999 -9999 -9999 113.42 191.00 300.04 201.25 172.69 148.04 125.91 94.55 78.14 65.76 49.45 52.13 52.12 37.13 33.97 29.50 26.50 25.36 27.75 31.00 32.58 31.21 34.96 38.84 38.27 36.14 39.31 41.82 49.47 46.87 42.76 45.12 46.30 46.55 50.65 64.54 71.94 81.72 73.83 60.74 66.18 68.06 62.90 62.37 70.17 58.58 52.67 57.80 47.16 43.58 52.17 54.60 62.74 72.33 93.90 94.06 71.13 43.24
-9999 -9999 -9999 -9999 -9999 -9999 -9999 -9999 -9999 -9999 -9999 -9999 -9999 -9999 -9999 -9999 127.27 138.67 165.60 207.70 179.39 126.76 121.51 104.90 84.55 78.44 56.66 42.00 51.46 44.22 57.08 34.83 25.51 27.16 29.57 30.37 30.45 34.26 37.61 32.67 34.93 36.87 38.97 39.54 43.42 48.72 45.24 46.14 46.90 46.89 47.50 56.14 60.33 63.68 72.53 69.70 65.79 73.84 71.26 60.09 61.86 60.26 54.07 57.60 60.02 46.74 41.06 48.94 53.95 68.29 83.99 96.29 75.60 60.60 43.64
-9999 -9999 -9999 -9999 -9999 -9999 -9999 -9999 -9999 -9999 -9999 -9999 -9999 -9999 -9999 -9999 126.46 142.85 178.27 139.63 123.81 96.76 98.40 100.53 88.90 60.21 45.54 34.41 42.98 36.05 37.28 38.60 38.92 34.64 28.01 29.88 29.21 31.87 35.83 32.87 33.38 38.71 42.55 46.02 46.24 47.47 46.31 48.05 45.61 46.76 50.82 56.25 67.54 75.80 72.41 69.12 62.79 59.99 68.40 66.88 55.28 58.35 64.53 62.93 55.47 41.24 41.56 50.45 56.87 82.88 84.81 91.33 69.33 49.33 46.84
-9999 -9999 -9999 -9999 -9999 -9999 -9999 -9999 -9999 -9999 -9999 -9999 -9999 -9999 -9999 -9999 118.94 147.84 109.30 129.53 107.34 92.72 87.17 98.71 75.82 65.80 44.13 37.65 36.84 32.99 32.42 41.85 52.25 51.59 44.15 36.20 34.50 33.65 35.10 31.10 35.43 35.61 42.11 45.83 42.41 43.31 48.14 47.02 44.78 44.81 58.93 60.98 62.74 73.95 60.58 58.53 57.91 64.52 62.00 60.65 59.12 59.46 57.79 60.38 58.88 55.78 43.98 50.83 68.73 74.15 84.21 84.89 67.54 47.82 46.91
-9999 -9999 -9999 -9999 -9999 -9999 -9999 -9999 -9999 -9999 -9999 -9999 -9999 -9999 -9999 -9999 -9999 121.34 111.93 130.97 132.38 122.47 81.22 82.97 61.11 44.13 40.60 32.16 33.03 34.03 27.15 32.07 34.85 41.61 37.59 30.55 27.30 34.51 38.07 33.69 36.98 32.55 38.56 45.73 43.92 40.59 41.60 44.59 46.47 45.38 53.78 57.62 60.16 63.43 62.13 57.45 58.77 64.23 55.23 55.98 52.39 63.26 65.97 61.35 59.11 56.76 52.75 57.94 64.12 60.84 62.46 70.68 72.66 57.34 50.79
-9999 -9999 -9999 -9999 -9999 -9999 -9999 -9999 -9999 -9999 -9999 -9999 -9999 -9999 -9999 -9999 -9999 69.90 90.02 122.14 129.97 153.14 117.45 84.16 60.30 46.38 46.54 48.79 48.25 41.46 34.08 26.80 29.62 35.18 25.39 30.50 37.38 33.65 34.63 41.26 44.67 35.71 37.54 41.93 45.67 39.28 43.65 43.12 41.64 44.77 49.19 52.26 56.85 61.51 63.24 62.35 55.91 56.94 51.65 53.78 54.60 58.40 61.39 57.71 55.34 58.83 58.27 63.57 66.02 62.87 66.78 76.94 66.06 58.37 49.93
-9999 -9999 -9999 -9999 -9999 -9999 -9999 -9999 -9999 -9999 -9999 -9999 -9999 -9999 -9999 -9999 55.78 49.84 83.66 120.25 126.37 160.82 116.80 71.64 70.48 86.69 66.60 54.44 46.86 35.02 31.01 32.93 36.01 27.98 27.11 35.26 41.90 35.89 33.37 34.83 39.53 37.27 41.47 43.98 45.29 43.65 48.70 47.19 45.14 41.97 47.56 42.16 51.20 58.89 57.73 64.18 33.54 33.73 55.66 52.79 54.45 54.03 51.35 54.77 51.62 54.62 64.93 71.45 64.87 62.09 73.15 70.29 63.94 57.77 43.91
-9999 -9999 -9999 -9999 -9999 -9999 -9999 -9999 -9999 -9999 -9999 -9999 -9999 -9999 -9999 -9999 62.88 64.96 84.69 91.65 141.25 149.21 118.42 93.19 70.09 66.66 70.50 70.54 56.86 39.55 40.19 38.54 29.35 28.05 23.18 34.71 35.77 31.05 29.43 31.23 33.70 35.90 39.97 38.48 47.11 51.95 56.60 54.25 51.73 48.46 55.59 44.06 56.02 59.84 55.94 55.00 32.84 43.12 55.63 56.72 55.23 49.84 48.61 52.04 59.15 56.69 63.76 67.74 65.47 66.41 65.97 78.37 82.26 54.14 42.42
-9999 -9999 -9999 -9999 -9999 -9999 -9999 -9999 -9999 -9999 -9999 -9999 -9999 -9999 -9999 -9999 66.46 74.40 79.62 70.38 132.80 135.42 114.94 99.85 64.75 67.90 67.24 56.50 49.26 44.95 35.07 28.91 25.70 25.28 36.97 33.81 30.56 29.04 30.12 32.13 30.73 29.85 34.38 41.97 43.56 46.55 59.18 52.46 51.71 56.20 62.00 64.77 65.42 69.47 75.18 63.14 58.85 60.78 60.72 52.37 48.10 45.94 47.11 56.75 53.72 61.55 63.38 60.78 59.25 56.80 70.31 70.86 68.15 57.35 52.15
-9999 -9999 -9999 -9999 -9999 -9999 -9999 -9999 -9999 -9999 -9999 -9999 -9999 -9999 -9999 65.91 74.49 89.61 78.65 78.31 104.33 110.94 112.62 82.63 56.35 55.72 54.93 46.07 47.93 36.79 29.45 31.93 31.12 32.69 32.35 28.72 26.11 28.83 34.24 29.04 29.37 31.60 32.19 35.03 43.05 43.49 45.90 52.72 51.58 53.30 56.55 60.04 59.38 60.65 56.81 49.20 57.24 61.02 55.96 47.35 46.65 48.40 56.40 54.07 64.13 61.20 57.97 64.30 61.24 60.18 76.70 69.52 65.24 64.41 57.14
-9999 -9999 -9999 -9999 -9999 -9999 -9999 -9999 -9999 -9999 -9999 -9999 -9999 -9999 54.71 67.54 71.86 74.42 71.64 94.48 129.65 125.90 102.55 91.75 64.43 65.29 60.36 43.49 53.63 33.95 23.14 23.79 29.45 34.02 33.57 25.57 34.12 37.45 35.85 26.41 26.83 25.92 33.60 38.29 39.31 37.38 39.57 46.00 49.40 54.09 54.51 57.02 55.58 61.56 56.42 49.91 51.56 52.17 53.91 43.29 39.29 51.10 56.75 59.54 65.56 60.57 63.97 63.67 68.76 65.60 76.33 73.47 70.83 60.66 58.26
-9999 -9999 -9999 -9999 -9999 -9999 -9999 -9999 -9999 -9999 -9999 -9999 73.37 65.22 58.98 51.00 61.20 75.32 82.53 122.40 134.70 158.82 130.21 89.19 70.04 58.75 55.03 40.04 49.75 35.73 25.21 21.69 24.86 27.13 24.93 24.70 32.58 27.57 29.53 25.68 24.46 27.61 32.28 36.72 36.23 37.38 37.96 43.50 49.25 49.94 52.59 48.17 49.55 52.63 62.08 63.17 61.30 55.52 57.70 48.70 53.41 58.83 54.79 57.10 53.07 61.89 78.42 69.22 66.46 67.06 69.37 72.09 70.42 66.21 57.11
-9999 -9999 -9999 -9999 -9999 -9999 -9999 -9999 70.66 51.23 70.43 91.57 89.16 93.19 79.71 71.11 72.48 73.69 104.75 113.72 122.33 138.62 116.46 77.13 52.97 31.76 42.77 42.85 55.81 43.56 32.44 26.14 24.35 27.52 34.14 28.00 32.71 32.81 28.89 23.85 22.17 27.71 30.37 34.15 33.10 35.98 32.90 41.73 45.78 45.09 52.58 52.89 46.32 57.17 57.57 54.57 65.59 61.62 54.98 49.49 47.08 54.49 53.52 61.09 58.96 59.97 59.34 73.05 73.98 70.70 70.77 70.98 67.21 62.35 57.29
-9999 -9999 -9999 -9999 -9999 -9999 -9999 94.96 77.71 85.32 89.21 69.38 80.98 87.46 82.37 74.42 57.62 83.89 100.26 134.63 117.53 120.97 104.45 76.82 65.35 43.25 35.11 55.61 43.20 34.22 26.04 25.61 25.08 30.90 25.42 26.23 26.09 30.44 32.48 26.76 27.90 29.41 29.44 32.73 32.67 36.15 38.19 40.64 42.07 40.32 46.95 53.32 62.61 58.90 52.64 56.95 57.69 54.36 51.56 43.71 49.10 53.65 56.35 60.74 58.88 57.76 55.53 65.10 69.86 56.67 64.30 67.29 62.53 63.51 57.07
-9999 -9999 -9999 -9999 -9999 -9999 84.89 95.43 80.66 80.34 75.35 71.24 92.29 103.63 91.03 87.47 104.58 90.98 92.82 128.84 101.68 101.76 78.76 87.33 64.84 56.80 46.76 45.56 40.88 26.78 33.71 34.56 22.87 22.39 19.57 21.92 27.44 28.24 31.32 30.72 29.45 29.09 30.66 31.82 33.90 37.70 38.87 43.43 53.29 47.71 47.32 48.36 48.86 61.98 61.13 87.12 61.97 55.52 55.86 47.98 42.22 53.01 58.51 57.93 64.40 59.35 66.72 75.95 72.33 67.33 67.47 66.09 73.05 67.49 59.72
-9999 -9999 76.85 102.98 115.52 164.14 131.12 115.20 115.73 116.86 101.87 111.20 125.18 125.99 125.43 143.28 115.49 103.58 102.03 104.71 94.65 90.35 87.37 75.34 62.86 74.24 53.36 45.21 36.87 41.95 38.33 29.24 31.63 25.99 22.32 21.60 26.20 31.89 30.44 31.91 36.96 29.04 28.65 31.36 41.95 38.15 46.07 52.66 47.11 50.70 49.64 46.54 65.29 61.77 60.87 73.60 47.09 52.81 51.22 44.08 39.91 52.08 54.20 62.39 56.02 59.73 65.56 73.94 70.75 64.54 79.37 85.12 74.39 67.82 62.53
-9999 86.01 100.40 116.43 137.48 198.45 210.86 177.58 154.66 140.13 156.81 164.44 136.85 135.04 148.96 160.15 139.77 132.09 96.57 84.30 83.59 76.31 82.74 63.23 56.37 54.73 42.28 47.85 49.40 70.34 45.69 34.74 27.35 29.38 31.27 35.29 25.79 23.72 23.82 27.04 29.13 29.65 27.76 29.59 37.82 36.70 56.67 57.32 61.78 55.49 60.86 72.40 66.32 64.77 62.88 62.97 56.37 53.16 52.52 46.13 48.53 45.17 44.51 63.55 50.98 54.04 75.20 72.25 68.23 70.68 84.05 77.64 70.26 68.65 57.77
