Rainfall_2007-2011/Rainfall_2007-12_ACTUAL.txt
ncols         180
nrows         290
xllcorner     -200000
yllcorner     -200000
cellsize      5000
NODATA_value  -9999
[rows 198 to 230 of 290, columns 76 to 151 of 180]
-9999 -9999 -9999 -9999 -9999 -9999 -9999 -9999 -9999 -9999 -9999 137.99 136.70 154.62 165.41 140.48 171.53 176.88 197.97 229.60 285.70 270.58 244.42 231.49 194.86 171.01 140.48 152.94 138.46 126.14 125.98 113.38 108.50 91.07 89.23 74.92 61.24 66.39 68.33 60.25 59.58 56.48 58.29 56.55 50.15 48.78 53.30 62.15 53.76 53.11 52.54 52.93 52.26 53.76 53.91 52.47 52.80 49.97 49.65 55.82 56.57 51.68 42.07 39.46 47.58 45.23 44.94 41.01 40.87 42.04 39.40 39.11 36.93 39.39 36.86 38.37
-9999 -9999 -9999 -9999 -9999 -9999 -9999 122.96 92.26 128.24 167.42 169.43 170.96 192.04 180.91 175.93 177.82 210.74 223.66 277.91 266.46 261.20 238.18 198.02 146.91 158.64 141.41 184.18 164.98 128.70 105.24 99.91 89.37 94.83 71.19 77.90 68.99 64.08 60.43 55.60 55.52 57.46 54.92 50.95 58.17 48.94 54.17 56.71 51.87 53.94 54.32 49.12 48.84 49.67 48.20 54.48 57.93 57.33 57.42 58.46 57.79 51.14 47.29 45.85 40.40 40.64 41.05 43.10 43.92 44.29 41.95 38.06 35.67 37.29 38.38 39.71
-9999 -9999 -9999 -9999 -9999 -9999 134.98 139.33 158.50 163.63 147.10 171.69 172.27 200.03 209.04 142.89 181.25 209.96 253.35 235.65 267.95 249.51 220.31 227.09 188.67 135.58 169.55 140.06 129.45 96.08 85.84 78.09 77.04 73.70 70.21 61.17 63.14 66.98 61.72 65.06 57.85 58.11 54.11 51.04 64.87 59.65 50.75 48.71 45.09 50.83 52.73 60.33 49.18 43.60 49.78 51.80 54.07 55.88 56.55 56.79 59.92 52.99 45.80 40.06 37.46 35.90 40.67 44.03 40.38 44.70 40.69 35.12 32.46 34.95 36.22 36.10
-9999 -9999 -9999 -9999 -9999 123.57 132.65 134.37 151.11 162.21 173.49 168.91 183.39 178.41 180.65 215.43 185.18 201.07 253.16 212.08 232.53 264.65 245.32 204.71 183.15 156.13 127.18 110.54 86.75 121.68 107.62 77.18 66.87 59.64 58.08 55.45 58.67 62.52 59.87 55.55 56.16 55.89 50.26 53.98 69.85 59.45 50.87 60.52 51.06 48.66 51.38 53.05 50.77 48.40 56.59 59.33 65.84 64.13 60.16 55.85 54.87 51.86 45.25 38.12 38.40 38.59 41.78 42.23 44.59 45.20 44.28 38.98 37.49 35.23 39.89 42.11
-9999 98.46 122.86 135.51 172.35 158.98 162.18 173.41 168.63 167.51 183.50 175.68 188.67 188.50 158.79 234.87 208.82 209.42 218.65 207.32 219.84 235.80 203.08 192.88 175.18 160.48 120.76 90.77 110.33 127.19 108.31 109.36 86.79 66.19 54.22 53.37 72.47 59.32 64.56 52.46 53.45 55.31 51.97 65.58 58.68 53.12 62.02 58.36 54.30 52.62 51.50 55.47 54.71 57.91 62.71 61.53 63.70 63.33 57.87 56.64 52.60 52.25 53.85 50.71 51.61 40.57 44.23 42.13 44.16 44.10 52.45 47.79 48.56 48.29 46.88 48.60
104.92 138.53 150.53 162.94 191.46 240.19 220.62 207.84 185.41 186.98 193.09 193.70 179.32 185.68 198.59 201.83 211.17 190.12 188.44 187.88 201.37 224.63 183.07 186.77 177.00 143.56 134.92 133.22 191.57 153.04 133.06 98.66 97.24 86.46 77.42 58.62 58.77 56.44 51.85 58.78 58.06 54.88 56.40 82.75 58.36 76.61 68.70 68.75 45.58 48.38 67.72 60.76 62.62 63.05 63.28 64.96 63.37 59.96 55.57 54.41 47.94 48.61 61.74 56.26 49.87 51.77 48.07 47.35 46.04 54.19 64.16 66.28 51.14 44.71 47.61 48.65
99.96 121.69 142.10 156.42 183.09 202.12 193.21 183.71 189.61 177.84 187.27 176.91 161.95 178.03 209.78 181.61 177.89 158.89 186.63 228.55 212.97 295.29 214.00 193.83 144.38 185.58 129.24 169.40 172.19 188.40 132.06 118.78 106.18 98.80 88.25 69.00 62.44 61.83 71.00 73.78 64.72 58.54 58.50 65.75 62.18 74.73 88.64 76.07 57.72 65.22 71.40 67.76 68.48 64.80 69.01 61.54 60.13 51.80 55.18 54.28 50.54 53.90 62.34 59.89 54.76 59.41 58.22 54.42 50.94 61.40 63.01 53.70 51.61 50.40 51.59 49.88
92.57 101.68 130.40 133.58 153.16 145.19 156.27 160.90 172.65 167.82 157.51 182.89 141.27 142.60 162.52 166.56 170.66 198.35 225.33 295.49 365.89 298.20 286.32 284.94 254.00 261.43 190.56 150.38 203.25 152.92 118.40 121.94 118.84 104.80 86.18 70.88 76.16 70.04 72.19 65.33 60.62 68.74 69.05 67.79 86.82 97.69 96.52 83.61 71.81 70.87 70.16 72.49 67.11 63.30 65.65 59.41 62.39 54.74 57.85 57.95 55.09 56.41 58.31 60.06 63.61 63.45 61.12 46.84 49.75 56.58 51.37 62.53 52.81 52.60 47.05 45.13
-9999 113.96 121.49 133.12 143.79 137.12 144.90 161.00 165.92 158.05 151.23 160.34 145.94 164.78 162.81 191.41 178.11 215.56 246.77 284.33 316.36 333.44 293.93 312.14 324.36 247.60 234.21 189.83 117.87 119.25 138.82 107.32 110.36 95.51 104.25 90.18 98.63 93.35 74.16 66.40 65.90 69.84 77.33 99.22 91.86 99.12 87.95 80.99 68.97 79.71 82.61 68.83 69.26 65.63 59.13 56.15 56.00 55.95 55.21 59.66 52.86 54.00 61.35 69.80 73.57 73.89 60.39 57.71 57.10 60.95 54.92 52.40 52.25 55.15 47.31 41.74
105.99 116.80 114.95 128.37 143.40 160.53 161.77 171.48 157.92 150.65 152.31 148.95 150.48 172.03 159.73 184.97 182.97 196.27 210.80 237.30 231.56 251.43 259.91 274.63 255.28 257.48 206.47 170.93 164.49 178.84 148.21 131.06 98.77 121.44 110.77 107.63 100.59 100.38 77.11 77.05 75.11 100.19 93.29 91.50 97.15 84.15 83.50 80.76 81.50 81.62 80.51 72.00 66.42 61.61 58.99 55.32 53.48 56.12 60.40 62.84 57.43 60.93 61.74 77.00 65.05 72.73 63.71 56.74 59.32 55.67 52.83 51.59 54.74 64.54 48.77 49.86
91.54 128.37 124.00 127.81 139.24 151.95 141.53 137.01 130.41 127.22 136.14 135.96 134.05 148.99 174.66 173.36 211.73 210.23 226.30 249.57 242.59 225.43 260.32 243.86 216.49 199.64 207.96 194.78 166.85 198.41 152.03 140.70 110.84 100.80 114.90 111.85 104.28 90.53 75.20 80.82 84.36 88.56 79.84 96.45 90.67 95.26 87.65 87.02 85.07 84.25 68.13 62.11 60.69 68.42 60.23 55.95 48.43 51.03 53.60 62.98 81.30 74.58 66.01 75.44 72.23 70.98 67.56 61.06 68.81 56.75 56.06 51.02 52.69 55.19 46.02 46.27
-9999 118.74 114.83 122.50 133.26 134.84 133.72 -9999 -9999 -9999 -9999 130.01 129.69 145.31 144.41 147.09 165.11 181.48 195.92 213.00 210.93 319.55 387.97 323.34 262.76 211.83 223.56 216.92 191.97 170.05 158.40 135.23 113.82 121.33 103.30 114.90 93.56 83.26 79.32 86.74 104.00 84.53 100.08 98.66 90.35 90.54 93.45 90.20 88.15 78.51 75.20 72.09 59.12 58.96 56.95 56.25 51.87 52.53 56.67 62.04 80.10 81.37 76.57 81.76 81.50 71.77 64.35 62.20 60.32 58.19 57.23 50.24 48.16 50.85 47.01 41.29
-9999 105.97 102.39 108.17 117.65 131.99 105.03 -9999 -9999 -9999 -9999 -9999 -9999 -9999 135.44 146.94 150.43 155.42 165.39 201.01 252.77 319.35 368.90 366.14 308.90 276.30 269.93 203.84 209.05 224.77 180.39 137.25 152.96 141.21 131.84 101.78 90.61 82.60 90.70 115.32 98.91 84.69 94.44 90.26 90.74 79.18 80.34 82.07 87.87 74.48 93.80 79.07 55.50 45.38 48.71 52.49 53.37 56.45 64.52 65.24 68.44 75.25 76.15 75.27 75.00 69.47 68.32 66.72 51.78 58.49 56.67 62.50 52.06 44.20 42.02 39.98
-9999 -9999 -9999 104.21 -9999 -9999 -9999 -9999 -9999 -9999 -9999 -9999 96.29 124.41 148.24 147.36 142.15 144.27 150.04 178.71 231.09 290.32 333.90 318.20 280.12 268.20 269.54 213.94 204.95 179.02 147.41 130.78 140.34 138.45 127.55 102.33 94.60 99.02 104.47 126.88 117.25 107.02 107.16 91.88 82.60 75.67 68.31 73.74 68.79 59.81 55.64 53.89 49.41 45.57 49.35 50.88 51.24 58.36 70.63 67.59 74.63 68.07 67.58 66.58 54.80 54.76 66.07 68.26 58.22 60.22 52.27 50.29 51.36 53.31 39.70 42.79
-9999 -9999 -9999 -9999 -9999 -9999 -9999 -9999 -9999 -9999 -9999 -9999 85.46 113.49 133.50 125.98 116.41 -9999 -9999 131.01 195.70 205.99 261.27 249.12 241.58 237.13 234.29 197.67 179.70 152.34 129.30 122.31 128.25 104.71 99.79 94.27 94.12 98.33 105.86 120.72 111.81 113.37 116.45 95.27 87.37 68.99 51.73 65.98 66.64 51.11 50.10 60.83 52.02 55.91 52.17 53.06 56.20 57.70 58.60 64.52 62.04 57.43 64.52 57.99 46.23 47.98 50.74 50.34 49.57 58.97 50.12 47.91 45.72 45.40 41.78 39.73
-9999 -9999 -9999 -9999 -9999 -9999 -9999 -9999 -9999 -9999 -9999 -9999 -9999 -9999 -9999 -9999 -9999 -9999 -9999 127.88 136.85 157.99 193.42 188.83 191.73 180.58 188.84 172.72 165.85 141.50 130.65 136.00 115.49 -9999 96.34 90.29 97.99 103.92 110.10 117.47 106.35 108.88 100.34 89.16 78.42 83.24 66.19 75.66 73.09 61.82 58.67 60.69 70.35 68.62 55.18 56.05 50.95 59.70 60.96 58.46 54.72 54.19 52.44 49.03 43.60 43.67 46.62 52.11 50.78 52.22 47.70 44.95 41.96 40.23 39.64 36.45
-9999 -9999 -9999 -9999 -9999 -9999 -9999 -9999 -9999 -9999 -9999 -9999 -9999 -9999 -9999 -9999 -9999 -9999 -9999 -9999 128.37 144.19 161.31 178.89 177.34 164.09 170.75 175.59 143.21 -9999 -9999 -9999 -9999 104.32 90.61 94.00 103.18 108.17 108.69 119.95 108.89 106.10 94.43 86.68 87.32 75.49 80.42 76.19 81.74 73.78 69.02 68.95 65.99 59.07 52.76 53.80 50.10 55.08 54.58 45.98 46.69 43.22 46.78 49.14 49.24 44.92 67.82 45.27 44.75 37.89 42.27 40.05 42.41 43.71 37.29 34.64
-9999 -9999 -9999 -9999 -9999 -9999 -9999 -9999 -9999 -9999 -9999 -9999 -9999 -9999 -9999 -9999 -9999 -9999 -9999 -9999 -9999 141.74 149.10 171.05 166.15 155.76 153.98 150.57 -9999 -9999 -9999 -9999 121.07 109.19 108.73 93.69 114.49 106.86 116.06 119.98 110.91 101.64 92.90 89.41 82.87 83.84 85.49 79.72 79.50 75.29 72.13 70.19 59.72 48.46 54.79 45.20 49.52 48.67 45.14 43.73 42.37 39.82 48.11 54.33 56.59 51.26 56.30 69.36 49.27 44.65 44.97 35.53 43.98 42.02 40.40 41.76
-9999 -9999 -9999 -9999 -9999 -9999 -9999 -9999 -9999 -9999 -9999 -9999 -9999 -9999 -9999 -9999 -9999 -9999 -9999 -9999 -9999 -9999 120.64 133.32 150.18 126.99 130.20 125.39 -9999 -9999 -9999 115.08 113.90 106.78 104.84 113.51 119.09 100.47 106.04 102.91 110.85 96.40 89.18 89.34 83.08 82.19 77.45 83.58 76.43 72.77 72.07 69.68 63.66 64.77 55.55 54.27 50.52 47.83 47.58 44.58 45.29 50.18 52.21 50.10 46.40 32.89 39.38 43.19 41.14 46.20 55.93 48.52 49.14 49.77 44.19 46.23
-9999 -9999 -9999 -9999 -9999 -9999 -9999 -9999 -9999 -9999 -9999 -9999 -9999 -9999 -9999 -9999 -9999 -9999 -9999 -9999 -9999 -9999 -9999 -9999 -9999 -9999 -9999 -9999 -9999 -9999 121.14 127.53 109.69 108.93 122.91 127.02 117.59 109.07 102.90 93.49 86.10 82.24 82.06 71.69 69.13 72.59 75.83 76.70 77.08 78.41 73.21 79.26 75.66 71.82 69.31 64.15 47.78 48.03 49.80 45.21 49.44 50.81 46.57 38.30 41.60 37.48 42.34 45.54 40.25 45.56 56.96 63.41 65.35 61.91 49.16 59.55
-9999 -9999 -9999 -9999 -9999 -9999 -9999 -9999 -9999 -9999 -9999 -9999 -9999 -9999 -9999 -9999 -9999 -9999 -9999 -9999 -9999 -9999 -9999 -9999 -9999 -9999 -9999 -9999 -9999 -9999 96.72 116.56 114.72 150.48 146.42 139.38 129.66 127.58 95.36 93.54 81.13 73.57 74.93 70.39 69.60 71.98 71.37 82.97 76.39 86.02 80.32 74.88 82.31 74.86 79.09 68.70 59.02 58.72 51.98 48.97 46.40 44.33 45.72 42.24 41.21 42.69 46.57 47.49 48.85 54.06 71.12 65.33 77.42 72.79 61.35 78.06
-9999 -9999 -9999 -9999 -9999 -9999 -9999 -9999 -9999 -9999 -9999 -9999 -9999 -9999 -9999 -9999 -9999 -9999 -9999 -9999 -9999 -9999 -9999 -9999 -9999 -9999 -9999 -9999 -9999 -9999 76.90 87.66 106.30 122.00 129.60 145.25 137.91 120.95 74.72 95.65 89.95 81.95 91.21 84.18 81.35 80.32 73.22 71.23 67.24 73.81 75.94 74.51 72.54 69.57 65.27 72.07 66.45 61.48 56.55 53.69 50.63 45.90 47.46 45.48 43.18 51.09 65.50 64.87 62.19 69.40 70.63 74.38 85.07 85.22 72.80 66.12
-9999 -9999 -9999 -9999 -9999 -9999 -9999 -9999 -9999 -9999 -9999 -9999 -9999 124.56 141.23 120.49 182.56 235.57 247.47 240.12 248.93 191.56 184.61 127.46 -9999 -9999 -9999 -9999 -9999 -9999 77.16 79.42 82.12 89.55 107.43 141.20 140.96 132.22 107.79 98.83 91.23 94.60 97.75 91.11 77.17 78.65 66.16 63.04 65.77 66.89 68.02 61.68 66.43 62.90 65.88 70.87 75.52 70.22 63.16 61.08 54.02 48.83 52.46 50.39 49.80 61.45 68.11 73.39 66.34 72.28 72.58 66.55 64.41 59.72 61.41 61.84
-9999 -9999 -9999 -9999 -9999 -9999 -9999 -9999 -9999 -9999 -9999 -9999 -9999 152.56 153.22 170.27 164.83 257.98 318.43 248.91 300.52 229.14 209.65 162.38 136.66 101.15 98.54 96.03 93.54 78.92 85.80 76.14 80.50 88.56 102.10 111.04 112.88 111.02 109.50 94.41 106.11 103.53 97.26 95.73 85.18 69.24 66.00 63.02 64.16 62.80 67.05 65.70 58.43 66.24 71.99 72.90 69.73 70.11 68.35 61.79 59.99 52.34 56.53 58.71 61.20 84.15 88.23 84.14 81.37 68.06 66.06 63.81 61.41 68.19 67.49 66.02
-9999 -9999 -9999 -9999 -9999 -9999 -9999 -9999 -9999 -9999 -9999 -9999 100.14 133.06 138.63 159.51 174.29 214.35 304.09 332.29 328.74 265.72 243.21 190.96 144.72 149.18 130.72 123.67 103.11 101.03 96.82 70.98 73.35 84.39 81.92 93.20 97.81 98.15 87.56 116.27 103.71 116.62 112.17 100.57 85.23 72.25 70.71 65.80 64.90 61.36 65.72 67.92 67.89 67.78 72.46 71.51 73.10 59.47 67.39 68.72 59.88 69.01 63.59 64.69 67.33 70.27 88.28 83.64 70.60 71.67 75.85 73.08 73.23 66.75 70.84 81.82
-9999 -9999 -9999 -9999 -9999 -9999 -9999 -9999 -9999 -9999 -9999 -9999 -9999 114.43 125.52 133.55 166.16 189.93 229.04 256.65 254.11 233.14 195.80 189.59 180.81 148.26 133.73 114.41 110.00 98.66 75.71 70.95 60.37 74.00 71.65 76.48 77.66 84.06 90.23 104.36 99.29 106.46 96.80 86.81 83.50 86.99 80.81 75.87 71.23 73.58 72.97 66.53 73.10 71.33 59.47 70.36 75.70 76.40 77.09 76.81 72.20 76.51 75.56 71.68 62.99 67.78 67.08 60.59 73.40 77.31 77.85 79.49 84.56 78.14 80.07 82.81
-9999 -9999 -9999 -9999 -9999 -9999 -9999 -9999 -9999 129.35 -9999 -9999 139.85 137.66 145.99 131.05 143.61 152.89 169.09 182.29 197.06 174.31 189.23 165.28 168.97 138.74 123.17 105.84 96.36 90.83 71.00 65.91 52.62 72.35 70.11 68.14 78.02 86.89 88.60 98.15 83.70 93.90 90.44 98.92 100.62 90.73 80.44 76.34 77.20 74.46 73.06 71.95 60.05 65.41 69.54 61.65 73.77 78.30 89.36 83.00 76.90 81.25 72.07 70.75 68.79 65.66 69.63 67.66 65.86 68.10 73.69 73.10 70.95 67.48 78.00 80.73
-9999 -9999 -9999 -9999 -9999 -9999 -9999 -9999 142.55 172.85 171.05 191.38 161.38 204.42 176.32 141.55 115.10 134.66 142.01 175.90 179.34 182.04 171.90 158.50 152.43 131.37 123.74 107.88 92.77 93.00 85.77 72.64 68.16 74.31 73.76 68.66 73.71 84.52 83.72 85.53 93.58 103.17 94.12 97.86 105.28 91.51 82.81 69.08 71.67 75.91 74.42 65.66 66.64 58.17 70.60 69.49 70.97 77.73 80.00 82.69 75.19 84.99 84.56 77.62 68.69 68.18 65.89 68.15 65.14 63.39 71.16 71.00 67.90 70.80 71.14 77.01
-9999 -9999 -9999 -9999 -9999 -9999 -9999 -9999 149.85 153.01 174.66 180.48 168.06 215.85 172.65 142.90 153.88 144.31 152.75 169.37 162.54 172.80 155.73 161.63 147.68 128.19 123.88 134.73 116.86 102.56 90.70 86.56 83.07 84.42 83.62 84.27 119.27 82.90 86.33 82.34 82.05 80.80 93.84 91.68 87.99 88.92 80.16 72.33 83.49 80.31 72.54 62.60 65.11 72.77 68.09 66.67 75.84 85.24 81.67 79.16 94.23 82.91 88.46 79.28 68.90 78.31 71.91 72.43 67.66 69.13 71.16 72.72 74.31 70.58 69.99 74.44
-9999 -9999 -9999 -9999 -9999 -9999 -9999 -9999 155.35 168.44 175.42 194.21 176.54 176.18 175.50 162.86 154.60 142.63 138.79 148.75 136.90 141.32 143.32 138.85 125.97 117.62 131.06 131.78 151.04 127.28 114.01 104.30 100.05 78.61 82.92 93.15 96.33 92.76 84.55 81.78 86.47 93.80 90.58 92.73 88.47 85.05 82.87 80.03 79.99 88.88 88.51 61.39 61.90 64.24 57.34 69.50 62.44 75.69 73.46 74.42 87.66 81.18 86.15 95.94 76.18 94.78 84.52 73.47 71.82 88.31 84.23 89.38 75.66 72.75 69.00 68.69
-9999 -9999 -9999 -9999 -9999 -9999 -9999 -9999 124.53 165.36 168.19 157.51 158.80 172.84 166.89 153.64 146.33 139.20 136.05 132.66 125.73 113.84 109.08 118.43 107.92 106.09 131.89 126.55 140.18 127.49 121.22 124.49 107.90 94.15 100.79 119.19 100.15 97.33 98.19 91.54 96.28 89.00 94.87 89.27 83.02 84.91 84.55 80.67 79.12 79.22 75.37 65.92 80.43 69.84 66.74 61.26 75.59 60.26 58.35 70.25 66.08 67.02 68.52 73.28 68.11 73.83 78.29 75.04 72.97 77.92 71.40 87.29 73.23 67.23 76.03 73.08
-9999 -9999 -9999 -9999 -9999 -9999 -9999 -9999 118.84 148.05 143.53 154.85 163.79 157.07 155.95 147.06 131.07 127.28 114.72 107.59 90.01 87.59 93.85 94.88 91.10 92.74 92.23 112.72 127.89 118.21 107.01 126.51 136.91 120.39 129.69 125.16 120.90 123.26 118.04 106.45 102.43 93.27 91.76 89.12 89.02 86.10 86.42 81.50 80.34 72.75 68.00 67.00 61.17 61.10 54.99 50.50 54.16 49.98 53.23 54.47 57.42 61.48 65.70 66.79 60.59 63.94 62.94 60.88 -9999 -9999 62.01 71.43 72.67 69.61 68.73 86.76
-9999 -9999 -9999 -9999 -9999 -9999 -9999 130.35 136.06 148.01 139.27 152.51 163.99 162.24 164.01 173.98 150.65 133.51 127.70 123.23 85.40 87.56 86.53 85.89 82.61 82.23 82.14 106.73 119.45 107.04 113.28 119.17 108.47 107.67 106.85 102.09 126.48 124.41 110.30 111.37 103.28 97.31 94.72 91.62 92.55 85.89 85.59 76.93 76.48 69.09 65.12 61.95 58.30 60.86 -9999 -9999 51.81 45.99 49.26 50.98 50.07 54.45 67.72 -9999 -9999 -9999 -9999 -9999 -9999 -9999 -9999 -9999 -9999 65.69 65.40 71.64
