Rainfall_2007-2011/Rainfall_2011-09_ACTUAL.txt
ncols         180
nrows         290
xllcorner     -200000
yllcorner     -200000
cellsize      5000
NODATA_value  -9999
[rows 165 to 197 of 290, columns 76 to 151 of 180]
-9999 -9999 -9999 -9999 -9999 -9999 -9999 -9999 -9999 -9999 -9999 -9999 -9999 -9999 -9999 -9999 -9999 -9999 -9999 -9999 -9999 -9999 -9999 -9999 -9999 -9999 -9999 -9999 -9999 -9999 -9999 84.78 99.73 97.34 101.27 122.93 153.83 161.76 150.63 162.97 155.83 159.49 147.40 163.13 129.33 76.25 62.87 51.08 38.36 40.23 28.42 25.36 26.32 21.52 16.27 17.67 20.96 23.24 25.43 27.34 27.91 31.01 29.75 29.37 30.86 29.12 29.96 -9999 21.61 17.13 16.32 18.81 -9999 -9999 -9999 -9999
-9999 -9999 -9999 -9999 -9999 -9999 -9999 -9999 -9999 -9999 -9999 -9999 -9999 -9999 -9999 -9999 -9999 -9999 -9999 -9999 -9999 -9999 -9999 -9999 -9999 -9999 -9999 -9999 -9999 -9999 100.16 87.26 85.08 101.14 114.02 119.04 162.72 192.16 160.22 170.53 170.65 158.77 145.74 144.44 172.50 111.70 69.06 47.63 39.36 32.07 23.89 24.36 22.41 21.99 23.64 19.73 20.97 22.91 25.36 27.54 28.87 29.35 35.89 31.46 35.85 30.72 27.66 25.11 -9999 20.32 17.80 17.88 19.18 -9999 -9999 -9999
-9999 -9999 -9999 -9999 -9999 -9999 -9999 -9999 -9999 -9999 -9999 -9999 -9999 -9999 -9999 -9999 -9999 -9999 -9999 -9999 -9999 -9999 -9999 -9999 -9999 -9999 -9999 -9999 -9999 -9999 88.52 99.31 96.49 104.88 115.41 124.66 117.63 149.27 126.83 129.19 125.54 84.51 104.03 110.10 125.97 102.63 68.16 51.88 23.03 29.11 30.73 23.40 22.21 23.39 22.70 21.34 19.95 22.19 25.35 25.59 31.11 29.36 37.54 29.91 24.31 28.47 28.83 25.37 23.45 -9999 -9999 -9999 -9999 -9999 -9999 -9999
-9999 -9999 -9999 -9999 -9999 -9999 -9999 -9999 -9999 -9999 -9999 -9999 -9999 -9999 -9999 -9999 -9999 -9999 -9999 -9999 -9999 -9999 -9999 -9999 -9999 -9999 -9999 -9999 -9999 84.20 89.57 93.71 102.65 109.18 119.58 112.13 123.10 131.02 122.69 109.19 110.36 98.56 104.31 121.01 139.43 115.36 94.21 69.17 47.27 31.76 25.20 17.02 17.07 23.67 22.90 22.02 22.39 22.94 25.18 25.23 27.60 27.97 29.08 27.11 30.06 27.85 25.39 26.90 23.26 22.41 24.60 -9999 -9999 -9999 -9999 -9999
-9999 -9999 -9999 -9999 -9999 -9999 -9999 -9999 -9999 -9999 -9999 -9999 -9999 -9999 -9999 -9999 -9999 -9999 -9999 -9999 -9999 -9999 -9999 -9999 -9999 -9999 -9999 -9999 -9999 -9999 89.77 92.12 101.11 95.16 93.61 97.50 97.77 85.82 94.96 99.89 91.86 87.91 89.39 97.18 134.51 116.30 106.68 73.66 46.48 40.14 28.28 23.36 16.62 18.77 21.72 22.90 23.97 24.95 23.35 22.70 21.52 27.36 27.99 27.34 29.46 25.01 26.72 25.96 24.27 23.30 24.49 26.14 26.87 -9999 -9999 -9999
-9999 -9999 -9999 -9999 -9999 -9999 -9999 -9999 -9999 -9999 -9999 -9999 -9999 -9999 -9999 -9999 -9999 -9999 -9999 -9999 -9999 -9999 -9999 -9999 -9999 -9999 -9999 -9999 -9999 -9999 90.63 89.29 87.02 83.68 87.49 83.96 78.20 71.59 68.36 64.96 61.53 64.15 68.93 81.54 82.34 98.60 102.79 82.40 55.46 34.10 31.58 27.69 22.53 15.91 18.14 21.28 24.02 22.64 23.00 23.40 22.30 23.13 26.24 26.85 26.61 26.22 23.11 29.67 32.09 26.80 24.13 24.86 26.20 -9999 -9999 -9999
-9999 -9999 -9999 -9999 -9999 -9999 -9999 -9999 -9999 -9999 85.06 84.14 89.62 106.31 -9999 -9999 -9999 -9999 -9999 -9999 -9999 -9999 -9999 -9999 -9999 -9999 -9999 -9999 -9999 57.04 74.11 81.79 75.01 80.00 68.30 58.70 60.18 57.97 51.82 49.32 58.96 60.57 62.83 73.99 85.58 69.16 85.42 65.02 55.92 43.60 28.27 30.26 22.97 21.50 20.81 19.26 23.97 24.22 18.79 21.10 21.41 23.26 24.23 24.75 24.77 26.31 33.28 30.84 31.65 31.51 26.21 25.47 26.68 26.34 -9999 -9999
-9999 -9999 -9999 -9999 -9999 -9999 -9999 -9999 -9999 -9999 93.09 90.64 93.47 101.78 -9999 -9999 -9999 -9999 -9999 -9999 -9999 -9999 -9999 -9999 -9999 -9999 -9999 -9999 60.84 58.86 63.72 70.94 63.17 56.30 50.38 39.25 44.20 44.99 37.00 46.01 49.67 48.91 53.45 50.48 53.51 61.73 84.83 59.68 55.62 43.10 32.06 26.27 22.93 17.96 19.36 19.57 22.33 25.13 23.46 19.94 23.71 26.85 21.74 21.52 22.25 26.00 27.38 34.03 33.78 31.30 28.35 27.85 25.99 24.17 -9999 -9999
-9999 -9999 -9999 -9999 -9999 -9999 -9999 -9999 58.46 79.15 92.36 98.20 110.27 128.75 142.34 112.62 124.91 -9999 -9999 70.15 70.76 -9999 -9999 -9999 58.01 70.71 59.35 -9999 46.94 54.12 55.78 50.84 47.75 49.20 44.14 41.98 48.80 43.73 30.97 31.42 37.07 37.99 38.04 41.93 48.10 52.18 67.01 39.91 40.68 43.39 31.86 33.01 25.38 19.63 18.97 27.65 29.06 26.08 25.82 22.26 19.81 19.08 17.91 19.97 22.19 24.09 25.94 32.96 35.99 32.51 34.02 27.48 24.28 17.83 24.71 -9999
-9999 -9999 -9999 -9999 -9999 -9999 -9999 -9999 -9999 73.35 95.51 112.77 115.30 134.04 144.78 142.58 121.31 -9999 74.34 89.78 89.61 78.27 55.29 43.91 39.47 56.32 53.66 44.38 -9999 40.91 45.00 41.16 33.74 38.13 41.30 41.08 46.87 39.97 31.33 35.08 29.93 36.30 37.20 56.66 62.34 41.31 54.89 32.03 45.75 46.94 34.49 28.73 25.71 26.88 25.10 29.81 31.73 27.16 23.03 22.25 19.10 20.04 19.89 24.99 23.46 23.00 25.75 30.59 33.12 32.08 34.83 30.82 27.43 24.97 26.87 -9999
-9999 -9999 -9999 -9999 -9999 -9999 -9999 -9999 -9999 -9999 95.31 123.12 128.95 128.26 126.49 122.57 136.08 130.40 172.64 110.95 107.51 96.59 74.52 44.17 42.05 35.93 39.34 46.94 42.65 38.58 39.65 39.76 34.48 38.36 40.65 40.75 47.90 37.27 27.32 32.96 32.82 41.49 41.51 54.02 65.83 65.11 52.22 43.55 40.12 38.38 35.82 31.78 29.25 30.09 27.11 28.41 28.14 24.19 22.86 22.35 20.69 19.44 22.43 24.80 23.03 22.43 24.28 28.03 28.22 31.36 33.75 37.11 34.26 30.14 28.40 29.47
-9999 -9999 -9999 -9999 -9999 -9999 -9999 -9999 -9999 -9999 -9999 129.22 116.68 115.82 131.12 159.05 191.22 239.28 193.88 125.67 119.63 95.36 90.81 69.36 48.03 43.77 59.48 44.05 49.30 40.40 42.89 34.49 31.02 34.79 39.34 48.09 28.35 26.84 29.70 31.10 29.65 37.51 48.09 51.74 47.11 56.83 54.55 53.54 38.21 36.24 42.32 37.82 33.46 33.84 31.30 30.48 28.70 22.10 17.02 16.75 15.48 16.82 18.27 22.26 21.44 21.46 23.11 26.60 26.46 29.38 36.79 33.87 29.60 29.72 29.38 28.45
-9999 -9999 -9999 -9999 -9999 -9999 -9999 -9999 -9999 -9999 -9999 -9999 126.96 128.19 177.97 215.43 221.87 290.72 240.36 164.32 149.48 114.95 111.34 66.32 65.50 52.72 45.42 56.75 43.46 37.02 47.57 37.64 32.91 32.19 36.04 37.22 30.27 28.38 27.28 30.47 29.68 33.45 48.75 52.57 49.26 42.68 44.68 52.06 44.08 31.56 38.35 43.32 38.50 40.50 35.74 31.57 27.55 21.00 14.10 11.49 10.09 15.85 15.95 22.87 22.84 21.40 22.08 24.29 25.84 25.73 26.69 24.98 28.00 30.27 31.35 30.14
-9999 -9999 -9999 -9999 -9999 -9999 -9999 -9999 -9999 -9999 -9999 -9999 128.87 141.10 193.65 241.10 389.55 369.11 317.64 185.75 160.40 165.46 141.60 120.77 79.37 64.79 44.51 48.85 47.67 40.05 36.12 34.53 27.90 30.66 34.75 33.22 28.03 30.96 29.41 27.68 28.18 30.98 40.39 40.88 40.51 52.63 52.54 54.05 49.68 44.89 42.12 46.36 43.00 41.45 43.57 31.76 28.12 22.52 20.34 19.53 15.79 16.94 17.42 21.78 26.66 22.15 21.55 23.01 24.89 24.88 25.26 22.54 24.45 30.77 32.25 -9999
-9999 -9999 -9999 -9999 -9999 -9999 -9999 -9999 -9999 -9999 -9999 -9999 153.15 200.80 249.55 326.39 473.28 388.39 261.78 216.84 174.00 193.27 180.61 119.67 100.13 79.49 56.14 55.37 45.16 40.07 31.89 31.62 28.20 28.00 31.14 28.44 26.79 30.31 28.42 25.10 31.17 34.19 37.71 40.44 50.29 48.01 39.73 49.13 45.65 44.10 47.09 34.81 37.28 36.45 34.07 31.27 27.07 26.80 21.24 20.15 16.82 18.85 16.98 16.51 15.15 19.89 19.41 23.44 24.94 24.84 23.11 21.99 23.52 27.80 -9999 -9999
-9999 -9999 -9999 -9999 -9999 -9999 -9999 -9999 -9999 -9999 -9999 125.21 234.48 181.43 273.30 363.25 295.89 355.56 305.53 242.47 223.17 218.57 162.59 107.12 85.22 70.64 65.01 60.99 46.97 40.06 31.80 29.46 26.48 30.57 28.91 26.94 28.14 28.88 28.20 29.26 32.80 34.85 39.24 46.88 40.11 47.87 48.34 41.12 51.60 43.11 41.87 38.07 32.61 32.84 31.29 31.33 29.74 25.64 25.84 21.55 19.20 19.23 16.79 12.88 10.63 18.98 21.20 24.00 24.83 26.37 29.43 24.12 24.43 -9999 -9999 -9999
-9999 -9999 -9999 -9999 -9999 -9999 -9999 -9999 -9999 90.82 102.38 114.86 140.03 155.97 201.78 242.99 210.66 275.19 285.52 251.68 223.50 186.68 150.68 130.50 89.69 81.28 67.13 48.17 38.44 31.56 33.42 30.08 26.69 31.66 24.44 28.11 28.42 32.33 33.44 30.28 33.68 33.62 37.80 40.97 42.13 37.33 36.48 41.62 38.07 37.71 38.76 34.79 32.58 28.27 29.74 26.31 21.30 24.69 21.42 20.19 22.50 18.85 17.58 17.45 20.82 23.29 25.02 25.74 24.10 27.00 27.03 23.94 -9999 -9999 -9999 -9999
-9999 -9999 -9999 -9999 -9999 -9999 -9999 -9999 94.35 86.82 116.09 117.37 115.90 107.01 142.10 149.73 166.13 203.63 234.13 224.83 258.52 164.58 110.39 111.19 81.75 102.90 91.41 70.74 43.65 39.04 34.90 29.77 27.64 29.58 30.40 25.31 25.98 29.00 30.36 30.87 29.60 33.58 37.87 39.18 36.14 37.08 34.27 33.03 32.65 34.00 34.55 32.55 35.24 33.04 26.48 22.88 23.16 21.65 14.76 16.93 14.12 16.47 17.46 21.11 24.41 26.17 25.46 26.20 25.32 25.23 26.62 23.20 -9999 -9999 -9999 -9999
-9999 -9999 -9999 -9999 -9999 -9999 -9999 112.13 96.66 84.24 112.06 -9999 -9999 -9999 -9999 146.67 200.68 238.37 243.28 236.35 208.78 198.81 161.26 145.96 105.10 137.87 102.00 73.74 65.10 50.63 34.71 29.94 27.44 24.33 22.12 24.40 22.13 22.44 26.48 25.21 23.30 34.32 34.81 36.11 35.79 40.77 31.65 31.21 32.66 33.63 29.30 30.65 33.00 29.23 24.19 21.49 21.17 20.47 12.59 15.57 15.12 16.06 17.04 22.22 25.84 24.06 32.85 31.03 29.78 31.44 28.94 25.99 24.54 -9999 -9999 -9999
-9999 -9999 -9999 -9999 -9999 -9999 -9999 94.88 118.04 87.62 86.76 -9999 -9999 -9999 -9999 128.97 179.25 254.49 228.74 253.80 239.06 243.05 226.15 191.71 133.41 138.12 81.66 68.06 58.09 46.09 34.19 29.67 27.73 23.83 19.54 21.83 19.11 21.66 23.76 23.88 26.81 30.22 31.21 31.44 31.89 28.65 30.86 32.26 29.55 31.56 28.17 32.49 29.91 23.87 23.82 17.30 19.93 21.34 18.65 23.70 22.38 18.07 17.43 24.44 25.17 27.39 34.75 36.77 32.79 32.67 28.22 23.64 24.36 25.41 -9999 -9999
-9999 -9999 -9999 -9999 -9999 -9999 -9999 -9999 -9999 -9999 -9999 -9999 -9999 -9999 -9999 101.32 172.04 201.05 196.49 226.26 216.20 255.32 254.91 157.21 156.03 133.77 86.60 65.66 47.82 31.06 27.60 28.05 24.36 22.32 19.51 18.20 18.37 18.75 16.47 25.73 28.73 27.42 28.66 31.01 28.77 23.78 27.69 27.11 25.53 34.53 34.42 37.06 26.87 22.27 23.33 24.55 19.20 21.84 23.60 23.10 22.40 21.57 15.93 23.56 27.15 26.31 34.41 35.43 31.73 30.16 29.42 29.05 28.63 28.93 24.60 30.20
-9999 -9999 -9999 -9999 -9999 -9999 -9999 -9999 -9999 -9999 -9999 -9999 -9999 -9999 -9999 -9999 184.01 159.03 198.92 226.92 252.94 233.43 224.84 203.78 147.54 91.50 74.24 49.94 34.39 28.18 26.62 23.16 17.10 18.00 17.02 16.84 14.18 16.23 15.90 22.08 24.58 25.74 28.84 34.94 36.13 25.58 25.35 24.51 29.25 30.11 30.19 30.39 23.51 24.26 26.70 26.91 23.62 24.00 22.73 23.18 20.10 21.89 21.19 23.28 29.44 29.00 38.01 36.18 31.97 29.37 31.09 35.62 32.36 29.79 29.15 29.81
-9999 -9999 -9999 -9999 -9999 -9999 -9999 -9999 -9999 -9999 -9999 -9999 -9999 -9999 -9999 -9999 161.80 231.42 320.05 292.43 256.21 200.89 199.93 184.93 134.36 94.16 65.42 56.32 33.51 24.48 27.38 23.48 15.51 16.58 13.84 14.35 11.55 17.40 22.27 22.85 22.56 23.98 28.37 31.74 33.79 26.75 24.45 23.35 28.11 28.36 28.62 29.71 27.95 33.64 29.78 28.91 29.26 26.47 24.93 25.58 23.40 22.76 22.30 25.91 31.34 30.40 38.39 34.18 31.85 30.79 29.28 34.51 31.49 30.32 29.52 28.82
-9999 -9999 -9999 -9999 -9999 -9999 -9999 -9999 -9999 -9999 -9999 -9999 -9999 -9999 -9999 148.73 165.39 218.01 301.38 274.92 218.35 197.80 162.90 143.23 122.18 85.99 57.56 52.21 36.04 38.56 28.07 22.04 20.48 22.54 20.25 18.36 20.70 22.59 24.44 22.73 21.67 24.95 27.53 28.51 28.00 25.05 21.68 22.48 23.46 24.15 22.74 26.24 28.73 38.38 25.29 24.82 29.69 27.38 19.35 25.30 30.21 26.57 25.03 28.22 31.89 30.98 38.71 36.81 32.30 30.33 30.68 30.04 30.49 32.10 31.54 27.66
-9999 -9999 -9999 -9999 -9999 -9999 -9999 -9999 -9999 -9999 -9999 -9999 -9999 -9999 -9999 123.14 144.81 233.89 223.99 209.42 176.42 171.36 164.97 141.26 92.45 68.81 49.09 48.17 31.14 31.44 29.01 29.73 28.59 23.05 21.32 17.19 20.54 23.62 20.45 23.09 23.91 22.85 27.02 30.96 26.78 26.48 25.98 23.82 23.63 22.35 22.54 25.12 23.76 30.01 27.72 26.29 24.94 25.51 26.85 24.59 28.51 27.74 24.15 28.12 31.32 35.70 39.46 34.64 33.39 29.44 26.45 26.68 27.91 27.61 27.66 28.17
-9999 -9999 -9999 -9999 -9999 -9999 -9999 -9999 -9999 -9999 -9999 -9999 -9999 -9999 -9999 96.11 121.55 146.87 196.77 173.88 170.09 150.64 162.65 121.82 101.27 68.91 54.26 44.47 36.60 37.74 31.12 37.85 42.41 35.19 30.44 23.56 23.09 23.26 20.13 23.07 24.85 24.95 27.72 30.64 28.85 28.91 26.32 23.76 24.55 24.33 20.42 23.46 24.32 22.77 22.46 20.49 23.60 24.77 26.34 21.08 21.48 24.28 24.16 29.36 35.80 36.11 30.94 26.14 25.99 27.37 26.46 27.14 24.64 26.31 28.33 28.53
-9999 -9999 -9999 -9999 -9999 -9999 -9999 -9999 -9999 -9999 -9999 -9999 -9999 -9999 -9999 -9999 121.37 175.20 205.53 209.58 216.29 157.20 142.30 99.33 75.34 60.28 51.05 44.10 38.89 27.72 33.00 28.53 34.73 34.83 32.86 27.51 30.62 29.53 22.89 24.39 25.11 27.07 30.23 29.74 28.46 25.34 26.54 25.95 23.71 26.08 24.25 23.93 22.68 23.20 21.76 23.35 24.88 22.37 26.35 21.93 23.57 23.53 23.16 27.13 28.86 28.24 27.34 28.90 27.07 24.58 26.33 29.66 30.00 33.31 29.34 27.28
-9999 -9999 -9999 -9999 -9999 -9999 -9999 -9999 -9999 -9999 -9999 -9999 -9999 -9999 -9999 -9999 144.01 193.60 219.79 220.19 245.27 194.82 162.97 96.26 67.88 70.49 69.69 62.08 53.30 39.02 32.70 31.62 34.36 31.09 31.89 36.82 37.65 44.36 27.40 26.42 24.64 26.00 28.84 32.35 29.91 29.22 27.48 25.66 24.53 26.07 25.78 24.59 25.26 27.46 27.12 27.34 25.79 23.46 31.49 24.91 27.17 29.26 22.37 29.66 29.05 25.15 26.55 29.82 31.56 31.06 29.56 33.22 31.74 27.85 29.55 23.03
-9999 -9999 -9999 -9999 -9999 -9999 -9999 -9999 -9999 -9999 -9999 -9999 -9999 -9999 -9999 101.16 114.92 164.73 208.05 217.83 207.49 183.58 124.36 106.80 110.57 85.51 78.02 57.64 45.51 37.89 38.35 39.87 34.88 33.31 35.82 36.69 38.57 31.95 24.66 27.17 25.59 30.00 33.10 35.34 31.82 31.91 31.18 33.85 25.75 27.20 25.58 24.23 27.53 32.53 25.44 32.32 29.73 25.23 20.08 23.66 23.79 24.75 27.52 27.88 32.82 28.44 25.67 29.98 32.17 40.98 40.34 33.81 32.01 29.18 29.77 28.79
-9999 -9999 -9999 -9999 -9999 -9999 -9999 -9999 -9999 -9999 -9999 -9999 -9999 -9999 -9999 114.19 131.03 142.83 157.33 185.73 209.35 173.78 129.22 88.00 78.44 82.68 78.58 66.72 51.97 49.95 45.52 35.21 37.99 31.57 36.94 34.45 42.63 26.65 25.36 25.69 23.75 27.58 31.23 44.76 34.63 32.49 36.65 33.52 35.01 24.94 26.81 24.18 26.53 24.49 25.07 29.34 28.16 27.59 24.00 26.17 26.22 27.19 25.38 29.69 30.28 30.79 31.54 32.35 36.14 38.10 46.92 39.31 31.73 26.65 25.22 23.99
-9999 -9999 -9999 -9999 -9999 -9999 -9999 -9999 -9999 -9999 -9999 -9999 -9999 -9999 -9999 109.67 125.10 121.26 147.09 169.34 182.98 157.40 123.05 83.08 73.29 81.22 71.67 63.27 56.30 45.94 40.28 38.16 33.35 42.37 33.71 33.84 34.74 28.57 27.89 25.68 27.57 28.78 34.92 31.18 30.54 32.91 31.39 27.72 27.86 26.69 25.02 24.84 22.11 18.84 22.47 21.50 19.47 25.15 25.46 26.37 30.01 25.40 26.36 29.16 33.78 35.45 34.73 36.38 45.60 40.33 43.81 32.57 29.20 27.06 29.14 22.67
-9999 -9999 -9999 -9999 -9999 -9999 -9999 -9999 -9999 -9999 -9999 -9999 -9999 -9999 97.85 107.77 132.17 137.68 138.44 165.63 152.91 149.86 113.08 64.50 60.74 75.74 78.96 78.40 59.78 39.39 42.54 38.10 34.37 35.49 33.49 31.43 31.44 30.72 27.92 27.25 29.97 31.69 33.96 30.16 28.47 27.43 28.92 26.08 27.22 27.47 25.52 23.78 20.36 18.93 19.29 23.19 25.60 31.78 26.60 25.98 28.33 24.05 21.66 31.94 32.68 37.84 37.78 38.48 40.85 44.32 37.09 31.36 32.06 27.63 20.01 21.70
-9999 -9999 -9999 -9999 -9999 -9999 -9999 -9999 -9999 -9999 -9999 -9999 -9999 89.18 97.53 104.79 100.81 100.91 145.23 175.22 168.00 135.13 134.47 87.13 81.38 70.10 63.32 91.95 60.04 48.05 35.77 33.44 31.39 32.54 32.83 38.94 38.12 34.58 28.46 27.67 26.54 28.42 30.75 29.16 28.24 28.06 27.42 27.34 28.66 31.73 26.82 26.93 24.83 23.98 20.00 25.90 29.36 35.20 25.79 18.49 28.04 33.84 29.66 38.05 39.14 38.14 34.87 37.89 39.92 44.65 34.54 33.29 32.97 28.38 22.90 25.26
