Rainfall_2007-2011/Rainfall_2008-05_ACTUAL.txt
ncols         180
nrows         290
xllcorner     -200000
yllcorner     -200000
cellsize      5000
NODATA_value  -9999
[rows 102 to 135 of 290, columns 77 to 153 of 180]
-9999 28.51 32.79 43.51 33.89 45.60 40.77 42.40 39.36 45.08 34.72 38.93 33.05 41.04 79.84 72.34 24.58 23.40 34.33 37.87 33.42 33.63 32.90 31.53 29.51 27.71 26.21 26.51 30.75 24.25 24.36 26.06 28.28 27.80 22.64 18.96 -9999 -9999 -9999 -9999 -9999 -9999 -9999 -9999 -9999 -9999 -9999 -9999 -9999 -9999 -9999 -9999 -9999 -9999 -9999 -9999 -9999 -9999 -9999 -9999 -9999 -9999 -9999 -9999 -9999 -9999 -9999 -9999 -9999 -9999 -9999 -9999 -9999 -9999 -9999 -9999 -9999
26.40 25.51 28.30 28.90 40.53 45.87 32.14 36.38 49.50 70.46 52.08 52.37 48.18 46.88 39.75 44.67 37.80 37.22 31.57 30.73 37.38 39.05 32.32 29.31 27.33 27.90 28.90 31.47 23.85 21.56 20.73 21.34 21.46 23.00 -9999 -9999 -9999 -9999 -9999 -9999 -9999 -9999 -9999 -9999 -9999 -9999 -9999 -9999 -9999 -9999 -9999 -9999 -9999 -9999 -9999 -9999 -9999 -9999 -9999 -9999 -9999 -9999 -9999 -9999 -9999 -9999 -9999 -9999 -9999 -9999 -9999 -9999 -9999 -9999 -9999 -9999 -9999
26.46 27.78 33.06 31.11 32.78 30.56 26.22 31.06 41.93 56.92 48.31 45.14 44.08 68.10 85.94 30.54 34.08 32.90 33.19 35.50 31.26 31.31 27.40 25.02 23.92 24.36 26.27 22.28 19.36 18.98 18.03 19.65 16.89 -9999 -9999 -9999 -9999 -9999 -9999 -9999 -9999 -9999 -9999 -9999 -9999 -9999 -9999 -9999 -9999 -9999 -9999 -9999 -9999 -9999 -9999 -9999 -9999 -9999 -9999 -9999 -9999 -9999 -9999 -9999 -9999 -9999 -9999 -9999 -9999 -9999 -9999 -9999 -9999 -9999 -9999 -9999 -9999
27.34 28.23 31.27 27.11 28.21 27.64 29.15 30.83 40.01 43.85 44.43 54.34 61.90 49.53 51.19 40.30 43.86 37.29 28.33 25.77 22.35 22.86 24.35 23.35 19.26 16.95 19.50 17.59 17.96 20.78 16.91 18.25 18.55 -9999 -9999 -9999 -9999 -9999 -9999 -9999 -9999 -9999 -9999 -9999 -9999 -9999 -9999 -9999 -9999 -9999 -9999 -9999 -9999 -9999 -9999 -9999 -9999 -9999 -9999 -9999 -9999 -9999 -9999 -9999 -9999 -9999 -9999 -9999 -9999 -9999 -9999 -9999 -9999 -9999 -9999 -9999 -9999
22.65 30.07 30.77 31.58 35.62 34.93 32.01 31.33 47.31 42.95 42.94 39.86 50.47 38.35 46.49 50.80 33.82 30.07 34.42 32.05 29.93 52.02 37.17 20.77 17.97 16.80 17.65 17.57 17.74 19.24 12.79 16.18 18.62 17.72 -9999 -9999 -9999 -9999 -9999 -9999 -9999 -9999 -9999 -9999 -9999 -9999 -9999 -9999 -9999 -9999 -9999 -9999 -9999 -9999 -9999 -9999 -9999 -9999 -9999 -9999 -9999 -9999 -9999 -9999 -9999 -9999 -9999 -9999 -9999 -9999 -9999 -9999 -9999 -9999 -9999 -9999 -9999
26.74 33.33 31.28 30.47 24.32 28.92 24.46 38.80 55.23 38.19 42.60 44.77 44.87 24.67 41.15 38.01 35.92 40.22 36.05 31.55 38.50 46.63 39.66 27.63 22.83 23.75 24.54 19.09 17.94 19.14 13.46 17.44 22.77 21.14 21.65 -9999 -9999 -9999 -9999 -9999 -9999 -9999 -9999 -9999 -9999 -9999 -9999 -9999 -9999 -9999 -9999 -9999 -9999 -9999 -9999 -9999 -9999 -9999 -9999 -9999 -9999 -9999 -9999 -9999 -9999 -9999 -9999 -9999 -9999 -9999 -9999 -9999 -9999 -9999 -9999 -9999 -9999
30.37 33.15 35.08 28.54 21.63 23.42 33.54 46.31 69.79 39.46 41.61 41.04 40.50 33.75 35.11 36.28 30.31 28.15 28.58 31.54 38.50 47.07 51.33 35.39 24.87 20.83 24.93 22.62 17.92 19.54 17.76 20.68 22.55 21.05 20.94 19.19 -9999 -9999 -9999 -9999 -9999 -9999 -9999 -9999 -9999 -9999 -9999 -9999 -9999 -9999 -9999 -9999 -9999 -9999 -9999 -9999 -9999 -9999 -9999 -9999 -9999 -9999 -9999 -9999 -9999 -9999 -9999 -9999 -9999 -9999 -9999 -9999 -9999 -9999 -9999 -9999 -9999
30.00 41.03 46.29 28.34 26.76 32.52 40.40 39.41 39.81 38.38 52.56 38.82 39.29 36.28 34.84 30.74 27.77 22.96 26.84 31.86 48.91 56.26 55.34 38.76 22.02 21.36 22.40 20.23 18.86 19.03 17.12 16.40 18.91 18.61 18.27 -9999 -9999 -9999 -9999 -9999 -9999 -9999 -9999 -9999 -9999 -9999 -9999 -9999 -9999 -9999 -9999 -9999 -9999 -9999 -9999 -9999 -9999 -9999 -9999 -9999 -9999 -9999 -9999 -9999 -9999 -9999 -9999 -9999 -9999 -9999 -9999 -9999 -9999 -9999 -9999 -9999 -9999
33.22 40.33 34.01 31.70 40.20 36.04 38.47 38.13 41.34 41.68 37.03 45.85 38.06 34.30 27.85 26.35 23.80 21.64 19.07 28.99 27.34 26.30 31.86 29.91 24.07 22.75 23.91 21.50 19.14 18.89 16.51 -9999 -9999 -9999 -9999 -9999 -9999 -9999 -9999 -9999 -9999 -9999 -9999 -9999 -9999 -9999 -9999 -9999 -9999 -9999 -9999 -9999 -9999 -9999 -9999 -9999 -9999 -9999 -9999 -9999 -9999 -9999 -9999 -9999 -9999 -9999 -9999 -9999 -9999 -9999 -9999 -9999 -9999 -9999 -9999 -9999 -9999
35.35 31.22 31.13 33.91 33.46 43.37 42.03 25.57 29.75 37.93 33.26 31.78 40.00 36.37 36.92 33.44 28.65 26.61 20.79 25.26 25.44 28.50 27.24 25.96 26.08 23.74 24.40 22.90 20.22 -9999 -9999 -9999 -9999 -9999 -9999 -9999 -9999 -9999 -9999 -9999 -9999 -9999 -9999 -9999 -9999 -9999 -9999 -9999 -9999 -9999 -9999 -9999 -9999 -9999 -9999 -9999 -9999 -9999 -9999 -9999 -9999 -9999 -9999 -9999 -9999 -9999 -9999 -9999 -9999 -9999 -9999 -9999 -9999 -9999 -9999 -9999 -9999
37.83 31.23 34.16 21.96 25.73 49.19 43.45 32.31 34.14 34.81 27.04 26.30 30.31 38.50 49.68 33.48 34.05 31.91 30.01 29.62 29.12 25.88 26.19 23.59 22.95 21.86 20.98 21.82 19.51 -9999 -9999 -9999 -9999 -9999 -9999 -9999 -9999 -9999 -9999 -9999 -9999 -9999 -9999 -9999 -9999 -9999 -9999 -9999 -9999 -9999 -9999 -9999 -9999 -9999 -9999 -9999 -9999 -9999 -9999 -9999 -9999 -9999 -9999 -9999 -9999 -9999 -9999 -9999 -9999 -9999 -9999 -9999 -9999 -9999 -9999 -9999 -9999
-9999 30.36 28.36 20.25 24.70 39.60 39.09 29.53 25.11 27.57 28.34 28.27 30.50 26.59 40.87 42.16 39.94 38.64 32.28 27.66 27.07 27.82 25.53 21.97 21.11 15.41 16.17 -9999 -9999 -9999 -9999 -9999 14.01 15.17 22.83 28.65 -9999 -9999 -9999 -9999 -9999 -9999 -9999 -9999 -9999 -9999 -9999 -9999 -9999 -9999 -9999 -9999 -9999 -9999 -9999 -9999 -9999 -9999 -9999 -9999 -9999 -9999 -9999 -9999 -9999 -9999 -9999 -9999 -9999 -9999 -9999 -9999 -9999 -9999 -9999 -9999 -9999
-9999 23.19 24.57 23.28 22.37 36.07 30.73 29.36 24.44 26.57 26.37 26.13 32.78 29.07 31.24 32.71 31.41 31.25 29.95 28.46 27.93 29.46 26.01 23.66 20.58 21.81 22.26 19.44 18.28 -9999 -9999 16.53 16.75 22.46 23.88 32.10 34.77 21.00 -9999 -9999 -9999 -9999 -9999 -9999 -9999 -9999 -9999 -9999 -9999 -9999 -9999 -9999 -9999 -9999 -9999 -9999 -9999 -9999 -9999 -9999 -9999 -9999 -9999 -9999 -9999 -9999 -9999 -9999 -9999 -9999 -9999 -9999 -9999 -9999 -9999 -9999 -9999
22.33 17.59 13.08 23.26 35.72 38.24 32.09 30.48 31.29 29.35 25.02 20.49 22.60 25.78 26.38 26.93 29.71 29.23 26.90 27.56 29.08 20.64 22.06 24.66 22.65 26.98 24.61 21.69 20.58 18.65 17.26 18.46 21.19 20.64 22.59 40.01 46.63 26.72 18.51 -9999 -9999 -9999 -9999 -9999 -9999 -9999 -9999 -9999 -9999 -9999 -9999 -9999 -9999 -9999 -9999 -9999 -9999 -9999 -9999 -9999 -9999 -9999 -9999 -9999 -9999 -9999 -9999 -9999 -9999 -9999 -9999 -9999 -9999 -9999 -9999 -9999 -9999
26.61 18.48 17.95 32.60 43.47 41.29 -9999 35.49 40.45 34.71 25.98 21.73 19.89 21.23 21.71 25.43 24.65 26.23 24.33 23.00 26.61 20.18 21.62 22.84 19.75 30.57 30.83 30.70 23.29 22.76 21.19 20.13 21.54 20.49 26.54 30.30 28.60 27.29 22.55 22.60 23.95 19.63 -9999 -9999 -9999 -9999 -9999 -9999 -9999 -9999 -9999 -9999 -9999 -9999 -9999 -9999 -9999 -9999 -9999 -9999 -9999 -9999 -9999 -9999 -9999 -9999 -9999 -9999 -9999 -9999 -9999 -9999 -9999 -9999 -9999 -9999 -9999
33.51 25.63 -9999 33.43 40.24 39.62 -9999 34.29 43.73 36.04 28.68 23.33 22.18 20.17 21.04 23.73 26.55 27.80 26.35 27.55 26.74 26.48 24.44 25.83 28.46 31.65 36.97 36.13 24.99 18.77 20.19 17.27 22.04 28.95 31.27 24.80 20.87 20.72 17.47 23.42 23.73 24.48 -9999 -9999 -9999 -9999 -9999 -9999 -9999 -9999 -9999 -9999 -9999 -9999 -9999 -9999 -9999 -9999 -9999 -9999 -9999 -9999 -9999 -9999 -9999 -9999 -9999 -9999 -9999 -9999 -9999 -9999 -9999 -9999 -9999 -9999 -9999
29.15 24.43 -9999 -9999 32.74 28.52 28.68 34.06 31.18 31.18 26.60 26.56 25.04 24.40 24.28 33.08 29.67 28.41 31.90 27.77 28.61 30.02 31.79 28.81 30.91 34.43 33.05 31.91 24.50 19.19 20.35 15.08 17.82 26.58 32.74 30.23 30.81 23.89 17.66 19.42 20.41 23.00 22.46 -9999 -9999 -9999 -9999 -9999 -9999 -9999 -9999 -9999 -9999 -9999 -9999 -9999 -9999 -9999 -9999 -9999 -9999 -9999 -9999 -9999 -9999 -9999 -9999 -9999 -9999 -9999 -9999 -9999 -9999 -9999 -9999 -9999 -9999
-9999 -9999 -9999 -9999 -9999 27.18 27.35 33.47 26.50 26.13 21.02 22.65 26.80 28.76 30.33 34.17 32.42 31.76 27.73 27.63 29.07 31.15 31.78 31.45 32.94 30.85 29.59 28.80 23.00 24.97 25.56 18.51 20.04 25.51 31.99 31.00 28.05 24.13 16.78 13.80 18.00 22.35 21.64 -9999 -9999 -9999 -9999 -9999 -9999 -9999 -9999 -9999 -9999 -9999 -9999 -9999 -9999 -9999 -9999 -9999 -9999 -9999 -9999 -9999 -9999 -9999 -9999 -9999 -9999 -9999 -9999 -9999 -9999 -9999 -9999 -9999 -9999
25.82 26.43 29.91 -9999 -9999 -9999 28.01 30.79 27.62 26.26 20.21 18.78 25.91 27.51 30.76 33.31 31.07 29.86 26.86 24.86 29.33 30.02 27.19 30.81 29.79 30.57 34.78 30.51 34.85 37.83 33.11 28.47 28.11 20.31 31.28 29.29 24.60 21.34 18.07 13.83 16.20 21.75 22.36 21.33 -9999 -9999 -9999 -9999 -9999 -9999 -9999 -9999 -9999 -9999 -9999 -9999 -9999 -9999 -9999 -9999 -9999 -9999 -9999 -9999 -9999 -9999 -9999 -9999 -9999 -9999 -9999 -9999 -9999 -9999 -9999 -9999 -9999
26.58 31.70 49.28 45.40 -9999 -9999 -9999 25.26 26.52 27.16 23.77 23.21 23.75 23.56 23.42 24.80 25.25 27.29 24.12 25.48 28.16 32.34 24.71 33.93 36.47 45.31 33.99 31.47 30.39 30.75 34.74 33.12 29.16 25.85 26.21 24.38 21.35 20.34 17.78 13.96 11.98 19.53 23.03 21.28 21.43 -9999 -9999 -9999 -9999 -9999 -9999 -9999 -9999 -9999 -9999 -9999 -9999 -9999 -9999 -9999 -9999 -9999 -9999 -9999 -9999 -9999 -9999 -9999 -9999 -9999 -9999 -9999 -9999 -9999 -9999 -9999 -9999
17.14 26.63 55.82 49.37 -9999 -9999 -9999 -9999 -9999 30.06 26.82 24.91 22.57 19.52 20.79 23.11 28.12 32.10 30.85 33.52 37.51 38.72 28.76 31.19 38.44 62.40 44.36 24.55 31.33 32.14 25.07 26.78 26.30 24.41 28.83 23.35 22.86 19.80 16.89 15.80 14.85 16.37 24.79 23.69 21.37 13.79 -9999 -9999 -9999 -9999 -9999 -9999 -9999 -9999 -9999 -9999 -9999 -9999 -9999 -9999 -9999 -9999 -9999 -9999 -9999 -9999 -9999 -9999 -9999 -9999 -9999 -9999 -9999 -9999 -9999 -9999 -9999
21.27 25.62 52.05 46.50 -9999 -9999 -9999 -9999 -9999 26.53 28.16 28.28 24.12 24.21 28.92 27.98 29.80 31.45 33.50 37.00 40.08 37.10 25.09 19.24 47.62 62.37 60.96 28.96 43.71 39.74 35.78 33.28 28.34 24.30 18.94 18.67 21.42 21.62 19.21 24.62 20.57 19.51 21.58 20.31 16.00 14.70 11.51 11.51 -9999 -9999 -9999 -9999 -9999 -9999 -9999 -9999 -9999 -9999 -9999 -9999 -9999 -9999 -9999 -9999 -9999 -9999 -9999 -9999 -9999 -9999 -9999 -9999 -9999 -9999 -9999 -9999 -9999
-9999 35.05 50.29 50.57 -9999 -9999 -9999 -9999 -9999 24.61 26.87 25.64 21.35 22.96 23.15 24.27 27.24 27.51 31.05 29.41 29.67 27.54 20.21 13.73 20.81 32.52 52.14 49.75 57.24 59.83 34.52 23.49 32.07 26.12 20.57 21.38 22.77 19.76 14.77 20.20 23.83 22.67 20.14 19.21 18.47 15.57 11.25 11.43 -9999 -9999 -9999 -9999 -9999 -9999 -9999 -9999 -9999 -9999 -9999 -9999 -9999 -9999 -9999 -9999 -9999 -9999 -9999 -9999 -9999 -9999 -9999 -9999 -9999 -9999 -9999 -9999 -9999
-9999 34.44 48.37 49.83 -9999 -9999 -9999 -9999 -9999 18.94 20.06 22.05 20.89 22.29 21.77 24.53 29.86 32.43 27.03 25.68 22.91 19.87 18.68 16.90 16.92 19.97 33.63 41.67 66.95 67.47 37.08 30.43 26.39 24.35 21.57 18.90 20.94 19.44 17.37 18.91 23.39 23.02 22.53 17.31 19.04 16.26 11.76 12.38 -9999 -9999 -9999 -9999 -9999 -9999 -9999 -9999 -9999 -9999 -9999 -9999 -9999 -9999 -9999 -9999 -9999 -9999 -9999 -9999 -9999 -9999 -9999 -9999 -9999 -9999 -9999 -9999 -9999
-9999 -9999 -9999 -9999 -9999 -9999 -9999 -9999 18.13 16.43 19.12 22.65 21.95 23.66 22.93 24.33 25.56 30.15 26.72 23.10 24.06 22.29 23.37 23.52 24.67 27.31 33.07 32.24 38.85 46.76 36.49 26.20 23.60 19.96 19.14 18.53 16.05 17.34 19.79 24.88 24.64 26.53 23.53 19.00 21.15 16.02 13.88 14.40 -9999 -9999 -9999 -9999 -9999 -9999 -9999 -9999 -9999 -9999 -9999 -9999 -9999 -9999 -9999 -9999 -9999 -9999 -9999 -9999 -9999 -9999 -9999 -9999 -9999 -9999 -9999 -9999 -9999
-9999 -9999 -9999 -9999 -9999 -9999 -9999 -9999 18.64 17.28 20.61 23.97 27.77 28.61 32.63 31.99 27.81 23.56 27.41 26.94 25.08 25.17 22.50 22.06 18.49 29.12 25.70 25.25 24.50 28.87 25.05 19.92 19.76 22.45 19.91 15.47 14.44 12.73 21.01 23.18 26.09 28.45 26.23 21.80 23.12 23.47 20.66 15.62 -9999 -9999 -9999 -9999 -9999 -9999 -9999 -9999 -9999 -9999 -9999 -9999 -9999 -9999 -9999 -9999 -9999 -9999 -9999 -9999 -9999 -9999 -9999 -9999 -9999 -9999 -9999 -9999 -9999
-9999 -9999 -9999 -9999 -9999 -9999 -9999 14.23 17.38 16.77 22.36 26.42 26.38 32.20 38.25 37.00 33.67 33.19 29.86 29.13 27.05 26.94 22.58 22.86 18.71 23.39 26.51 22.22 24.02 23.74 21.01 17.06 19.45 21.83 19.51 16.51 20.27 27.97 27.10 25.65 23.72 23.42 23.63 22.40 26.26 26.81 25.06 13.41 -9999 -9999 -9999 -9999 -9999 -9999 -9999 -9999 -9999 -9999 -9999 -9999 -9999 -9999 -9999 -9999 -9999 -9999 -9999 -9999 -9999 -9999 -9999 -9999 -9999 -9999 -9999 -9999 -9999
-9999 -9999 -9999 -9999 -9999 -9999 -9999 17.52 16.97 22.48 24.06 26.22 27.75 35.04 36.48 41.57 36.41 32.82 30.77 30.95 29.46 38.97 31.55 23.77 19.78 20.78 22.88 18.60 19.76 24.16 20.87 21.31 23.39 22.82 25.08 24.90 28.99 22.89 23.75 25.78 25.04 25.61 23.08 20.99 23.46 22.39 23.65 16.52 16.79 -9999 -9999 -9999 -9999 -9999 -9999 -9999 -9999 -9999 -9999 -9999 -9999 -9999 -9999 -9999 -9999 -9999 -9999 -9999 -9999 -9999 -9999 -9999 -9999 -9999 -9999 -9999 -9999
-9999 -9999 -9999 -9999 -9999 -9999 15.02 21.21 23.16 25.04 33.41 26.83 30.26 33.63 37.75 36.05 33.92 30.70 29.83 26.54 26.49 31.35 32.03 26.43 22.05 20.09 20.31 20.39 20.80 23.48 25.69 20.52 24.26 22.68 23.18 29.23 25.90 27.56 28.26 23.74 24.58 25.22 25.10 27.51 24.06 23.29 24.88 25.07 21.97 -9999 -9999 -9999 -9999 -9999 -9999 -9999 -9999 -9999 -9999 -9999 -9999 -9999 -9999 -9999 -9999 -9999 -9999 -9999 -9999 -9999 -9999 -9999 -9999 -9999 -9999 -9999 -9999
-9999 -9999 -9999 -9999 -9999 -9999 20.47 23.13 24.60 29.76 30.47 31.73 31.70 40.05 31.94 29.94 29.02 28.64 28.87 25.51 24.03 30.78 36.20 27.96 22.76 21.68 18.74 19.09 22.77 26.95 21.16 23.40 22.41 20.70 28.36 24.14 25.39 26.05 23.88 24.10 22.45 21.52 24.98 27.23 25.07 30.48 32.99 28.16 25.80 -9999 -9999 -9999 -9999 -9999 -9999 -9999 -9999 -9999 -9999 -9999 -9999 -9999 -9999 -9999 -9999 -9999 -9999 -9999 -9999 -9999 -9999 -9999 -9999 -9999 -9999 -9999 -9999
-9999 -9999 -9999 -9999 -9999 23.75 24.17 25.08 28.67 26.61 26.60 39.43 41.90 42.55 29.39 27.15 26.84 26.90 30.67 29.87 27.84 30.93 38.68 26.37 20.98 26.81 21.41 20.79 25.02 23.92 21.54 23.41 18.10 20.87 26.39 23.35 26.49 23.79 24.63 24.73 23.26 23.75 25.87 23.17 22.14 33.19 31.33 28.82 21.71 -9999 -9999 -9999 -9999 -9999 -9999 -9999 -9999 -9999 -9999 -9999 -9999 -9999 -9999 -9999 -9999 -9999 -9999 -9999 -9999 -9999 -9999 -9999 -9999 -9999 -9999 -9999 -9999
-9999 -9999 -9999 -9999 20.02 23.92 27.75 26.70 26.87 25.13 26.27 35.51 39.96 51.40 31.04 26.12 26.70 26.70 26.57 30.13 31.90 28.79 25.14 24.70 22.17 21.43 22.57 21.25 20.37 19.94 19.90 21.00 18.51 19.44 21.61 24.64 27.94 27.15 26.98 22.51 21.11 21.43 24.17 22.67 21.71 24.15 29.59 27.02 30.39 26.10 -9999 -9999 -9999 -9999 -9999 -9999 -9999 -9999 -9999 -9999 -9999 -9999 -9999 -9999 -9999 -9999 -9999 -9999 -9999 -9999 -9999 -9999 -9999 -9999 -9999 -9999 -9999
-9999 -9999 -9999 -9999 23.04 26.28 24.97 26.89 25.94 24.82 24.57 41.57 42.39 37.88 35.66 27.95 25.81 23.26 21.06 32.40 31.49 26.73 20.82 20.18 22.30 18.77 20.48 19.98 14.96 13.42 18.55 18.18 19.05 14.59 14.31 24.69 25.94 25.90 23.11 19.76 16.84 21.40 21.53 22.40 21.46 20.96 24.21 28.35 25.78 23.98 -9999 -9999 -9999 -9999 -9999 -9999 -9999 -9999 -9999 -9999 -9999 -9999 -9999 -9999 -9999 -9999 -9999 -9999 -9999 -9999 -9999 -9999 -9999 -9999 -9999 -9999 -9999
-9999 -9999 21.44 23.18 26.01 24.21 25.08 27.92 26.35 25.70 24.45 35.64 32.78 38.74 34.52 30.11 23.30 23.07 21.89 23.92 26.13 22.72 19.52 19.26 17.23 13.05 14.38 17.70 16.21 15.91 16.79 16.86 14.01 15.13 20.31 26.47 23.71 22.42 22.33 19.24 17.65 22.12 21.03 12.83 19.99 23.12 18.63 21.26 22.99 24.49 -9999 -9999 -9999 -9999 -9999 -9999 -9999 -9999 -9999 -9999 -9999 -9999 -9999 -9999 -9999 -9999 -9999 -9999 -9999 -9999 -9999 -9999 -9999 -9999 -9999 -9999 -9999
