Rainfall_2007-2011/Rainfall_2007-02_ACTUAL.txt
ncols         180
nrows         290
xllcorner     -200000
yllcorner     -200000
cellsize      5000
NODATA_value  -9999
[rows 136 to 169 of 290, columns 76 to 151 of 180]
-9999 -9999 -9999 91.95 96.60 99.02 120.48 122.24 134.45 125.05 118.89 128.27 140.62 163.48 224.57 196.08 166.80 130.78 122.33 113.86 118.97 118.75 135.57 144.56 144.26 86.28 68.03 65.53 64.75 62.95 56.30 58.08 56.59 66.56 52.54 54.49 66.91 66.40 62.88 64.25 71.11 57.45 67.33 91.53 85.51 66.76 69.86 57.07 60.15 60.52 59.37 69.03 -9999 -9999 -9999 -9999 -9999 -9999 -9999 -9999 -9999 -9999 -9999 -9999 -9999 -9999 -9999 -9999 -9999 -9999 -9999 -9999 -9999 -9999 -9999 -9999
-9999 -9999 -9999 94.38 97.62 87.26 100.79 97.97 106.77 101.56 98.94 109.43 115.89 137.92 172.38 163.71 153.62 126.80 111.29 95.41 132.35 133.28 158.04 145.38 -9999 -9999 -9999 55.54 58.94 -9999 47.79 49.59 49.74 53.56 40.59 49.62 60.93 58.24 50.10 61.20 62.58 62.10 64.48 62.98 57.58 78.74 64.20 71.34 54.77 57.38 54.57 52.90 -9999 -9999 -9999 -9999 -9999 -9999 -9999 -9999 -9999 -9999 -9999 -9999 -9999 -9999 -9999 -9999 -9999 -9999 -9999 -9999 -9999 -9999 -9999 -9999
-9999 -9999 -9999 88.93 104.00 83.75 87.51 93.84 97.55 97.13 97.17 99.41 111.99 122.18 160.00 142.72 147.36 124.88 107.75 119.33 123.25 118.61 111.58 108.11 -9999 -9999 -9999 51.54 54.46 54.89 42.54 38.96 40.66 41.14 45.17 54.70 70.14 58.18 57.33 52.43 40.66 70.02 66.90 72.87 71.91 84.45 67.14 67.74 73.45 70.36 53.74 53.29 -9999 -9999 -9999 -9999 -9999 -9999 -9999 -9999 -9999 -9999 -9999 -9999 -9999 -9999 -9999 -9999 -9999 -9999 -9999 -9999 -9999 -9999 -9999 -9999
-9999 -9999 -9999 -9999 91.90 85.80 79.08 -9999 94.84 95.75 101.36 103.90 103.40 -9999 114.50 105.76 118.05 100.67 102.07 110.00 105.65 96.98 -9999 -9999 -9999 -9999 58.25 44.47 45.34 35.70 33.74 29.76 31.66 35.28 45.52 59.56 77.83 60.29 73.17 59.96 65.02 69.23 84.76 92.62 74.69 81.16 80.84 70.10 64.64 66.05 68.82 63.21 43.07 -9999 -9999 -9999 -9999 -9999 -9999 -9999 -9999 -9999 -9999 -9999 -9999 -9999 -9999 -9999 -9999 -9999 -9999 -9999 -9999 -9999 -9999 -9999
-9999 -9999 -9999 -9999 -9999 89.70 -9999 -9999 -9999 92.34 98.83 101.00 101.92 87.25 -9999 -9999 86.09 77.63 99.67 115.19 -9999 -9999 -9999 -9999 -9999 47.85 50.73 45.16 42.58 36.07 37.22 33.05 32.92 40.82 49.08 54.86 62.03 66.58 59.04 80.58 85.08 89.90 101.46 110.06 98.24 96.26 68.56 64.15 77.92 63.73 67.08 62.30 55.69 -9999 -9999 -9999 -9999 -9999 -9999 -9999 -9999 -9999 -9999 -9999 -9999 -9999 -9999 -9999 -9999 -9999 -9999 -9999 -9999 -9999 -9999 -9999
-9999 -9999 -9999 -9999 -9999 87.59 81.36 -9999 -9999 -9999 88.92 99.04 97.68 96.14 -9999 -9999 -9999 -9999 91.74 -9999 -9999 -9999 -9999 -9999 -9999 44.80 47.52 49.84 46.10 45.46 48.19 46.87 34.30 36.50 47.48 44.73 49.53 49.67 66.68 94.73 92.37 109.03 96.95 102.84 104.92 95.05 74.51 83.70 82.28 61.22 63.27 66.39 53.67 -9999 -9999 -9999 -9999 -9999 -9999 -9999 -9999 -9999 -9999 -9999 -9999 -9999 -9999 -9999 -9999 -9999 -9999 -9999 -9999 -9999 -9999 -9999
-9999 -9999 -9999 -9999 -9999 -9999 89.40 -9999 -9999 -9999 -9999 88.98 87.01 89.11 -9999 -9999 -9999 -9999 -9999 -9999 -9999 -9999 -9999 -9999 54.68 50.33 57.16 51.34 60.73 66.42 63.85 60.77 44.12 44.21 39.36 44.25 57.93 79.50 95.84 100.52 108.84 93.64 116.57 99.52 84.34 74.93 82.68 86.51 70.42 69.19 70.10 74.97 70.67 52.15 -9999 -9999 -9999 -9999 -9999 -9999 -9999 -9999 -9999 -9999 -9999 -9999 -9999 -9999 -9999 -9999 -9999 -9999 -9999 -9999 -9999 -9999
-9999 -9999 -9999 -9999 -9999 -9999 95.72 -9999 -9999 -9999 -9999 -9999 -9999 -9999 -9999 -9999 -9999 -9999 -9999 -9999 -9999 -9999 -9999 -9999 62.65 50.75 62.82 54.50 48.65 89.53 92.15 79.42 64.33 46.85 42.03 30.34 34.55 72.46 118.52 123.40 108.51 130.89 156.06 144.05 117.13 101.15 72.16 76.44 71.63 87.70 82.23 71.18 64.29 53.32 45.27 -9999 -9999 -9999 -9999 -9999 -9999 -9999 -9999 -9999 -9999 -9999 -9999 -9999 -9999 -9999 -9999 -9999 -9999 -9999 -9999 -9999
-9999 -9999 -9999 -9999 -9999 -9999 -9999 -9999 -9999 -9999 -9999 -9999 -9999 -9999 -9999 -9999 -9999 -9999 -9999 -9999 -9999 -9999 -9999 60.08 66.68 75.18 74.34 92.44 88.11 141.34 126.67 86.69 67.11 63.38 49.42 43.17 36.51 59.40 121.11 122.80 115.19 116.44 142.02 119.97 97.76 87.60 86.55 87.43 68.18 63.91 51.58 55.76 56.13 47.50 41.09 -9999 -9999 -9999 -9999 -9999 -9999 -9999 -9999 -9999 -9999 -9999 -9999 -9999 -9999 -9999 -9999 -9999 -9999 -9999 -9999 -9999
-9999 -9999 -9999 -9999 -9999 -9999 -9999 -9999 -9999 -9999 -9999 -9999 -9999 -9999 -9999 -9999 -9999 -9999 -9999 -9999 -9999 -9999 -9999 67.60 75.23 87.32 97.97 141.21 129.98 121.01 132.99 115.47 103.87 98.78 78.61 67.58 56.71 70.01 79.70 117.90 105.69 115.66 103.05 104.51 75.22 69.89 71.30 70.36 64.85 56.58 55.22 50.70 49.06 40.65 34.61 33.37 32.00 30.55 -9999 -9999 -9999 -9999 -9999 -9999 -9999 -9999 -9999 -9999 -9999 -9999 -9999 -9999 -9999 -9999 -9999 -9999
-9999 -9999 -9999 -9999 -9999 -9999 -9999 -9999 -9999 -9999 -9999 -9999 -9999 -9999 -9999 -9999 -9999 -9999 -9999 -9999 -9999 -9999 -9999 65.66 88.35 124.70 124.02 190.05 170.83 193.35 221.49 195.41 166.46 164.49 133.43 98.82 84.95 59.73 55.46 74.83 55.21 93.05 97.08 88.12 70.26 70.51 69.10 64.56 61.77 60.55 45.41 43.56 43.38 36.26 38.73 49.50 42.72 42.12 49.56 44.26 -9999 -9999 -9999 -9999 -9999 -9999 -9999 -9999 -9999 -9999 -9999 -9999 -9999 -9999 -9999 -9999
-9999 -9999 -9999 -9999 -9999 -9999 -9999 -9999 -9999 -9999 -9999 -9999 -9999 -9999 -9999 -9999 -9999 -9999 -9999 -9999 -9999 -9999 -9999 65.14 103.92 153.49 200.81 248.54 275.70 213.58 198.32 224.46 237.93 221.01 186.73 139.72 105.07 81.91 73.77 69.99 75.01 93.83 70.57 86.56 84.20 83.49 70.41 78.83 69.15 65.68 42.12 33.07 35.65 38.61 41.56 48.59 71.79 49.89 67.70 67.12 75.72 57.52 -9999 -9999 -9999 -9999 -9999 -9999 -9999 -9999 -9999 -9999 -9999 -9999 -9999 -9999
-9999 -9999 -9999 -9999 -9999 -9999 -9999 -9999 -9999 -9999 -9999 -9999 -9999 -9999 -9999 -9999 -9999 -9999 -9999 -9999 -9999 -9999 -9999 72.82 90.40 135.09 168.87 192.76 303.63 361.93 241.89 198.07 186.90 197.70 189.21 141.43 105.36 95.37 82.53 77.39 121.54 118.81 119.35 115.95 117.35 106.76 96.41 89.08 65.42 52.65 44.51 42.76 34.78 38.06 56.35 47.85 73.94 53.25 63.90 70.58 79.39 62.42 69.42 -9999 -9999 -9999 -9999 -9999 -9999 -9999 -9999 -9999 -9999 -9999 -9999 -9999
-9999 -9999 -9999 -9999 -9999 -9999 -9999 -9999 -9999 -9999 -9999 109.50 67.56 52.76 -9999 -9999 -9999 -9999 -9999 -9999 -9999 -9999 -9999 -9999 70.27 92.10 123.81 166.14 232.22 266.00 197.68 147.90 158.95 163.18 139.68 128.38 124.43 119.65 108.08 120.62 131.29 128.00 148.28 135.55 114.21 99.94 97.34 74.35 61.80 46.97 34.90 44.99 47.01 49.62 88.80 103.76 107.54 101.82 100.86 105.27 79.42 87.97 76.37 59.59 -9999 -9999 -9999 -9999 -9999 -9999 -9999 -9999 -9999 -9999 -9999 -9999
-9999 -9999 -9999 -9999 -9999 -9999 -9999 -9999 -9999 -9999 -9999 138.06 139.76 -9999 -9999 -9999 -9999 -9999 -9999 -9999 -9999 -9999 -9999 -9999 -9999 92.81 132.31 204.04 222.56 264.75 189.59 169.53 140.23 127.92 119.93 103.32 115.59 155.19 132.09 143.14 160.02 141.66 119.05 130.10 122.65 87.88 98.01 73.55 57.76 51.71 48.72 46.79 57.39 74.75 96.19 112.40 107.49 96.64 100.57 114.70 105.17 96.65 89.22 85.35 -9999 -9999 -9999 -9999 -9999 -9999 -9999 -9999 -9999 -9999 -9999 -9999
-9999 -9999 -9999 -9999 -9999 -9999 -9999 -9999 -9999 -9999 131.15 197.75 166.42 138.10 -9999 -9999 -9999 -9999 -9999 -9999 -9999 -9999 -9999 -9999 -9999 78.40 125.51 172.41 191.65 166.55 167.87 140.28 128.42 122.53 112.98 103.88 102.90 115.88 152.62 132.40 141.53 140.59 117.51 121.60 104.70 104.70 81.81 63.57 52.94 60.01 64.29 51.14 66.85 79.69 94.28 115.13 114.46 104.42 102.90 97.50 97.81 103.01 84.13 86.22 60.17 -9999 -9999 -9999 -9999 -9999 -9999 -9999 -9999 -9999 -9999 -9999
-9999 -9999 -9999 -9999 -9999 -9999 -9999 -9999 -9999 129.51 160.14 157.93 212.76 143.48 -9999 -9999 -9999 -9999 -9999 -9999 -9999 -9999 -9999 -9999 -9999 93.29 130.06 148.70 132.52 159.62 138.00 144.04 152.87 111.81 106.74 104.41 99.39 139.29 143.67 152.23 131.94 161.03 117.04 107.01 88.95 97.11 75.19 66.72 59.83 54.27 53.80 64.35 67.91 91.11 100.83 106.54 93.27 83.53 77.55 88.53 88.17 95.08 77.64 70.20 61.95 -9999 -9999 -9999 -9999 -9999 -9999 -9999 -9999 -9999 -9999 -9999
-9999 -9999 -9999 -9999 -9999 -9999 -9999 -9999 129.12 137.01 178.42 152.95 130.78 -9999 -9999 -9999 -9999 -9999 -9999 -9999 -9999 -9999 -9999 -9999 -9999 -9999 112.92 119.52 106.69 142.49 123.87 121.82 101.84 97.64 93.69 97.03 93.02 126.68 136.65 170.49 150.79 148.31 151.74 155.81 153.91 120.77 103.06 96.12 70.82 62.21 80.01 64.67 70.78 77.17 88.15 93.41 80.27 68.53 70.43 58.87 62.97 61.03 53.82 54.83 51.30 56.47 54.55 -9999 -9999 -9999 -9999 -9999 -9999 -9999 -9999 -9999
-9999 -9999 -9999 -9999 -9999 -9999 -9999 -9999 152.51 171.74 144.63 108.65 108.89 -9999 -9999 -9999 -9999 -9999 -9999 -9999 -9999 -9999 -9999 -9999 -9999 -9999 -9999 97.16 82.01 91.73 94.67 95.35 87.26 90.99 90.74 99.82 85.18 117.14 102.24 138.44 138.74 135.54 134.54 155.50 165.61 126.63 129.56 113.93 91.61 74.42 71.80 62.82 62.60 74.11 81.69 77.81 71.58 68.65 60.41 62.51 56.79 61.80 59.56 65.02 75.55 74.04 67.28 -9999 -9999 -9999 -9999 -9999 -9999 -9999 -9999 -9999
-9999 -9999 -9999 -9999 -9999 -9999 -9999 -9999 120.12 128.17 129.04 112.84 -9999 -9999 -9999 -9999 -9999 -9999 -9999 -9999 -9999 -9999 -9999 -9999 -9999 -9999 -9999 80.03 87.00 91.79 -9999 83.68 -9999 72.52 81.71 85.75 74.68 84.00 87.40 97.58 123.58 141.72 122.34 124.68 163.84 157.08 132.83 106.45 96.91 80.86 74.47 65.04 60.00 66.14 75.82 77.29 78.14 67.18 70.69 67.39 59.29 66.71 78.91 74.24 75.04 74.34 76.25 75.78 68.58 -9999 -9999 -9999 -9999 -9999 -9999 -9999
-9999 -9999 -9999 -9999 -9999 -9999 -9999 101.58 103.09 90.00 -9999 -9999 -9999 -9999 -9999 -9999 -9999 -9999 -9999 -9999 -9999 -9999 -9999 -9999 -9999 -9999 -9999 74.12 75.37 77.92 -9999 -9999 -9999 68.53 97.76 74.93 71.15 79.32 107.98 99.45 96.71 128.51 135.71 115.06 134.86 139.21 126.62 119.71 97.63 83.25 69.99 62.46 59.36 58.19 61.42 69.26 71.43 69.73 87.89 68.06 79.81 75.36 90.47 94.99 92.93 84.50 72.13 70.29 59.90 -9999 -9999 -9999 -9999 -9999 -9999 -9999
-9999 -9999 -9999 -9999 -9999 -9999 -9999 -9999 -9999 -9999 -9999 -9999 -9999 -9999 -9999 -9999 -9999 -9999 -9999 -9999 -9999 -9999 -9999 -9999 -9999 -9999 -9999 -9999 -9999 -9999 -9999 -9999 64.58 66.23 84.63 99.19 113.37 129.32 127.88 100.82 107.38 124.66 110.60 114.69 122.00 111.85 118.96 110.11 90.17 75.20 67.30 65.87 63.13 61.04 60.56 65.99 67.15 70.16 76.72 83.25 105.45 87.55 97.73 87.83 80.33 74.77 69.99 64.63 -9999 -9999 -9999 -9999 -9999 -9999 -9999 -9999
-9999 -9999 -9999 -9999 -9999 -9999 -9999 -9999 -9999 -9999 -9999 -9999 -9999 -9999 -9999 -9999 -9999 -9999 -9999 -9999 -9999 -9999 -9999 -9999 -9999 -9999 -9999 -9999 -9999 -9999 -9999 -9999 61.77 67.93 70.03 117.92 148.29 163.03 129.81 115.71 91.84 101.08 89.29 100.74 103.87 119.56 116.08 109.72 90.07 77.41 77.04 75.44 62.43 59.46 62.06 68.96 66.50 70.54 78.12 82.83 110.71 102.57 87.78 80.41 72.77 69.22 65.57 65.47 -9999 -9999 -9999 -9999 -9999 -9999 -9999 -9999
-9999 -9999 -9999 -9999 -9999 -9999 -9999 -9999 -9999 -9999 -9999 -9999 -9999 -9999 -9999 -9999 -9999 -9999 -9999 -9999 -9999 -9999 -9999 -9999 -9999 -9999 -9999 -9999 -9999 -9999 -9999 -9999 61.27 63.85 82.85 118.93 159.75 147.30 119.29 109.19 96.06 96.82 80.46 92.48 88.87 87.52 105.86 93.38 93.62 75.88 71.92 68.40 64.58 66.32 68.49 74.80 64.21 71.57 81.26 83.71 103.14 102.92 86.17 76.46 94.49 64.55 67.22 62.30 -9999 -9999 -9999 -9999 -9999 -9999 -9999 -9999
-9999 -9999 -9999 -9999 -9999 -9999 -9999 -9999 -9999 -9999 -9999 -9999 -9999 -9999 -9999 -9999 -9999 -9999 -9999 -9999 -9999 -9999 -9999 -9999 -9999 -9999 -9999 -9999 -9999 -9999 57.14 60.37 62.84 62.43 85.45 112.64 153.98 135.94 124.08 92.80 85.90 101.81 87.82 95.20 93.21 103.23 91.56 85.23 84.91 75.02 64.23 67.86 65.12 66.14 67.82 65.79 63.62 73.05 75.93 80.63 89.47 96.65 76.62 69.15 65.70 64.57 68.07 63.69 62.17 -9999 -9999 -9999 -9999 -9999 -9999 -9999
-9999 -9999 -9999 -9999 -9999 -9999 -9999 -9999 -9999 -9999 -9999 -9999 -9999 -9999 -9999 -9999 -9999 -9999 -9999 -9999 -9999 -9999 -9999 -9999 -9999 -9999 -9999 -9999 -9999 -9999 59.59 66.29 61.15 66.46 74.99 95.12 86.89 96.71 85.33 86.71 117.62 75.43 85.43 86.71 104.69 92.20 93.20 85.66 94.55 88.47 82.99 69.71 72.53 68.86 66.79 66.82 65.66 67.50 68.93 75.37 78.60 75.64 73.23 67.71 65.91 63.50 63.48 59.88 55.63 -9999 -9999 -9999 -9999 -9999 -9999 -9999
-9999 -9999 -9999 -9999 -9999 -9999 -9999 -9999 -9999 -9999 -9999 -9999 -9999 -9999 -9999 -9999 -9999 -9999 -9999 -9999 -9999 -9999 -9999 -9999 -9999 -9999 -9999 -9999 -9999 -9999 60.71 61.24 60.41 63.99 71.43 82.74 84.73 72.37 77.80 70.99 76.98 79.29 81.47 100.33 105.14 100.13 87.42 95.91 91.19 81.56 81.88 77.63 71.82 70.92 67.63 71.59 69.73 65.11 64.10 77.30 77.24 78.17 79.84 76.57 67.61 64.20 61.52 60.57 55.94 53.92 -9999 -9999 -9999 -9999 -9999 -9999
-9999 -9999 -9999 -9999 -9999 -9999 -9999 -9999 -9999 -9999 -9999 -9999 -9999 -9999 -9999 -9999 -9999 -9999 -9999 -9999 -9999 -9999 -9999 -9999 -9999 -9999 -9999 -9999 -9999 -9999 60.03 61.55 54.60 57.43 64.93 70.26 68.92 72.97 68.33 74.34 74.77 85.80 109.80 120.53 126.88 115.75 103.00 96.42 102.94 86.36 77.72 76.73 75.87 68.51 67.58 71.03 63.45 63.94 63.68 62.45 62.78 73.03 83.32 82.93 62.68 59.22 59.06 55.89 59.42 58.41 54.02 -9999 -9999 -9999 -9999 -9999
-9999 -9999 -9999 -9999 -9999 -9999 -9999 -9999 -9999 -9999 -9999 -9999 -9999 -9999 -9999 -9999 -9999 -9999 -9999 -9999 -9999 -9999 -9999 -9999 -9999 -9999 -9999 -9999 -9999 -9999 69.67 62.15 51.46 54.87 63.11 61.27 68.39 78.94 92.30 88.14 100.68 120.16 131.59 124.12 123.04 98.94 91.83 80.07 88.38 83.26 77.36 70.69 73.96 69.26 61.45 61.63 60.79 63.69 64.12 65.62 65.94 70.94 65.63 64.65 61.72 60.30 54.77 52.96 53.21 48.25 53.21 -9999 -9999 -9999 -9999 -9999
-9999 -9999 -9999 -9999 -9999 -9999 -9999 -9999 -9999 -9999 -9999 -9999 -9999 -9999 -9999 -9999 -9999 -9999 -9999 -9999 -9999 -9999 -9999 -9999 -9999 -9999 -9999 -9999 -9999 -9999 -9999 54.92 53.91 54.92 60.71 66.32 89.31 107.76 106.69 122.95 109.98 135.63 126.98 147.33 116.26 92.57 77.98 73.77 62.76 78.77 68.86 62.29 64.43 63.04 58.54 58.48 57.16 53.29 61.00 63.42 61.20 54.44 65.22 61.66 57.67 53.04 52.81 -9999 51.71 45.83 48.45 50.18 -9999 -9999 -9999 -9999
-9999 -9999 -9999 -9999 -9999 -9999 -9999 -9999 -9999 -9999 -9999 -9999 -9999 -9999 -9999 -9999 -9999 -9999 -9999 -9999 -9999 -9999 -9999 -9999 -9999 -9999 -9999 -9999 -9999 -9999 56.96 56.31 57.59 60.06 68.43 75.88 104.04 134.01 124.04 138.39 109.51 115.66 122.99 125.28 118.70 116.24 89.04 71.56 72.02 66.41 68.68 64.11 66.01 57.25 59.63 57.63 56.71 56.39 55.82 56.52 55.27 66.56 64.90 60.51 63.44 55.87 53.37 50.52 -9999 47.82 48.20 46.97 49.66 -9999 -9999 -9999
-9999 -9999 -9999 -9999 -9999 -9999 -9999 -9999 -9999 -9999 -9999 -9999 -9999 -9999 -9999 -9999 -9999 -9999 -9999 -9999 -9999 -9999 -9999 -9999 -9999 -9999 -9999 -9999 -9999 -9999 58.98 63.58 61.31 61.27 77.88 79.48 91.82 108.73 92.37 104.47 105.44 131.02 109.11 116.29 122.15 97.53 85.00 84.81 66.17 67.15 75.25 68.93 67.49 62.57 57.28 56.45 56.35 56.85 54.12 50.47 50.30 53.38 57.62 60.24 43.96 53.70 50.55 48.66 50.45 -9999 -9999 -9999 -9999 -9999 -9999 -9999
-9999 -9999 -9999 -9999 -9999 -9999 -9999 -9999 -9999 -9999 -9999 -9999 -9999 -9999 -9999 -9999 -9999 -9999 -9999 -9999 -9999 -9999 -9999 -9999 -9999 -9999 -9999 -9999 -9999 52.69 54.11 56.23 62.23 64.60 61.00 78.20 90.28 93.30 89.05 84.15 92.52 96.61 104.35 121.12 158.19 120.52 100.81 97.90 85.19 78.37 64.44 59.31 51.90 60.28 56.30 59.00 54.78 48.61 52.95 55.64 59.55 56.86 54.38 58.50 61.63 57.34 52.06 54.16 54.25 54.05 54.89 -9999 -9999 -9999 -9999 -9999
-9999 -9999 -9999 -9999 -9999 -9999 -9999 -9999 -9999 -9999 -9999 -9999 -9999 -9999 -9999 -9999 -9999 -9999 -9999 -9999 -9999 -9999 -9999 -9999 -9999 -9999 -9999 -9999 -9999 -9999 51.58 58.36 61.71 65.96 79.65 72.29 81.11 74.98 73.48 72.24 68.65 79.19 83.90 94.24 106.86 123.89 145.59 112.57 103.45 89.68 68.88 62.13 45.30 46.83 56.47 54.82 52.21 54.08 52.36 52.83 53.88 66.73 63.91 57.32 59.68 62.94 57.80 56.72 56.24 53.88 55.81 56.14 53.08 -9999 -9999 -9999
