Rainfall_2007-2011/Rainfall_2008-06_ACTUAL.txt
ncols         180
nrows         290
xllcorner     -200000
yllcorner     -200000
cellsize      5000
NODATA_value  -9999
[rows 204 to 237 of 290, columns 76 to 151 of 180]
77.48 84.59 89.02 97.92 112.91 114.66 107.65 99.98 106.21 106.45 107.42 104.30 104.71 113.17 100.55 74.50 80.11 68.10 75.19 89.70 81.72 95.95 78.32 76.46 43.88 52.77 45.25 61.98 62.31 56.68 37.90 34.04 31.77 29.44 28.41 23.11 23.99 23.41 24.37 27.93 30.98 36.65 46.64 39.96 49.32 50.12 56.27 64.23 60.90 62.33 69.47 74.78 76.79 75.43 76.60 71.48 66.10 53.34 56.88 56.25 60.17 57.21 56.21 47.84 44.88 58.02 51.20 34.04 53.45 42.27 37.19 35.06 32.29 30.40 30.47 27.15
71.10 72.93 85.68 87.51 95.40 101.57 95.29 93.75 93.86 100.49 87.94 95.41 83.73 77.86 73.96 78.53 84.96 94.58 97.63 119.23 153.23 122.88 107.98 106.08 103.61 93.64 70.08 48.59 72.89 54.21 48.15 39.70 38.95 33.26 28.08 21.44 25.39 29.88 29.86 34.20 34.64 45.55 48.26 52.89 66.42 55.06 48.04 62.59 64.99 67.42 65.52 77.66 79.84 75.21 76.87 57.60 51.61 57.22 59.30 55.09 49.12 49.26 46.01 41.97 43.16 48.35 49.68 33.08 35.50 31.04 35.08 29.47 31.93 30.22 27.47 26.81
-9999 83.81 87.43 92.92 91.13 84.87 89.89 94.71 97.76 96.39 92.96 88.85 76.95 77.87 81.30 101.39 89.76 103.79 114.57 126.31 141.65 149.20 131.25 140.64 155.08 96.94 93.21 71.76 36.43 37.70 46.29 31.58 30.60 26.64 31.69 29.53 33.46 30.23 30.02 31.22 39.55 48.02 55.11 68.18 59.96 62.69 58.84 64.13 69.18 77.15 81.07 87.53 84.23 82.51 64.51 56.18 56.94 56.79 55.35 47.35 43.54 45.02 45.95 42.36 40.87 35.55 36.67 34.74 34.54 37.41 41.91 38.82 34.25 31.95 28.97 26.74
77.20 75.87 69.32 85.33 78.03 83.48 95.92 101.99 91.75 88.18 83.60 76.45 77.38 85.44 79.47 94.01 86.53 92.40 104.33 114.97 113.54 118.68 123.22 126.44 119.69 118.31 99.71 78.91 59.74 56.97 45.48 31.17 31.71 31.57 29.73 35.53 30.80 34.05 30.59 39.62 51.11 65.56 63.41 62.92 64.83 53.94 58.70 64.14 73.74 79.66 84.04 86.74 79.12 72.37 62.82 61.40 63.22 56.07 52.78 46.62 46.44 45.17 43.14 43.53 33.75 34.81 33.78 29.51 29.67 30.81 42.01 41.07 33.20 29.40 28.72 28.14
74.62 82.83 79.31 77.34 74.94 74.81 92.52 80.76 78.12 75.79 67.42 66.94 59.13 74.72 89.57 79.48 96.91 104.66 112.60 125.15 115.20 95.85 105.22 93.27 90.97 96.94 103.28 79.57 64.30 62.73 47.99 44.32 34.26 31.02 35.67 40.14 32.39 32.69 34.90 42.00 60.69 54.31 57.44 49.31 62.06 60.13 70.77 72.85 77.38 77.74 75.72 75.64 70.58 72.00 65.03 61.31 52.40 54.95 53.68 55.13 63.74 54.48 45.81 43.38 35.39 35.49 35.13 33.74 29.25 30.85 32.94 36.49 33.76 33.80 26.07 26.16
-9999 77.89 80.11 79.58 77.73 80.35 76.51 -9999 -9999 -9999 -9999 64.97 63.12 74.14 70.41 65.59 74.33 83.81 94.04 107.92 97.59 141.84 162.96 124.73 99.60 95.04 103.66 86.95 72.01 59.51 53.68 48.00 38.15 32.55 32.39 34.44 30.78 30.55 31.33 41.25 54.79 52.17 64.24 61.52 56.17 59.49 80.84 79.31 78.54 78.13 77.51 73.51 69.58 66.31 61.66 59.43 54.22 58.49 57.07 57.22 70.52 61.57 52.78 42.22 34.97 30.01 34.38 30.04 32.98 32.67 31.13 35.14 35.90 32.48 34.20 25.19
-9999 75.09 80.35 85.30 72.79 77.54 59.50 -9999 -9999 -9999 -9999 -9999 -9999 -9999 60.66 65.24 66.11 66.59 73.73 95.96 120.02 141.13 165.61 143.68 144.50 109.67 95.36 71.85 78.30 77.74 57.55 44.88 46.81 43.26 41.33 33.31 33.31 31.74 35.23 44.90 52.80 54.11 57.64 56.23 64.21 60.27 73.88 75.44 81.59 77.09 70.02 68.72 67.11 58.96 61.64 68.21 63.40 62.38 58.41 59.62 57.44 64.74 52.89 43.76 34.20 36.62 31.89 32.47 32.43 33.14 32.83 49.24 40.76 38.45 36.11 32.16
-9999 -9999 -9999 74.01 -9999 -9999 -9999 -9999 -9999 -9999 -9999 -9999 46.28 54.16 58.72 59.69 56.53 56.28 61.35 78.23 98.65 118.98 146.12 130.61 124.67 101.48 95.34 86.43 81.60 66.37 47.60 33.18 36.91 39.86 39.25 37.52 45.15 43.33 38.99 44.17 52.16 51.00 54.79 59.49 61.39 65.45 72.37 83.91 83.49 85.45 73.68 74.15 62.08 60.72 71.55 69.84 65.77 65.14 66.90 60.28 62.49 43.17 47.59 42.68 43.09 35.46 32.85 31.56 34.20 33.53 32.76 33.96 52.73 57.67 38.73 27.88
-9999 -9999 -9999 -9999 -9999 -9999 -9999 -9999 -9999 -9999 -9999 -9999 40.77 49.23 51.91 47.07 40.96 -9999 -9999 52.38 66.99 58.08 87.86 95.36 105.46 85.77 94.51 77.12 74.70 58.35 48.01 41.63 35.76 32.36 35.79 37.74 37.21 42.18 41.33 46.65 48.24 49.09 47.13 71.21 66.38 77.76 78.70 78.63 84.02 86.13 89.06 76.98 60.07 62.37 64.71 66.32 74.07 59.89 59.74 61.65 62.45 45.31 48.33 45.49 39.94 36.02 37.22 28.71 27.82 34.37 32.53 31.02 35.51 36.64 33.12 31.78
-9999 -9999 -9999 -9999 -9999 -9999 -9999 -9999 -9999 -9999 -9999 -9999 -9999 -9999 -9999 -9999 -9999 -9999 -9999 45.14 42.61 43.08 66.43 72.64 84.53 64.63 83.55 78.94 57.02 51.56 46.95 44.14 38.06 -9999 37.55 35.63 37.65 38.92 36.13 42.10 40.65 53.55 56.19 59.95 59.68 54.53 66.38 77.63 87.92 96.72 86.90 72.71 73.28 59.82 57.15 58.82 55.62 65.31 60.40 57.14 56.40 50.40 42.27 43.95 41.10 41.87 38.37 33.27 30.63 28.22 28.64 30.65 30.11 28.66 35.16 34.63
-9999 -9999 -9999 -9999 -9999 -9999 -9999 -9999 -9999 -9999 -9999 -9999 -9999 -9999 -9999 -9999 -9999 -9999 -9999 -9999 40.58 40.81 50.11 59.15 58.89 60.33 62.07 64.91 57.20 -9999 -9999 -9999 -9999 36.82 37.76 41.27 40.73 37.11 41.38 48.29 53.07 53.36 57.43 63.47 68.96 61.10 72.12 77.77 88.20 83.42 88.48 78.28 68.69 60.56 53.92 56.32 53.43 54.57 50.85 48.17 51.83 49.32 46.96 50.76 47.54 45.97 37.89 33.37 30.23 26.03 28.19 30.69 28.81 28.81 27.47 31.54
-9999 -9999 -9999 -9999 -9999 -9999 -9999 -9999 -9999 -9999 -9999 -9999 -9999 -9999 -9999 -9999 -9999 -9999 -9999 -9999 -9999 42.31 45.38 45.22 45.66 53.39 53.91 51.24 -9999 -9999 -9999 -9999 36.34 41.17 44.71 42.85 43.17 39.46 44.15 49.48 56.32 56.07 56.35 62.63 62.90 70.42 82.58 79.47 81.12 78.54 80.53 77.40 73.56 62.01 53.98 48.47 50.27 47.56 47.41 48.12 53.36 54.78 52.97 53.45 52.40 47.77 37.07 35.06 32.54 28.99 29.54 24.22 29.65 27.03 30.29 32.69
-9999 -9999 -9999 -9999 -9999 -9999 -9999 -9999 -9999 -9999 -9999 -9999 -9999 -9999 -9999 -9999 -9999 -9999 -9999 -9999 -9999 -9999 35.83 35.24 42.29 44.44 40.57 43.92 -9999 -9999 -9999 35.66 38.47 40.96 39.95 45.15 47.09 39.76 47.77 53.02 57.26 59.15 55.86 65.83 62.19 62.88 74.27 75.59 72.34 72.31 75.73 74.26 66.90 63.63 59.25 58.54 53.25 53.24 48.43 51.05 53.85 58.22 61.28 54.91 48.44 43.18 34.89 33.21 28.30 29.05 30.60 28.41 29.03 30.19 35.66 31.03
-9999 -9999 -9999 -9999 -9999 -9999 -9999 -9999 -9999 -9999 -9999 -9999 -9999 -9999 -9999 -9999 -9999 -9999 -9999 -9999 -9999 -9999 -9999 -9999 -9999 -9999 -9999 -9999 -9999 -9999 40.03 39.48 41.82 42.38 50.40 48.24 47.82 43.29 44.95 48.13 46.02 57.53 57.78 51.24 55.13 58.74 69.45 72.87 72.10 71.58 72.30 78.41 69.75 65.88 61.62 66.15 59.44 55.90 49.48 52.46 57.01 58.52 55.17 50.08 47.75 43.44 38.21 35.26 25.26 26.95 28.90 30.96 30.60 29.94 30.76 32.17
-9999 -9999 -9999 -9999 -9999 -9999 -9999 -9999 -9999 -9999 -9999 -9999 -9999 -9999 -9999 -9999 -9999 -9999 -9999 -9999 -9999 -9999 -9999 -9999 -9999 -9999 -9999 -9999 -9999 -9999 37.37 49.01 54.78 68.37 67.39 72.28 53.78 45.36 45.72 52.32 43.93 47.11 51.70 53.34 56.54 59.06 64.44 74.23 68.94 77.24 73.53 75.07 77.53 71.46 73.95 66.52 60.39 53.30 47.84 46.72 50.35 50.89 50.41 47.90 46.83 43.69 37.78 35.13 28.95 28.52 31.15 29.25 28.42 29.50 31.87 30.17
-9999 -9999 -9999 -9999 -9999 -9999 -9999 -9999 -9999 -9999 -9999 -9999 -9999 -9999 -9999 -9999 -9999 -9999 -9999 -9999 -9999 -9999 -9999 -9999 -9999 -9999 -9999 -9999 -9999 -9999 35.26 37.81 52.93 59.68 65.02 71.87 59.84 55.52 52.49 51.58 44.88 43.41 59.71 57.63 64.13 61.17 66.38 64.50 65.28 68.62 73.76 72.28 69.62 68.73 64.49 60.32 53.98 51.43 44.62 45.03 41.23 41.48 50.02 42.40 33.62 39.34 41.06 39.24 36.49 34.82 29.87 28.23 23.83 31.55 32.29 28.95
-9999 -9999 -9999 -9999 -9999 -9999 -9999 -9999 -9999 -9999 -9999 -9999 -9999 40.29 43.90 35.76 60.38 75.95 62.49 74.45 81.74 43.33 52.16 36.64 -9999 -9999 -9999 -9999 -9999 -9999 32.20 32.17 32.85 42.43 48.99 59.70 49.43 60.37 50.75 42.04 40.00 49.53 57.58 57.96 47.51 53.65 59.37 58.81 61.13 62.46 63.40 67.01 65.32 60.31 63.75 65.78 64.83 50.75 46.70 44.98 43.07 38.03 41.96 38.79 35.07 38.93 38.23 37.96 35.71 36.48 28.10 29.96 25.95 23.83 25.87 32.03
-9999 -9999 -9999 -9999 -9999 -9999 -9999 -9999 -9999 -9999 -9999 -9999 -9999 47.60 49.49 54.80 52.45 87.00 108.99 74.28 91.11 69.27 38.71 37.97 34.16 32.64 32.11 31.19 23.02 21.82 27.52 29.06 29.10 38.88 42.20 47.61 53.17 55.18 51.93 43.05 47.45 46.08 46.25 51.18 55.31 55.80 57.22 60.75 60.35 66.27 57.17 62.41 57.14 58.83 64.28 64.71 61.31 50.60 41.04 36.00 37.56 37.19 37.26 39.03 37.78 48.30 38.73 40.32 45.09 36.96 32.81 28.03 25.03 26.38 23.52 28.78
-9999 -9999 -9999 -9999 -9999 -9999 -9999 -9999 -9999 -9999 -9999 -9999 28.24 35.32 45.81 54.24 63.20 70.68 100.02 73.82 51.93 71.85 62.10 53.35 40.04 38.77 37.34 29.78 24.31 21.05 21.68 23.12 27.69 26.39 31.64 39.01 44.28 43.65 42.83 60.73 52.48 49.35 53.01 52.32 50.15 52.60 56.14 60.46 57.96 59.35 61.68 56.65 60.55 63.41 59.83 60.35 65.24 45.38 39.37 38.36 36.53 42.37 39.96 42.87 38.57 39.98 39.82 43.63 43.16 40.14 31.79 33.98 28.05 26.76 27.11 30.11
-9999 -9999 -9999 -9999 -9999 -9999 -9999 -9999 -9999 -9999 -9999 -9999 -9999 32.38 36.96 44.16 55.51 72.91 73.72 94.07 78.05 69.67 56.52 58.63 57.48 46.60 32.15 28.07 30.29 25.51 23.09 25.54 23.27 29.82 24.64 32.44 38.51 38.43 44.24 51.99 47.66 51.74 57.34 48.16 51.23 60.37 57.89 53.68 57.25 59.47 58.05 56.62 69.86 61.49 56.55 58.04 60.27 54.07 48.62 40.99 39.57 38.45 38.71 36.72 37.68 37.73 41.16 43.39 48.62 42.37 46.57 37.82 35.65 34.33 33.13 31.61
-9999 -9999 -9999 -9999 -9999 -9999 -9999 -9999 -9999 34.10 -9999 -9999 35.69 34.92 37.04 42.35 48.52 47.70 51.46 64.75 63.57 66.22 63.60 60.84 65.15 48.43 34.91 27.95 26.54 22.65 21.99 27.09 24.84 36.42 29.31 27.11 32.09 32.75 29.59 38.37 33.55 44.28 51.43 59.65 60.34 60.91 55.19 51.96 51.68 58.06 57.38 64.89 65.11 63.30 71.82 68.82 63.72 62.52 64.69 45.38 40.82 34.48 37.31 34.32 36.70 35.63 38.97 40.18 39.42 37.50 38.19 37.96 37.67 34.13 35.30 31.84
-9999 -9999 -9999 -9999 -9999 -9999 -9999 -9999 42.49 49.26 46.74 54.18 44.55 49.33 51.51 52.40 42.54 43.72 34.52 48.83 53.71 61.85 64.93 58.44 66.50 47.85 32.58 27.99 28.01 26.12 24.80 24.77 25.95 30.34 31.75 27.96 29.39 34.68 33.55 40.47 39.73 45.61 49.16 54.05 59.68 54.02 57.46 51.40 55.03 61.80 62.52 62.91 63.77 67.73 68.85 69.68 74.62 70.04 70.68 45.23 41.22 42.11 43.63 30.32 34.01 35.26 34.46 35.84 34.00 31.89 30.37 35.27 35.29 35.22 38.72 38.06
-9999 -9999 -9999 -9999 -9999 -9999 -9999 -9999 48.52 53.52 48.45 51.92 53.30 58.35 52.06 54.82 54.64 39.84 39.93 45.66 50.12 55.49 57.97 55.09 53.61 45.04 40.59 41.19 33.83 30.42 31.42 24.69 28.53 31.24 32.03 31.15 27.79 37.21 38.52 39.26 37.47 41.48 45.44 59.10 52.63 49.56 65.78 67.79 64.20 62.82 59.47 55.85 53.46 62.67 66.03 62.12 59.60 63.07 68.33 44.49 48.62 42.39 41.62 37.52 32.37 32.83 34.75 31.98 30.65 30.04 30.06 32.90 35.15 35.11 44.40 39.55
-9999 -9999 -9999 -9999 -9999 -9999 -9999 -9999 46.00 53.86 53.41 55.99 52.60 56.44 58.13 54.38 44.15 43.41 54.49 51.64 50.19 49.24 42.22 39.30 45.16 41.78 43.97 45.68 44.18 43.54 36.21 35.94 35.68 28.10 39.36 40.12 35.84 36.48 38.90 38.59 33.43 32.79 42.34 50.63 53.40 56.60 71.71 66.79 64.46 65.80 62.10 49.84 46.34 39.72 52.29 57.35 42.63 51.07 44.97 41.83 46.98 48.47 43.79 45.94 33.93 40.27 37.31 30.45 30.35 38.60 34.60 33.14 29.40 26.57 28.85 27.76
-9999 -9999 -9999 -9999 -9999 -9999 -9999 -9999 29.49 48.21 46.00 55.42 51.73 53.43 55.91 50.90 55.21 54.31 54.09 48.04 45.77 43.04 33.96 33.58 38.58 38.83 34.74 42.24 47.24 40.01 36.98 40.22 37.78 33.81 39.43 39.95 40.30 38.66 41.78 39.48 36.60 35.67 41.03 41.16 51.47 64.28 65.77 66.09 61.98 61.70 62.89 49.39 44.77 38.68 40.33 40.78 39.30 27.15 29.58 37.68 37.13 35.85 35.40 31.80 29.14 32.77 32.38 33.55 31.77 27.68 28.84 30.85 30.85 25.55 20.69 23.29
-9999 -9999 -9999 -9999 -9999 -9999 -9999 -9999 35.88 42.21 35.83 48.33 55.69 63.11 58.91 53.19 54.85 57.77 37.89 37.33 34.33 34.98 33.84 34.90 36.68 38.09 36.65 40.22 41.17 39.52 33.02 41.93 42.94 37.79 49.18 43.12 42.19 45.94 45.13 39.64 45.45 39.68 38.11 42.27 46.78 48.81 50.28 59.94 58.42 53.55 51.85 47.23 41.02 38.02 34.58 33.64 29.90 23.21 25.01 27.97 31.38 30.33 29.80 30.55 28.10 30.00 27.89 25.72 -9999 -9999 23.23 28.90 36.14 27.70 24.65 28.51
-9999 -9999 -9999 -9999 -9999 -9999 -9999 37.32 38.93 43.58 37.91 49.18 55.84 67.77 66.03 64.75 54.10 55.66 42.12 32.90 30.61 33.06 30.80 36.98 34.92 44.74 45.64 43.63 45.88 40.94 39.98 41.89 32.82 35.11 34.16 36.67 41.66 42.29 42.77 42.94 44.83 45.16 42.59 41.70 41.71 40.68 40.37 47.16 55.37 49.58 42.87 40.45 35.81 35.48 -9999 -9999 25.50 20.43 21.79 26.77 27.58 25.58 23.32 -9999 -9999 -9999 -9999 -9999 -9999 -9999 -9999 -9999 -9999 25.95 24.12 25.58
-9999 -9999 -9999 -9999 -9999 -9999 50.36 44.38 45.58 49.91 47.52 36.35 57.02 64.03 77.53 81.16 71.15 65.89 49.91 42.65 42.62 38.56 38.51 35.79 40.33 44.30 51.52 47.87 43.76 32.57 36.49 29.83 23.91 26.07 30.76 33.57 36.85 35.43 34.86 38.63 47.76 48.27 41.35 40.29 40.73 42.85 38.34 37.88 46.12 47.56 40.29 -9999 33.35 33.83 31.51 30.53 29.30 -9999 -9999 -9999 -9999 22.39 -9999 -9999 -9999 -9999 -9999 -9999 -9999 -9999 -9999 -9999 -9999 -9999 -9999 -9999
-9999 -9999 -9999 -9999 -9999 38.26 57.71 56.22 58.12 49.89 51.38 51.72 50.44 37.24 91.10 118.03 109.20 66.36 48.65 56.22 46.88 44.09 33.16 34.20 42.94 48.32 33.15 35.91 33.00 -9999 -9999 -9999 -9999 -9999 27.08 34.59 38.87 37.45 37.41 37.57 40.00 42.56 40.91 41.55 40.94 -9999 -9999 -9999 -9999 -9999 26.66 28.30 25.44 29.75 28.55 29.19 30.28 -9999 -9999 -9999 -9999 -9999 -9999 -9999 -9999 -9999 -9999 -9999 -9999 -9999 -9999 -9999 -9999 -9999 -9999 -9999
-9999 -9999 -9999 -9999 34.45 35.88 71.45 66.21 73.86 66.55 51.45 43.06 52.54 69.44 103.53 119.69 140.85 92.21 73.90 50.96 52.65 45.47 42.21 34.07 41.85 46.79 -9999 -9999 -9999 -9999 -9999 -9999 -9999 -9999 -9999 27.09 32.68 28.91 36.69 41.32 48.77 46.06 55.92 48.93 43.67 -9999 -9999 -9999 -9999 -9999 -9999 -9999 18.11 25.78 22.22 23.10 -9999 -9999 -9999 -9999 -9999 -9999 -9999 -9999 -9999 -9999 -9999 -9999 -9999 -9999 -9999 -9999 -9999 -9999 -9999 -9999
-9999 29.71 33.79 42.88 44.89 45.53 78.79 75.18 78.74 69.94 58.91 58.09 65.57 82.90 97.23 105.65 93.95 91.40 69.21 72.62 48.35 49.73 45.41 36.40 -9999 -9999 -9999 -9999 -9999 -9999 -9999 -9999 -9999 -9999 -9999 -9999 -9999 27.94 -9999 -9999 -9999 -9999 44.24 48.11 44.84 -9999 -9999 -9999 -9999 -9999 -9999 -9999 -9999 19.55 21.41 19.66 -9999 -9999 -9999 -9999 -9999 -9999 -9999 -9999 -9999 -9999 -9999 -9999 -9999 -9999 -9999 -9999 -9999 -9999 -9999 -9999
-9999 30.73 28.09 36.89 44.30 52.62 63.21 71.91 76.74 72.26 66.02 62.05 56.54 64.43 79.53 88.05 96.32 82.71 67.65 93.76 55.07 37.52 31.46 -9999 -9999 -9999 -9999 -9999 -9999 -9999 -9999 -9999 -9999 -9999 -9999 -9999 -9999 30.18 -9999 -9999 -9999 -9999 -9999 -9999 -9999 -9999 -9999 -9999 -9999 -9999 -9999 -9999 -9999 -9999 -9999 -9999 -9999 -9999 -9999 -9999 -9999 -9999 -9999 -9999 -9999 -9999 -9999 -9999 -9999 -9999 -9999 -9999 -9999 -9999 -9999 -9999
-9999 31.59 32.97 36.18 50.20 62.54 58.63 61.73 71.28 74.58 60.93 59.32 56.27 60.87 67.49 71.70 95.83 102.75 76.21 72.68 56.64 49.14 43.77 -9999 -9999 -9999 -9999 -9999 -9999 -9999 -9999 -9999 -9999 -9999 -9999 -9999 -9999 -9999 -9999 -9999 -9999 -9999 -9999 -9999 -9999 -9999 -9999 -9999 -9999 -9999 -9999 -9999 -9999 -9999 -9999 -9999 -9999 -9999 -9999 -9999 -9999 -9999 -9999 -9999 -9999 -9999 -9999 -9999 -9999 -9999 -9999 -9999 -9999 -9999 -9999 -9999
25.67 28.52 32.68 43.24 56.39 63.53 61.23 57.63 59.99 55.57 54.34 55.58 52.37 47.70 59.68 82.33 95.47 73.54 76.10 67.61 54.30 47.62 32.94 -9999 -9999 -9999 -9999 -9999 -9999 -9999 -9999 -9999 -9999 -9999 -9999 -9999 -9999 -9999 -9999 -9999 -9999 -9999 -9999 -9999 -9999 -9999 -9999 -9999 -9999 -9999 -9999 -9999 -9999 -9999 -9999 -9999 -9999 -9999 -9999 -9999 -9999 -9999 -9999 -9999 -9999 -9999 -9999 -9999 -9999 -9999 -9999 -9999 -9999 -9999 -9999 -9999
