Rainfall_2007-2011/Rainfall_2011-11_ACTUAL.txt
ncols         180
nrows         290
xllcorner     -200000
yllcorner     -200000
cellsize      5000
NODATA_value  -9999
[rows 204 to 237 of 290, columns 76 to 151 of 180]
78.27 92.39 98.65 103.87 128.21 136.68 140.20 140.96 143.50 128.69 126.56 105.75 104.89 115.65 110.51 91.22 97.15 90.62 95.16 103.98 126.52 146.97 123.07 111.04 86.04 93.55 78.03 115.04 121.50 138.81 114.60 92.35 80.26 74.90 70.61 62.34 56.49 53.88 51.93 40.56 38.49 39.75 37.42 30.40 30.75 38.63 39.73 38.89 39.08 43.45 41.22 35.12 33.46 30.66 27.90 27.24 28.31 27.91 25.26 26.69 27.45 26.50 25.76 24.13 22.64 25.00 27.29 39.03 36.22 32.43 33.57 28.64 31.26 32.36 34.22 38.22
74.09 76.31 89.87 88.67 102.34 136.48 128.03 120.97 111.26 117.43 108.45 101.82 87.48 93.74 99.49 93.79 97.97 111.80 118.98 150.72 193.56 163.68 157.84 164.87 157.74 145.89 113.12 100.19 147.91 123.17 104.97 97.68 92.13 77.20 68.17 69.25 67.17 53.69 48.32 41.74 33.09 30.28 37.13 40.72 43.16 43.73 37.01 40.64 38.98 38.57 29.46 33.58 32.08 29.03 24.25 29.42 24.67 23.59 24.48 25.56 24.92 25.75 25.24 25.29 26.74 25.71 29.02 33.15 32.53 30.81 26.95 29.90 29.64 31.39 36.72 37.79
-9999 80.49 80.40 84.76 101.41 123.52 112.57 111.85 113.06 107.95 103.02 101.81 98.26 115.96 110.43 111.72 102.13 117.14 123.00 151.68 162.18 172.22 168.41 200.16 224.14 149.34 142.86 133.37 102.58 129.14 119.61 77.24 81.01 67.87 80.75 71.52 67.42 55.49 47.86 41.13 38.45 36.79 40.65 58.40 41.17 42.18 39.16 42.73 42.11 40.66 38.71 33.12 32.74 28.16 26.48 27.42 26.72 25.15 23.69 22.15 22.46 24.68 28.44 29.03 28.97 29.21 28.98 30.15 29.44 30.11 28.98 27.47 26.42 28.81 34.42 33.89
74.15 70.89 66.66 82.11 90.76 101.29 108.29 112.53 103.23 101.46 99.39 98.37 105.55 115.74 99.66 103.16 92.01 105.88 126.78 144.93 116.61 128.44 149.86 162.59 154.08 146.65 162.91 110.85 140.40 158.42 110.60 90.60 93.57 87.42 82.51 73.27 60.37 54.60 43.82 42.84 39.92 47.43 50.71 44.23 43.69 32.93 35.54 46.04 43.14 40.22 39.23 33.40 29.84 27.37 27.39 27.28 29.87 27.96 26.99 22.78 22.06 31.58 33.95 33.12 28.35 30.48 31.99 28.40 29.29 28.66 26.48 26.82 27.37 26.45 31.35 35.36
78.42 66.11 69.31 79.67 89.20 89.12 113.21 93.28 86.56 83.79 82.28 85.76 83.57 93.14 104.86 96.22 107.70 110.15 134.82 155.57 136.43 116.65 149.54 137.71 121.53 144.33 161.90 128.54 137.56 165.96 109.38 102.57 81.78 78.14 81.00 74.42 67.77 54.90 41.26 41.18 43.61 42.76 54.46 43.95 39.24 38.91 36.22 39.11 40.34 40.85 37.56 31.94 28.93 31.56 27.91 27.53 24.43 25.93 26.38 27.66 30.70 36.37 39.25 34.93 32.00 32.30 33.11 32.05 35.01 32.13 32.10 27.89 29.33 31.67 38.71 41.19
-9999 64.83 73.49 79.26 85.25 88.87 87.68 -9999 -9999 -9999 -9999 76.17 79.97 88.61 89.57 89.42 94.16 95.11 103.90 113.71 125.88 176.40 211.78 176.89 147.37 131.44 143.93 142.96 140.48 129.98 112.46 102.16 81.04 82.62 71.87 75.82 52.79 38.74 39.25 41.71 50.59 41.18 48.29 41.88 36.39 34.76 35.46 34.45 32.58 36.47 35.64 34.42 29.95 29.90 29.18 28.77 26.09 27.77 29.46 31.67 30.99 40.76 39.38 36.12 32.84 32.12 31.26 31.48 35.64 33.98 33.25 28.03 27.36 30.87 39.68 41.62
-9999 70.30 78.69 83.26 77.14 85.02 67.52 -9999 -9999 -9999 -9999 -9999 -9999 -9999 81.28 100.42 95.53 86.48 92.18 116.00 156.48 193.41 225.31 210.29 179.29 143.25 136.42 121.34 134.95 152.31 116.87 92.01 90.89 84.91 78.61 56.20 45.49 38.46 43.74 50.44 52.08 43.64 44.03 35.15 33.00 30.62 32.33 31.57 30.57 32.75 37.07 37.78 31.79 25.83 26.88 29.38 28.97 29.02 31.32 36.00 40.09 46.28 44.29 33.59 31.76 31.73 31.19 32.40 31.31 32.73 30.23 25.50 26.69 26.09 37.46 37.79
-9999 -9999 -9999 73.01 -9999 -9999 -9999 -9999 -9999 -9999 -9999 -9999 56.68 66.37 72.27 79.27 68.50 70.31 80.99 99.35 138.24 168.73 191.31 179.17 152.02 130.08 139.26 115.47 118.61 105.12 88.80 64.01 76.99 74.11 68.86 52.61 45.23 46.93 48.62 58.08 51.30 43.09 41.17 36.72 33.14 32.93 31.59 31.91 29.00 34.08 30.18 31.57 31.01 27.24 29.64 30.62 27.21 34.37 41.41 40.26 45.96 42.75 46.03 35.23 31.44 27.08 31.63 34.45 34.18 33.38 28.33 27.36 27.98 28.01 33.70 39.78
-9999 -9999 -9999 -9999 -9999 -9999 -9999 -9999 -9999 -9999 -9999 -9999 46.26 53.84 57.80 58.33 54.69 -9999 -9999 83.35 118.70 136.83 140.78 125.68 116.26 115.27 126.55 109.68 100.76 91.94 85.91 70.44 60.49 47.35 51.90 47.51 43.96 45.89 49.07 51.74 46.56 43.44 34.49 39.07 40.03 36.14 30.70 32.36 31.03 36.93 38.46 41.81 41.06 35.21 31.06 29.90 29.68 39.66 41.96 44.90 44.27 39.55 42.34 36.73 32.58 29.72 31.15 30.48 30.79 34.31 25.67 24.76 29.84 34.30 35.63 37.63
-9999 -9999 -9999 -9999 -9999 -9999 -9999 -9999 -9999 -9999 -9999 -9999 -9999 -9999 -9999 -9999 -9999 -9999 -9999 77.48 86.46 99.19 86.19 91.06 97.56 88.31 110.21 103.56 88.74 85.23 85.84 75.88 58.51 -9999 48.95 47.24 49.17 43.97 49.56 51.65 46.02 49.90 44.07 43.22 40.63 46.09 34.22 37.64 41.73 40.60 38.95 44.65 44.74 38.51 37.16 37.71 35.35 40.84 43.02 43.66 42.45 41.14 39.17 37.16 33.70 32.91 32.57 31.44 30.87 32.64 28.14 31.32 34.82 46.56 43.84 39.74
-9999 -9999 -9999 -9999 -9999 -9999 -9999 -9999 -9999 -9999 -9999 -9999 -9999 -9999 -9999 -9999 -9999 -9999 -9999 -9999 74.26 80.46 73.79 77.88 78.85 84.55 96.19 85.56 75.93 -9999 -9999 -9999 -9999 45.96 44.52 48.88 51.42 48.14 47.49 56.20 55.88 53.39 44.65 44.54 46.89 42.45 43.94 41.30 48.38 45.33 47.28 44.52 42.42 37.85 39.12 40.64 36.41 41.69 43.20 52.74 49.76 38.23 36.99 36.22 36.22 29.23 33.98 29.13 29.77 30.23 29.94 33.45 37.72 45.31 39.14 37.58
-9999 -9999 -9999 -9999 -9999 -9999 -9999 -9999 -9999 -9999 -9999 -9999 -9999 -9999 -9999 -9999 -9999 -9999 -9999 -9999 -9999 73.99 70.48 66.69 65.90 75.45 75.47 67.48 -9999 -9999 -9999 -9999 37.27 48.28 52.55 51.83 53.87 45.53 49.22 57.39 56.83 51.17 48.55 40.34 43.05 46.65 48.46 45.89 47.49 45.75 46.44 42.46 40.25 37.22 43.15 40.60 48.86 41.23 39.08 49.27 44.98 37.33 41.82 44.66 43.00 39.59 40.33 32.63 31.10 29.87 29.45 34.08 39.01 41.15 40.32 44.82
-9999 -9999 -9999 -9999 -9999 -9999 -9999 -9999 -9999 -9999 -9999 -9999 -9999 -9999 -9999 -9999 -9999 -9999 -9999 -9999 -9999 -9999 55.22 50.15 61.11 61.29 57.99 52.62 -9999 -9999 -9999 50.92 44.82 48.60 56.28 53.99 48.80 40.98 51.58 52.31 57.78 51.64 48.02 43.82 46.87 47.03 45.39 48.70 45.83 44.92 45.58 44.69 42.20 40.08 41.90 45.36 46.37 44.91 42.79 46.79 47.33 46.26 48.35 50.25 47.10 40.05 40.93 33.01 31.97 30.20 33.78 34.26 36.18 41.01 42.84 49.72
-9999 -9999 -9999 -9999 -9999 -9999 -9999 -9999 -9999 -9999 -9999 -9999 -9999 -9999 -9999 -9999 -9999 -9999 -9999 -9999 -9999 -9999 -9999 -9999 -9999 -9999 -9999 -9999 -9999 -9999 63.97 57.95 54.74 50.58 56.53 64.40 52.49 55.39 54.75 57.86 56.71 42.78 38.00 39.04 38.18 40.00 42.94 43.41 46.93 48.77 46.25 52.99 49.54 46.03 40.30 45.72 50.92 47.58 44.96 46.10 47.48 50.07 52.42 58.62 44.92 40.22 38.98 37.43 34.30 36.02 42.64 40.98 41.94 46.40 39.73 49.56
-9999 -9999 -9999 -9999 -9999 -9999 -9999 -9999 -9999 -9999 -9999 -9999 -9999 -9999 -9999 -9999 -9999 -9999 -9999 -9999 -9999 -9999 -9999 -9999 -9999 -9999 -9999 -9999 -9999 -9999 55.92 60.47 57.05 75.69 73.09 71.18 64.27 57.37 58.41 62.04 53.61 43.95 40.05 37.21 40.41 41.98 42.53 48.77 50.15 55.41 49.95 51.72 57.27 52.84 51.86 51.12 46.48 43.45 39.53 46.73 51.62 50.98 52.99 53.06 39.87 36.27 40.83 41.93 41.89 46.77 54.93 49.34 61.09 52.61 44.01 47.14
-9999 -9999 -9999 -9999 -9999 -9999 -9999 -9999 -9999 -9999 -9999 -9999 -9999 -9999 -9999 -9999 -9999 -9999 -9999 -9999 -9999 -9999 -9999 -9999 -9999 -9999 -9999 -9999 -9999 -9999 48.14 50.56 51.14 66.03 66.81 87.26 75.06 67.31 73.62 60.56 53.19 47.95 55.85 51.30 49.65 49.16 45.73 45.28 44.06 48.57 50.60 52.48 52.00 57.77 57.97 54.86 51.69 45.40 41.79 49.50 55.07 57.45 45.86 56.60 49.60 48.37 51.79 50.67 49.98 48.68 49.43 50.80 63.56 62.99 46.72 46.67
-9999 -9999 -9999 -9999 -9999 -9999 -9999 -9999 -9999 -9999 -9999 -9999 -9999 51.41 56.56 61.68 80.33 84.54 98.69 102.48 112.76 79.07 89.40 68.20 -9999 -9999 -9999 -9999 -9999 -9999 46.97 43.45 40.61 55.07 64.39 85.21 74.22 73.64 68.02 58.73 50.80 57.09 60.84 56.71 45.97 48.02 50.15 45.30 44.02 44.49 43.59 40.58 50.99 51.09 60.86 64.87 62.72 58.04 53.97 58.91 61.25 53.67 57.92 55.88 54.59 54.47 50.74 51.50 49.03 47.15 48.20 54.78 51.05 57.84 45.79 37.32
-9999 -9999 -9999 -9999 -9999 -9999 -9999 -9999 -9999 -9999 -9999 -9999 -9999 59.86 57.63 71.38 67.78 107.60 148.01 109.21 126.63 91.72 98.08 83.95 77.20 70.44 77.65 66.22 59.28 58.34 51.84 38.33 44.65 52.59 63.71 64.91 56.73 72.90 70.30 55.51 62.00 59.72 54.39 54.93 53.59 45.68 51.34 45.07 44.02 44.20 43.14 40.32 47.32 52.54 60.03 59.29 50.87 53.27 61.54 69.79 69.24 59.85 56.54 55.03 48.91 63.04 55.60 52.65 51.56 49.39 46.71 51.43 58.63 57.10 43.57 43.12
-9999 -9999 -9999 -9999 -9999 -9999 -9999 -9999 -9999 -9999 -9999 -9999 43.27 52.19 55.82 70.36 75.14 91.58 116.10 119.17 117.01 108.71 82.05 86.37 82.70 86.15 72.24 74.03 60.61 66.68 56.54 41.18 46.18 58.55 63.08 73.13 65.83 58.26 55.93 56.83 56.20 60.74 60.62 55.93 50.75 48.59 48.92 46.09 43.27 44.54 45.24 45.95 49.14 54.46 62.92 58.18 52.84 56.77 61.52 64.39 76.44 72.14 59.63 59.35 49.60 52.31 56.78 53.01 51.97 52.47 54.31 58.76 65.66 53.70 49.67 56.03
-9999 -9999 -9999 -9999 -9999 -9999 -9999 -9999 -9999 -9999 -9999 -9999 -9999 49.11 57.09 61.95 67.72 80.94 84.41 90.31 104.07 95.30 89.36 91.32 99.80 88.24 72.76 62.20 62.00 58.86 45.35 38.52 44.88 55.50 53.87 61.40 58.14 59.17 62.00 60.48 53.79 62.87 65.19 52.08 51.41 61.92 57.14 46.21 46.10 49.97 48.64 45.64 51.71 65.02 49.76 49.74 49.53 54.87 57.67 60.62 66.92 69.15 62.61 57.27 51.28 55.75 52.76 56.96 50.45 52.88 66.05 62.13 67.23 60.00 55.20 50.06
-9999 -9999 -9999 -9999 -9999 -9999 -9999 -9999 -9999 47.52 -9999 -9999 53.42 54.68 76.18 64.37 71.65 82.58 71.24 74.03 83.14 90.27 89.80 85.42 97.62 89.50 63.87 53.97 54.49 52.07 48.76 41.83 50.31 57.34 54.78 55.93 54.93 61.60 58.85 54.83 47.71 58.08 58.01 60.63 64.08 61.92 52.38 43.48 44.89 46.60 44.66 55.51 52.56 56.65 58.23 53.29 54.56 54.78 64.89 54.18 60.32 63.18 55.20 57.84 56.15 52.07 56.14 57.41 57.30 52.54 51.74 58.21 55.24 51.71 52.00 46.88
-9999 -9999 -9999 -9999 -9999 -9999 -9999 -9999 54.08 58.39 60.29 60.23 55.02 68.58 74.08 66.51 73.30 75.46 64.31 72.46 76.10 89.87 91.90 89.90 91.40 74.15 62.12 56.02 60.47 65.67 64.14 46.44 42.16 57.06 64.18 53.00 56.41 54.61 53.10 49.49 56.64 64.98 59.07 62.52 68.28 58.41 51.26 45.23 48.38 47.16 50.53 57.53 53.80 56.91 59.12 55.57 47.72 56.52 57.11 54.29 53.25 50.99 52.19 73.34 59.35 54.80 52.27 54.27 50.94 44.20 45.40 53.37 52.13 51.22 49.74 47.21
-9999 -9999 -9999 -9999 -9999 -9999 -9999 -9999 62.02 62.51 67.91 65.50 66.39 73.55 64.01 63.41 69.92 71.86 59.72 63.75 70.81 86.75 90.31 88.01 84.72 74.16 72.78 90.29 80.17 70.26 59.74 43.56 51.61 58.95 63.33 57.38 60.09 49.74 55.73 55.26 63.07 63.39 67.89 59.38 56.95 56.70 48.74 46.55 55.95 52.85 48.17 50.11 47.30 44.64 65.40 51.96 51.55 56.33 58.63 56.78 64.65 58.58 65.18 68.79 56.95 54.88 54.58 50.41 46.17 42.81 44.94 50.00 53.49 46.91 44.04 46.51
-9999 -9999 -9999 -9999 -9999 -9999 -9999 -9999 61.14 65.82 73.15 77.57 68.69 61.82 58.44 61.30 61.52 62.03 63.99 69.28 65.92 84.09 88.43 74.04 73.23 70.89 84.45 88.44 85.86 91.30 60.18 58.36 68.73 61.01 71.09 58.37 53.42 55.13 56.05 58.56 64.04 63.96 66.73 60.35 51.92 51.80 49.92 47.38 50.97 52.43 48.85 38.07 47.41 62.60 56.65 46.67 52.14 53.41 53.29 51.48 61.72 59.39 75.91 76.35 53.97 68.61 60.52 45.90 45.92 55.75 55.44 60.15 51.34 49.58 45.48 44.59
-9999 -9999 -9999 -9999 -9999 -9999 -9999 -9999 86.78 68.71 66.60 65.71 66.87 64.59 58.19 47.48 60.68 59.63 61.38 69.15 72.89 68.55 71.71 77.76 60.74 69.25 79.41 90.71 108.46 100.86 74.75 75.68 69.55 68.41 71.76 64.69 67.12 66.02 63.34 63.14 65.99 65.78 68.56 61.42 49.93 47.69 46.90 47.70 49.88 50.99 51.13 46.69 51.82 56.78 55.15 45.16 47.15 46.67 44.68 42.69 44.56 50.85 53.69 41.51 38.10 51.61 50.60 45.21 44.85 47.25 48.05 60.54 50.54 45.15 51.67 49.61
-9999 -9999 -9999 -9999 -9999 -9999 -9999 -9999 75.30 63.71 66.15 70.68 73.51 75.42 70.92 63.50 57.46 58.37 69.11 65.24 63.97 73.16 70.76 62.97 60.87 67.80 71.98 97.13 99.19 93.68 67.88 83.16 81.98 80.36 98.41 75.51 82.95 86.16 77.54 66.05 67.66 65.59 59.02 55.97 52.00 44.88 42.63 43.51 49.80 54.18 51.74 50.05 46.43 48.15 42.06 36.13 40.60 39.62 40.67 42.14 43.59 56.45 39.06 38.12 38.72 46.38 44.81 39.43 -9999 -9999 44.24 47.01 47.50 43.86 40.16 52.27
-9999 -9999 -9999 -9999 -9999 -9999 -9999 68.44 66.66 61.13 66.08 73.50 73.35 72.45 77.31 82.92 76.59 77.96 75.52 65.52 59.59 70.12 67.73 62.41 60.94 75.97 90.79 94.92 96.34 77.85 58.74 71.46 62.31 67.21 69.49 81.60 91.26 80.45 71.34 65.05 66.47 60.28 53.32 47.22 45.18 44.18 47.26 42.62 47.71 50.49 49.55 46.47 42.37 46.60 -9999 -9999 38.63 40.89 37.00 40.87 44.07 49.72 27.75 -9999 -9999 -9999 -9999 -9999 -9999 -9999 -9999 -9999 -9999 43.06 42.33 44.69
-9999 -9999 -9999 -9999 -9999 -9999 85.36 93.20 82.81 77.17 72.22 65.06 74.11 81.13 86.64 96.48 99.16 101.91 87.01 73.64 72.41 80.01 71.60 60.30 64.34 64.50 83.96 66.75 89.35 59.38 63.24 55.89 54.16 54.73 66.30 74.85 73.49 70.92 65.93 64.50 63.15 57.85 48.66 45.71 44.90 42.83 39.92 38.70 42.15 51.55 54.16 -9999 42.36 48.39 42.97 37.34 36.76 -9999 -9999 -9999 -9999 43.94 -9999 -9999 -9999 -9999 -9999 -9999 -9999 -9999 -9999 -9999 -9999 -9999 -9999 -9999
-9999 -9999 -9999 -9999 -9999 68.57 87.89 94.01 100.99 83.14 87.49 75.80 72.92 68.91 109.61 137.01 161.47 124.66 107.18 114.80 89.47 86.36 75.94 64.72 58.83 52.58 45.86 53.20 58.25 -9999 -9999 -9999 -9999 -9999 54.06 68.89 73.92 67.09 60.71 62.43 72.35 64.64 46.94 45.93 44.99 -9999 -9999 -9999 -9999 -9999 44.03 46.08 50.03 50.97 38.65 31.40 33.59 -9999 -9999 -9999 -9999 -9999 -9999 -9999 -9999 -9999 -9999 -9999 -9999 -9999 -9999 -9999 -9999 -9999 -9999 -9999
-9999 -9999 -9999 -9999 67.49 80.73 89.87 102.01 114.51 88.84 84.16 81.62 92.59 91.86 119.04 172.18 234.72 167.74 147.99 119.43 124.53 80.35 68.69 54.16 47.77 43.65 -9999 -9999 -9999 -9999 -9999 -9999 -9999 -9999 -9999 54.02 59.73 54.23 54.18 64.21 76.37 64.92 52.23 51.77 42.43 -9999 -9999 -9999 -9999 -9999 -9999 -9999 29.85 40.99 24.62 28.30 -9999 -9999 -9999 -9999 -9999 -9999 -9999 -9999 -9999 -9999 -9999 -9999 -9999 -9999 -9999 -9999 -9999 -9999 -9999 -9999
-9999 58.09 56.40 70.85 82.49 80.45 98.74 105.82 105.81 90.14 85.26 92.35 100.39 108.48 112.61 161.90 163.54 152.50 135.78 114.67 86.62 85.06 79.83 61.82 -9999 -9999 -9999 -9999 -9999 -9999 -9999 -9999 -9999 -9999 -9999 -9999 -9999 55.30 -9999 -9999 -9999 -9999 47.43 48.52 43.28 -9999 -9999 -9999 -9999 -9999 -9999 -9999 -9999 29.58 30.41 24.01 -9999 -9999 -9999 -9999 -9999 -9999 -9999 -9999 -9999 -9999 -9999 -9999 -9999 -9999 -9999 -9999 -9999 -9999 -9999 -9999
-9999 57.32 60.84 67.42 81.69 96.82 106.13 101.40 109.60 95.45 89.47 96.36 94.77 100.01 107.14 155.36 168.02 144.57 114.21 98.77 75.21 75.11 62.88 -9999 -9999 -9999 -9999 -9999 -9999 -9999 -9999 -9999 -9999 -9999 -9999 -9999 -9999 47.68 -9999 -9999 -9999 -9999 -9999 -9999 -9999 -9999 -9999 -9999 -9999 -9999 -9999 -9999 -9999 -9999 -9999 -9999 -9999 -9999 -9999 -9999 -9999 -9999 -9999 -9999 -9999 -9999 -9999 -9999 -9999 -9999 -9999 -9999 -9999 -9999 -9999 -9999
-9999 53.69 62.84 78.36 104.28 107.35 101.62 93.93 91.99 78.84 87.69 98.67 91.02 92.40 93.01 130.44 158.87 172.67 114.73 93.51 80.02 71.65 68.48 -9999 -9999 -9999 -9999 -9999 -9999 -9999 -9999 -9999 -9999 -9999 -9999 -9999 -9999 -9999 -9999 -9999 -9999 -9999 -9999 -9999 -9999 -9999 -9999 -9999 -9999 -9999 -9999 -9999 -9999 -9999 -9999 -9999 -9999 -9999 -9999 -9999 -9999 -9999 -9999 -9999 -9999 -9999 -9999 -9999 -9999 -9999 -9999 -9999 -9999 -9999 -9999 -9999
53.17 52.21 62.23 83.44 108.03 103.18 99.91 81.49 78.15 78.60 80.48 88.09 89.87 75.57 89.51 99.06 145.68 131.91 105.33 80.73 72.22 75.65 64.45 -9999 -9999 -9999 -9999 -9999 -9999 -9999 -9999 -9999 -9999 -9999 -9999 -9999 -9999 -9999 -9999 -9999 -9999 -9999 -9999 -9999 -9999 -9999 -9999 -9999 -9999 -9999 -9999 -9999 -9999 -9999 -9999 -9999 -9999 -9999 -9999 -9999 -9999 -9999 -9999 -9999 -9999 -9999 -9999 -9999 -9999 -9999 -9999 -9999 -9999 -9999 -9999 -9999
