Rainfall_2007-2011/Rainfall_2008-07_ACTUAL.txt
ncols         180
nrows         290
xllcorner     -200000
yllcorner     -200000
cellsize      5000
NODATA_value  -9999
[rows 132 to 164 of 290, columns 75 to 149 of 180]
-9999 -9999 -9999 -9999 -9999 -9999 -9999 150.53 152.58 159.54 184.74 185.23 185.29 222.24 200.29 205.67 144.47 126.13 132.81 140.77 138.76 133.12 125.10 145.95 148.60 128.01 121.55 164.38 176.48 174.50 218.78 181.92 141.16 184.39 174.16 174.93 189.85 144.63 127.66 116.33 120.37 121.77 124.76 118.54 116.35 109.36 106.40 128.70 146.46 145.78 149.25 -9999 -9999 -9999 -9999 -9999 -9999 -9999 -9999 -9999 -9999 -9999 -9999 -9999 -9999 -9999 -9999 -9999 -9999 -9999 -9999 -9999 -9999 -9999 -9999
-9999 -9999 -9999 -9999 -9999 -9999 145.14 155.11 165.66 141.90 147.80 146.51 160.49 187.94 192.32 247.74 129.87 92.39 120.36 138.79 128.84 130.46 127.71 121.97 116.17 129.40 99.24 127.81 164.16 171.16 159.71 149.78 144.02 151.31 147.39 169.12 189.65 163.00 141.08 121.07 116.73 112.73 109.35 109.21 112.64 113.71 109.31 120.88 139.73 130.89 139.70 139.85 -9999 -9999 -9999 -9999 -9999 -9999 -9999 -9999 -9999 -9999 -9999 -9999 -9999 -9999 -9999 -9999 -9999 -9999 -9999 -9999 -9999 -9999 -9999
-9999 -9999 -9999 -9999 -9999 -9999 167.03 191.47 162.91 140.23 132.80 135.29 141.07 215.22 214.93 167.28 145.25 107.50 118.76 126.76 114.39 153.92 120.01 105.07 92.16 102.10 133.29 130.84 153.91 151.48 138.10 131.40 137.87 127.70 131.22 150.67 166.80 178.47 133.40 127.52 118.80 118.16 117.27 98.96 96.83 114.98 111.15 108.56 111.37 116.55 144.98 123.18 -9999 -9999 -9999 -9999 -9999 -9999 -9999 -9999 -9999 -9999 -9999 -9999 -9999 -9999 -9999 -9999 -9999 -9999 -9999 -9999 -9999 -9999 -9999
-9999 -9999 -9999 -9999 130.91 142.37 165.20 161.95 154.79 148.08 136.09 135.50 127.61 178.16 174.81 188.28 154.70 134.78 109.26 114.90 119.86 121.34 121.22 104.84 77.18 94.80 125.11 134.33 134.47 138.33 133.49 125.88 125.93 128.14 128.12 138.03 192.85 194.60 179.65 138.81 140.21 122.86 117.01 91.15 97.16 98.65 123.23 110.44 101.79 118.36 132.00 161.21 -9999 -9999 -9999 -9999 -9999 -9999 -9999 -9999 -9999 -9999 -9999 -9999 -9999 -9999 -9999 -9999 -9999 -9999 -9999 -9999 -9999 -9999 -9999
-9999 -9999 -9999 -9999 127.65 131.78 129.35 153.07 149.80 154.26 137.98 119.67 101.38 121.52 149.78 197.60 160.09 129.73 106.32 99.83 98.26 112.30 116.91 123.37 105.30 108.63 114.31 119.70 120.15 119.91 117.79 102.93 117.88 113.83 122.60 135.48 137.51 158.41 148.21 129.73 130.40 121.74 99.34 115.55 134.73 126.74 137.03 121.96 122.11 114.19 104.26 142.10 119.99 -9999 -9999 -9999 -9999 -9999 -9999 -9999 -9999 -9999 -9999 -9999 -9999 -9999 -9999 -9999 -9999 -9999 -9999 -9999 -9999 -9999 -9999
-9999 -9999 -9999 -9999 122.52 124.24 112.12 132.73 129.59 160.21 144.58 145.39 115.96 113.06 137.50 165.90 145.21 139.05 118.12 85.20 88.12 113.25 127.12 160.47 140.61 -9999 -9999 -9999 117.69 115.14 -9999 108.73 113.57 116.94 118.48 108.59 134.86 161.49 125.17 111.75 132.69 123.32 121.46 121.45 120.29 124.42 127.76 123.54 132.08 102.86 107.55 137.37 145.55 -9999 -9999 -9999 -9999 -9999 -9999 -9999 -9999 -9999 -9999 -9999 -9999 -9999 -9999 -9999 -9999 -9999 -9999 -9999 -9999 -9999 -9999
-9999 -9999 -9999 -9999 111.37 130.13 117.58 122.87 128.65 142.15 149.46 142.00 115.21 125.25 128.07 163.22 126.84 132.56 128.60 93.54 105.85 105.83 132.07 132.26 142.00 -9999 -9999 -9999 139.15 119.17 111.04 114.09 132.97 123.72 113.00 126.74 146.73 187.37 128.80 129.85 128.79 146.22 138.37 118.67 123.56 127.22 143.53 122.66 125.90 144.35 133.42 129.99 131.68 -9999 -9999 -9999 -9999 -9999 -9999 -9999 -9999 -9999 -9999 -9999 -9999 -9999 -9999 -9999 -9999 -9999 -9999 -9999 -9999 -9999 -9999
-9999 -9999 -9999 -9999 -9999 117.31 126.70 116.65 -9999 143.69 151.33 139.93 118.05 113.59 -9999 122.02 111.47 127.13 113.23 110.95 92.09 87.42 116.86 -9999 -9999 -9999 -9999 117.43 117.21 120.27 102.42 107.53 122.55 109.96 99.59 122.91 157.60 189.40 130.83 150.81 164.01 148.18 147.61 138.98 155.77 116.66 124.19 137.68 129.78 134.65 129.03 155.56 158.21 128.67 -9999 -9999 -9999 -9999 -9999 -9999 -9999 -9999 -9999 -9999 -9999 -9999 -9999 -9999 -9999 -9999 -9999 -9999 -9999 -9999 -9999
-9999 -9999 -9999 -9999 -9999 -9999 113.68 -9999 -9999 -9999 149.71 164.12 142.46 114.52 92.12 -9999 -9999 115.56 109.13 131.91 106.55 -9999 -9999 -9999 -9999 -9999 157.03 144.07 128.90 130.39 110.73 110.56 115.20 109.82 114.57 134.01 155.06 179.05 179.37 139.87 185.60 180.60 175.92 160.67 158.54 139.54 136.73 133.31 141.46 147.66 135.68 148.25 153.69 142.21 -9999 -9999 -9999 -9999 -9999 -9999 -9999 -9999 -9999 -9999 -9999 -9999 -9999 -9999 -9999 -9999 -9999 -9999 -9999 -9999 -9999
-9999 -9999 -9999 -9999 -9999 -9999 104.26 99.94 -9999 -9999 -9999 153.92 161.49 118.99 97.33 -9999 -9999 -9999 -9999 117.27 -9999 -9999 -9999 -9999 -9999 -9999 141.42 137.15 126.08 122.05 128.27 125.14 114.89 100.96 107.65 135.14 150.61 176.56 220.20 150.49 200.77 176.71 175.28 141.11 155.58 161.47 141.88 134.57 142.88 131.21 135.58 142.40 146.90 118.69 -9999 -9999 -9999 -9999 -9999 -9999 -9999 -9999 -9999 -9999 -9999 -9999 -9999 -9999 -9999 -9999 -9999 -9999 -9999 -9999 -9999
-9999 -9999 -9999 -9999 -9999 -9999 -9999 111.26 -9999 -9999 -9999 -9999 136.64 115.64 99.80 -9999 -9999 -9999 -9999 -9999 -9999 -9999 -9999 -9999 -9999 127.31 121.95 148.48 153.61 144.32 140.66 137.98 121.44 127.86 115.36 117.78 147.74 174.51 232.81 193.25 162.08 160.86 131.04 138.64 138.58 126.33 127.59 151.67 154.58 131.09 136.75 137.41 153.71 139.71 117.96 -9999 -9999 -9999 -9999 -9999 -9999 -9999 -9999 -9999 -9999 -9999 -9999 -9999 -9999 -9999 -9999 -9999 -9999 -9999 -9999
-9999 -9999 -9999 -9999 -9999 -9999 -9999 122.84 -9999 -9999 -9999 -9999 -9999 -9999 -9999 -9999 -9999 -9999 -9999 -9999 -9999 -9999 -9999 -9999 -9999 125.73 137.40 128.98 157.51 120.36 142.97 162.46 122.16 138.42 102.22 107.92 106.83 131.70 201.34 221.98 185.29 121.91 170.36 197.43 180.73 160.99 187.97 133.01 136.92 135.40 161.82 154.26 150.24 140.76 123.20 108.77 -9999 -9999 -9999 -9999 -9999 -9999 -9999 -9999 -9999 -9999 -9999 -9999 -9999 -9999 -9999 -9999 -9999 -9999 -9999
-9999 -9999 -9999 -9999 -9999 -9999 -9999 -9999 -9999 -9999 -9999 -9999 -9999 -9999 -9999 -9999 -9999 -9999 -9999 -9999 -9999 -9999 -9999 -9999 110.07 131.94 137.59 129.23 177.50 152.77 221.42 194.36 139.87 122.10 115.29 100.89 105.81 115.22 167.41 245.16 207.58 148.53 139.10 137.21 154.16 146.96 148.56 130.93 149.25 145.41 135.46 140.13 164.92 138.87 117.79 107.86 -9999 -9999 -9999 -9999 -9999 -9999 -9999 -9999 -9999 -9999 -9999 -9999 -9999 -9999 -9999 -9999 -9999 -9999 -9999
-9999 -9999 -9999 -9999 -9999 -9999 -9999 -9999 -9999 -9999 -9999 -9999 -9999 -9999 -9999 -9999 -9999 -9999 -9999 -9999 -9999 -9999 -9999 -9999 107.44 126.03 136.95 128.13 164.80 178.03 155.57 172.41 164.43 139.57 125.12 119.95 102.51 110.17 162.61 176.82 242.54 201.63 161.96 121.31 123.74 115.31 118.01 109.15 135.04 167.33 145.54 133.44 130.88 126.46 107.28 95.03 96.00 95.04 90.78 -9999 -9999 -9999 -9999 -9999 -9999 -9999 -9999 -9999 -9999 -9999 -9999 -9999 -9999 -9999 -9999
106.57 -9999 -9999 -9999 -9999 -9999 -9999 -9999 -9999 -9999 -9999 -9999 -9999 -9999 -9999 -9999 -9999 -9999 -9999 -9999 -9999 -9999 -9999 -9999 94.10 108.06 115.78 128.14 187.51 196.70 204.11 202.56 183.22 146.52 155.96 117.47 105.95 103.03 113.77 114.91 165.03 162.11 156.10 121.63 112.08 95.95 111.00 116.98 116.56 142.14 139.16 120.92 118.18 114.17 93.09 97.11 122.96 104.88 103.93 107.36 108.64 -9999 -9999 -9999 -9999 -9999 -9999 -9999 -9999 -9999 -9999 -9999 -9999 -9999 -9999
-9999 -9999 -9999 -9999 -9999 -9999 -9999 -9999 -9999 -9999 -9999 -9999 -9999 -9999 -9999 -9999 -9999 -9999 -9999 -9999 -9999 -9999 -9999 -9999 88.81 124.72 145.92 178.86 237.24 270.63 219.10 216.19 207.46 203.70 169.40 163.63 126.75 110.95 103.62 118.40 128.21 130.52 159.06 141.72 108.95 108.76 122.32 120.90 106.73 137.02 138.08 119.32 123.97 110.86 115.13 107.85 113.24 137.07 116.74 124.08 118.43 121.60 93.50 -9999 -9999 -9999 -9999 -9999 -9999 -9999 -9999 -9999 -9999 -9999 -9999
-9999 -9999 -9999 -9999 -9999 -9999 -9999 -9999 -9999 -9999 -9999 -9999 -9999 -9999 -9999 -9999 -9999 -9999 -9999 -9999 -9999 -9999 -9999 -9999 99.14 105.76 151.42 194.90 228.14 316.04 326.20 231.27 204.71 189.92 200.77 178.50 142.14 120.75 119.81 136.97 126.95 195.65 157.59 138.42 146.30 140.49 144.03 140.07 142.73 116.98 112.44 106.43 120.38 122.81 121.04 119.58 94.18 134.57 105.32 133.47 113.01 116.82 98.86 108.04 -9999 -9999 -9999 -9999 -9999 -9999 -9999 -9999 -9999 -9999 -9999
-9999 -9999 -9999 -9999 -9999 -9999 -9999 -9999 -9999 -9999 -9999 -9999 94.68 84.37 75.71 -9999 -9999 -9999 -9999 -9999 -9999 -9999 -9999 -9999 -9999 72.89 115.27 160.47 185.20 205.29 329.00 195.46 147.02 162.68 180.31 148.50 143.10 146.44 155.69 153.59 145.40 176.14 142.87 165.89 163.24 131.06 125.52 144.03 126.77 110.83 99.55 98.52 115.26 118.96 122.22 159.06 136.41 168.71 155.50 142.61 115.69 85.02 111.42 105.30 82.25 -9999 -9999 -9999 -9999 -9999 -9999 -9999 -9999 -9999 -9999
-9999 -9999 -9999 -9999 -9999 -9999 -9999 -9999 -9999 -9999 -9999 -9999 87.09 90.24 -9999 -9999 -9999 -9999 -9999 -9999 -9999 -9999 -9999 -9999 -9999 -9999 108.07 145.66 196.29 198.05 251.80 174.23 163.89 142.12 142.63 130.24 150.04 151.64 215.29 164.80 171.66 208.71 162.75 131.03 153.04 142.04 99.74 137.78 124.74 113.07 103.54 111.25 112.11 128.30 151.10 156.59 150.45 143.30 123.31 128.89 120.52 106.76 106.45 99.61 104.09 -9999 -9999 -9999 -9999 -9999 -9999 -9999 -9999 -9999 -9999
-9999 -9999 -9999 -9999 -9999 -9999 -9999 -9999 -9999 -9999 -9999 103.48 121.31 119.81 101.32 -9999 -9999 -9999 -9999 -9999 -9999 -9999 -9999 -9999 -9999 -9999 93.68 140.35 181.94 168.09 177.57 175.00 150.18 138.10 129.00 147.32 155.80 159.31 163.47 220.29 205.33 208.74 163.31 172.06 184.07 131.49 146.00 115.90 114.81 115.89 114.84 122.20 111.69 140.42 153.42 161.18 171.12 147.25 136.26 130.48 114.07 108.02 113.42 99.92 111.12 85.36 -9999 -9999 -9999 -9999 -9999 -9999 -9999 -9999 -9999
-9999 -9999 -9999 -9999 -9999 -9999 -9999 -9999 -9999 -9999 110.23 152.73 146.90 159.96 97.39 -9999 -9999 -9999 -9999 -9999 -9999 -9999 -9999 -9999 -9999 -9999 114.64 144.05 190.48 136.21 156.10 139.63 146.29 138.17 131.62 143.85 163.02 161.30 219.63 209.91 230.45 177.35 193.03 131.66 149.74 117.66 151.61 106.60 110.57 114.87 106.22 103.18 103.89 121.92 142.74 170.98 158.63 126.56 125.47 115.77 136.31 130.94 131.28 110.96 100.62 91.93 -9999 -9999 -9999 -9999 -9999 -9999 -9999 -9999 -9999
-9999 -9999 -9999 -9999 -9999 -9999 -9999 -9999 -9999 80.13 103.92 176.28 140.89 112.02 -9999 -9999 -9999 -9999 -9999 -9999 -9999 -9999 -9999 -9999 -9999 -9999 -9999 140.11 152.08 131.01 224.91 145.75 133.24 119.35 109.03 131.65 172.08 174.22 208.27 226.92 223.06 199.29 209.33 195.41 180.75 189.57 151.49 141.06 131.45 103.21 105.05 93.37 87.27 97.46 118.59 155.97 143.31 114.80 110.34 105.00 113.74 110.67 104.63 119.96 89.08 83.11 89.41 82.82 -9999 -9999 -9999 -9999 -9999 -9999 -9999
-9999 -9999 -9999 -9999 -9999 -9999 -9999 -9999 -9999 107.32 134.95 126.27 98.17 101.02 -9999 -9999 -9999 -9999 -9999 -9999 -9999 -9999 -9999 -9999 -9999 -9999 -9999 -9999 119.73 126.86 137.04 133.02 117.54 110.69 118.27 127.39 168.28 159.68 208.32 206.94 239.23 236.91 197.81 183.53 200.44 212.05 151.35 155.84 129.49 123.06 102.76 94.82 83.91 86.49 113.81 116.15 127.08 111.30 94.69 98.51 97.96 96.04 97.37 108.20 90.75 99.96 97.22 82.67 -9999 -9999 -9999 -9999 -9999 -9999 -9999
-9999 -9999 -9999 -9999 -9999 -9999 -9999 -9999 -9999 104.87 114.59 147.63 104.36 -9999 -9999 -9999 -9999 -9999 -9999 -9999 -9999 -9999 -9999 -9999 -9999 -9999 -9999 -9999 88.05 103.70 124.07 -9999 104.79 -9999 128.31 122.79 133.63 141.60 155.85 179.57 214.80 222.77 213.49 182.14 141.75 200.13 183.42 149.23 152.75 132.53 108.42 110.33 98.28 97.63 103.43 111.20 117.09 114.64 95.17 106.66 99.89 92.02 102.32 114.20 101.98 96.37 92.83 88.85 88.97 87.71 -9999 -9999 -9999 -9999 -9999
-9999 -9999 -9999 -9999 -9999 -9999 -9999 -9999 90.54 88.56 94.06 -9999 -9999 -9999 -9999 -9999 -9999 -9999 -9999 -9999 -9999 -9999 -9999 -9999 -9999 -9999 -9999 -9999 88.56 94.53 107.27 -9999 -9999 -9999 121.80 140.29 144.06 152.15 152.02 188.67 181.12 224.28 248.60 228.45 152.05 180.46 190.05 163.43 150.72 138.47 118.18 100.86 95.71 97.00 92.29 81.67 100.38 105.60 102.04 99.83 106.90 89.03 104.06 119.82 119.32 119.20 109.45 83.90 81.19 82.32 -9999 -9999 -9999 -9999 -9999
-9999 -9999 -9999 -9999 -9999 -9999 -9999 -9999 -9999 -9999 -9999 -9999 -9999 -9999 -9999 -9999 -9999 -9999 -9999 -9999 -9999 -9999 -9999 -9999 -9999 -9999 -9999 -9999 -9999 -9999 -9999 -9999 -9999 118.16 113.13 137.37 175.25 187.65 199.84 215.42 197.08 197.92 229.49 201.80 189.75 161.94 177.33 177.96 149.26 131.18 120.71 112.21 99.81 100.04 89.15 87.75 95.75 100.53 104.14 103.96 106.64 111.33 111.83 121.52 118.07 129.50 115.09 104.39 94.08 -9999 -9999 -9999 -9999 -9999 -9999
-9999 -9999 -9999 -9999 -9999 -9999 -9999 -9999 -9999 -9999 -9999 -9999 -9999 -9999 -9999 -9999 -9999 -9999 -9999 -9999 -9999 -9999 -9999 -9999 -9999 -9999 -9999 -9999 -9999 -9999 -9999 -9999 -9999 103.60 108.23 144.16 190.94 257.95 257.70 202.55 200.09 157.10 200.94 192.76 203.18 180.72 180.88 144.28 148.58 140.24 129.24 121.72 102.50 100.52 88.81 90.08 96.52 95.14 102.12 109.96 110.64 133.17 127.04 115.90 114.34 127.27 117.63 114.63 111.03 -9999 -9999 -9999 -9999 -9999 -9999
-9999 -9999 -9999 -9999 -9999 -9999 -9999 -9999 -9999 -9999 -9999 -9999 -9999 -9999 -9999 -9999 -9999 -9999 -9999 -9999 -9999 -9999 -9999 -9999 -9999 -9999 -9999 -9999 -9999 -9999 -9999 -9999 -9999 104.59 114.18 141.86 179.17 244.38 222.84 207.62 185.90 165.93 173.88 177.28 168.94 163.12 136.46 166.21 139.10 136.56 126.92 118.56 98.55 85.27 71.98 103.67 102.76 92.17 100.71 111.84 110.32 115.39 108.52 104.39 102.72 97.64 100.92 106.48 114.07 -9999 -9999 -9999 -9999 -9999 -9999
-9999 -9999 -9999 -9999 -9999 -9999 -9999 -9999 -9999 -9999 -9999 -9999 -9999 -9999 -9999 -9999 -9999 -9999 -9999 -9999 -9999 -9999 -9999 -9999 -9999 -9999 -9999 -9999 -9999 -9999 -9999 94.27 99.36 108.56 108.08 148.03 179.10 231.34 182.81 202.58 169.33 159.49 146.85 154.07 163.05 134.69 154.16 136.63 130.33 139.66 125.71 108.83 103.17 75.33 76.64 91.59 86.39 83.18 101.14 106.75 107.55 103.63 104.71 100.80 92.19 86.41 84.67 95.30 108.13 111.31 -9999 -9999 -9999 -9999 -9999
-9999 -9999 -9999 -9999 -9999 -9999 -9999 -9999 -9999 -9999 -9999 -9999 -9999 -9999 -9999 -9999 -9999 -9999 -9999 -9999 -9999 -9999 -9999 -9999 -9999 -9999 -9999 -9999 -9999 -9999 -9999 95.47 120.76 110.01 103.49 119.93 152.85 139.67 154.37 145.44 154.90 183.03 193.97 156.08 155.51 163.74 161.61 141.75 129.53 145.85 144.13 141.43 97.73 54.36 54.31 78.55 79.74 86.39 97.26 113.37 102.31 106.48 88.95 100.90 94.30 78.50 69.15 86.72 103.82 118.04 -9999 -9999 -9999 -9999 -9999
-9999 -9999 -9999 -9999 -9999 -9999 -9999 -9999 -9999 -9999 -9999 -9999 -9999 -9999 -9999 -9999 -9999 -9999 -9999 -9999 -9999 -9999 -9999 -9999 -9999 -9999 -9999 -9999 -9999 -9999 -9999 98.52 107.49 109.44 114.15 115.16 124.29 145.05 144.85 143.05 148.36 154.68 185.64 140.18 166.67 124.48 134.06 118.79 136.93 119.69 121.48 114.07 105.87 68.67 69.80 81.99 71.07 84.03 92.90 112.84 94.19 101.87 98.15 97.98 93.52 92.76 82.12 85.63 94.46 92.73 87.56 -9999 -9999 -9999 -9999
-9999 -9999 -9999 -9999 -9999 -9999 -9999 -9999 -9999 -9999 -9999 -9999 -9999 -9999 -9999 -9999 -9999 -9999 -9999 -9999 -9999 -9999 -9999 -9999 -9999 -9999 -9999 -9999 -9999 -9999 -9999 85.86 100.77 104.74 112.13 86.03 113.43 129.60 141.51 134.43 139.73 128.94 135.79 167.20 158.67 159.27 142.56 136.35 121.61 108.42 93.11 100.53 110.35 97.71 82.20 75.87 86.57 71.09 82.38 92.55 94.05 96.96 91.53 96.03 88.59 75.49 83.94 87.52 85.16 84.33 81.25 74.30 -9999 -9999 -9999
-9999 -9999 -9999 -9999 -9999 -9999 -9999 -9999 -9999 -9999 -9999 -9999 -9999 -9999 -9999 -9999 -9999 -9999 -9999 -9999 -9999 -9999 -9999 -9999 -9999 -9999 -9999 -9999 -9999 -9999 -9999 88.98 97.86 104.97 104.99 114.52 122.18 144.41 131.26 133.87 156.22 166.61 159.22 175.39 148.78 147.01 129.99 127.93 108.15 119.45 101.65 101.40 107.02 84.11 86.94 85.21 92.72 85.20 79.48 98.01 99.16 86.22 77.89 82.81 83.65 83.68 87.78 84.92 85.78 91.87 79.11 68.82 -9999 -9999 -9999
