Rainfall_2007-2011/Rainfall_2009-01_ACTUAL.txt
ncols         180
nrows         290
xllcorner     -200000
yllcorner     -200000
cellsize      5000
NODATA_value  -9999
[rows 198 to 230 of 290, columns 76 to 151 of 180]
-9999 -9999 -9999 -9999 -9999 -9999 -9999 -9999 -9999 -9999 -9999 144.95 144.52 155.90 178.43 137.35 167.27 151.59 161.80 186.29 214.22 203.03 180.02 155.32 100.64 122.92 101.12 120.70 104.45 97.31 99.22 85.09 82.14 85.42 80.14 80.52 66.44 67.68 73.37 64.21 64.87 59.78 56.01 58.82 60.08 58.08 54.46 47.58 45.23 48.20 44.84 47.27 49.69 52.40 50.87 39.38 43.48 44.12 39.37 42.04 45.60 41.35 43.34 39.62 44.10 43.19 41.03 41.02 38.74 40.40 37.68 38.74 38.57 39.24 38.11 38.55
-9999 -9999 -9999 -9999 -9999 -9999 -9999 146.57 100.40 149.03 190.27 184.51 169.86 166.93 153.58 176.20 186.35 194.26 177.40 190.83 196.43 189.11 167.72 139.68 113.29 121.03 108.77 154.07 133.28 106.42 88.61 81.37 77.88 89.51 68.28 80.89 74.45 64.13 67.72 62.66 62.28 58.74 55.41 57.13 65.14 56.27 46.16 45.03 42.74 48.67 47.53 43.14 46.58 50.56 45.80 41.34 46.81 49.57 45.90 44.38 47.00 42.14 42.17 43.66 36.04 31.92 34.76 38.48 40.54 41.70 41.44 39.03 37.66 37.89 41.31 41.22
-9999 -9999 -9999 -9999 -9999 -9999 202.59 184.07 189.12 195.76 160.47 196.65 185.22 191.35 195.81 147.95 192.75 200.33 213.45 176.78 199.00 177.82 157.91 167.70 137.71 112.87 139.59 115.54 104.33 81.83 73.53 70.69 85.17 69.83 67.21 62.21 65.44 72.14 62.51 74.43 62.18 60.74 62.55 59.24 61.71 55.08 44.66 40.81 40.11 45.61 45.05 50.56 44.80 49.64 52.37 51.00 50.54 50.31 44.21 46.09 49.58 44.42 41.57 36.46 33.18 32.12 36.26 39.57 39.41 40.64 39.54 37.85 37.74 38.47 41.31 40.89
-9999 -9999 -9999 -9999 -9999 200.55 209.38 192.49 193.24 195.18 198.83 207.17 226.62 219.93 206.31 225.19 185.69 187.04 212.04 165.54 177.49 177.27 182.86 161.57 147.93 128.36 108.34 89.76 74.30 110.21 91.68 69.40 67.68 58.71 57.98 61.89 56.82 64.28 64.86 63.17 61.39 61.74 62.21 68.19 55.88 52.12 46.00 58.66 47.62 44.29 41.54 39.72 55.86 57.79 53.05 56.84 53.00 54.09 51.09 46.72 46.04 40.69 40.43 37.56 35.14 36.07 39.35 38.62 42.36 43.45 42.44 45.43 44.18 45.00 42.81 44.72
-9999 174.98 214.17 217.49 253.60 217.86 230.30 240.24 231.03 223.01 236.35 243.70 261.79 271.23 278.06 259.65 215.43 196.34 187.26 175.05 167.03 182.16 166.20 151.13 130.11 134.56 112.84 84.56 98.11 107.77 87.01 87.73 68.56 60.56 61.01 56.89 73.73 50.71 63.52 62.77 59.30 64.50 58.79 70.27 54.42 55.11 61.84 57.86 54.28 49.31 48.90 45.23 54.76 57.28 56.15 46.78 50.87 49.42 49.09 45.93 43.85 38.89 38.96 35.18 36.77 37.42 40.82 39.17 41.03 50.45 58.55 53.68 56.06 54.31 51.38 43.76
171.77 221.32 238.60 250.69 299.98 306.76 307.75 278.66 276.56 280.72 272.00 256.07 263.47 285.13 244.12 224.27 224.90 184.38 170.37 166.77 181.86 198.04 158.65 147.15 141.62 119.56 123.12 122.77 168.92 122.96 103.69 78.26 76.43 59.90 73.67 63.57 64.20 57.41 56.10 62.67 62.64 65.49 60.01 56.55 56.14 76.00 66.11 67.63 59.60 52.33 59.11 58.21 59.17 59.05 53.74 50.56 49.20 45.07 44.16 42.02 42.76 40.40 46.09 46.86 40.15 45.24 43.67 45.67 48.74 55.25 62.73 62.80 59.29 54.71 54.30 56.19
177.69 219.68 241.19 246.45 278.11 290.92 276.23 264.52 288.55 260.68 251.18 216.81 212.11 234.30 211.39 183.82 197.38 164.43 174.60 217.45 199.68 277.34 196.01 177.79 150.26 171.55 115.43 141.10 133.13 138.90 106.27 95.74 92.73 70.59 69.84 68.39 61.70 58.62 74.51 75.21 67.13 63.88 58.34 35.95 69.39 76.58 73.74 65.77 61.40 51.57 50.75 57.88 60.97 56.32 54.48 51.59 48.44 47.00 43.30 43.39 44.24 43.85 42.44 39.10 43.32 50.90 54.03 50.11 54.50 57.67 62.02 51.57 63.56 62.20 57.51 55.38
174.67 188.52 227.32 218.64 250.06 244.76 242.30 240.41 233.34 225.39 207.04 200.02 184.45 187.37 180.26 209.69 221.36 218.99 222.41 290.59 357.09 295.48 264.26 231.43 226.66 224.69 152.67 131.31 164.32 131.69 102.37 109.52 109.97 88.81 70.19 65.37 78.65 84.88 91.78 77.42 63.09 59.73 59.17 60.98 78.38 82.76 72.40 68.54 61.82 58.75 55.67 59.54 56.52 52.78 50.46 43.41 48.63 41.17 44.57 44.02 43.82 45.40 43.66 49.42 53.00 55.02 55.18 51.80 55.97 60.62 60.72 64.33 65.59 58.99 55.43 55.32
-9999 200.33 192.90 210.69 225.12 212.25 216.67 231.77 219.80 219.64 200.43 191.05 181.00 188.07 195.97 255.33 234.82 245.21 256.78 278.49 293.80 304.19 264.41 269.02 290.50 206.16 198.22 165.52 122.77 115.04 129.54 94.21 103.06 97.16 93.78 88.61 109.54 106.11 91.61 75.30 66.91 65.29 70.58 85.65 82.40 78.50 71.29 70.90 63.33 68.58 66.69 57.59 53.81 41.57 44.86 41.99 43.16 46.09 43.42 38.55 42.12 45.81 52.76 62.06 66.40 62.84 58.08 53.97 55.27 65.23 63.93 61.84 59.09 58.81 56.16 47.45
182.79 180.54 176.29 192.89 196.94 206.99 217.72 225.71 193.07 194.91 190.17 174.15 175.74 202.02 188.72 221.91 206.72 213.40 223.48 249.12 219.57 233.96 230.48 239.34 210.97 200.69 183.21 138.46 158.45 172.50 137.96 108.81 103.50 106.81 99.18 124.11 123.89 126.25 91.30 73.89 63.06 94.72 95.72 77.56 72.54 62.46 64.86 78.60 68.75 57.84 55.28 52.28 46.67 43.53 44.77 41.02 41.76 43.22 45.60 40.85 41.50 53.58 60.00 72.12 65.29 67.20 70.26 57.08 54.76 56.22 62.73 65.38 63.68 60.06 63.08 62.40
181.65 176.19 169.13 187.01 184.40 187.28 188.74 177.03 154.42 154.61 157.27 158.46 158.36 175.70 205.64 195.40 226.21 221.08 239.90 273.95 248.78 201.13 242.39 224.08 182.12 173.63 189.81 192.11 151.36 198.87 149.66 142.79 103.74 108.94 121.40 139.36 133.91 109.62 87.87 80.88 78.48 79.24 86.37 78.66 66.04 71.97 62.89 63.19 60.22 52.60 47.95 45.01 44.90 51.46 45.94 37.52 32.63 40.13 43.71 49.32 52.51 59.98 67.61 71.98 73.10 70.35 66.80 65.95 57.10 64.15 71.74 62.59 70.21 84.98 62.60 63.25
-9999 168.82 173.67 192.06 186.98 191.00 179.76 -9999 -9999 -9999 -9999 145.66 151.77 168.57 164.93 173.75 189.04 186.40 198.56 228.18 226.20 301.07 350.06 257.61 233.17 200.16 211.61 210.00 185.93 176.57 166.03 146.05 117.39 128.04 114.37 128.05 91.37 60.45 77.50 82.15 97.76 77.62 86.38 77.77 69.41 65.82 58.85 59.16 50.02 48.69 45.88 45.73 43.43 48.05 44.22 42.95 34.99 43.03 49.69 58.06 69.48 73.58 73.13 73.31 66.14 64.77 60.11 59.34 62.98 65.70 74.60 67.23 68.91 78.81 70.65 69.17
-9999 167.26 169.40 178.95 170.53 184.54 135.68 -9999 -9999 -9999 -9999 -9999 -9999 -9999 150.68 181.86 176.92 152.13 161.20 192.91 251.03 295.10 367.70 292.92 294.41 234.68 224.17 182.39 204.67 233.51 192.89 140.98 147.81 137.85 129.81 97.29 78.22 63.24 72.26 84.00 86.53 81.00 81.55 65.51 64.61 57.30 54.50 51.95 46.88 44.37 47.37 41.80 39.74 37.53 40.37 44.25 44.85 48.46 56.64 62.78 70.25 79.17 76.52 72.72 63.77 66.66 61.13 64.43 66.15 69.31 69.38 73.08 75.17 69.55 65.62 63.31
-9999 -9999 -9999 163.43 -9999 -9999 -9999 -9999 -9999 -9999 -9999 -9999 108.47 129.00 142.98 152.78 121.30 125.48 137.83 165.62 216.79 267.68 305.09 283.69 256.89 232.68 238.53 206.82 202.96 187.89 139.75 123.86 141.42 128.79 115.31 89.88 81.23 80.45 77.97 90.44 86.47 77.85 79.55 67.79 60.66 57.69 53.50 54.44 49.40 43.92 34.87 35.72 41.15 39.38 42.80 45.09 44.57 54.03 68.40 69.18 79.66 71.42 67.65 68.78 64.04 52.84 65.20 72.66 74.57 70.76 67.04 68.33 75.31 78.89 65.17 64.32
-9999 -9999 -9999 -9999 -9999 -9999 -9999 -9999 -9999 -9999 -9999 -9999 97.63 117.66 124.79 122.69 99.94 -9999 -9999 126.33 178.40 189.94 233.08 219.03 211.81 208.55 218.96 202.03 181.95 167.32 142.40 120.47 113.92 109.13 91.19 79.40 75.82 79.81 80.25 84.12 79.66 78.06 78.19 67.86 64.79 58.63 53.52 57.07 51.37 42.97 48.08 54.96 55.17 50.21 47.89 48.64 51.96 60.69 61.54 79.57 72.05 64.81 70.30 66.32 67.57 62.22 68.75 69.46 69.13 68.19 63.85 63.07 64.57 65.98 62.07 61.91
-9999 -9999 -9999 -9999 -9999 -9999 -9999 -9999 -9999 -9999 -9999 -9999 -9999 -9999 -9999 -9999 -9999 -9999 -9999 104.27 115.93 147.26 168.25 161.08 171.60 156.91 173.63 157.85 154.23 139.40 130.25 118.18 105.97 -9999 82.70 74.97 78.31 73.55 75.67 86.20 82.56 84.98 76.22 67.93 61.13 66.86 60.38 66.20 64.54 48.62 47.18 60.85 65.71 54.04 55.23 60.70 56.12 64.85 68.62 74.46 66.62 64.13 58.21 62.37 70.57 69.92 71.90 68.08 66.46 70.69 66.97 64.98 61.85 60.62 59.51 58.27
-9999 -9999 -9999 -9999 -9999 -9999 -9999 -9999 -9999 -9999 -9999 -9999 -9999 -9999 -9999 -9999 -9999 -9999 -9999 -9999 109.84 122.24 133.80 141.95 143.37 141.76 147.73 157.35 134.88 -9999 -9999 -9999 -9999 85.41 75.95 77.24 81.06 77.28 76.60 88.52 88.32 85.52 71.05 66.50 69.04 63.13 69.01 67.73 75.21 66.26 61.25 66.90 67.19 61.63 58.42 59.93 55.15 65.44 69.17 60.58 59.74 57.01 58.24 67.53 71.32 72.61 73.73 68.44 65.02 73.24 64.86 63.97 63.53 64.69 61.10 57.39
-9999 -9999 -9999 -9999 -9999 -9999 -9999 -9999 -9999 -9999 -9999 -9999 -9999 -9999 -9999 -9999 -9999 -9999 -9999 -9999 -9999 117.85 120.99 124.81 123.25 130.63 131.61 127.91 -9999 -9999 -9999 -9999 94.90 91.71 90.52 78.88 89.95 73.91 81.45 88.76 85.76 75.21 64.40 66.45 65.62 70.81 77.75 71.16 73.20 70.13 70.18 67.57 59.31 54.75 65.68 56.03 65.57 60.86 62.52 58.68 58.51 57.23 70.19 79.13 79.83 76.94 73.11 69.43 69.09 67.98 68.13 61.61 68.64 63.23 67.04 74.67
-9999 -9999 -9999 -9999 -9999 -9999 -9999 -9999 -9999 -9999 -9999 -9999 -9999 -9999 -9999 -9999 -9999 -9999 -9999 -9999 -9999 -9999 98.57 102.63 126.50 103.74 108.23 105.29 -9999 -9999 -9999 88.44 89.31 86.76 81.68 84.39 85.62 76.65 79.14 75.44 84.66 70.95 61.16 70.96 69.32 70.12 66.70 75.43 73.55 72.67 70.28 70.66 66.55 70.83 63.22 64.47 65.69 63.88 58.01 62.92 64.81 72.47 79.90 81.57 79.27 71.71 74.33 67.66 73.00 67.47 70.53 73.13 74.87 80.68 77.36 87.93
-9999 -9999 -9999 -9999 -9999 -9999 -9999 -9999 -9999 -9999 -9999 -9999 -9999 -9999 -9999 -9999 -9999 -9999 -9999 -9999 -9999 -9999 -9999 -9999 -9999 -9999 -9999 -9999 -9999 -9999 99.31 96.43 91.70 87.59 90.93 98.77 86.83 88.16 80.94 76.22 76.92 60.52 53.35 55.86 57.53 62.89 66.20 71.25 78.23 83.70 81.77 90.65 84.65 77.76 68.73 72.63 69.98 68.27 69.14 70.23 76.26 79.53 83.71 74.82 74.68 73.45 73.75 75.82 76.09 77.91 83.85 90.99 95.84 93.31 80.87 92.16
-9999 -9999 -9999 -9999 -9999 -9999 -9999 -9999 -9999 -9999 -9999 -9999 -9999 -9999 -9999 -9999 -9999 -9999 -9999 -9999 -9999 -9999 -9999 -9999 -9999 -9999 -9999 -9999 -9999 -9999 82.86 93.55 87.89 131.72 125.06 92.96 102.48 103.97 87.79 80.87 69.20 61.09 58.82 59.54 62.12 64.24 67.67 78.08 85.79 95.99 88.67 92.50 99.89 86.83 84.96 83.02 76.59 71.65 70.38 74.29 81.52 80.74 81.54 78.40 74.84 75.51 77.47 82.68 88.38 90.18 90.97 88.16 96.92 101.75 101.29 99.54
-9999 -9999 -9999 -9999 -9999 -9999 -9999 -9999 -9999 -9999 -9999 -9999 -9999 -9999 -9999 -9999 -9999 -9999 -9999 -9999 -9999 -9999 -9999 -9999 -9999 -9999 -9999 -9999 -9999 -9999 72.91 77.35 81.69 94.15 106.26 111.70 123.05 116.75 103.94 87.09 79.69 73.33 81.99 77.00 72.83 75.44 70.00 74.26 76.46 85.12 92.41 92.75 92.46 90.53 85.38 92.93 86.46 78.09 82.85 84.26 92.77 90.65 91.28 80.77 79.07 88.66 97.08 83.55 94.68 97.69 93.97 100.25 101.25 120.63 96.28 95.06
-9999 -9999 -9999 -9999 -9999 -9999 -9999 -9999 -9999 -9999 -9999 -9999 -9999 104.89 127.37 119.71 154.70 169.98 174.73 169.14 167.98 129.94 138.15 92.15 -9999 -9999 -9999 -9999 -9999 -9999 72.71 70.49 76.22 82.52 86.39 105.22 113.48 110.82 97.91 92.53 86.48 93.53 91.60 82.92 75.78 78.70 74.40 72.31 78.11 79.06 82.84 84.47 92.29 82.29 91.15 92.14 104.13 101.33 94.13 95.54 97.01 93.86 92.76 89.11 89.71 99.04 101.60 95.36 94.82 94.89 94.18 107.80 98.46 108.93 98.45 85.84
-9999 -9999 -9999 -9999 -9999 -9999 -9999 -9999 -9999 -9999 -9999 -9999 -9999 116.01 128.27 143.16 139.45 180.56 234.13 189.68 232.53 177.39 138.22 121.76 92.77 81.57 92.34 85.57 72.52 68.63 72.40 69.02 72.19 79.14 84.08 81.84 97.60 97.89 99.09 88.32 105.21 103.57 90.33 86.74 87.11 77.37 77.99 75.75 78.93 84.00 82.59 87.06 85.69 93.00 99.36 101.37 101.58 107.82 109.21 98.48 96.33 91.88 102.34 98.06 95.63 124.67 105.84 103.81 105.90 105.83 104.59 106.84 120.45 119.74 100.53 97.54
-9999 -9999 -9999 -9999 -9999 -9999 -9999 -9999 -9999 -9999 -9999 -9999 76.37 95.57 124.73 123.44 127.32 162.51 221.11 234.57 219.79 191.60 167.28 137.92 108.31 109.14 97.66 104.12 79.93 70.10 61.88 71.20 68.04 72.73 83.95 93.96 89.79 91.55 80.85 105.05 97.14 106.78 103.12 90.59 88.54 91.59 85.35 81.11 81.72 93.52 95.36 93.48 109.66 96.50 102.34 104.76 113.52 107.80 110.18 102.64 103.82 113.02 108.38 126.06 103.39 103.57 108.38 103.24 103.38 114.06 118.36 130.48 136.67 115.07 114.50 124.36
-9999 -9999 -9999 -9999 -9999 -9999 -9999 -9999 -9999 -9999 -9999 -9999 -9999 95.86 105.44 103.70 117.26 136.19 163.68 177.53 180.06 162.91 147.35 147.43 135.19 115.91 94.97 77.62 66.81 70.98 63.16 57.67 59.82 73.00 71.54 79.84 75.01 84.22 85.32 93.27 89.29 103.16 113.37 95.70 88.27 109.13 102.32 92.06 90.44 94.76 91.39 98.00 104.42 109.93 109.46 108.82 117.73 122.60 121.32 115.39 110.17 114.93 107.53 110.68 99.30 97.71 96.63 100.07 116.18 119.20 122.03 135.13 152.17 133.38 128.90 131.34
-9999 -9999 -9999 -9999 -9999 -9999 -9999 -9999 -9999 115.69 -9999 -9999 107.15 104.85 118.31 100.69 112.79 110.21 119.94 134.25 150.00 156.42 156.24 136.21 130.19 116.25 90.65 79.13 70.93 68.42 63.79 65.12 76.78 76.39 76.03 75.91 74.40 83.59 78.55 86.32 78.39 91.30 93.24 102.35 106.68 108.11 95.41 88.51 83.67 97.12 99.96 108.76 97.08 108.65 121.45 112.92 122.30 126.68 139.65 114.38 117.45 119.04 104.89 112.45 114.29 102.83 109.14 111.31 110.53 111.19 121.27 125.00 127.14 118.72 127.14 137.01
-9999 -9999 -9999 -9999 -9999 -9999 -9999 -9999 127.72 155.13 164.77 148.09 123.11 133.49 126.36 99.85 84.78 98.88 97.58 128.80 128.29 139.84 131.25 120.78 113.44 104.15 94.87 87.89 89.09 87.37 77.94 72.69 72.75 79.02 88.43 78.57 89.10 85.45 81.55 81.09 88.76 96.01 93.30 102.07 108.46 98.93 99.10 94.36 100.10 105.87 107.25 101.65 105.09 108.18 116.92 118.48 121.98 122.40 121.00 107.81 114.00 128.13 135.08 144.14 124.50 117.89 108.58 112.25 109.36 110.13 113.48 126.29 124.44 125.53 114.98 123.99
-9999 -9999 -9999 -9999 -9999 -9999 -9999 -9999 138.87 149.98 154.62 152.34 131.41 135.79 116.19 97.54 106.02 103.10 106.21 121.19 100.82 127.32 118.35 114.18 111.97 107.86 118.03 132.63 115.75 100.76 93.50 81.31 96.93 93.89 96.99 92.90 103.84 90.88 95.30 92.21 90.04 96.78 110.30 94.66 93.30 93.03 95.38 95.35 116.94 113.02 105.93 108.58 108.56 108.66 112.36 109.86 106.85 119.69 125.58 111.36 139.02 128.67 139.28 140.01 139.06 130.04 119.89 113.19 115.25 129.29 135.14 126.53 132.12 118.51 120.65 122.24
-9999 -9999 -9999 -9999 -9999 -9999 -9999 -9999 136.63 143.90 145.33 157.91 139.46 125.61 117.32 111.88 103.86 104.11 103.71 110.92 101.04 117.44 105.08 105.17 105.09 107.49 142.79 140.01 134.44 139.01 121.04 108.49 117.78 95.78 106.45 102.34 105.47 104.26 111.50 102.59 102.95 110.57 98.67 99.00 94.89 95.61 101.07 97.42 106.89 120.41 117.23 110.64 109.55 102.09 105.39 104.48 90.44 108.87 114.94 116.60 130.20 127.45 122.53 151.96 123.84 159.04 139.61 113.51 114.65 143.03 137.39 140.73 122.36 116.47 107.47 104.14
-9999 -9999 -9999 -9999 -9999 -9999 -9999 -9999 108.28 136.46 133.81 113.50 128.74 128.16 115.70 97.50 105.78 101.09 104.93 88.19 105.88 106.15 99.43 110.25 103.29 111.93 141.07 145.39 159.47 153.55 146.47 129.58 123.23 113.15 117.85 129.91 116.53 115.25 119.79 112.51 114.45 107.99 96.01 94.96 93.48 94.87 99.52 100.26 103.90 113.52 112.93 109.73 115.57 101.58 102.25 98.76 106.73 94.05 89.34 110.09 99.51 102.66 110.77 113.47 106.56 121.15 117.14 114.87 111.53 110.08 104.96 130.52 110.75 99.52 105.42 105.14
-9999 -9999 -9999 -9999 -9999 -9999 -9999 -9999 116.35 127.83 118.12 131.43 149.47 145.68 135.67 118.29 99.25 105.67 117.72 97.60 94.99 111.17 105.90 102.11 114.08 118.40 122.75 150.16 160.46 147.89 133.04 158.27 167.57 131.46 127.83 143.14 141.23 147.42 130.65 121.95 119.24 104.77 92.25 102.29 100.03 92.57 95.42 99.26 101.63 109.05 108.09 108.66 104.24 95.85 88.52 87.82 88.61 84.89 91.04 94.35 98.53 107.04 105.32 105.04 98.28 111.47 104.41 94.92 -9999 -9999 91.24 92.72 96.99 95.72 96.20 121.04
-9999 -9999 -9999 -9999 -9999 -9999 -9999 147.24 132.18 139.03 125.68 147.55 153.95 149.65 151.53 161.07 132.04 124.32 111.54 95.59 88.37 112.25 105.19 104.07 104.42 125.48 139.56 176.49 182.05 158.94 141.76 156.39 131.13 122.53 130.90 138.27 138.65 139.36 130.61 132.10 121.88 110.46 105.92 99.44 100.43 95.85 96.42 96.22 97.02 94.91 87.20 95.90 92.00 88.90 -9999 -9999 87.70 85.38 97.62 92.87 97.87 99.39 95.53 -9999 -9999 -9999 -9999 -9999 -9999 -9999 -9999 -9999 -9999 94.76 93.17 102.58
