Rainfall_2007-2011/Rainfall_2010-06_ACTUAL.txt
ncols         180
nrows         290
xllcorner     -200000
yllcorner     -200000
cellsize      5000
NODATA_value  -9999
[rows 170 to 203 of 290, columns 77 to 153 of 180]
-9999 -9999 -9999 -9999 -9999 -9999 -9999 -9999 -9999 -9999 -9999 -9999 -9999 -9999 -9999 -9999 -9999 -9999 -9999 -9999 -9999 -9999 -9999 -9999 -9999 -9999 -9999 -9999 -9999 24.09 27.16 27.83 27.67 29.36 26.94 24.90 22.60 26.20 26.45 28.47 32.73 35.09 37.49 37.01 53.15 58.66 57.77 54.73 42.48 41.30 39.00 44.05 43.16 46.90 44.81 46.23 49.20 48.07 47.68 43.78 43.70 44.40 38.11 37.15 39.84 39.15 37.14 41.76 39.50 37.42 42.89 63.00 -9999 -9999 -9999 -9999 -9999
-9999 -9999 -9999 -9999 -9999 -9999 -9999 -9999 -9999 42.39 39.53 36.71 44.44 -9999 -9999 -9999 -9999 -9999 -9999 -9999 -9999 -9999 -9999 -9999 -9999 -9999 -9999 -9999 24.80 20.62 22.10 25.03 28.22 26.17 25.39 26.73 26.06 28.37 32.31 31.08 33.36 34.13 37.21 44.96 59.69 66.55 52.26 57.45 51.89 36.96 43.30 41.53 54.12 47.52 43.80 50.26 57.35 54.47 50.02 51.24 50.95 54.63 45.97 41.63 37.13 36.73 40.40 39.20 44.30 41.41 44.46 55.53 51.52 -9999 -9999 -9999 -9999
-9999 -9999 -9999 -9999 -9999 -9999 -9999 -9999 -9999 43.43 44.77 36.57 40.01 -9999 -9999 -9999 -9999 -9999 -9999 -9999 -9999 -9999 -9999 -9999 -9999 -9999 -9999 26.13 23.22 23.29 23.56 25.36 24.81 25.36 21.43 23.87 26.98 30.17 31.13 32.58 33.56 37.15 33.99 44.26 56.27 80.33 57.66 52.97 47.28 45.22 41.74 51.20 61.24 51.66 45.84 49.80 53.13 60.37 62.59 67.60 63.42 50.36 48.17 48.33 46.96 36.44 41.81 46.46 45.69 44.92 40.89 39.54 41.10 -9999 -9999 -9999 -9999
-9999 -9999 -9999 -9999 -9999 -9999 -9999 31.53 33.63 36.42 45.83 36.97 46.99 52.25 35.13 41.72 -9999 -9999 26.37 25.76 -9999 -9999 -9999 19.51 21.21 25.43 -9999 21.57 22.42 24.45 23.35 23.20 24.70 27.31 26.32 25.52 25.35 25.12 26.03 32.21 34.28 34.47 43.14 40.66 47.62 59.48 48.60 51.08 55.05 42.09 50.67 55.05 55.58 53.83 56.77 58.82 54.82 63.78 60.63 48.31 41.94 40.83 43.94 44.92 42.83 38.43 43.53 46.40 48.74 47.44 40.70 38.73 36.02 39.28 -9999 -9999 -9999
-9999 -9999 -9999 -9999 -9999 -9999 -9999 -9999 32.59 31.64 45.12 49.95 53.75 52.34 45.75 40.96 -9999 32.58 29.91 30.61 27.43 20.08 20.28 20.59 25.80 27.20 22.98 -9999 23.22 25.03 23.15 17.98 21.52 24.83 25.03 24.74 22.74 22.70 28.34 33.06 33.76 32.90 36.34 51.55 49.58 46.99 51.49 61.89 61.23 50.27 45.31 46.84 53.38 45.73 55.24 61.97 58.56 55.22 61.73 52.08 50.79 45.98 52.64 51.67 45.28 43.84 44.01 47.67 49.40 40.52 42.53 42.80 38.85 42.59 -9999 -9999 -9999
-9999 -9999 -9999 -9999 -9999 -9999 -9999 -9999 -9999 32.42 41.13 49.58 51.57 52.77 44.17 47.25 58.90 66.79 34.54 36.50 34.87 31.32 25.09 22.99 20.43 28.39 28.84 22.77 22.43 21.62 25.29 20.29 23.44 29.05 27.40 27.00 21.64 19.95 24.74 25.27 33.18 33.22 41.78 49.96 47.50 43.41 47.95 52.61 58.74 48.53 48.23 47.86 52.44 50.13 52.47 55.71 53.65 55.19 51.73 50.82 51.40 51.63 52.23 51.90 49.24 46.64 42.27 39.71 38.13 37.36 39.09 51.13 44.35 45.92 49.73 -9999 -9999
-9999 -9999 -9999 -9999 -9999 -9999 -9999 -9999 -9999 -9999 40.16 43.52 53.18 54.86 54.49 62.35 84.65 61.94 33.20 37.91 33.37 29.99 26.02 24.80 21.35 35.74 30.83 29.78 28.02 34.65 25.23 23.28 25.13 26.78 27.40 26.44 27.47 24.15 24.84 23.06 30.75 38.89 41.88 42.92 46.23 47.24 48.92 45.27 56.19 65.38 50.33 50.72 58.11 59.73 54.47 56.04 54.63 55.88 51.27 50.59 59.85 56.71 58.28 54.96 49.27 43.78 39.24 35.82 37.59 42.35 37.14 41.50 47.06 50.18 50.10 -9999 -9999
-9999 -9999 -9999 -9999 -9999 -9999 -9999 -9999 -9999 -9999 -9999 50.68 56.11 67.13 57.22 75.79 84.24 59.61 44.13 43.97 35.36 35.12 30.54 31.12 28.88 34.18 42.80 37.45 32.62 39.19 40.66 26.19 25.73 23.81 24.32 23.03 22.44 24.91 27.92 31.38 33.48 39.91 41.44 45.52 43.10 42.79 49.31 51.22 37.16 62.49 57.31 61.01 68.94 67.87 60.39 60.10 50.68 59.25 54.76 53.58 68.40 68.61 60.69 56.59 50.71 45.35 39.02 33.72 36.26 38.28 38.97 44.29 51.06 53.86 50.52 -9999 -9999
-9999 -9999 -9999 -9999 -9999 -9999 -9999 -9999 -9999 -9999 -9999 50.38 59.24 88.65 89.47 109.76 81.08 55.42 56.49 54.99 51.93 46.30 41.24 31.29 28.20 31.07 39.47 40.17 32.45 32.28 32.66 23.89 26.48 25.22 21.91 18.12 18.10 23.99 23.90 35.64 35.74 34.61 31.52 40.59 42.83 46.58 50.93 55.20 53.92 54.44 59.85 58.14 69.43 72.30 63.04 60.83 54.92 57.84 53.65 52.22 56.24 53.45 54.83 59.64 57.44 53.16 36.26 30.87 34.63 33.23 34.26 41.74 52.21 47.63 -9999 -9999 -9999
-9999 -9999 -9999 -9999 -9999 -9999 -9999 -9999 -9999 -9999 -9999 53.37 66.98 97.07 99.09 115.28 84.64 59.91 69.81 43.10 51.55 45.84 38.60 37.02 26.03 28.94 41.68 41.18 37.58 30.11 27.01 25.52 25.09 20.00 17.41 19.64 22.02 24.87 20.31 35.93 35.14 38.24 42.74 35.50 35.90 45.37 45.23 45.03 52.46 57.18 49.14 54.78 59.32 59.59 58.57 63.32 63.83 52.66 51.13 45.71 47.60 51.67 68.19 60.70 85.34 71.84 39.65 29.19 29.13 28.65 33.65 45.52 50.02 -9999 -9999 -9999 -9999
-9999 -9999 -9999 -9999 -9999 -9999 -9999 -9999 -9999 -9999 46.77 82.15 68.56 104.32 110.13 90.50 108.11 86.65 66.49 52.46 57.07 44.13 41.00 29.23 27.24 35.75 48.13 44.08 45.24 28.21 22.44 27.12 26.18 20.70 19.42 24.89 28.03 28.80 34.10 45.90 39.88 39.05 35.54 25.66 22.58 40.56 31.85 41.55 45.19 52.31 53.18 48.36 51.79 49.32 60.03 67.26 59.07 43.49 44.83 46.87 49.31 50.81 60.52 57.19 74.85 68.19 44.76 37.72 37.50 43.88 54.62 55.14 -9999 -9999 -9999 -9999 -9999
-9999 -9999 -9999 -9999 -9999 -9999 -9999 -9999 37.91 38.49 45.98 57.17 57.41 76.93 93.90 68.43 80.84 61.40 59.98 48.67 55.62 45.41 43.76 32.10 37.21 43.53 38.32 35.74 26.75 34.29 31.11 25.66 23.55 19.12 25.73 30.29 31.88 30.15 36.12 45.92 41.50 39.22 37.65 30.89 30.96 32.39 36.17 40.55 46.08 49.41 52.97 53.77 53.13 51.81 55.16 59.31 53.36 44.56 38.56 38.30 45.85 42.36 40.86 44.52 40.58 45.75 44.47 44.40 49.65 64.06 64.42 -9999 -9999 -9999 -9999 -9999 37.80
-9999 -9999 -9999 -9999 -9999 -9999 -9999 32.97 37.72 35.65 36.24 44.10 41.29 49.59 49.02 54.75 57.77 59.91 53.20 49.05 45.46 33.47 35.54 31.81 49.73 60.46 56.71 46.27 42.61 39.27 35.83 30.60 28.30 34.95 29.82 32.60 34.04 35.17 39.62 37.76 43.67 40.55 37.09 30.25 28.11 28.96 34.30 38.17 40.85 48.07 57.87 59.37 56.97 49.57 49.69 47.22 52.37 37.61 37.93 36.96 37.63 35.46 34.62 37.94 36.57 37.41 41.79 42.20 44.15 57.80 65.38 -9999 -9999 -9999 -9999 -9999 41.86
-9999 -9999 -9999 -9999 -9999 -9999 26.13 30.47 29.12 33.84 -9999 -9999 -9999 -9999 49.31 70.52 66.20 52.79 52.81 43.39 33.47 43.33 47.25 41.99 65.74 69.04 56.23 65.98 60.91 40.98 38.50 40.91 35.66 31.86 27.77 29.92 41.13 36.88 37.20 34.39 36.98 37.08 35.07 32.05 29.09 27.89 33.84 41.59 39.97 45.02 61.85 59.90 54.35 53.65 48.73 46.82 42.83 32.46 35.53 38.58 29.90 31.14 38.73 37.18 34.60 42.81 42.88 38.54 32.82 39.85 46.06 46.52 -9999 -9999 -9999 -9999 39.57
-9999 -9999 -9999 -9999 -9999 -9999 29.64 33.58 29.56 29.67 -9999 -9999 -9999 -9999 40.64 59.69 65.88 51.80 58.12 45.04 38.93 42.33 45.09 45.91 59.41 40.80 55.50 62.59 52.66 43.07 41.25 41.44 41.98 35.55 36.23 32.90 39.80 40.70 39.40 37.12 35.65 32.26 25.08 24.66 33.78 35.92 41.28 38.05 36.89 38.74 41.23 49.32 62.79 68.36 54.56 48.91 46.75 37.69 36.99 33.87 27.00 29.44 37.11 30.72 38.37 45.54 47.79 39.45 29.55 35.05 35.12 42.57 42.45 -9999 -9999 37.45 36.43
-9999 -9999 -9999 -9999 -9999 -9999 -9999 -9999 -9999 -9999 -9999 -9999 -9999 -9999 38.85 50.17 47.74 37.00 50.51 48.22 52.79 41.16 37.65 52.32 50.63 49.30 53.72 50.84 46.88 41.73 42.48 34.30 42.16 39.18 38.57 37.94 49.31 48.69 37.17 34.60 32.50 30.70 26.35 25.70 30.62 37.09 46.74 37.74 41.76 43.26 37.90 39.61 46.94 54.79 46.77 52.98 55.99 39.76 33.41 33.01 35.21 34.09 36.58 38.95 37.93 45.43 49.08 40.68 31.78 30.57 42.28 41.73 39.11 41.04 40.51 34.79 38.23
-9999 -9999 -9999 -9999 -9999 -9999 -9999 -9999 -9999 -9999 -9999 -9999 -9999 -9999 -9999 42.52 35.17 31.69 46.47 59.27 45.47 51.50 58.51 51.93 43.67 54.04 51.34 58.39 52.52 52.78 39.55 39.93 43.29 45.61 46.31 45.84 46.05 50.54 38.37 34.70 35.35 35.54 41.35 43.72 35.42 40.05 43.60 43.93 37.91 42.16 43.05 38.26 40.30 63.81 41.25 46.05 34.76 35.24 31.61 23.14 28.95 29.86 37.85 36.78 37.51 45.75 45.31 41.50 36.58 47.46 55.46 47.39 40.58 40.16 40.75 39.11 40.33
-9999 -9999 -9999 -9999 -9999 -9999 -9999 -9999 -9999 -9999 -9999 -9999 -9999 -9999 -9999 36.51 54.20 87.18 62.11 58.89 52.51 49.36 39.99 44.08 39.80 41.76 56.67 74.56 65.72 58.46 56.09 39.46 39.96 45.12 52.85 53.35 51.82 46.42 33.47 32.30 33.93 43.20 41.45 43.21 41.50 50.24 47.18 45.50 44.25 45.27 45.20 43.97 53.67 46.80 42.73 38.81 35.64 33.49 33.29 24.07 26.97 28.94 36.57 38.96 38.76 47.17 41.49 39.43 40.29 35.29 49.28 40.97 33.92 30.26 39.24 47.08 54.37
-9999 -9999 -9999 -9999 -9999 -9999 -9999 -9999 -9999 -9999 -9999 -9999 -9999 -9999 41.41 44.64 53.81 72.46 64.92 63.88 49.10 45.57 44.68 51.33 42.93 44.53 51.87 38.80 42.45 58.61 52.62 44.99 50.26 64.86 47.87 57.89 49.10 44.01 29.27 32.22 35.41 38.94 41.15 42.14 40.11 44.17 48.64 47.86 46.54 48.96 48.34 51.22 44.69 41.26 39.74 37.74 36.74 25.52 32.51 33.24 28.55 32.35 40.13 49.59 62.80 42.58 39.33 35.64 34.42 35.71 38.23 35.38 30.84 28.02 40.09 62.76 59.00
-9999 -9999 -9999 -9999 -9999 -9999 -9999 -9999 -9999 -9999 -9999 -9999 -9999 -9999 40.77 47.10 64.00 57.05 50.31 48.94 44.13 46.57 53.77 48.40 43.45 41.98 45.95 47.40 52.73 54.85 71.27 54.52 46.65 40.43 36.82 44.52 47.35 34.68 28.42 32.36 28.62 30.03 45.03 36.35 39.43 50.21 52.39 51.00 52.66 56.88 51.67 50.49 48.23 47.03 39.59 44.40 43.78 38.64 36.14 33.50 32.28 34.44 44.96 45.26 52.48 46.57 36.68 30.37 28.69 34.70 32.71 27.00 30.34 39.88 32.39 45.52 50.80
-9999 -9999 -9999 -9999 -9999 -9999 -9999 -9999 -9999 -9999 -9999 -9999 -9999 -9999 34.81 52.53 43.03 51.48 45.58 41.73 42.55 53.06 51.07 55.82 50.72 43.40 43.59 52.75 60.38 61.71 65.63 73.24 61.51 53.12 41.96 41.43 38.66 35.25 33.74 34.89 29.66 36.55 46.38 43.45 51.43 70.30 71.22 58.39 67.56 72.59 60.15 57.22 50.32 49.56 46.76 48.01 48.96 45.14 40.48 39.04 34.67 35.27 42.96 46.69 33.38 34.71 29.03 27.01 23.53 28.58 29.89 27.38 29.01 34.63 33.10 33.78 46.54
-9999 -9999 -9999 -9999 -9999 -9999 -9999 -9999 -9999 -9999 -9999 -9999 -9999 -9999 -9999 36.05 48.53 57.16 57.76 55.07 41.93 42.21 44.35 42.76 40.65 44.28 45.70 47.47 38.65 46.55 52.57 71.95 61.14 47.89 45.99 48.11 45.87 36.75 37.25 41.01 38.41 46.78 48.41 47.81 55.83 59.63 58.02 55.26 63.26 64.08 56.49 66.62 57.87 49.98 47.28 49.46 46.77 43.34 41.11 40.51 36.28 37.69 39.84 34.11 29.48 30.50 30.85 25.84 26.57 25.91 26.22 30.69 31.17 34.36 35.83 35.73 41.49
-9999 -9999 -9999 -9999 -9999 -9999 -9999 -9999 -9999 -9999 -9999 -9999 -9999 -9999 -9999 44.01 52.23 61.00 68.48 59.02 44.86 33.40 38.11 36.71 44.53 57.42 54.26 58.50 46.65 41.22 43.63 57.10 50.55 56.45 68.78 54.83 55.18 40.54 42.69 52.65 52.79 50.60 53.26 53.93 63.36 62.42 65.21 67.27 60.42 52.14 51.65 57.10 55.13 53.98 47.15 44.64 41.53 42.93 49.50 44.24 35.86 35.19 43.60 35.17 29.59 31.78 34.05 34.64 31.43 22.72 29.99 31.75 35.27 36.45 40.78 38.73 37.60
-9999 -9999 -9999 -9999 -9999 -9999 -9999 -9999 -9999 -9999 -9999 -9999 -9999 -9999 29.80 40.07 46.88 60.88 65.21 51.76 44.87 36.41 44.50 60.76 48.43 46.57 45.14 37.96 37.24 39.41 49.19 53.46 54.10 64.49 66.50 61.97 53.31 44.38 58.38 64.58 61.69 60.14 47.89 49.97 53.42 50.32 54.18 61.00 47.79 44.60 49.39 45.29 51.51 51.08 41.60 38.20 42.44 37.03 45.85 43.15 48.99 42.15 45.10 37.91 33.69 33.21 37.81 37.20 39.71 32.11 30.55 32.52 34.87 34.47 37.43 37.80 33.12
-9999 -9999 -9999 -9999 -9999 -9999 -9999 -9999 -9999 -9999 -9999 -9999 -9999 -9999 37.16 43.78 41.66 43.99 77.03 66.26 49.58 41.83 40.12 43.64 42.77 43.77 51.20 43.36 46.98 43.82 43.24 60.91 55.31 83.38 65.93 72.25 54.44 51.38 63.89 73.15 69.80 54.61 56.65 56.25 39.86 48.56 50.07 52.65 34.67 40.62 41.25 38.33 46.29 40.27 38.01 38.83 39.44 41.81 41.72 42.14 43.27 37.78 35.19 35.76 35.18 36.02 39.62 40.41 37.60 32.96 30.43 32.01 35.12 33.39 32.33 28.41 26.04
-9999 -9999 -9999 -9999 -9999 -9999 -9999 -9999 -9999 -9999 -9999 -9999 -9999 -9999 36.77 41.88 37.00 39.83 73.94 67.37 55.03 48.19 41.50 40.35 45.23 45.11 51.55 47.61 55.21 45.06 40.70 49.12 75.00 77.16 58.93 62.31 52.31 45.15 51.71 54.23 51.38 46.65 45.32 37.79 37.25 42.61 45.58 46.21 43.23 42.46 39.55 39.19 38.59 35.00 39.46 38.95 58.39 43.44 35.58 39.22 31.77 30.53 32.14 32.71 32.19 33.78 35.54 33.05 32.79 31.78 28.30 28.66 32.97 33.10 32.44 22.34 23.34
-9999 -9999 -9999 -9999 -9999 -9999 -9999 -9999 -9999 -9999 -9999 -9999 -9999 32.21 33.64 39.91 33.82 24.31 40.65 53.66 46.87 39.33 33.81 41.17 49.00 48.62 56.91 54.45 49.92 55.14 50.46 43.47 45.06 48.83 50.78 52.34 74.64 55.29 49.81 49.01 39.65 40.68 42.93 42.16 39.34 38.63 36.79 42.69 41.64 39.17 38.15 36.83 36.87 34.12 38.63 42.76 56.25 36.39 32.70 37.45 27.74 20.30 30.93 28.85 26.28 32.48 35.74 32.94 31.64 29.51 26.16 26.85 30.86 34.31 33.11 18.38 22.52
-9999 -9999 -9999 -9999 -9999 -9999 -9999 -9999 -9999 -9999 -9999 -9999 38.26 31.38 27.11 31.16 29.52 37.23 52.96 63.41 61.13 46.72 43.13 62.89 62.69 45.07 61.48 51.97 65.06 69.03 54.76 44.14 43.90 36.12 50.62 57.99 57.26 52.50 51.62 48.20 43.45 43.94 39.21 45.53 45.59 40.41 39.71 39.91 34.26 35.89 34.03 34.71 33.97 34.45 37.21 34.81 39.17 34.02 32.65 36.14 40.33 40.55 44.33 34.88 30.80 29.59 36.85 34.50 32.43 27.38 26.20 25.77 29.03 33.53 37.17 28.09 26.08
-9999 -9999 -9999 -9999 -9999 -9999 -9999 -9999 -9999 -9999 34.39 35.35 35.80 32.33 24.44 35.07 40.66 49.65 53.57 78.11 68.78 53.62 57.72 48.28 49.46 39.01 65.11 51.48 64.27 98.90 64.33 51.02 32.91 27.24 40.81 40.12 44.94 44.78 47.36 48.20 42.65 42.90 45.25 45.80 45.50 43.33 46.00 35.30 32.26 32.73 28.89 29.70 29.86 28.24 24.15 29.08 30.69 29.98 30.51 38.28 42.34 50.89 38.02 36.67 34.50 31.87 35.88 31.18 29.10 30.82 32.42 35.85 38.29 31.34 33.24 34.08 35.25
-9999 -9999 -9999 -9999 -9999 -9999 27.80 20.70 26.47 35.08 37.49 40.96 42.30 38.21 46.72 60.79 56.82 49.57 56.96 68.57 58.61 44.70 40.34 28.49 37.30 41.57 69.29 63.69 56.53 70.33 62.86 46.57 42.46 34.58 43.11 44.35 43.25 43.87 42.46 41.62 39.55 43.63 44.69 49.07 42.43 43.30 50.48 37.32 34.46 32.85 26.18 28.09 24.88 28.64 25.76 28.70 26.50 24.67 30.12 35.93 36.84 41.86 46.37 31.84 23.73 24.50 25.95 28.12 30.82 30.97 30.99 33.47 34.12 34.07 36.35 33.91 35.34
-9999 -9999 -9999 -9999 -9999 32.37 35.19 33.92 32.32 28.26 34.45 37.94 42.04 39.66 41.92 68.33 57.53 47.39 36.88 51.08 42.12 36.71 42.25 29.12 30.40 49.78 50.91 47.87 34.64 41.70 42.02 39.37 33.49 34.66 29.63 35.53 43.96 49.87 57.74 40.62 42.99 44.51 45.06 51.39 46.11 37.37 36.49 30.09 33.38 31.03 32.16 25.18 20.32 23.25 25.54 27.67 23.30 19.09 36.77 40.82 41.49 43.71 43.93 32.78 20.37 24.29 25.90 25.80 30.16 26.29 29.95 29.95 30.26 34.38 36.87 33.49 28.17
-9999 -9999 -9999 -9999 25.99 29.15 34.39 33.41 29.81 31.46 34.82 41.03 40.20 41.67 60.37 53.94 43.68 45.91 32.51 41.76 50.41 50.02 40.56 37.45 35.52 38.07 33.75 29.45 39.90 47.22 36.96 27.60 26.67 30.00 25.00 25.48 44.60 57.41 59.85 43.32 43.31 43.01 45.70 47.49 39.81 27.45 28.07 31.41 31.35 28.95 29.73 21.64 19.38 22.49 26.03 33.23 32.77 34.14 38.00 40.52 40.28 46.48 47.53 22.68 22.66 29.33 30.08 29.62 31.23 30.25 40.26 27.67 25.32 27.39 31.34 30.50 27.47
35.14 43.69 41.21 48.35 38.75 38.00 41.76 41.75 35.85 39.43 38.47 45.88 42.19 45.74 52.46 44.03 40.83 43.01 43.11 41.49 47.52 44.46 39.40 33.84 36.51 34.74 31.27 38.19 42.74 48.10 54.98 38.17 31.49 27.38 28.45 39.36 44.77 51.97 53.49 45.48 56.78 53.57 49.42 37.96 29.49 27.06 23.22 29.20 30.57 27.52 22.81 21.45 20.00 22.69 22.99 31.96 33.81 34.70 38.09 40.49 40.02 45.09 37.32 33.90 27.04 29.89 31.13 27.18 30.95 35.09 36.73 28.44 28.12 24.21 22.52 38.16 24.78
38.48 49.30 58.31 56.27 73.54 61.73 58.86 46.59 51.75 52.93 47.76 46.83 45.45 45.16 37.57 40.74 33.85 32.23 29.66 39.61 41.21 38.48 38.25 32.47 26.71 34.42 38.24 58.44 52.03 46.69 49.50 39.64 30.60 34.64 29.37 34.03 37.00 37.93 35.67 41.38 63.40 59.15 37.53 32.20 37.59 34.62 33.90 29.09 29.21 30.68 22.16 21.57 23.11 25.18 25.70 27.87 30.99 32.16 30.78 40.14 35.81 40.53 33.60 30.05 28.97 32.70 31.49 27.74 34.59 31.69 29.61 23.79 19.31 21.41 24.51 23.06 19.16
