Rainfall_2007-2011/Rainfall_2009-05_ACTUAL.txt
ncols         180
nrows         290
xllcorner     -200000
yllcorner     -200000
cellsize      5000
NODATA_value  -9999
[rows 102 to 135 of 290, columns 76 to 151 of 180]
143.53 -9999 188.39 211.10 271.52 218.66 296.63 264.43 270.29 251.54 330.89 296.50 256.05 199.16 178.48 186.39 149.97 128.73 147.49 178.84 179.00 134.51 109.92 104.98 98.64 88.49 74.09 70.61 81.29 101.45 80.45 77.11 77.57 76.02 70.63 62.61 61.95 -9999 -9999 -9999 -9999 -9999 -9999 -9999 -9999 -9999 -9999 -9999 -9999 -9999 -9999 -9999 -9999 -9999 -9999 -9999 -9999 -9999 -9999 -9999 -9999 -9999 -9999 -9999 -9999 -9999 -9999 -9999 -9999 -9999 -9999 -9999 -9999 -9999 -9999 -9999
-9999 177.62 171.81 178.86 171.21 269.98 300.74 216.59 240.26 309.32 415.67 324.74 327.11 245.42 191.76 129.44 182.10 165.95 192.13 184.67 154.85 163.71 148.24 116.95 95.37 83.08 81.50 84.30 97.67 82.59 80.51 75.78 69.42 63.37 64.92 -9999 -9999 -9999 -9999 -9999 -9999 -9999 -9999 -9999 -9999 -9999 -9999 -9999 -9999 -9999 -9999 -9999 -9999 -9999 -9999 -9999 -9999 -9999 -9999 -9999 -9999 -9999 -9999 -9999 -9999 -9999 -9999 -9999 -9999 -9999 -9999 -9999 -9999 -9999 -9999 -9999
180.27 191.79 210.33 235.92 207.03 218.44 206.83 195.96 225.08 267.04 316.31 257.13 242.00 211.58 180.29 178.89 128.94 155.40 152.39 156.91 159.08 138.18 135.20 118.67 95.22 82.08 79.69 84.00 74.92 69.00 71.38 66.45 64.12 51.46 -9999 -9999 -9999 -9999 -9999 -9999 -9999 -9999 -9999 -9999 -9999 -9999 -9999 -9999 -9999 -9999 -9999 -9999 -9999 -9999 -9999 -9999 -9999 -9999 -9999 -9999 -9999 -9999 -9999 -9999 -9999 -9999 -9999 -9999 -9999 -9999 -9999 -9999 -9999 -9999 -9999 -9999
179.91 230.16 227.04 231.91 189.78 201.66 224.24 251.13 280.92 251.91 268.13 257.84 287.44 273.45 167.04 157.04 158.90 192.11 158.37 113.88 104.01 99.19 103.40 93.23 86.80 75.26 64.42 71.98 64.95 63.03 71.90 59.31 56.69 55.26 -9999 -9999 -9999 -9999 -9999 -9999 -9999 -9999 -9999 -9999 -9999 -9999 -9999 -9999 -9999 -9999 -9999 -9999 -9999 -9999 -9999 -9999 -9999 -9999 -9999 -9999 -9999 -9999 -9999 -9999 -9999 -9999 -9999 -9999 -9999 -9999 -9999 -9999 -9999 -9999 -9999 -9999
205.61 228.00 243.97 230.32 231.75 264.71 253.68 267.89 227.77 291.87 273.24 317.95 227.71 241.38 189.89 202.97 247.74 176.30 132.88 123.74 116.00 98.50 92.92 82.83 71.39 71.64 65.54 69.19 66.70 58.81 54.44 57.60 53.67 56.34 53.21 -9999 -9999 -9999 -9999 -9999 -9999 -9999 -9999 -9999 -9999 -9999 -9999 -9999 -9999 -9999 -9999 -9999 -9999 -9999 -9999 -9999 -9999 -9999 -9999 -9999 -9999 -9999 -9999 -9999 -9999 -9999 -9999 -9999 -9999 -9999 -9999 -9999 -9999 -9999 -9999 -9999
158.81 207.81 256.40 231.88 230.74 208.33 199.04 232.18 276.50 287.70 238.85 320.84 249.99 191.20 170.53 211.60 182.54 175.50 153.67 116.71 106.98 113.52 116.77 100.43 97.31 102.57 114.16 90.42 65.34 58.86 53.74 69.11 62.24 69.69 60.77 49.74 -9999 -9999 -9999 -9999 -9999 -9999 -9999 -9999 -9999 -9999 -9999 -9999 -9999 -9999 -9999 -9999 -9999 -9999 -9999 -9999 -9999 -9999 -9999 -9999 -9999 -9999 -9999 -9999 -9999 -9999 -9999 -9999 -9999 -9999 -9999 -9999 -9999 -9999 -9999 -9999
170.26 202.26 212.58 234.92 218.39 202.47 196.92 248.62 262.43 310.44 244.97 260.89 233.66 186.57 143.73 165.60 159.89 128.43 105.15 96.43 101.34 115.21 135.21 150.97 144.86 124.96 96.84 88.61 80.33 61.40 67.27 66.03 72.16 70.93 63.94 51.77 47.17 -9999 -9999 -9999 -9999 -9999 -9999 -9999 -9999 -9999 -9999 -9999 -9999 -9999 -9999 -9999 -9999 -9999 -9999 -9999 -9999 -9999 -9999 -9999 -9999 -9999 -9999 -9999 -9999 -9999 -9999 -9999 -9999 -9999 -9999 -9999 -9999 -9999 -9999 -9999
142.15 138.19 179.42 233.95 183.15 200.29 237.59 282.81 254.45 217.33 228.04 339.08 226.89 185.64 156.93 149.44 128.99 111.70 85.98 94.11 102.86 150.16 162.20 151.00 153.14 130.06 103.82 82.72 72.41 66.50 67.71 66.91 62.37 59.85 57.01 47.97 -9999 -9999 -9999 -9999 -9999 -9999 -9999 -9999 -9999 -9999 -9999 -9999 -9999 -9999 -9999 -9999 -9999 -9999 -9999 -9999 -9999 -9999 -9999 -9999 -9999 -9999 -9999 -9999 -9999 -9999 -9999 -9999 -9999 -9999 -9999 -9999 -9999 -9999 -9999 -9999
90.89 118.16 143.37 127.92 170.93 261.45 241.65 260.76 247.77 245.07 241.38 210.80 236.66 174.94 157.99 117.52 105.55 91.86 77.87 67.60 95.73 89.95 94.16 102.34 113.66 114.84 92.37 82.95 75.91 65.67 64.35 60.62 -9999 -9999 -9999 -9999 -9999 -9999 -9999 -9999 -9999 -9999 -9999 -9999 -9999 -9999 -9999 -9999 -9999 -9999 -9999 -9999 -9999 -9999 -9999 -9999 -9999 -9999 -9999 -9999 -9999 -9999 -9999 -9999 -9999 -9999 -9999 -9999 -9999 -9999 -9999 -9999 -9999 -9999 -9999 -9999
102.20 112.80 57.02 104.33 199.03 230.21 272.26 257.91 155.58 172.85 207.76 173.09 155.51 168.38 129.66 126.22 124.91 108.14 96.15 74.78 87.69 81.49 85.88 83.09 88.50 98.61 88.55 86.87 77.17 63.45 -9999 -9999 -9999 -9999 -9999 -9999 -9999 -9999 -9999 -9999 -9999 -9999 -9999 -9999 -9999 -9999 -9999 -9999 -9999 -9999 -9999 -9999 -9999 -9999 -9999 -9999 -9999 -9999 -9999 -9999 -9999 -9999 -9999 -9999 -9999 -9999 -9999 -9999 -9999 -9999 -9999 -9999 -9999 -9999 -9999 -9999
137.71 147.34 99.49 160.94 199.05 233.39 273.57 241.25 186.28 189.26 183.41 140.63 134.86 122.31 113.51 154.64 123.64 129.57 119.58 114.54 110.64 93.14 70.97 73.44 72.87 76.32 75.34 72.48 66.86 52.64 -9999 -9999 -9999 -9999 -9999 -9999 -9999 -9999 -9999 -9999 -9999 -9999 -9999 -9999 -9999 -9999 -9999 -9999 -9999 -9999 -9999 -9999 -9999 -9999 -9999 -9999 -9999 -9999 -9999 -9999 -9999 -9999 -9999 -9999 -9999 -9999 -9999 -9999 -9999 -9999 -9999 -9999 -9999 -9999 -9999 -9999
132.76 -9999 136.93 188.18 209.27 231.99 239.30 219.68 164.96 134.27 141.31 143.54 136.14 126.29 115.31 172.92 171.06 155.68 146.76 122.64 103.49 89.70 71.53 66.74 64.41 64.12 48.08 51.74 -9999 -9999 -9999 -9999 -9999 30.68 29.74 34.01 30.02 -9999 -9999 -9999 -9999 -9999 -9999 -9999 -9999 -9999 -9999 -9999 -9999 -9999 -9999 -9999 -9999 -9999 -9999 -9999 -9999 -9999 -9999 -9999 -9999 -9999 -9999 -9999 -9999 -9999 -9999 -9999 -9999 -9999 -9999 -9999 -9999 -9999 -9999 -9999
157.94 -9999 149.31 191.76 189.03 178.10 231.60 172.64 155.93 125.17 131.66 126.63 119.29 132.64 138.72 154.31 141.76 124.91 119.60 113.54 104.44 97.01 83.89 73.98 71.69 58.40 55.27 52.18 41.38 37.46 -9999 -9999 30.65 29.74 38.14 33.98 32.64 29.70 28.77 -9999 -9999 -9999 -9999 -9999 -9999 -9999 -9999 -9999 -9999 -9999 -9999 -9999 -9999 -9999 -9999 -9999 -9999 -9999 -9999 -9999 -9999 -9999 -9999 -9999 -9999 -9999 -9999 -9999 -9999 -9999 -9999 -9999 -9999 -9999 -9999 -9999
155.73 133.14 152.70 132.01 165.91 175.16 183.28 160.04 152.14 153.56 141.40 119.53 97.30 102.95 119.07 122.05 114.80 116.68 112.75 108.96 103.74 104.93 91.67 88.22 82.88 63.55 61.54 54.47 46.90 38.49 34.49 33.84 33.92 29.22 30.97 39.05 42.28 44.18 42.26 29.17 -9999 -9999 -9999 -9999 -9999 -9999 -9999 -9999 -9999 -9999 -9999 -9999 -9999 -9999 -9999 -9999 -9999 -9999 -9999 -9999 -9999 -9999 -9999 -9999 -9999 -9999 -9999 -9999 -9999 -9999 -9999 -9999 -9999 -9999 -9999 -9999
131.98 147.82 136.07 157.28 156.82 146.92 157.08 -9999 177.12 193.63 164.57 123.77 103.82 98.32 102.28 100.59 104.82 91.40 97.43 104.44 101.13 102.69 94.74 89.99 76.91 59.16 71.57 68.31 64.56 45.92 44.21 40.78 35.27 33.68 35.49 47.42 48.81 46.11 46.51 39.99 39.46 39.69 29.55 -9999 -9999 -9999 -9999 -9999 -9999 -9999 -9999 -9999 -9999 -9999 -9999 -9999 -9999 -9999 -9999 -9999 -9999 -9999 -9999 -9999 -9999 -9999 -9999 -9999 -9999 -9999 -9999 -9999 -9999 -9999 -9999 -9999
121.32 159.06 124.24 -9999 131.99 134.44 145.88 -9999 164.81 203.32 168.97 136.33 114.46 111.71 102.08 105.32 93.92 90.32 90.00 94.45 100.68 99.57 103.36 95.51 96.57 88.45 77.78 74.42 60.69 46.58 39.73 41.03 34.35 40.12 50.49 53.30 50.26 49.15 47.30 44.39 43.59 39.03 34.21 -9999 -9999 -9999 -9999 -9999 -9999 -9999 -9999 -9999 -9999 -9999 -9999 -9999 -9999 -9999 -9999 -9999 -9999 -9999 -9999 -9999 -9999 -9999 -9999 -9999 -9999 -9999 -9999 -9999 -9999 -9999 -9999 -9999
132.60 134.04 110.66 -9999 -9999 124.58 111.43 114.51 143.19 152.10 148.81 129.57 131.31 121.86 118.40 108.65 116.29 98.20 85.81 95.49 95.33 100.32 104.68 110.55 95.60 89.51 81.97 63.04 52.35 56.64 52.53 45.31 36.69 41.59 46.06 50.90 50.19 49.49 43.91 36.89 36.29 36.76 34.91 32.42 -9999 -9999 -9999 -9999 -9999 -9999 -9999 -9999 -9999 -9999 -9999 -9999 -9999 -9999 -9999 -9999 -9999 -9999 -9999 -9999 -9999 -9999 -9999 -9999 -9999 -9999 -9999 -9999 -9999 -9999 -9999 -9999
131.80 -9999 -9999 -9999 -9999 -9999 102.10 91.76 125.63 131.75 125.52 113.54 128.43 132.16 128.50 116.37 115.96 110.13 96.20 85.55 90.85 94.30 97.83 96.80 90.28 84.44 70.07 61.37 60.23 61.50 68.67 55.58 40.22 40.97 38.61 39.93 42.15 45.19 42.60 33.07 28.31 32.17 34.16 30.10 -9999 -9999 -9999 -9999 -9999 -9999 -9999 -9999 -9999 -9999 -9999 -9999 -9999 -9999 -9999 -9999 -9999 -9999 -9999 -9999 -9999 -9999 -9999 -9999 -9999 -9999 -9999 -9999 -9999 -9999 -9999 -9999
130.02 138.35 150.20 147.24 -9999 -9999 -9999 94.77 112.14 117.93 118.33 112.30 110.66 126.38 127.60 135.33 131.05 114.07 102.46 93.43 85.15 93.68 89.11 74.14 78.42 66.55 61.87 70.57 64.93 73.57 77.29 63.89 49.46 45.31 28.99 36.21 38.11 40.52 39.15 33.23 27.54 30.77 34.46 30.89 30.03 -9999 -9999 -9999 -9999 -9999 -9999 -9999 -9999 -9999 -9999 -9999 -9999 -9999 -9999 -9999 -9999 -9999 -9999 -9999 -9999 -9999 -9999 -9999 -9999 -9999 -9999 -9999 -9999 -9999 -9999 -9999
138.82 145.40 158.03 186.40 151.97 -9999 -9999 -9999 93.23 96.04 98.09 101.71 100.50 104.82 121.58 125.67 130.87 113.53 102.74 88.56 93.66 88.45 74.50 58.57 78.38 67.33 74.01 59.93 63.11 62.53 60.76 62.04 49.21 38.66 38.19 40.14 37.40 36.83 37.55 32.86 31.02 30.72 33.86 33.63 28.42 26.58 -9999 -9999 -9999 -9999 -9999 -9999 -9999 -9999 -9999 -9999 -9999 -9999 -9999 -9999 -9999 -9999 -9999 -9999 -9999 -9999 -9999 -9999 -9999 -9999 -9999 -9999 -9999 -9999 -9999 -9999
137.21 98.97 138.41 188.79 155.26 -9999 -9999 -9999 -9999 -9999 86.59 90.87 104.68 100.09 108.98 119.79 127.30 136.68 127.68 109.50 105.43 72.98 67.42 64.91 75.00 58.21 77.79 68.68 57.69 64.90 62.48 44.53 38.17 30.74 38.54 57.36 44.51 42.34 36.83 30.46 31.37 33.25 33.66 34.47 31.82 27.46 24.34 -9999 -9999 -9999 -9999 -9999 -9999 -9999 -9999 -9999 -9999 -9999 -9999 -9999 -9999 -9999 -9999 -9999 -9999 -9999 -9999 -9999 -9999 -9999 -9999 -9999 -9999 -9999 -9999 -9999
-9999 115.17 120.26 178.20 143.24 -9999 -9999 -9999 -9999 -9999 76.93 87.56 103.14 103.13 120.49 142.19 137.00 140.29 129.18 120.10 112.19 94.73 83.43 81.54 89.19 92.14 76.00 96.84 67.32 84.74 71.29 66.67 59.49 43.01 45.85 53.08 44.72 40.43 40.34 36.89 43.06 37.44 35.28 31.51 31.96 26.25 31.95 26.24 21.09 -9999 -9999 -9999 -9999 -9999 -9999 -9999 -9999 -9999 -9999 -9999 -9999 -9999 -9999 -9999 -9999 -9999 -9999 -9999 -9999 -9999 -9999 -9999 -9999 -9999 -9999 -9999
-9999 -9999 131.96 143.77 129.32 -9999 -9999 -9999 -9999 -9999 78.05 77.20 92.03 89.03 101.74 109.28 115.15 123.32 115.73 123.04 110.33 104.62 99.40 104.85 124.76 116.46 98.14 111.48 100.77 88.02 85.98 64.40 51.32 49.19 49.36 49.65 43.82 39.90 41.44 35.09 41.47 51.16 51.90 34.52 32.09 28.92 32.04 28.49 20.97 -9999 -9999 -9999 -9999 -9999 -9999 -9999 -9999 -9999 -9999 -9999 -9999 -9999 -9999 -9999 -9999 -9999 -9999 -9999 -9999 -9999 -9999 -9999 -9999 -9999 -9999 -9999
-9999 -9999 107.28 114.54 111.20 -9999 -9999 -9999 -9999 -9999 78.85 79.44 86.28 86.36 95.10 97.53 112.31 134.07 142.51 121.93 124.80 118.37 100.43 99.00 106.37 105.85 124.31 117.36 103.82 103.72 95.65 68.81 62.76 52.86 54.83 49.34 34.60 36.32 43.45 43.93 45.62 61.67 65.93 44.72 31.94 32.53 36.43 34.03 22.84 -9999 -9999 -9999 -9999 -9999 -9999 -9999 -9999 -9999 -9999 -9999 -9999 -9999 -9999 -9999 -9999 -9999 -9999 -9999 -9999 -9999 -9999 -9999 -9999 -9999 -9999 -9999
-9999 -9999 -9999 -9999 -9999 -9999 -9999 -9999 -9999 96.47 91.04 94.12 95.18 91.72 101.30 101.31 109.65 114.65 136.28 129.15 128.08 150.55 136.67 137.97 132.18 135.70 142.02 146.51 149.41 124.17 105.41 91.98 70.95 66.08 56.93 53.35 50.28 43.32 49.57 54.37 65.57 62.79 64.65 48.54 35.03 35.03 33.50 32.21 26.82 -9999 -9999 -9999 -9999 -9999 -9999 -9999 -9999 -9999 -9999 -9999 -9999 -9999 -9999 -9999 -9999 -9999 -9999 -9999 -9999 -9999 -9999 -9999 -9999 -9999 -9999 -9999
-9999 -9999 -9999 -9999 -9999 -9999 -9999 -9999 -9999 124.17 92.56 102.29 109.19 123.51 126.18 144.75 143.78 124.45 104.50 121.28 142.41 146.15 160.58 175.84 145.86 101.85 148.90 131.45 140.37 124.28 114.29 106.95 84.44 62.58 65.37 65.91 57.91 48.94 47.08 65.73 68.30 74.50 75.41 58.52 40.86 34.25 33.65 38.85 29.94 -9999 -9999 -9999 -9999 -9999 -9999 -9999 -9999 -9999 -9999 -9999 -9999 -9999 -9999 -9999 -9999 -9999 -9999 -9999 -9999 -9999 -9999 -9999 -9999 -9999 -9999 -9999
-9999 -9999 -9999 -9999 -9999 -9999 -9999 -9999 109.83 119.77 91.69 111.51 127.96 122.20 144.05 169.72 166.17 150.93 143.38 120.65 120.12 140.99 173.98 184.66 150.13 106.78 128.62 151.86 146.78 144.73 124.44 130.33 109.86 90.81 81.34 71.17 62.20 76.09 82.08 86.93 80.08 73.66 70.38 57.27 45.51 45.94 45.56 42.44 35.69 -9999 -9999 -9999 -9999 -9999 -9999 -9999 -9999 -9999 -9999 -9999 -9999 -9999 -9999 -9999 -9999 -9999 -9999 -9999 -9999 -9999 -9999 -9999 -9999 -9999 -9999 -9999
-9999 -9999 -9999 -9999 -9999 -9999 -9999 -9999 102.51 98.67 120.39 123.41 137.43 128.11 148.78 156.78 185.91 165.20 145.79 129.75 132.18 131.65 187.79 182.39 133.39 109.23 111.16 138.23 165.16 145.80 138.28 132.38 138.86 132.72 107.14 100.82 95.93 99.62 77.19 78.38 83.89 76.39 70.05 52.95 44.73 45.37 39.22 39.71 37.29 36.01 -9999 -9999 -9999 -9999 -9999 -9999 -9999 -9999 -9999 -9999 -9999 -9999 -9999 -9999 -9999 -9999 -9999 -9999 -9999 -9999 -9999 -9999 -9999 -9999 -9999 -9999
-9999 -9999 -9999 -9999 -9999 -9999 -9999 82.09 112.89 125.65 132.20 172.19 142.49 133.17 131.13 159.05 162.00 157.07 144.45 134.10 110.96 110.25 130.49 144.98 126.44 104.97 97.96 99.97 98.20 110.46 126.85 153.93 132.57 151.69 123.63 103.25 130.24 111.40 96.60 91.77 79.13 73.52 59.20 55.20 57.94 48.72 41.29 38.96 38.18 34.69 -9999 -9999 -9999 -9999 -9999 -9999 -9999 -9999 -9999 -9999 -9999 -9999 -9999 -9999 -9999 -9999 -9999 -9999 -9999 -9999 -9999 -9999 -9999 -9999 -9999 -9999
-9999 -9999 -9999 -9999 -9999 -9999 -9999 110.22 123.19 130.33 161.83 165.83 155.97 145.99 185.50 147.63 134.39 135.49 142.16 137.89 104.16 97.88 126.14 153.46 121.51 94.26 90.62 99.71 101.36 117.30 139.15 111.73 130.40 129.25 107.75 129.94 115.70 106.84 89.25 66.86 62.46 60.10 48.69 51.46 56.15 50.92 51.39 43.09 40.02 38.01 -9999 -9999 -9999 -9999 -9999 -9999 -9999 -9999 -9999 -9999 -9999 -9999 -9999 -9999 -9999 -9999 -9999 -9999 -9999 -9999 -9999 -9999 -9999 -9999 -9999 -9999
-9999 -9999 -9999 -9999 -9999 -9999 133.96 132.72 131.82 149.66 155.63 160.10 197.42 191.52 213.75 147.65 118.58 122.69 130.92 144.94 126.35 109.18 118.98 158.14 111.30 86.42 83.53 94.91 103.20 127.10 122.80 110.58 123.34 102.65 110.24 120.24 97.32 89.69 76.39 72.10 64.98 58.75 52.68 52.69 45.06 42.27 54.86 44.14 40.08 36.92 -9999 -9999 -9999 -9999 -9999 -9999 -9999 -9999 -9999 -9999 -9999 -9999 -9999 -9999 -9999 -9999 -9999 -9999 -9999 -9999 -9999 -9999 -9999 -9999 -9999 -9999
-9999 -9999 -9999 -9999 -9999 112.66 135.38 152.83 136.02 131.59 130.56 138.84 170.95 182.49 218.01 141.52 114.10 121.32 128.81 127.38 128.31 124.01 112.13 102.70 104.82 95.22 86.96 96.21 103.36 112.28 107.43 100.36 101.82 92.36 100.26 109.82 99.78 102.72 87.94 80.55 63.15 50.66 47.19 48.71 44.06 41.67 40.97 42.86 36.86 32.82 31.33 -9999 -9999 -9999 -9999 -9999 -9999 -9999 -9999 -9999 -9999 -9999 -9999 -9999 -9999 -9999 -9999 -9999 -9999 -9999 -9999 -9999 -9999 -9999 -9999 -9999
-9999 -9999 -9999 -9999 -9999 125.40 148.57 137.26 130.72 115.03 106.63 104.67 196.52 208.98 178.49 157.62 121.54 119.85 121.80 114.38 145.81 121.65 104.60 80.77 82.67 96.13 82.68 94.33 101.49 98.01 92.04 87.22 84.32 83.77 82.99 92.50 92.47 105.70 100.69 72.55 55.07 46.53 44.76 36.80 45.13 41.85 35.55 33.35 32.95 32.89 31.60 -9999 -9999 -9999 -9999 -9999 -9999 -9999 -9999 -9999 -9999 -9999 -9999 -9999 -9999 -9999 -9999 -9999 -9999 -9999 -9999 -9999 -9999 -9999 -9999 -9999
-9999 -9999 -9999 92.41 102.95 127.29 131.09 129.60 122.42 104.42 104.20 99.94 143.79 153.00 177.56 155.11 136.71 109.94 109.15 112.62 112.36 111.70 94.80 72.05 80.74 80.73 66.89 72.02 87.70 86.18 77.41 72.23 75.58 66.38 71.27 89.43 83.36 75.81 79.42 71.59 54.01 47.39 49.33 43.54 36.36 38.56 34.16 28.26 33.06 33.34 33.19 -9999 -9999 -9999 -9999 -9999 -9999 -9999 -9999 -9999 -9999 -9999 -9999 -9999 -9999 -9999 -9999 -9999 -9999 -9999 -9999 -9999 -9999 -9999 -9999 -9999
