Rainfall_2007-2011/Rainfall_2011-09_ACTUAL.txt
ncols         180
nrows         290
xllcorner     -200000
yllcorner     -200000
cellsize      5000
NODATA_value  -9999
[rows 132 to 164 of 290, columns 76 to 151 of 180]
-9999 -9999 -9999 -9999 -9999 -9999 173.74 184.70 198.37 240.02 264.22 265.63 306.65 283.26 320.70 250.55 204.10 207.87 218.20 237.26 175.49 134.61 144.42 152.50 142.98 124.59 137.70 175.64 178.12 201.44 207.08 186.24 219.08 217.47 186.21 190.60 142.64 117.18 100.53 100.32 91.26 82.60 65.92 57.71 49.78 42.93 36.41 29.29 27.57 26.89 -9999 -9999 -9999 -9999 -9999 -9999 -9999 -9999 -9999 -9999 -9999 -9999 -9999 -9999 -9999 -9999 -9999 -9999 -9999 -9999 -9999 -9999 -9999 -9999 -9999 -9999
-9999 -9999 -9999 -9999 -9999 157.12 170.80 199.56 186.72 200.16 204.61 228.64 271.55 277.39 308.27 219.86 180.31 187.40 202.85 185.20 174.64 162.29 143.99 140.49 148.88 122.59 126.97 158.01 171.17 175.11 181.98 184.29 181.12 174.99 173.58 187.30 163.47 152.74 118.54 108.65 94.94 73.88 66.07 61.96 52.51 47.13 40.27 34.26 29.65 31.31 28.91 -9999 -9999 -9999 -9999 -9999 -9999 -9999 -9999 -9999 -9999 -9999 -9999 -9999 -9999 -9999 -9999 -9999 -9999 -9999 -9999 -9999 -9999 -9999 -9999 -9999
-9999 -9999 -9999 -9999 -9999 180.25 218.08 195.92 183.30 177.09 164.45 166.84 313.47 346.24 263.48 236.76 184.85 185.46 179.89 159.26 206.34 163.64 144.43 139.36 132.36 141.86 123.79 146.27 139.77 160.33 152.77 149.97 139.70 152.95 152.84 167.62 179.81 173.06 153.36 101.95 79.58 71.70 65.31 58.10 56.22 49.75 39.02 36.99 39.56 32.79 32.09 -9999 -9999 -9999 -9999 -9999 -9999 -9999 -9999 -9999 -9999 -9999 -9999 -9999 -9999 -9999 -9999 -9999 -9999 -9999 -9999 -9999 -9999 -9999 -9999 -9999
-9999 -9999 -9999 149.80 163.69 191.37 194.53 189.34 188.39 175.14 161.26 147.64 242.26 248.81 260.69 237.51 206.38 170.48 173.62 165.83 167.14 162.71 149.50 115.29 133.95 132.96 115.60 120.98 126.30 143.47 138.12 135.65 138.44 137.99 139.76 185.26 183.38 173.69 133.18 110.18 76.98 69.98 66.70 56.34 42.37 38.62 36.94 39.97 35.79 33.90 35.31 -9999 -9999 -9999 -9999 -9999 -9999 -9999 -9999 -9999 -9999 -9999 -9999 -9999 -9999 -9999 -9999 -9999 -9999 -9999 -9999 -9999 -9999 -9999 -9999 -9999
-9999 -9999 -9999 147.05 156.20 158.97 186.33 178.81 174.99 150.83 127.09 131.61 165.18 198.58 271.48 226.82 187.21 160.06 152.91 148.91 159.32 156.65 166.98 160.64 162.69 125.84 105.18 112.03 124.92 124.13 125.30 115.29 111.86 127.62 109.99 111.43 128.98 106.85 93.29 89.86 69.02 44.75 49.60 60.51 45.98 29.41 34.45 30.11 30.82 31.12 26.63 31.79 -9999 -9999 -9999 -9999 -9999 -9999 -9999 -9999 -9999 -9999 -9999 -9999 -9999 -9999 -9999 -9999 -9999 -9999 -9999 -9999 -9999 -9999 -9999 -9999
-9999 -9999 -9999 144.53 150.93 142.16 162.26 155.40 147.01 125.87 110.11 113.16 129.10 161.19 205.24 183.91 163.64 155.15 146.52 136.52 162.13 164.03 191.42 182.85 -9999 -9999 -9999 116.14 130.69 -9999 104.67 94.73 99.00 103.55 93.54 96.36 104.15 74.55 74.47 83.87 64.10 48.31 47.28 40.00 32.34 33.64 33.96 36.20 28.15 29.17 27.93 29.27 -9999 -9999 -9999 -9999 -9999 -9999 -9999 -9999 -9999 -9999 -9999 -9999 -9999 -9999 -9999 -9999 -9999 -9999 -9999 -9999 -9999 -9999 -9999 -9999
-9999 -9999 -9999 134.26 152.54 132.64 132.84 146.52 140.59 124.02 112.81 114.33 127.84 144.76 192.33 173.67 164.04 154.27 148.63 162.65 150.33 129.57 136.13 152.18 -9999 -9999 -9999 114.69 125.46 122.93 97.59 83.92 86.42 91.34 95.67 102.68 122.28 99.11 100.16 81.53 58.95 62.09 50.05 45.82 39.83 42.21 34.59 37.34 42.87 36.51 26.21 29.73 -9999 -9999 -9999 -9999 -9999 -9999 -9999 -9999 -9999 -9999 -9999 -9999 -9999 -9999 -9999 -9999 -9999 -9999 -9999 -9999 -9999 -9999 -9999 -9999
-9999 -9999 -9999 -9999 135.84 131.19 121.39 -9999 136.97 128.43 119.13 115.78 122.57 -9999 145.16 139.97 152.35 145.95 150.89 156.17 137.51 118.17 -9999 -9999 -9999 -9999 118.67 101.92 107.86 92.47 90.46 80.03 77.06 81.65 93.42 107.62 146.67 110.31 124.31 102.79 78.62 73.32 57.09 60.45 45.64 38.79 39.84 36.31 36.98 31.48 25.33 23.39 22.27 -9999 -9999 -9999 -9999 -9999 -9999 -9999 -9999 -9999 -9999 -9999 -9999 -9999 -9999 -9999 -9999 -9999 -9999 -9999 -9999 -9999 -9999 -9999
-9999 -9999 -9999 -9999 -9999 113.22 -9999 -9999 -9999 108.71 98.46 108.57 127.29 122.34 -9999 -9999 109.63 142.79 152.87 160.87 -9999 -9999 -9999 -9999 -9999 89.80 108.10 113.73 107.82 99.07 95.44 83.12 79.20 86.33 87.49 113.44 130.61 155.09 125.13 121.58 110.83 107.77 70.74 66.21 60.53 52.49 35.03 32.32 39.24 31.58 29.53 26.40 23.23 -9999 -9999 -9999 -9999 -9999 -9999 -9999 -9999 -9999 -9999 -9999 -9999 -9999 -9999 -9999 -9999 -9999 -9999 -9999 -9999 -9999 -9999 -9999
-9999 -9999 -9999 -9999 -9999 101.75 96.19 -9999 -9999 -9999 85.86 98.73 128.16 127.33 -9999 -9999 -9999 -9999 145.40 -9999 -9999 -9999 -9999 -9999 -9999 102.15 124.18 122.74 109.67 122.83 116.23 107.12 77.56 75.99 104.19 101.32 111.32 127.99 140.22 171.56 140.92 122.27 73.31 74.74 74.88 49.91 36.21 44.02 33.44 31.10 30.27 30.14 26.78 -9999 -9999 -9999 -9999 -9999 -9999 -9999 -9999 -9999 -9999 -9999 -9999 -9999 -9999 -9999 -9999 -9999 -9999 -9999 -9999 -9999 -9999 -9999
-9999 -9999 -9999 -9999 -9999 -9999 104.77 -9999 -9999 -9999 -9999 101.05 116.56 113.50 -9999 -9999 -9999 -9999 -9999 -9999 -9999 -9999 -9999 -9999 128.92 116.39 145.31 142.22 150.70 176.65 183.69 155.47 114.59 96.82 88.63 107.40 133.58 178.36 218.65 207.34 156.14 115.18 78.27 81.51 60.11 44.28 50.84 49.74 35.75 31.50 29.93 31.24 26.16 27.09 -9999 -9999 -9999 -9999 -9999 -9999 -9999 -9999 -9999 -9999 -9999 -9999 -9999 -9999 -9999 -9999 -9999 -9999 -9999 -9999 -9999 -9999
-9999 -9999 -9999 -9999 -9999 -9999 113.17 -9999 -9999 -9999 -9999 -9999 -9999 -9999 -9999 -9999 -9999 -9999 -9999 -9999 -9999 -9999 -9999 -9999 138.49 148.79 156.15 150.58 153.12 202.71 239.03 189.58 138.84 98.23 98.63 76.55 86.16 148.12 195.61 191.29 153.54 175.30 161.84 135.56 99.16 63.21 45.41 46.49 42.37 41.39 37.30 34.72 31.26 32.90 30.90 -9999 -9999 -9999 -9999 -9999 -9999 -9999 -9999 -9999 -9999 -9999 -9999 -9999 -9999 -9999 -9999 -9999 -9999 -9999 -9999 -9999
-9999 -9999 -9999 -9999 -9999 -9999 -9999 -9999 -9999 -9999 -9999 -9999 -9999 -9999 -9999 -9999 -9999 -9999 -9999 -9999 -9999 -9999 -9999 144.24 140.59 141.95 174.95 220.07 205.97 305.38 288.64 218.65 132.96 116.10 93.22 81.35 72.30 112.97 201.58 180.55 133.32 144.30 149.28 116.80 82.85 57.06 50.32 50.68 38.65 35.66 35.02 36.27 32.86 28.69 25.04 -9999 -9999 -9999 -9999 -9999 -9999 -9999 -9999 -9999 -9999 -9999 -9999 -9999 -9999 -9999 -9999 -9999 -9999 -9999 -9999 -9999
-9999 -9999 -9999 -9999 -9999 -9999 -9999 -9999 -9999 -9999 -9999 -9999 -9999 -9999 -9999 -9999 -9999 -9999 -9999 -9999 -9999 -9999 -9999 134.84 152.81 192.73 240.63 281.07 260.43 255.67 273.07 234.49 187.69 156.51 111.64 110.11 97.33 114.48 130.68 186.71 158.68 146.89 120.52 99.41 60.39 46.69 44.09 44.51 40.38 32.30 31.67 31.30 30.65 25.20 22.97 21.66 19.79 18.15 -9999 -9999 -9999 -9999 -9999 -9999 -9999 -9999 -9999 -9999 -9999 -9999 -9999 -9999 -9999 -9999 -9999 -9999
-9999 -9999 -9999 -9999 -9999 -9999 -9999 -9999 -9999 -9999 -9999 -9999 -9999 -9999 -9999 -9999 -9999 -9999 -9999 -9999 -9999 -9999 -9999 107.08 142.83 216.47 260.26 349.35 287.56 376.92 364.87 334.70 263.53 245.67 187.60 140.88 132.94 90.95 85.50 120.64 101.23 122.97 106.22 84.43 56.58 43.24 44.22 39.90 34.64 34.20 31.11 30.42 30.05 25.95 25.31 33.78 28.90 22.71 20.40 18.04 -9999 -9999 -9999 -9999 -9999 -9999 -9999 -9999 -9999 -9999 -9999 -9999 -9999 -9999 -9999 -9999
-9999 -9999 -9999 -9999 -9999 -9999 -9999 -9999 -9999 -9999 -9999 -9999 -9999 -9999 -9999 -9999 -9999 -9999 -9999 -9999 -9999 -9999 -9999 108.57 180.64 262.39 396.29 597.64 642.97 445.98 413.61 404.08 404.04 325.43 310.11 217.24 173.41 126.37 129.12 113.75 83.60 109.88 106.45 78.82 55.40 43.89 37.41 34.03 35.21 34.89 32.77 32.67 31.83 29.92 30.79 33.78 41.92 25.73 33.79 31.13 29.86 21.72 -9999 -9999 -9999 -9999 -9999 -9999 -9999 -9999 -9999 -9999 -9999 -9999 -9999 -9999
-9999 -9999 -9999 -9999 -9999 -9999 -9999 -9999 -9999 -9999 -9999 -9999 -9999 -9999 -9999 -9999 -9999 -9999 -9999 -9999 -9999 -9999 -9999 145.21 170.00 215.85 329.61 389.31 608.43 542.24 380.48 378.24 340.58 345.58 327.15 244.37 212.67 148.47 157.24 121.95 166.17 142.75 129.00 104.36 84.88 61.52 34.53 37.17 34.49 36.52 36.20 34.47 34.73 31.77 26.57 34.56 40.40 28.93 35.17 31.05 32.05 25.40 26.66 -9999 -9999 -9999 -9999 -9999 -9999 -9999 -9999 -9999 -9999 -9999 -9999 -9999
-9999 -9999 -9999 -9999 -9999 -9999 -9999 -9999 -9999 -9999 -9999 91.00 86.02 79.80 -9999 -9999 -9999 -9999 -9999 -9999 -9999 -9999 -9999 -9999 142.58 201.94 249.95 315.47 329.55 405.31 342.88 298.66 269.74 298.29 272.09 252.80 274.62 205.17 186.51 172.89 181.83 152.74 164.31 118.51 81.59 67.75 53.72 40.25 35.51 38.30 39.45 34.41 31.62 27.82 39.08 25.55 48.86 46.25 41.84 38.64 26.73 31.27 27.25 20.07 -9999 -9999 -9999 -9999 -9999 -9999 -9999 -9999 -9999 -9999 -9999 -9999
-9999 -9999 -9999 -9999 -9999 -9999 -9999 -9999 -9999 -9999 -9999 80.76 94.56 -9999 -9999 -9999 -9999 -9999 -9999 -9999 -9999 -9999 -9999 -9999 -9999 196.96 245.18 312.09 327.97 429.12 327.83 284.05 253.10 249.11 226.53 223.53 225.20 291.17 249.16 194.46 224.94 173.35 128.62 117.60 96.93 62.34 63.15 42.00 34.33 33.67 33.61 32.64 31.59 30.60 35.56 35.57 40.78 34.89 37.65 42.54 37.11 28.96 27.86 30.00 -9999 -9999 -9999 -9999 -9999 -9999 -9999 -9999 -9999 -9999 -9999 -9999
-9999 -9999 -9999 -9999 -9999 -9999 -9999 -9999 -9999 -9999 102.58 118.14 120.53 118.12 -9999 -9999 -9999 -9999 -9999 -9999 -9999 -9999 -9999 -9999 -9999 162.83 225.26 314.39 291.93 315.34 300.01 257.16 238.91 236.88 205.39 199.49 220.53 230.50 268.22 214.71 242.68 177.93 133.19 132.14 90.87 76.45 53.61 40.55 31.99 33.76 29.55 22.04 32.61 32.61 33.21 37.79 42.08 40.45 40.93 37.91 37.90 33.89 29.72 35.25 27.90 -9999 -9999 -9999 -9999 -9999 -9999 -9999 -9999 -9999 -9999 -9999
-9999 -9999 -9999 -9999 -9999 -9999 -9999 -9999 -9999 103.83 146.14 155.84 147.72 109.21 -9999 -9999 -9999 -9999 -9999 -9999 -9999 -9999 -9999 -9999 -9999 176.24 191.95 227.79 223.82 250.59 252.39 231.21 233.75 206.40 197.80 209.85 230.26 304.43 244.20 221.51 227.89 194.85 124.71 111.68 73.79 72.49 50.84 43.62 36.95 28.75 27.38 28.34 29.59 31.34 33.86 33.08 35.13 40.07 40.98 45.95 41.60 41.60 34.74 31.88 26.72 -9999 -9999 -9999 -9999 -9999 -9999 -9999 -9999 -9999 -9999 -9999
-9999 -9999 -9999 -9999 -9999 -9999 -9999 -9999 69.89 93.68 156.08 129.83 94.47 -9999 -9999 -9999 -9999 -9999 -9999 -9999 -9999 -9999 -9999 -9999 -9999 -9999 187.95 189.39 198.08 183.35 210.57 189.29 174.07 188.11 173.22 204.77 198.81 257.23 254.86 240.58 237.02 207.49 174.75 146.34 111.07 80.73 59.65 53.66 37.50 30.56 27.00 24.96 25.69 24.68 32.00 31.89 32.41 35.12 37.03 33.46 32.87 30.56 28.80 30.08 29.13 24.26 20.14 -9999 -9999 -9999 -9999 -9999 -9999 -9999 -9999 -9999
-9999 -9999 -9999 -9999 -9999 -9999 -9999 -9999 96.24 134.75 102.19 83.65 83.70 -9999 -9999 -9999 -9999 -9999 -9999 -9999 -9999 -9999 -9999 -9999 -9999 -9999 -9999 179.17 169.67 173.96 165.66 163.30 161.93 168.36 176.15 200.53 181.11 234.71 250.79 251.18 227.14 190.50 161.40 156.19 131.04 93.02 72.38 59.35 50.68 35.66 27.78 23.67 22.65 25.18 21.46 23.70 30.56 30.05 32.78 29.83 29.51 31.81 31.14 30.37 49.98 28.48 21.99 -9999 -9999 -9999 -9999 -9999 -9999 -9999 -9999 -9999
-9999 -9999 -9999 -9999 -9999 -9999 -9999 -9999 82.20 82.21 71.39 80.39 -9999 -9999 -9999 -9999 -9999 -9999 -9999 -9999 -9999 -9999 -9999 -9999 -9999 -9999 -9999 146.96 152.17 176.51 -9999 150.17 -9999 162.38 183.40 173.29 147.97 147.65 125.44 194.56 188.03 221.52 135.97 121.01 140.36 120.71 71.89 60.46 60.21 39.36 31.00 25.23 23.69 24.85 23.31 27.32 33.29 27.82 35.14 32.72 28.30 32.50 36.19 32.17 30.76 22.81 21.90 20.66 19.49 -9999 -9999 -9999 -9999 -9999 -9999 -9999
-9999 -9999 -9999 -9999 -9999 -9999 -9999 71.37 66.68 54.66 -9999 -9999 -9999 -9999 -9999 -9999 -9999 -9999 -9999 -9999 -9999 -9999 -9999 -9999 -9999 -9999 -9999 145.39 134.38 149.99 -9999 -9999 -9999 162.72 197.69 164.19 151.97 148.02 142.90 139.72 120.57 173.07 163.20 113.18 121.43 109.95 81.51 74.58 61.62 43.58 28.80 25.96 22.99 22.13 22.54 27.92 32.02 31.97 38.66 36.83 28.86 32.46 38.36 35.61 30.45 27.86 20.51 18.27 18.45 -9999 -9999 -9999 -9999 -9999 -9999 -9999
-9999 -9999 -9999 -9999 -9999 -9999 -9999 -9999 -9999 -9999 -9999 -9999 -9999 -9999 -9999 -9999 -9999 -9999 -9999 -9999 -9999 -9999 -9999 -9999 -9999 -9999 -9999 -9999 -9999 -9999 -9999 -9999 165.07 173.00 189.86 213.11 199.78 217.87 196.57 135.13 137.47 160.03 129.46 112.23 99.37 95.70 81.96 72.84 58.74 46.46 35.31 27.30 23.26 22.41 21.93 28.33 31.62 32.27 35.55 37.23 38.49 34.44 37.69 30.63 27.49 23.80 19.78 19.08 -9999 -9999 -9999 -9999 -9999 -9999 -9999 -9999
-9999 -9999 -9999 -9999 -9999 -9999 -9999 -9999 -9999 -9999 -9999 -9999 -9999 -9999 -9999 -9999 -9999 -9999 -9999 -9999 -9999 -9999 -9999 -9999 -9999 -9999 -9999 -9999 -9999 -9999 -9999 -9999 153.13 163.35 189.09 253.99 261.60 285.77 217.45 172.97 117.25 119.26 103.07 103.13 114.73 96.85 83.78 82.02 63.70 49.05 41.85 33.41 27.00 23.65 24.95 31.40 30.48 31.34 33.75 35.04 42.94 37.38 29.04 26.42 27.30 24.67 24.51 27.41 -9999 -9999 -9999 -9999 -9999 -9999 -9999 -9999
-9999 -9999 -9999 -9999 -9999 -9999 -9999 -9999 -9999 -9999 -9999 -9999 -9999 -9999 -9999 -9999 -9999 -9999 -9999 -9999 -9999 -9999 -9999 -9999 -9999 -9999 -9999 -9999 -9999 -9999 -9999 -9999 146.69 155.21 179.32 209.02 253.73 230.31 196.11 148.45 120.33 112.28 91.26 71.56 84.21 68.57 80.74 61.31 52.83 44.11 39.28 32.72 30.15 31.46 31.06 32.53 29.22 27.45 28.43 31.04 34.97 32.05 27.33 23.89 27.14 22.30 24.83 26.52 -9999 -9999 -9999 -9999 -9999 -9999 -9999 -9999
-9999 -9999 -9999 -9999 -9999 -9999 -9999 -9999 -9999 -9999 -9999 -9999 -9999 -9999 -9999 -9999 -9999 -9999 -9999 -9999 -9999 -9999 -9999 -9999 -9999 -9999 -9999 -9999 -9999 -9999 102.67 134.41 149.41 146.31 178.36 213.74 243.32 179.88 195.80 136.28 118.92 108.27 83.00 89.05 86.87 88.29 67.83 53.59 40.10 40.06 32.77 35.01 33.65 32.40 30.40 30.74 28.98 24.71 24.26 27.00 27.10 28.55 25.06 21.94 21.34 21.29 23.46 24.58 23.16 -9999 -9999 -9999 -9999 -9999 -9999 -9999
-9999 -9999 -9999 -9999 -9999 -9999 -9999 -9999 -9999 -9999 -9999 -9999 -9999 -9999 -9999 -9999 -9999 -9999 -9999 -9999 -9999 -9999 -9999 -9999 -9999 -9999 -9999 -9999 -9999 -9999 114.21 118.28 124.52 129.46 144.25 163.98 159.94 151.63 141.26 128.93 167.85 122.66 115.19 105.79 102.72 63.15 51.30 52.65 48.29 44.51 37.29 34.66 39.79 36.56 24.89 22.51 24.21 24.40 24.44 23.26 19.45 22.35 25.13 22.89 21.59 24.78 25.16 24.75 22.45 -9999 -9999 -9999 -9999 -9999 -9999 -9999
-9999 -9999 -9999 -9999 -9999 -9999 -9999 -9999 -9999 -9999 -9999 -9999 -9999 -9999 -9999 -9999 -9999 -9999 -9999 -9999 -9999 -9999 -9999 -9999 -9999 -9999 -9999 -9999 -9999 -9999 115.09 115.58 120.99 125.29 134.43 148.18 138.34 137.48 146.12 144.00 142.32 111.71 99.28 130.42 83.70 65.00 46.32 47.56 45.15 39.97 38.41 37.54 36.62 31.08 23.90 16.58 20.05 23.45 24.67 23.48 21.44 24.49 26.42 28.35 28.13 27.75 29.42 27.71 23.11 20.48 -9999 -9999 -9999 -9999 -9999 -9999
-9999 -9999 -9999 -9999 -9999 -9999 -9999 -9999 -9999 -9999 -9999 -9999 -9999 -9999 -9999 -9999 -9999 -9999 -9999 -9999 -9999 -9999 -9999 -9999 -9999 -9999 -9999 -9999 -9999 -9999 97.08 108.40 111.97 114.40 136.91 129.22 119.12 135.97 148.47 121.86 126.97 118.41 123.25 118.57 105.98 91.35 59.56 46.74 46.11 37.13 32.26 35.38 34.70 27.04 20.05 19.55 20.67 23.16 23.94 22.95 22.72 23.64 25.23 31.56 28.68 27.66 29.63 25.37 20.90 18.81 17.33 -9999 -9999 -9999 -9999 -9999
-9999 -9999 -9999 -9999 -9999 -9999 -9999 -9999 -9999 -9999 -9999 -9999 -9999 -9999 -9999 -9999 -9999 -9999 -9999 -9999 -9999 -9999 -9999 -9999 -9999 -9999 -9999 -9999 -9999 -9999 96.63 98.09 95.99 97.57 117.14 118.91 115.88 128.83 134.89 132.94 163.49 153.51 151.30 131.27 112.72 73.95 69.59 51.82 46.11 40.17 34.57 33.49 27.92 24.84 19.44 19.92 21.42 23.89 24.90 26.20 26.54 28.31 26.05 27.78 28.88 27.76 27.82 23.53 21.54 17.91 14.29 -9999 -9999 -9999 -9999 -9999
