Rainfall_2007-2011/Rainfall_2007-08_ACTUAL.txt
ncols         180
nrows         290
xllcorner     -200000
yllcorner     -200000
cellsize      5000
NODATA_value  -9999
[rows 204 to 237 of 290, columns 76 to 151 of 180]
55.95 59.19 63.38 69.17 86.49 93.27 72.89 72.55 82.67 92.85 105.98 105.83 115.99 130.01 128.00 98.33 92.30 70.70 74.57 91.37 88.38 75.48 61.16 54.10 31.44 40.74 35.87 60.02 63.25 49.31 38.25 38.61 40.88 40.35 38.64 31.56 35.81 32.70 33.30 41.03 40.01 35.97 48.19 39.25 44.94 45.06 51.94 49.78 42.31 47.20 48.53 49.47 44.15 42.17 49.50 46.59 43.56 41.57 41.19 41.94 41.06 41.05 47.17 45.85 47.64 60.57 62.83 61.95 59.23 52.03 69.08 72.21 68.80 70.49 69.72 57.07
47.25 51.12 63.36 68.83 64.83 75.35 54.96 65.33 75.99 86.46 85.60 95.81 112.74 108.66 95.01 89.54 92.99 100.38 96.52 115.07 139.82 99.16 85.18 80.59 78.22 64.91 37.09 40.00 74.88 54.35 38.83 61.77 54.69 42.80 36.04 27.19 38.70 42.05 43.56 39.14 40.69 51.15 52.35 60.38 60.95 58.89 50.25 49.06 40.24 40.41 33.98 45.25 44.59 42.54 43.78 36.90 38.65 39.26 44.16 43.28 45.06 45.84 44.14 43.47 47.35 64.03 61.54 60.56 58.16 67.75 64.61 69.32 68.94 69.17 59.71 54.36
-9999 60.84 63.05 64.25 67.25 62.79 66.59 70.80 77.86 81.32 73.31 93.88 94.92 104.00 97.27 114.02 98.46 110.30 112.59 114.41 112.58 115.31 99.54 106.30 124.29 69.70 60.96 52.23 35.45 41.13 54.43 35.83 32.86 35.40 48.49 47.62 62.64 62.59 52.44 44.51 49.79 54.04 62.72 82.75 62.09 60.81 49.41 45.80 32.18 40.14 47.35 50.55 50.75 48.40 38.93 38.34 41.07 41.69 41.19 46.22 45.39 44.98 51.31 64.52 72.64 72.63 55.96 54.17 60.03 66.51 54.91 56.07 65.24 64.87 56.57 50.90
66.14 63.78 60.07 65.94 62.56 64.96 75.61 84.39 80.32 76.41 83.22 96.96 102.17 110.39 93.17 107.47 94.95 95.51 101.10 106.75 88.88 96.48 83.29 97.20 93.46 86.43 75.98 52.54 49.94 63.36 51.39 38.47 30.22 49.98 47.51 77.89 79.52 89.07 55.54 50.57 60.00 81.21 84.29 67.43 61.15 47.62 48.05 45.91 46.32 47.67 48.51 47.24 45.29 41.81 39.10 39.28 40.34 43.21 45.64 46.56 42.78 50.56 56.77 72.16 54.65 67.52 60.91 46.77 45.85 46.52 52.81 55.70 63.00 61.87 52.76 48.63
68.70 79.48 51.90 68.55 67.26 63.36 66.58 69.09 70.19 70.66 86.47 94.59 94.04 96.90 104.41 89.48 108.18 108.52 111.31 120.64 113.09 85.77 85.64 79.82 71.94 66.85 78.71 66.76 61.25 69.14 48.10 50.78 44.82 68.08 81.01 114.46 90.51 69.86 49.51 47.25 54.49 65.05 76.48 61.60 53.75 54.87 51.84 52.14 50.25 53.67 48.21 46.23 39.69 45.37 39.45 40.00 34.82 37.36 40.87 46.16 50.49 60.20 66.03 60.90 57.13 58.27 56.77 56.73 44.33 46.36 56.60 55.97 61.40 74.60 40.85 50.72
-9999 74.92 70.57 72.38 74.56 74.26 76.19 -9999 -9999 -9999 -9999 89.64 86.61 92.06 79.52 71.74 81.83 89.90 98.95 114.61 107.72 140.45 153.33 108.63 78.68 67.35 77.81 78.17 70.48 56.16 52.50 53.72 55.00 94.80 82.29 93.06 65.59 47.95 50.06 49.81 58.41 49.09 66.22 53.63 40.11 49.72 63.01 61.89 44.07 46.20 44.04 40.80 39.06 41.63 41.30 39.55 37.44 35.38 44.17 51.91 57.71 61.84 59.15 55.57 52.48 46.73 59.88 52.47 47.34 50.19 56.93 51.56 53.89 66.96 48.10 37.37
-9999 67.99 72.69 73.53 65.74 74.33 61.18 -9999 -9999 -9999 -9999 -9999 -9999 -9999 70.27 74.37 75.27 73.89 85.50 102.61 132.54 149.13 180.47 131.05 94.24 75.57 74.69 67.14 76.77 81.87 55.67 52.87 76.08 89.67 82.95 55.93 48.60 50.00 48.84 51.17 54.10 45.68 47.87 43.01 41.67 41.77 51.56 51.46 43.18 40.45 36.27 33.36 35.10 36.04 35.40 35.20 36.05 38.24 49.83 61.75 64.73 66.59 58.83 53.32 47.73 45.27 50.92 50.31 38.43 47.84 49.33 42.33 44.37 41.42 42.74 42.89
-9999 -9999 -9999 64.06 -9999 -9999 -9999 -9999 -9999 -9999 -9999 -9999 60.22 69.84 75.37 78.12 72.18 72.51 77.06 96.73 121.86 137.32 152.15 122.06 90.68 79.08 84.93 74.64 76.44 72.08 67.15 59.92 72.87 71.86 58.22 47.01 45.60 42.53 43.27 54.42 52.92 43.52 42.83 43.88 43.02 43.35 42.97 40.62 36.03 42.41 35.81 36.67 36.73 33.69 35.59 34.97 32.35 40.08 61.84 58.98 64.59 55.97 54.12 50.34 41.42 41.73 47.10 48.20 45.76 50.25 45.89 43.88 30.75 44.35 49.81 38.56
-9999 -9999 -9999 -9999 -9999 -9999 -9999 -9999 -9999 -9999 -9999 -9999 54.04 65.10 65.83 67.48 72.40 -9999 -9999 72.59 108.69 106.38 109.98 93.54 84.67 83.23 91.18 72.84 66.92 66.89 68.30 71.50 68.57 56.70 41.98 40.16 40.90 38.42 43.97 51.91 46.58 40.90 41.61 42.53 47.75 44.50 40.41 41.94 37.35 42.77 38.82 51.66 51.74 40.49 34.77 35.56 36.03 49.52 49.51 59.44 50.78 48.18 53.42 44.85 37.36 44.01 45.50 41.46 43.76 54.09 47.57 46.45 41.05 39.27 37.18 34.32
-9999 -9999 -9999 -9999 -9999 -9999 -9999 -9999 -9999 -9999 -9999 -9999 -9999 -9999 -9999 -9999 -9999 -9999 -9999 61.61 70.34 92.55 86.29 73.01 74.84 68.92 79.30 74.57 74.48 68.43 73.53 67.73 55.21 -9999 38.68 34.33 35.91 30.16 42.97 50.83 45.40 54.58 47.64 46.06 43.75 47.74 44.83 51.76 52.49 50.46 48.25 54.98 50.07 37.27 40.27 41.44 37.66 46.41 50.43 55.61 53.68 47.32 42.00 39.76 38.87 36.55 48.29 43.13 44.02 47.03 44.00 45.52 35.88 28.65 28.16 29.76
-9999 -9999 -9999 -9999 -9999 -9999 -9999 -9999 -9999 -9999 -9999 -9999 -9999 -9999 -9999 -9999 -9999 -9999 -9999 -9999 71.98 83.72 86.08 90.61 88.05 73.14 82.62 71.61 66.86 -9999 -9999 -9999 -9999 40.06 33.34 38.96 37.78 36.04 45.66 58.29 61.68 59.59 48.79 43.55 46.94 42.02 47.69 52.80 60.52 55.14 55.88 47.12 45.78 41.03 44.81 40.72 36.25 39.97 39.47 39.04 40.99 37.50 35.70 31.31 37.49 41.21 42.53 42.19 39.07 40.84 42.91 41.87 36.32 29.13 31.28 27.80
-9999 -9999 -9999 -9999 -9999 -9999 -9999 -9999 -9999 -9999 -9999 -9999 -9999 -9999 -9999 -9999 -9999 -9999 -9999 -9999 -9999 81.38 101.18 101.96 89.01 76.59 72.98 66.68 -9999 -9999 -9999 -9999 41.47 40.41 41.07 38.00 36.05 44.94 49.53 61.20 65.42 54.16 55.78 49.56 47.36 51.91 58.84 53.23 56.05 53.61 49.79 42.05 44.23 40.02 56.78 34.88 34.78 35.05 35.45 37.06 36.31 33.18 40.22 37.73 36.18 40.66 45.50 39.46 44.23 44.08 46.56 43.05 38.41 27.99 34.29 36.77
-9999 -9999 -9999 -9999 -9999 -9999 -9999 -9999 -9999 -9999 -9999 -9999 -9999 -9999 -9999 -9999 -9999 -9999 -9999 -9999 -9999 -9999 86.15 80.92 80.81 69.39 65.31 59.94 -9999 -9999 -9999 44.84 45.07 42.73 38.16 44.18 45.28 48.88 51.05 66.64 72.27 51.04 50.87 52.78 52.62 50.57 46.21 53.28 51.23 48.55 48.48 44.33 47.77 49.94 44.36 41.88 38.11 38.51 36.12 37.74 39.71 43.04 44.69 39.52 33.42 53.00 47.51 46.13 43.29 43.55 42.85 45.64 42.71 40.43 36.66 39.67
-9999 -9999 -9999 -9999 -9999 -9999 -9999 -9999 -9999 -9999 -9999 -9999 -9999 -9999 -9999 -9999 -9999 -9999 -9999 -9999 -9999 -9999 -9999 -9999 -9999 -9999 -9999 -9999 -9999 -9999 55.78 50.52 53.15 48.96 52.77 50.99 48.19 57.01 53.62 57.41 61.54 40.54 39.21 43.56 43.02 45.51 42.61 57.54 55.82 54.46 49.05 56.14 45.92 48.88 40.92 42.82 35.49 40.17 42.50 41.01 42.74 43.01 39.03 46.24 54.61 57.65 53.40 51.87 49.55 47.45 49.23 52.26 52.16 46.66 34.64 43.39
-9999 -9999 -9999 -9999 -9999 -9999 -9999 -9999 -9999 -9999 -9999 -9999 -9999 -9999 -9999 -9999 -9999 -9999 -9999 -9999 -9999 -9999 -9999 -9999 -9999 -9999 -9999 -9999 -9999 -9999 51.12 59.94 57.42 75.56 67.96 57.91 63.12 61.21 55.34 68.59 58.67 45.30 42.40 43.96 45.18 48.55 44.71 57.88 61.29 67.07 60.29 55.27 54.93 47.87 41.97 39.72 37.00 34.46 36.77 42.23 40.85 39.20 48.93 63.74 68.13 72.05 62.17 62.53 70.43 59.57 53.80 54.34 54.87 49.07 46.13 47.97
-9999 -9999 -9999 -9999 -9999 -9999 -9999 -9999 -9999 -9999 -9999 -9999 -9999 -9999 -9999 -9999 -9999 -9999 -9999 -9999 -9999 -9999 -9999 -9999 -9999 -9999 -9999 -9999 -9999 -9999 60.00 53.42 52.86 62.79 80.15 70.12 85.29 74.83 66.81 58.79 53.81 47.57 49.83 46.88 47.72 49.13 48.70 44.21 45.48 51.01 50.47 45.38 46.74 44.54 39.69 37.79 35.84 36.12 41.96 44.15 45.26 45.12 57.73 69.85 86.38 75.96 82.19 69.99 69.50 69.96 51.45 48.29 42.13 61.10 51.38 44.79
-9999 -9999 -9999 -9999 -9999 -9999 -9999 -9999 -9999 -9999 -9999 -9999 -9999 76.59 96.39 78.44 112.29 115.95 124.71 100.80 99.73 58.61 72.64 49.84 -9999 -9999 -9999 -9999 -9999 -9999 59.50 54.00 41.83 45.64 73.04 110.02 74.53 63.26 53.35 51.21 50.69 58.39 55.01 49.30 39.78 44.59 38.13 36.47 35.48 39.78 38.28 39.37 48.30 47.40 44.91 53.58 56.95 57.19 46.28 49.56 52.64 50.94 60.02 77.11 93.68 82.49 79.22 76.99 60.24 61.89 50.92 47.35 46.70 50.64 51.34 37.80
-9999 -9999 -9999 -9999 -9999 -9999 -9999 -9999 -9999 -9999 -9999 -9999 -9999 94.40 103.82 111.45 96.39 146.21 151.55 126.02 124.93 101.36 68.85 57.19 46.23 41.66 63.36 63.82 55.12 62.22 55.42 55.80 53.73 48.86 67.89 81.98 69.21 54.32 52.60 50.58 61.40 64.99 47.34 46.60 46.42 33.84 37.44 38.62 39.67 43.89 42.20 41.75 42.16 46.10 53.61 56.36 53.52 60.20 58.90 52.54 52.23 51.27 72.05 77.88 90.67 110.27 69.10 62.65 61.00 55.54 57.71 49.73 54.50 55.87 60.55 45.57
-9999 -9999 -9999 -9999 -9999 -9999 -9999 -9999 -9999 -9999 -9999 -9999 63.28 82.83 80.40 96.84 108.38 116.99 142.80 126.42 112.93 105.25 84.88 78.55 52.85 60.49 59.82 75.95 58.79 60.62 58.06 65.78 60.40 56.16 64.80 70.86 59.95 60.08 57.43 74.93 66.03 79.62 52.41 45.47 41.88 48.39 42.31 41.94 46.28 49.50 49.93 43.98 49.93 53.08 51.56 55.04 65.07 62.11 59.86 66.02 62.89 75.65 73.16 75.56 101.67 93.70 65.38 63.74 52.82 56.47 51.87 59.04 61.27 52.21 57.43 61.62
-9999 -9999 -9999 -9999 -9999 -9999 -9999 -9999 -9999 -9999 -9999 -9999 -9999 67.10 71.92 79.02 94.19 108.04 99.55 116.77 96.59 85.17 64.20 70.58 79.74 62.00 59.84 57.67 54.53 51.39 51.48 64.02 68.68 65.55 75.54 70.99 55.92 62.38 65.26 68.86 62.97 59.96 45.91 33.08 36.98 53.22 49.00 47.67 45.73 48.56 45.30 51.49 51.85 62.55 46.88 52.49 56.90 81.59 93.66 98.36 76.74 98.44 86.78 77.44 65.52 65.56 51.09 47.89 47.93 57.78 60.78 55.26 68.82 61.15 65.01 78.49
-9999 -9999 -9999 -9999 -9999 -9999 -9999 -9999 -9999 69.06 -9999 -9999 64.61 65.03 71.55 67.29 69.99 74.04 75.21 70.98 81.62 80.34 88.13 73.16 76.57 57.15 56.62 50.51 50.35 44.04 47.50 47.22 44.85 64.53 66.30 73.25 72.45 72.15 65.92 58.02 51.05 53.05 39.90 33.87 51.56 56.22 50.89 42.11 37.85 47.40 43.34 53.13 42.94 55.16 69.90 66.42 67.89 75.44 104.69 97.42 81.36 93.18 78.83 73.60 68.07 60.53 56.61 50.72 48.22 50.27 49.92 50.99 51.52 49.52 66.25 84.78
-9999 -9999 -9999 -9999 -9999 -9999 -9999 -9999 77.96 88.89 86.88 70.19 59.67 66.42 75.13 65.27 67.79 70.31 64.59 83.19 82.54 85.56 76.88 73.10 66.72 61.29 55.32 53.04 63.11 54.40 53.52 52.67 50.47 56.24 59.29 62.66 73.40 65.59 58.80 59.96 59.66 66.57 56.40 52.45 92.92 86.10 54.12 45.18 39.91 47.86 50.77 48.25 56.51 59.81 74.41 71.97 63.78 83.29 88.37 84.09 73.44 70.84 75.06 74.79 68.55 65.22 55.02 50.76 46.31 44.64 47.53 51.41 53.07 54.29 57.82 66.99
-9999 -9999 -9999 -9999 -9999 -9999 -9999 -9999 89.59 102.05 90.98 83.33 60.26 61.16 60.67 65.49 68.96 65.36 80.73 82.06 74.20 82.61 82.37 77.68 78.68 69.44 87.24 91.08 82.56 65.98 54.11 62.24 69.12 72.06 78.17 75.65 79.62 73.46 64.44 57.04 57.13 58.48 75.27 73.96 96.85 101.97 54.99 45.93 48.63 46.96 47.37 42.04 61.93 70.74 78.51 71.80 72.13 76.01 86.67 80.63 94.80 78.13 77.49 72.26 61.86 66.96 61.70 49.28 47.11 46.99 56.43 53.89 64.67 57.76 65.13 62.91
-9999 -9999 -9999 -9999 -9999 -9999 -9999 -9999 86.27 103.55 122.86 89.91 67.31 61.76 56.58 58.83 53.34 53.88 59.00 75.18 71.16 76.22 71.40 62.15 65.81 65.33 111.87 90.29 76.66 87.13 80.46 77.23 77.11 92.28 86.65 84.61 96.51 87.22 66.19 57.14 61.75 79.45 62.67 77.32 71.27 67.43 50.63 47.34 51.29 59.50 55.65 44.47 51.85 83.74 76.38 71.03 59.94 67.49 66.85 76.06 88.24 86.01 69.04 85.29 58.90 84.09 64.53 41.96 39.09 58.23 55.67 54.31 56.80 55.40 50.65 48.65
-9999 -9999 -9999 -9999 -9999 -9999 -9999 -9999 60.07 93.88 86.92 83.14 69.39 64.33 54.69 44.28 63.13 59.12 59.26 67.76 67.85 60.60 64.04 66.67 58.53 67.07 83.35 88.33 94.79 99.80 95.85 106.24 100.08 98.81 98.14 104.26 83.48 85.28 82.98 76.57 83.42 90.63 90.30 75.96 63.90 50.98 48.32 44.06 51.19 52.83 49.56 51.03 62.94 51.54 56.76 59.20 63.05 50.41 47.86 54.06 49.25 59.15 55.71 44.00 43.60 55.70 46.49 33.10 32.37 32.99 39.07 49.19 47.29 43.27 43.82 45.49
-9999 -9999 -9999 -9999 -9999 -9999 -9999 -9999 54.20 76.63 63.20 77.06 65.30 64.03 60.39 57.76 58.02 57.45 70.36 58.55 56.65 65.86 64.24 59.89 59.56 62.29 69.60 80.10 119.71 93.50 86.45 114.00 121.31 104.82 109.09 103.30 112.21 121.37 123.12 95.56 87.57 84.19 77.76 70.96 62.21 50.36 54.96 55.51 52.28 49.01 48.31 53.91 53.34 49.93 49.47 48.89 48.26 45.71 48.10 47.53 49.08 41.31 43.27 45.65 44.74 44.97 39.67 30.74 -9999 -9999 31.79 34.78 38.95 36.15 32.22 45.94
-9999 -9999 -9999 -9999 -9999 -9999 -9999 80.27 75.87 79.27 79.68 84.65 67.23 67.43 65.74 72.49 55.21 63.33 60.16 54.28 55.23 57.78 60.96 62.47 59.52 70.89 77.97 97.74 109.11 86.24 86.33 92.45 87.23 91.31 73.20 72.37 123.44 111.22 124.95 93.18 81.65 70.38 74.97 69.16 69.03 55.15 46.66 50.99 47.48 43.57 37.86 47.12 46.96 51.36 -9999 -9999 44.19 40.51 44.67 46.91 43.27 39.30 36.57 -9999 -9999 -9999 -9999 -9999 -9999 -9999 -9999 -9999 -9999 36.85 32.44 34.35
-9999 -9999 -9999 -9999 -9999 -9999 87.13 81.55 88.35 86.91 81.99 84.54 85.10 81.80 88.28 93.62 94.06 84.82 74.96 65.68 73.93 78.49 79.96 66.30 65.00 66.74 89.47 110.10 101.03 87.83 69.96 65.11 66.03 65.70 87.60 89.17 78.32 82.07 74.17 74.19 69.45 70.01 62.15 61.42 67.75 61.10 49.30 43.00 35.57 39.47 31.48 -9999 42.86 52.54 46.31 41.28 40.44 -9999 -9999 -9999 -9999 35.35 -9999 -9999 -9999 -9999 -9999 -9999 -9999 -9999 -9999 -9999 -9999 -9999 -9999 -9999
-9999 -9999 -9999 -9999 -9999 100.55 101.72 103.82 106.96 82.74 81.85 87.55 84.70 89.49 109.88 137.04 140.72 96.60 84.94 108.93 100.56 90.55 76.49 67.17 78.91 64.68 56.11 67.21 67.64 -9999 -9999 -9999 -9999 -9999 73.10 75.37 74.86 62.17 72.18 67.82 60.71 56.49 57.71 60.54 57.94 -9999 -9999 -9999 -9999 -9999 38.03 42.20 42.51 50.67 43.54 39.64 38.29 -9999 -9999 -9999 -9999 -9999 -9999 -9999 -9999 -9999 -9999 -9999 -9999 -9999 -9999 -9999 -9999 -9999 -9999 -9999
-9999 -9999 -9999 -9999 66.62 88.50 132.31 111.06 88.36 88.84 82.19 84.58 103.89 114.42 144.85 170.36 196.10 142.58 106.73 94.64 93.62 77.21 86.59 79.33 71.11 63.35 -9999 -9999 -9999 -9999 -9999 -9999 -9999 -9999 -9999 51.30 55.88 50.71 64.57 74.18 82.57 70.33 84.40 76.76 63.09 -9999 -9999 -9999 -9999 -9999 -9999 -9999 38.72 44.18 36.06 47.00 -9999 -9999 -9999 -9999 -9999 -9999 -9999 -9999 -9999 -9999 -9999 -9999 -9999 -9999 -9999 -9999 -9999 -9999 -9999 -9999
-9999 57.09 63.80 67.63 69.49 88.01 111.86 117.70 123.65 107.17 96.55 88.74 111.06 127.57 134.94 178.49 171.22 125.97 114.82 110.34 69.34 77.33 97.50 69.53 -9999 -9999 -9999 -9999 -9999 -9999 -9999 -9999 -9999 -9999 -9999 -9999 -9999 38.17 -9999 -9999 -9999 -9999 63.30 64.97 65.86 -9999 -9999 -9999 -9999 -9999 -9999 -9999 -9999 38.03 42.14 28.52 -9999 -9999 -9999 -9999 -9999 -9999 -9999 -9999 -9999 -9999 -9999 -9999 -9999 -9999 -9999 -9999 -9999 -9999 -9999 -9999
-9999 61.58 67.22 78.49 80.46 102.78 127.74 116.13 126.28 125.08 122.74 104.22 109.44 110.27 128.07 176.41 171.83 136.25 84.83 79.00 64.80 69.04 78.81 -9999 -9999 -9999 -9999 -9999 -9999 -9999 -9999 -9999 -9999 -9999 -9999 -9999 -9999 53.50 -9999 -9999 -9999 -9999 -9999 -9999 -9999 -9999 -9999 -9999 -9999 -9999 -9999 -9999 -9999 -9999 -9999 -9999 -9999 -9999 -9999 -9999 -9999 -9999 -9999 -9999 -9999 -9999 -9999 -9999 -9999 -9999 -9999 -9999 -9999 -9999 -9999 -9999
-9999 58.20 83.41 82.30 81.89 91.28 114.93 109.91 115.06 106.46 103.72 113.90 94.39 94.35 122.80 157.65 179.25 181.41 114.95 96.92 85.10 76.44 76.50 -9999 -9999 -9999 -9999 -9999 -9999 -9999 -9999 -9999 -9999 -9999 -9999 -9999 -9999 -9999 -9999 -9999 -9999 -9999 -9999 -9999 -9999 -9999 -9999 -9999 -9999 -9999 -9999 -9999 -9999 -9999 -9999 -9999 -9999 -9999 -9999 -9999 -9999 -9999 -9999 -9999 -9999 -9999 -9999 -9999 -9999 -9999 -9999 -9999 -9999 -9999 -9999 -9999
48.67 55.14 71.34 89.98 93.73 103.05 106.46 107.69 109.31 98.24 91.17 88.13 101.68 90.05 106.26 130.38 152.81 153.49 135.12 102.77 82.97 84.32 51.11 -9999 -9999 -9999 -9999 -9999 -9999 -9999 -9999 -9999 -9999 -9999 -9999 -9999 -9999 -9999 -9999 -9999 -9999 -9999 -9999 -9999 -9999 -9999 -9999 -9999 -9999 -9999 -9999 -9999 -9999 -9999 -9999 -9999 -9999 -9999 -9999 -9999 -9999 -9999 -9999 -9999 -9999 -9999 -9999 -9999 -9999 -9999 -9999 -9999 -9999 -9999 -9999 -9999
