Rainfall_2007-2011/Rainfall_2011-12_ACTUAL.txt
ncols         180
nrows         290
xllcorner     -200000
yllcorner     -200000
cellsize      5000
NODATA_value  -9999
[rows 132 to 164 of 290, columns 76 to 151 of 180]
-9999 -9999 -9999 -9999 -9999 -9999 284.92 296.05 312.69 362.95 375.38 381.89 485.53 462.08 531.23 355.76 306.08 281.85 269.69 275.15 233.95 207.02 234.90 212.69 179.53 160.18 163.53 185.87 194.27 223.30 209.83 183.92 228.72 216.11 202.09 213.80 166.28 182.01 140.78 144.91 134.38 124.89 102.22 85.48 78.62 71.99 60.08 47.98 43.33 47.05 -9999 -9999 -9999 -9999 -9999 -9999 -9999 -9999 -9999 -9999 -9999 -9999 -9999 -9999 -9999 -9999 -9999 -9999 -9999 -9999 -9999 -9999 -9999 -9999 -9999 -9999
-9999 -9999 -9999 -9999 -9999 246.12 292.20 335.72 314.23 322.17 318.89 363.53 432.96 452.77 529.21 362.14 290.65 271.89 278.14 254.39 238.77 218.35 202.44 182.25 184.71 151.35 154.94 183.35 187.44 179.90 169.69 169.38 186.31 175.59 188.97 215.87 194.05 210.35 175.66 163.41 133.30 107.17 90.67 77.60 77.23 67.51 56.93 51.58 43.12 45.50 43.70 -9999 -9999 -9999 -9999 -9999 -9999 -9999 -9999 -9999 -9999 -9999 -9999 -9999 -9999 -9999 -9999 -9999 -9999 -9999 -9999 -9999 -9999 -9999 -9999 -9999
-9999 -9999 -9999 -9999 -9999 282.19 338.10 315.09 309.14 304.45 297.32 312.03 491.44 494.96 443.45 412.34 315.11 282.76 272.83 239.60 284.98 212.47 183.25 164.20 156.03 168.83 146.50 181.17 174.63 147.12 137.37 139.76 137.47 151.10 162.71 186.86 177.78 205.11 197.58 154.82 132.22 130.19 84.12 58.29 71.68 63.37 49.84 45.25 42.69 48.63 42.59 -9999 -9999 -9999 -9999 -9999 -9999 -9999 -9999 -9999 -9999 -9999 -9999 -9999 -9999 -9999 -9999 -9999 -9999 -9999 -9999 -9999 -9999 -9999 -9999 -9999
-9999 -9999 -9999 193.56 226.92 282.85 296.01 300.11 312.54 305.67 284.95 240.32 379.26 373.35 422.23 390.50 332.52 255.39 247.35 243.84 227.29 206.31 177.27 145.97 163.84 160.33 146.39 157.44 158.46 139.13 133.91 128.22 134.38 140.69 145.38 169.03 159.38 143.49 157.39 150.80 123.91 117.36 79.08 67.70 56.51 56.71 47.53 44.67 44.19 45.88 46.46 -9999 -9999 -9999 -9999 -9999 -9999 -9999 -9999 -9999 -9999 -9999 -9999 -9999 -9999 -9999 -9999 -9999 -9999 -9999 -9999 -9999 -9999 -9999 -9999 -9999
-9999 -9999 -9999 172.24 198.54 210.01 258.28 264.03 284.51 263.22 227.43 228.41 257.19 309.23 419.79 358.30 294.62 231.73 216.24 195.87 205.60 199.04 215.84 209.99 211.55 155.13 132.58 137.03 140.79 132.09 115.23 114.08 118.46 129.57 124.67 122.40 139.39 145.22 131.97 119.78 105.28 73.62 82.44 85.39 65.28 50.15 49.30 42.06 43.71 41.83 48.05 58.47 -9999 -9999 -9999 -9999 -9999 -9999 -9999 -9999 -9999 -9999 -9999 -9999 -9999 -9999 -9999 -9999 -9999 -9999 -9999 -9999 -9999 -9999 -9999 -9999
-9999 -9999 -9999 144.63 173.15 176.94 201.57 199.64 221.89 226.98 202.08 202.38 216.61 262.89 313.39 283.35 256.98 216.74 188.10 174.65 205.48 208.83 255.63 224.47 -9999 -9999 -9999 130.93 139.01 -9999 118.18 132.31 121.77 128.09 113.93 127.87 160.50 150.89 123.14 124.76 102.20 89.95 87.60 64.39 53.89 55.41 49.98 53.16 37.62 37.12 42.85 43.21 -9999 -9999 -9999 -9999 -9999 -9999 -9999 -9999 -9999 -9999 -9999 -9999 -9999 -9999 -9999 -9999 -9999 -9999 -9999 -9999 -9999 -9999 -9999 -9999
-9999 -9999 -9999 108.25 135.50 162.92 176.65 186.83 197.10 207.13 199.40 177.31 196.23 216.39 284.55 249.14 248.19 210.35 184.04 203.43 186.98 179.57 182.89 190.93 -9999 -9999 -9999 133.61 136.76 133.03 124.63 124.20 121.15 123.01 128.52 152.83 198.55 170.69 165.12 128.23 90.43 108.77 91.96 79.89 66.65 72.76 56.40 56.45 62.43 49.27 39.53 41.45 -9999 -9999 -9999 -9999 -9999 -9999 -9999 -9999 -9999 -9999 -9999 -9999 -9999 -9999 -9999 -9999 -9999 -9999 -9999 -9999 -9999 -9999 -9999 -9999
-9999 -9999 -9999 -9999 107.07 152.54 157.04 -9999 186.39 192.87 182.57 173.72 175.70 -9999 198.63 189.77 209.32 164.31 164.02 199.99 182.45 165.33 -9999 -9999 -9999 -9999 121.74 135.14 135.92 135.99 136.37 107.85 113.99 127.72 141.20 165.22 247.07 216.43 220.05 155.01 139.38 122.39 108.47 117.99 70.04 68.98 75.09 62.02 57.02 47.17 42.13 40.88 34.19 -9999 -9999 -9999 -9999 -9999 -9999 -9999 -9999 -9999 -9999 -9999 -9999 -9999 -9999 -9999 -9999 -9999 -9999 -9999 -9999 -9999 -9999 -9999
-9999 -9999 -9999 -9999 -9999 116.35 -9999 -9999 -9999 157.25 146.72 155.51 151.07 130.95 -9999 -9999 152.90 112.21 149.78 192.92 -9999 -9999 -9999 -9999 -9999 129.13 133.23 122.40 146.03 148.24 144.03 127.04 139.79 149.76 151.22 171.68 201.98 252.71 225.60 203.25 189.87 193.68 141.00 128.15 104.84 92.19 67.17 78.61 63.75 47.02 48.25 43.11 38.04 -9999 -9999 -9999 -9999 -9999 -9999 -9999 -9999 -9999 -9999 -9999 -9999 -9999 -9999 -9999 -9999 -9999 -9999 -9999 -9999 -9999 -9999 -9999
-9999 -9999 -9999 -9999 -9999 100.48 94.41 -9999 -9999 -9999 126.47 147.10 152.22 138.35 -9999 -9999 -9999 -9999 140.46 -9999 -9999 -9999 -9999 -9999 -9999 120.55 139.12 160.49 155.04 181.99 182.92 173.89 149.63 143.06 166.39 154.39 172.08 155.91 224.69 264.16 223.78 215.52 150.00 143.10 131.77 96.16 61.82 68.24 57.31 45.14 45.24 46.47 39.44 -9999 -9999 -9999 -9999 -9999 -9999 -9999 -9999 -9999 -9999 -9999 -9999 -9999 -9999 -9999 -9999 -9999 -9999 -9999 -9999 -9999 -9999 -9999
-9999 -9999 -9999 -9999 -9999 -9999 106.49 -9999 -9999 -9999 -9999 148.04 159.15 147.62 -9999 -9999 -9999 -9999 -9999 -9999 -9999 -9999 -9999 -9999 146.57 131.70 173.78 198.71 212.53 240.07 254.65 226.90 133.79 161.71 143.74 176.44 200.14 246.34 292.40 298.27 246.94 193.80 154.22 151.31 114.53 81.66 87.76 77.56 56.45 50.71 48.06 49.72 43.21 37.03 -9999 -9999 -9999 -9999 -9999 -9999 -9999 -9999 -9999 -9999 -9999 -9999 -9999 -9999 -9999 -9999 -9999 -9999 -9999 -9999 -9999 -9999
-9999 -9999 -9999 -9999 -9999 -9999 121.58 -9999 -9999 -9999 -9999 -9999 -9999 -9999 -9999 -9999 -9999 -9999 -9999 -9999 -9999 -9999 -9999 -9999 162.54 138.90 194.34 214.84 189.84 285.91 347.75 315.77 254.75 174.01 164.02 121.50 129.36 216.45 258.54 299.18 219.11 239.16 244.96 239.59 173.29 113.36 78.79 71.43 57.38 58.29 53.07 50.34 45.64 39.67 32.76 -9999 -9999 -9999 -9999 -9999 -9999 -9999 -9999 -9999 -9999 -9999 -9999 -9999 -9999 -9999 -9999 -9999 -9999 -9999 -9999 -9999
-9999 -9999 -9999 -9999 -9999 -9999 -9999 -9999 -9999 -9999 -9999 -9999 -9999 -9999 -9999 -9999 -9999 -9999 -9999 -9999 -9999 -9999 -9999 143.18 174.23 176.03 211.42 278.58 266.65 400.62 430.10 360.89 258.75 220.74 160.58 131.66 110.57 171.19 291.19 283.87 242.90 203.79 205.38 179.15 122.20 81.23 71.37 65.98 52.54 46.86 39.64 43.03 43.67 36.27 30.46 -9999 -9999 -9999 -9999 -9999 -9999 -9999 -9999 -9999 -9999 -9999 -9999 -9999 -9999 -9999 -9999 -9999 -9999 -9999 -9999 -9999
-9999 -9999 -9999 -9999 -9999 -9999 -9999 -9999 -9999 -9999 -9999 -9999 -9999 -9999 -9999 -9999 -9999 -9999 -9999 -9999 -9999 -9999 -9999 157.40 175.03 202.37 259.97 358.90 353.35 301.86 398.28 361.42 324.59 272.60 231.20 173.81 145.39 154.52 199.84 284.48 243.00 224.81 181.99 156.65 83.22 72.25 58.06 55.63 54.99 42.21 40.90 39.79 40.95 34.26 29.24 30.60 29.07 26.51 -9999 -9999 -9999 -9999 -9999 -9999 -9999 -9999 -9999 -9999 -9999 -9999 -9999 -9999 -9999 -9999 -9999 -9999
-9999 -9999 -9999 -9999 -9999 -9999 -9999 -9999 -9999 -9999 -9999 -9999 -9999 -9999 -9999 -9999 -9999 -9999 -9999 -9999 -9999 -9999 -9999 144.01 174.78 213.97 253.07 378.68 460.43 501.03 489.03 496.54 403.37 330.33 258.37 223.08 196.37 129.22 136.15 189.62 145.65 187.16 174.88 147.67 105.85 90.22 60.59 52.89 52.97 48.03 37.99 39.04 40.51 32.30 30.37 44.74 36.62 36.79 35.83 31.13 -9999 -9999 -9999 -9999 -9999 -9999 -9999 -9999 -9999 -9999 -9999 -9999 -9999 -9999 -9999 -9999
-9999 -9999 -9999 -9999 -9999 -9999 -9999 -9999 -9999 -9999 -9999 -9999 -9999 -9999 -9999 -9999 -9999 -9999 -9999 -9999 -9999 -9999 -9999 124.61 211.36 285.39 413.40 602.97 681.43 548.46 485.62 545.52 542.03 386.14 368.72 312.86 243.32 167.44 177.40 165.07 134.00 174.29 169.50 138.09 115.29 96.63 67.13 74.14 57.70 50.25 38.36 40.25 36.55 37.71 39.07 43.86 57.57 45.93 51.07 46.48 40.74 38.70 -9999 -9999 -9999 -9999 -9999 -9999 -9999 -9999 -9999 -9999 -9999 -9999 -9999 -9999
-9999 -9999 -9999 -9999 -9999 -9999 -9999 -9999 -9999 -9999 -9999 -9999 -9999 -9999 -9999 -9999 -9999 -9999 -9999 -9999 -9999 -9999 -9999 142.05 181.29 226.02 369.63 464.40 687.77 816.53 531.21 496.52 456.21 494.56 428.92 327.29 282.56 225.17 208.46 190.30 256.16 278.88 275.82 200.35 179.55 128.56 66.61 72.45 61.17 51.51 49.74 46.18 41.89 41.46 46.86 37.77 59.64 48.20 53.29 49.62 47.83 45.48 45.92 -9999 -9999 -9999 -9999 -9999 -9999 -9999 -9999 -9999 -9999 -9999 -9999 -9999
-9999 -9999 -9999 -9999 -9999 -9999 -9999 -9999 -9999 -9999 -9999 102.57 90.68 84.59 -9999 -9999 -9999 -9999 -9999 -9999 -9999 -9999 -9999 -9999 154.57 183.01 276.97 333.92 378.77 565.81 463.65 385.20 403.56 419.36 416.41 361.71 299.02 281.79 265.02 291.39 297.86 296.91 302.47 219.38 171.11 139.06 107.04 80.89 65.89 59.60 53.12 51.46 48.22 47.69 69.99 73.17 86.87 82.61 74.72 70.55 50.71 56.91 48.02 36.83 -9999 -9999 -9999 -9999 -9999 -9999 -9999 -9999 -9999 -9999 -9999 -9999
-9999 -9999 -9999 -9999 -9999 -9999 -9999 -9999 -9999 -9999 -9999 106.00 95.66 -9999 -9999 -9999 -9999 -9999 -9999 -9999 -9999 -9999 -9999 -9999 -9999 185.09 250.56 304.42 352.50 507.13 396.00 325.80 306.37 279.78 303.37 283.99 227.70 343.04 358.45 346.53 361.80 304.60 238.08 184.87 200.37 136.34 129.51 81.22 61.80 58.84 56.31 52.99 55.17 61.06 76.76 81.16 78.19 72.92 71.64 72.13 62.58 63.80 56.02 57.84 -9999 -9999 -9999 -9999 -9999 -9999 -9999 -9999 -9999 -9999 -9999 -9999
-9999 -9999 -9999 -9999 -9999 -9999 -9999 -9999 -9999 -9999 113.63 139.85 134.03 130.33 -9999 -9999 -9999 -9999 -9999 -9999 -9999 -9999 -9999 -9999 -9999 167.80 232.06 311.53 322.87 412.55 342.79 313.32 276.37 265.05 229.93 215.93 230.73 230.62 354.61 310.98 361.57 288.02 263.44 255.58 185.60 170.09 127.67 79.09 63.89 63.85 59.32 60.01 64.94 67.43 72.16 83.90 84.78 77.92 78.84 67.71 58.38 66.76 58.59 70.55 57.54 -9999 -9999 -9999 -9999 -9999 -9999 -9999 -9999 -9999 -9999 -9999
-9999 -9999 -9999 -9999 -9999 -9999 -9999 -9999 -9999 110.92 150.22 154.62 150.26 123.37 -9999 -9999 -9999 -9999 -9999 -9999 -9999 -9999 -9999 -9999 -9999 185.01 221.55 262.75 243.65 285.94 222.71 279.40 264.34 228.89 217.70 220.57 215.05 249.81 296.80 311.29 295.38 307.55 235.90 223.31 159.97 159.38 126.14 89.44 78.46 64.78 59.66 58.80 59.59 68.74 75.85 76.29 69.76 67.14 62.54 71.56 67.91 72.18 59.44 62.44 59.07 -9999 -9999 -9999 -9999 -9999 -9999 -9999 -9999 -9999 -9999 -9999
-9999 -9999 -9999 -9999 -9999 -9999 -9999 -9999 91.38 103.72 161.64 141.34 104.88 -9999 -9999 -9999 -9999 -9999 -9999 -9999 -9999 -9999 -9999 -9999 -9999 -9999 211.20 220.92 202.30 261.10 234.49 221.02 196.75 197.26 175.14 205.18 184.18 232.81 332.23 369.84 312.70 354.60 307.08 297.16 233.36 184.57 157.61 133.30 89.67 74.86 59.14 52.89 54.99 56.57 70.93 67.02 57.71 54.90 56.46 50.29 52.90 55.40 65.40 53.64 50.00 56.31 50.01 -9999 -9999 -9999 -9999 -9999 -9999 -9999 -9999 -9999
-9999 -9999 -9999 -9999 -9999 -9999 -9999 -9999 105.46 127.93 122.60 112.46 101.57 -9999 -9999 -9999 -9999 -9999 -9999 -9999 -9999 -9999 -9999 -9999 -9999 -9999 -9999 182.46 161.87 180.57 189.49 185.06 177.20 176.63 175.37 208.07 191.43 263.57 320.73 366.14 373.51 318.11 269.07 302.89 292.21 201.55 174.65 144.84 115.24 80.68 63.15 53.08 49.94 56.68 55.45 50.18 49.87 58.19 50.93 50.87 51.48 56.45 60.97 57.22 51.89 63.60 55.35 -9999 -9999 -9999 -9999 -9999 -9999 -9999 -9999 -9999
-9999 -9999 -9999 -9999 -9999 -9999 -9999 -9999 97.76 99.24 76.08 99.19 -9999 -9999 -9999 -9999 -9999 -9999 -9999 -9999 -9999 -9999 -9999 -9999 -9999 -9999 -9999 139.40 154.29 183.28 -9999 174.94 -9999 142.01 151.50 165.10 174.39 208.84 271.39 336.85 316.95 409.14 283.13 249.83 342.14 343.62 195.13 163.23 109.25 89.27 82.45 64.90 55.87 56.92 54.88 57.53 64.33 57.82 61.19 55.74 51.34 57.11 63.56 60.96 50.59 51.26 61.82 64.30 57.03 -9999 -9999 -9999 -9999 -9999 -9999 -9999
-9999 -9999 -9999 -9999 -9999 -9999 -9999 81.33 89.71 86.72 -9999 -9999 -9999 -9999 -9999 -9999 -9999 -9999 -9999 -9999 -9999 -9999 -9999 -9999 -9999 -9999 -9999 135.91 143.43 158.43 -9999 -9999 -9999 138.25 175.08 142.36 152.26 185.43 224.69 214.22 200.41 306.35 298.94 227.08 245.67 233.68 206.32 176.60 116.71 95.11 75.57 61.02 58.24 55.06 53.07 56.94 59.77 57.94 62.46 59.36 58.90 55.95 69.08 70.37 66.75 61.74 59.67 58.26 52.86 -9999 -9999 -9999 -9999 -9999 -9999 -9999
-9999 -9999 -9999 -9999 -9999 -9999 -9999 -9999 -9999 -9999 -9999 -9999 -9999 -9999 -9999 -9999 -9999 -9999 -9999 -9999 -9999 -9999 -9999 -9999 -9999 -9999 -9999 -9999 -9999 -9999 -9999 -9999 132.33 142.49 175.45 204.33 182.33 264.21 274.21 197.93 220.40 266.01 227.54 207.14 172.71 173.87 192.25 168.78 117.65 91.92 79.72 63.97 63.57 65.48 61.33 56.37 58.44 60.03 61.53 66.61 78.29 66.74 73.60 64.37 60.47 55.42 52.17 48.68 -9999 -9999 -9999 -9999 -9999 -9999 -9999 -9999
-9999 -9999 -9999 -9999 -9999 -9999 -9999 -9999 -9999 -9999 -9999 -9999 -9999 -9999 -9999 -9999 -9999 -9999 -9999 -9999 -9999 -9999 -9999 -9999 -9999 -9999 -9999 -9999 -9999 -9999 -9999 -9999 143.18 176.32 153.35 249.40 278.23 318.74 303.33 263.91 190.32 194.14 165.12 174.45 209.30 188.74 169.83 162.96 117.44 96.30 84.52 66.96 64.76 62.39 59.15 54.59 53.18 57.65 63.11 65.07 80.84 73.58 63.87 57.24 40.19 45.26 52.53 50.44 -9999 -9999 -9999 -9999 -9999 -9999 -9999 -9999
-9999 -9999 -9999 -9999 -9999 -9999 -9999 -9999 -9999 -9999 -9999 -9999 -9999 -9999 -9999 -9999 -9999 -9999 -9999 -9999 -9999 -9999 -9999 -9999 -9999 -9999 -9999 -9999 -9999 -9999 -9999 -9999 151.77 156.30 186.22 226.63 337.80 289.96 269.93 230.81 199.90 192.60 159.38 145.11 140.18 135.68 143.64 113.88 101.15 94.87 83.53 68.15 63.87 59.74 56.70 56.18 46.01 53.02 61.45 61.71 65.63 60.72 58.39 51.81 41.56 45.54 54.33 51.17 -9999 -9999 -9999 -9999 -9999 -9999 -9999 -9999
-9999 -9999 -9999 -9999 -9999 -9999 -9999 -9999 -9999 -9999 -9999 -9999 -9999 -9999 -9999 -9999 -9999 -9999 -9999 -9999 -9999 -9999 -9999 -9999 -9999 -9999 -9999 -9999 -9999 -9999 123.09 152.41 157.60 164.15 216.61 266.48 352.25 284.62 276.83 199.69 207.10 185.33 167.72 166.07 145.80 148.31 135.26 105.76 110.83 87.73 70.46 72.41 66.98 65.15 58.52 49.58 45.08 54.04 56.71 56.26 56.27 57.81 54.14 48.74 45.40 44.96 47.52 49.57 49.74 -9999 -9999 -9999 -9999 -9999 -9999 -9999
-9999 -9999 -9999 -9999 -9999 -9999 -9999 -9999 -9999 -9999 -9999 -9999 -9999 -9999 -9999 -9999 -9999 -9999 -9999 -9999 -9999 -9999 -9999 -9999 -9999 -9999 -9999 -9999 -9999 -9999 162.99 168.41 156.08 171.25 189.13 226.84 239.98 240.59 211.44 194.74 230.98 211.90 178.69 167.26 179.32 137.19 134.89 104.31 117.92 101.51 90.58 73.90 79.85 73.02 52.83 51.26 49.67 49.71 48.36 46.07 45.39 52.39 56.41 48.63 45.02 44.03 45.25 48.60 51.10 -9999 -9999 -9999 -9999 -9999 -9999 -9999
-9999 -9999 -9999 -9999 -9999 -9999 -9999 -9999 -9999 -9999 -9999 -9999 -9999 -9999 -9999 -9999 -9999 -9999 -9999 -9999 -9999 -9999 -9999 -9999 -9999 -9999 -9999 -9999 -9999 -9999 158.18 157.40 159.25 184.12 186.99 200.85 203.96 228.78 209.83 200.70 201.56 200.52 150.89 217.93 181.89 157.83 128.00 130.22 100.52 89.96 87.14 81.28 74.85 65.72 49.07 54.73 54.29 49.71 46.50 43.58 45.67 56.12 59.31 55.50 41.54 49.07 45.48 48.78 50.51 49.64 -9999 -9999 -9999 -9999 -9999 -9999
-9999 -9999 -9999 -9999 -9999 -9999 -9999 -9999 -9999 -9999 -9999 -9999 -9999 -9999 -9999 -9999 -9999 -9999 -9999 -9999 -9999 -9999 -9999 -9999 -9999 -9999 -9999 -9999 -9999 -9999 151.02 157.22 154.56 172.08 183.35 177.89 173.40 198.03 220.09 183.56 211.32 204.79 235.37 244.83 237.44 193.97 149.19 128.49 124.53 95.38 68.20 75.01 74.16 60.93 55.00 53.15 51.68 49.56 47.91 46.40 48.82 56.41 61.34 65.63 58.85 53.40 47.10 50.80 58.09 56.76 46.37 -9999 -9999 -9999 -9999 -9999
-9999 -9999 -9999 -9999 -9999 -9999 -9999 -9999 -9999 -9999 -9999 -9999 -9999 -9999 -9999 -9999 -9999 -9999 -9999 -9999 -9999 -9999 -9999 -9999 -9999 -9999 -9999 -9999 -9999 -9999 156.72 152.45 144.30 153.21 176.87 175.60 198.23 183.80 199.87 191.14 251.14 259.14 263.99 231.14 210.82 155.19 140.92 114.78 112.45 90.92 76.00 71.54 67.24 61.36 57.21 55.56 53.53 49.61 51.98 49.87 48.24 50.07 61.96 66.49 57.62 48.98 48.63 53.05 51.62 46.63 45.93 -9999 -9999 -9999 -9999 -9999
