Rainfall_2007-2011/Rainfall_2011-08_ACTUAL.txt
ncols         180
nrows         290
xllcorner     -200000
yllcorner     -200000
cellsize      5000
NODATA_value  -9999
[rows 204 to 237 of 290, columns 76 to 151 of 180]
73.63 78.93 83.48 93.46 120.42 133.79 103.74 92.45 91.26 92.13 92.26 87.56 102.94 116.39 118.36 94.24 78.99 61.05 68.83 87.15 80.40 45.23 50.92 40.29 40.74 44.99 41.52 67.22 72.58 61.77 40.11 38.59 37.80 31.63 32.48 34.31 35.90 33.94 44.70 52.17 46.52 37.08 50.86 49.43 60.45 57.06 60.58 56.06 46.69 47.31 53.38 63.47 56.44 53.45 54.58 52.81 54.22 54.46 54.94 59.88 66.94 62.92 69.13 67.94 54.55 64.71 66.45 65.40 66.92 69.25 73.17 73.31 74.71 75.67 82.14 71.59
63.74 69.80 85.16 95.91 94.07 122.40 80.42 87.47 75.00 73.80 72.54 79.81 97.65 92.75 79.71 69.36 68.88 80.04 83.44 105.15 126.92 95.98 80.89 71.04 74.02 75.10 46.67 45.58 85.21 60.29 34.03 40.72 43.79 37.36 33.58 30.71 44.19 53.88 61.60 46.55 41.24 49.83 50.22 56.78 68.56 66.99 55.63 44.68 46.70 49.76 56.91 69.64 62.97 55.01 45.47 47.51 50.09 52.56 59.07 58.29 61.69 62.49 60.77 63.08 62.97 57.94 68.50 77.07 70.43 68.03 64.28 80.89 77.71 82.36 84.56 83.45
-9999 82.33 86.53 89.18 95.24 101.93 96.82 79.06 66.96 67.57 61.45 76.44 79.70 86.86 77.90 81.77 70.11 82.51 89.62 105.34 114.36 120.57 101.77 98.75 99.86 70.65 72.43 61.56 39.51 47.59 52.73 27.79 30.36 30.44 40.80 43.06 55.25 51.68 58.05 45.81 41.35 45.76 52.11 75.47 65.63 63.86 50.26 43.18 50.11 55.12 69.04 80.60 83.15 73.85 52.98 50.51 55.75 56.69 55.08 54.90 60.07 60.25 65.70 75.86 78.72 75.89 67.16 75.43 79.96 78.80 70.30 71.05 72.05 91.49 84.84 77.52
81.97 85.42 90.01 87.90 79.88 80.60 86.18 76.17 52.26 58.76 63.97 71.03 82.77 96.81 73.55 72.04 56.81 71.78 86.79 98.86 87.33 95.76 87.10 90.94 80.32 84.20 81.72 67.41 55.29 67.63 50.99 38.81 36.73 40.25 38.33 49.40 53.47 54.63 47.83 52.08 49.95 56.73 55.48 54.34 57.32 47.75 48.05 40.39 52.04 55.57 57.40 70.65 74.47 67.89 61.43 59.23 60.36 62.95 62.12 54.58 54.05 61.61 66.00 86.09 68.46 76.74 73.23 70.65 74.85 73.25 66.75 67.74 84.77 115.27 84.45 76.24
85.67 83.02 65.78 96.04 77.18 80.60 70.37 61.04 39.73 46.86 56.36 63.71 67.89 68.95 70.88 60.84 70.46 77.27 95.12 115.72 98.44 73.28 54.48 63.71 65.31 66.05 82.24 65.26 75.51 59.49 43.82 45.06 36.23 37.47 47.38 51.07 54.11 57.91 58.33 66.20 50.34 52.96 60.12 56.90 51.89 56.35 49.66 50.58 55.44 53.31 53.93 64.61 68.64 75.17 66.56 63.29 55.56 58.76 60.04 63.03 67.22 70.15 74.00 81.66 77.39 77.89 75.65 70.78 65.94 75.43 78.62 69.81 82.14 98.90 77.15 79.69
-9999 80.10 91.61 116.22 83.74 84.40 69.65 -9999 -9999 -9999 -9999 55.03 60.11 55.60 51.27 51.67 61.10 63.62 81.92 90.39 80.64 116.95 115.62 90.12 77.78 80.76 95.09 86.05 75.22 49.79 46.12 41.02 41.02 49.07 47.94 51.77 54.76 61.69 66.03 68.52 70.11 56.79 66.89 56.49 47.25 55.32 44.46 43.58 50.49 55.08 70.72 72.34 64.86 67.00 59.60 60.24 61.25 61.91 64.31 69.26 73.81 83.65 85.05 87.48 83.12 70.60 74.63 71.17 92.28 83.02 82.38 75.62 82.40 89.14 73.47 66.87
-9999 81.53 90.21 92.24 76.14 77.76 47.56 -9999 -9999 -9999 -9999 -9999 -9999 -9999 48.88 45.69 51.04 59.65 72.65 93.66 135.81 133.03 126.78 111.81 105.22 93.85 95.86 78.68 78.52 72.26 48.03 46.36 69.80 69.86 66.60 52.54 59.01 67.71 71.17 74.67 72.31 60.24 60.43 52.97 62.05 55.84 45.94 49.14 50.95 59.15 83.52 71.20 60.75 61.18 58.88 61.75 65.40 69.39 67.00 74.04 78.27 91.23 102.34 90.01 81.50 84.55 71.54 72.55 79.01 78.15 75.90 71.48 87.86 80.50 64.35 65.79
-9999 -9999 -9999 78.52 -9999 -9999 -9999 -9999 -9999 -9999 -9999 -9999 45.95 50.39 51.19 54.13 56.48 58.67 67.73 93.22 124.54 144.18 145.16 117.92 98.72 91.44 99.70 79.38 72.48 59.33 57.70 50.99 65.97 68.83 62.35 60.54 73.42 86.32 72.25 82.32 73.53 57.99 59.40 59.52 60.21 58.01 54.71 64.10 63.58 65.00 60.10 62.90 65.01 58.48 63.15 62.62 61.37 73.37 84.11 79.43 96.40 106.52 110.77 93.36 105.17 89.06 79.00 79.08 76.23 78.93 73.90 72.66 52.89 73.96 80.64 63.63
-9999 -9999 -9999 -9999 -9999 -9999 -9999 -9999 -9999 -9999 -9999 -9999 42.36 47.20 43.98 47.73 57.59 -9999 -9999 75.20 116.96 121.79 123.13 100.25 91.59 100.41 93.65 70.23 61.79 52.68 53.45 59.65 56.99 55.88 54.64 65.02 77.53 86.80 79.24 78.52 69.31 67.50 70.07 63.23 67.91 59.83 53.83 57.58 62.57 61.50 56.35 83.31 94.64 77.32 64.50 65.44 68.61 78.38 62.73 98.06 88.06 88.60 101.44 87.96 79.84 81.91 77.93 71.37 69.35 77.78 79.08 77.46 67.05 66.78 63.95 61.61
-9999 -9999 -9999 -9999 -9999 -9999 -9999 -9999 -9999 -9999 -9999 -9999 -9999 -9999 -9999 -9999 -9999 -9999 -9999 63.04 75.01 100.24 94.62 86.16 83.20 104.73 68.30 62.16 62.79 58.05 54.13 55.96 57.54 -9999 61.74 66.07 76.21 80.26 80.35 84.24 75.82 86.52 76.29 75.32 68.54 64.77 51.98 54.12 70.34 60.50 55.14 78.10 93.41 80.60 79.33 77.65 70.36 87.31 98.66 102.73 105.90 94.60 86.42 83.31 87.52 66.91 81.58 75.40 72.07 77.84 69.32 70.48 59.76 60.74 55.11 63.24
-9999 -9999 -9999 -9999 -9999 -9999 -9999 -9999 -9999 -9999 -9999 -9999 -9999 -9999 -9999 -9999 -9999 -9999 -9999 -9999 73.73 89.81 85.87 94.04 89.24 74.82 69.32 65.66 60.10 -9999 -9999 -9999 -9999 69.56 62.40 79.46 80.40 88.85 90.24 100.22 93.12 88.88 76.51 76.05 84.47 62.16 67.95 69.62 79.76 70.21 67.44 80.24 95.99 95.82 88.17 84.55 75.40 107.37 140.89 120.28 113.55 84.61 79.35 61.72 77.14 69.35 82.30 82.75 66.77 93.77 69.26 65.53 61.55 63.09 58.37 50.93
-9999 -9999 -9999 -9999 -9999 -9999 -9999 -9999 -9999 -9999 -9999 -9999 -9999 -9999 -9999 -9999 -9999 -9999 -9999 -9999 -9999 83.33 93.93 91.80 81.47 72.28 60.82 54.44 -9999 -9999 -9999 -9999 66.73 87.92 84.08 83.94 74.60 91.55 106.79 105.26 99.57 81.30 82.42 85.05 82.35 85.43 93.00 81.33 78.60 72.77 78.85 80.34 92.73 97.83 99.78 81.13 85.49 106.55 129.85 119.00 102.83 77.56 83.53 73.91 92.38 89.08 76.94 71.95 65.32 58.26 48.63 49.34 57.69 55.55 49.31 45.20
-9999 -9999 -9999 -9999 -9999 -9999 -9999 -9999 -9999 -9999 -9999 -9999 -9999 -9999 -9999 -9999 -9999 -9999 -9999 -9999 -9999 -9999 77.29 69.19 74.96 66.31 52.94 48.62 -9999 -9999 -9999 68.29 73.18 76.50 78.67 80.25 102.79 97.44 84.88 81.96 92.96 79.37 79.14 94.65 97.49 95.45 83.34 90.51 84.69 77.70 70.16 78.89 100.72 114.06 99.28 93.63 98.48 116.18 108.45 113.17 107.91 99.60 92.22 83.09 85.31 78.44 70.55 71.15 59.90 51.90 47.86 51.15 49.60 53.15 45.31 44.39
-9999 -9999 -9999 -9999 -9999 -9999 -9999 -9999 -9999 -9999 -9999 -9999 -9999 -9999 -9999 -9999 -9999 -9999 -9999 -9999 -9999 -9999 -9999 -9999 -9999 -9999 -9999 -9999 -9999 -9999 84.17 74.64 79.85 73.98 78.51 66.05 95.47 88.27 81.11 84.36 83.15 67.00 67.37 78.53 81.86 88.08 84.15 94.74 98.46 95.04 80.55 112.60 100.34 111.78 92.69 102.28 98.68 126.43 111.87 98.54 101.44 99.85 81.25 70.14 82.15 80.60 68.10 56.73 50.74 49.83 47.07 53.01 54.34 52.78 41.21 52.19
-9999 -9999 -9999 -9999 -9999 -9999 -9999 -9999 -9999 -9999 -9999 -9999 -9999 -9999 -9999 -9999 -9999 -9999 -9999 -9999 -9999 -9999 -9999 -9999 -9999 -9999 -9999 -9999 -9999 -9999 65.75 83.64 86.12 113.81 98.37 77.47 84.57 84.66 74.53 78.86 70.57 69.01 72.08 84.96 80.32 91.28 80.78 99.33 103.05 117.27 110.28 124.10 131.40 120.34 112.52 112.30 102.62 98.26 87.17 87.85 85.55 85.73 78.33 75.66 89.68 88.99 55.30 45.58 50.90 52.97 59.57 56.87 52.43 52.04 46.90 51.47
-9999 -9999 -9999 -9999 -9999 -9999 -9999 -9999 -9999 -9999 -9999 -9999 -9999 -9999 -9999 -9999 -9999 -9999 -9999 -9999 -9999 -9999 -9999 -9999 -9999 -9999 -9999 -9999 -9999 -9999 68.40 73.24 82.11 101.37 102.01 96.43 87.34 82.08 89.55 75.10 69.88 64.81 76.24 75.91 81.49 93.70 98.68 91.74 90.97 102.53 115.19 130.26 122.46 128.82 133.24 125.31 106.89 98.39 91.88 84.51 77.80 80.46 76.78 69.18 69.12 75.86 60.36 37.13 50.24 62.37 53.17 50.84 52.53 67.08 58.91 47.43
-9999 -9999 -9999 -9999 -9999 -9999 -9999 -9999 -9999 -9999 -9999 -9999 -9999 67.28 80.98 63.73 91.42 79.58 127.69 118.03 95.60 61.01 84.43 58.10 -9999 -9999 -9999 -9999 -9999 -9999 68.62 79.67 83.06 98.09 103.46 145.13 96.19 96.42 85.68 73.18 71.38 75.96 78.77 67.73 83.52 95.24 95.15 90.36 102.91 98.09 94.22 107.33 128.64 128.20 134.94 120.00 128.22 117.10 95.88 87.23 75.64 68.04 77.45 75.29 74.08 73.16 57.57 49.84 46.96 49.43 50.33 58.09 50.42 51.17 48.57 47.16
-9999 -9999 -9999 -9999 -9999 -9999 -9999 -9999 -9999 -9999 -9999 -9999 -9999 86.98 89.54 100.08 75.44 145.81 173.36 153.76 123.41 95.04 90.70 67.27 46.54 48.46 72.83 72.89 56.21 61.50 63.13 68.48 85.83 86.70 94.27 110.19 102.21 102.01 93.50 77.21 91.53 92.01 76.34 80.95 98.62 88.87 95.40 98.99 100.89 106.98 100.27 94.21 115.66 111.36 119.71 122.73 114.66 107.12 108.79 79.30 77.79 69.13 86.38 75.70 64.43 85.54 67.01 59.67 58.12 51.79 49.67 52.41 53.00 53.77 50.06 46.64
-9999 -9999 -9999 -9999 -9999 -9999 -9999 -9999 -9999 -9999 -9999 -9999 61.17 94.63 88.11 101.46 125.79 151.60 184.23 155.67 133.18 137.28 107.84 90.81 52.71 57.96 62.22 83.90 60.41 51.87 59.79 73.96 72.66 102.22 81.23 95.55 108.68 96.69 88.07 119.88 99.88 107.90 97.95 95.13 96.44 121.59 100.50 105.49 110.63 113.29 119.64 114.12 119.44 116.85 109.60 113.00 117.68 114.93 99.50 76.14 65.44 76.49 72.76 68.49 65.16 67.12 66.87 66.44 59.18 60.50 55.28 65.23 64.99 52.48 55.74 59.80
-9999 -9999 -9999 -9999 -9999 -9999 -9999 -9999 -9999 -9999 -9999 -9999 -9999 84.92 87.98 88.11 103.93 128.67 137.15 186.19 141.84 120.10 80.42 88.08 87.00 69.86 59.64 64.73 68.04 63.99 63.97 80.87 54.18 76.11 62.64 76.04 80.80 88.85 95.07 107.50 100.41 105.38 110.74 98.74 94.80 111.49 103.67 108.62 108.93 125.58 122.00 114.88 141.24 125.37 93.35 93.80 100.60 105.41 98.23 75.63 78.10 69.05 69.16 69.62 57.67 61.61 55.17 56.82 60.56 70.68 78.28 68.63 56.39 61.97 65.72 71.01
-9999 -9999 -9999 -9999 -9999 -9999 -9999 -9999 -9999 72.79 -9999 -9999 72.27 74.86 78.26 74.99 81.20 98.62 106.47 107.77 114.73 106.78 106.37 86.61 89.08 75.21 62.97 60.38 58.00 65.45 60.97 56.64 64.15 75.52 68.28 71.27 83.97 92.25 84.60 95.94 89.33 93.27 97.99 97.10 111.62 110.69 103.48 95.88 94.91 125.55 138.09 135.81 120.67 118.18 117.87 103.67 110.05 109.03 117.69 102.22 83.38 82.13 64.04 64.95 65.64 62.46 63.37 63.40 69.14 65.25 70.18 64.95 57.03 56.16 68.63 71.05
-9999 -9999 -9999 -9999 -9999 -9999 -9999 -9999 77.34 87.26 87.51 67.86 61.43 72.90 84.07 72.72 71.07 84.55 90.72 111.90 105.36 104.99 83.81 78.88 72.23 67.18 62.91 55.75 47.38 61.07 60.36 57.38 61.26 69.94 69.47 77.49 82.65 79.12 81.65 99.32 97.64 97.81 98.95 107.24 125.65 105.16 107.50 95.41 101.81 128.17 133.94 132.34 122.13 123.66 113.36 108.06 95.49 83.83 72.62 86.89 77.02 66.39 68.88 62.29 66.83 64.61 60.79 64.28 62.86 63.09 69.72 58.81 55.65 61.44 62.67 69.80
-9999 -9999 -9999 -9999 -9999 -9999 -9999 -9999 84.02 98.99 88.85 75.85 70.28 66.78 71.89 75.07 82.43 88.72 106.70 109.10 92.06 96.88 83.08 77.78 82.34 70.89 70.88 70.86 58.74 63.41 52.37 56.52 63.46 69.65 77.89 74.00 74.00 72.93 84.58 85.68 80.48 93.01 102.19 108.88 105.74 100.50 112.80 116.44 147.51 139.74 113.09 90.19 100.86 102.86 103.30 95.78 87.09 87.68 93.56 86.45 97.01 80.77 82.20 81.26 65.02 57.06 64.91 63.09 66.96 71.27 84.89 61.03 58.38 58.24 70.00 74.94
-9999 -9999 -9999 -9999 -9999 -9999 -9999 -9999 81.97 93.05 115.14 90.29 82.01 87.89 77.18 79.43 79.10 69.11 64.07 88.26 88.32 86.80 74.55 65.56 70.42 65.09 65.83 69.29 67.02 84.52 62.04 59.93 67.23 61.65 73.82 56.28 72.73 73.99 84.01 81.34 78.78 95.17 89.50 112.37 109.20 109.29 125.86 129.11 129.90 136.03 121.86 80.16 82.78 89.03 96.89 87.99 68.17 81.69 85.98 95.23 91.83 91.32 92.12 102.24 63.40 80.84 75.31 62.63 61.51 89.28 85.93 72.66 56.16 58.62 69.93 78.15
-9999 -9999 -9999 -9999 -9999 -9999 -9999 -9999 72.04 89.24 88.04 84.30 80.44 85.32 78.01 76.41 81.86 72.07 58.84 71.75 76.78 67.83 71.56 76.12 71.82 74.07 79.55 81.18 83.64 90.78 72.75 64.23 75.15 73.50 79.15 74.56 71.48 78.36 82.33 85.76 99.04 94.76 105.92 108.49 108.11 100.59 114.20 124.66 121.43 116.97 112.80 88.84 100.96 75.44 80.02 74.64 82.61 70.88 69.50 70.40 72.94 74.94 71.18 58.60 60.05 67.42 66.18 57.22 60.44 67.51 66.01 74.07 62.24 62.31 81.31 85.42
-9999 -9999 -9999 -9999 -9999 -9999 -9999 -9999 56.90 70.71 82.45 88.63 90.17 88.21 79.17 68.51 70.04 68.25 71.12 64.20 63.40 78.08 76.06 69.58 73.97 78.62 81.22 93.13 95.57 68.33 68.31 90.44 86.97 88.79 99.58 88.76 95.23 102.97 106.87 107.69 108.29 101.94 101.32 111.25 111.35 99.95 107.29 145.38 119.71 97.98 93.33 75.84 78.68 71.25 63.22 53.90 67.65 71.55 65.27 64.84 72.62 71.77 59.31 59.91 59.24 59.02 60.40 58.60 -9999 -9999 56.26 56.37 49.03 69.30 87.32 108.31
-9999 -9999 -9999 -9999 -9999 -9999 -9999 68.32 64.06 64.50 72.58 91.26 103.47 98.78 83.93 72.54 62.15 70.41 60.92 67.26 65.75 71.98 73.95 73.85 74.29 83.15 93.38 95.76 82.73 66.07 70.16 85.25 75.81 96.47 91.44 95.25 111.23 114.61 124.69 107.11 107.35 116.28 129.29 124.42 121.89 117.57 139.01 134.19 106.68 91.94 77.18 77.86 68.27 54.98 -9999 -9999 67.35 71.49 60.84 64.93 62.50 66.91 47.39 -9999 -9999 -9999 -9999 -9999 -9999 -9999 -9999 -9999 -9999 74.86 91.11 98.79
-9999 -9999 -9999 -9999 -9999 -9999 81.88 85.95 75.71 74.20 73.09 88.01 83.59 102.41 81.25 80.93 79.05 63.72 64.29 68.28 71.04 88.59 86.84 73.89 82.47 79.30 102.26 111.61 91.95 95.10 98.19 71.71 79.56 101.99 102.78 109.41 115.21 113.85 123.17 109.58 123.38 135.35 121.24 113.11 120.85 125.83 120.09 107.32 78.86 86.92 79.97 -9999 62.07 61.09 59.26 58.37 58.59 -9999 -9999 -9999 -9999 48.73 -9999 -9999 -9999 -9999 -9999 -9999 -9999 -9999 -9999 -9999 -9999 -9999 -9999 -9999
-9999 -9999 -9999 -9999 -9999 87.57 96.22 88.40 78.81 66.25 62.39 78.31 74.46 84.57 100.32 114.97 99.23 72.11 63.35 71.21 75.73 84.33 64.84 69.54 85.63 81.10 83.53 80.22 72.26 -9999 -9999 -9999 -9999 -9999 83.56 108.26 128.64 117.24 116.68 114.68 113.52 140.60 120.48 117.53 113.05 -9999 -9999 -9999 -9999 -9999 56.89 63.06 60.42 72.35 67.01 63.05 58.28 -9999 -9999 -9999 -9999 -9999 -9999 -9999 -9999 -9999 -9999 -9999 -9999 -9999 -9999 -9999 -9999 -9999 -9999 -9999
-9999 -9999 -9999 -9999 62.42 89.92 93.48 89.73 78.15 75.00 66.42 62.75 80.22 96.56 120.45 125.51 121.66 90.75 78.51 70.29 70.09 70.73 71.70 64.34 68.80 73.46 -9999 -9999 -9999 -9999 -9999 -9999 -9999 -9999 -9999 81.45 104.39 92.81 109.41 129.85 158.55 145.92 175.72 156.09 114.81 -9999 -9999 -9999 -9999 -9999 -9999 -9999 55.06 70.95 66.70 77.56 -9999 -9999 -9999 -9999 -9999 -9999 -9999 -9999 -9999 -9999 -9999 -9999 -9999 -9999 -9999 -9999 -9999 -9999 -9999 -9999
-9999 42.83 50.09 61.01 69.71 81.56 85.01 93.93 95.47 79.84 67.17 76.18 90.97 104.73 112.37 137.67 128.31 85.91 79.78 102.19 62.26 75.77 88.32 63.08 -9999 -9999 -9999 -9999 -9999 -9999 -9999 -9999 -9999 -9999 -9999 -9999 -9999 81.18 -9999 -9999 -9999 -9999 127.89 129.56 119.34 -9999 -9999 -9999 -9999 -9999 -9999 -9999 -9999 64.72 77.75 50.08 -9999 -9999 -9999 -9999 -9999 -9999 -9999 -9999 -9999 -9999 -9999 -9999 -9999 -9999 -9999 -9999 -9999 -9999 -9999 -9999
-9999 44.53 47.09 52.97 59.69 70.98 86.40 93.17 97.69 78.53 73.18 81.99 102.35 93.11 105.34 138.24 117.97 92.37 71.91 77.27 63.35 63.69 66.32 -9999 -9999 -9999 -9999 -9999 -9999 -9999 -9999 -9999 -9999 -9999 -9999 -9999 -9999 121.38 -9999 -9999 -9999 -9999 -9999 -9999 -9999 -9999 -9999 -9999 -9999 -9999 -9999 -9999 -9999 -9999 -9999 -9999 -9999 -9999 -9999 -9999 -9999 -9999 -9999 -9999 -9999 -9999 -9999 -9999 -9999 -9999 -9999 -9999 -9999 -9999 -9999 -9999
-9999 43.56 54.05 58.71 57.11 55.19 83.20 86.88 90.09 76.41 84.53 104.15 89.69 88.23 104.08 136.71 149.45 150.96 98.15 88.22 77.45 74.20 74.59 -9999 -9999 -9999 -9999 -9999 -9999 -9999 -9999 -9999 -9999 -9999 -9999 -9999 -9999 -9999 -9999 -9999 -9999 -9999 -9999 -9999 -9999 -9999 -9999 -9999 -9999 -9999 -9999 -9999 -9999 -9999 -9999 -9999 -9999 -9999 -9999 -9999 -9999 -9999 -9999 -9999 -9999 -9999 -9999 -9999 -9999 -9999 -9999 -9999 -9999 -9999 -9999 -9999
40.32 42.69 55.62 69.51 67.73 70.34 82.62 85.01 106.97 98.59 89.33 94.54 102.69 107.38 117.71 149.87 159.58 160.68 120.97 97.55 79.48 85.72 55.00 -9999 -9999 -9999 -9999 -9999 -9999 -9999 -9999 -9999 -9999 -9999 -9999 -9999 -9999 -9999 -9999 -9999 -9999 -9999 -9999 -9999 -9999 -9999 -9999 -9999 -9999 -9999 -9999 -9999 -9999 -9999 -9999 -9999 -9999 -9999 -9999 -9999 -9999 -9999 -9999 -9999 -9999 -9999 -9999 -9999 -9999 -9999 -9999 -9999 -9999 -9999 -9999 -9999
