Rainfall_2007-2011/Rainfall_2008-09_ACTUAL.txt
ncols         180
nrows         290
xllcorner     -200000
yllcorner     -200000
cellsize      5000
NODATA_value  -9999
[rows 170 to 203 of 290, columns 75 to 149 of 180]
-9999 -9999 -9999 -9999 -9999 -9999 -9999 -9999 -9999 -9999 -9999 -9999 -9999 -9999 -9999 -9999 -9999 -9999 -9999 -9999 -9999 -9999 -9999 -9999 -9999 -9999 -9999 -9999 -9999 -9999 -9999 113.22 132.81 134.01 132.54 130.10 124.85 118.20 112.73 115.20 115.31 112.43 110.95 116.61 129.61 139.94 202.47 233.28 224.44 162.09 136.28 105.32 95.54 90.25 96.57 107.29 83.81 70.85 71.49 81.28 85.40 77.58 87.65 87.52 82.02 80.31 87.13 85.19 82.43 82.90 66.46 57.95 59.33 60.19 -9999
-9999 -9999 -9999 -9999 -9999 -9999 -9999 -9999 -9999 -9999 -9999 85.19 81.49 84.77 96.02 -9999 -9999 -9999 -9999 -9999 -9999 -9999 -9999 -9999 -9999 -9999 -9999 -9999 -9999 -9999 103.52 104.32 124.63 138.27 133.22 126.61 122.01 113.86 106.10 109.00 127.81 113.25 110.02 113.91 133.25 170.97 193.76 206.80 175.58 168.41 148.10 92.04 102.62 91.63 116.69 102.49 89.53 89.34 80.40 76.94 83.55 79.95 81.12 82.64 81.14 77.11 79.43 91.80 76.86 71.87 70.73 58.42 57.38 60.49 60.48
-9999 -9999 -9999 -9999 -9999 -9999 -9999 -9999 -9999 -9999 -9999 93.91 90.30 90.84 90.03 -9999 -9999 -9999 -9999 -9999 -9999 -9999 -9999 -9999 -9999 -9999 -9999 -9999 -9999 120.78 123.66 114.05 131.97 155.59 138.24 124.39 114.47 111.36 101.89 97.29 111.74 107.10 103.45 118.25 128.81 152.56 194.80 219.61 158.93 148.60 125.95 104.07 88.88 84.73 108.19 98.20 90.46 84.61 81.11 77.71 85.76 91.52 76.44 73.31 76.12 72.52 74.55 71.07 83.76 71.15 64.27 49.31 58.82 57.68 56.88
-9999 -9999 -9999 -9999 -9999 -9999 -9999 -9999 -9999 84.41 104.63 101.91 97.72 107.69 110.41 105.93 100.62 114.23 -9999 -9999 114.38 107.24 -9999 -9999 -9999 107.26 136.23 130.08 -9999 111.83 139.26 134.67 121.89 122.06 124.45 125.51 120.25 118.82 110.64 106.68 100.00 108.64 94.29 98.64 153.12 135.23 165.60 191.38 127.75 126.93 133.56 92.97 111.25 95.81 97.92 89.44 93.74 91.06 89.24 94.44 88.59 83.10 80.56 69.83 81.69 76.69 71.62 68.22 76.04 70.83 66.04 66.91 56.27 59.26 45.08
-9999 -9999 -9999 -9999 -9999 -9999 -9999 -9999 -9999 -9999 117.10 124.52 122.96 123.33 123.94 129.38 137.04 119.52 -9999 98.86 145.67 131.06 110.00 114.51 104.95 88.21 121.58 125.43 108.33 -9999 116.27 131.30 119.68 112.33 113.71 110.19 103.64 102.15 106.56 110.96 107.54 107.41 107.86 104.54 135.08 166.08 142.52 161.37 106.63 151.82 117.81 104.76 98.56 94.52 118.68 105.65 88.91 89.59 91.58 86.79 89.84 93.78 88.80 73.69 87.19 77.04 69.60 69.27 66.83 63.80 64.39 64.74 59.05 58.18 58.02
-9999 -9999 -9999 -9999 -9999 -9999 -9999 -9999 -9999 -9999 -9999 123.69 137.07 133.73 124.40 129.04 128.02 144.91 152.64 214.41 169.86 174.62 152.00 146.55 123.94 103.54 85.88 109.37 115.63 113.00 114.15 112.90 120.55 110.23 105.66 111.17 105.34 100.38 108.61 117.84 101.36 101.17 115.59 113.85 142.03 168.91 194.08 149.50 114.20 114.95 120.77 109.20 105.72 98.99 114.87 101.59 90.94 91.85 87.37 90.26 79.84 78.27 80.55 79.70 82.24 77.21 70.27 65.27 60.67 54.29 60.79 60.81 61.93 65.59 60.89
-9999 -9999 -9999 -9999 -9999 -9999 -9999 -9999 -9999 -9999 -9999 -9999 128.27 108.21 109.38 135.45 174.30 195.93 254.71 219.69 164.80 166.18 136.62 149.22 126.46 96.22 82.11 124.11 101.52 139.31 127.39 114.40 112.28 121.43 99.56 104.38 119.24 97.35 98.36 95.41 93.80 93.12 103.85 123.97 140.62 125.71 130.23 128.46 127.00 104.87 119.00 136.08 127.35 109.59 110.67 103.80 98.53 96.55 86.89 87.98 77.83 72.33 78.93 73.90 84.05 77.66 66.77 61.81 63.23 60.39 62.15 67.90 56.18 56.66 59.60
-9999 -9999 -9999 -9999 -9999 -9999 -9999 -9999 -9999 -9999 -9999 -9999 -9999 105.30 105.72 179.16 237.68 231.48 282.05 232.10 201.70 189.20 149.01 171.67 110.92 121.63 100.52 77.76 139.65 117.23 107.47 128.36 112.44 114.69 98.42 88.71 85.23 87.93 84.73 81.72 91.16 88.13 94.54 115.50 151.11 153.98 114.34 114.39 139.17 150.13 100.96 120.69 125.12 119.20 122.44 116.05 111.92 101.09 86.15 88.89 78.58 73.17 79.70 75.54 85.82 71.57 60.36 57.60 59.57 65.65 59.71 55.28 52.53 62.94 60.85
-9999 -9999 -9999 -9999 -9999 -9999 -9999 -9999 -9999 -9999 -9999 -9999 -9999 101.35 115.30 218.41 264.43 349.01 320.74 250.73 190.50 177.22 204.91 199.63 187.55 133.67 110.57 69.98 101.83 138.40 126.64 111.55 111.81 104.00 98.09 92.85 90.03 85.72 77.19 88.06 91.77 82.39 95.63 130.18 128.09 137.72 162.13 160.76 155.21 138.91 116.40 119.32 117.14 134.14 124.36 117.54 113.46 104.60 88.03 84.59 77.91 72.88 75.59 69.30 71.26 63.51 56.24 54.32 54.84 59.83 54.59 51.55 45.61 54.29 61.37
-9999 -9999 -9999 -9999 -9999 -9999 -9999 -9999 -9999 -9999 -9999 -9999 -9999 100.27 112.71 186.52 228.85 360.36 302.11 227.80 215.67 172.47 221.45 260.17 184.13 163.64 136.41 103.73 136.21 152.04 130.31 103.94 109.50 99.71 89.04 88.91 83.41 84.10 92.66 89.01 89.64 89.40 104.47 124.54 137.33 160.49 146.84 136.79 145.38 119.71 115.06 131.16 108.53 121.68 121.87 116.26 110.86 100.45 102.15 81.33 77.44 73.91 77.80 66.35 67.30 55.84 46.15 48.15 53.64 53.95 49.27 45.73 43.58 52.48 57.74
-9999 -9999 -9999 -9999 -9999 -9999 -9999 -9999 -9999 -9999 -9999 -9999 98.46 144.32 107.82 172.40 239.01 214.39 251.38 256.68 244.92 237.75 250.32 214.77 157.68 136.29 122.71 127.32 152.59 143.09 125.58 109.75 112.43 90.14 94.65 85.84 80.79 85.49 85.84 86.11 94.19 103.23 108.49 122.35 139.78 117.04 121.38 147.48 122.36 134.35 117.38 128.69 130.22 114.48 125.56 114.72 114.26 109.65 97.81 101.55 89.63 82.50 79.71 64.93 61.13 53.48 47.36 52.27 53.42 52.55 49.39 56.99 57.31 60.87 -9999
-9999 -9999 -9999 -9999 -9999 -9999 -9999 -9999 -9999 -9999 74.30 86.73 103.29 97.01 96.44 122.66 148.30 148.91 184.15 239.68 249.35 240.49 243.76 196.27 179.51 136.63 139.53 132.12 112.71 112.98 112.21 111.97 103.54 86.85 95.95 74.72 85.45 84.24 81.59 91.69 97.17 102.29 106.89 117.18 119.94 124.50 111.27 112.28 126.25 119.49 137.60 135.32 116.73 114.03 107.33 110.66 105.48 96.58 101.47 78.21 89.02 100.94 82.06 63.18 56.26 57.57 49.99 55.00 54.64 51.47 53.76 56.76 53.65 -9999 -9999
-9999 -9999 -9999 -9999 -9999 -9999 -9999 -9999 -9999 83.01 71.94 87.64 92.19 83.12 62.02 81.02 87.05 119.05 161.44 202.68 221.34 274.61 214.10 138.14 147.44 122.66 169.54 174.53 147.71 102.97 112.54 108.87 97.28 87.13 92.35 91.47 70.28 81.85 88.64 96.17 108.14 102.22 108.65 120.55 114.72 111.18 120.03 113.29 109.28 111.66 125.00 121.25 99.01 106.22 115.96 98.66 96.96 89.64 89.60 72.06 78.84 93.29 95.12 61.42 64.86 59.97 49.05 52.34 52.23 51.46 47.66 53.54 51.51 -9999 -9999
-9999 -9999 -9999 -9999 -9999 -9999 -9999 -9999 110.75 99.80 93.48 88.82 -9999 -9999 -9999 -9999 95.32 138.68 192.02 198.31 217.73 219.92 212.05 197.41 199.27 161.94 220.82 197.56 151.31 126.21 116.34 92.43 85.16 86.35 86.19 85.39 72.51 79.77 90.54 91.20 101.40 108.30 99.84 116.02 115.59 108.01 130.46 105.03 110.37 119.44 122.77 100.41 90.54 92.14 93.40 92.56 95.91 88.31 87.32 65.53 76.70 96.72 85.31 69.96 66.42 63.84 57.27 63.10 50.99 48.63 48.25 50.48 50.97 49.58 -9999
-9999 -9999 -9999 -9999 -9999 -9999 -9999 -9999 90.19 118.66 86.05 81.03 -9999 -9999 -9999 -9999 91.47 128.74 210.49 179.88 224.70 244.26 244.93 285.73 289.84 185.78 212.46 142.48 131.27 119.09 107.83 89.89 77.38 73.39 89.37 97.04 90.93 85.15 94.21 100.00 104.43 116.76 111.05 121.79 121.80 122.81 111.48 113.83 124.37 117.81 120.89 101.07 105.78 97.77 75.73 79.44 95.53 87.36 85.80 76.08 87.32 82.59 89.70 71.25 69.18 61.49 59.32 51.99 46.70 46.16 47.44 48.59 47.65 46.44 47.93
-9999 -9999 -9999 -9999 -9999 -9999 -9999 -9999 -9999 -9999 -9999 -9999 -9999 -9999 -9999 -9999 76.59 141.59 183.39 199.25 229.84 230.54 296.43 314.39 241.47 197.48 178.50 145.51 126.36 106.64 90.27 81.50 81.28 75.26 84.04 90.17 88.49 85.05 83.51 99.16 106.61 112.31 116.63 131.34 125.05 118.69 105.66 110.50 107.68 107.97 118.47 124.80 118.42 96.11 81.55 76.45 99.88 84.26 80.10 83.12 78.82 76.89 76.90 54.86 70.58 68.30 62.21 48.12 44.44 39.76 46.11 46.92 51.90 50.16 51.56
-9999 -9999 -9999 -9999 -9999 -9999 -9999 -9999 -9999 -9999 -9999 -9999 -9999 -9999 -9999 -9999 -9999 151.84 143.89 192.94 231.49 276.59 284.26 275.63 239.48 170.79 132.37 123.21 90.41 82.09 77.63 80.21 75.98 69.74 79.47 90.09 83.37 80.88 83.60 97.16 101.85 106.19 113.42 120.53 125.59 127.07 102.52 103.28 114.05 113.53 113.96 120.04 114.17 94.13 98.73 106.04 87.89 82.99 69.08 72.10 77.54 69.68 75.68 73.52 69.90 60.37 54.20 52.47 48.49 43.47 44.46 48.29 54.64 50.72 51.72
-9999 -9999 -9999 -9999 -9999 -9999 -9999 -9999 -9999 -9999 -9999 -9999 -9999 -9999 -9999 -9999 -9999 132.41 203.93 304.14 280.56 274.92 241.18 240.26 198.48 165.07 135.75 107.98 114.59 91.61 72.26 88.93 81.06 65.87 76.48 92.82 76.53 69.22 87.87 105.86 116.20 115.21 108.35 114.38 119.37 123.28 106.17 109.87 116.05 113.38 119.62 121.95 121.26 111.27 133.71 115.10 84.73 78.06 75.89 78.55 83.60 80.08 75.12 76.37 63.20 58.01 53.95 58.12 49.91 48.78 48.64 42.28 43.84 47.63 52.39
-9999 -9999 -9999 -9999 -9999 -9999 -9999 -9999 -9999 -9999 -9999 -9999 -9999 -9999 -9999 -9999 132.26 148.83 199.23 260.28 256.39 258.82 239.11 209.18 184.39 178.15 143.72 112.04 115.92 89.21 128.91 88.39 79.67 75.36 85.09 90.09 93.86 101.59 101.87 109.45 102.99 109.07 111.21 115.59 119.04 116.06 107.64 103.62 111.46 112.21 112.08 96.15 113.96 120.27 150.67 104.14 97.81 82.05 84.38 78.94 84.34 82.47 67.72 67.59 62.45 54.76 47.44 51.20 53.58 54.99 50.29 48.19 47.45 52.63 56.78
-9999 -9999 -9999 -9999 -9999 -9999 -9999 -9999 -9999 -9999 -9999 -9999 -9999 -9999 -9999 -9999 114.10 136.57 215.92 187.60 181.06 205.97 206.53 209.14 197.72 152.59 129.03 114.18 107.59 79.37 90.46 88.58 81.49 87.51 80.20 88.37 113.10 98.10 99.19 96.20 100.14 110.33 112.42 118.00 138.87 112.04 115.37 117.25 112.39 108.72 102.69 105.70 116.75 114.91 120.69 105.47 96.55 84.52 85.82 94.70 81.42 80.21 73.60 65.46 60.83 56.65 50.16 51.95 61.47 72.72 55.71 43.09 48.87 57.64 57.53
-9999 -9999 -9999 -9999 -9999 -9999 -9999 -9999 -9999 -9999 -9999 -9999 -9999 -9999 -9999 -9999 92.31 119.41 138.88 185.65 174.71 197.52 187.28 211.51 176.59 164.27 140.32 112.15 97.64 88.89 95.20 88.77 96.77 109.77 86.94 104.52 105.50 97.25 95.22 89.42 100.42 107.33 111.00 124.10 143.42 129.74 126.10 124.27 131.38 108.03 120.54 114.83 113.53 114.28 93.19 75.22 70.37 84.94 84.85 90.78 82.00 79.86 75.19 66.98 67.37 66.89 61.86 55.06 70.08 77.37 60.40 59.11 53.60 54.91 60.20
-9999 -9999 -9999 -9999 -9999 -9999 -9999 -9999 -9999 -9999 -9999 -9999 -9999 -9999 -9999 -9999 -9999 114.34 159.26 196.76 219.22 244.64 190.13 181.80 148.33 111.16 104.77 101.89 100.07 96.06 83.94 102.60 94.24 117.24 95.45 107.85 93.99 108.52 117.81 99.36 107.17 107.70 105.02 129.85 129.81 117.50 105.72 117.56 114.85 111.20 121.56 118.11 115.26 116.92 101.86 77.47 81.08 84.86 74.09 84.42 80.69 87.24 83.37 75.62 69.95 57.67 49.87 54.50 65.62 68.25 54.98 52.77 52.29 55.68 69.71
-9999 -9999 -9999 -9999 -9999 -9999 -9999 -9999 -9999 -9999 -9999 -9999 -9999 -9999 -9999 -9999 -9999 117.11 159.86 200.66 227.39 286.40 252.32 202.16 145.31 120.41 126.38 140.62 135.59 128.09 101.87 87.28 89.71 106.03 91.94 102.24 119.92 128.52 173.66 127.36 125.61 111.14 99.15 118.56 136.67 106.64 120.53 117.68 110.28 106.05 115.45 110.14 108.43 114.89 110.93 101.48 92.75 86.34 80.62 86.63 96.02 94.36 98.46 70.53 77.90 62.74 51.01 59.57 59.83 59.38 53.13 49.15 50.09 49.87 57.41
-9999 -9999 -9999 -9999 -9999 -9999 -9999 -9999 -9999 -9999 -9999 -9999 -9999 -9999 -9999 -9999 63.25 95.68 140.94 199.21 217.52 223.18 245.92 174.04 168.23 198.39 155.99 149.83 116.07 94.38 92.94 98.65 96.41 96.68 97.65 115.50 131.39 143.41 127.56 109.65 126.43 112.73 128.32 140.61 156.25 152.82 139.09 119.41 130.39 108.61 108.43 99.64 96.87 102.07 116.12 94.19 90.03 84.53 85.86 85.28 88.77 82.97 86.38 74.97 70.67 73.83 62.37 62.55 56.98 57.69 56.93 55.47 44.87 47.26 65.34
-9999 -9999 -9999 -9999 -9999 -9999 -9999 -9999 -9999 -9999 -9999 -9999 -9999 -9999 -9999 -9999 84.67 104.78 130.15 147.35 176.76 241.38 244.26 202.17 153.24 152.61 153.06 148.22 134.03 110.82 120.18 115.43 83.49 104.27 87.04 97.71 124.09 155.24 111.55 115.87 123.29 107.45 122.77 126.53 158.47 161.31 130.79 127.25 119.08 138.70 97.13 103.85 94.43 90.70 76.77 91.01 83.49 84.75 93.62 87.28 89.79 84.00 88.35 71.85 71.96 65.19 63.45 63.35 57.38 64.15 61.23 61.25 51.25 53.23 60.23
-9999 -9999 -9999 -9999 -9999 -9999 -9999 -9999 -9999 -9999 -9999 -9999 -9999 -9999 -9999 -9999 98.80 114.72 112.50 136.96 163.37 221.26 244.24 219.80 153.52 147.45 155.89 135.55 124.26 129.31 104.32 96.16 90.22 89.03 110.43 85.55 119.43 134.57 126.60 139.86 110.31 108.45 109.11 128.20 123.39 131.35 135.09 122.73 108.86 110.44 103.28 95.78 98.28 96.25 88.10 95.97 76.69 70.17 89.86 88.01 89.12 88.55 76.33 76.18 66.96 71.64 68.91 58.49 55.12 50.21 51.31 49.76 48.10 50.89 57.10
-9999 -9999 -9999 -9999 -9999 -9999 -9999 -9999 -9999 -9999 -9999 -9999 -9999 -9999 -9999 101.08 109.96 134.10 146.82 101.35 155.31 194.03 215.32 194.50 156.88 122.32 141.59 144.94 136.04 108.96 89.68 105.68 102.37 95.89 93.94 93.23 126.69 129.49 121.26 116.71 108.70 114.03 101.69 109.02 120.79 118.53 113.42 113.95 104.66 107.76 105.81 98.00 95.46 107.43 124.04 89.34 93.56 85.39 97.96 91.94 94.61 86.85 78.65 75.83 70.47 78.05 77.70 65.51 57.22 49.46 53.39 48.50 44.18 43.20 59.13
-9999 -9999 -9999 -9999 -9999 -9999 -9999 -9999 -9999 -9999 -9999 -9999 -9999 -9999 108.17 105.29 111.43 110.36 111.28 137.60 172.42 206.71 186.36 241.98 163.34 148.67 132.68 111.74 151.31 111.36 114.92 99.51 107.65 100.03 87.80 87.27 125.07 107.53 116.65 106.62 115.95 110.29 102.53 112.88 114.68 115.80 116.90 108.31 106.04 108.97 120.57 98.45 94.80 95.23 99.42 85.18 95.73 92.25 102.12 89.35 82.29 75.13 81.48 72.84 71.24 73.68 72.74 70.99 55.97 48.54 55.13 47.69 46.32 54.42 57.21
-9999 -9999 -9999 -9999 -9999 -9999 -9999 -9999 -9999 -9999 -9999 -9999 125.82 121.08 104.86 91.31 94.47 118.31 107.30 145.31 164.34 213.58 208.37 186.19 157.63 116.01 136.50 111.44 113.99 118.93 103.56 102.15 95.23 94.20 72.15 75.54 121.61 106.74 118.41 120.57 108.14 112.61 109.61 112.43 115.66 113.35 103.77 99.04 98.16 92.57 98.49 87.37 91.76 96.38 99.15 95.12 90.47 86.52 80.58 73.53 75.26 82.19 77.56 76.99 62.82 73.21 72.93 67.65 53.58 53.31 51.05 42.84 39.34 47.32 63.62
-9999 -9999 -9999 -9999 -9999 -9999 -9999 -9999 83.85 63.32 76.72 137.24 146.83 128.04 127.49 130.88 130.28 132.27 157.24 155.55 176.34 190.68 176.08 150.52 134.53 111.71 128.88 116.60 153.96 133.47 107.46 90.26 91.68 91.31 97.45 79.05 120.89 125.79 122.58 117.94 110.28 101.67 105.57 110.45 104.35 115.63 101.67 91.90 90.79 95.14 101.54 94.63 85.25 101.24 90.48 87.78 96.37 88.87 89.00 81.61 87.30 83.35 75.50 66.17 62.76 58.72 66.56 63.17 58.42 64.89 55.43 45.71 41.48 44.89 52.80
-9999 -9999 -9999 -9999 -9999 -9999 -9999 114.01 100.84 103.32 111.23 128.77 151.38 130.35 120.88 87.91 129.91 147.19 155.70 170.46 146.72 176.87 135.74 123.73 164.22 120.99 113.12 152.86 124.30 107.75 87.61 85.77 87.20 98.10 87.26 90.09 100.75 113.58 119.13 119.67 134.11 116.46 111.67 108.76 103.36 110.63 106.76 86.48 85.40 98.66 101.00 89.67 104.95 98.06 84.86 89.47 90.26 87.08 92.88 80.42 81.79 85.85 74.27 64.98 51.70 53.34 61.49 58.19 49.68 46.57 42.42 38.62 41.14 50.00 53.78
-9999 -9999 -9999 -9999 -9999 -9999 111.87 111.95 101.27 105.98 127.27 154.35 152.24 155.23 128.47 120.23 160.43 132.86 135.49 166.41 134.29 149.98 157.90 159.74 161.23 150.01 133.74 123.42 124.16 111.15 146.20 122.83 87.02 79.83 73.18 87.10 110.34 112.55 113.78 123.53 129.94 114.71 110.44 102.18 108.94 119.41 98.58 81.15 94.12 85.00 82.76 79.56 76.87 90.00 86.69 85.60 98.44 104.68 115.58 84.20 73.94 73.35 62.13 65.41 54.84 72.12 62.78 52.67 44.58 43.63 40.21 38.76 32.14 54.34 55.36
-9999 -9999 100.67 120.89 110.51 130.05 128.61 127.98 120.88 127.91 133.15 171.67 167.18 158.47 123.92 180.49 156.35 143.01 137.04 124.56 108.69 134.41 166.36 172.04 171.36 151.81 149.84 132.35 99.09 132.47 146.57 114.76 105.64 86.69 93.57 106.06 108.21 126.92 88.79 104.32 126.35 113.86 109.77 101.73 124.52 99.40 104.22 109.14 82.43 85.40 78.62 90.78 82.20 85.23 89.35 94.47 96.87 101.17 93.26 74.60 73.18 71.04 69.68 66.98 65.35 70.03 54.84 46.84 44.96 43.67 39.49 43.57 37.93 51.23 54.93
-9999 89.92 104.85 117.48 135.66 152.50 192.32 181.03 133.55 142.99 148.09 183.48 176.47 141.40 147.40 144.06 142.13 150.75 131.07 108.88 102.73 137.53 155.76 157.89 174.10 158.16 136.75 148.77 151.59 212.04 173.84 134.90 104.86 109.20 104.19 126.19 106.48 98.14 92.22 93.19 101.29 103.03 110.64 100.06 85.02 99.07 123.46 117.02 107.45 102.08 91.88 109.31 88.11 92.87 90.29 91.56 102.36 95.85 89.20 76.70 76.12 85.56 74.35 73.33 79.39 61.12 57.61 52.75 45.35 44.50 44.60 40.64 34.03 46.25 48.52
