Rainfall_2007-2011/Rainfall_2010-05_ACTUAL.txt
ncols         180
nrows         290
xllcorner     -200000
yllcorner     -200000
cellsize      5000
NODATA_value  -9999
[rows 170 to 203 of 290, columns 77 to 153 of 180]
-9999 -9999 -9999 -9999 -9999 -9999 -9999 -9999 -9999 -9999 -9999 -9999 -9999 -9999 -9999 -9999 -9999 -9999 -9999 -9999 -9999 -9999 -9999 -9999 -9999 -9999 -9999 -9999 -9999 25.62 22.97 21.61 22.92 23.75 22.75 20.93 20.01 20.06 20.07 17.68 17.56 18.81 20.35 18.53 21.70 28.07 26.33 25.43 20.20 18.13 16.41 15.77 14.09 14.39 13.38 13.17 12.47 13.42 11.97 13.43 12.92 13.05 14.06 14.07 12.95 11.78 21.78 24.29 20.84 18.60 17.72 13.64 -9999 -9999 -9999 -9999 -9999
-9999 -9999 -9999 -9999 -9999 -9999 -9999 -9999 -9999 31.44 31.83 32.97 33.96 -9999 -9999 -9999 -9999 -9999 -9999 -9999 -9999 -9999 -9999 -9999 -9999 -9999 -9999 -9999 23.01 28.58 28.49 28.24 24.87 25.32 22.67 21.32 18.95 18.15 16.72 17.28 17.51 18.28 19.52 22.66 17.22 27.13 23.06 24.20 21.37 17.99 18.26 16.87 17.07 13.01 12.93 15.26 13.09 12.34 12.21 11.20 12.51 13.21 14.82 15.98 17.97 23.33 27.76 33.56 27.15 19.33 16.95 14.87 14.88 -9999 -9999 -9999 -9999
-9999 -9999 -9999 -9999 -9999 -9999 -9999 -9999 -9999 39.05 41.27 38.46 33.37 -9999 -9999 -9999 -9999 -9999 -9999 -9999 -9999 -9999 -9999 -9999 -9999 -9999 -9999 28.80 28.97 33.84 31.29 36.25 32.21 27.80 19.97 21.70 18.31 16.38 18.45 17.22 16.59 18.39 17.76 21.60 28.28 30.67 24.40 23.10 25.47 22.94 18.99 17.10 17.35 14.60 14.11 15.46 12.66 12.19 12.73 12.09 11.12 12.62 15.56 17.19 20.92 23.24 30.33 31.45 25.32 18.94 15.23 14.54 15.19 -9999 -9999 -9999 -9999
-9999 -9999 -9999 -9999 -9999 -9999 -9999 45.47 42.05 36.16 42.76 38.99 35.67 26.55 22.98 28.83 -9999 -9999 37.83 34.28 -9999 -9999 -9999 34.08 44.93 51.07 -9999 33.06 34.38 38.12 32.81 32.21 30.39 32.56 31.11 22.76 21.20 16.43 16.65 21.05 14.54 14.63 18.62 20.20 22.68 25.43 22.76 24.89 30.62 20.40 22.20 17.81 17.67 17.99 21.26 21.26 16.34 13.97 13.64 12.46 11.67 13.35 16.52 16.12 16.56 19.46 26.35 28.24 24.80 19.48 17.48 16.82 14.89 15.34 -9999 -9999 -9999
-9999 -9999 -9999 -9999 -9999 -9999 -9999 -9999 43.05 39.88 44.09 41.03 38.53 33.64 32.76 27.37 -9999 41.49 42.83 40.54 34.57 43.91 41.94 39.45 44.57 44.83 38.52 -9999 34.43 39.07 33.48 32.17 30.75 26.87 25.22 21.65 19.79 18.15 20.98 23.31 17.40 17.03 22.45 22.35 18.70 24.56 22.84 27.36 26.62 24.76 20.96 18.32 18.90 18.58 22.88 24.39 20.52 15.41 15.77 13.28 13.84 14.95 15.83 15.83 16.41 18.24 22.09 23.74 22.43 22.00 20.93 18.48 16.36 17.50 -9999 -9999 -9999
-9999 -9999 -9999 -9999 -9999 -9999 -9999 -9999 -9999 42.72 58.47 48.82 38.25 32.83 30.31 32.31 35.71 50.72 45.35 43.86 44.86 47.38 48.18 43.80 36.51 41.41 41.66 38.63 36.82 35.59 34.39 31.64 31.85 28.50 22.79 19.89 18.04 18.57 19.88 20.29 19.85 22.09 24.79 27.65 27.74 24.90 22.41 22.88 28.26 27.74 20.85 19.01 18.42 15.51 22.00 22.92 19.26 18.18 15.29 14.48 15.55 17.48 16.24 16.41 16.86 18.15 19.47 19.55 20.64 21.69 21.28 22.31 18.25 18.64 19.34 -9999 -9999
-9999 -9999 -9999 -9999 -9999 -9999 -9999 -9999 -9999 -9999 56.94 34.15 32.07 34.06 33.05 43.10 59.54 49.45 36.99 41.66 37.89 45.46 44.26 38.57 32.86 45.52 42.14 44.70 38.02 34.34 32.11 26.87 28.33 24.06 11.48 15.63 15.29 19.52 19.69 18.47 18.39 20.57 22.95 27.55 26.06 19.83 20.60 20.45 23.91 29.59 23.17 19.82 17.50 11.00 19.87 22.62 19.55 21.15 18.55 17.09 18.68 17.82 20.83 19.61 17.98 17.13 17.64 18.33 19.14 21.75 19.85 19.09 18.67 19.68 21.14 -9999 -9999
-9999 -9999 -9999 -9999 -9999 -9999 -9999 -9999 -9999 -9999 -9999 36.39 35.71 43.35 44.43 54.14 63.24 57.09 49.00 44.82 41.60 48.51 48.75 47.60 40.05 35.56 45.19 42.18 39.89 35.70 32.41 31.82 27.78 22.99 21.92 21.33 22.31 21.93 19.07 16.80 16.99 19.71 20.65 22.10 20.74 18.31 20.47 18.26 14.04 18.30 16.93 18.12 20.81 19.22 18.24 20.32 19.18 22.15 21.20 20.01 20.26 16.49 21.12 17.78 15.80 16.55 17.53 17.70 17.71 18.06 17.38 18.42 18.27 18.43 19.55 -9999 -9999
-9999 -9999 -9999 -9999 -9999 -9999 -9999 -9999 -9999 -9999 -9999 38.96 38.85 49.44 59.00 74.59 61.65 47.03 42.41 37.39 48.52 49.34 50.15 47.53 44.75 39.49 42.87 44.58 42.18 40.82 40.43 31.86 28.92 24.53 23.54 23.51 30.03 22.54 16.91 15.27 16.03 17.87 15.18 21.63 19.72 19.63 19.82 17.11 14.81 15.47 10.30 17.24 20.86 22.43 20.18 22.18 20.07 19.22 17.19 15.90 17.61 16.32 17.75 14.25 15.00 16.56 17.22 16.78 16.26 15.89 18.67 18.23 18.01 16.76 -9999 -9999 -9999
-9999 -9999 -9999 -9999 -9999 -9999 -9999 -9999 -9999 -9999 -9999 52.03 59.48 66.57 67.52 84.27 66.39 53.12 51.04 46.98 44.17 44.88 43.08 53.26 51.18 42.10 47.18 48.20 43.86 35.65 35.54 32.66 29.40 23.74 23.36 25.72 25.28 22.02 15.75 17.64 18.19 15.79 13.30 18.98 17.69 15.58 16.31 13.61 13.07 15.17 17.00 20.93 21.16 21.35 22.02 23.97 23.02 18.84 18.68 18.56 16.47 16.22 20.66 17.28 16.38 16.02 16.85 15.49 17.05 15.25 19.16 17.63 16.97 -9999 -9999 -9999 -9999
-9999 -9999 -9999 -9999 -9999 -9999 -9999 -9999 -9999 -9999 52.58 90.86 73.86 77.28 82.70 69.28 97.59 91.38 58.43 48.85 55.91 47.99 45.93 39.97 46.29 46.58 50.44 49.61 48.78 37.14 33.08 31.91 33.90 29.88 26.53 27.64 28.36 27.30 29.47 36.33 28.30 19.12 17.27 15.17 16.98 18.23 15.17 15.31 15.00 17.10 21.61 20.33 21.17 22.50 23.21 25.18 24.49 18.18 23.66 20.55 18.45 17.61 20.23 18.65 16.74 17.23 17.60 17.61 18.20 17.98 15.51 14.30 -9999 -9999 -9999 -9999 -9999
-9999 -9999 -9999 -9999 -9999 -9999 -9999 -9999 45.35 45.89 55.28 65.64 69.73 73.61 77.37 55.09 77.78 74.52 61.62 52.64 61.16 53.79 51.84 40.86 47.41 49.71 43.31 40.55 28.42 35.39 34.08 30.33 39.33 40.66 36.36 32.06 34.95 36.59 36.34 40.32 31.84 22.28 19.97 18.00 17.63 17.07 16.77 17.93 20.34 20.19 20.15 19.47 19.59 21.06 22.27 20.84 21.83 22.37 27.35 24.10 18.24 17.81 19.36 19.71 19.07 19.07 18.64 18.68 17.43 15.68 15.70 -9999 -9999 -9999 -9999 -9999 16.91
-9999 -9999 -9999 -9999 -9999 -9999 -9999 46.64 45.77 45.02 47.39 57.06 46.12 62.03 56.96 52.77 58.27 61.99 58.57 60.93 52.29 42.18 44.58 42.57 55.15 58.70 54.90 45.83 41.76 37.76 34.75 34.49 39.14 40.43 34.52 33.90 34.95 38.45 40.30 34.35 27.61 25.01 20.13 20.98 21.62 20.33 18.43 17.99 21.31 18.94 15.35 16.46 16.49 17.91 21.39 21.84 20.82 18.81 20.23 14.69 15.56 18.42 19.63 20.48 21.52 19.62 18.46 18.76 15.78 16.11 15.73 -9999 -9999 -9999 -9999 -9999 16.45
-9999 -9999 -9999 -9999 -9999 -9999 60.06 52.43 47.49 48.69 -9999 -9999 -9999 -9999 58.43 69.49 67.25 55.03 58.07 52.12 46.82 52.75 56.35 56.33 72.70 66.02 54.96 50.43 50.12 38.08 38.35 39.60 37.34 35.57 33.51 32.91 34.27 38.40 36.98 31.23 28.41 27.26 22.49 20.69 21.75 21.03 17.92 16.51 15.44 15.47 12.53 15.30 15.90 16.18 17.02 19.80 19.31 19.57 19.45 15.73 15.99 17.61 19.63 20.30 21.52 21.30 17.36 16.70 15.47 16.48 16.79 18.85 -9999 -9999 -9999 -9999 17.35
-9999 -9999 -9999 -9999 -9999 -9999 58.21 65.18 51.20 50.38 -9999 -9999 -9999 -9999 49.59 64.81 73.16 61.96 58.50 54.61 52.36 56.48 62.28 56.03 68.34 54.07 48.93 51.33 45.50 41.99 36.32 39.75 39.51 37.41 36.12 32.57 33.35 32.53 28.70 31.70 27.40 21.98 21.71 22.02 18.98 19.72 17.95 13.59 12.10 13.26 14.84 15.74 15.30 15.50 14.95 16.95 19.10 20.09 19.79 18.22 17.73 17.13 19.47 16.16 18.21 17.23 15.77 15.97 15.93 17.34 16.69 18.50 18.08 -9999 -9999 16.36 17.37
-9999 -9999 -9999 -9999 -9999 -9999 -9999 -9999 -9999 -9999 -9999 -9999 -9999 -9999 47.17 59.33 59.87 57.01 54.08 49.47 62.65 53.24 53.78 58.70 56.29 60.10 63.87 50.29 44.78 39.38 41.08 40.22 40.12 37.19 36.26 29.94 30.99 29.67 31.31 31.27 23.55 15.22 21.05 20.81 15.91 18.66 19.62 13.49 12.58 14.91 16.34 16.35 17.61 18.59 11.14 14.04 17.38 17.77 17.91 17.17 17.15 15.84 18.35 19.71 18.24 16.25 17.79 14.42 18.95 19.77 16.52 18.09 19.38 14.67 16.80 14.58 16.82
-9999 -9999 -9999 -9999 -9999 -9999 -9999 -9999 -9999 -9999 -9999 -9999 -9999 -9999 -9999 54.27 48.54 60.41 61.12 67.32 62.13 69.99 66.70 51.04 62.94 67.10 59.64 55.55 47.71 44.57 46.16 37.34 38.46 36.55 35.52 31.09 30.05 29.09 31.65 29.21 24.36 20.84 23.07 22.23 19.27 18.99 19.99 16.86 13.93 15.23 17.11 15.93 17.63 29.50 18.61 16.12 14.28 15.31 15.75 12.86 14.69 14.76 17.21 15.55 14.00 15.55 15.61 15.97 17.73 16.28 15.05 17.93 19.51 17.31 17.45 16.88 18.13
-9999 -9999 -9999 -9999 -9999 -9999 -9999 -9999 -9999 -9999 -9999 -9999 -9999 -9999 -9999 52.96 69.29 82.76 67.43 69.38 63.54 63.48 51.66 48.68 48.68 47.42 60.41 69.01 50.40 58.59 50.63 39.62 41.66 35.33 34.99 34.47 30.32 36.89 38.89 32.14 20.89 26.34 24.66 23.61 21.02 15.58 12.96 14.14 13.41 14.41 16.54 17.68 22.42 23.26 20.96 17.94 15.63 17.26 17.89 14.63 16.17 15.82 17.13 14.26 13.59 16.90 16.32 16.78 17.31 16.86 16.41 16.73 18.10 15.72 16.92 18.18 18.32
-9999 -9999 -9999 -9999 -9999 -9999 -9999 -9999 -9999 -9999 -9999 -9999 -9999 -9999 60.44 64.94 63.82 80.79 70.09 68.41 60.27 59.26 55.39 53.94 45.82 47.15 62.29 63.02 72.05 56.84 44.02 41.39 41.59 38.65 37.06 39.74 37.90 43.46 40.19 34.75 29.67 29.59 29.74 32.73 27.45 16.14 13.79 14.15 13.69 15.11 15.94 17.39 18.87 22.48 19.75 17.67 18.39 20.15 20.42 23.72 21.87 20.49 17.97 16.69 17.68 16.33 16.42 17.62 17.29 17.59 17.93 17.93 17.18 15.14 16.92 18.28 19.20
-9999 -9999 -9999 -9999 -9999 -9999 -9999 -9999 -9999 -9999 -9999 -9999 -9999 -9999 62.42 70.33 79.64 67.07 59.24 62.98 58.46 58.07 60.53 48.56 44.96 42.98 54.09 49.19 56.89 58.98 51.54 44.61 41.83 34.06 38.28 38.56 38.19 29.38 40.10 35.78 36.95 34.83 35.45 35.99 33.27 22.65 20.18 18.59 15.75 15.01 16.78 17.89 18.87 20.23 21.48 18.26 19.26 20.93 19.68 22.31 28.73 22.79 18.92 15.41 16.25 16.67 17.35 21.95 17.26 16.81 18.33 18.00 17.46 16.01 15.09 16.56 19.24
-9999 -9999 -9999 -9999 -9999 -9999 -9999 -9999 -9999 -9999 -9999 -9999 -9999 -9999 56.70 76.50 57.28 63.09 59.15 67.01 62.80 64.66 56.39 57.46 54.04 46.80 51.10 56.17 54.74 60.64 59.01 52.21 40.23 40.87 40.83 40.13 41.66 32.86 34.50 35.89 35.54 37.15 34.85 33.95 32.90 23.71 21.87 20.07 17.65 13.58 16.91 18.46 16.99 15.04 15.67 17.85 17.73 18.51 13.86 14.45 19.88 19.91 20.36 21.29 20.28 19.23 21.01 22.62 16.48 15.15 18.11 18.23 17.79 17.54 15.55 15.08 19.43
-9999 -9999 -9999 -9999 -9999 -9999 -9999 -9999 -9999 -9999 -9999 -9999 -9999 -9999 -9999 62.31 66.81 72.07 76.16 75.48 60.39 58.11 50.97 44.73 44.15 48.96 52.30 50.84 46.89 50.56 47.92 50.78 42.15 32.15 29.66 39.19 41.27 34.67 38.26 41.39 37.90 39.60 35.34 31.10 31.40 27.97 21.43 22.81 22.76 19.47 17.60 17.76 15.37 16.82 17.67 17.87 16.60 17.29 14.88 15.85 18.25 19.58 19.66 20.40 17.52 20.49 21.83 19.97 19.16 17.99 19.89 19.81 20.39 19.41 17.64 17.14 18.36
-9999 -9999 -9999 -9999 -9999 -9999 -9999 -9999 -9999 -9999 -9999 -9999 -9999 -9999 -9999 63.70 64.66 77.16 99.00 80.85 64.14 50.73 48.21 40.06 57.11 59.10 60.90 63.44 50.70 40.37 39.95 40.74 35.50 34.71 38.11 40.24 35.48 34.77 36.87 43.65 39.87 39.19 39.12 29.20 31.28 31.13 27.83 27.41 26.37 25.55 22.46 20.56 22.40 23.25 22.10 20.25 18.07 17.11 15.68 18.79 21.38 19.04 17.81 20.34 21.73 20.54 22.71 18.70 18.60 17.83 21.52 21.84 18.97 19.02 17.36 18.81 19.29
-9999 -9999 -9999 -9999 -9999 -9999 -9999 -9999 -9999 -9999 -9999 -9999 -9999 -9999 55.78 58.56 65.03 86.42 98.75 70.05 60.69 53.17 54.74 64.94 59.77 58.60 52.91 42.89 39.22 37.01 36.90 31.68 33.16 36.03 39.79 43.70 40.22 34.75 36.84 38.42 42.64 46.09 43.17 39.08 35.21 38.18 37.72 29.25 29.54 25.05 30.71 25.06 25.78 22.85 22.87 22.87 23.03 18.49 19.23 20.65 18.82 17.59 17.41 20.88 23.49 21.59 24.61 20.15 19.57 20.73 23.40 23.56 25.22 21.06 20.66 20.90 21.28
-9999 -9999 -9999 -9999 -9999 -9999 -9999 -9999 -9999 -9999 -9999 -9999 -9999 -9999 61.04 68.87 63.89 64.46 74.63 80.17 71.59 59.56 56.76 56.21 63.68 61.49 58.09 49.16 47.04 42.06 33.93 31.52 24.66 27.26 39.44 46.94 39.30 36.54 37.13 36.68 40.84 40.86 50.02 46.13 44.70 46.22 45.07 37.35 33.65 25.02 25.50 23.54 20.68 23.99 23.25 27.46 26.33 24.66 26.20 25.04 19.56 19.80 23.12 26.26 30.93 27.56 26.15 26.46 24.46 23.24 23.55 25.00 25.60 23.07 21.65 23.46 24.99
-9999 -9999 -9999 -9999 -9999 -9999 -9999 -9999 -9999 -9999 -9999 -9999 -9999 -9999 57.39 67.56 61.82 57.59 71.22 78.39 72.44 60.81 55.42 62.20 60.01 52.67 51.99 60.08 53.07 41.13 36.74 32.87 34.01 24.79 37.99 41.82 37.88 35.34 36.53 34.16 39.35 44.11 45.24 42.91 43.11 45.85 44.05 38.63 31.44 27.26 27.32 23.51 20.68 28.19 31.93 34.34 36.27 31.67 30.31 32.96 28.74 25.97 25.49 29.76 32.56 27.79 26.81 29.40 28.53 26.94 28.34 24.93 25.54 29.80 22.49 19.20 26.61
-9999 -9999 -9999 -9999 -9999 -9999 -9999 -9999 -9999 -9999 -9999 -9999 -9999 47.87 53.05 63.90 56.31 52.59 63.16 65.86 65.73 52.13 56.48 53.37 50.49 47.39 53.28 48.55 49.70 47.99 42.19 36.58 33.48 35.32 37.08 37.15 45.16 41.27 39.85 37.76 41.26 43.18 44.16 44.50 44.17 46.40 43.16 42.34 37.66 32.08 30.79 29.28 28.93 30.52 33.76 34.67 35.68 31.70 32.02 31.38 26.88 23.45 30.14 32.38 30.54 29.22 26.50 30.07 32.11 29.33 27.61 28.16 25.82 22.74 22.33 22.33 22.70
-9999 -9999 -9999 -9999 -9999 -9999 -9999 -9999 -9999 -9999 -9999 -9999 47.38 49.43 48.08 55.12 58.64 58.97 64.58 70.40 65.80 63.85 54.24 60.00 58.09 53.02 75.02 51.01 43.70 44.59 44.56 45.41 44.61 44.97 47.61 47.88 50.98 55.48 51.46 45.99 42.72 45.20 44.46 47.32 48.43 47.40 45.86 46.94 47.90 42.03 39.41 39.18 36.32 32.11 36.77 36.55 35.93 29.50 26.89 30.83 31.38 28.95 36.43 35.21 32.61 31.34 31.09 33.56 33.58 30.16 29.87 28.81 29.15 25.04 24.95 23.03 25.07
-9999 -9999 -9999 -9999 -9999 -9999 -9999 -9999 -9999 -9999 53.45 49.77 49.97 48.29 45.64 52.87 52.98 56.29 59.60 81.48 74.41 63.26 56.04 52.17 55.59 50.73 65.08 49.37 46.05 46.56 41.70 41.33 51.02 49.88 48.22 46.30 62.14 58.83 50.34 50.09 48.29 52.95 49.86 49.18 50.14 50.85 54.69 46.43 46.26 43.95 44.52 47.39 50.37 52.49 50.08 44.39 37.23 37.33 42.78 35.83 35.62 32.41 35.92 36.48 34.55 33.22 26.61 33.40 40.07 32.57 32.70 30.86 28.89 21.69 21.44 20.54 23.06
-9999 -9999 -9999 -9999 -9999 -9999 61.45 51.71 59.81 63.93 54.63 62.27 64.04 56.54 51.69 43.97 58.56 59.94 68.92 74.75 65.94 55.64 52.02 44.90 51.55 52.60 79.09 69.59 54.28 46.80 43.48 46.58 55.72 49.01 50.79 57.04 63.51 57.20 52.99 50.00 51.56 50.91 55.42 57.10 49.93 51.80 58.96 52.34 49.30 46.77 43.60 47.78 53.45 53.13 54.80 51.51 48.08 47.21 49.80 43.41 37.25 40.25 45.27 41.77 31.81 35.97 38.87 35.36 38.00 32.73 30.37 28.73 25.58 20.15 20.03 21.34 24.10
-9999 -9999 -9999 -9999 -9999 56.76 63.71 75.30 73.62 46.55 49.20 54.27 63.66 60.15 49.90 45.36 54.31 64.29 55.06 63.44 54.46 46.47 61.87 52.02 52.33 64.95 59.87 58.46 46.83 44.97 46.63 61.37 57.70 56.14 57.96 63.91 63.79 56.69 59.85 60.58 57.08 52.25 53.72 55.39 51.47 48.56 50.00 50.53 51.73 46.98 50.31 47.18 52.46 52.36 52.90 50.56 53.17 51.27 48.88 50.26 43.81 50.39 48.13 52.81 37.50 36.54 39.24 28.80 30.87 28.98 27.73 23.82 24.30 18.07 19.98 21.92 23.08
-9999 -9999 -9999 -9999 48.81 53.68 54.21 59.00 54.99 44.69 42.19 48.92 53.03 54.28 60.45 48.13 50.14 58.46 45.69 52.35 48.57 55.93 61.13 60.03 53.30 53.32 49.98 53.11 65.86 57.02 49.97 61.27 53.73 60.04 64.83 60.56 58.14 57.30 56.99 56.76 53.13 47.94 49.76 48.66 48.44 48.12 55.18 47.76 42.02 46.89 45.50 45.15 43.53 41.71 52.04 58.20 67.42 54.36 50.64 46.72 44.16 54.62 53.44 37.24 51.22 39.41 34.38 31.48 30.86 31.11 35.14 25.38 22.25 21.30 18.37 23.04 22.27
55.31 59.90 53.74 63.49 57.54 61.50 62.05 60.31 53.35 46.30 43.62 46.66 49.15 64.48 63.01 54.54 51.48 48.22 44.87 48.51 53.29 56.90 54.88 49.48 52.65 51.21 56.75 61.46 66.19 55.10 58.27 58.49 65.09 65.76 61.68 70.90 54.01 59.99 44.97 46.16 47.55 46.09 51.51 43.39 45.20 60.92 53.37 48.53 46.90 55.13 43.43 43.27 46.76 48.13 44.34 53.42 52.42 51.46 50.76 47.20 43.49 44.92 50.80 49.88 39.19 35.54 31.86 28.68 31.30 34.12 35.47 28.50 22.76 23.89 22.00 24.74 24.78
68.73 63.88 64.13 69.38 82.47 84.64 72.63 64.25 61.89 55.86 51.45 55.15 61.70 64.40 59.99 58.35 46.76 41.20 39.43 47.12 48.67 52.92 53.10 49.78 45.28 51.62 57.64 85.39 59.39 52.79 46.81 57.14 59.55 70.55 64.71 55.47 51.54 51.10 46.52 46.26 48.13 45.17 39.23 38.16 46.03 53.28 50.63 48.62 44.51 50.41 44.91 42.79 45.70 43.74 44.31 46.77 49.42 45.49 48.92 54.47 44.52 49.09 46.60 40.70 35.67 34.18 30.25 31.14 35.42 31.00 28.98 22.47 19.40 22.99 26.18 26.78 27.60
