Rainfall_2007-2011/Rainfall_2011-11_ACTUAL.txt
ncols         180
nrows         290
xllcorner     -200000
yllcorner     -200000
cellsize      5000
NODATA_value  -9999
[rows 136 to 169 of 290, columns 76 to 151 of 180]
-9999 -9999 -9999 109.25 115.65 115.41 135.63 150.86 174.74 166.18 145.10 135.39 140.25 189.79 293.39 255.37 224.82 194.03 188.62 171.49 163.87 156.69 173.06 154.21 152.31 109.51 88.14 90.83 81.93 72.09 60.64 61.13 66.12 73.91 67.13 70.07 85.10 83.18 72.86 63.55 56.40 40.16 42.68 49.48 38.34 30.81 29.38 22.83 22.80 22.20 23.81 23.25 -9999 -9999 -9999 -9999 -9999 -9999 -9999 -9999 -9999 -9999 -9999 -9999 -9999 -9999 -9999 -9999 -9999 -9999 -9999 -9999 -9999 -9999 -9999 -9999
-9999 -9999 -9999 93.65 98.99 90.04 97.77 108.41 135.78 138.52 126.59 118.91 121.39 153.61 203.92 172.78 157.60 160.76 149.34 117.55 151.94 152.35 184.71 165.68 -9999 -9999 -9999 80.48 67.09 -9999 58.49 58.23 57.78 59.76 56.60 66.37 81.93 77.57 67.15 66.00 53.68 47.48 45.52 35.50 19.95 28.82 27.02 27.69 20.85 22.12 23.41 24.04 -9999 -9999 -9999 -9999 -9999 -9999 -9999 -9999 -9999 -9999 -9999 -9999 -9999 -9999 -9999 -9999 -9999 -9999 -9999 -9999 -9999 -9999 -9999 -9999
-9999 -9999 -9999 75.87 87.85 89.50 95.96 101.67 118.99 128.39 123.14 105.70 113.24 133.07 179.86 148.69 144.46 146.03 138.24 145.27 135.77 119.58 119.15 132.41 -9999 -9999 -9999 76.36 65.81 61.69 58.77 48.10 53.28 62.05 63.42 75.86 96.73 83.64 83.34 64.73 50.91 55.21 47.68 37.78 28.84 29.69 24.81 28.44 30.50 31.03 25.89 24.87 -9999 -9999 -9999 -9999 -9999 -9999 -9999 -9999 -9999 -9999 -9999 -9999 -9999 -9999 -9999 -9999 -9999 -9999 -9999 -9999 -9999 -9999 -9999 -9999
-9999 -9999 -9999 -9999 74.39 89.90 88.52 -9999 112.49 120.17 112.99 103.88 104.14 -9999 130.34 123.34 135.69 127.26 124.51 111.64 103.55 98.03 -9999 -9999 -9999 -9999 91.41 73.01 74.89 63.29 66.31 50.96 54.18 66.75 69.51 80.90 116.88 102.04 97.23 69.79 63.89 55.79 49.60 50.04 32.38 28.85 30.48 30.16 27.60 28.30 27.42 27.69 25.55 -9999 -9999 -9999 -9999 -9999 -9999 -9999 -9999 -9999 -9999 -9999 -9999 -9999 -9999 -9999 -9999 -9999 -9999 -9999 -9999 -9999 -9999 -9999
-9999 -9999 -9999 -9999 -9999 79.99 -9999 -9999 -9999 98.39 90.82 97.18 104.81 97.17 -9999 -9999 97.30 108.88 124.23 117.83 -9999 -9999 -9999 -9999 -9999 93.71 93.13 82.78 83.18 66.78 70.67 64.00 71.46 78.03 67.88 81.56 91.55 108.55 94.29 88.30 81.91 84.56 61.97 58.91 50.50 43.68 29.57 30.84 32.56 26.32 29.96 30.85 30.07 -9999 -9999 -9999 -9999 -9999 -9999 -9999 -9999 -9999 -9999 -9999 -9999 -9999 -9999 -9999 -9999 -9999 -9999 -9999 -9999 -9999 -9999 -9999
-9999 -9999 -9999 -9999 -9999 73.85 69.17 -9999 -9999 -9999 79.09 89.67 103.05 99.47 -9999 -9999 -9999 -9999 112.01 -9999 -9999 -9999 -9999 -9999 -9999 85.69 93.55 99.04 92.84 84.44 89.02 94.37 82.58 76.55 82.54 71.95 74.33 67.45 95.70 110.82 97.39 90.08 65.10 60.06 57.13 44.94 30.28 36.38 28.51 24.36 26.65 34.20 35.67 -9999 -9999 -9999 -9999 -9999 -9999 -9999 -9999 -9999 -9999 -9999 -9999 -9999 -9999 -9999 -9999 -9999 -9999 -9999 -9999 -9999 -9999 -9999
-9999 -9999 -9999 -9999 -9999 -9999 75.19 -9999 -9999 -9999 -9999 89.62 97.36 94.78 -9999 -9999 -9999 -9999 -9999 -9999 -9999 -9999 -9999 -9999 93.00 84.85 102.65 93.24 116.33 130.88 145.75 126.64 98.84 86.13 71.90 84.99 92.40 109.13 125.97 127.41 109.17 82.16 63.83 60.68 46.76 40.03 42.70 38.78 29.24 27.37 27.87 34.40 33.01 28.54 -9999 -9999 -9999 -9999 -9999 -9999 -9999 -9999 -9999 -9999 -9999 -9999 -9999 -9999 -9999 -9999 -9999 -9999 -9999 -9999 -9999 -9999
-9999 -9999 -9999 -9999 -9999 -9999 82.25 -9999 -9999 -9999 -9999 -9999 -9999 -9999 -9999 -9999 -9999 -9999 -9999 -9999 -9999 -9999 -9999 -9999 89.18 98.65 109.54 101.59 104.20 158.62 197.92 154.62 128.89 85.99 80.02 60.59 63.37 98.95 103.27 127.31 96.50 112.39 106.44 96.95 73.29 59.37 39.80 33.79 28.13 31.65 29.93 30.96 32.44 28.28 23.44 -9999 -9999 -9999 -9999 -9999 -9999 -9999 -9999 -9999 -9999 -9999 -9999 -9999 -9999 -9999 -9999 -9999 -9999 -9999 -9999 -9999
-9999 -9999 -9999 -9999 -9999 -9999 -9999 -9999 -9999 -9999 -9999 -9999 -9999 -9999 -9999 -9999 -9999 -9999 -9999 -9999 -9999 -9999 -9999 84.52 85.77 97.55 123.59 156.19 160.91 220.22 170.57 157.63 126.72 107.44 83.40 77.12 63.86 86.58 129.02 110.72 81.83 92.66 90.16 82.43 60.96 52.07 38.68 26.48 24.93 23.36 23.93 23.03 26.88 24.98 23.41 -9999 -9999 -9999 -9999 -9999 -9999 -9999 -9999 -9999 -9999 -9999 -9999 -9999 -9999 -9999 -9999 -9999 -9999 -9999 -9999 -9999
-9999 -9999 -9999 -9999 -9999 -9999 -9999 -9999 -9999 -9999 -9999 -9999 -9999 -9999 -9999 -9999 -9999 -9999 -9999 -9999 -9999 -9999 -9999 100.73 106.43 128.74 183.48 228.33 219.02 178.27 182.37 255.54 170.79 154.45 125.24 101.46 81.83 78.23 88.14 115.85 95.73 98.30 83.40 74.66 47.54 39.45 30.03 22.30 24.25 21.85 22.74 22.43 25.68 27.11 23.81 25.96 27.38 22.63 -9999 -9999 -9999 -9999 -9999 -9999 -9999 -9999 -9999 -9999 -9999 -9999 -9999 -9999 -9999 -9999 -9999 -9999
-9999 -9999 -9999 -9999 -9999 -9999 -9999 -9999 -9999 -9999 -9999 -9999 -9999 -9999 -9999 -9999 -9999 -9999 -9999 -9999 -9999 -9999 -9999 98.25 121.17 150.90 161.31 190.52 308.90 267.19 295.06 195.62 183.89 222.87 158.91 138.80 114.92 65.31 60.82 70.16 43.55 78.62 72.25 64.05 48.89 38.48 29.72 25.04 23.00 24.39 22.13 23.84 26.89 25.46 27.29 33.38 26.72 25.69 27.33 23.52 -9999 -9999 -9999 -9999 -9999 -9999 -9999 -9999 -9999 -9999 -9999 -9999 -9999 -9999 -9999 -9999
-9999 -9999 -9999 -9999 -9999 -9999 -9999 -9999 -9999 -9999 -9999 -9999 -9999 -9999 -9999 -9999 -9999 -9999 -9999 -9999 -9999 -9999 -9999 82.93 133.71 178.27 256.68 347.86 406.18 294.28 289.23 267.33 265.40 223.67 214.67 172.79 131.16 92.92 79.93 61.49 52.96 71.17 68.33 59.53 48.24 37.26 25.43 29.89 26.71 24.99 22.83 25.81 29.31 30.37 29.96 32.24 36.31 29.83 31.06 29.83 30.19 26.81 -9999 -9999 -9999 -9999 -9999 -9999 -9999 -9999 -9999 -9999 -9999 -9999 -9999 -9999
-9999 -9999 -9999 -9999 -9999 -9999 -9999 -9999 -9999 -9999 -9999 -9999 -9999 -9999 -9999 -9999 -9999 -9999 -9999 -9999 -9999 -9999 -9999 90.82 106.64 130.70 182.12 201.30 347.02 420.96 292.26 288.90 221.76 232.97 221.70 171.54 157.21 129.63 93.50 77.29 101.76 95.82 91.28 75.90 66.68 49.79 26.17 29.60 27.88 26.64 26.33 30.95 34.95 32.73 31.04 31.74 37.16 25.54 27.77 29.84 32.11 26.62 25.82 -9999 -9999 -9999 -9999 -9999 -9999 -9999 -9999 -9999 -9999 -9999 -9999 -9999
-9999 -9999 -9999 -9999 -9999 -9999 -9999 -9999 -9999 -9999 -9999 95.76 81.44 73.91 -9999 -9999 -9999 -9999 -9999 -9999 -9999 -9999 -9999 -9999 70.73 92.56 123.82 189.30 215.33 225.01 245.97 201.47 154.55 192.55 151.06 144.04 177.72 154.46 119.72 114.00 116.41 110.24 112.51 80.83 60.01 52.63 44.18 35.98 30.29 28.23 25.64 38.48 36.31 33.64 42.25 33.04 37.41 35.39 34.94 36.99 27.84 33.51 25.94 20.28 -9999 -9999 -9999 -9999 -9999 -9999 -9999 -9999 -9999 -9999 -9999 -9999
-9999 -9999 -9999 -9999 -9999 -9999 -9999 -9999 -9999 -9999 -9999 104.75 84.15 -9999 -9999 -9999 -9999 -9999 -9999 -9999 -9999 -9999 -9999 -9999 -9999 94.34 129.12 154.78 211.46 253.65 185.24 175.49 145.71 139.15 122.96 109.55 128.21 170.49 147.12 132.05 138.94 114.40 94.97 68.53 72.31 50.45 51.87 36.02 30.71 30.84 33.98 43.37 41.00 39.27 43.92 40.12 30.68 28.79 30.79 35.95 34.30 42.61 31.88 29.26 -9999 -9999 -9999 -9999 -9999 -9999 -9999 -9999 -9999 -9999 -9999 -9999
-9999 -9999 -9999 -9999 -9999 -9999 -9999 -9999 -9999 -9999 104.64 137.13 117.96 109.43 -9999 -9999 -9999 -9999 -9999 -9999 -9999 -9999 -9999 -9999 -9999 85.84 116.55 141.03 165.79 116.60 160.37 139.30 127.86 119.78 95.66 95.77 112.88 123.22 153.12 133.48 138.41 97.56 82.50 82.39 66.19 62.44 49.32 36.23 32.06 34.24 39.45 34.44 42.52 42.00 34.76 41.85 37.04 32.44 33.66 31.42 30.69 38.61 30.22 30.07 22.77 -9999 -9999 -9999 -9999 -9999 -9999 -9999 -9999 -9999 -9999 -9999
-9999 -9999 -9999 -9999 -9999 -9999 -9999 -9999 -9999 96.64 134.86 150.40 150.36 104.24 -9999 -9999 -9999 -9999 -9999 -9999 -9999 -9999 -9999 -9999 -9999 93.09 98.87 116.35 118.83 145.57 136.34 129.45 130.21 100.65 97.50 101.22 119.00 139.52 143.33 142.70 117.97 114.03 79.33 73.12 59.43 60.66 47.17 40.10 35.04 30.80 29.94 37.92 38.43 38.19 31.56 33.08 31.79 29.45 27.01 29.34 30.54 34.74 27.79 24.25 20.16 -9999 -9999 -9999 -9999 -9999 -9999 -9999 -9999 -9999 -9999 -9999
-9999 -9999 -9999 -9999 -9999 -9999 -9999 -9999 68.73 83.78 132.42 113.99 85.79 -9999 -9999 -9999 -9999 -9999 -9999 -9999 -9999 -9999 -9999 -9999 -9999 -9999 95.62 94.74 99.80 128.35 118.78 101.89 87.73 85.33 88.69 90.28 98.48 122.69 129.90 138.63 142.38 120.15 106.94 103.35 96.90 72.27 58.67 52.39 38.99 34.89 33.51 40.27 40.84 34.07 36.32 33.86 27.41 24.78 22.80 20.49 23.37 27.04 28.42 22.33 20.11 18.90 16.27 -9999 -9999 -9999 -9999 -9999 -9999 -9999 -9999 -9999
-9999 -9999 -9999 -9999 -9999 -9999 -9999 -9999 78.29 109.82 93.85 78.05 76.67 -9999 -9999 -9999 -9999 -9999 -9999 -9999 -9999 -9999 -9999 -9999 -9999 -9999 -9999 93.53 82.48 84.59 76.96 81.09 75.17 79.24 94.93 93.47 80.80 105.25 103.76 112.64 109.83 113.19 103.46 109.26 108.32 80.67 73.09 61.61 52.18 42.02 39.93 43.59 40.65 35.71 31.31 29.14 24.77 24.44 21.43 21.60 26.59 30.67 28.60 25.79 27.80 22.53 18.35 -9999 -9999 -9999 -9999 -9999 -9999 -9999 -9999 -9999
-9999 -9999 -9999 -9999 -9999 -9999 -9999 -9999 70.53 73.57 78.07 74.73 -9999 -9999 -9999 -9999 -9999 -9999 -9999 -9999 -9999 -9999 -9999 -9999 -9999 -9999 -9999 74.26 84.27 90.08 -9999 70.70 -9999 58.24 62.15 76.34 71.05 79.32 76.35 70.43 97.13 128.45 97.52 88.99 110.94 105.08 87.12 69.78 61.76 48.56 45.72 53.24 44.45 36.78 31.70 30.82 29.27 24.44 23.88 21.63 24.68 29.26 29.33 25.93 24.15 21.00 17.27 14.21 10.00 -9999 -9999 -9999 -9999 -9999 -9999 -9999
-9999 -9999 -9999 -9999 -9999 -9999 -9999 55.42 55.69 49.84 -9999 -9999 -9999 -9999 -9999 -9999 -9999 -9999 -9999 -9999 -9999 -9999 -9999 -9999 -9999 -9999 -9999 71.71 78.75 77.18 -9999 -9999 -9999 54.77 68.82 66.05 78.25 74.89 86.99 70.40 61.32 94.63 97.39 82.13 89.80 86.65 82.62 75.50 62.66 51.10 43.48 47.08 37.82 32.52 30.85 28.48 26.00 23.97 23.15 19.37 25.33 26.36 28.67 27.39 24.01 20.60 14.95 12.52 8.85 -9999 -9999 -9999 -9999 -9999 -9999 -9999
-9999 -9999 -9999 -9999 -9999 -9999 -9999 -9999 -9999 -9999 -9999 -9999 -9999 -9999 -9999 -9999 -9999 -9999 -9999 -9999 -9999 -9999 -9999 -9999 -9999 -9999 -9999 -9999 -9999 -9999 -9999 -9999 50.02 52.43 65.80 86.53 97.65 131.67 112.68 76.03 76.97 90.81 80.07 80.82 73.31 66.61 76.32 70.67 55.42 46.03 44.01 46.24 33.81 30.89 29.85 26.27 23.11 23.66 24.13 26.09 32.65 27.08 27.60 23.50 21.52 18.09 13.95 12.55 -9999 -9999 -9999 -9999 -9999 -9999 -9999 -9999
-9999 -9999 -9999 -9999 -9999 -9999 -9999 -9999 -9999 -9999 -9999 -9999 -9999 -9999 -9999 -9999 -9999 -9999 -9999 -9999 -9999 -9999 -9999 -9999 -9999 -9999 -9999 -9999 -9999 -9999 -9999 -9999 50.07 61.55 56.21 92.74 120.88 156.26 120.99 90.52 67.94 77.03 70.69 71.25 76.42 72.43 69.54 65.62 56.15 46.81 44.40 41.19 33.81 30.28 28.19 24.71 22.34 23.33 25.48 25.86 31.32 27.00 21.06 20.54 19.12 18.13 16.94 17.93 -9999 -9999 -9999 -9999 -9999 -9999 -9999 -9999
-9999 -9999 -9999 -9999 -9999 -9999 -9999 -9999 -9999 -9999 -9999 -9999 -9999 -9999 -9999 -9999 -9999 -9999 -9999 -9999 -9999 -9999 -9999 -9999 -9999 -9999 -9999 -9999 -9999 -9999 -9999 -9999 49.38 55.18 64.72 77.63 124.80 118.31 104.06 81.08 70.86 76.85 68.57 53.88 59.76 52.02 65.98 54.57 47.28 46.20 41.36 35.04 32.78 32.42 25.43 24.42 20.82 22.07 23.79 23.29 23.56 21.45 21.38 21.16 23.33 20.76 18.80 18.16 -9999 -9999 -9999 -9999 -9999 -9999 -9999 -9999
-9999 -9999 -9999 -9999 -9999 -9999 -9999 -9999 -9999 -9999 -9999 -9999 -9999 -9999 -9999 -9999 -9999 -9999 -9999 -9999 -9999 -9999 -9999 -9999 -9999 -9999 -9999 -9999 -9999 -9999 39.97 47.53 48.19 52.25 68.65 88.56 120.89 109.26 102.13 77.57 66.10 70.23 60.51 62.18 68.08 68.65 56.47 47.06 42.32 38.27 32.10 33.85 32.03 30.17 25.81 22.25 20.62 21.52 20.51 19.78 19.38 20.21 21.74 21.58 20.49 23.13 21.83 19.60 18.75 -9999 -9999 -9999 -9999 -9999 -9999 -9999
-9999 -9999 -9999 -9999 -9999 -9999 -9999 -9999 -9999 -9999 -9999 -9999 -9999 -9999 -9999 -9999 -9999 -9999 -9999 -9999 -9999 -9999 -9999 -9999 -9999 -9999 -9999 -9999 -9999 -9999 54.42 48.58 47.87 53.18 59.87 72.85 77.76 87.18 70.71 64.07 75.88 70.92 60.74 61.14 70.53 55.53 53.83 45.88 47.11 43.64 37.79 32.82 36.41 33.36 23.62 22.75 22.00 21.26 19.78 15.58 13.02 15.57 21.08 21.39 19.00 19.75 19.23 18.71 18.87 -9999 -9999 -9999 -9999 -9999 -9999 -9999
-9999 -9999 -9999 -9999 -9999 -9999 -9999 -9999 -9999 -9999 -9999 -9999 -9999 -9999 -9999 -9999 -9999 -9999 -9999 -9999 -9999 -9999 -9999 -9999 -9999 -9999 -9999 -9999 -9999 -9999 54.41 48.75 48.52 49.61 54.09 58.60 60.90 74.79 63.11 64.62 67.63 67.45 61.99 91.27 71.17 58.66 48.27 51.37 42.93 40.16 36.98 34.37 33.89 29.65 21.80 23.41 23.10 21.60 19.71 15.42 13.89 16.56 18.86 21.10 21.27 17.56 14.31 16.92 17.90 17.49 -9999 -9999 -9999 -9999 -9999 -9999
-9999 -9999 -9999 -9999 -9999 -9999 -9999 -9999 -9999 -9999 -9999 -9999 -9999 -9999 -9999 -9999 -9999 -9999 -9999 -9999 -9999 -9999 -9999 -9999 -9999 -9999 -9999 -9999 -9999 -9999 55.49 50.98 45.96 46.06 47.54 51.63 54.42 62.88 62.55 62.49 70.97 73.67 84.51 87.01 86.12 72.47 57.42 49.92 49.54 38.16 29.28 30.96 31.27 26.53 23.54 23.49 22.54 22.21 19.31 16.26 15.37 16.20 17.40 22.55 17.70 16.31 14.88 16.44 19.43 18.92 16.19 -9999 -9999 -9999 -9999 -9999
-9999 -9999 -9999 -9999 -9999 -9999 -9999 -9999 -9999 -9999 -9999 -9999 -9999 -9999 -9999 -9999 -9999 -9999 -9999 -9999 -9999 -9999 -9999 -9999 -9999 -9999 -9999 -9999 -9999 -9999 50.03 47.59 41.16 40.97 47.66 53.83 55.98 63.49 67.27 69.91 79.83 91.95 93.07 77.14 74.26 59.93 51.85 40.89 41.42 35.00 30.43 28.81 25.25 24.97 23.61 22.89 22.51 24.11 20.05 17.19 14.48 13.33 21.07 24.48 21.12 20.01 18.37 17.92 17.67 15.99 15.77 -9999 -9999 -9999 -9999 -9999
-9999 -9999 -9999 -9999 -9999 -9999 -9999 -9999 -9999 -9999 -9999 -9999 -9999 -9999 -9999 -9999 -9999 -9999 -9999 -9999 -9999 -9999 -9999 -9999 -9999 -9999 -9999 -9999 -9999 -9999 -9999 40.34 42.48 41.86 45.17 59.79 72.45 84.74 82.01 82.26 78.69 89.86 77.00 72.56 66.73 52.99 42.61 37.72 29.88 32.25 26.64 27.58 26.73 24.09 22.05 22.97 23.51 21.84 20.75 18.57 14.89 12.17 18.77 22.04 22.32 19.77 18.88 -9999 17.03 14.24 14.46 14.91 -9999 -9999 -9999 -9999
-9999 -9999 -9999 -9999 -9999 -9999 -9999 -9999 -9999 -9999 -9999 -9999 -9999 -9999 -9999 -9999 -9999 -9999 -9999 -9999 -9999 -9999 -9999 -9999 -9999 -9999 -9999 -9999 -9999 -9999 54.59 42.63 48.86 45.99 58.10 71.33 71.69 80.59 80.67 87.52 83.22 81.14 73.59 78.41 71.96 61.62 46.05 35.73 35.07 28.41 21.97 28.99 30.52 24.99 28.68 23.15 22.92 21.93 22.30 20.63 16.84 15.07 18.68 20.88 26.57 24.09 21.45 19.94 -9999 13.90 15.22 15.21 16.59 -9999 -9999 -9999
-9999 -9999 -9999 -9999 -9999 -9999 -9999 -9999 -9999 -9999 -9999 -9999 -9999 -9999 -9999 -9999 -9999 -9999 -9999 -9999 -9999 -9999 -9999 -9999 -9999 -9999 -9999 -9999 -9999 -9999 55.20 47.84 47.03 46.25 54.42 62.15 49.43 64.39 58.70 63.18 60.31 45.60 53.33 55.23 64.38 55.27 48.05 43.93 31.93 27.33 30.63 29.63 32.89 25.28 23.47 22.08 21.33 22.08 25.41 24.81 17.18 16.25 19.30 19.45 19.58 21.92 22.82 21.25 20.65 -9999 -9999 -9999 -9999 -9999 -9999 -9999
-9999 -9999 -9999 -9999 -9999 -9999 -9999 -9999 -9999 -9999 -9999 -9999 -9999 -9999 -9999 -9999 -9999 -9999 -9999 -9999 -9999 -9999 -9999 -9999 -9999 -9999 -9999 -9999 -9999 44.44 45.83 45.83 48.63 51.35 44.26 57.79 55.31 54.76 54.79 48.77 47.35 45.64 44.74 53.37 67.52 73.72 53.18 50.74 48.11 35.90 25.39 16.14 34.40 26.25 23.29 22.07 20.91 21.48 25.16 24.21 18.56 19.03 19.79 21.16 24.05 23.55 23.38 23.48 22.87 20.56 21.29 -9999 -9999 -9999 -9999 -9999
-9999 -9999 -9999 -9999 -9999 -9999 -9999 -9999 -9999 -9999 -9999 -9999 -9999 -9999 -9999 -9999 -9999 -9999 -9999 -9999 -9999 -9999 -9999 -9999 -9999 -9999 -9999 -9999 -9999 -9999 45.49 43.24 47.11 46.21 48.54 47.16 47.87 40.59 47.04 46.11 41.60 43.83 43.42 41.98 57.85 64.72 69.11 56.82 49.81 42.25 30.69 34.07 33.12 24.47 25.37 23.16 21.72 22.49 21.63 17.76 16.61 20.13 20.64 21.32 23.71 24.78 26.03 25.74 25.74 21.59 20.70 20.25 19.32 -9999 -9999 -9999
