Rainfall_2007-2011/Rainfall_2008-02_ACTUAL.txt
ncols         180
nrows         290
xllcorner     -200000
yllcorner     -200000
cellsize      5000
NODATA_value  -9999
[rows 204 to 237 of 290, columns 76 to 151 of 180]
46.37 55.79 61.08 64.75 76.32 80.32 74.69 73.72 77.57 75.42 78.63 67.32 69.79 78.42 87.65 78.71 81.33 71.82 80.99 108.81 109.77 123.82 99.44 93.69 68.61 86.11 60.99 72.14 66.95 86.09 69.57 51.27 52.40 46.14 40.55 31.57 29.54 28.16 31.06 26.01 23.83 21.01 21.27 21.93 25.96 30.53 33.30 30.97 26.02 28.66 28.07 27.01 26.38 24.09 23.69 22.21 22.53 20.95 20.41 20.90 22.28 20.11 14.35 11.74 15.64 16.01 15.62 15.98 14.74 15.69 19.28 18.07 18.09 18.96 18.89 19.76
45.49 51.96 57.03 57.24 64.41 74.33 62.87 64.46 60.93 67.38 61.97 63.69 57.38 63.32 71.95 83.19 85.40 87.87 95.75 131.26 160.04 134.26 126.76 116.03 120.42 128.48 108.58 68.17 82.30 72.13 65.30 55.60 51.43 45.35 34.38 32.29 33.91 31.48 28.61 25.75 21.57 23.21 26.10 28.15 34.34 37.04 36.99 36.63 30.67 27.97 27.59 27.76 24.27 22.63 20.79 25.00 19.96 19.38 20.22 19.05 17.21 16.73 15.26 16.11 18.05 19.28 17.67 17.00 18.14 27.66 18.11 19.10 18.32 18.15 17.03 16.73
-9999 52.94 48.02 51.79 61.64 62.56 62.73 64.88 64.06 69.86 64.15 61.09 59.54 74.64 73.04 95.77 88.39 94.25 100.84 115.66 114.07 116.55 134.65 136.49 163.53 125.53 126.34 90.04 56.02 55.61 62.38 42.72 38.10 33.16 39.66 38.91 44.17 38.01 30.35 25.53 25.04 26.63 30.23 39.99 40.16 42.47 36.33 34.49 32.46 29.59 30.98 24.11 22.20 20.54 20.54 21.87 19.94 19.57 18.86 16.85 14.36 14.50 17.31 20.56 22.52 23.79 18.27 19.19 19.39 25.43 16.24 15.54 14.95 17.48 16.78 16.68
50.01 49.82 46.75 48.84 54.45 58.40 64.42 65.95 58.17 61.04 59.69 55.94 58.29 69.48 66.54 80.17 76.59 81.85 84.88 95.67 94.85 101.61 121.48 125.74 117.09 110.34 95.05 87.95 78.94 81.76 63.72 49.41 34.06 41.34 40.74 50.86 46.52 45.62 34.39 29.80 25.65 43.36 40.12 38.38 40.83 35.60 33.96 30.86 31.50 26.05 24.75 23.71 21.93 19.72 18.23 17.28 16.78 18.51 19.10 17.47 15.04 17.29 19.93 23.10 18.91 22.66 19.96 16.67 14.92 15.16 14.76 15.01 17.67 19.81 16.62 17.33
45.99 65.16 50.53 50.15 52.99 60.86 61.14 54.10 47.92 48.35 47.99 51.35 53.12 56.50 68.33 67.63 81.72 81.20 93.55 108.59 105.38 94.97 108.92 99.98 95.07 85.78 94.41 84.87 68.31 88.69 59.68 56.46 41.39 41.52 49.25 59.21 59.88 38.57 36.16 39.52 38.74 36.06 33.62 27.19 35.58 38.89 30.43 28.94 28.93 29.28 25.23 21.71 19.23 20.74 16.56 15.29 12.53 15.17 15.49 16.28 15.72 18.52 23.14 22.78 20.67 20.32 18.08 14.91 10.88 15.25 15.38 15.33 17.94 23.61 14.11 14.40
-9999 60.22 54.26 50.38 52.78 56.94 54.78 -9999 -9999 -9999 -9999 43.80 48.34 53.81 53.62 57.36 62.34 66.80 77.85 95.10 94.71 139.67 177.52 117.66 104.57 84.87 90.83 89.57 78.08 70.23 63.41 52.31 43.76 53.77 45.83 55.27 39.99 24.74 30.80 38.51 44.08 32.76 33.88 30.49 28.59 33.04 23.92 21.98 23.74 25.19 23.62 22.65 19.50 18.76 17.31 16.53 13.33 15.76 15.89 17.15 15.22 20.31 21.93 22.80 21.46 20.99 17.48 15.12 15.02 14.78 15.09 14.63 15.39 19.22 15.37 13.35
-9999 49.75 50.06 48.43 47.01 54.08 39.32 -9999 -9999 -9999 -9999 -9999 -9999 -9999 49.12 61.17 58.03 48.18 58.34 77.81 104.24 137.81 168.20 143.32 126.84 96.99 88.87 74.64 80.52 84.81 66.70 50.17 51.17 50.65 50.88 41.19 33.74 26.19 29.87 36.48 37.83 35.14 36.29 30.23 32.16 27.02 22.59 21.52 22.10 22.17 24.70 22.56 20.27 19.95 17.66 16.76 15.47 16.01 16.11 19.61 19.64 22.51 21.45 20.88 19.65 18.01 16.06 16.26 13.57 14.99 14.44 16.86 15.12 12.33 13.10 12.38
-9999 -9999 -9999 42.99 -9999 -9999 -9999 -9999 -9999 -9999 -9999 -9999 33.94 42.43 47.92 50.11 30.14 33.21 46.50 62.94 89.74 114.25 132.26 126.96 109.96 94.35 91.07 77.99 74.94 64.31 53.19 39.82 39.51 40.00 42.70 37.87 35.72 36.10 36.36 43.01 40.58 36.36 35.32 29.90 28.15 27.01 25.08 26.00 23.92 22.93 18.50 18.34 19.35 18.87 18.60 16.17 15.51 17.13 19.89 19.64 22.33 17.41 17.91 18.95 17.20 14.27 15.32 15.40 16.26 15.50 12.16 11.77 11.09 12.74 11.63 11.88
-9999 -9999 -9999 -9999 -9999 -9999 -9999 -9999 -9999 -9999 -9999 -9999 29.01 37.12 41.77 38.52 36.78 -9999 -9999 50.50 76.71 81.27 98.45 96.70 98.72 88.74 82.88 71.18 64.93 53.64 41.85 39.61 32.08 29.23 34.07 34.62 35.05 36.05 36.60 39.35 36.89 36.30 33.75 23.72 28.17 27.99 25.62 25.61 23.83 19.98 24.62 26.12 24.94 23.63 19.29 17.21 17.92 20.06 17.01 18.25 18.66 17.35 18.61 17.47 17.18 16.09 16.27 15.61 15.03 16.21 9.46 8.50 11.02 11.49 11.21 13.28
-9999 -9999 -9999 -9999 -9999 -9999 -9999 -9999 -9999 -9999 -9999 -9999 -9999 -9999 -9999 -9999 -9999 -9999 -9999 43.21 50.71 63.82 70.33 73.53 78.65 67.92 65.72 59.84 49.48 45.65 35.32 34.52 31.29 -9999 33.51 34.27 35.59 32.88 36.39 37.17 33.71 33.07 32.99 29.79 27.24 30.38 26.95 28.64 29.91 28.62 25.57 31.71 33.65 27.84 24.28 24.78 21.98 20.70 20.08 17.04 16.74 17.70 15.73 16.52 17.64 16.16 16.66 13.73 13.39 11.90 10.89 10.54 10.61 10.05 10.02 14.17
-9999 -9999 -9999 -9999 -9999 -9999 -9999 -9999 -9999 -9999 -9999 -9999 -9999 -9999 -9999 -9999 -9999 -9999 -9999 -9999 44.00 46.05 49.30 57.28 52.90 50.13 44.94 46.15 42.62 -9999 -9999 -9999 -9999 33.24 32.76 35.52 37.01 35.70 38.06 42.95 38.72 37.66 33.61 31.37 31.23 27.62 31.03 30.93 34.28 30.73 28.86 32.32 32.74 30.49 25.93 24.54 21.92 23.44 23.49 18.52 18.55 17.06 16.59 17.00 14.89 15.44 12.75 12.30 11.40 9.64 9.52 10.44 11.60 11.16 10.20 12.43
-9999 -9999 -9999 -9999 -9999 -9999 -9999 -9999 -9999 -9999 -9999 -9999 -9999 -9999 -9999 -9999 -9999 -9999 -9999 -9999 -9999 43.62 40.03 42.05 39.62 43.59 45.28 45.21 -9999 -9999 -9999 -9999 32.09 35.72 38.58 38.54 44.61 39.68 42.06 44.03 43.55 36.93 32.90 29.60 30.50 33.41 35.02 32.97 33.44 31.94 33.81 32.52 30.46 27.47 28.45 22.06 27.32 22.06 20.19 20.20 20.28 19.49 18.21 18.78 14.34 13.35 12.35 10.89 13.97 12.53 13.78 13.34 13.46 11.15 14.01 16.03
-9999 -9999 -9999 -9999 -9999 -9999 -9999 -9999 -9999 -9999 -9999 -9999 -9999 -9999 -9999 -9999 -9999 -9999 -9999 -9999 -9999 -9999 30.71 33.48 36.18 35.17 39.10 40.16 -9999 -9999 -9999 30.59 34.21 33.36 42.80 52.43 52.83 41.18 40.72 37.11 41.56 36.39 30.06 31.23 41.50 42.86 33.28 33.91 33.21 34.02 37.69 32.57 30.32 34.68 27.33 25.31 24.15 19.03 19.97 21.51 20.66 18.72 19.56 17.85 14.84 13.89 15.05 12.58 11.48 16.76 17.37 16.69 15.87 16.78 17.77 18.84
-9999 -9999 -9999 -9999 -9999 -9999 -9999 -9999 -9999 -9999 -9999 -9999 -9999 -9999 -9999 -9999 -9999 -9999 -9999 -9999 -9999 -9999 -9999 -9999 -9999 -9999 -9999 -9999 -9999 -9999 35.67 35.47 34.77 39.41 52.90 54.73 51.24 43.36 41.02 37.29 33.67 32.06 26.77 26.55 36.70 35.59 29.74 30.14 33.05 33.96 33.94 35.81 33.56 32.70 25.40 25.91 23.42 18.01 20.49 20.56 19.67 20.70 19.23 14.55 15.75 15.31 16.01 17.67 15.38 15.54 22.33 21.15 21.94 21.10 18.37 21.17
-9999 -9999 -9999 -9999 -9999 -9999 -9999 -9999 -9999 -9999 -9999 -9999 -9999 -9999 -9999 -9999 -9999 -9999 -9999 -9999 -9999 -9999 -9999 -9999 -9999 -9999 -9999 -9999 -9999 -9999 30.44 35.06 35.14 52.18 59.15 61.39 54.43 51.18 41.07 40.94 33.11 28.43 27.33 28.90 25.91 26.38 29.00 31.76 36.49 37.94 31.61 32.57 34.55 29.76 27.41 27.62 24.74 23.77 20.20 19.37 17.94 17.78 18.26 16.39 17.02 19.44 19.52 21.04 23.95 22.25 32.03 21.28 24.39 24.49 22.51 22.26
-9999 -9999 -9999 -9999 -9999 -9999 -9999 -9999 -9999 -9999 -9999 -9999 -9999 -9999 -9999 -9999 -9999 -9999 -9999 -9999 -9999 -9999 -9999 -9999 -9999 -9999 -9999 -9999 -9999 -9999 24.97 26.40 30.65 39.37 48.57 63.61 55.15 48.20 46.93 41.24 34.92 28.35 35.32 31.51 27.10 29.79 27.30 27.98 28.11 31.66 31.67 28.52 29.01 27.59 26.54 29.82 27.04 25.09 22.94 21.09 18.11 16.64 20.42 17.55 17.20 19.28 25.48 23.07 24.03 26.24 20.77 21.03 23.19 27.90 24.40 23.41
-9999 -9999 -9999 -9999 -9999 -9999 -9999 -9999 -9999 -9999 -9999 -9999 -9999 42.31 52.05 41.80 65.19 81.62 93.09 82.60 77.85 60.88 58.14 39.00 -9999 -9999 -9999 -9999 -9999 -9999 24.51 22.85 27.11 34.57 38.94 50.44 43.13 50.78 43.42 42.06 37.20 34.51 37.30 36.24 26.67 28.24 26.13 24.72 23.78 26.86 28.27 27.40 29.31 25.91 28.06 32.82 31.73 27.82 25.31 24.39 17.56 18.06 20.49 19.57 19.32 23.87 24.79 25.68 24.43 24.06 20.87 25.80 22.52 21.90 21.99 21.36
-9999 -9999 -9999 -9999 -9999 -9999 -9999 -9999 -9999 -9999 -9999 -9999 -9999 46.46 51.91 60.31 65.04 100.05 118.58 87.99 108.11 83.20 56.18 49.75 43.35 34.79 28.83 30.45 21.61 17.92 21.80 18.07 24.12 31.91 36.90 37.83 40.17 42.53 39.26 40.41 47.11 43.39 36.88 34.74 32.03 25.51 26.63 26.05 26.38 29.91 29.19 30.15 26.54 26.04 28.32 28.95 25.22 27.13 25.66 23.96 23.48 20.92 22.57 24.04 26.43 34.81 30.97 29.72 29.31 26.42 26.40 24.58 25.87 25.87 22.89 24.48
-9999 -9999 -9999 -9999 -9999 -9999 -9999 -9999 -9999 -9999 -9999 -9999 29.21 34.47 42.23 56.07 61.92 70.28 113.65 111.11 90.17 81.14 73.82 60.37 40.20 39.61 34.47 34.36 22.24 24.68 20.35 23.01 25.80 32.13 32.94 36.36 36.02 38.09 40.79 52.37 46.02 45.71 44.18 38.80 33.01 28.31 29.11 27.71 28.91 32.93 33.32 29.35 31.28 26.73 25.52 26.36 26.19 22.11 26.32 30.85 29.31 29.85 25.69 26.22 29.83 29.52 30.91 29.82 27.81 28.93 28.11 27.30 29.87 26.15 27.21 30.52
-9999 -9999 -9999 -9999 -9999 -9999 -9999 -9999 -9999 -9999 -9999 -9999 -9999 37.41 41.76 48.79 53.82 67.52 78.72 91.02 79.55 70.25 58.54 58.09 51.55 42.43 36.17 31.27 27.16 26.33 22.28 20.25 20.46 28.82 32.73 28.25 28.65 32.53 42.57 46.06 42.67 45.47 48.00 38.97 36.45 37.03 33.73 31.57 30.50 35.11 34.63 26.53 28.28 25.66 24.73 26.64 28.62 30.36 33.34 36.02 31.50 28.31 30.63 29.91 26.20 27.24 24.74 21.06 23.95 29.18 28.85 32.27 33.22 32.65 32.32 33.04
-9999 -9999 -9999 -9999 -9999 -9999 -9999 -9999 -9999 44.91 -9999 -9999 40.00 38.33 44.37 44.57 51.50 58.66 57.58 64.35 60.32 60.21 60.59 52.53 50.86 43.12 33.30 28.14 27.16 25.62 19.62 18.13 23.90 28.25 25.93 22.90 27.96 35.27 35.53 39.05 33.00 41.11 39.85 42.46 42.70 38.33 34.13 30.66 28.78 30.02 27.72 29.30 28.03 26.12 28.90 26.12 29.93 32.00 36.48 31.74 31.30 30.70 29.04 29.06 27.69 26.15 26.33 26.02 24.62 27.16 28.94 30.74 32.33 31.20 32.64 33.20
-9999 -9999 -9999 -9999 -9999 -9999 -9999 -9999 50.17 57.62 63.01 70.53 56.18 48.99 52.16 48.72 39.74 48.50 46.97 56.35 62.01 61.90 53.82 51.01 47.48 42.85 33.31 31.65 35.05 28.79 25.71 24.04 25.01 29.29 28.34 26.90 30.47 34.26 35.78 37.60 38.52 45.88 40.19 41.91 44.42 40.36 36.10 32.10 30.52 29.06 27.85 21.65 26.31 25.41 27.14 26.85 29.59 31.41 31.39 31.93 30.59 35.03 35.85 31.44 28.96 27.25 25.64 26.41 25.78 28.88 34.08 31.18 30.60 32.22 29.06 32.05
-9999 -9999 -9999 -9999 -9999 -9999 -9999 -9999 55.33 59.40 62.22 68.42 63.05 50.18 50.76 47.89 55.04 53.27 49.61 54.13 56.21 59.87 50.42 50.67 46.39 40.82 39.19 49.42 46.02 35.06 31.44 26.02 34.39 34.52 33.42 33.66 41.72 36.67 40.03 39.89 37.44 37.81 46.11 39.93 39.87 38.51 33.10 30.32 33.40 31.45 28.76 27.94 27.32 26.89 24.62 23.59 23.31 27.04 32.33 32.80 36.07 33.78 36.12 34.64 32.02 28.33 27.66 29.67 29.08 34.88 36.98 30.40 34.54 35.13 30.94 31.49
-9999 -9999 -9999 -9999 -9999 -9999 -9999 -9999 59.71 63.39 65.25 69.92 60.99 62.05 57.09 53.55 50.84 49.40 46.38 47.50 38.05 48.56 42.28 41.54 36.50 35.83 47.56 42.83 41.73 41.02 41.48 38.41 42.53 33.49 41.61 37.22 41.57 40.73 44.40 43.06 42.00 43.44 42.59 40.99 41.29 36.88 34.06 34.97 33.22 36.64 35.32 31.66 27.74 23.44 23.70 22.59 19.74 24.44 29.29 34.07 33.57 32.77 36.59 41.48 31.78 36.23 33.14 25.52 29.65 40.46 37.37 34.07 31.89 29.44 27.68 27.58
-9999 -9999 -9999 -9999 -9999 -9999 -9999 -9999 52.39 60.77 56.85 58.46 56.99 59.28 56.25 51.14 58.70 49.26 43.77 49.01 40.76 40.60 36.64 40.54 32.68 33.35 43.17 41.72 44.49 43.75 48.37 46.90 41.95 40.11 44.98 42.68 40.75 41.58 46.17 45.28 45.41 42.79 40.45 39.45 38.59 34.53 33.68 32.64 33.58 36.12 38.47 30.09 29.15 22.52 22.25 22.09 24.47 23.85 23.35 31.70 30.13 27.71 30.13 28.50 29.43 30.02 29.93 31.78 29.42 27.11 24.11 30.16 27.75 25.71 29.05 28.98
-9999 -9999 -9999 -9999 -9999 -9999 -9999 -9999 52.57 56.56 53.85 57.08 59.46 59.97 58.62 55.31 50.75 54.22 42.09 40.47 37.72 34.07 35.01 33.49 29.91 31.31 31.47 37.02 41.21 41.03 41.20 50.05 48.51 45.26 54.63 50.61 50.17 55.29 53.89 48.09 47.41 43.34 38.38 42.15 40.30 34.41 32.40 38.68 32.70 31.98 29.42 29.30 26.81 23.76 21.15 19.82 22.38 24.05 25.64 28.13 27.44 31.97 28.32 27.83 25.63 26.27 25.84 24.25 -9999 -9999 21.40 23.20 25.51 24.52 25.34 28.67
-9999 -9999 -9999 -9999 -9999 -9999 -9999 53.45 59.34 61.96 60.30 56.75 59.67 63.45 63.83 70.25 59.68 57.15 47.78 41.75 38.49 33.51 34.65 32.85 27.20 26.43 28.53 32.65 37.86 36.15 47.10 46.31 42.45 44.84 44.77 48.22 52.14 54.99 57.06 50.48 49.69 50.97 46.23 44.51 42.07 37.91 38.57 35.17 33.39 32.13 30.64 27.84 25.92 27.98 -9999 -9999 24.61 25.26 25.89 25.50 25.57 26.85 26.07 -9999 -9999 -9999 -9999 -9999 -9999 -9999 -9999 -9999 -9999 20.67 20.65 20.68
-9999 -9999 -9999 -9999 -9999 -9999 62.64 52.93 59.36 60.24 53.66 45.03 56.51 63.82 77.81 86.79 86.67 85.94 63.93 47.75 50.22 53.00 46.56 34.50 30.90 25.87 30.46 29.26 38.51 44.45 45.22 37.01 41.08 47.57 47.53 50.91 56.45 55.07 51.90 46.72 51.08 44.57 38.55 39.71 39.96 36.83 31.55 29.75 31.68 32.99 31.15 -9999 28.00 30.59 30.38 32.17 30.41 -9999 -9999 -9999 -9999 24.40 -9999 -9999 -9999 -9999 -9999 -9999 -9999 -9999 -9999 -9999 -9999 -9999 -9999 -9999
-9999 -9999 -9999 -9999 -9999 42.95 66.64 69.69 67.99 58.44 52.12 53.97 53.56 46.56 91.44 124.55 138.23 102.53 76.15 68.86 56.24 49.33 41.73 31.30 32.46 25.27 22.18 25.33 28.28 -9999 -9999 -9999 -9999 -9999 39.07 43.67 51.18 45.50 42.76 38.39 37.46 39.73 36.03 39.64 36.71 -9999 -9999 -9999 -9999 -9999 29.95 31.33 29.30 37.04 36.57 42.04 33.09 -9999 -9999 -9999 -9999 -9999 -9999 -9999 -9999 -9999 -9999 -9999 -9999 -9999 -9999 -9999 -9999 -9999 -9999 -9999
-9999 -9999 -9999 -9999 41.58 44.37 68.69 73.38 77.15 67.50 63.75 56.07 63.45 80.84 86.75 126.26 155.38 116.90 91.97 62.36 55.81 45.12 39.24 32.86 25.09 25.87 -9999 -9999 -9999 -9999 -9999 -9999 -9999 -9999 -9999 32.35 39.30 36.18 32.62 38.45 43.11 39.75 42.36 44.82 36.36 -9999 -9999 -9999 -9999 -9999 -9999 -9999 26.51 34.46 35.81 36.36 -9999 -9999 -9999 -9999 -9999 -9999 -9999 -9999 -9999 -9999 -9999 -9999 -9999 -9999 -9999 -9999 -9999 -9999 -9999 -9999
-9999 36.94 34.52 39.45 47.18 52.52 72.02 75.22 78.05 70.87 66.47 65.90 71.88 80.09 93.89 126.55 121.36 97.10 80.86 69.85 57.16 46.89 44.67 35.60 -9999 -9999 -9999 -9999 -9999 -9999 -9999 -9999 -9999 -9999 -9999 -9999 -9999 28.13 -9999 -9999 -9999 -9999 35.45 38.76 35.52 -9999 -9999 -9999 -9999 -9999 -9999 -9999 -9999 28.60 33.61 24.76 -9999 -9999 -9999 -9999 -9999 -9999 -9999 -9999 -9999 -9999 -9999 -9999 -9999 -9999 -9999 -9999 -9999 -9999 -9999 -9999
-9999 37.54 37.35 45.12 51.55 54.12 59.78 68.61 77.08 76.29 74.22 75.45 71.36 70.03 81.58 120.49 128.44 107.25 79.28 77.23 57.53 48.14 41.88 -9999 -9999 -9999 -9999 -9999 -9999 -9999 -9999 -9999 -9999 -9999 -9999 -9999 -9999 30.33 -9999 -9999 -9999 -9999 -9999 -9999 -9999 -9999 -9999 -9999 -9999 -9999 -9999 -9999 -9999 -9999 -9999 -9999 -9999 -9999 -9999 -9999 -9999 -9999 -9999 -9999 -9999 -9999 -9999 -9999 -9999 -9999 -9999 -9999 -9999 -9999 -9999 -9999
-9999 42.59 44.53 47.77 52.22 55.60 55.13 60.04 67.84 66.76 66.83 72.34 64.90 63.60 76.89 93.68 123.80 139.20 103.21 83.08 69.03 54.47 47.66 -9999 -9999 -9999 -9999 -9999 -9999 -9999 -9999 -9999 -9999 -9999 -9999 -9999 -9999 -9999 -9999 -9999 -9999 -9999 -9999 -9999 -9999 -9999 -9999 -9999 -9999 -9999 -9999 -9999 -9999 -9999 -9999 -9999 -9999 -9999 -9999 -9999 -9999 -9999 -9999 -9999 -9999 -9999 -9999 -9999 -9999 -9999 -9999 -9999 -9999 -9999 -9999 -9999
33.79 42.35 42.02 53.90 59.88 61.97 57.60 61.64 63.42 58.70 60.54 63.61 65.50 57.33 64.68 74.64 93.97 121.01 97.42 79.24 64.77 59.61 41.43 -9999 -9999 -9999 -9999 -9999 -9999 -9999 -9999 -9999 -9999 -9999 -9999 -9999 -9999 -9999 -9999 -9999 -9999 -9999 -9999 -9999 -9999 -9999 -9999 -9999 -9999 -9999 -9999 -9999 -9999 -9999 -9999 -9999 -9999 -9999 -9999 -9999 -9999 -9999 -9999 -9999 -9999 -9999 -9999 -9999 -9999 -9999 -9999 -9999 -9999 -9999 -9999 -9999
