Rainfall_2007-2011/Rainfall_2011-01_ACTUAL.txt
ncols         180
nrows         290
xllcorner     -200000
yllcorner     -200000
cellsize      5000
NODATA_value  -9999
[rows 170 to 203 of 290, columns 76 to 151 of 180]
-9999 -9999 -9999 -9999 -9999 -9999 -9999 -9999 -9999 -9999 -9999 -9999 -9999 -9999 -9999 -9999 -9999 -9999 -9999 -9999 -9999 -9999 -9999 -9999 -9999 -9999 -9999 -9999 -9999 -9999 35.15 45.83 46.47 55.60 62.20 60.49 58.06 51.95 63.05 64.79 66.78 65.40 77.91 87.91 89.04 109.35 126.50 109.25 98.08 70.53 53.43 42.42 38.16 32.64 34.59 31.13 31.41 27.37 30.32 29.42 31.65 30.58 30.58 29.49 31.91 35.14 33.04 38.79 42.53 34.79 26.26 26.74 31.10 -9999 -9999 -9999
-9999 -9999 -9999 -9999 -9999 -9999 -9999 -9999 -9999 -9999 81.42 75.47 65.43 73.64 -9999 -9999 -9999 -9999 -9999 -9999 -9999 -9999 -9999 -9999 -9999 -9999 -9999 -9999 -9999 30.56 30.64 46.18 55.95 56.66 58.21 58.31 54.11 54.54 58.48 61.83 62.73 64.00 71.97 82.98 104.91 180.81 129.24 96.18 95.55 78.21 45.61 45.16 30.72 37.63 34.71 30.38 30.63 27.81 22.46 30.12 27.70 28.04 30.00 29.82 30.99 34.84 34.83 41.79 44.77 42.60 32.23 30.47 31.38 32.04 -9999 -9999
-9999 -9999 -9999 -9999 -9999 -9999 -9999 -9999 -9999 -9999 79.21 75.27 71.57 71.02 -9999 -9999 -9999 -9999 -9999 -9999 -9999 -9999 -9999 -9999 -9999 -9999 -9999 -9999 35.29 35.44 36.21 46.47 62.09 56.70 62.05 52.90 51.63 53.60 60.32 56.87 59.55 59.18 68.98 72.52 80.26 99.76 133.80 95.93 78.01 71.56 54.70 44.32 35.51 33.53 34.40 31.66 28.13 28.01 26.55 26.20 25.38 26.86 28.53 30.26 31.06 36.85 36.50 45.36 43.31 40.71 36.10 34.94 32.71 32.70 -9999 -9999
-9999 -9999 -9999 -9999 -9999 -9999 -9999 -9999 48.83 69.19 79.27 78.79 77.56 81.51 76.00 54.33 65.81 -9999 -9999 48.74 44.51 -9999 -9999 -9999 31.02 28.81 35.23 -9999 36.19 36.20 42.57 44.31 47.47 52.72 69.39 65.53 54.80 57.41 50.89 49.07 57.00 55.79 58.19 90.03 73.53 84.36 102.60 69.77 66.37 71.75 53.82 53.61 40.35 34.31 33.73 28.63 25.48 28.23 27.74 27.10 25.60 28.59 27.64 29.34 30.78 32.65 36.21 42.40 44.20 40.19 41.12 36.23 33.25 29.00 36.86 -9999
-9999 -9999 -9999 -9999 -9999 -9999 -9999 -9999 -9999 63.71 57.79 73.17 72.50 88.61 78.20 71.67 65.53 -9999 66.76 62.55 60.19 49.35 36.69 34.65 33.18 44.36 40.50 42.63 -9999 35.34 41.42 42.82 41.04 44.78 50.72 48.52 45.53 48.71 49.50 54.57 55.59 69.65 66.70 88.54 94.49 83.42 86.52 59.14 69.60 61.27 51.08 42.96 37.66 38.37 35.49 27.67 26.62 27.65 27.93 29.06 29.14 30.05 29.04 33.66 32.11 31.66 35.28 39.34 41.51 37.80 46.71 44.05 39.89 35.69 38.38 -9999
-9999 -9999 -9999 -9999 -9999 -9999 -9999 -9999 -9999 -9999 57.87 74.60 80.72 85.80 68.37 78.87 92.71 87.36 139.05 88.90 80.79 71.46 62.06 48.21 41.71 39.11 42.24 53.03 51.20 41.61 35.75 42.47 43.39 43.32 46.11 50.25 45.29 48.92 48.70 51.28 58.11 66.80 63.16 88.52 97.64 99.60 82.24 61.84 59.97 56.59 49.03 43.27 39.32 37.81 32.14 28.78 29.59 27.77 29.55 26.86 26.02 28.86 30.72 32.96 32.10 32.90 34.67 37.76 36.81 42.24 46.24 47.46 46.34 39.79 41.25 42.93
-9999 -9999 -9999 -9999 -9999 -9999 -9999 -9999 -9999 -9999 -9999 80.50 78.00 80.25 77.73 140.61 170.08 201.70 184.44 154.05 113.65 86.85 83.04 69.57 51.05 47.14 64.50 54.49 60.95 52.12 39.65 41.56 43.69 40.66 45.67 49.51 52.87 56.70 47.37 51.48 55.73 59.83 74.56 84.14 79.73 94.15 78.19 71.88 54.60 53.34 54.07 46.97 43.00 39.56 35.38 30.80 33.04 28.13 27.86 27.22 26.63 29.43 32.90 32.56 31.96 33.59 35.38 38.01 40.28 42.94 49.59 43.22 41.89 42.20 42.39 42.37
-9999 -9999 -9999 -9999 -9999 -9999 -9999 -9999 -9999 -9999 -9999 -9999 91.13 92.36 151.14 208.53 253.16 279.57 266.01 190.55 172.25 125.90 106.98 92.03 78.59 65.08 64.31 85.13 71.86 63.21 51.64 43.60 43.85 41.61 44.11 44.15 43.85 43.06 46.26 51.56 53.13 58.71 71.58 81.91 78.77 76.72 68.46 70.62 65.40 45.85 52.67 43.25 46.62 44.28 38.11 35.57 32.12 28.15 28.99 25.82 28.17 30.24 27.70 34.10 35.98 36.97 35.97 38.02 44.86 43.61 45.47 39.92 43.00 42.99 41.77 41.68
-9999 -9999 -9999 -9999 -9999 -9999 -9999 -9999 -9999 -9999 -9999 -9999 100.81 106.63 182.65 237.03 338.41 360.97 289.10 190.11 151.08 164.39 147.22 140.55 105.41 98.89 64.31 68.12 74.41 64.25 54.72 44.96 42.19 40.21 43.24 43.73 41.97 37.31 45.88 55.39 51.93 58.73 73.68 63.33 65.40 84.37 80.53 72.61 61.70 60.25 55.83 47.46 49.15 43.95 35.06 34.54 33.55 30.06 29.36 26.89 28.98 32.02 33.80 38.25 42.48 38.34 37.18 38.40 41.97 40.39 43.32 41.99 41.08 42.65 42.11 -9999
-9999 -9999 -9999 -9999 -9999 -9999 -9999 -9999 -9999 -9999 -9999 -9999 121.66 155.02 206.12 236.68 391.10 346.76 264.50 214.05 184.47 188.41 174.65 147.64 122.59 93.68 77.26 90.40 77.45 71.57 55.07 50.44 43.81 41.85 41.04 39.90 42.95 44.53 48.44 57.41 61.86 62.43 64.65 67.03 70.61 73.47 69.32 76.65 56.22 60.93 64.12 44.16 42.47 39.97 36.63 36.15 31.93 33.72 27.30 26.82 31.03 33.15 33.20 43.74 38.73 39.13 36.87 36.95 36.42 39.15 39.51 40.90 39.70 39.99 -9999 -9999
-9999 -9999 -9999 -9999 -9999 -9999 -9999 -9999 -9999 -9999 -9999 96.06 178.97 155.95 234.58 261.04 252.56 334.24 327.25 253.64 238.01 239.77 181.09 139.15 103.53 91.66 94.79 103.73 86.02 79.91 61.60 52.43 42.61 47.24 42.88 40.87 45.51 47.47 48.90 56.63 63.56 58.46 61.97 64.10 53.84 67.09 72.53 66.11 60.98 53.34 50.86 44.59 36.56 35.45 34.63 34.15 31.15 29.80 27.47 27.27 30.01 31.98 31.72 40.59 38.87 37.93 38.48 35.62 35.45 37.12 39.99 38.54 36.15 -9999 -9999 -9999
-9999 -9999 -9999 -9999 -9999 -9999 -9999 -9999 -9999 67.40 79.03 93.42 90.43 137.50 161.54 185.64 172.59 215.57 272.63 266.35 279.09 251.09 221.93 167.31 112.66 110.32 95.57 77.24 79.18 72.00 64.73 53.85 42.51 51.27 49.98 47.25 52.16 56.19 59.86 58.57 64.25 63.84 58.04 58.35 60.43 55.96 54.85 60.66 52.76 49.88 48.01 41.22 36.13 33.21 34.02 32.53 28.39 29.83 27.04 24.70 27.87 29.24 30.40 34.41 37.43 34.30 37.33 35.46 37.74 37.29 39.96 39.41 -9999 -9999 -9999 -9999
-9999 -9999 -9999 -9999 -9999 -9999 -9999 -9999 65.87 65.58 86.20 92.48 89.21 103.24 123.65 138.77 155.45 203.04 241.63 264.45 359.38 219.88 159.10 151.80 119.00 137.15 128.57 113.35 90.43 86.46 71.03 51.48 45.85 51.01 52.88 48.86 53.76 59.81 60.20 63.34 57.13 57.39 60.65 57.69 56.49 59.59 55.10 50.18 43.84 45.88 43.34 39.63 35.66 33.02 30.83 29.64 27.77 29.11 26.33 24.13 25.34 29.40 33.37 37.99 36.05 36.50 34.85 34.04 34.19 35.11 37.92 38.97 -9999 -9999 -9999 -9999
-9999 -9999 -9999 -9999 -9999 -9999 -9999 77.33 73.07 67.12 88.37 -9999 -9999 -9999 -9999 141.96 201.65 258.79 271.53 269.59 246.20 241.31 209.50 183.52 150.91 189.03 153.74 120.24 86.27 92.49 65.94 53.39 47.59 48.01 48.43 49.87 54.55 59.75 51.95 56.35 52.00 53.09 54.59 54.89 52.09 54.62 48.44 44.59 41.81 35.63 33.76 35.65 28.70 30.15 30.10 29.88 30.56 31.25 28.52 27.83 30.19 33.62 35.71 37.23 33.91 35.36 33.80 32.83 33.53 34.95 36.38 35.44 38.90 -9999 -9999 -9999
-9999 -9999 -9999 -9999 -9999 -9999 -9999 68.66 84.56 71.25 73.54 -9999 -9999 -9999 -9999 122.49 181.39 288.39 243.87 271.17 266.40 267.37 228.36 195.13 156.73 183.24 130.39 75.92 85.62 78.00 60.41 62.09 45.00 46.26 50.82 53.98 58.81 58.79 51.41 47.65 55.83 50.66 49.10 51.04 50.09 44.12 43.92 42.61 37.13 33.64 31.83 27.94 30.14 27.50 28.79 27.87 33.52 33.66 31.58 37.36 36.92 39.46 36.72 36.84 35.79 33.24 32.00 32.02 32.83 35.20 34.87 35.48 39.09 40.48 -9999 -9999
-9999 -9999 -9999 -9999 -9999 -9999 -9999 -9999 -9999 -9999 -9999 -9999 -9999 -9999 -9999 155.01 190.51 216.87 226.93 265.74 243.95 271.15 228.59 166.48 175.54 161.22 123.54 91.21 78.65 66.07 51.06 50.50 41.16 45.19 48.89 48.78 50.78 45.96 41.62 51.90 57.12 50.39 49.37 49.21 45.73 41.09 38.67 36.90 34.96 37.38 36.38 27.25 27.80 28.33 30.57 33.76 33.95 35.48 33.52 34.73 36.16 37.82 32.88 35.87 34.10 33.11 32.25 33.14 32.03 32.83 33.09 35.51 38.11 42.98 45.55 50.07
-9999 -9999 -9999 -9999 -9999 -9999 -9999 -9999 -9999 -9999 -9999 -9999 -9999 -9999 -9999 -9999 173.70 177.06 231.84 271.42 297.03 274.00 283.82 230.42 172.24 117.00 97.74 71.38 70.73 54.32 47.82 44.21 46.10 42.60 44.21 46.41 42.22 39.75 40.57 47.53 51.92 50.58 46.43 51.88 56.08 40.59 36.83 37.38 36.93 37.31 35.68 31.94 29.51 32.75 36.79 32.62 33.72 28.10 30.58 33.37 29.14 35.83 35.55 33.68 32.41 32.69 32.37 32.47 32.22 32.70 35.37 36.00 39.80 45.86 48.91 50.45
-9999 -9999 -9999 -9999 -9999 -9999 -9999 -9999 -9999 -9999 -9999 -9999 -9999 -9999 -9999 -9999 190.25 263.66 370.60 353.91 328.12 251.34 227.59 188.35 155.31 114.12 80.07 81.58 60.82 49.50 52.00 45.60 42.73 40.04 41.99 42.79 39.82 39.59 49.87 53.17 51.53 49.07 45.02 46.77 50.89 40.30 32.06 32.90 32.94 34.17 34.96 32.57 30.83 41.22 38.86 35.34 33.09 32.38 39.34 38.95 32.16 35.74 36.28 34.21 33.26 31.85 31.18 31.93 33.56 32.71 35.42 38.76 39.71 47.91 52.88 53.45
-9999 -9999 -9999 -9999 -9999 -9999 -9999 -9999 -9999 -9999 -9999 -9999 -9999 -9999 -9999 167.13 193.55 255.81 354.11 335.52 288.40 250.67 224.04 192.17 161.33 120.82 85.49 85.03 58.50 71.50 50.97 44.26 38.38 43.44 43.08 43.81 51.50 48.92 52.01 47.45 47.94 43.29 43.14 44.09 39.10 37.17 35.56 32.43 30.85 27.46 24.06 29.50 29.41 31.56 36.38 35.71 32.84 35.33 37.47 40.97 41.58 39.15 35.46 33.87 32.03 31.70 32.04 32.13 36.69 39.67 40.84 40.90 44.51 52.03 56.03 52.97
-9999 -9999 -9999 -9999 -9999 -9999 -9999 -9999 -9999 -9999 -9999 -9999 -9999 -9999 -9999 149.55 183.23 292.23 298.58 275.42 246.45 235.02 214.69 183.19 138.62 108.39 90.31 79.87 59.46 53.40 49.53 65.85 53.72 49.41 47.78 45.59 46.86 51.21 50.23 47.82 44.88 43.10 35.01 45.07 39.08 39.66 37.22 31.66 30.50 27.27 26.91 28.58 29.46 33.84 37.42 34.56 33.71 36.66 42.61 37.56 42.54 36.17 32.57 36.53 28.01 27.73 34.13 35.91 46.14 43.82 44.95 45.91 45.66 48.01 49.98 56.59
-9999 -9999 -9999 -9999 -9999 -9999 -9999 -9999 -9999 -9999 -9999 -9999 -9999 -9999 -9999 121.59 170.58 192.58 268.23 246.98 229.36 224.56 206.16 152.78 138.48 104.36 91.06 71.38 58.92 54.68 55.30 61.36 76.34 60.22 59.16 51.60 48.94 50.73 45.87 44.79 40.99 39.18 39.57 43.65 42.90 41.68 33.57 28.32 29.03 32.01 29.87 31.28 34.09 30.93 33.09 32.15 39.24 41.32 41.18 40.95 39.87 32.45 35.34 38.44 37.73 29.37 31.76 43.43 44.08 44.63 46.76 47.32 48.43 46.75 51.40 55.92
-9999 -9999 -9999 -9999 -9999 -9999 -9999 -9999 -9999 -9999 -9999 -9999 -9999 -9999 -9999 -9999 163.33 202.88 256.19 276.23 286.90 217.05 183.50 135.55 93.29 90.19 85.77 72.33 65.20 53.28 59.99 52.61 65.56 62.69 51.44 42.15 52.44 57.09 42.55 45.25 41.52 39.53 41.98 41.42 37.47 34.29 34.60 31.13 31.04 34.66 34.12 34.04 35.72 30.72 32.30 35.04 40.16 40.64 39.64 37.55 39.97 36.20 37.53 39.85 38.15 39.52 39.45 44.19 52.55 51.76 50.26 52.35 49.08 47.63 50.89 53.70
-9999 -9999 -9999 -9999 -9999 -9999 -9999 -9999 -9999 -9999 -9999 -9999 -9999 -9999 -9999 -9999 152.17 182.02 224.54 285.00 350.10 260.09 187.81 130.73 98.42 99.16 99.93 90.85 85.76 69.57 63.22 62.02 62.11 57.19 56.77 61.69 52.72 52.31 44.55 44.27 44.31 41.06 41.63 43.00 34.39 36.36 37.76 36.88 35.79 38.10 39.89 36.81 36.95 37.39 37.22 37.34 42.64 41.26 38.70 38.99 41.03 40.72 39.25 41.54 41.55 43.73 44.14 51.70 48.33 48.24 51.16 48.54 48.58 49.98 51.29 56.32
-9999 -9999 -9999 -9999 -9999 -9999 -9999 -9999 -9999 -9999 -9999 -9999 -9999 -9999 -9999 112.92 122.82 168.18 246.63 278.34 279.16 246.26 150.08 140.10 140.81 114.04 104.50 82.80 66.54 64.74 65.58 72.95 55.81 57.10 61.03 58.35 60.26 55.03 43.26 44.31 41.96 42.06 44.82 46.19 44.43 45.08 42.50 39.73 37.41 47.25 47.34 55.04 37.84 35.64 33.40 30.74 32.53 40.40 36.89 40.75 38.04 40.42 41.35 42.46 38.64 48.09 52.33 49.07 46.51 48.18 48.04 48.27 48.37 51.75 53.91 55.43
-9999 -9999 -9999 -9999 -9999 -9999 -9999 -9999 -9999 -9999 -9999 -9999 -9999 -9999 -9999 130.71 154.31 174.96 191.62 209.65 263.42 214.40 180.30 114.07 108.23 116.34 107.02 92.02 78.17 80.72 70.86 63.30 64.90 54.10 61.00 51.04 64.62 46.45 45.57 43.19 37.66 43.51 40.57 55.39 48.57 46.73 48.17 44.95 49.58 46.93 41.31 37.21 35.48 32.86 33.37 30.97 37.66 37.46 42.96 43.93 41.44 38.05 38.86 38.95 40.76 46.80 49.52 48.33 46.28 44.87 51.21 50.00 52.19 53.22 57.46 53.85
-9999 -9999 -9999 -9999 -9999 -9999 -9999 -9999 -9999 -9999 -9999 -9999 -9999 -9999 -9999 132.92 159.25 169.49 188.88 198.12 236.77 238.69 221.82 123.36 107.28 110.47 90.99 79.02 87.43 71.95 68.72 71.19 57.49 68.99 59.70 51.84 50.13 46.02 46.95 44.32 39.16 38.50 41.64 42.39 42.89 46.15 46.96 45.46 44.41 42.76 41.91 39.78 34.04 32.63 34.23 40.74 42.90 41.39 41.71 41.22 41.54 37.43 39.69 40.30 43.02 46.57 44.14 42.62 40.05 45.86 47.24 56.41 57.37 54.54 56.73 55.01
-9999 -9999 -9999 -9999 -9999 -9999 -9999 -9999 -9999 -9999 -9999 -9999 -9999 -9999 134.06 144.12 174.68 166.30 168.13 202.66 189.71 183.90 152.79 108.24 94.46 97.07 82.64 82.01 69.94 59.16 71.19 68.56 56.97 55.38 51.92 44.14 45.56 51.84 43.18 41.48 42.41 39.14 40.40 40.59 40.66 41.00 47.28 43.96 43.59 41.50 39.49 34.29 26.67 23.45 34.60 40.30 44.85 46.32 42.74 43.81 40.08 37.77 32.77 41.97 39.74 44.88 48.68 44.97 43.69 52.16 51.67 52.59 56.24 54.75 57.99 55.96
-9999 -9999 -9999 -9999 -9999 -9999 -9999 -9999 -9999 -9999 -9999 -9999 -9999 152.13 156.44 143.08 167.41 169.04 187.87 205.29 200.49 174.84 185.27 125.90 119.08 109.18 78.86 95.96 74.16 73.58 60.57 65.05 54.07 54.06 46.42 56.83 57.01 56.18 50.26 47.73 41.23 38.75 41.28 42.83 38.54 39.14 42.60 42.30 42.65 43.18 38.55 34.73 34.63 33.56 34.69 39.48 40.64 48.16 40.27 39.87 37.05 36.42 38.46 48.90 46.83 47.02 50.01 48.29 50.53 56.47 56.01 57.60 53.85 58.05 57.61 63.50
-9999 -9999 -9999 -9999 -9999 -9999 -9999 -9999 -9999 -9999 -9999 131.22 132.55 151.77 182.29 143.96 173.03 164.06 185.37 218.53 231.59 204.16 159.97 118.10 73.63 97.77 80.00 94.11 81.12 72.73 65.56 59.42 56.40 50.72 47.02 60.66 52.29 56.99 53.40 44.94 45.02 39.48 46.24 45.33 40.52 39.25 41.04 40.11 36.73 38.55 35.88 37.49 39.58 40.64 39.93 32.16 37.90 40.95 36.85 39.99 41.54 36.58 41.25 43.14 50.01 48.25 50.53 50.40 54.96 64.07 66.40 64.73 61.93 62.78 58.85 61.42
-9999 -9999 -9999 -9999 -9999 -9999 -9999 112.76 80.59 115.32 160.53 160.81 153.83 172.31 163.36 160.58 159.77 185.36 182.88 198.75 207.76 184.21 144.06 105.91 80.37 89.01 85.10 122.59 106.76 83.21 63.79 59.28 57.46 64.40 50.76 62.81 60.46 57.71 48.91 44.03 46.18 43.22 44.14 44.35 49.25 42.26 37.70 41.08 37.70 40.13 39.45 36.23 42.53 37.92 37.79 33.94 40.18 42.62 38.89 42.19 44.57 41.76 44.57 54.62 47.48 42.77 52.87 56.53 65.89 65.56 67.09 62.67 59.40 58.35 63.42 71.36
-9999 -9999 -9999 -9999 -9999 -9999 129.42 135.59 148.48 156.26 146.30 170.57 159.12 183.26 194.78 124.30 157.79 178.04 196.54 158.27 178.10 154.56 135.58 127.25 96.88 84.46 109.39 92.80 84.83 67.67 59.54 58.44 75.19 63.02 59.71 58.29 59.73 59.96 48.88 61.32 55.32 50.12 45.37 44.06 47.37 42.69 35.03 34.46 36.60 39.96 39.55 45.58 38.99 34.87 39.55 40.21 44.25 42.55 34.52 41.50 45.14 47.29 51.55 46.99 49.44 44.96 54.32 61.67 69.96 68.83 70.39 60.87 55.53 55.68 63.47 66.79
-9999 -9999 -9999 -9999 -9999 119.00 127.25 133.99 146.92 157.08 168.61 165.30 171.82 170.80 170.00 187.17 157.74 165.21 187.74 142.82 153.60 150.55 155.63 133.04 123.07 101.21 84.02 71.52 68.16 98.12 80.09 63.15 64.11 59.79 65.63 65.39 59.03 59.88 58.89 57.79 53.72 50.39 44.06 47.26 45.09 41.57 32.85 40.25 38.59 37.55 37.48 38.85 40.28 38.67 42.48 47.27 49.80 52.64 50.92 47.62 47.87 51.52 57.39 52.43 53.49 54.99 53.49 55.30 64.72 71.85 73.34 68.29 62.62 60.08 59.72 55.78
-9999 108.86 135.30 136.21 156.07 136.10 148.83 169.52 170.68 168.38 175.28 175.15 174.50 179.06 198.14 191.71 173.26 169.90 159.33 147.39 140.24 152.32 142.21 130.23 109.80 106.16 79.27 62.96 79.94 93.88 79.50 83.79 67.16 73.02 66.88 56.15 72.03 52.41 66.20 56.94 49.02 50.14 45.25 54.27 44.06 47.57 43.85 38.01 42.25 40.87 40.19 41.27 45.49 47.33 48.93 47.62 48.27 52.12 54.32 48.37 53.82 55.85 58.54 65.81 73.97 63.83 55.46 53.67 56.75 73.28 84.74 76.53 75.91 72.84 70.34 63.69
100.93 135.03 150.69 158.49 183.45 211.89 213.67 203.34 207.69 206.94 197.18 182.96 174.03 180.57 172.88 166.48 170.96 151.00 139.51 132.52 149.83 161.31 134.15 128.46 117.83 90.81 84.85 86.83 138.98 112.12 90.14 73.47 74.57 64.41 75.52 62.08 61.28 55.22 56.87 54.53 49.18 50.13 46.71 45.30 43.42 61.39 54.41 54.38 47.43 41.71 52.99 50.49 50.09 54.27 51.58 52.84 50.88 50.55 52.14 52.35 59.62 57.72 75.56 80.52 67.26 69.52 61.87 60.88 65.40 72.46 81.78 78.34 76.16 69.97 73.50 76.34
