Rainfall_2007-2011/Rainfall_2011-08_ACTUAL.txt
ncols         180
nrows         290
xllcorner     -200000
yllcorner     -200000
cellsize      5000
NODATA_value  -9999
[rows 136 to 169 of 290, columns 76 to 151 of 180]
-9999 -9999 -9999 90.09 97.21 101.26 124.26 120.92 127.29 121.70 117.84 117.17 135.82 149.04 226.91 210.68 178.90 137.34 123.97 138.81 155.89 152.97 158.90 140.29 142.68 124.66 119.47 117.05 119.51 122.38 117.18 109.84 121.49 134.73 141.05 134.36 149.74 149.32 140.64 145.72 134.44 115.35 139.00 153.22 135.41 136.40 126.04 116.54 114.16 97.79 101.33 106.96 -9999 -9999 -9999 -9999 -9999 -9999 -9999 -9999 -9999 -9999 -9999 -9999 -9999 -9999 -9999 -9999 -9999 -9999 -9999 -9999 -9999 -9999 -9999 -9999
-9999 -9999 -9999 85.12 89.76 88.64 108.70 100.96 114.15 119.62 129.11 119.43 118.50 145.55 216.13 248.62 232.03 178.76 170.58 165.48 160.35 172.20 196.47 155.22 -9999 -9999 -9999 112.92 118.21 -9999 111.53 111.90 116.49 121.99 117.35 126.59 141.39 149.01 126.00 130.45 119.48 122.99 123.20 118.51 98.61 120.73 117.73 120.08 95.48 92.35 98.82 108.36 -9999 -9999 -9999 -9999 -9999 -9999 -9999 -9999 -9999 -9999 -9999 -9999 -9999 -9999 -9999 -9999 -9999 -9999 -9999 -9999 -9999 -9999 -9999 -9999
-9999 -9999 -9999 75.84 89.61 80.65 78.63 91.33 107.54 122.20 126.81 124.84 119.93 136.36 228.72 225.03 229.43 200.67 175.35 195.02 152.38 154.81 149.56 143.47 -9999 -9999 -9999 137.94 121.81 115.36 109.17 107.71 110.51 115.37 126.70 144.60 156.37 129.72 138.04 115.43 79.34 117.04 115.39 106.68 110.17 141.53 114.59 120.55 137.38 118.88 97.68 112.46 -9999 -9999 -9999 -9999 -9999 -9999 -9999 -9999 -9999 -9999 -9999 -9999 -9999 -9999 -9999 -9999 -9999 -9999 -9999 -9999 -9999 -9999 -9999 -9999
-9999 -9999 -9999 -9999 79.74 80.91 71.92 -9999 108.66 127.78 128.75 122.89 103.83 -9999 163.49 174.57 199.71 192.15 192.10 184.21 168.09 130.86 -9999 -9999 -9999 -9999 119.35 129.35 116.36 99.70 110.70 116.11 108.27 115.73 127.63 156.11 186.39 128.96 148.65 135.80 119.26 101.97 89.85 103.54 112.49 124.48 135.30 132.62 130.33 106.66 99.85 100.85 89.70 -9999 -9999 -9999 -9999 -9999 -9999 -9999 -9999 -9999 -9999 -9999 -9999 -9999 -9999 -9999 -9999 -9999 -9999 -9999 -9999 -9999 -9999 -9999
-9999 -9999 -9999 -9999 -9999 78.06 -9999 -9999 -9999 125.15 137.58 127.41 101.90 98.22 -9999 -9999 179.75 174.57 214.03 191.41 -9999 -9999 -9999 -9999 -9999 104.63 118.99 125.81 112.90 90.72 110.28 104.84 101.44 113.88 119.27 145.30 165.98 169.06 135.41 151.80 132.96 113.19 92.83 94.36 126.26 125.85 119.36 123.23 123.98 116.88 111.48 106.75 98.20 -9999 -9999 -9999 -9999 -9999 -9999 -9999 -9999 -9999 -9999 -9999 -9999 -9999 -9999 -9999 -9999 -9999 -9999 -9999 -9999 -9999 -9999 -9999
-9999 -9999 -9999 -9999 -9999 73.07 71.02 -9999 -9999 -9999 124.22 137.11 111.88 106.96 -9999 -9999 -9999 -9999 189.39 -9999 -9999 -9999 -9999 -9999 -9999 93.26 116.21 113.24 103.21 100.52 104.46 91.81 89.99 94.14 121.74 134.29 162.27 169.31 138.06 147.84 125.98 116.86 75.63 107.29 129.88 107.54 108.73 108.73 109.97 123.39 118.46 113.14 101.46 -9999 -9999 -9999 -9999 -9999 -9999 -9999 -9999 -9999 -9999 -9999 -9999 -9999 -9999 -9999 -9999 -9999 -9999 -9999 -9999 -9999 -9999 -9999
-9999 -9999 -9999 -9999 -9999 -9999 76.67 -9999 -9999 -9999 -9999 122.03 116.98 110.43 -9999 -9999 -9999 -9999 -9999 -9999 -9999 -9999 -9999 -9999 114.22 117.87 134.23 131.70 124.95 128.27 126.06 111.77 104.94 96.42 112.16 137.91 157.04 204.55 177.32 150.73 115.24 94.52 86.71 96.10 91.28 91.26 115.49 124.10 111.82 117.73 113.27 116.47 103.61 93.26 -9999 -9999 -9999 -9999 -9999 -9999 -9999 -9999 -9999 -9999 -9999 -9999 -9999 -9999 -9999 -9999 -9999 -9999 -9999 -9999 -9999 -9999
-9999 -9999 -9999 -9999 -9999 -9999 82.34 -9999 -9999 -9999 -9999 -9999 -9999 -9999 -9999 -9999 -9999 -9999 -9999 -9999 -9999 -9999 -9999 -9999 101.82 101.01 117.42 126.46 102.56 149.46 129.20 112.29 124.80 101.20 106.59 94.54 114.20 189.45 208.00 149.78 99.23 130.87 146.52 121.92 110.91 135.34 99.16 113.64 117.48 133.93 125.22 113.91 106.94 97.44 83.82 -9999 -9999 -9999 -9999 -9999 -9999 -9999 -9999 -9999 -9999 -9999 -9999 -9999 -9999 -9999 -9999 -9999 -9999 -9999 -9999 -9999
-9999 -9999 -9999 -9999 -9999 -9999 -9999 -9999 -9999 -9999 -9999 -9999 -9999 -9999 -9999 -9999 -9999 -9999 -9999 -9999 -9999 -9999 -9999 84.84 89.98 96.17 115.76 141.11 124.83 206.64 207.19 158.41 110.50 107.58 91.82 100.40 101.25 147.81 230.62 167.53 109.46 109.92 106.07 119.10 116.83 126.07 117.11 123.78 113.37 109.09 99.01 107.31 109.86 102.66 87.20 -9999 -9999 -9999 -9999 -9999 -9999 -9999 -9999 -9999 -9999 -9999 -9999 -9999 -9999 -9999 -9999 -9999 -9999 -9999 -9999 -9999
-9999 -9999 -9999 -9999 -9999 -9999 -9999 -9999 -9999 -9999 -9999 -9999 -9999 -9999 -9999 -9999 -9999 -9999 -9999 -9999 -9999 -9999 -9999 108.33 121.58 116.80 127.82 169.46 147.56 140.86 172.97 137.50 126.87 108.59 93.52 102.34 107.25 139.55 166.95 220.56 152.85 121.16 102.46 102.05 95.64 97.04 102.33 106.03 119.18 112.12 105.53 97.96 101.96 93.78 92.19 101.37 103.80 82.96 -9999 -9999 -9999 -9999 -9999 -9999 -9999 -9999 -9999 -9999 -9999 -9999 -9999 -9999 -9999 -9999 -9999 -9999
-9999 -9999 -9999 -9999 -9999 -9999 -9999 -9999 -9999 -9999 -9999 -9999 -9999 -9999 -9999 -9999 -9999 -9999 -9999 -9999 -9999 -9999 -9999 114.24 134.71 147.77 157.27 156.26 165.32 190.70 188.50 157.83 135.86 126.09 100.23 115.10 144.21 113.96 113.33 142.58 107.73 117.48 104.26 98.76 84.39 94.30 94.64 98.26 103.45 102.12 94.77 94.21 94.13 91.43 92.30 116.10 88.85 84.95 87.34 98.36 -9999 -9999 -9999 -9999 -9999 -9999 -9999 -9999 -9999 -9999 -9999 -9999 -9999 -9999 -9999 -9999
-9999 -9999 -9999 -9999 -9999 -9999 -9999 -9999 -9999 -9999 -9999 -9999 -9999 -9999 -9999 -9999 -9999 -9999 -9999 -9999 -9999 -9999 -9999 102.13 149.23 184.33 222.28 322.39 297.16 214.09 199.83 210.09 209.41 143.20 157.41 137.63 153.71 122.15 112.61 111.32 97.98 117.63 98.96 104.05 93.73 86.57 88.40 99.53 99.62 96.23 90.30 96.02 108.72 101.84 102.76 91.19 98.32 95.25 120.27 121.05 117.16 111.66 -9999 -9999 -9999 -9999 -9999 -9999 -9999 -9999 -9999 -9999 -9999 -9999 -9999 -9999
-9999 -9999 -9999 -9999 -9999 -9999 -9999 -9999 -9999 -9999 -9999 -9999 -9999 -9999 -9999 -9999 -9999 -9999 -9999 -9999 -9999 -9999 -9999 99.70 128.93 180.60 229.19 279.82 343.21 297.19 236.16 248.25 209.65 234.53 212.73 167.27 140.21 146.38 126.44 115.94 164.97 130.57 118.45 123.54 115.81 109.79 91.76 97.16 91.46 102.55 102.09 101.64 103.47 97.95 89.62 80.06 96.84 97.83 124.74 108.23 114.72 117.79 125.84 -9999 -9999 -9999 -9999 -9999 -9999 -9999 -9999 -9999 -9999 -9999 -9999 -9999
-9999 -9999 -9999 -9999 -9999 -9999 -9999 -9999 -9999 -9999 -9999 67.65 67.05 67.61 -9999 -9999 -9999 -9999 -9999 -9999 -9999 -9999 -9999 -9999 108.99 129.85 181.25 222.10 231.43 332.59 223.34 185.27 229.45 229.13 241.53 216.53 192.76 192.41 175.63 165.60 170.71 129.86 145.15 125.90 96.99 100.00 107.65 90.82 88.09 100.27 108.70 108.98 103.15 97.08 128.07 104.70 135.92 134.95 127.61 111.63 79.77 115.66 118.21 88.95 -9999 -9999 -9999 -9999 -9999 -9999 -9999 -9999 -9999 -9999 -9999 -9999
-9999 -9999 -9999 -9999 -9999 -9999 -9999 -9999 -9999 -9999 -9999 59.29 74.69 -9999 -9999 -9999 -9999 -9999 -9999 -9999 -9999 -9999 -9999 -9999 -9999 130.84 159.13 203.08 229.94 314.01 227.99 209.87 196.72 184.46 200.24 202.55 228.40 298.68 242.07 212.51 226.25 151.63 110.21 86.44 112.41 79.92 109.21 97.59 92.00 91.79 107.66 111.39 112.66 107.95 124.48 115.20 107.72 97.25 105.15 105.63 90.67 83.78 97.86 110.10 -9999 -9999 -9999 -9999 -9999 -9999 -9999 -9999 -9999 -9999 -9999 -9999
-9999 -9999 -9999 -9999 -9999 -9999 -9999 -9999 -9999 -9999 65.48 76.46 96.47 95.75 -9999 -9999 -9999 -9999 -9999 -9999 -9999 -9999 -9999 -9999 -9999 113.26 160.95 204.10 199.06 220.98 219.21 194.36 184.62 185.42 171.32 185.21 212.01 215.55 272.41 226.96 224.42 195.96 140.86 149.55 111.91 115.60 94.00 95.33 81.61 89.46 115.94 116.70 120.46 120.65 111.26 115.38 114.12 107.21 104.25 86.83 93.33 99.87 97.09 115.23 88.88 -9999 -9999 -9999 -9999 -9999 -9999 -9999 -9999 -9999 -9999 -9999
-9999 -9999 -9999 -9999 -9999 -9999 -9999 -9999 -9999 74.08 102.08 95.93 113.54 89.91 -9999 -9999 -9999 -9999 -9999 -9999 -9999 -9999 -9999 -9999 -9999 136.67 190.42 241.25 179.90 198.43 197.27 192.24 185.01 162.00 168.17 187.66 190.95 260.79 231.36 251.04 175.58 190.53 115.62 126.42 96.08 109.59 91.46 88.50 86.42 82.92 86.99 104.19 103.59 111.29 113.93 109.38 99.26 101.31 92.49 88.34 97.13 116.97 123.26 106.67 83.87 -9999 -9999 -9999 -9999 -9999 -9999 -9999 -9999 -9999 -9999 -9999
-9999 -9999 -9999 -9999 -9999 -9999 -9999 -9999 59.36 74.59 127.85 107.21 83.89 -9999 -9999 -9999 -9999 -9999 -9999 -9999 -9999 -9999 -9999 -9999 -9999 -9999 181.63 201.89 181.29 195.28 169.21 172.06 160.12 151.88 148.95 185.90 205.10 259.27 250.91 238.20 211.50 183.12 167.77 161.68 126.39 105.08 84.14 87.65 77.67 81.47 83.26 86.63 93.91 93.53 116.70 113.95 95.03 85.74 89.18 65.37 75.93 87.72 90.18 92.94 95.34 78.51 68.70 -9999 -9999 -9999 -9999 -9999 -9999 -9999 -9999 -9999
-9999 -9999 -9999 -9999 -9999 -9999 -9999 -9999 82.80 99.00 87.65 77.26 76.34 -9999 -9999 -9999 -9999 -9999 -9999 -9999 -9999 -9999 -9999 -9999 -9999 -9999 -9999 157.04 155.22 154.33 141.51 159.61 152.74 144.38 137.01 172.19 182.59 236.59 258.21 210.92 189.08 173.68 161.87 172.77 166.86 129.47 107.81 92.39 91.68 81.71 83.48 83.52 84.92 100.92 111.30 105.11 103.94 98.62 86.51 66.03 78.85 90.79 88.75 83.32 109.88 85.72 72.86 -9999 -9999 -9999 -9999 -9999 -9999 -9999 -9999 -9999
-9999 -9999 -9999 -9999 -9999 -9999 -9999 -9999 79.03 78.87 66.77 70.40 -9999 -9999 -9999 -9999 -9999 -9999 -9999 -9999 -9999 -9999 -9999 -9999 -9999 -9999 -9999 122.86 147.11 151.66 -9999 147.31 -9999 111.50 114.94 130.91 132.22 150.06 180.65 177.93 175.45 230.68 139.17 127.34 174.92 159.59 118.53 103.52 88.87 83.83 90.09 92.77 92.32 96.05 100.66 107.57 118.00 104.27 107.45 100.65 81.78 88.53 94.20 88.93 77.36 73.95 82.72 80.42 57.34 -9999 -9999 -9999 -9999 -9999 -9999 -9999
-9999 -9999 -9999 -9999 -9999 -9999 -9999 58.55 59.75 55.73 -9999 -9999 -9999 -9999 -9999 -9999 -9999 -9999 -9999 -9999 -9999 -9999 -9999 -9999 -9999 -9999 -9999 120.29 119.85 124.83 -9999 -9999 -9999 107.16 129.77 126.16 123.26 123.41 114.60 120.32 131.66 184.81 175.19 120.78 146.70 149.57 126.47 117.67 95.31 89.12 83.56 98.27 92.98 96.57 82.76 98.45 111.70 111.38 140.06 115.13 88.58 76.66 91.06 93.83 89.91 98.76 83.12 76.00 50.74 -9999 -9999 -9999 -9999 -9999 -9999 -9999
-9999 -9999 -9999 -9999 -9999 -9999 -9999 -9999 -9999 -9999 -9999 -9999 -9999 -9999 -9999 -9999 -9999 -9999 -9999 -9999 -9999 -9999 -9999 -9999 -9999 -9999 -9999 -9999 -9999 -9999 -9999 -9999 96.03 101.50 145.34 171.62 153.67 147.67 149.81 106.22 120.60 159.15 142.29 122.79 116.81 125.37 128.32 113.86 85.92 79.50 85.58 98.89 92.32 82.82 85.62 97.77 116.58 119.80 117.58 113.82 115.72 93.31 92.38 83.01 75.76 76.72 68.07 67.34 -9999 -9999 -9999 -9999 -9999 -9999 -9999 -9999
-9999 -9999 -9999 -9999 -9999 -9999 -9999 -9999 -9999 -9999 -9999 -9999 -9999 -9999 -9999 -9999 -9999 -9999 -9999 -9999 -9999 -9999 -9999 -9999 -9999 -9999 -9999 -9999 -9999 -9999 -9999 -9999 93.88 102.44 151.04 214.77 213.21 183.48 158.72 137.14 108.18 111.16 103.76 116.86 142.40 131.94 118.81 109.92 82.18 75.23 80.62 89.42 85.04 79.93 83.92 95.82 102.79 109.94 111.60 110.74 134.25 113.49 83.05 79.46 88.51 82.32 72.16 72.39 -9999 -9999 -9999 -9999 -9999 -9999 -9999 -9999
-9999 -9999 -9999 -9999 -9999 -9999 -9999 -9999 -9999 -9999 -9999 -9999 -9999 -9999 -9999 -9999 -9999 -9999 -9999 -9999 -9999 -9999 -9999 -9999 -9999 -9999 -9999 -9999 -9999 -9999 -9999 -9999 100.79 116.48 146.72 175.92 184.73 183.37 144.41 121.63 110.03 108.68 92.50 114.21 108.65 99.93 126.09 89.75 79.17 71.87 70.92 71.41 74.05 79.39 90.91 98.53 79.81 96.92 108.08 109.58 127.46 123.63 99.84 91.83 86.93 90.36 75.73 79.87 -9999 -9999 -9999 -9999 -9999 -9999 -9999 -9999
-9999 -9999 -9999 -9999 -9999 -9999 -9999 -9999 -9999 -9999 -9999 -9999 -9999 -9999 -9999 -9999 -9999 -9999 -9999 -9999 -9999 -9999 -9999 -9999 -9999 -9999 -9999 -9999 -9999 -9999 100.70 100.26 102.81 114.69 175.86 192.58 218.48 183.99 167.20 116.17 114.48 115.59 88.72 102.12 93.37 103.03 95.97 76.09 75.30 70.58 60.26 68.63 67.56 71.50 80.35 84.35 79.60 96.18 97.93 105.77 112.36 120.21 122.23 121.40 100.73 88.32 99.30 87.03 81.52 -9999 -9999 -9999 -9999 -9999 -9999 -9999
-9999 -9999 -9999 -9999 -9999 -9999 -9999 -9999 -9999 -9999 -9999 -9999 -9999 -9999 -9999 -9999 -9999 -9999 -9999 -9999 -9999 -9999 -9999 -9999 -9999 -9999 -9999 -9999 -9999 -9999 110.22 113.78 110.66 119.50 142.64 190.05 172.41 166.18 143.28 138.61 150.28 123.67 122.99 111.48 100.52 69.71 66.41 68.36 76.31 71.35 68.28 63.34 66.73 65.23 61.50 67.99 77.28 88.06 90.58 99.64 104.29 109.18 129.06 124.36 110.97 96.35 101.42 97.17 87.96 -9999 -9999 -9999 -9999 -9999 -9999 -9999
-9999 -9999 -9999 -9999 -9999 -9999 -9999 -9999 -9999 -9999 -9999 -9999 -9999 -9999 -9999 -9999 -9999 -9999 -9999 -9999 -9999 -9999 -9999 -9999 -9999 -9999 -9999 -9999 -9999 -9999 109.93 111.29 111.66 132.12 139.05 158.23 156.30 162.89 127.91 138.49 130.87 117.70 104.19 122.31 74.36 72.65 54.98 62.45 54.96 51.58 60.70 65.09 64.82 62.22 54.93 65.57 69.61 77.83 79.26 98.70 101.56 97.55 103.49 118.52 116.58 110.16 103.68 105.84 92.96 85.03 -9999 -9999 -9999 -9999 -9999 -9999
-9999 -9999 -9999 -9999 -9999 -9999 -9999 -9999 -9999 -9999 -9999 -9999 -9999 -9999 -9999 -9999 -9999 -9999 -9999 -9999 -9999 -9999 -9999 -9999 -9999 -9999 -9999 -9999 -9999 -9999 102.23 110.71 104.38 125.65 173.12 141.67 122.72 129.48 125.82 99.64 112.60 105.60 128.39 131.18 110.24 94.88 66.56 57.63 63.27 54.84 52.51 59.91 65.35 60.88 58.70 64.28 60.93 72.06 77.98 77.55 73.46 82.53 90.43 101.01 137.97 112.95 106.62 98.46 90.57 86.63 72.34 -9999 -9999 -9999 -9999 -9999
-9999 -9999 -9999 -9999 -9999 -9999 -9999 -9999 -9999 -9999 -9999 -9999 -9999 -9999 -9999 -9999 -9999 -9999 -9999 -9999 -9999 -9999 -9999 -9999 -9999 -9999 -9999 -9999 -9999 -9999 104.88 108.77 100.52 101.93 136.02 123.12 119.13 114.64 114.86 101.76 125.60 127.92 135.84 112.59 102.03 70.36 73.53 61.46 75.83 62.04 55.37 56.95 53.55 61.29 66.01 67.53 66.13 71.12 76.21 73.77 72.43 74.99 77.83 79.91 97.31 94.13 88.81 85.68 81.46 79.96 68.66 -9999 -9999 -9999 -9999 -9999
-9999 -9999 -9999 -9999 -9999 -9999 -9999 -9999 -9999 -9999 -9999 -9999 -9999 -9999 -9999 -9999 -9999 -9999 -9999 -9999 -9999 -9999 -9999 -9999 -9999 -9999 -9999 -9999 -9999 -9999 -9999 100.00 106.40 99.76 113.86 110.56 127.32 137.66 123.16 109.28 116.22 132.03 131.22 106.58 102.10 69.35 63.18 60.03 50.18 65.90 45.53 51.47 54.85 61.23 64.09 70.44 67.81 70.22 70.83 70.59 69.97 65.37 82.03 72.52 78.39 72.09 64.56 -9999 78.50 77.81 72.72 71.64 -9999 -9999 -9999 -9999
-9999 -9999 -9999 -9999 -9999 -9999 -9999 -9999 -9999 -9999 -9999 -9999 -9999 -9999 -9999 -9999 -9999 -9999 -9999 -9999 -9999 -9999 -9999 -9999 -9999 -9999 -9999 -9999 -9999 -9999 103.03 105.46 124.80 107.77 107.15 103.21 137.83 165.08 147.87 142.14 132.91 136.15 129.12 153.53 112.97 98.96 67.57 51.66 56.68 46.24 33.07 48.08 53.21 56.00 65.01 65.64 69.33 75.49 71.62 70.07 67.97 77.92 68.86 70.09 77.78 74.87 67.89 71.23 -9999 74.09 71.70 68.74 63.83 -9999 -9999 -9999
-9999 -9999 -9999 -9999 -9999 -9999 -9999 -9999 -9999 -9999 -9999 -9999 -9999 -9999 -9999 -9999 -9999 -9999 -9999 -9999 -9999 -9999 -9999 -9999 -9999 -9999 -9999 -9999 -9999 -9999 104.56 133.42 120.40 109.77 112.40 98.94 101.51 135.55 119.47 109.83 99.70 83.02 95.03 103.14 109.32 86.95 62.00 52.09 47.44 42.01 48.03 48.88 54.93 59.91 61.11 66.26 67.97 76.24 70.79 75.32 62.57 66.41 67.23 67.76 63.20 73.02 71.78 65.87 64.72 -9999 -9999 -9999 -9999 -9999 -9999 -9999
-9999 -9999 -9999 -9999 -9999 -9999 -9999 -9999 -9999 -9999 -9999 -9999 -9999 -9999 -9999 -9999 -9999 -9999 -9999 -9999 -9999 -9999 -9999 -9999 -9999 -9999 -9999 -9999 -9999 98.71 112.05 113.52 111.35 99.89 101.87 93.84 105.07 110.99 99.74 86.69 87.63 88.81 100.12 121.76 111.72 96.46 72.14 66.89 46.23 34.62 39.35 37.10 46.07 60.15 61.56 75.89 72.39 60.69 66.99 66.24 63.15 63.50 58.50 55.67 66.43 66.82 58.70 58.17 52.67 52.63 54.44 -9999 -9999 -9999 -9999 -9999
-9999 -9999 -9999 -9999 -9999 -9999 -9999 -9999 -9999 -9999 -9999 -9999 -9999 -9999 -9999 -9999 -9999 -9999 -9999 -9999 -9999 -9999 -9999 -9999 -9999 -9999 -9999 -9999 -9999 -9999 96.98 97.68 104.97 94.00 98.71 93.41 92.60 82.13 85.23 84.03 76.97 85.61 91.75 100.54 115.44 114.23 101.59 72.02 53.30 49.48 42.73 43.98 34.50 44.57 57.12 71.46 85.76 81.13 60.46 48.56 46.83 66.88 62.75 59.66 65.38 52.44 49.19 53.39 50.74 47.89 49.14 50.90 53.76 -9999 -9999 -9999
