Rainfall_2007-2011/Rainfall_2011-05_ACTUAL.txt
ncols         180
nrows         290
xllcorner     -200000
yllcorner     -200000
cellsize      5000
NODATA_value  -9999
[rows 136 to 169 of 290, columns 76 to 151 of 180]
-9999 -9999 -9999 107.61 120.09 125.90 156.11 156.93 164.71 147.48 142.49 140.47 152.17 188.52 266.53 235.30 204.62 166.48 154.49 141.43 141.52 154.59 182.26 181.77 181.93 152.46 149.01 134.58 125.06 123.15 113.45 112.39 121.01 135.51 110.47 112.22 123.38 117.20 107.77 91.52 71.33 41.41 39.40 58.06 49.41 35.55 44.44 38.01 37.51 34.83 27.36 25.12 -9999 -9999 -9999 -9999 -9999 -9999 -9999 -9999 -9999 -9999 -9999 -9999 -9999 -9999 -9999 -9999 -9999 -9999 -9999 -9999 -9999 -9999 -9999 -9999
-9999 -9999 -9999 93.21 104.23 103.40 120.07 119.70 132.91 129.93 143.23 131.63 135.44 164.04 212.25 214.93 217.39 175.67 131.02 129.95 146.13 155.02 200.53 177.17 -9999 -9999 -9999 120.08 114.69 -9999 103.09 100.67 114.12 125.73 113.39 113.28 130.46 109.67 98.76 94.34 68.25 44.82 42.59 35.63 26.63 38.29 39.66 40.27 33.05 32.55 28.47 27.48 -9999 -9999 -9999 -9999 -9999 -9999 -9999 -9999 -9999 -9999 -9999 -9999 -9999 -9999 -9999 -9999 -9999 -9999 -9999 -9999 -9999 -9999 -9999 -9999
-9999 -9999 -9999 74.74 89.82 95.08 95.81 110.52 123.75 131.27 136.99 123.51 125.78 141.71 203.83 188.05 205.15 180.65 134.53 145.13 136.31 128.91 135.22 151.99 -9999 -9999 -9999 135.27 117.11 110.19 97.18 85.63 90.98 99.76 115.54 128.78 154.80 127.51 123.57 96.42 81.98 65.56 56.24 44.35 36.29 43.09 38.74 40.71 44.95 35.29 26.05 31.67 -9999 -9999 -9999 -9999 -9999 -9999 -9999 -9999 -9999 -9999 -9999 -9999 -9999 -9999 -9999 -9999 -9999 -9999 -9999 -9999 -9999 -9999 -9999 -9999
-9999 -9999 -9999 -9999 75.21 94.13 88.47 -9999 130.57 135.83 130.41 122.68 115.55 -9999 143.53 139.05 156.38 129.67 129.57 144.85 127.42 115.38 -9999 -9999 -9999 -9999 153.65 121.03 114.32 96.46 91.10 89.75 83.35 84.96 113.19 131.29 176.52 150.75 154.19 109.83 94.88 73.01 52.24 54.09 35.02 39.48 45.75 41.85 43.18 34.10 28.33 25.99 27.70 -9999 -9999 -9999 -9999 -9999 -9999 -9999 -9999 -9999 -9999 -9999 -9999 -9999 -9999 -9999 -9999 -9999 -9999 -9999 -9999 -9999 -9999 -9999
-9999 -9999 -9999 -9999 -9999 93.56 -9999 -9999 -9999 125.24 122.22 122.01 118.58 97.47 -9999 -9999 129.26 125.12 117.74 139.05 -9999 -9999 -9999 -9999 -9999 127.27 129.36 122.32 118.58 112.08 99.55 89.95 85.18 95.95 102.97 122.46 144.51 178.52 161.88 130.28 113.34 103.87 70.67 57.44 48.74 48.29 45.22 47.40 42.87 34.52 31.39 32.71 32.34 -9999 -9999 -9999 -9999 -9999 -9999 -9999 -9999 -9999 -9999 -9999 -9999 -9999 -9999 -9999 -9999 -9999 -9999 -9999 -9999 -9999 -9999 -9999
-9999 -9999 -9999 -9999 -9999 89.54 85.42 -9999 -9999 -9999 107.30 121.34 117.50 104.63 -9999 -9999 -9999 -9999 108.17 -9999 -9999 -9999 -9999 -9999 -9999 117.17 123.31 122.19 121.72 134.21 125.32 95.11 85.62 92.76 111.25 104.97 127.62 145.40 143.27 163.62 126.79 108.88 65.97 60.17 55.30 49.58 54.18 47.39 38.45 33.00 34.03 36.24 31.51 -9999 -9999 -9999 -9999 -9999 -9999 -9999 -9999 -9999 -9999 -9999 -9999 -9999 -9999 -9999 -9999 -9999 -9999 -9999 -9999 -9999 -9999 -9999
-9999 -9999 -9999 -9999 -9999 -9999 93.78 -9999 -9999 -9999 -9999 111.47 107.22 101.39 -9999 -9999 -9999 -9999 -9999 -9999 -9999 -9999 -9999 -9999 135.39 137.04 146.83 143.17 152.70 163.14 164.09 141.72 109.56 100.06 101.48 108.65 127.82 171.11 182.66 176.79 126.48 90.93 71.43 67.03 52.20 45.33 50.90 50.36 39.99 37.53 35.29 40.13 37.11 29.03 -9999 -9999 -9999 -9999 -9999 -9999 -9999 -9999 -9999 -9999 -9999 -9999 -9999 -9999 -9999 -9999 -9999 -9999 -9999 -9999 -9999 -9999
-9999 -9999 -9999 -9999 -9999 -9999 101.22 -9999 -9999 -9999 -9999 -9999 -9999 -9999 -9999 -9999 -9999 -9999 -9999 -9999 -9999 -9999 -9999 -9999 135.80 164.83 150.38 144.37 137.25 203.22 235.88 168.57 128.48 115.27 119.28 82.33 89.63 141.45 165.57 156.47 116.58 127.72 117.17 88.94 76.72 64.86 46.36 45.32 41.84 41.47 36.59 37.60 35.61 28.63 22.25 -9999 -9999 -9999 -9999 -9999 -9999 -9999 -9999 -9999 -9999 -9999 -9999 -9999 -9999 -9999 -9999 -9999 -9999 -9999 -9999 -9999
-9999 -9999 -9999 -9999 -9999 -9999 -9999 -9999 -9999 -9999 -9999 -9999 -9999 -9999 -9999 -9999 -9999 -9999 -9999 -9999 -9999 -9999 -9999 128.19 126.51 154.42 158.52 188.96 185.22 275.39 264.82 198.26 146.96 129.12 109.46 97.36 83.73 112.57 168.23 138.98 102.36 107.91 92.96 93.91 76.60 61.74 51.66 39.64 38.91 36.58 37.79 37.87 32.91 26.23 24.07 -9999 -9999 -9999 -9999 -9999 -9999 -9999 -9999 -9999 -9999 -9999 -9999 -9999 -9999 -9999 -9999 -9999 -9999 -9999 -9999 -9999
-9999 -9999 -9999 -9999 -9999 -9999 -9999 -9999 -9999 -9999 -9999 -9999 -9999 -9999 -9999 -9999 -9999 -9999 -9999 -9999 -9999 -9999 -9999 143.52 165.93 182.08 228.98 288.36 260.17 210.31 239.22 216.84 180.67 159.57 126.37 118.37 101.15 108.36 111.35 150.17 131.88 123.97 105.06 92.08 69.76 51.79 53.06 38.61 38.84 35.51 34.16 33.42 32.68 27.84 28.65 24.07 20.01 20.48 -9999 -9999 -9999 -9999 -9999 -9999 -9999 -9999 -9999 -9999 -9999 -9999 -9999 -9999 -9999 -9999 -9999 -9999
-9999 -9999 -9999 -9999 -9999 -9999 -9999 -9999 -9999 -9999 -9999 -9999 -9999 -9999 -9999 -9999 -9999 -9999 -9999 -9999 -9999 -9999 -9999 141.52 178.43 217.53 204.88 288.24 310.41 297.25 280.32 257.71 220.91 227.31 180.07 146.11 106.38 93.25 83.16 104.52 93.01 107.86 101.87 86.31 61.10 49.54 46.79 41.04 37.38 32.76 31.61 31.15 36.96 38.34 36.98 39.87 34.34 32.46 19.89 25.06 -9999 -9999 -9999 -9999 -9999 -9999 -9999 -9999 -9999 -9999 -9999 -9999 -9999 -9999 -9999 -9999
-9999 -9999 -9999 -9999 -9999 -9999 -9999 -9999 -9999 -9999 -9999 -9999 -9999 -9999 -9999 -9999 -9999 -9999 -9999 -9999 -9999 -9999 -9999 128.39 189.31 251.23 351.50 440.36 485.40 330.18 309.55 292.72 299.73 244.81 240.79 196.17 129.65 105.25 109.76 92.63 83.94 98.94 81.36 80.06 61.00 48.52 43.86 42.33 34.04 29.70 31.94 34.07 37.43 41.24 41.19 44.89 48.53 41.18 27.45 28.43 31.04 27.30 -9999 -9999 -9999 -9999 -9999 -9999 -9999 -9999 -9999 -9999 -9999 -9999 -9999 -9999
-9999 -9999 -9999 -9999 -9999 -9999 -9999 -9999 -9999 -9999 -9999 -9999 -9999 -9999 -9999 -9999 -9999 -9999 -9999 -9999 -9999 -9999 -9999 124.17 147.48 206.42 279.20 352.05 471.91 494.10 299.56 316.06 251.17 279.98 266.81 212.49 168.34 136.93 127.60 112.25 141.47 116.83 110.87 96.67 83.50 65.51 47.09 46.97 40.03 36.99 37.00 39.04 39.83 44.23 48.66 42.25 45.20 34.53 29.54 31.74 33.20 28.08 30.05 -9999 -9999 -9999 -9999 -9999 -9999 -9999 -9999 -9999 -9999 -9999 -9999 -9999
-9999 -9999 -9999 -9999 -9999 -9999 -9999 -9999 -9999 -9999 -9999 111.97 105.50 101.67 -9999 -9999 -9999 -9999 -9999 -9999 -9999 -9999 -9999 -9999 120.47 147.65 202.47 262.13 320.00 371.43 259.69 218.25 203.79 229.30 209.05 191.57 189.93 166.30 148.61 147.30 146.95 125.53 130.17 100.10 81.90 68.08 60.42 50.65 43.39 40.26 38.03 44.65 45.52 56.53 73.24 55.33 60.87 51.99 45.15 44.35 35.87 33.11 31.73 25.83 -9999 -9999 -9999 -9999 -9999 -9999 -9999 -9999 -9999 -9999 -9999 -9999
-9999 -9999 -9999 -9999 -9999 -9999 -9999 -9999 -9999 -9999 -9999 104.72 118.04 -9999 -9999 -9999 -9999 -9999 -9999 -9999 -9999 -9999 -9999 -9999 -9999 140.34 175.72 212.67 276.86 366.06 254.08 199.44 186.98 172.24 158.31 148.31 140.79 206.25 189.89 168.34 182.72 134.41 100.83 73.78 81.62 59.00 64.14 48.95 40.89 39.78 40.08 47.20 50.81 54.85 62.85 60.07 54.79 44.02 44.19 44.19 37.49 24.29 29.01 34.25 -9999 -9999 -9999 -9999 -9999 -9999 -9999 -9999 -9999 -9999 -9999 -9999
-9999 -9999 -9999 -9999 -9999 -9999 -9999 -9999 -9999 -9999 116.57 147.18 164.69 148.75 -9999 -9999 -9999 -9999 -9999 -9999 -9999 -9999 -9999 -9999 -9999 129.26 168.59 183.52 225.18 234.58 205.35 178.99 161.66 151.02 120.63 135.70 146.38 156.59 204.14 170.50 184.08 144.00 100.97 98.38 79.10 70.43 54.26 44.60 37.16 38.98 37.39 36.78 51.85 57.40 58.64 64.81 56.07 48.61 44.97 38.53 37.82 30.40 31.18 42.50 41.04 -9999 -9999 -9999 -9999 -9999 -9999 -9999 -9999 -9999 -9999 -9999
-9999 -9999 -9999 -9999 -9999 -9999 -9999 -9999 -9999 114.30 155.56 159.99 206.98 132.85 -9999 -9999 -9999 -9999 -9999 -9999 -9999 -9999 -9999 -9999 -9999 133.37 161.28 165.14 151.73 149.87 99.86 156.57 159.46 128.80 119.85 135.22 128.98 185.44 170.85 180.17 139.52 155.41 95.39 89.30 68.64 64.96 51.02 45.27 42.81 39.21 39.58 40.13 44.71 53.71 60.71 59.53 49.22 43.92 40.14 39.41 38.08 39.78 37.61 39.70 38.89 -9999 -9999 -9999 -9999 -9999 -9999 -9999 -9999 -9999 -9999 -9999
-9999 -9999 -9999 -9999 -9999 -9999 -9999 -9999 103.39 115.65 174.22 150.76 115.45 -9999 -9999 -9999 -9999 -9999 -9999 -9999 -9999 -9999 -9999 -9999 -9999 -9999 134.99 136.40 111.24 112.66 119.65 119.93 109.32 105.50 110.27 129.85 120.41 159.53 181.12 183.34 178.11 171.11 137.38 124.78 92.42 70.94 62.79 59.17 47.82 44.76 43.42 43.99 43.76 47.31 63.18 58.64 46.38 39.27 35.45 33.47 32.24 34.90 37.12 35.06 32.55 28.68 24.86 -9999 -9999 -9999 -9999 -9999 -9999 -9999 -9999 -9999
-9999 -9999 -9999 -9999 -9999 -9999 -9999 -9999 125.92 159.81 130.62 105.99 106.41 -9999 -9999 -9999 -9999 -9999 -9999 -9999 -9999 -9999 -9999 -9999 -9999 -9999 -9999 107.87 108.33 117.54 110.70 98.71 102.13 104.51 106.62 126.72 122.38 162.03 182.15 183.14 179.62 163.44 152.67 145.18 125.37 101.48 76.60 65.73 57.83 48.02 45.58 47.85 43.24 51.22 62.11 56.86 46.66 43.75 36.03 29.98 34.49 38.63 36.54 35.16 42.18 32.83 27.09 -9999 -9999 -9999 -9999 -9999 -9999 -9999 -9999 -9999
-9999 -9999 -9999 -9999 -9999 -9999 -9999 -9999 120.26 118.26 105.91 102.00 -9999 -9999 -9999 -9999 -9999 -9999 -9999 -9999 -9999 -9999 -9999 -9999 -9999 -9999 -9999 78.59 90.79 114.45 -9999 98.38 -9999 79.73 96.44 102.42 118.88 118.32 125.00 157.85 153.83 210.26 154.58 111.21 125.02 108.19 95.04 71.05 58.72 49.83 43.51 49.50 46.52 50.54 58.03 54.80 51.05 44.52 40.26 36.48 35.32 38.55 36.32 37.05 36.50 42.21 37.04 33.83 29.81 -9999 -9999 -9999 -9999 -9999 -9999 -9999
-9999 -9999 -9999 -9999 -9999 -9999 -9999 82.98 97.52 90.26 -9999 -9999 -9999 -9999 -9999 -9999 -9999 -9999 -9999 -9999 -9999 -9999 -9999 -9999 -9999 -9999 -9999 78.91 74.60 90.51 -9999 -9999 -9999 83.59 102.15 109.46 110.12 114.48 112.39 100.47 89.41 141.77 142.47 110.70 111.64 103.77 96.02 80.28 61.77 52.26 43.99 54.50 49.14 47.62 53.99 48.89 47.88 44.63 43.57 36.94 35.60 38.65 38.85 40.37 37.51 39.95 35.16 29.70 26.65 -9999 -9999 -9999 -9999 -9999 -9999 -9999
-9999 -9999 -9999 -9999 -9999 -9999 -9999 -9999 -9999 -9999 -9999 -9999 -9999 -9999 -9999 -9999 -9999 -9999 -9999 -9999 -9999 -9999 -9999 -9999 -9999 -9999 -9999 -9999 -9999 -9999 -9999 -9999 87.14 89.45 109.82 154.02 148.74 164.80 151.79 98.91 106.13 128.41 112.40 105.92 91.83 85.11 81.21 70.43 54.65 47.59 46.17 53.18 51.10 40.05 39.94 45.63 47.19 46.91 42.97 41.00 43.45 40.33 42.34 37.81 36.50 33.16 28.18 25.32 -9999 -9999 -9999 -9999 -9999 -9999 -9999 -9999
-9999 -9999 -9999 -9999 -9999 -9999 -9999 -9999 -9999 -9999 -9999 -9999 -9999 -9999 -9999 -9999 -9999 -9999 -9999 -9999 -9999 -9999 -9999 -9999 -9999 -9999 -9999 -9999 -9999 -9999 -9999 -9999 81.37 80.15 122.40 197.97 217.20 195.59 166.74 137.75 94.59 96.99 82.94 90.48 107.41 81.79 70.73 68.85 52.09 45.64 45.18 47.72 47.05 40.98 41.28 45.85 46.55 46.70 45.58 44.13 52.22 46.28 33.35 35.00 35.98 32.45 30.98 29.16 -9999 -9999 -9999 -9999 -9999 -9999 -9999 -9999
-9999 -9999 -9999 -9999 -9999 -9999 -9999 -9999 -9999 -9999 -9999 -9999 -9999 -9999 -9999 -9999 -9999 -9999 -9999 -9999 -9999 -9999 -9999 -9999 -9999 -9999 -9999 -9999 -9999 -9999 -9999 -9999 70.12 92.16 123.06 163.66 211.65 181.89 150.69 105.43 90.34 88.79 69.77 73.52 72.98 57.21 64.41 55.03 49.61 44.79 42.48 41.81 43.41 45.71 44.52 47.53 48.99 46.94 48.33 46.41 54.79 54.52 40.84 36.77 37.67 33.21 32.55 31.96 -9999 -9999 -9999 -9999 -9999 -9999 -9999 -9999
-9999 -9999 -9999 -9999 -9999 -9999 -9999 -9999 -9999 -9999 -9999 -9999 -9999 -9999 -9999 -9999 -9999 -9999 -9999 -9999 -9999 -9999 -9999 -9999 -9999 -9999 -9999 -9999 -9999 -9999 51.65 65.49 63.83 94.76 116.92 143.10 194.56 165.92 145.10 108.28 103.79 82.87 83.02 86.97 70.37 71.75 57.92 49.17 38.63 40.92 37.36 41.25 41.64 42.93 45.52 44.81 46.45 47.90 48.51 45.20 49.20 52.47 40.08 35.28 33.67 32.92 38.06 32.07 29.35 -9999 -9999 -9999 -9999 -9999 -9999 -9999
-9999 -9999 -9999 -9999 -9999 -9999 -9999 -9999 -9999 -9999 -9999 -9999 -9999 -9999 -9999 -9999 -9999 -9999 -9999 -9999 -9999 -9999 -9999 -9999 -9999 -9999 -9999 -9999 -9999 -9999 67.67 63.35 66.75 77.12 92.97 124.14 135.59 122.54 107.83 123.48 141.46 86.17 120.06 107.63 82.37 54.39 43.32 48.69 46.58 44.14 40.94 40.32 43.91 42.08 46.99 47.09 44.77 42.69 37.67 40.57 44.78 44.21 39.21 35.28 31.44 41.70 37.39 32.25 27.36 -9999 -9999 -9999 -9999 -9999 -9999 -9999
-9999 -9999 -9999 -9999 -9999 -9999 -9999 -9999 -9999 -9999 -9999 -9999 -9999 -9999 -9999 -9999 -9999 -9999 -9999 -9999 -9999 -9999 -9999 -9999 -9999 -9999 -9999 -9999 -9999 -9999 63.68 63.98 66.42 75.12 85.52 94.48 97.06 102.15 99.38 124.83 122.19 107.17 91.60 113.85 67.34 60.84 43.25 42.60 41.48 36.61 40.11 42.52 43.33 45.49 47.37 50.44 45.90 41.26 35.10 36.94 41.82 40.04 38.32 37.24 34.50 37.03 39.93 35.76 32.03 30.48 -9999 -9999 -9999 -9999 -9999 -9999
-9999 -9999 -9999 -9999 -9999 -9999 -9999 -9999 -9999 -9999 -9999 -9999 -9999 -9999 -9999 -9999 -9999 -9999 -9999 -9999 -9999 -9999 -9999 -9999 -9999 -9999 -9999 -9999 -9999 -9999 39.41 52.58 55.95 64.23 90.44 83.82 87.05 103.26 111.17 104.27 107.44 103.72 116.19 113.92 95.49 77.79 52.68 42.99 39.70 34.90 34.30 39.41 42.88 43.74 44.35 49.00 45.71 40.66 39.41 37.65 35.57 35.25 36.70 35.53 36.58 34.26 38.60 33.80 33.81 33.16 30.56 -9999 -9999 -9999 -9999 -9999
-9999 -9999 -9999 -9999 -9999 -9999 -9999 -9999 -9999 -9999 -9999 -9999 -9999 -9999 -9999 -9999 -9999 -9999 -9999 -9999 -9999 -9999 -9999 -9999 -9999 -9999 -9999 -9999 -9999 -9999 42.16 44.84 47.84 51.69 73.61 82.22 89.45 102.23 106.07 113.27 144.71 130.17 132.20 108.65 94.28 66.77 63.49 49.40 47.70 42.34 38.62 40.11 36.03 40.36 42.57 44.13 42.03 37.21 42.71 39.00 33.35 29.99 31.44 30.76 34.49 33.86 34.11 33.15 34.35 33.86 32.00 -9999 -9999 -9999 -9999 -9999
-9999 -9999 -9999 -9999 -9999 -9999 -9999 -9999 -9999 -9999 -9999 -9999 -9999 -9999 -9999 -9999 -9999 -9999 -9999 -9999 -9999 -9999 -9999 -9999 -9999 -9999 -9999 -9999 -9999 -9999 -9999 41.29 41.77 47.88 55.22 82.29 117.95 127.71 118.11 137.50 121.35 134.86 132.97 113.92 94.99 67.64 59.45 47.66 31.48 39.96 38.18 38.83 38.33 40.87 46.20 44.78 40.21 39.69 41.84 39.56 33.40 27.68 31.22 29.80 34.29 33.52 32.15 -9999 34.05 34.26 34.49 33.05 -9999 -9999 -9999 -9999
-9999 -9999 -9999 -9999 -9999 -9999 -9999 -9999 -9999 -9999 -9999 -9999 -9999 -9999 -9999 -9999 -9999 -9999 -9999 -9999 -9999 -9999 -9999 -9999 -9999 -9999 -9999 -9999 -9999 -9999 34.98 44.15 44.87 55.37 69.74 72.82 131.52 153.23 135.89 152.34 153.32 136.17 116.66 128.33 103.55 89.64 66.01 51.93 47.53 43.91 37.50 37.99 37.60 39.11 42.65 40.94 38.38 38.13 37.95 37.58 35.99 32.02 39.72 35.70 36.64 35.88 32.71 30.78 -9999 32.05 31.00 29.51 25.57 -9999 -9999 -9999
-9999 -9999 -9999 -9999 -9999 -9999 -9999 -9999 -9999 -9999 -9999 -9999 -9999 -9999 -9999 -9999 -9999 -9999 -9999 -9999 -9999 -9999 -9999 -9999 -9999 -9999 -9999 -9999 -9999 -9999 34.91 49.44 54.23 57.81 66.22 78.66 89.68 104.73 116.91 118.05 122.06 91.32 117.91 110.66 111.72 84.98 64.59 54.19 50.82 44.03 45.53 39.76 39.92 45.40 41.27 39.44 38.10 37.28 33.95 31.21 40.95 38.22 49.82 39.60 34.05 34.22 33.94 31.17 28.66 -9999 -9999 -9999 -9999 -9999 -9999 -9999
-9999 -9999 -9999 -9999 -9999 -9999 -9999 -9999 -9999 -9999 -9999 -9999 -9999 -9999 -9999 -9999 -9999 -9999 -9999 -9999 -9999 -9999 -9999 -9999 -9999 -9999 -9999 -9999 -9999 44.16 45.32 48.80 54.96 54.18 64.40 74.30 93.96 101.85 106.25 92.49 90.31 93.01 101.33 105.34 119.48 107.17 83.35 72.55 66.04 40.90 43.37 40.55 41.70 44.10 41.03 43.03 42.37 32.08 33.63 34.47 39.10 38.71 40.20 40.07 39.51 33.61 31.19 32.87 33.29 26.84 28.15 -9999 -9999 -9999 -9999 -9999
-9999 -9999 -9999 -9999 -9999 -9999 -9999 -9999 -9999 -9999 -9999 -9999 -9999 -9999 -9999 -9999 -9999 -9999 -9999 -9999 -9999 -9999 -9999 -9999 -9999 -9999 -9999 -9999 -9999 -9999 43.67 50.68 51.02 59.47 68.55 70.22 80.25 75.87 85.46 88.05 88.12 86.33 88.19 95.58 123.74 119.12 115.64 82.11 64.49 55.22 45.78 44.84 36.98 37.94 40.98 45.44 50.82 46.35 41.15 38.81 37.03 37.04 38.28 39.21 38.28 30.09 29.59 31.85 30.39 28.25 26.62 25.83 25.22 -9999 -9999 -9999
