Rainfall_2007-2011/Rainfall_2008-01_ACTUAL.txt
ncols         180
nrows         290
xllcorner     -200000
yllcorner     -200000
cellsize      5000
NODATA_value  -9999
[rows 99 to 131 of 290, columns 75 to 149 of 180]
426.61 466.65 433.57 -9999 410.28 548.45 554.67 576.37 485.20 490.39 480.75 451.94 434.91 415.74 405.78 415.10 462.18 450.44 497.18 444.05 345.37 320.96 285.87 247.35 200.55 256.95 276.60 252.22 246.71 236.91 182.73 179.04 156.28 168.67 157.72 131.81 148.31 170.04 157.26 -9999 -9999 -9999 -9999 -9999 -9999 -9999 -9999 -9999 -9999 -9999 -9999 -9999 -9999 -9999 -9999 -9999 -9999 -9999 -9999 -9999 -9999 -9999 -9999 -9999 -9999 -9999 -9999 -9999 -9999 -9999 -9999 -9999 -9999 -9999 -9999
400.44 374.80 -9999 275.89 345.36 443.90 521.61 506.15 531.97 542.62 461.78 496.90 461.81 449.07 442.00 438.51 467.35 335.47 356.41 353.29 369.55 330.57 301.31 274.69 255.64 255.87 250.78 224.18 211.48 204.59 168.15 155.00 182.88 186.70 168.83 152.40 167.43 151.64 142.50 -9999 -9999 -9999 -9999 -9999 -9999 -9999 -9999 -9999 -9999 -9999 -9999 -9999 -9999 -9999 -9999 -9999 -9999 -9999 -9999 -9999 -9999 -9999 -9999 -9999 -9999 -9999 -9999 -9999 -9999 -9999 -9999 -9999 -9999 -9999 -9999
324.43 -9999 272.06 241.83 339.49 560.26 521.67 637.09 519.69 480.65 422.09 506.03 528.00 422.84 467.00 413.87 401.24 408.14 462.38 370.23 403.25 430.50 342.70 245.91 265.63 243.15 234.12 185.72 168.80 164.39 164.93 187.95 183.95 195.08 192.80 187.18 172.32 151.98 119.54 -9999 -9999 -9999 -9999 -9999 -9999 -9999 -9999 -9999 -9999 -9999 -9999 -9999 -9999 -9999 -9999 -9999 -9999 -9999 -9999 -9999 -9999 -9999 -9999 -9999 -9999 -9999 -9999 -9999 -9999 -9999 -9999 -9999 -9999 -9999 -9999
-9999 266.86 -9999 340.81 379.76 502.76 419.04 533.54 493.38 533.01 511.76 601.16 551.75 515.17 435.06 434.95 436.44 386.62 363.08 411.65 468.31 437.36 349.44 261.35 255.95 252.12 214.10 197.88 177.76 174.65 219.06 180.00 176.33 179.19 181.89 163.72 143.74 120.93 -9999 -9999 -9999 -9999 -9999 -9999 -9999 -9999 -9999 -9999 -9999 -9999 -9999 -9999 -9999 -9999 -9999 -9999 -9999 -9999 -9999 -9999 -9999 -9999 -9999 -9999 -9999 -9999 -9999 -9999 -9999 -9999 -9999 -9999 -9999 -9999 -9999
-9999 -9999 264.53 293.03 351.53 346.73 475.60 532.11 434.09 488.73 588.49 577.98 670.54 691.01 445.14 481.50 431.41 448.20 426.91 502.24 522.61 414.28 414.31 391.80 289.52 235.53 199.77 182.96 176.41 218.13 177.54 150.12 174.43 156.99 154.26 144.94 -9999 -9999 -9999 -9999 -9999 -9999 -9999 -9999 -9999 -9999 -9999 -9999 -9999 -9999 -9999 -9999 -9999 -9999 -9999 -9999 -9999 -9999 -9999 -9999 -9999 -9999 -9999 -9999 -9999 -9999 -9999 -9999 -9999 -9999 -9999 -9999 -9999 -9999 -9999
-9999 295.71 308.63 344.97 412.85 392.38 374.09 403.21 361.58 450.60 499.45 562.55 563.05 511.81 404.20 458.60 487.58 343.34 371.39 384.91 385.27 379.18 317.87 331.09 256.84 220.71 195.03 165.84 175.69 169.27 154.43 148.41 144.11 158.44 131.72 -9999 -9999 -9999 -9999 -9999 -9999 -9999 -9999 -9999 -9999 -9999 -9999 -9999 -9999 -9999 -9999 -9999 -9999 -9999 -9999 -9999 -9999 -9999 -9999 -9999 -9999 -9999 -9999 -9999 -9999 -9999 -9999 -9999 -9999 -9999 -9999 -9999 -9999 -9999 -9999
-9999 310.48 386.16 373.10 400.98 360.95 404.92 440.60 482.94 581.24 461.28 525.72 538.37 598.91 580.52 462.36 394.23 391.68 409.83 374.22 308.87 259.09 271.24 244.65 202.85 199.20 169.56 142.48 171.26 173.97 167.96 180.66 146.69 145.22 146.84 -9999 -9999 -9999 -9999 -9999 -9999 -9999 -9999 -9999 -9999 -9999 -9999 -9999 -9999 -9999 -9999 -9999 -9999 -9999 -9999 -9999 -9999 -9999 -9999 -9999 -9999 -9999 -9999 -9999 -9999 -9999 -9999 -9999 -9999 -9999 -9999 -9999 -9999 -9999 -9999
242.69 372.10 403.68 414.70 438.92 442.41 508.93 497.63 501.69 506.94 606.39 525.43 566.02 495.30 559.88 464.84 507.24 581.46 478.71 397.35 361.42 339.80 271.96 267.55 216.26 198.93 168.48 166.27 180.93 197.72 172.50 147.59 162.49 139.18 150.89 140.70 -9999 -9999 -9999 -9999 -9999 -9999 -9999 -9999 -9999 -9999 -9999 -9999 -9999 -9999 -9999 -9999 -9999 -9999 -9999 -9999 -9999 -9999 -9999 -9999 -9999 -9999 -9999 -9999 -9999 -9999 -9999 -9999 -9999 -9999 -9999 -9999 -9999 -9999 -9999
258.35 327.03 383.08 441.71 395.88 465.62 433.41 421.95 459.92 536.44 582.37 523.73 564.97 543.58 454.54 421.09 532.35 460.19 499.71 500.22 368.09 393.10 321.75 329.95 293.28 289.89 257.51 261.21 273.20 204.09 181.42 154.37 208.53 170.41 171.60 169.94 130.13 -9999 -9999 -9999 -9999 -9999 -9999 -9999 -9999 -9999 -9999 -9999 -9999 -9999 -9999 -9999 -9999 -9999 -9999 -9999 -9999 -9999 -9999 -9999 -9999 -9999 -9999 -9999 -9999 -9999 -9999 -9999 -9999 -9999 -9999 -9999 -9999 -9999 -9999
288.49 321.58 384.83 406.36 438.48 458.26 455.25 446.32 528.41 522.31 615.17 545.52 502.37 485.90 455.82 423.34 459.90 400.96 360.30 305.81 294.83 278.29 345.10 409.35 469.45 408.83 355.34 276.06 291.63 249.96 192.45 213.64 168.22 186.40 181.82 157.80 120.43 104.52 -9999 -9999 -9999 -9999 -9999 -9999 -9999 -9999 -9999 -9999 -9999 -9999 -9999 -9999 -9999 -9999 -9999 -9999 -9999 -9999 -9999 -9999 -9999 -9999 -9999 -9999 -9999 -9999 -9999 -9999 -9999 -9999 -9999 -9999 -9999 -9999 -9999
276.44 310.71 335.65 398.59 435.46 432.91 415.02 458.94 561.04 518.93 428.82 445.14 588.55 442.17 443.00 411.27 427.90 348.40 324.65 278.14 275.46 322.62 441.54 484.83 477.82 416.19 352.33 297.86 244.51 216.62 197.62 182.49 146.62 131.52 141.78 130.12 113.31 -9999 -9999 -9999 -9999 -9999 -9999 -9999 -9999 -9999 -9999 -9999 -9999 -9999 -9999 -9999 -9999 -9999 -9999 -9999 -9999 -9999 -9999 -9999 -9999 -9999 -9999 -9999 -9999 -9999 -9999 -9999 -9999 -9999 -9999 -9999 -9999 -9999 -9999
260.83 246.60 306.62 351.02 334.94 384.83 466.86 434.63 506.59 506.83 473.69 473.59 424.60 508.20 448.18 395.11 318.05 283.21 280.07 315.87 259.78 297.46 232.86 199.12 282.01 309.93 309.42 264.08 234.43 212.95 175.19 165.73 135.69 -9999 -9999 -9999 -9999 -9999 -9999 -9999 -9999 -9999 -9999 -9999 -9999 -9999 -9999 -9999 -9999 -9999 -9999 -9999 -9999 -9999 -9999 -9999 -9999 -9999 -9999 -9999 -9999 -9999 -9999 -9999 -9999 -9999 -9999 -9999 -9999 -9999 -9999 -9999 -9999 -9999 -9999
329.65 298.68 315.24 283.39 337.08 446.91 441.41 509.29 520.38 376.31 430.33 452.10 405.85 398.73 421.14 347.11 345.84 359.05 350.96 398.99 281.69 260.16 247.95 226.94 236.77 247.21 274.90 244.75 227.35 231.33 179.84 -9999 -9999 -9999 -9999 -9999 -9999 -9999 -9999 -9999 -9999 -9999 -9999 -9999 -9999 -9999 -9999 -9999 -9999 -9999 -9999 -9999 -9999 -9999 -9999 -9999 -9999 -9999 -9999 -9999 -9999 -9999 -9999 -9999 -9999 -9999 -9999 -9999 -9999 -9999 -9999 -9999 -9999 -9999 -9999
282.81 329.46 306.17 297.50 392.12 409.91 459.02 558.97 504.06 380.88 395.65 399.43 333.94 330.14 312.02 320.94 365.21 407.23 390.25 390.64 350.48 314.33 281.34 217.10 224.70 206.04 216.35 202.24 232.09 219.61 164.66 -9999 -9999 -9999 -9999 -9999 -9999 -9999 -9999 -9999 -9999 -9999 -9999 -9999 -9999 -9999 -9999 -9999 -9999 -9999 -9999 -9999 -9999 -9999 -9999 -9999 -9999 -9999 -9999 -9999 -9999 -9999 -9999 -9999 -9999 -9999 -9999 -9999 -9999 -9999 -9999 -9999 -9999 -9999 -9999
336.74 322.55 -9999 321.37 386.39 413.96 450.96 495.60 457.63 352.92 282.45 308.02 326.13 330.92 338.94 327.38 415.30 435.99 453.69 454.80 381.01 311.72 255.29 214.61 193.21 175.21 179.44 193.65 152.26 -9999 -9999 -9999 -9999 -9999 136.82 131.30 117.03 97.34 -9999 -9999 -9999 -9999 -9999 -9999 -9999 -9999 -9999 -9999 -9999 -9999 -9999 -9999 -9999 -9999 -9999 -9999 -9999 -9999 -9999 -9999 -9999 -9999 -9999 -9999 -9999 -9999 -9999 -9999 -9999 -9999 -9999 -9999 -9999 -9999 -9999
261.06 366.73 -9999 305.73 364.04 370.34 360.60 458.27 372.36 291.36 291.60 337.05 330.33 313.40 330.31 314.29 290.61 313.73 317.14 321.74 314.58 286.56 275.68 249.50 198.49 198.26 204.21 203.95 182.45 158.55 141.47 -9999 -9999 126.39 134.56 139.15 116.73 119.96 118.74 113.06 -9999 -9999 -9999 -9999 -9999 -9999 -9999 -9999 -9999 -9999 -9999 -9999 -9999 -9999 -9999 -9999 -9999 -9999 -9999 -9999 -9999 -9999 -9999 -9999 -9999 -9999 -9999 -9999 -9999 -9999 -9999 -9999 -9999 -9999 -9999
266.62 324.52 271.88 286.17 248.14 307.88 323.54 342.12 312.34 305.43 335.73 373.90 345.49 257.96 239.99 248.68 240.64 251.53 274.23 295.00 280.23 258.17 256.48 239.20 230.68 224.62 192.55 208.45 181.05 164.56 174.63 136.26 130.68 140.63 127.79 131.42 148.07 153.84 157.62 180.08 112.97 -9999 -9999 -9999 -9999 -9999 -9999 -9999 -9999 -9999 -9999 -9999 -9999 -9999 -9999 -9999 -9999 -9999 -9999 -9999 -9999 -9999 -9999 -9999 -9999 -9999 -9999 -9999 -9999 -9999 -9999 -9999 -9999 -9999 -9999
314.35 286.49 288.09 256.05 285.48 274.87 251.84 285.54 -9999 323.63 402.92 455.41 328.43 262.30 235.92 221.49 207.05 225.62 230.24 243.74 244.51 226.86 253.80 220.01 236.02 220.81 221.61 223.20 213.50 224.42 189.04 156.24 152.96 144.22 151.34 143.60 178.68 175.25 173.31 173.91 157.54 154.94 133.33 81.34 -9999 -9999 -9999 -9999 -9999 -9999 -9999 -9999 -9999 -9999 -9999 -9999 -9999 -9999 -9999 -9999 -9999 -9999 -9999 -9999 -9999 -9999 -9999 -9999 -9999 -9999 -9999 -9999 -9999 -9999 -9999
252.41 271.14 299.60 241.36 -9999 225.45 215.67 256.90 -9999 291.41 445.03 400.66 337.04 276.71 266.48 236.49 198.07 209.16 212.49 206.19 230.59 237.71 279.24 280.27 247.87 276.19 245.56 223.52 253.59 219.95 168.21 133.15 158.33 151.16 183.38 255.22 249.24 200.97 195.71 162.38 155.53 163.61 107.74 120.70 -9999 -9999 -9999 -9999 -9999 -9999 -9999 -9999 -9999 -9999 -9999 -9999 -9999 -9999 -9999 -9999 -9999 -9999 -9999 -9999 -9999 -9999 -9999 -9999 -9999 -9999 -9999 -9999 -9999 -9999 -9999
218.88 259.65 259.64 221.80 -9999 -9999 210.88 196.53 203.59 279.89 322.90 315.02 308.73 306.43 312.35 293.34 251.03 283.00 242.79 223.81 257.85 247.50 272.47 299.13 314.43 306.74 305.82 267.90 233.41 200.43 204.92 180.33 149.57 159.88 181.89 217.63 232.19 203.10 157.45 170.79 130.41 132.11 125.50 116.15 108.54 -9999 -9999 -9999 -9999 -9999 -9999 -9999 -9999 -9999 -9999 -9999 -9999 -9999 -9999 -9999 -9999 -9999 -9999 -9999 -9999 -9999 -9999 -9999 -9999 -9999 -9999 -9999 -9999 -9999 -9999
220.30 261.76 -9999 -9999 -9999 -9999 -9999 187.63 190.02 241.89 287.74 279.59 270.46 285.19 298.55 344.02 329.69 345.40 299.23 261.64 236.58 234.54 234.24 268.76 289.25 287.04 260.94 194.85 203.16 164.59 185.84 240.07 227.21 182.86 190.87 174.30 156.72 179.34 155.34 163.06 127.28 131.58 116.48 136.13 104.20 -9999 -9999 -9999 -9999 -9999 -9999 -9999 -9999 -9999 -9999 -9999 -9999 -9999 -9999 -9999 -9999 -9999 -9999 -9999 -9999 -9999 -9999 -9999 -9999 -9999 -9999 -9999 -9999 -9999 -9999
243.63 261.85 258.70 256.74 264.24 -9999 -9999 -9999 185.77 218.52 243.91 246.89 241.01 231.61 285.55 302.45 355.37 384.19 329.44 291.42 254.69 225.66 230.76 235.42 199.89 231.29 193.10 179.86 239.40 205.81 223.39 261.29 281.69 256.50 247.65 171.61 176.88 160.73 157.90 151.85 115.29 111.30 108.30 129.86 97.91 104.32 -9999 -9999 -9999 -9999 -9999 -9999 -9999 -9999 -9999 -9999 -9999 -9999 -9999 -9999 -9999 -9999 -9999 -9999 -9999 -9999 -9999 -9999 -9999 -9999 -9999 -9999 -9999 -9999 -9999
284.02 274.98 265.98 281.72 378.93 360.29 -9999 -9999 -9999 186.09 206.70 214.53 226.74 233.00 238.00 276.96 286.15 326.65 293.55 273.50 249.54 272.62 219.72 220.88 187.09 228.03 200.39 227.10 203.33 239.30 221.30 229.40 291.43 295.66 257.43 209.15 169.92 134.62 127.65 142.64 117.19 101.58 99.44 133.25 114.95 97.10 83.66 -9999 -9999 -9999 -9999 -9999 -9999 -9999 -9999 -9999 -9999 -9999 -9999 -9999 -9999 -9999 -9999 -9999 -9999 -9999 -9999 -9999 -9999 -9999 -9999 -9999 -9999 -9999 -9999
328.82 269.79 189.65 254.61 388.22 344.92 -9999 -9999 -9999 -9999 -9999 207.45 210.16 207.90 230.13 227.59 250.50 282.14 321.13 327.96 314.29 296.69 243.59 239.54 199.28 183.28 150.84 228.21 246.43 233.21 243.83 238.99 205.05 222.30 192.36 213.29 160.92 151.57 154.40 134.47 128.38 99.86 105.47 112.08 114.05 110.79 92.02 84.96 -9999 -9999 -9999 -9999 -9999 -9999 -9999 -9999 -9999 -9999 -9999 -9999 -9999 -9999 -9999 -9999 -9999 -9999 -9999 -9999 -9999 -9999 -9999 -9999 -9999 -9999 -9999
278.96 -9999 218.53 248.77 358.32 317.04 -9999 -9999 -9999 -9999 -9999 191.49 202.13 234.50 242.07 250.45 259.05 281.10 321.26 347.48 351.17 311.48 299.67 266.86 220.49 207.90 235.61 225.01 375.45 271.98 292.29 238.87 291.47 293.49 227.37 244.28 169.82 150.81 148.38 145.60 134.78 145.28 117.25 116.47 109.52 122.06 118.61 97.51 99.75 80.45 -9999 -9999 -9999 -9999 -9999 -9999 -9999 -9999 -9999 -9999 -9999 -9999 -9999 -9999 -9999 -9999 -9999 -9999 -9999 -9999 -9999 -9999 -9999 -9999 -9999
214.11 -9999 -9999 270.63 300.74 270.15 -9999 -9999 -9999 -9999 -9999 170.48 165.84 200.22 194.30 213.38 213.34 246.66 296.83 326.41 350.19 303.89 271.94 272.06 254.01 281.11 257.30 218.70 350.55 322.71 249.40 229.75 213.18 219.28 231.83 211.32 168.23 165.66 164.28 118.95 115.73 131.05 173.50 180.91 140.87 126.93 99.02 109.14 106.91 90.82 -9999 -9999 -9999 -9999 -9999 -9999 -9999 -9999 -9999 -9999 -9999 -9999 -9999 -9999 -9999 -9999 -9999 -9999 -9999 -9999 -9999 -9999 -9999 -9999 -9999
-9999 -9999 -9999 219.34 237.61 226.84 -9999 -9999 -9999 -9999 -9999 160.46 163.56 184.98 200.61 213.35 225.11 268.94 331.43 364.32 327.42 308.95 266.27 275.70 236.41 254.29 214.47 237.79 326.31 290.01 289.34 257.34 211.43 250.39 214.58 213.94 187.86 149.17 170.15 156.00 155.04 146.12 214.75 223.67 183.67 137.60 122.15 101.73 110.94 101.85 -9999 -9999 -9999 -9999 -9999 -9999 -9999 -9999 -9999 -9999 -9999 -9999 -9999 -9999 -9999 -9999 -9999 -9999 -9999 -9999 -9999 -9999 -9999 -9999 -9999
202.35 -9999 -9999 -9999 -9999 -9999 -9999 -9999 -9999 -9999 192.40 197.39 214.14 221.23 212.72 230.23 238.22 270.45 287.63 340.74 327.06 304.98 356.01 331.03 323.45 326.08 310.38 327.84 380.86 387.16 335.48 295.78 283.29 250.87 264.39 221.92 174.35 171.34 144.67 158.89 175.38 213.56 202.44 242.86 202.12 144.32 126.28 115.00 117.04 100.85 -9999 -9999 -9999 -9999 -9999 -9999 -9999 -9999 -9999 -9999 -9999 -9999 -9999 -9999 -9999 -9999 -9999 -9999 -9999 -9999 -9999 -9999 -9999 -9999 -9999
200.13 -9999 -9999 -9999 -9999 -9999 -9999 -9999 -9999 -9999 224.29 201.41 238.66 272.94 272.96 283.39 330.15 310.01 304.70 272.44 315.60 333.62 329.04 380.92 337.90 320.01 261.99 378.86 352.70 400.78 335.06 304.17 277.12 228.73 223.51 255.05 186.47 155.15 139.98 144.43 197.71 208.44 184.52 231.36 202.88 142.36 112.19 119.60 140.81 113.19 -9999 -9999 -9999 -9999 -9999 -9999 -9999 -9999 -9999 -9999 -9999 -9999 -9999 -9999 -9999 -9999 -9999 -9999 -9999 -9999 -9999 -9999 -9999 -9999 -9999
-9999 -9999 -9999 -9999 -9999 -9999 -9999 -9999 -9999 198.15 225.34 223.09 247.69 260.84 254.66 317.26 388.75 398.71 377.36 375.44 315.40 309.07 338.53 367.86 326.96 335.63 259.30 322.08 386.90 364.55 365.17 325.81 326.73 278.53 237.45 242.50 218.24 179.70 242.32 232.66 246.47 226.84 188.43 174.15 172.62 145.38 152.16 148.87 126.52 97.99 -9999 -9999 -9999 -9999 -9999 -9999 -9999 -9999 -9999 -9999 -9999 -9999 -9999 -9999 -9999 -9999 -9999 -9999 -9999 -9999 -9999 -9999 -9999 -9999 -9999
-9999 -9999 -9999 -9999 -9999 -9999 -9999 -9999 -9999 205.89 206.43 260.18 252.59 306.78 274.08 331.40 372.52 483.82 433.65 373.73 325.01 322.23 305.39 413.52 383.63 324.43 307.04 306.06 373.86 353.52 345.96 349.58 293.21 300.56 308.46 279.75 291.20 275.12 287.32 215.10 228.18 226.30 196.32 199.23 183.10 144.23 143.35 123.99 116.36 93.05 94.56 -9999 -9999 -9999 -9999 -9999 -9999 -9999 -9999 -9999 -9999 -9999 -9999 -9999 -9999 -9999 -9999 -9999 -9999 -9999 -9999 -9999 -9999 -9999 -9999
-9999 -9999 -9999 -9999 -9999 -9999 -9999 -9999 168.87 256.06 295.43 292.84 311.32 333.18 308.84 310.85 367.55 400.67 405.77 368.44 325.11 270.34 232.15 266.59 322.78 309.04 280.88 275.20 316.10 343.98 349.33 343.96 337.97 273.69 302.31 292.30 272.78 339.91 291.35 273.38 259.65 190.67 193.35 207.14 193.24 172.36 134.56 119.90 104.90 91.28 82.09 -9999 -9999 -9999 -9999 -9999 -9999 -9999 -9999 -9999 -9999 -9999 -9999 -9999 -9999 -9999 -9999 -9999 -9999 -9999 -9999 -9999 -9999 -9999 -9999
-9999 -9999 -9999 -9999 -9999 -9999 -9999 -9999 225.19 275.51 312.79 352.53 353.63 365.07 347.40 407.68 342.44 346.86 354.98 331.83 327.93 261.25 233.30 270.31 293.36 306.25 245.34 242.38 240.86 275.33 308.94 371.98 279.52 315.18 313.66 277.58 337.12 289.68 290.30 265.23 224.71 221.24 185.06 173.22 155.50 151.75 135.25 132.05 109.71 92.05 95.32 -9999 -9999 -9999 -9999 -9999 -9999 -9999 -9999 -9999 -9999 -9999 -9999 -9999 -9999 -9999 -9999 -9999 -9999 -9999 -9999 -9999 -9999 -9999 -9999
