Rainfall_2007-2011/Rainfall_2010-03_ACTUAL.txt
ncols         180
nrows         290
xllcorner     -200000
yllcorner     -200000
cellsize      5000
NODATA_value  -9999
[rows 136 to 169 of 290, columns 76 to 151 of 180]
-9999 -9999 -9999 103.45 107.83 110.49 129.85 124.77 126.57 112.99 104.59 103.07 116.68 142.58 205.50 177.36 150.20 116.54 107.59 93.69 100.53 111.51 133.06 127.51 126.30 90.67 76.89 75.73 76.81 74.79 68.99 73.62 66.48 72.55 67.61 66.39 65.94 72.83 71.67 75.56 83.45 69.58 81.65 104.75 94.42 92.73 85.36 76.96 78.79 72.38 63.92 69.48 -9999 -9999 -9999 -9999 -9999 -9999 -9999 -9999 -9999 -9999 -9999 -9999 -9999 -9999 -9999 -9999 -9999 -9999 -9999 -9999 -9999 -9999 -9999 -9999
-9999 -9999 -9999 101.30 107.01 102.16 117.45 107.21 107.78 98.78 98.14 94.69 100.02 122.02 163.34 160.85 149.27 119.85 95.85 95.79 114.65 123.62 159.30 139.80 -9999 -9999 -9999 72.05 73.74 -9999 63.57 68.11 61.01 61.99 50.75 61.10 73.74 73.82 67.91 81.23 79.78 74.62 75.48 82.25 73.28 85.41 76.52 87.58 67.65 65.06 62.00 60.42 -9999 -9999 -9999 -9999 -9999 -9999 -9999 -9999 -9999 -9999 -9999 -9999 -9999 -9999 -9999 -9999 -9999 -9999 -9999 -9999 -9999 -9999 -9999 -9999
-9999 -9999 -9999 90.01 104.87 93.91 96.80 102.17 99.96 97.10 95.63 89.37 96.11 110.64 155.51 140.39 145.28 126.02 96.60 108.83 108.55 137.96 125.61 119.95 -9999 -9999 -9999 80.24 73.51 70.20 63.02 60.70 59.86 56.33 54.43 70.36 87.14 73.87 89.42 84.31 73.97 87.85 87.80 83.12 80.98 84.63 70.72 78.58 97.63 78.40 60.34 63.20 -9999 -9999 -9999 -9999 -9999 -9999 -9999 -9999 -9999 -9999 -9999 -9999 -9999 -9999 -9999 -9999 -9999 -9999 -9999 -9999 -9999 -9999 -9999 -9999
-9999 -9999 -9999 -9999 90.20 92.29 86.30 -9999 100.26 98.24 93.05 88.59 90.00 -9999 116.53 118.18 136.59 111.06 104.05 112.35 107.41 109.49 -9999 -9999 -9999 -9999 80.08 74.31 71.79 62.89 68.14 53.36 51.58 53.45 58.74 93.57 103.73 75.87 108.38 112.63 108.60 89.78 83.78 95.28 91.62 78.24 78.74 74.80 89.46 74.30 74.33 74.85 59.86 -9999 -9999 -9999 -9999 -9999 -9999 -9999 -9999 -9999 -9999 -9999 -9999 -9999 -9999 -9999 -9999 -9999 -9999 -9999 -9999 -9999 -9999 -9999
-9999 -9999 -9999 -9999 -9999 94.62 -9999 -9999 -9999 86.71 84.27 87.36 97.15 87.03 -9999 -9999 111.54 103.82 101.34 103.34 -9999 -9999 -9999 -9999 -9999 92.44 84.69 77.36 76.41 72.53 75.69 59.08 58.89 63.58 64.29 90.53 105.78 115.04 103.62 137.71 127.85 125.81 98.29 94.91 105.29 92.38 72.00 71.53 80.42 68.62 74.08 73.71 69.11 -9999 -9999 -9999 -9999 -9999 -9999 -9999 -9999 -9999 -9999 -9999 -9999 -9999 -9999 -9999 -9999 -9999 -9999 -9999 -9999 -9999 -9999 -9999
-9999 -9999 -9999 -9999 -9999 92.55 86.06 -9999 -9999 -9999 75.76 82.77 90.47 93.86 -9999 -9999 -9999 -9999 88.48 -9999 -9999 -9999 -9999 -9999 -9999 78.30 76.88 85.47 88.03 90.13 85.77 64.22 62.54 65.66 82.83 94.97 112.18 106.23 109.91 139.65 125.37 124.95 103.67 101.03 106.82 86.97 74.75 85.50 73.53 65.64 67.50 70.35 56.81 -9999 -9999 -9999 -9999 -9999 -9999 -9999 -9999 -9999 -9999 -9999 -9999 -9999 -9999 -9999 -9999 -9999 -9999 -9999 -9999 -9999 -9999 -9999
-9999 -9999 -9999 -9999 -9999 -9999 92.69 -9999 -9999 -9999 -9999 72.04 72.04 77.50 -9999 -9999 -9999 -9999 -9999 -9999 -9999 -9999 -9999 -9999 93.45 90.60 100.39 101.69 106.85 101.81 98.47 91.61 98.31 76.93 73.70 95.31 111.42 133.39 132.37 133.60 129.30 114.67 107.09 95.00 80.88 71.02 78.82 83.62 70.25 68.06 75.00 74.73 67.34 56.19 -9999 -9999 -9999 -9999 -9999 -9999 -9999 -9999 -9999 -9999 -9999 -9999 -9999 -9999 -9999 -9999 -9999 -9999 -9999 -9999 -9999 -9999
-9999 -9999 -9999 -9999 -9999 -9999 97.73 -9999 -9999 -9999 -9999 -9999 -9999 -9999 -9999 -9999 -9999 -9999 -9999 -9999 -9999 -9999 -9999 -9999 99.67 91.71 94.99 104.95 85.38 116.96 116.41 109.69 99.81 85.00 86.51 65.82 71.07 113.80 121.74 135.40 116.37 135.57 137.11 105.53 92.60 94.31 66.74 67.08 67.63 73.52 65.38 69.20 64.81 57.91 52.53 -9999 -9999 -9999 -9999 -9999 -9999 -9999 -9999 -9999 -9999 -9999 -9999 -9999 -9999 -9999 -9999 -9999 -9999 -9999 -9999 -9999
-9999 -9999 -9999 -9999 -9999 -9999 -9999 -9999 -9999 -9999 -9999 -9999 -9999 -9999 -9999 -9999 -9999 -9999 -9999 -9999 -9999 -9999 -9999 81.34 92.62 107.43 105.84 114.34 103.19 150.63 141.79 109.03 87.64 91.54 73.63 71.16 61.05 92.35 149.19 119.65 77.70 112.58 107.51 98.30 79.82 75.61 70.40 58.06 58.12 57.83 54.51 67.52 62.24 54.88 45.05 -9999 -9999 -9999 -9999 -9999 -9999 -9999 -9999 -9999 -9999 -9999 -9999 -9999 -9999 -9999 -9999 -9999 -9999 -9999 -9999 -9999
-9999 -9999 -9999 -9999 -9999 -9999 -9999 -9999 -9999 -9999 -9999 -9999 -9999 -9999 -9999 -9999 -9999 -9999 -9999 -9999 -9999 -9999 -9999 90.38 106.89 115.82 135.09 154.70 129.55 101.27 132.66 120.10 111.44 107.60 84.08 83.06 74.24 88.36 109.90 148.12 123.12 120.26 110.08 86.30 62.50 61.75 60.49 49.23 57.48 53.90 55.85 53.22 54.07 44.19 44.65 38.75 34.53 33.79 -9999 -9999 -9999 -9999 -9999 -9999 -9999 -9999 -9999 -9999 -9999 -9999 -9999 -9999 -9999 -9999 -9999 -9999
-9999 -9999 -9999 -9999 -9999 -9999 -9999 -9999 -9999 -9999 -9999 -9999 -9999 -9999 -9999 -9999 -9999 -9999 -9999 -9999 -9999 -9999 -9999 86.50 98.72 112.48 134.81 171.97 196.82 171.24 167.89 154.89 140.00 148.41 120.92 109.94 92.63 69.05 73.17 99.49 85.19 100.72 98.49 74.95 59.78 61.20 60.53 54.75 50.74 51.75 46.66 47.46 48.23 51.36 50.63 62.25 47.49 47.78 45.68 38.93 -9999 -9999 -9999 -9999 -9999 -9999 -9999 -9999 -9999 -9999 -9999 -9999 -9999 -9999 -9999 -9999
-9999 -9999 -9999 -9999 -9999 -9999 -9999 -9999 -9999 -9999 -9999 -9999 -9999 -9999 -9999 -9999 -9999 -9999 -9999 -9999 -9999 -9999 -9999 89.46 112.19 137.80 204.38 218.25 256.48 185.44 181.92 190.72 193.45 161.90 174.54 145.66 109.79 92.02 77.88 81.76 82.08 97.38 87.26 72.09 70.64 66.75 69.34 62.67 52.88 49.15 44.45 40.32 43.13 52.78 59.35 53.95 65.23 58.09 64.51 58.97 52.78 38.47 -9999 -9999 -9999 -9999 -9999 -9999 -9999 -9999 -9999 -9999 -9999 -9999 -9999 -9999
-9999 -9999 -9999 -9999 -9999 -9999 -9999 -9999 -9999 -9999 -9999 -9999 -9999 -9999 -9999 -9999 -9999 -9999 -9999 -9999 -9999 -9999 -9999 84.50 85.18 110.04 150.28 170.31 257.47 317.34 190.54 193.21 165.73 185.70 188.67 154.01 130.02 101.95 85.21 78.46 119.87 92.18 86.69 89.60 88.92 85.64 76.81 71.69 56.15 52.79 50.90 50.13 47.08 48.13 60.44 47.99 66.56 57.20 70.46 61.43 58.15 38.21 48.33 -9999 -9999 -9999 -9999 -9999 -9999 -9999 -9999 -9999 -9999 -9999 -9999 -9999
-9999 -9999 -9999 -9999 -9999 -9999 -9999 -9999 -9999 -9999 -9999 91.96 78.00 67.09 -9999 -9999 -9999 -9999 -9999 -9999 -9999 -9999 -9999 -9999 67.46 90.71 109.52 118.06 144.88 203.85 167.65 140.02 146.24 155.53 133.76 129.84 136.07 127.56 104.54 107.40 110.55 96.02 105.93 89.63 69.75 76.34 82.69 71.22 58.06 54.00 50.82 49.76 50.69 54.72 81.05 88.98 92.64 90.54 86.52 83.90 63.49 61.55 55.25 44.36 -9999 -9999 -9999 -9999 -9999 -9999 -9999 -9999 -9999 -9999 -9999 -9999
-9999 -9999 -9999 -9999 -9999 -9999 -9999 -9999 -9999 -9999 -9999 88.90 107.33 -9999 -9999 -9999 -9999 -9999 -9999 -9999 -9999 -9999 -9999 -9999 -9999 88.80 102.56 131.46 151.30 190.56 145.07 140.35 124.81 110.28 96.22 123.62 116.13 146.32 119.98 102.53 122.46 107.48 88.21 66.10 91.28 67.88 82.81 67.00 54.68 53.39 54.40 46.83 57.55 62.73 82.17 89.12 80.97 72.76 78.30 80.77 72.35 68.07 60.62 60.32 -9999 -9999 -9999 -9999 -9999 -9999 -9999 -9999 -9999 -9999 -9999 -9999
-9999 -9999 -9999 -9999 -9999 -9999 -9999 -9999 -9999 -9999 91.40 131.45 132.25 114.90 -9999 -9999 -9999 -9999 -9999 -9999 -9999 -9999 -9999 -9999 -9999 70.97 93.90 118.49 129.47 129.76 131.90 113.43 108.53 109.90 99.85 98.64 96.25 93.98 127.75 103.06 114.44 116.43 96.68 96.34 81.27 84.55 74.17 60.49 50.70 58.63 65.44 55.22 65.20 72.12 80.03 91.56 87.03 79.42 77.03 66.47 68.34 71.75 61.13 62.49 44.51 -9999 -9999 -9999 -9999 -9999 -9999 -9999 -9999 -9999 -9999 -9999
-9999 -9999 -9999 -9999 -9999 -9999 -9999 -9999 -9999 101.76 136.48 127.30 169.59 122.40 -9999 -9999 -9999 -9999 -9999 -9999 -9999 -9999 -9999 -9999 -9999 77.47 95.64 105.99 97.96 108.70 105.20 111.62 102.65 90.03 90.52 93.88 88.57 110.88 122.78 110.30 135.98 121.65 92.47 85.77 69.68 74.42 71.26 65.95 57.68 58.68 57.31 57.26 60.80 68.66 84.43 85.11 70.60 63.38 60.51 66.80 69.08 74.53 61.95 52.18 46.48 -9999 -9999 -9999 -9999 -9999 -9999 -9999 -9999 -9999 -9999 -9999
-9999 -9999 -9999 -9999 -9999 -9999 -9999 -9999 82.19 96.65 164.87 144.89 106.60 -9999 -9999 -9999 -9999 -9999 -9999 -9999 -9999 -9999 -9999 -9999 -9999 -9999 88.73 93.92 82.23 104.46 97.71 99.99 83.44 69.79 78.42 83.51 82.54 87.21 107.29 113.75 107.90 145.25 116.26 116.12 109.09 85.38 79.75 76.64 59.67 59.36 53.25 57.81 61.65 57.27 75.41 72.68 58.42 42.41 51.63 45.52 50.87 57.74 54.89 44.71 41.30 43.67 39.14 -9999 -9999 -9999 -9999 -9999 -9999 -9999 -9999 -9999
-9999 -9999 -9999 -9999 -9999 -9999 -9999 -9999 95.52 117.67 125.30 100.06 95.63 -9999 -9999 -9999 -9999 -9999 -9999 -9999 -9999 -9999 -9999 -9999 -9999 -9999 -9999 80.56 78.10 82.04 83.26 82.17 73.16 72.98 77.47 86.41 70.31 82.35 84.53 107.88 102.39 123.64 102.59 113.10 117.73 90.60 90.89 78.85 68.34 60.55 59.38 60.89 59.44 60.25 57.37 59.37 55.80 50.19 38.48 44.84 56.50 67.71 58.07 52.41 58.91 53.43 45.55 -9999 -9999 -9999 -9999 -9999 -9999 -9999 -9999 -9999
-9999 -9999 -9999 -9999 -9999 -9999 -9999 -9999 97.93 102.83 102.46 96.45 -9999 -9999 -9999 -9999 -9999 -9999 -9999 -9999 -9999 -9999 -9999 -9999 -9999 -9999 -9999 68.27 68.57 76.42 -9999 71.32 -9999 62.05 71.11 67.66 60.58 61.17 66.14 63.10 89.21 98.61 87.39 86.77 116.57 109.53 91.52 86.49 82.09 72.00 72.09 72.60 62.90 60.10 57.52 59.90 62.56 55.33 55.13 50.45 53.93 64.02 64.74 57.81 55.47 56.11 52.48 51.30 46.49 -9999 -9999 -9999 -9999 -9999 -9999 -9999
-9999 -9999 -9999 -9999 -9999 -9999 -9999 85.02 105.85 91.17 -9999 -9999 -9999 -9999 -9999 -9999 -9999 -9999 -9999 -9999 -9999 -9999 -9999 -9999 -9999 -9999 -9999 62.07 59.57 65.81 -9999 -9999 -9999 60.61 75.55 62.71 59.34 57.97 65.30 73.88 68.59 99.11 102.43 84.20 99.07 99.00 86.01 92.47 81.04 73.59 68.67 68.71 63.49 59.29 56.13 57.90 59.35 55.91 50.69 50.68 58.77 59.17 65.69 66.44 62.36 51.63 44.83 46.07 41.61 -9999 -9999 -9999 -9999 -9999 -9999 -9999
-9999 -9999 -9999 -9999 -9999 -9999 -9999 -9999 -9999 -9999 -9999 -9999 -9999 -9999 -9999 -9999 -9999 -9999 -9999 -9999 -9999 -9999 -9999 -9999 -9999 -9999 -9999 -9999 -9999 -9999 -9999 -9999 58.34 58.03 66.49 77.75 85.03 84.67 88.13 69.33 81.61 96.10 96.39 88.65 80.24 82.23 77.92 72.99 72.65 63.66 61.25 66.99 67.68 63.71 60.93 57.06 56.03 59.09 55.87 60.33 74.96 63.43 67.28 61.09 58.48 51.77 48.22 47.41 -9999 -9999 -9999 -9999 -9999 -9999 -9999 -9999
-9999 -9999 -9999 -9999 -9999 -9999 -9999 -9999 -9999 -9999 -9999 -9999 -9999 -9999 -9999 -9999 -9999 -9999 -9999 -9999 -9999 -9999 -9999 -9999 -9999 -9999 -9999 -9999 -9999 -9999 -9999 -9999 57.54 60.86 66.97 87.47 107.51 110.60 90.51 91.04 76.27 78.63 73.99 82.65 76.25 84.21 54.49 52.62 76.13 67.09 67.63 66.63 62.81 61.33 57.94 55.17 55.42 58.08 60.38 60.87 75.49 68.31 58.10 55.76 54.04 48.42 45.37 39.45 -9999 -9999 -9999 -9999 -9999 -9999 -9999 -9999
-9999 -9999 -9999 -9999 -9999 -9999 -9999 -9999 -9999 -9999 -9999 -9999 -9999 -9999 -9999 -9999 -9999 -9999 -9999 -9999 -9999 -9999 -9999 -9999 -9999 -9999 -9999 -9999 -9999 -9999 -9999 -9999 48.47 55.25 67.32 80.21 112.93 109.69 100.00 96.15 83.42 84.94 74.76 112.49 75.20 62.89 84.39 75.22 41.67 68.35 64.58 57.92 59.36 65.80 53.16 52.17 52.18 52.24 56.89 58.70 64.64 61.88 56.62 53.50 56.46 48.41 49.03 43.33 -9999 -9999 -9999 -9999 -9999 -9999 -9999 -9999
-9999 -9999 -9999 -9999 -9999 -9999 -9999 -9999 -9999 -9999 -9999 -9999 -9999 -9999 -9999 -9999 -9999 -9999 -9999 -9999 -9999 -9999 -9999 -9999 -9999 -9999 -9999 -9999 -9999 -9999 48.30 51.64 45.95 52.36 73.36 87.65 117.74 96.16 104.79 81.14 63.02 86.67 79.37 84.51 91.64 92.46 72.97 66.11 70.45 59.88 52.53 56.72 57.12 56.48 52.38 50.47 50.51 49.10 50.62 54.38 56.29 58.23 53.91 52.41 48.89 47.91 49.27 43.02 40.78 -9999 -9999 -9999 -9999 -9999 -9999 -9999
-9999 -9999 -9999 -9999 -9999 -9999 -9999 -9999 -9999 -9999 -9999 -9999 -9999 -9999 -9999 -9999 -9999 -9999 -9999 -9999 -9999 -9999 -9999 -9999 -9999 -9999 -9999 -9999 -9999 -9999 58.69 61.42 55.04 60.36 67.41 81.70 79.39 76.51 75.40 70.76 96.23 80.58 77.53 74.45 85.43 75.56 74.21 67.99 76.61 71.48 65.02 57.15 64.65 60.86 46.85 46.04 47.54 47.67 49.49 48.66 50.36 48.55 51.21 51.18 50.67 48.09 45.99 42.72 41.07 -9999 -9999 -9999 -9999 -9999 -9999 -9999
-9999 -9999 -9999 -9999 -9999 -9999 -9999 -9999 -9999 -9999 -9999 -9999 -9999 -9999 -9999 -9999 -9999 -9999 -9999 -9999 -9999 -9999 -9999 -9999 -9999 -9999 -9999 -9999 -9999 -9999 58.20 57.90 56.27 55.55 61.84 67.88 75.87 73.29 73.95 73.16 78.14 83.74 78.08 96.74 74.75 81.56 71.78 78.23 72.07 67.44 64.15 63.06 60.74 55.18 44.93 44.94 46.69 46.22 47.33 44.28 47.78 45.96 47.07 51.72 49.93 43.01 40.34 41.50 40.92 39.78 -9999 -9999 -9999 -9999 -9999 -9999
-9999 -9999 -9999 -9999 -9999 -9999 -9999 -9999 -9999 -9999 -9999 -9999 -9999 -9999 -9999 -9999 -9999 -9999 -9999 -9999 -9999 -9999 -9999 -9999 -9999 -9999 -9999 -9999 -9999 -9999 56.39 57.64 54.60 54.05 55.70 59.20 60.91 67.97 73.44 71.66 78.20 77.94 98.20 102.89 101.54 90.59 84.35 78.84 88.34 72.19 64.15 63.78 58.98 50.00 46.34 45.86 44.21 45.16 42.44 37.16 33.63 38.09 42.74 52.31 48.65 45.04 40.51 36.31 40.32 39.73 33.77 -9999 -9999 -9999 -9999 -9999
-9999 -9999 -9999 -9999 -9999 -9999 -9999 -9999 -9999 -9999 -9999 -9999 -9999 -9999 -9999 -9999 -9999 -9999 -9999 -9999 -9999 -9999 -9999 -9999 -9999 -9999 -9999 -9999 -9999 -9999 61.88 57.65 52.22 53.36 52.80 61.11 59.81 70.39 76.71 89.88 94.10 102.58 111.46 104.51 101.64 90.49 79.49 71.52 82.51 75.28 66.79 60.20 51.66 47.32 44.42 45.30 43.93 45.80 40.55 38.19 34.64 35.42 43.47 49.41 45.74 47.33 42.28 33.39 32.29 32.81 30.28 -9999 -9999 -9999 -9999 -9999
-9999 -9999 -9999 -9999 -9999 -9999 -9999 -9999 -9999 -9999 -9999 -9999 -9999 -9999 -9999 -9999 -9999 -9999 -9999 -9999 -9999 -9999 -9999 -9999 -9999 -9999 -9999 -9999 -9999 -9999 -9999 54.72 52.37 51.58 41.61 61.23 74.69 86.05 87.03 99.15 98.95 109.94 101.88 115.85 100.77 84.44 69.10 71.78 71.14 79.31 61.23 53.97 51.94 44.94 43.39 45.11 42.13 41.15 39.10 37.47 34.67 32.84 40.08 42.10 39.45 36.77 35.64 -9999 31.34 31.42 31.96 33.92 -9999 -9999 -9999 -9999
-9999 -9999 -9999 -9999 -9999 -9999 -9999 -9999 -9999 -9999 -9999 -9999 -9999 -9999 -9999 -9999 -9999 -9999 -9999 -9999 -9999 -9999 -9999 -9999 -9999 -9999 -9999 -9999 -9999 -9999 51.51 50.78 43.40 46.19 53.93 56.20 82.27 100.97 113.61 119.00 90.49 108.77 102.02 102.61 112.81 107.56 74.36 60.62 69.19 61.08 55.06 54.01 53.17 45.06 39.84 41.43 40.12 41.72 38.84 37.34 35.52 38.77 40.12 38.85 40.53 38.36 36.15 34.51 -9999 31.32 31.45 32.23 34.08 -9999 -9999 -9999
-9999 -9999 -9999 -9999 -9999 -9999 -9999 -9999 -9999 -9999 -9999 -9999 -9999 -9999 -9999 -9999 -9999 -9999 -9999 -9999 -9999 -9999 -9999 -9999 -9999 -9999 -9999 -9999 -9999 -9999 50.23 48.57 47.38 48.81 61.35 63.93 66.10 84.89 79.53 83.91 79.75 94.42 74.29 92.44 97.02 94.46 77.42 70.44 61.29 56.20 60.75 54.59 56.28 53.93 47.14 39.10 37.19 40.53 37.25 36.70 34.83 35.28 40.43 38.36 35.66 37.00 38.13 36.19 33.77 -9999 -9999 -9999 -9999 -9999 -9999 -9999
-9999 -9999 -9999 -9999 -9999 -9999 -9999 -9999 -9999 -9999 -9999 -9999 -9999 -9999 -9999 -9999 -9999 -9999 -9999 -9999 -9999 -9999 -9999 -9999 -9999 -9999 -9999 -9999 -9999 49.36 49.89 52.75 57.77 56.60 60.75 58.61 68.06 69.51 67.66 70.82 77.17 74.10 76.74 85.03 99.53 107.11 86.76 84.44 72.52 63.19 52.35 48.69 55.55 52.99 46.14 40.10 36.29 39.82 36.88 36.86 35.55 37.39 36.20 34.26 34.04 35.94 35.47 40.61 35.82 33.29 33.10 -9999 -9999 -9999 -9999 -9999
-9999 -9999 -9999 -9999 -9999 -9999 -9999 -9999 -9999 -9999 -9999 -9999 -9999 -9999 -9999 -9999 -9999 -9999 -9999 -9999 -9999 -9999 -9999 -9999 -9999 -9999 -9999 -9999 -9999 -9999 48.94 60.06 62.19 52.33 55.80 54.21 58.58 52.67 58.42 64.95 69.06 67.49 68.96 75.29 96.13 101.49 100.45 90.07 73.18 67.97 54.46 56.67 48.25 43.78 43.92 38.32 34.92 36.25 35.94 38.73 39.23 43.84 38.27 33.03 34.14 34.40 34.11 39.52 40.29 35.66 31.29 30.78 30.80 -9999 -9999 -9999
