Rainfall_2007-2011/Rainfall_2010-11_ACTUAL.txt
ncols         180
nrows         290
xllcorner     -200000
yllcorner     -200000
cellsize      5000
NODATA_value  -9999
[rows 165 to 197 of 290, columns 75 to 149 of 180]
-9999 -9999 -9999 -9999 -9999 -9999 -9999 -9999 -9999 -9999 -9999 -9999 -9999 -9999 -9999 -9999 -9999 -9999 -9999 -9999 -9999 -9999 -9999 -9999 -9999 -9999 -9999 -9999 -9999 -9999 -9999 -9999 82.90 81.83 82.25 84.35 107.94 144.22 146.00 162.94 151.94 164.87 183.84 189.80 191.94 177.50 134.96 114.79 107.53 92.58 93.29 74.78 68.81 70.92 72.22 75.55 77.44 71.17 65.00 64.04 62.88 58.54 53.74 71.18 76.33 78.98 76.09 75.10 -9999 71.62 69.79 74.23 75.79 -9999 -9999
-9999 -9999 -9999 -9999 -9999 -9999 -9999 -9999 -9999 -9999 -9999 -9999 -9999 -9999 -9999 -9999 -9999 -9999 -9999 -9999 -9999 -9999 -9999 -9999 -9999 -9999 -9999 -9999 -9999 -9999 -9999 88.41 83.81 101.57 92.69 103.71 116.86 133.50 160.78 164.87 185.73 181.74 195.66 181.47 218.31 187.24 178.23 132.20 102.39 101.64 81.51 67.61 68.69 71.64 69.40 91.35 70.93 64.09 61.56 62.20 62.79 61.39 70.99 82.78 78.03 85.74 85.39 79.77 79.34 -9999 63.32 72.92 73.10 79.98 -9999
-9999 -9999 -9999 -9999 -9999 -9999 -9999 -9999 -9999 -9999 -9999 -9999 -9999 -9999 -9999 -9999 -9999 -9999 -9999 -9999 -9999 -9999 -9999 -9999 -9999 -9999 -9999 -9999 -9999 -9999 -9999 87.63 87.75 96.53 114.28 109.92 117.48 120.30 134.46 123.43 135.69 150.31 149.76 144.94 145.99 193.09 162.52 139.47 123.90 87.59 73.61 82.49 67.44 73.49 67.33 64.64 57.83 55.04 58.33 59.71 62.28 54.84 63.31 83.26 72.99 66.64 78.34 86.06 83.25 82.15 -9999 -9999 -9999 -9999 -9999
-9999 -9999 -9999 -9999 -9999 -9999 -9999 -9999 -9999 -9999 -9999 -9999 -9999 -9999 -9999 -9999 -9999 -9999 -9999 -9999 -9999 -9999 -9999 -9999 -9999 -9999 -9999 -9999 -9999 -9999 81.06 88.30 86.54 96.48 110.80 86.91 110.07 112.95 114.04 113.13 100.65 101.93 114.19 119.46 147.94 212.07 198.20 166.59 156.89 122.85 89.97 68.18 53.35 72.72 67.11 62.09 57.75 53.94 56.18 58.14 60.19 58.75 65.32 70.62 68.87 72.93 92.42 102.06 88.57 79.39 78.76 89.80 -9999 -9999 -9999
-9999 -9999 -9999 -9999 -9999 -9999 -9999 -9999 -9999 -9999 -9999 -9999 -9999 -9999 -9999 -9999 -9999 -9999 -9999 -9999 -9999 -9999 -9999 -9999 -9999 -9999 -9999 -9999 -9999 -9999 -9999 73.02 85.66 93.41 88.31 97.06 92.24 94.55 83.93 92.49 92.93 85.88 99.57 108.41 129.37 170.65 201.95 216.73 177.46 136.57 114.47 80.51 64.63 49.47 55.75 66.80 63.22 59.67 62.28 61.78 56.79 55.90 69.43 69.61 64.77 72.59 113.87 134.80 84.64 74.78 78.47 87.12 91.11 92.50 -9999
-9999 -9999 -9999 -9999 -9999 -9999 -9999 -9999 -9999 -9999 -9999 -9999 -9999 -9999 -9999 -9999 -9999 -9999 -9999 -9999 -9999 -9999 -9999 -9999 -9999 -9999 -9999 -9999 -9999 -9999 -9999 76.44 84.36 80.92 77.06 83.75 83.61 77.39 71.26 73.76 72.60 68.18 78.05 89.93 103.71 121.05 187.10 212.02 196.32 163.54 110.72 96.43 75.94 69.05 66.37 73.22 66.59 65.81 61.14 70.39 74.95 64.58 70.12 73.31 70.58 81.22 106.73 113.96 92.77 80.54 81.99 89.15 90.46 91.38 -9999
-9999 -9999 -9999 -9999 -9999 -9999 -9999 -9999 -9999 -9999 -9999 116.57 102.69 92.44 95.71 -9999 -9999 -9999 -9999 -9999 -9999 -9999 -9999 -9999 -9999 -9999 -9999 -9999 -9999 -9999 52.36 67.70 73.95 71.27 73.84 72.76 67.60 64.76 67.86 64.21 61.68 71.17 79.57 84.74 104.05 144.89 174.55 195.25 170.76 167.66 138.28 99.54 100.27 82.15 94.11 73.32 67.06 73.80 60.62 57.23 78.24 70.62 74.91 77.49 74.06 76.02 83.17 88.40 90.27 88.86 97.70 91.77 88.67 89.49 91.36
-9999 -9999 -9999 -9999 -9999 -9999 -9999 -9999 -9999 -9999 -9999 106.09 102.91 92.41 92.49 -9999 -9999 -9999 -9999 -9999 -9999 -9999 -9999 -9999 -9999 -9999 -9999 -9999 -9999 57.66 56.39 63.02 70.07 68.26 63.30 62.15 56.26 57.87 63.28 61.09 68.08 77.91 76.67 85.29 98.93 130.15 172.30 196.68 161.78 159.60 146.50 124.14 100.04 83.08 108.52 81.62 71.36 69.05 61.60 55.30 66.29 72.52 70.99 74.49 76.56 72.39 78.10 80.42 98.86 101.29 96.74 96.21 89.14 87.56 90.30
-9999 -9999 -9999 -9999 -9999 -9999 -9999 -9999 -9999 80.24 103.17 99.22 104.70 99.96 101.22 92.35 75.83 88.41 -9999 -9999 83.86 79.27 -9999 -9999 -9999 55.87 58.01 56.84 -9999 57.88 60.34 63.21 62.57 61.15 61.86 59.33 57.37 63.51 68.93 69.07 70.74 80.39 67.56 69.86 101.21 117.92 142.33 177.35 136.89 145.89 153.43 105.71 115.13 90.23 99.68 88.91 81.28 78.46 73.03 62.05 69.86 76.32 77.24 72.48 72.42 70.60 72.50 73.83 92.83 103.71 97.77 104.82 88.03 90.12 89.69
-9999 -9999 -9999 -9999 -9999 -9999 -9999 -9999 -9999 -9999 107.33 91.96 96.86 93.87 103.60 100.29 98.68 92.14 -9999 79.97 106.56 95.88 80.75 66.41 62.45 59.36 64.36 63.57 63.45 -9999 62.20 64.66 59.99 47.30 56.31 61.54 58.74 62.58 66.83 69.51 79.25 83.01 85.34 85.91 135.60 154.53 149.76 175.33 118.26 156.03 137.87 116.48 99.12 91.25 98.85 93.18 80.42 79.83 70.55 70.49 75.37 87.61 79.98 66.80 68.89 67.48 68.45 72.41 83.33 95.46 103.71 100.72 89.67 87.13 85.08
-9999 -9999 -9999 -9999 -9999 -9999 -9999 -9999 -9999 -9999 -9999 92.42 99.24 98.87 103.84 99.35 104.63 119.00 139.46 177.97 131.41 122.87 112.88 104.57 88.74 78.97 58.69 61.48 72.17 70.45 64.68 61.63 64.70 54.01 64.20 65.80 64.17 64.11 65.79 67.07 70.87 75.95 90.77 86.85 132.91 157.75 176.97 167.00 139.36 153.65 160.78 108.35 104.24 96.51 96.14 87.21 78.97 78.40 70.44 68.25 59.02 58.75 68.19 65.65 66.62 65.23 66.66 66.31 73.28 70.78 83.31 92.75 79.78 84.54 76.54
-9999 -9999 -9999 -9999 -9999 -9999 -9999 -9999 -9999 -9999 -9999 -9999 107.40 104.48 121.74 109.76 140.80 158.95 214.59 222.36 175.78 155.76 134.03 119.97 101.15 83.52 75.54 80.07 58.60 79.63 77.94 75.46 68.54 67.99 64.11 63.08 65.08 60.17 65.09 62.08 66.90 67.64 80.59 105.26 126.98 160.15 164.36 161.49 163.12 140.29 144.67 153.20 116.11 104.92 99.69 79.08 79.63 83.03 67.37 63.31 57.63 52.95 59.95 64.13 74.83 70.38 65.93 62.88 66.00 69.14 74.51 84.21 71.30 71.17 69.79
-9999 -9999 -9999 -9999 -9999 -9999 -9999 -9999 -9999 -9999 -9999 -9999 -9999 132.31 141.56 167.77 196.19 221.25 263.02 294.04 219.41 191.08 183.54 147.92 99.88 102.04 83.00 66.50 91.36 91.27 85.39 76.12 62.30 67.38 60.53 55.15 56.17 54.23 51.47 57.63 66.28 66.63 76.19 93.99 133.85 152.71 140.68 137.26 161.90 165.53 130.69 142.55 121.73 107.32 113.35 131.40 129.22 88.62 65.44 62.72 55.41 50.60 54.83 61.15 73.04 70.20 64.12 59.65 59.03 65.34 67.48 71.82 63.28 66.53 64.38
-9999 -9999 -9999 -9999 -9999 -9999 -9999 -9999 -9999 -9999 -9999 -9999 -9999 132.61 152.70 185.10 214.04 305.28 308.79 294.41 212.56 187.86 207.21 172.51 148.01 107.67 91.10 73.11 76.29 97.29 92.55 85.24 56.78 53.53 54.92 53.80 55.32 53.28 45.69 54.89 68.93 62.75 71.86 98.67 116.23 127.01 138.72 148.14 162.25 151.63 139.25 129.49 114.64 103.70 109.69 115.41 107.69 80.73 60.49 51.69 44.42 43.24 53.21 54.16 56.25 67.94 63.44 58.27 54.37 54.48 56.07 60.50 56.54 59.57 59.37
-9999 -9999 -9999 -9999 -9999 -9999 -9999 -9999 -9999 -9999 -9999 -9999 -9999 133.87 161.04 204.74 241.46 310.26 267.42 242.05 237.39 170.95 181.91 159.72 134.08 124.15 94.10 82.14 101.15 105.24 92.68 71.48 63.94 56.37 55.47 55.35 54.98 56.13 51.15 56.78 67.50 70.53 78.02 98.60 105.23 121.22 123.57 123.03 147.81 117.29 137.24 131.51 97.05 94.25 94.24 92.78 80.83 59.28 60.04 44.30 40.28 47.87 52.09 52.45 63.54 58.36 58.25 55.80 54.65 56.56 56.87 53.25 52.34 55.09 54.80
-9999 -9999 -9999 -9999 -9999 -9999 -9999 -9999 -9999 -9999 -9999 -9999 124.53 187.76 168.50 207.71 204.19 209.53 255.93 260.03 286.38 273.57 221.19 168.62 135.98 118.04 93.98 97.72 110.23 98.09 88.33 70.78 63.56 51.93 57.18 53.60 52.11 51.87 50.46 53.05 63.71 70.23 68.64 83.70 85.45 65.54 116.46 123.29 101.42 107.36 102.99 105.16 102.12 87.64 83.54 81.36 67.15 54.27 50.91 50.58 46.51 47.04 51.00 49.89 56.87 55.03 54.65 56.17 52.91 53.29 50.82 52.93 51.87 49.65 -9999
-9999 -9999 -9999 -9999 -9999 -9999 -9999 -9999 -9999 -9999 104.69 108.28 123.83 136.76 139.48 130.13 149.96 148.69 182.36 282.57 293.81 284.86 238.21 183.91 173.41 119.81 114.67 100.80 82.32 80.48 77.73 71.41 65.27 53.31 54.40 54.08 53.44 49.21 44.84 51.90 61.18 68.96 60.35 67.66 67.18 76.40 93.34 87.10 96.94 87.23 83.77 85.35 79.82 74.43 70.59 73.11 60.37 48.33 48.33 46.39 41.03 41.94 51.02 50.92 56.16 55.28 48.64 52.44 49.80 50.85 49.10 48.94 45.12 -9999 -9999
-9999 -9999 -9999 -9999 -9999 -9999 -9999 -9999 -9999 96.68 102.10 105.13 112.55 117.49 106.99 102.95 110.45 128.04 169.95 212.02 246.54 318.97 218.86 185.78 170.97 126.42 147.76 140.11 120.69 92.24 80.77 71.33 60.44 52.49 52.14 54.53 51.37 49.55 46.58 50.79 58.51 52.79 60.04 65.95 61.31 66.37 76.78 73.15 74.60 70.94 73.93 69.58 58.55 59.52 63.45 56.29 55.92 48.24 48.65 47.27 44.74 51.02 54.19 53.82 61.64 52.52 48.11 47.43 45.25 45.44 44.45 43.00 41.11 -9999 -9999
-9999 -9999 -9999 -9999 -9999 -9999 -9999 -9999 136.30 106.64 96.62 106.95 -9999 -9999 -9999 -9999 103.36 143.58 205.48 209.00 225.78 232.06 236.10 235.97 211.52 170.84 203.50 164.82 130.95 102.58 81.37 62.20 51.99 47.31 45.65 52.05 48.72 47.60 48.86 45.02 50.47 47.61 50.51 55.10 62.02 63.69 76.02 63.86 62.81 63.09 55.07 52.71 49.14 47.65 51.55 49.83 46.44 45.30 50.65 50.64 51.21 55.46 52.61 52.56 58.76 49.19 44.83 45.36 40.88 40.32 41.69 43.29 40.87 40.55 -9999
-9999 -9999 -9999 -9999 -9999 -9999 -9999 -9999 122.15 135.39 105.83 109.03 -9999 -9999 -9999 -9999 114.93 137.66 220.03 179.56 237.35 253.66 261.68 267.91 247.60 187.33 191.04 127.60 109.47 95.94 71.67 56.74 45.92 41.75 47.53 56.44 46.21 41.57 43.27 41.53 40.86 49.61 47.69 50.76 57.45 59.54 58.35 58.61 57.14 55.72 51.73 50.35 53.94 50.85 45.87 47.03 38.77 49.01 52.53 50.56 57.28 55.11 54.91 54.00 56.18 55.13 46.28 38.48 37.64 37.96 40.41 41.11 39.86 40.16 39.08
-9999 -9999 -9999 -9999 -9999 -9999 -9999 -9999 -9999 -9999 -9999 -9999 -9999 -9999 -9999 -9999 83.42 135.20 164.90 158.82 212.88 212.31 262.09 263.39 222.89 208.17 183.80 122.63 94.68 76.00 55.03 46.09 48.48 42.62 43.73 37.33 35.10 34.82 34.76 34.67 46.94 47.54 46.54 50.57 53.90 54.75 49.83 49.15 45.97 55.00 53.54 57.30 54.83 48.11 46.38 48.14 52.69 48.38 50.08 50.67 51.02 51.56 55.70 51.47 53.23 51.69 48.40 34.82 31.13 34.75 39.72 40.95 39.65 37.94 34.90
-9999 -9999 -9999 -9999 -9999 -9999 -9999 -9999 -9999 -9999 -9999 -9999 -9999 -9999 -9999 -9999 -9999 126.59 123.04 147.10 183.77 232.92 218.03 233.03 238.39 203.62 116.37 98.59 81.29 62.58 50.30 44.57 48.47 41.92 42.20 40.01 36.44 38.66 33.91 33.57 40.07 43.25 45.64 45.36 54.26 56.75 44.12 42.39 44.27 43.62 49.33 52.78 52.88 48.45 52.61 63.17 44.05 44.30 39.25 42.96 46.22 40.40 51.29 53.63 54.23 48.34 46.32 33.40 33.26 33.31 34.20 36.97 41.15 40.22 34.71
-9999 -9999 -9999 -9999 -9999 -9999 -9999 -9999 -9999 -9999 -9999 -9999 -9999 -9999 -9999 -9999 -9999 118.74 168.21 202.44 200.17 212.67 206.80 204.33 188.57 160.99 113.30 80.33 79.03 57.79 46.41 52.04 45.53 43.72 42.33 39.30 36.75 37.83 37.59 43.47 40.25 41.78 42.72 45.05 50.08 52.79 40.56 35.92 40.90 40.05 46.90 52.26 52.13 51.00 62.34 51.89 38.76 36.94 41.99 52.25 51.37 42.12 48.73 51.08 49.76 47.44 46.09 40.10 35.78 34.96 33.46 37.78 41.15 39.08 32.54
-9999 -9999 -9999 -9999 -9999 -9999 -9999 -9999 -9999 -9999 -9999 -9999 -9999 -9999 -9999 -9999 106.21 117.25 162.69 191.36 189.22 174.38 199.37 192.62 168.52 146.22 102.87 77.49 74.70 56.05 59.82 48.02 42.90 48.79 53.03 40.11 43.60 47.51 47.58 46.03 41.38 40.49 42.65 45.00 48.83 48.56 44.33 45.47 40.72 40.43 44.95 46.63 48.29 42.14 40.13 41.32 35.92 38.88 46.29 54.12 53.71 49.36 50.72 47.03 45.60 47.42 45.25 41.11 38.81 36.03 35.59 34.65 35.52 34.64 33.23
-9999 -9999 -9999 -9999 -9999 -9999 -9999 -9999 -9999 -9999 -9999 -9999 -9999 -9999 -9999 -9999 83.39 96.51 151.46 126.82 135.64 136.15 153.88 177.55 160.02 113.96 88.91 71.99 67.82 54.37 52.98 52.75 55.36 61.40 59.95 50.99 46.54 47.16 51.92 45.94 41.64 42.04 44.73 40.37 54.15 44.29 46.86 49.07 44.32 44.66 47.09 50.50 44.63 46.45 42.98 42.95 38.96 44.38 47.14 56.31 48.51 50.04 48.44 44.20 45.04 43.13 40.83 42.94 39.08 31.60 33.70 36.65 33.56 27.53 28.79
-9999 -9999 -9999 -9999 -9999 -9999 -9999 -9999 -9999 -9999 -9999 -9999 -9999 -9999 -9999 -9999 58.22 72.96 91.88 106.16 120.68 161.72 158.57 174.70 147.08 126.66 83.04 72.83 65.30 54.80 54.43 54.08 60.74 83.13 69.42 64.56 53.99 51.35 55.32 44.60 42.95 40.33 39.87 45.58 55.20 51.07 52.00 49.08 44.72 46.93 59.70 59.24 50.56 46.99 39.63 39.87 40.16 51.49 53.22 50.91 44.74 43.52 40.77 42.70 44.97 45.84 38.70 37.19 39.27 38.97 33.11 38.32 33.73 25.41 26.47
-9999 -9999 -9999 -9999 -9999 -9999 -9999 -9999 -9999 -9999 -9999 -9999 -9999 -9999 -9999 -9999 -9999 72.60 106.23 131.29 163.94 213.58 188.90 174.24 138.61 96.49 84.02 75.41 63.61 55.45 47.61 55.69 60.65 81.57 66.91 58.86 49.86 60.61 63.03 49.92 50.29 43.18 35.81 47.48 48.78 44.36 43.92 47.74 49.93 54.47 57.05 58.78 45.70 44.46 42.61 39.93 43.23 49.96 49.07 44.79 38.97 43.08 42.44 46.03 44.90 41.71 39.57 38.77 39.66 39.57 37.07 37.11 36.17 31.73 26.58
-9999 -9999 -9999 -9999 -9999 -9999 -9999 -9999 -9999 -9999 -9999 -9999 -9999 -9999 -9999 -9999 -9999 96.23 102.22 131.69 178.91 271.20 231.11 192.21 139.78 114.33 96.44 95.58 81.82 73.72 65.33 57.24 62.59 69.79 63.44 62.63 70.73 68.58 63.95 61.43 60.95 46.72 45.05 47.70 49.65 40.46 44.34 45.29 50.27 51.52 54.45 52.95 47.87 46.32 48.17 47.87 48.33 45.80 41.87 41.11 45.64 44.34 46.79 46.68 46.90 42.02 39.57 39.62 36.65 33.20 34.13 31.84 34.44 33.25 27.20
-9999 -9999 -9999 -9999 -9999 -9999 -9999 -9999 -9999 -9999 -9999 -9999 -9999 -9999 -9999 -9999 84.27 93.23 102.45 137.58 157.06 218.80 214.92 175.54 157.10 157.31 122.76 115.27 77.49 63.35 71.32 74.84 66.95 56.57 61.86 65.54 68.32 72.41 63.68 53.35 57.79 49.24 50.86 53.14 49.62 48.60 49.64 51.73 54.31 49.66 54.97 53.67 49.65 48.94 48.96 45.97 54.86 52.65 45.32 44.63 44.01 40.54 43.85 47.05 45.84 37.73 37.57 34.03 32.05 30.60 32.09 31.33 32.28 31.58 31.93
-9999 -9999 -9999 -9999 -9999 -9999 -9999 -9999 -9999 -9999 -9999 -9999 -9999 -9999 -9999 -9999 92.34 100.17 105.95 112.40 150.38 217.00 216.53 190.80 119.29 109.87 122.91 112.25 95.64 83.61 92.16 82.38 57.27 67.07 58.64 53.57 53.60 69.99 54.37 50.85 56.73 49.79 49.81 46.38 61.56 52.63 53.88 59.92 56.02 53.92 51.50 50.93 46.47 46.37 41.76 44.46 50.42 51.36 51.87 46.80 45.94 43.07 41.35 42.06 38.35 37.00 37.36 34.78 30.85 30.09 29.53 33.19 31.35 30.84 30.96
-9999 -9999 -9999 -9999 -9999 -9999 -9999 -9999 -9999 -9999 -9999 -9999 -9999 -9999 -9999 -9999 95.65 101.42 99.34 137.00 161.46 201.43 223.81 188.97 121.25 109.03 110.97 98.95 111.49 137.52 74.84 62.59 56.62 49.38 62.19 48.38 50.92 48.98 47.84 48.17 46.09 41.40 44.67 47.90 48.20 55.89 56.93 53.69 49.46 49.82 49.31 43.52 41.72 42.17 42.72 41.86 42.94 49.94 46.70 42.78 40.70 45.19 39.90 39.92 36.35 36.47 33.82 28.65 27.36 28.69 29.84 32.28 29.38 30.64 29.63
-9999 -9999 -9999 -9999 -9999 -9999 -9999 -9999 -9999 -9999 -9999 -9999 -9999 -9999 -9999 99.97 107.36 124.52 132.07 151.27 178.15 168.88 168.67 136.87 114.65 95.95 89.18 81.68 118.43 105.35 60.74 66.52 56.87 43.46 42.57 40.35 48.91 48.86 55.49 45.07 45.48 48.13 44.11 45.63 47.04 49.36 48.72 49.11 45.11 46.36 45.87 43.24 39.08 32.86 31.51 47.91 49.13 45.34 44.95 40.99 41.23 42.11 41.89 35.57 37.56 39.03 30.61 29.79 26.71 26.91 26.00 24.79 24.88 27.45 28.41
-9999 -9999 -9999 -9999 -9999 -9999 -9999 -9999 -9999 -9999 -9999 -9999 -9999 -9999 107.58 105.70 115.57 114.83 114.83 149.38 174.54 173.05 154.35 151.36 114.94 101.22 96.11 77.23 102.29 88.84 72.54 52.25 46.90 42.34 46.28 46.10 53.47 44.52 47.33 58.61 59.95 52.10 45.61 46.78 42.10 41.32 45.96 46.31 44.84 45.10 47.22 42.47 38.30 38.70 40.69 46.33 46.51 40.72 42.87 38.70 39.86 37.37 38.31 37.12 38.94 32.39 30.57 31.34 28.28 27.63 27.99 24.76 24.13 22.78 25.15
