Rainfall_2007-2011/Rainfall_2007-02_ACTUAL.txt
ncols         180
nrows         290
xllcorner     -200000
yllcorner     -200000
cellsize      5000
NODATA_value  -9999
[rows 204 to 237 of 290, columns 76 to 151 of 180]
104.42 125.33 145.06 158.18 178.19 182.93 184.84 171.68 162.19 169.89 192.67 174.75 190.43 209.89 191.81 168.13 177.85 145.13 147.24 185.83 173.00 223.64 187.48 189.27 136.47 148.73 111.76 164.89 186.77 220.76 150.34 122.26 135.57 132.53 117.84 91.73 84.31 82.05 104.62 88.68 80.84 67.28 64.31 66.00 84.13 94.82 91.93 89.76 81.47 86.09 88.16 93.89 97.91 91.63 92.62 108.44 85.98 76.50 75.61 74.69 71.05 72.04 77.30 75.50 81.01 76.94 79.74 78.86 78.80 86.14 84.96 78.92 78.39 76.87 78.64 74.45
103.96 116.34 139.48 149.34 163.73 190.07 160.94 160.86 148.75 169.88 157.29 167.43 157.35 168.49 165.99 193.96 200.55 190.96 188.85 247.27 301.52 255.02 249.00 250.94 230.50 196.99 139.25 139.94 219.27 183.68 147.72 111.45 126.80 128.68 100.05 94.22 100.36 102.63 113.13 97.19 73.59 68.68 70.19 69.74 91.25 97.81 94.64 94.33 87.13 92.07 98.47 99.93 92.03 86.64 77.53 69.54 66.11 75.10 80.86 80.14 79.68 80.13 77.20 90.41 99.08 85.54 81.76 71.87 75.66 77.75 82.57 77.13 79.76 78.51 71.91 68.11
-9999 123.42 117.61 133.60 158.58 162.78 160.51 166.12 168.04 181.80 166.87 163.58 160.72 194.18 178.86 231.04 212.01 212.40 210.65 236.82 248.40 255.48 243.53 284.49 293.90 208.75 186.53 169.43 137.36 158.74 161.93 110.40 120.39 101.10 119.15 115.38 134.36 123.66 112.70 90.76 74.06 71.38 77.07 96.49 88.85 99.56 95.17 96.55 85.69 108.97 109.93 90.93 89.02 72.48 73.79 67.40 69.67 77.84 77.44 80.57 78.05 80.22 82.14 93.43 97.32 94.48 82.72 88.31 87.35 99.12 71.29 68.91 69.73 74.00 70.89 72.01
117.11 118.56 119.66 120.21 139.00 149.90 162.67 176.97 172.02 170.10 165.80 160.64 165.93 189.70 172.29 200.43 186.36 187.79 184.98 207.28 195.54 207.03 212.51 240.03 239.19 228.98 203.93 154.67 183.37 217.26 171.24 162.45 126.92 130.29 127.06 146.91 140.87 145.95 103.15 77.51 61.63 107.49 100.80 94.33 98.95 82.43 87.18 103.63 99.02 95.85 93.91 84.25 79.20 73.87 76.04 70.80 70.29 78.35 84.55 87.41 79.69 79.05 85.21 104.78 93.27 98.40 92.68 82.73 82.84 80.05 70.30 71.47 73.28 73.21 74.70 83.61
115.72 117.20 107.53 122.70 135.60 162.02 147.91 144.56 149.45 144.79 146.77 155.60 157.34 164.12 191.90 184.42 214.36 196.95 210.70 243.89 225.60 186.93 212.83 197.80 197.30 184.16 211.59 185.21 175.40 203.95 158.16 163.64 133.63 132.26 148.04 161.69 170.54 114.01 83.96 77.27 92.40 92.35 94.23 97.71 94.27 106.31 89.73 91.75 92.24 86.60 77.48 72.66 71.38 87.88 79.61 73.65 66.07 69.08 70.49 77.36 78.84 84.45 96.31 108.41 106.85 102.85 94.89 95.21 80.01 86.17 83.07 77.36 80.77 108.82 72.60 74.27
-9999 113.15 116.48 127.45 134.64 142.47 141.13 -9999 -9999 -9999 -9999 140.92 148.23 164.69 162.37 170.65 185.38 186.56 187.62 212.09 207.70 274.38 311.39 241.35 220.93 199.35 213.76 203.20 191.52 181.60 177.91 159.71 133.87 176.76 145.02 156.30 113.48 73.80 77.65 79.67 107.59 90.97 103.63 99.77 89.57 93.83 80.77 77.01 80.71 78.65 72.40 73.25 71.64 81.01 82.97 79.67 68.19 69.43 74.91 80.22 73.51 97.10 104.28 112.37 106.40 108.52 89.20 83.05 78.56 82.05 85.32 80.21 83.07 91.36 84.05 75.15
-9999 114.79 124.68 120.62 122.16 141.91 122.28 -9999 -9999 -9999 -9999 -9999 -9999 -9999 160.59 186.50 189.09 178.93 165.07 182.85 231.38 284.96 332.74 314.62 253.17 233.52 235.31 185.13 206.29 236.67 197.03 151.35 160.59 161.81 156.00 117.28 93.87 80.29 80.26 88.82 97.83 101.98 105.16 87.63 68.64 67.83 72.88 72.91 78.62 71.90 72.45 69.03 69.11 65.59 67.89 72.67 72.19 75.33 89.09 88.04 92.96 106.83 107.46 106.27 100.93 97.86 81.77 81.58 77.17 86.74 85.89 102.54 92.92 71.71 77.91 74.38
-9999 -9999 -9999 111.01 -9999 -9999 -9999 -9999 -9999 -9999 -9999 -9999 144.41 158.57 168.13 179.20 166.38 167.27 154.49 163.36 214.26 260.67 288.54 275.64 233.08 224.38 236.05 198.00 194.82 176.68 157.05 132.61 139.31 136.29 128.68 102.89 90.50 85.80 88.07 99.81 99.82 93.55 97.59 82.69 71.93 73.71 74.16 78.22 72.56 72.27 58.71 58.85 62.53 61.73 69.86 66.97 67.07 85.42 98.65 97.19 110.66 89.80 95.12 101.39 99.10 83.39 93.30 93.57 95.49 97.38 87.59 87.17 78.29 94.20 75.21 75.37
-9999 -9999 -9999 -9999 -9999 -9999 -9999 -9999 -9999 -9999 -9999 -9999 140.41 150.95 147.99 147.93 134.95 -9999 -9999 138.26 201.91 214.83 237.42 215.40 202.23 199.73 203.27 182.96 172.04 158.42 142.02 137.90 125.75 112.46 100.92 89.50 86.94 84.98 89.37 99.35 93.01 90.68 91.99 68.63 81.97 81.72 74.03 76.85 72.92 63.55 79.89 78.97 79.00 74.85 72.27 74.46 84.41 85.50 87.17 104.50 100.88 90.28 100.10 97.43 99.13 93.92 97.07 91.38 91.95 105.02 83.30 83.62 81.91 87.16 85.56 88.97
-9999 -9999 -9999 -9999 -9999 -9999 -9999 -9999 -9999 -9999 -9999 -9999 -9999 -9999 -9999 -9999 -9999 -9999 -9999 120.89 139.63 175.88 175.51 166.70 165.42 152.49 159.06 148.24 149.53 142.84 130.04 122.62 111.41 -9999 90.99 84.98 90.14 88.70 92.21 102.65 96.68 85.91 90.52 87.81 81.49 94.05 80.99 88.09 92.42 89.13 81.28 85.70 97.57 80.32 82.38 94.23 87.64 88.67 93.78 97.71 88.61 90.86 86.69 92.51 102.48 94.27 99.98 89.74 90.14 89.91 88.69 84.31 83.53 93.56 105.28 90.06
-9999 -9999 -9999 -9999 -9999 -9999 -9999 -9999 -9999 -9999 -9999 -9999 -9999 -9999 -9999 -9999 -9999 -9999 -9999 -9999 130.35 151.57 149.90 159.94 149.94 140.94 153.32 157.76 132.07 -9999 -9999 -9999 -9999 90.39 85.29 89.13 94.64 95.15 89.61 103.18 98.70 97.76 94.69 94.30 95.45 83.47 94.24 95.15 106.17 96.80 94.91 92.96 92.74 84.37 80.50 85.66 80.69 90.25 92.06 77.98 81.80 79.98 88.44 89.21 91.66 93.01 97.05 88.59 81.74 89.75 76.48 92.60 91.72 92.19 83.39 82.13
-9999 -9999 -9999 -9999 -9999 -9999 -9999 -9999 -9999 -9999 -9999 -9999 -9999 -9999 -9999 -9999 -9999 -9999 -9999 -9999 -9999 139.62 137.91 147.62 134.18 132.16 138.16 134.79 -9999 -9999 -9999 -9999 86.12 97.86 100.42 95.64 103.83 92.21 96.14 104.60 109.29 102.67 100.67 95.19 89.97 96.52 105.09 101.02 104.35 100.91 101.40 90.27 87.81 79.24 84.46 72.89 82.77 80.25 76.94 76.26 80.29 81.58 95.72 104.34 105.30 93.72 88.45 90.21 95.28 84.47 87.81 86.53 95.03 85.79 85.03 88.97
-9999 -9999 -9999 -9999 -9999 -9999 -9999 -9999 -9999 -9999 -9999 -9999 -9999 -9999 -9999 -9999 -9999 -9999 -9999 -9999 -9999 -9999 114.68 117.41 118.52 107.25 113.94 115.51 -9999 -9999 -9999 85.72 91.58 86.63 100.17 113.78 102.66 87.66 93.66 84.47 99.52 103.58 92.95 97.44 95.78 99.06 97.95 105.00 103.47 101.28 101.59 96.10 91.18 98.48 82.99 83.61 85.08 80.78 79.42 82.29 83.77 94.69 109.36 110.53 101.24 90.71 86.50 81.18 78.07 82.44 86.76 98.19 93.93 95.12 87.77 100.78
-9999 -9999 -9999 -9999 -9999 -9999 -9999 -9999 -9999 -9999 -9999 -9999 -9999 -9999 -9999 -9999 -9999 -9999 -9999 -9999 -9999 -9999 -9999 -9999 -9999 -9999 -9999 -9999 -9999 -9999 100.82 100.71 94.81 102.93 117.42 106.52 103.23 88.40 92.77 94.41 95.08 95.11 85.85 76.62 85.33 93.45 96.53 100.90 105.17 109.91 103.98 120.00 109.80 102.89 94.01 94.57 94.75 84.91 86.34 88.90 88.43 99.33 110.29 94.73 94.96 93.48 93.54 96.17 88.74 92.59 103.98 106.14 112.90 107.45 90.61 108.03
-9999 -9999 -9999 -9999 -9999 -9999 -9999 -9999 -9999 -9999 -9999 -9999 -9999 -9999 -9999 -9999 -9999 -9999 -9999 -9999 -9999 -9999 -9999 -9999 -9999 -9999 -9999 -9999 -9999 -9999 94.18 105.50 101.48 143.51 146.17 147.14 125.01 118.12 100.81 103.12 88.40 81.66 81.85 87.20 82.63 90.36 95.06 109.51 111.35 125.74 119.92 124.54 124.62 106.78 102.76 100.73 89.23 81.39 78.75 86.40 93.70 98.52 108.02 101.25 87.41 102.00 100.35 104.73 109.57 111.06 124.13 108.62 113.26 118.09 108.63 99.90
-9999 -9999 -9999 -9999 -9999 -9999 -9999 -9999 -9999 -9999 -9999 -9999 -9999 -9999 -9999 -9999 -9999 -9999 -9999 -9999 -9999 -9999 -9999 -9999 -9999 -9999 -9999 -9999 -9999 -9999 88.80 87.75 95.75 111.50 122.06 135.93 133.84 128.36 119.73 108.64 98.07 83.24 100.79 91.45 89.25 99.66 89.42 91.43 90.13 104.37 112.16 111.75 108.08 106.13 108.13 104.85 95.81 87.39 86.19 88.85 97.12 96.46 126.17 113.88 101.98 104.41 125.10 102.07 110.98 120.97 118.44 117.39 116.50 133.79 110.37 102.21
-9999 -9999 -9999 -9999 -9999 -9999 -9999 -9999 -9999 -9999 -9999 -9999 -9999 121.61 148.91 142.41 177.44 177.23 205.86 160.42 167.41 122.19 139.59 104.10 -9999 -9999 -9999 -9999 -9999 -9999 87.85 78.90 79.92 87.61 96.46 119.14 106.80 125.06 113.63 114.87 107.41 108.46 105.87 98.46 98.46 99.47 88.49 82.81 82.58 88.99 94.51 94.66 103.17 97.12 113.29 107.47 111.14 105.03 96.26 100.82 87.42 102.75 112.33 114.53 110.61 123.11 120.33 124.47 110.08 109.01 101.11 102.91 104.62 105.94 98.13 85.22
-9999 -9999 -9999 -9999 -9999 -9999 -9999 -9999 -9999 -9999 -9999 -9999 -9999 145.61 156.27 180.22 157.22 212.38 225.04 197.29 221.89 171.90 155.78 141.02 126.81 96.92 120.36 126.00 97.82 73.37 81.52 81.83 75.15 85.79 92.60 88.77 98.26 109.73 102.80 109.89 135.69 132.44 107.31 105.21 106.94 91.18 92.33 87.33 87.25 93.36 95.14 104.02 94.27 92.41 89.53 97.17 90.22 107.30 110.39 99.31 100.86 96.29 109.59 116.69 111.53 150.74 132.15 124.97 119.98 104.44 99.72 108.97 118.49 117.90 101.61 101.20
-9999 -9999 -9999 -9999 -9999 -9999 -9999 -9999 -9999 -9999 -9999 -9999 113.12 122.16 127.86 147.73 152.92 161.72 226.14 231.83 214.62 200.20 194.86 183.60 141.63 134.32 124.04 129.41 108.34 100.82 75.47 79.78 82.56 86.67 81.21 87.90 85.87 93.07 98.65 135.00 129.81 148.18 124.76 112.77 103.46 100.20 97.41 93.79 90.10 83.49 92.98 102.03 112.55 100.04 87.26 92.50 100.30 94.00 111.00 112.43 104.67 122.68 112.26 114.54 118.20 121.55 130.41 125.18 111.05 118.89 121.30 128.25 146.34 116.30 115.68 123.29
-9999 -9999 -9999 -9999 -9999 -9999 -9999 -9999 -9999 -9999 -9999 -9999 -9999 120.48 127.40 123.75 127.10 155.69 170.75 199.57 194.12 185.49 163.79 175.69 177.00 153.18 126.44 108.94 105.88 96.44 81.54 75.88 67.97 77.17 74.49 74.64 74.36 88.37 116.43 124.12 117.90 127.84 124.04 114.95 108.72 115.43 106.73 100.94 95.83 100.62 98.88 101.44 109.04 113.73 95.15 101.02 111.18 115.76 122.80 126.11 121.67 128.45 121.86 124.57 112.12 117.92 106.31 96.21 105.89 127.38 127.04 146.62 155.61 137.52 131.12 128.82
-9999 -9999 -9999 -9999 -9999 -9999 -9999 -9999 -9999 157.21 -9999 -9999 122.86 120.55 139.16 120.22 126.31 139.24 141.38 151.51 147.21 138.70 169.72 158.09 166.70 170.22 123.44 106.18 97.46 86.82 81.68 65.15 58.21 77.44 71.33 65.05 78.46 109.99 118.31 106.81 89.39 108.85 108.72 122.07 124.96 118.30 103.55 96.49 93.79 104.32 106.28 114.69 102.47 107.34 118.60 108.83 115.32 122.45 144.38 127.98 130.27 129.76 115.37 119.64 118.11 114.38 116.91 117.15 115.29 119.03 131.44 136.67 127.80 117.04 127.94 128.76
-9999 -9999 -9999 -9999 -9999 -9999 -9999 -9999 166.88 181.08 188.89 176.15 146.74 140.94 149.36 130.91 113.31 130.82 133.65 152.02 157.30 159.32 156.15 154.33 149.46 143.52 125.17 118.59 120.16 108.76 101.54 79.10 76.61 82.28 79.52 72.36 86.94 101.99 105.42 103.02 104.54 117.02 109.19 119.52 126.97 116.62 108.58 101.09 104.38 114.20 116.45 94.77 105.62 111.19 113.04 113.85 113.36 127.73 127.78 149.34 134.31 145.40 148.88 128.27 122.10 119.11 113.82 118.61 114.18 116.74 133.07 126.44 120.03 121.76 110.94 123.73
-9999 -9999 -9999 -9999 -9999 -9999 -9999 -9999 174.16 187.19 176.38 183.05 162.67 143.94 137.12 129.54 149.21 142.56 139.56 151.61 141.70 171.59 157.87 157.12 159.52 148.05 145.61 182.53 163.06 128.99 110.76 88.89 104.16 107.07 99.02 97.59 122.47 106.62 110.50 104.06 99.61 104.08 123.08 110.28 112.63 110.53 103.36 99.64 120.21 118.46 112.84 106.17 102.00 98.24 105.75 114.12 124.39 137.82 143.13 149.81 166.02 147.40 151.50 141.59 139.14 128.76 122.48 127.76 119.79 132.86 144.56 119.77 121.16 132.24 117.71 121.12
-9999 -9999 -9999 -9999 -9999 -9999 -9999 -9999 183.65 191.14 188.30 193.23 161.01 154.37 143.58 146.21 140.01 140.71 150.81 153.62 149.07 164.75 159.33 156.40 148.21 142.37 180.27 179.63 188.12 161.70 147.03 125.38 137.16 120.89 131.21 118.94 123.67 122.01 122.02 111.55 109.94 112.63 116.90 108.49 109.34 108.39 110.88 117.20 113.70 128.49 127.44 111.30 103.74 92.70 102.86 118.44 113.48 127.49 128.16 144.72 158.91 148.70 149.80 171.95 139.29 163.90 144.38 105.68 122.44 165.72 156.77 151.44 117.09 110.83 112.19 109.40
-9999 -9999 -9999 -9999 -9999 -9999 -9999 -9999 165.76 185.26 176.49 161.84 158.37 156.72 153.50 144.41 169.04 148.46 163.76 166.76 146.23 146.01 147.46 167.39 150.07 143.84 178.19 185.76 191.82 186.66 178.71 166.60 150.28 142.35 148.76 150.03 134.77 130.12 129.90 123.34 121.04 110.34 108.55 103.41 106.13 106.59 112.51 114.39 113.56 116.05 115.38 112.95 116.23 106.92 105.96 107.61 134.04 127.67 113.10 124.11 119.69 119.58 127.56 123.55 126.96 132.46 127.46 129.06 121.27 126.83 115.88 143.05 119.68 109.05 126.40 123.61
-9999 -9999 -9999 -9999 -9999 -9999 -9999 -9999 163.54 171.20 169.74 168.81 173.16 170.35 164.12 152.66 145.32 158.90 147.10 137.12 128.03 126.63 141.88 142.39 138.85 145.61 153.22 185.08 196.83 178.13 158.40 183.83 193.76 171.44 180.85 165.62 165.21 170.61 151.17 129.00 129.13 118.96 105.50 115.40 117.55 111.77 113.32 117.32 109.33 116.51 113.57 118.41 108.19 100.67 95.04 95.13 102.74 106.19 105.43 108.30 113.54 127.32 120.87 122.24 113.43 116.52 111.66 102.11 -9999 -9999 98.11 88.04 137.62 114.50 111.49 145.01
-9999 -9999 -9999 -9999 -9999 -9999 -9999 150.95 164.77 183.60 166.81 182.56 178.71 173.70 177.71 183.21 159.64 153.84 149.16 139.86 128.86 102.48 144.53 143.30 130.51 144.98 162.42 185.26 191.67 170.71 164.73 164.79 151.22 148.40 153.87 170.69 171.06 165.16 164.54 136.07 132.94 133.30 120.69 111.74 120.69 115.15 114.15 113.45 109.27 109.88 109.39 105.87 98.07 97.45 -9999 -9999 98.04 99.01 104.34 103.85 107.50 109.00 112.04 -9999 -9999 -9999 -9999 -9999 -9999 -9999 -9999 -9999 -9999 101.65 110.81 124.01
-9999 -9999 -9999 -9999 -9999 -9999 196.34 181.63 182.48 196.53 185.37 179.84 183.72 188.91 190.06 214.77 220.20 221.17 189.59 155.32 176.56 215.02 200.06 157.73 152.14 149.40 180.19 165.04 185.19 158.75 164.30 131.43 124.64 125.62 146.40 157.89 172.63 162.46 152.30 136.27 131.06 114.07 108.90 113.22 117.54 117.97 119.35 105.70 102.51 110.45 106.90 -9999 100.02 106.08 103.73 98.81 100.55 -9999 -9999 -9999 -9999 107.19 -9999 -9999 -9999 -9999 -9999 -9999 -9999 -9999 -9999 -9999 -9999 -9999 -9999 -9999
-9999 -9999 -9999 -9999 -9999 162.85 210.70 233.94 232.96 203.88 212.67 204.57 184.18 180.35 232.81 296.37 338.57 284.77 238.69 249.76 202.49 208.83 202.90 150.61 169.69 158.52 150.17 147.42 131.45 -9999 -9999 -9999 -9999 -9999 119.72 135.86 156.89 140.40 143.31 121.45 123.32 96.26 113.67 131.41 118.83 -9999 -9999 -9999 -9999 -9999 106.96 112.77 107.16 125.04 117.85 117.81 110.04 -9999 -9999 -9999 -9999 -9999 -9999 -9999 -9999 -9999 -9999 -9999 -9999 -9999 -9999 -9999 -9999 -9999 -9999 -9999
-9999 -9999 -9999 -9999 148.64 150.60 207.98 248.59 259.56 247.98 233.77 197.83 220.76 256.58 274.78 339.83 394.64 338.08 298.87 255.93 257.97 194.43 182.18 160.04 155.86 145.35 -9999 -9999 -9999 -9999 -9999 -9999 -9999 -9999 -9999 102.58 123.50 118.30 115.77 129.29 139.86 125.74 148.92 155.68 132.39 -9999 -9999 -9999 -9999 -9999 -9999 -9999 101.46 113.91 111.27 126.29 -9999 -9999 -9999 -9999 -9999 -9999 -9999 -9999 -9999 -9999 -9999 -9999 -9999 -9999 -9999 -9999 -9999 -9999 -9999 -9999
-9999 155.84 146.05 167.65 187.94 187.66 246.90 265.55 283.81 259.62 232.71 219.54 240.78 254.19 283.62 341.83 348.03 310.00 286.91 294.94 232.78 209.78 204.67 167.61 -9999 -9999 -9999 -9999 -9999 -9999 -9999 -9999 -9999 -9999 -9999 -9999 -9999 94.04 -9999 -9999 -9999 -9999 125.84 137.91 135.22 -9999 -9999 -9999 -9999 -9999 -9999 -9999 -9999 103.34 116.27 103.68 -9999 -9999 -9999 -9999 -9999 -9999 -9999 -9999 -9999 -9999 -9999 -9999 -9999 -9999 -9999 -9999 -9999 -9999 -9999 -9999
-9999 162.01 171.70 201.41 216.81 227.95 248.87 268.04 296.05 278.56 248.28 258.33 237.18 233.65 245.13 304.23 405.27 335.82 284.62 277.34 208.30 188.36 171.82 -9999 -9999 -9999 -9999 -9999 -9999 -9999 -9999 -9999 -9999 -9999 -9999 -9999 -9999 96.05 -9999 -9999 -9999 -9999 -9999 -9999 -9999 -9999 -9999 -9999 -9999 -9999 -9999 -9999 -9999 -9999 -9999 -9999 -9999 -9999 -9999 -9999 -9999 -9999 -9999 -9999 -9999 -9999 -9999 -9999 -9999 -9999 -9999 -9999 -9999 -9999 -9999 -9999
-9999 168.94 208.64 220.28 244.33 277.47 248.04 254.93 272.65 253.32 241.88 256.83 226.28 216.44 245.38 283.14 386.70 422.21 332.75 271.43 227.35 203.86 186.80 -9999 -9999 -9999 -9999 -9999 -9999 -9999 -9999 -9999 -9999 -9999 -9999 -9999 -9999 -9999 -9999 -9999 -9999 -9999 -9999 -9999 -9999 -9999 -9999 -9999 -9999 -9999 -9999 -9999 -9999 -9999 -9999 -9999 -9999 -9999 -9999 -9999 -9999 -9999 -9999 -9999 -9999 -9999 -9999 -9999 -9999 -9999 -9999 -9999 -9999 -9999 -9999 -9999
143.71 165.73 191.01 244.77 280.01 265.92 263.14 265.04 265.17 237.13 226.57 224.92 238.98 225.00 241.33 276.80 349.88 360.53 321.66 260.82 220.53 223.19 158.42 -9999 -9999 -9999 -9999 -9999 -9999 -9999 -9999 -9999 -9999 -9999 -9999 -9999 -9999 -9999 -9999 -9999 -9999 -9999 -9999 -9999 -9999 -9999 -9999 -9999 -9999 -9999 -9999 -9999 -9999 -9999 -9999 -9999 -9999 -9999 -9999 -9999 -9999 -9999 -9999 -9999 -9999 -9999 -9999 -9999 -9999 -9999 -9999 -9999 -9999 -9999 -9999 -9999
