Rainfall_2007-2011/Rainfall_2010-04_ACTUAL.txt
ncols         180
nrows         290
xllcorner     -200000
yllcorner     -200000
cellsize      5000
NODATA_value  -9999
[rows 136 to 169 of 290, columns 77 to 153 of 180]
-9999 -9999 60.46 66.40 69.97 87.51 85.47 96.36 97.15 87.88 89.05 99.68 117.96 154.71 129.47 114.60 97.09 92.74 93.73 101.36 86.66 82.81 73.97 74.61 49.49 41.30 38.55 37.87 36.62 33.27 38.49 35.10 33.83 29.52 31.20 38.78 34.23 29.65 24.77 24.37 19.38 22.50 23.31 21.40 18.20 17.72 16.69 17.67 16.50 14.10 7.37 -9999 -9999 -9999 -9999 -9999 -9999 -9999 -9999 -9999 -9999 -9999 -9999 -9999 -9999 -9999 -9999 -9999 -9999 -9999 -9999 -9999 -9999 -9999 -9999 -9999 -9999
-9999 -9999 54.17 59.18 59.74 71.67 67.35 79.87 85.68 79.54 82.22 87.51 107.42 123.61 115.39 108.73 99.06 99.11 90.14 105.59 104.55 106.74 83.79 -9999 -9999 -9999 35.18 33.93 -9999 30.51 31.19 29.77 28.70 25.94 29.41 34.64 28.50 27.54 27.29 22.71 21.64 20.77 14.13 13.06 17.52 16.64 18.24 14.86 13.99 14.13 18.34 -9999 -9999 -9999 -9999 -9999 -9999 -9999 -9999 -9999 -9999 -9999 -9999 -9999 -9999 -9999 -9999 -9999 -9999 -9999 -9999 -9999 -9999 -9999 -9999 -9999 -9999
-9999 -9999 43.97 53.56 53.18 51.56 59.91 71.77 80.76 80.19 82.52 89.07 90.78 119.69 107.41 106.42 96.27 98.41 109.32 97.69 86.75 76.97 70.22 -9999 -9999 -9999 35.22 32.83 31.66 29.72 28.90 28.17 27.66 30.37 32.30 40.75 33.10 36.46 26.54 19.30 22.36 17.21 16.18 16.17 17.89 15.90 17.60 19.12 16.05 12.65 15.57 -9999 -9999 -9999 -9999 -9999 -9999 -9999 -9999 -9999 -9999 -9999 -9999 -9999 -9999 -9999 -9999 -9999 -9999 -9999 -9999 -9999 -9999 -9999 -9999 -9999 -9999
-9999 -9999 -9999 45.04 51.84 46.82 -9999 66.84 75.13 76.57 82.93 82.67 -9999 84.65 80.15 88.50 79.55 83.21 95.38 85.46 61.86 -9999 -9999 -9999 -9999 35.49 30.70 31.10 29.90 31.79 24.69 25.19 29.17 28.26 25.68 45.28 38.41 37.00 31.50 28.09 20.08 14.69 15.37 26.41 17.25 18.44 19.73 17.25 13.79 12.24 11.34 10.36 -9999 -9999 -9999 -9999 -9999 -9999 -9999 -9999 -9999 -9999 -9999 -9999 -9999 -9999 -9999 -9999 -9999 -9999 -9999 -9999 -9999 -9999 -9999 -9999 -9999
-9999 -9999 -9999 -9999 47.45 -9999 -9999 -9999 58.41 55.02 63.73 73.47 63.79 -9999 -9999 67.27 67.11 72.54 92.40 -9999 -9999 -9999 -9999 -9999 39.74 37.59 32.64 30.47 27.18 31.66 23.78 23.36 27.15 23.74 29.73 36.03 38.59 31.09 37.21 32.94 29.05 18.56 13.61 17.65 19.04 20.16 21.25 17.02 12.64 12.35 12.29 11.04 -9999 -9999 -9999 -9999 -9999 -9999 -9999 -9999 -9999 -9999 -9999 -9999 -9999 -9999 -9999 -9999 -9999 -9999 -9999 -9999 -9999 -9999 -9999 -9999 -9999
-9999 -9999 -9999 -9999 43.15 40.76 -9999 -9999 -9999 46.45 55.65 71.31 68.16 -9999 -9999 -9999 -9999 66.16 -9999 -9999 -9999 -9999 -9999 -9999 38.24 38.07 30.00 33.15 32.92 30.84 23.51 22.01 22.51 25.92 27.05 31.65 31.02 33.04 42.73 33.73 28.54 16.78 17.30 18.53 19.08 15.59 18.14 14.53 12.10 12.37 12.25 9.85 -9999 -9999 -9999 -9999 -9999 -9999 -9999 -9999 -9999 -9999 -9999 -9999 -9999 -9999 -9999 -9999 -9999 -9999 -9999 -9999 -9999 -9999 -9999 -9999 -9999
-9999 -9999 -9999 -9999 -9999 45.89 -9999 -9999 -9999 -9999 54.75 63.66 62.63 -9999 -9999 -9999 -9999 -9999 -9999 -9999 -9999 -9999 -9999 39.14 35.41 41.88 28.67 38.45 41.09 37.48 33.19 30.44 24.68 22.61 25.13 30.06 40.32 48.57 48.19 33.73 23.86 17.18 18.25 15.71 15.63 17.95 18.34 14.46 13.11 13.65 12.89 11.29 9.45 -9999 -9999 -9999 -9999 -9999 -9999 -9999 -9999 -9999 -9999 -9999 -9999 -9999 -9999 -9999 -9999 -9999 -9999 -9999 -9999 -9999 -9999 -9999 -9999
-9999 -9999 -9999 -9999 -9999 52.32 -9999 -9999 -9999 -9999 -9999 -9999 -9999 -9999 -9999 -9999 -9999 -9999 -9999 -9999 -9999 -9999 -9999 37.70 34.27 39.39 29.83 35.14 52.64 43.06 44.45 35.63 25.00 24.21 19.38 16.26 30.82 43.51 45.38 34.26 38.03 34.27 23.26 20.89 21.99 15.75 15.92 15.28 17.21 16.23 14.06 12.05 9.91 8.53 -9999 -9999 -9999 -9999 -9999 -9999 -9999 -9999 -9999 -9999 -9999 -9999 -9999 -9999 -9999 -9999 -9999 -9999 -9999 -9999 -9999 -9999 -9999
-9999 -9999 -9999 -9999 -9999 -9999 -9999 -9999 -9999 -9999 -9999 -9999 -9999 -9999 -9999 -9999 -9999 -9999 -9999 -9999 -9999 -9999 36.51 36.90 44.70 44.13 49.87 39.92 64.17 55.82 35.61 21.91 25.38 19.70 15.50 16.24 24.30 43.89 41.37 34.63 31.67 30.75 27.41 22.09 18.45 16.72 16.18 16.11 14.82 14.82 15.39 11.60 9.72 9.10 -9999 -9999 -9999 -9999 -9999 -9999 -9999 -9999 -9999 -9999 -9999 -9999 -9999 -9999 -9999 -9999 -9999 -9999 -9999 -9999 -9999 -9999 -9999
-9999 -9999 -9999 -9999 -9999 -9999 -9999 -9999 -9999 -9999 -9999 -9999 -9999 -9999 -9999 -9999 -9999 -9999 -9999 -9999 -9999 -9999 40.67 39.28 46.95 55.94 73.14 55.40 38.06 52.07 48.88 39.67 31.71 18.11 21.53 19.41 21.39 27.28 40.70 34.73 33.38 30.02 26.57 22.29 14.93 12.78 13.77 17.86 15.07 10.33 11.79 11.19 10.76 10.04 8.68 7.27 10.34 -9999 -9999 -9999 -9999 -9999 -9999 -9999 -9999 -9999 -9999 -9999 -9999 -9999 -9999 -9999 -9999 -9999 -9999 -9999 -9999
-9999 -9999 -9999 -9999 -9999 -9999 -9999 -9999 -9999 -9999 -9999 -9999 -9999 -9999 -9999 -9999 -9999 -9999 -9999 -9999 -9999 -9999 41.02 47.04 55.06 73.72 84.43 80.21 78.89 76.96 79.10 58.76 51.28 39.85 27.10 23.71 18.84 18.86 23.77 21.34 26.47 22.53 20.62 15.66 12.32 12.52 10.97 11.60 10.77 9.72 10.77 11.02 12.17 12.01 14.42 12.61 16.26 17.59 15.97 -9999 -9999 -9999 -9999 -9999 -9999 -9999 -9999 -9999 -9999 -9999 -9999 -9999 -9999 -9999 -9999 -9999 -9999
-9999 -9999 -9999 -9999 -9999 -9999 -9999 -9999 -9999 -9999 -9999 -9999 -9999 -9999 -9999 -9999 -9999 -9999 -9999 -9999 -9999 -9999 42.87 54.75 67.89 111.78 118.14 139.34 94.93 89.72 83.98 74.32 52.31 66.12 52.27 34.07 25.74 19.77 19.12 17.58 24.06 22.53 19.93 16.21 13.87 12.40 10.39 10.02 9.38 10.13 10.73 10.26 12.55 12.77 13.08 17.93 20.58 17.59 18.82 20.97 14.81 -9999 -9999 -9999 -9999 -9999 -9999 -9999 -9999 -9999 -9999 -9999 -9999 -9999 -9999 -9999 -9999
-9999 -9999 -9999 -9999 -9999 -9999 -9999 -9999 -9999 -9999 -9999 -9999 -9999 -9999 -9999 -9999 -9999 -9999 -9999 -9999 -9999 -9999 45.90 48.68 57.89 75.39 75.24 144.10 103.57 71.51 79.22 61.47 62.27 59.41 51.99 41.39 31.41 21.11 20.33 31.98 27.60 26.16 25.83 21.50 18.04 11.87 12.46 11.22 10.47 9.85 11.10 9.71 11.06 11.87 10.16 17.73 15.52 14.83 18.71 22.31 14.61 18.12 -9999 -9999 -9999 -9999 -9999 -9999 -9999 -9999 -9999 -9999 -9999 -9999 -9999 -9999 -9999
-9999 -9999 -9999 -9999 -9999 -9999 -9999 -9999 -9999 -9999 50.36 42.09 37.43 -9999 -9999 -9999 -9999 -9999 -9999 -9999 -9999 -9999 -9999 45.06 49.56 54.74 61.64 68.45 125.73 67.83 53.88 60.99 57.15 54.83 49.30 48.39 39.92 31.59 30.19 32.93 30.81 33.53 25.92 17.60 18.77 17.21 14.71 12.35 10.29 9.61 11.35 12.15 12.90 20.93 26.43 25.99 26.46 23.74 24.40 19.26 20.88 20.76 16.56 -9999 -9999 -9999 -9999 -9999 -9999 -9999 -9999 -9999 -9999 -9999 -9999 -9999 -9999
-9999 -9999 -9999 -9999 -9999 -9999 -9999 -9999 -9999 -9999 55.53 47.77 -9999 -9999 -9999 -9999 -9999 -9999 -9999 -9999 -9999 -9999 -9999 -9999 50.45 47.30 52.23 71.69 87.56 61.94 63.64 51.44 48.19 42.58 36.47 34.17 49.07 35.40 31.70 38.21 33.19 26.50 21.39 24.62 17.90 19.39 14.95 12.93 12.01 12.59 11.67 14.13 18.55 22.89 25.15 23.46 20.54 23.44 24.36 22.12 20.62 20.39 22.09 -9999 -9999 -9999 -9999 -9999 -9999 -9999 -9999 -9999 -9999 -9999 -9999 -9999 -9999
-9999 -9999 -9999 -9999 -9999 -9999 -9999 -9999 -9999 54.64 82.47 58.44 47.70 -9999 -9999 -9999 -9999 -9999 -9999 -9999 -9999 -9999 -9999 -9999 40.12 45.80 53.98 60.68 42.59 56.31 48.09 45.92 43.58 41.69 36.22 34.15 28.82 44.09 32.85 29.77 37.56 26.79 27.06 22.43 22.50 18.36 15.89 11.52 14.04 16.69 15.96 16.65 19.00 24.06 26.68 25.06 23.57 24.68 23.56 23.14 22.04 19.26 23.58 18.16 -9999 -9999 -9999 -9999 -9999 -9999 -9999 -9999 -9999 -9999 -9999 -9999 -9999
-9999 -9999 -9999 -9999 -9999 -9999 -9999 -9999 45.96 66.22 73.54 66.78 44.57 -9999 -9999 -9999 -9999 -9999 -9999 -9999 -9999 -9999 -9999 -9999 37.69 40.54 48.64 42.31 49.72 45.41 47.39 38.35 38.05 38.05 37.13 33.67 40.54 46.20 42.86 50.35 44.63 32.28 25.20 18.43 18.50 17.97 17.45 14.39 15.61 16.35 16.36 16.26 20.93 26.03 25.65 21.60 20.27 18.97 19.80 20.85 23.14 18.24 19.74 18.74 -9999 -9999 -9999 -9999 -9999 -9999 -9999 -9999 -9999 -9999 -9999 -9999 -9999
-9999 -9999 -9999 -9999 -9999 -9999 -9999 35.76 41.77 65.70 56.17 48.44 -9999 -9999 -9999 -9999 -9999 -9999 -9999 -9999 -9999 -9999 -9999 -9999 -9999 38.58 38.29 36.24 55.16 41.90 37.12 31.37 30.20 32.49 30.31 33.10 38.37 49.79 57.71 39.82 62.54 45.72 36.41 26.47 18.49 17.18 19.28 15.98 15.66 15.82 14.83 15.32 18.60 25.21 25.01 20.78 18.83 17.06 13.92 17.01 18.71 24.88 18.52 16.11 20.29 20.06 -9999 -9999 -9999 -9999 -9999 -9999 -9999 -9999 -9999 -9999 -9999
-9999 -9999 -9999 -9999 -9999 -9999 -9999 43.03 54.57 49.94 46.47 43.50 -9999 -9999 -9999 -9999 -9999 -9999 -9999 -9999 -9999 -9999 -9999 -9999 -9999 -9999 37.94 31.85 35.04 33.64 32.18 28.92 28.45 28.75 32.48 29.52 38.22 41.85 61.20 58.21 52.98 40.88 40.99 37.79 25.36 28.24 23.96 18.60 17.74 18.08 13.65 14.33 20.71 24.31 23.09 21.07 20.42 17.50 16.40 16.07 15.93 22.30 23.22 24.54 25.39 22.77 -9999 -9999 -9999 -9999 -9999 -9999 -9999 -9999 -9999 -9999 -9999
-9999 -9999 -9999 -9999 -9999 -9999 -9999 40.81 40.26 41.79 42.44 -9999 -9999 -9999 -9999 -9999 -9999 -9999 -9999 -9999 -9999 -9999 -9999 -9999 -9999 -9999 31.92 38.87 36.90 -9999 28.32 -9999 22.19 22.20 23.65 20.58 24.71 27.66 23.49 36.39 40.05 35.11 35.77 33.17 27.29 20.91 20.74 19.58 20.56 23.99 23.96 21.94 22.01 21.35 22.65 24.12 21.49 22.12 20.04 17.62 18.78 22.70 23.17 23.76 24.93 29.03 31.62 26.46 -9999 -9999 -9999 -9999 -9999 -9999 -9999 -9999 -9999
-9999 -9999 -9999 -9999 -9999 -9999 32.05 35.11 29.51 -9999 -9999 -9999 -9999 -9999 -9999 -9999 -9999 -9999 -9999 -9999 -9999 -9999 -9999 -9999 -9999 -9999 32.74 35.62 32.73 -9999 -9999 -9999 22.91 26.18 20.96 18.72 19.99 17.01 22.08 21.56 30.16 32.28 28.77 29.16 25.94 21.94 22.57 20.45 22.60 23.51 30.24 28.97 25.88 21.16 21.21 21.38 20.84 20.47 21.48 23.74 22.36 24.69 26.47 28.37 27.44 29.01 29.61 24.27 -9999 -9999 -9999 -9999 -9999 -9999 -9999 -9999 -9999
-9999 -9999 -9999 -9999 -9999 -9999 -9999 -9999 -9999 -9999 -9999 -9999 -9999 -9999 -9999 -9999 -9999 -9999 -9999 -9999 -9999 -9999 -9999 -9999 -9999 -9999 -9999 -9999 -9999 -9999 -9999 26.22 25.32 23.60 27.41 35.61 29.68 25.38 21.53 23.56 29.10 31.05 26.78 23.14 23.59 24.33 21.60 27.81 25.18 23.56 29.38 33.10 28.83 26.53 21.30 19.24 19.77 20.93 24.17 30.39 25.15 26.13 24.87 27.20 27.97 38.70 33.71 -9999 -9999 -9999 -9999 -9999 -9999 -9999 -9999 -9999 -9999
-9999 -9999 -9999 -9999 -9999 -9999 -9999 -9999 -9999 -9999 -9999 -9999 -9999 -9999 -9999 -9999 -9999 -9999 -9999 -9999 -9999 -9999 -9999 -9999 -9999 -9999 -9999 -9999 -9999 -9999 -9999 22.44 20.28 20.89 28.66 33.85 26.08 22.48 20.30 17.42 22.03 20.16 21.32 20.87 23.55 24.00 28.10 34.29 28.82 26.23 25.28 27.39 27.23 24.35 19.05 18.90 20.21 22.50 24.79 33.25 29.63 21.73 22.38 24.00 25.16 29.09 27.43 -9999 -9999 -9999 -9999 -9999 -9999 -9999 -9999 -9999 -9999
-9999 -9999 -9999 -9999 -9999 -9999 -9999 -9999 -9999 -9999 -9999 -9999 -9999 -9999 -9999 -9999 -9999 -9999 -9999 -9999 -9999 -9999 -9999 -9999 -9999 -9999 -9999 -9999 -9999 -9999 -9999 18.79 20.23 22.54 27.42 36.54 31.09 26.63 22.56 19.86 20.39 17.51 13.00 18.08 17.76 17.14 23.36 29.57 28.62 25.93 21.90 21.64 20.87 20.67 17.25 17.68 20.47 23.41 25.70 34.74 36.13 25.90 21.83 20.91 18.80 26.17 25.96 -9999 -9999 -9999 -9999 -9999 -9999 -9999 -9999 -9999 -9999
-9999 -9999 -9999 -9999 -9999 -9999 -9999 -9999 -9999 -9999 -9999 -9999 -9999 -9999 -9999 -9999 -9999 -9999 -9999 -9999 -9999 -9999 -9999 -9999 -9999 -9999 -9999 -9999 -9999 21.04 20.42 18.37 19.65 24.68 27.80 35.18 25.17 28.47 21.16 14.78 14.81 21.48 20.41 19.81 20.45 17.09 19.66 23.49 21.59 19.24 20.92 20.10 20.11 20.41 18.46 17.99 21.66 22.45 25.87 31.05 34.27 24.39 20.82 20.12 13.65 19.40 24.85 25.95 -9999 -9999 -9999 -9999 -9999 -9999 -9999 -9999 -9999
-9999 -9999 -9999 -9999 -9999 -9999 -9999 -9999 -9999 -9999 -9999 -9999 -9999 -9999 -9999 -9999 -9999 -9999 -9999 -9999 -9999 -9999 -9999 -9999 -9999 -9999 -9999 -9999 -9999 20.23 17.85 18.39 18.77 20.68 23.78 22.53 20.22 19.46 19.00 22.31 21.86 23.57 21.37 20.75 14.61 15.73 18.07 23.58 22.79 20.70 19.97 21.06 20.07 20.07 19.86 19.77 20.87 21.80 27.06 30.45 27.09 23.71 22.18 25.98 15.29 18.89 22.58 24.81 -9999 -9999 -9999 -9999 -9999 -9999 -9999 -9999 -9999
-9999 -9999 -9999 -9999 -9999 -9999 -9999 -9999 -9999 -9999 -9999 -9999 -9999 -9999 -9999 -9999 -9999 -9999 -9999 -9999 -9999 -9999 -9999 -9999 -9999 -9999 -9999 -9999 -9999 21.84 19.59 18.87 18.77 19.77 21.74 16.07 19.34 18.62 20.01 20.67 20.63 22.44 22.36 15.94 17.72 16.20 19.29 22.82 22.29 20.45 20.63 21.28 21.16 20.38 20.66 20.53 20.79 21.64 26.96 29.14 25.07 24.69 27.05 26.29 22.15 19.91 22.36 23.23 23.32 -9999 -9999 -9999 -9999 -9999 -9999 -9999 -9999
-9999 -9999 -9999 -9999 -9999 -9999 -9999 -9999 -9999 -9999 -9999 -9999 -9999 -9999 -9999 -9999 -9999 -9999 -9999 -9999 -9999 -9999 -9999 -9999 -9999 -9999 -9999 -9999 -9999 17.01 18.63 20.11 19.95 17.46 19.24 17.82 20.04 18.31 21.15 25.05 25.55 25.77 24.31 21.75 16.90 18.77 20.14 28.57 22.86 14.47 18.24 22.28 22.00 21.16 21.19 18.83 20.27 21.41 21.78 20.53 21.11 23.48 31.11 26.97 25.74 21.93 22.08 23.71 23.72 22.44 -9999 -9999 -9999 -9999 -9999 -9999 -9999
-9999 -9999 -9999 -9999 -9999 -9999 -9999 -9999 -9999 -9999 -9999 -9999 -9999 -9999 -9999 -9999 -9999 -9999 -9999 -9999 -9999 -9999 -9999 -9999 -9999 -9999 -9999 -9999 -9999 17.53 16.93 17.82 17.47 18.62 18.23 19.40 23.69 24.57 29.17 40.50 31.75 31.36 27.98 25.07 20.46 19.53 20.85 26.40 23.00 19.21 20.49 21.58 25.04 27.64 25.55 21.72 20.35 20.88 20.85 21.06 22.04 26.93 30.85 26.19 27.35 23.59 22.25 22.12 22.41 22.89 -9999 -9999 -9999 -9999 -9999 -9999 -9999
-9999 -9999 -9999 -9999 -9999 -9999 -9999 -9999 -9999 -9999 -9999 -9999 -9999 -9999 -9999 -9999 -9999 -9999 -9999 -9999 -9999 -9999 -9999 -9999 -9999 -9999 -9999 -9999 -9999 -9999 14.50 13.60 15.80 16.60 20.88 26.15 28.68 28.19 31.93 30.80 36.25 39.77 34.19 25.57 20.21 18.58 22.87 24.57 24.48 25.38 27.49 23.68 26.52 34.82 31.26 23.77 21.55 21.56 21.25 21.76 22.05 24.16 26.01 23.21 21.01 20.33 -9999 21.65 20.75 20.59 21.02 -9999 -9999 -9999 -9999 -9999 -9999
-9999 -9999 -9999 -9999 -9999 -9999 -9999 -9999 -9999 -9999 -9999 -9999 -9999 -9999 -9999 -9999 -9999 -9999 -9999 -9999 -9999 -9999 -9999 -9999 -9999 -9999 -9999 -9999 -9999 14.94 14.67 14.91 16.84 20.06 21.81 31.30 36.41 28.72 35.08 35.96 34.31 39.12 37.86 26.73 18.97 21.67 20.62 24.16 22.53 24.61 25.75 24.80 22.71 30.93 26.55 21.69 21.48 21.69 22.13 22.61 26.33 24.70 23.51 23.00 22.40 21.19 21.66 -9999 18.32 20.58 22.31 22.97 -9999 -9999 -9999 -9999 -9999
-9999 -9999 -9999 -9999 -9999 -9999 -9999 -9999 -9999 -9999 -9999 -9999 -9999 -9999 -9999 -9999 -9999 -9999 -9999 -9999 -9999 -9999 -9999 -9999 -9999 -9999 -9999 -9999 -9999 14.92 16.86 16.41 19.03 22.01 25.01 27.41 34.91 25.15 30.78 34.82 29.20 27.82 31.19 32.82 25.62 22.88 24.67 19.89 19.54 22.82 23.46 23.90 19.11 19.54 20.92 20.24 20.80 21.90 22.43 21.49 22.80 24.04 23.36 20.52 22.63 23.40 23.11 22.66 -9999 -9999 -9999 -9999 -9999 -9999 -9999 -9999 -9999
-9999 -9999 -9999 -9999 -9999 -9999 -9999 -9999 -9999 -9999 -9999 -9999 -9999 -9999 -9999 -9999 -9999 -9999 -9999 -9999 -9999 -9999 -9999 -9999 -9999 -9999 -9999 -9999 15.31 17.09 16.83 19.08 20.29 21.37 24.22 28.04 30.56 28.63 36.03 37.34 26.35 27.61 30.49 36.36 32.25 27.33 29.16 26.28 21.38 17.70 16.23 16.54 18.72 18.57 21.01 20.82 20.44 22.03 22.39 23.27 22.68 23.17 22.50 23.82 23.36 23.89 25.85 23.95 21.97 21.84 -9999 -9999 -9999 -9999 -9999 -9999 -9999
-9999 -9999 -9999 -9999 -9999 -9999 -9999 -9999 -9999 -9999 -9999 -9999 -9999 -9999 -9999 -9999 -9999 -9999 -9999 -9999 -9999 -9999 -9999 -9999 -9999 -9999 -9999 -9999 -9999 15.62 15.01 16.98 20.35 21.35 21.62 25.52 28.04 28.88 33.49 26.30 26.68 26.20 28.71 35.81 36.52 38.15 32.40 26.97 23.79 19.40 18.19 14.95 16.29 19.56 21.22 21.56 22.18 22.23 21.22 21.25 23.49 22.90 22.34 23.19 24.65 31.54 27.49 26.78 23.60 21.24 21.05 20.70 -9999 -9999 -9999 -9999 -9999
