Rainfall_2007-2011/Rainfall_2008-11_ACTUAL.txt
ncols         180
nrows         290
xllcorner     -200000
yllcorner     -200000
cellsize      5000
NODATA_value  -9999
[rows 204 to 237 of 290, columns 76 to 151 of 180]
88.07 102.99 108.43 112.16 138.14 152.08 208.90 179.64 146.02 140.21 145.44 125.69 133.56 148.24 166.05 143.70 140.87 128.36 140.22 168.52 172.86 186.00 150.14 128.35 107.28 130.76 94.63 132.64 143.30 144.21 108.73 95.92 92.77 98.82 93.06 76.06 64.83 65.18 90.61 85.29 78.95 78.99 82.46 88.82 108.45 122.90 106.18 91.97 86.85 89.06 90.22 91.95 94.75 89.63 86.04 84.47 79.73 81.37 76.14 80.07 86.98 86.91 78.70 75.93 74.43 72.82 78.75 82.73 84.28 98.22 96.47 82.71 85.75 86.89 83.58 86.80
83.85 86.06 101.05 97.69 110.84 123.73 185.69 176.34 133.56 137.26 127.24 121.54 109.33 115.91 127.85 134.59 139.91 155.80 163.20 201.32 243.96 182.71 178.20 159.44 165.60 171.32 125.76 108.99 167.40 127.64 106.29 101.42 101.63 94.06 85.50 82.76 82.50 85.52 89.25 81.77 67.81 62.64 80.89 88.59 120.05 121.59 101.06 81.39 80.22 84.04 81.80 91.21 90.19 85.18 78.43 68.86 64.84 73.25 80.08 77.24 75.05 78.05 75.70 77.75 82.25 86.57 79.67 76.96 76.85 80.20 74.44 78.35 86.05 81.26 83.09 83.45
-9999 93.44 92.95 97.22 108.91 110.32 118.60 139.29 135.17 127.32 122.25 122.42 114.85 134.00 128.01 155.29 146.08 165.96 178.83 191.39 206.93 219.25 182.55 193.99 204.01 151.13 143.56 132.70 98.79 120.99 115.25 72.72 74.42 76.10 98.99 93.67 101.10 100.11 88.31 80.31 78.65 78.19 85.37 119.12 108.34 96.81 86.56 80.26 81.45 87.57 98.85 87.30 87.47 78.07 73.82 67.82 71.31 77.11 76.12 67.30 66.81 73.87 82.63 93.80 101.32 90.43 82.79 77.66 71.96 74.41 75.16 73.44 79.97 78.13 79.09 74.98
85.47 87.12 84.12 96.40 101.88 107.75 117.25 133.62 129.69 122.85 120.75 121.28 125.14 134.70 122.85 142.35 134.78 144.39 156.22 171.83 149.00 162.12 160.47 174.40 170.16 167.70 150.26 110.08 125.93 142.30 101.37 78.21 75.62 100.14 100.22 101.04 104.37 112.02 85.54 87.20 91.18 118.26 109.06 90.27 88.26 72.29 76.08 78.74 87.24 94.67 96.40 88.27 82.41 78.49 82.17 77.31 82.72 79.12 77.90 68.31 64.82 85.59 91.45 100.77 83.65 89.77 94.81 72.20 67.30 66.84 62.96 63.71 71.78 69.16 68.65 73.92
82.11 89.24 90.84 101.86 101.28 93.96 104.39 109.70 112.16 107.07 106.14 109.00 104.06 116.59 133.00 128.40 149.68 151.73 167.60 193.20 170.23 134.11 151.09 145.53 131.06 145.34 150.00 117.85 105.08 120.74 94.92 95.77 78.66 88.32 103.03 104.43 105.33 104.24 83.94 89.31 97.96 96.27 92.21 88.54 78.89 83.90 78.17 81.35 87.44 86.97 85.82 84.65 79.98 95.79 91.68 77.91 64.85 70.88 72.55 75.76 80.55 93.22 102.60 92.14 85.85 84.17 81.26 82.73 62.45 70.86 72.22 64.84 68.42 69.85 64.75 75.51
-9999 85.53 94.83 106.50 107.33 120.26 121.56 -9999 -9999 -9999 -9999 102.75 102.28 112.55 108.98 110.05 119.42 129.21 140.87 158.35 152.48 201.55 230.65 180.37 149.67 126.67 135.83 126.01 118.53 101.06 99.90 103.17 86.92 102.80 95.61 108.27 88.07 81.52 81.06 88.73 106.54 86.36 95.91 85.87 77.04 75.76 77.42 74.68 77.00 80.69 79.94 82.76 80.81 88.40 91.14 85.17 69.20 71.15 81.67 84.53 75.29 89.31 92.59 89.72 84.45 73.28 66.45 67.10 74.70 72.32 72.60 66.80 66.51 68.75 77.06 76.19
-9999 86.44 91.54 96.44 99.41 117.40 93.54 -9999 -9999 -9999 -9999 -9999 -9999 -9999 96.79 115.73 108.66 104.94 114.85 137.04 173.65 213.42 236.21 205.92 176.91 139.59 131.32 105.82 123.99 137.74 112.25 93.59 105.07 108.59 108.41 85.81 81.81 82.10 85.98 98.04 104.54 87.54 87.80 71.82 71.96 67.66 71.70 72.04 74.06 74.89 79.68 84.60 82.08 80.80 80.33 78.96 80.27 81.62 89.98 96.54 96.40 95.64 92.46 85.08 78.75 65.13 49.82 63.20 67.03 70.33 68.78 63.81 69.97 65.50 75.31 73.97
-9999 -9999 -9999 89.65 -9999 -9999 -9999 -9999 -9999 -9999 -9999 -9999 71.58 88.61 101.29 105.24 89.61 91.92 97.79 113.57 152.19 180.43 204.44 188.22 155.64 129.23 136.35 117.98 121.36 111.56 86.30 67.66 78.65 91.63 96.46 83.03 81.37 92.50 86.09 114.21 99.89 85.45 83.38 74.40 69.65 70.75 71.21 79.28 75.42 72.47 69.81 73.66 74.60 80.74 81.65 80.13 82.25 96.12 107.31 97.43 102.17 81.84 86.21 78.92 72.18 56.32 56.69 61.29 68.90 70.35 68.18 69.32 75.24 79.50 76.20 82.79
-9999 -9999 -9999 -9999 -9999 -9999 -9999 -9999 -9999 -9999 -9999 -9999 59.88 78.79 91.70 91.87 85.52 -9999 -9999 95.31 134.89 138.83 156.69 147.81 143.15 134.95 133.33 119.51 109.53 103.89 86.02 74.78 82.04 67.52 75.66 76.90 78.46 91.82 94.13 100.71 89.15 86.95 79.62 72.06 73.54 74.44 76.91 75.22 75.98 65.43 66.68 93.40 89.41 82.86 78.74 80.06 84.34 95.32 96.19 87.28 88.58 77.10 81.24 72.57 65.43 62.27 64.68 56.50 59.73 65.97 66.11 67.30 69.57 75.10 75.67 80.63
-9999 -9999 -9999 -9999 -9999 -9999 -9999 -9999 -9999 -9999 -9999 -9999 -9999 -9999 -9999 -9999 -9999 -9999 -9999 89.21 99.06 116.07 120.32 120.04 121.83 114.70 107.59 101.77 95.92 88.43 77.09 77.06 78.07 -9999 74.99 78.24 84.65 81.78 90.58 96.48 88.00 94.06 82.91 69.53 68.71 85.39 72.67 75.21 87.10 85.35 87.33 104.58 100.71 87.03 86.79 90.23 86.61 95.34 89.75 81.52 77.22 73.57 66.35 64.74 62.15 67.58 69.70 63.38 62.11 68.16 68.14 71.54 70.54 72.68 79.73 85.66
-9999 -9999 -9999 -9999 -9999 -9999 -9999 -9999 -9999 -9999 -9999 -9999 -9999 -9999 -9999 -9999 -9999 -9999 -9999 -9999 87.35 94.08 97.99 102.94 98.97 90.41 83.38 94.97 84.94 -9999 -9999 -9999 -9999 73.04 71.12 80.92 88.09 87.70 85.75 94.15 93.14 91.51 79.65 74.40 77.52 76.45 86.65 68.11 93.54 103.97 112.14 96.54 95.45 87.67 86.28 87.97 78.52 84.70 84.02 72.31 69.01 62.74 60.29 59.77 60.52 59.19 63.89 61.78 63.22 72.43 64.96 78.51 78.74 84.09 73.20 79.60
-9999 -9999 -9999 -9999 -9999 -9999 -9999 -9999 -9999 -9999 -9999 -9999 -9999 -9999 -9999 -9999 -9999 -9999 -9999 -9999 -9999 88.42 86.92 86.44 85.73 85.10 84.72 86.83 -9999 -9999 -9999 -9999 74.90 83.88 85.39 86.20 91.90 83.18 94.01 92.74 90.43 82.45 72.71 77.86 78.18 87.21 92.73 80.95 94.42 101.97 100.05 86.18 88.29 90.88 91.07 79.44 79.34 75.86 72.33 70.58 65.11 62.17 67.20 67.63 61.19 61.65 67.35 60.79 67.52 69.66 76.94 76.44 85.20 80.95 85.03 98.41
-9999 -9999 -9999 -9999 -9999 -9999 -9999 -9999 -9999 -9999 -9999 -9999 -9999 -9999 -9999 -9999 -9999 -9999 -9999 -9999 -9999 -9999 68.50 63.12 77.56 74.28 76.68 73.86 -9999 -9999 -9999 73.34 74.45 77.02 81.42 81.48 92.05 76.52 79.94 67.05 78.34 80.23 71.58 83.93 84.64 86.83 89.08 95.14 90.69 91.83 96.45 93.82 90.87 93.47 86.55 85.80 80.57 77.19 73.01 69.89 70.28 71.58 73.33 68.13 57.51 62.52 76.00 65.59 69.89 78.41 82.54 87.15 85.44 91.59 93.82 107.88
-9999 -9999 -9999 -9999 -9999 -9999 -9999 -9999 -9999 -9999 -9999 -9999 -9999 -9999 -9999 -9999 -9999 -9999 -9999 -9999 -9999 -9999 -9999 -9999 -9999 -9999 -9999 -9999 -9999 -9999 81.09 79.48 78.18 74.95 81.80 86.44 90.39 82.84 74.94 70.42 66.62 71.70 68.17 68.92 72.19 78.92 88.61 90.03 91.42 94.59 91.47 105.75 101.05 97.64 82.12 87.08 87.71 79.84 76.12 72.64 70.98 75.48 74.22 68.36 68.42 67.82 73.13 80.34 83.15 87.15 90.35 96.80 102.19 105.57 94.51 113.41
-9999 -9999 -9999 -9999 -9999 -9999 -9999 -9999 -9999 -9999 -9999 -9999 -9999 -9999 -9999 -9999 -9999 -9999 -9999 -9999 -9999 -9999 -9999 -9999 -9999 -9999 -9999 -9999 -9999 -9999 73.07 82.04 81.59 110.09 104.31 81.85 80.43 75.60 76.24 72.79 63.05 66.76 67.60 65.79 71.19 79.44 83.65 100.59 91.18 103.81 97.36 99.75 112.60 97.32 92.76 87.36 76.13 66.13 68.48 73.80 74.21 74.55 76.96 74.43 74.61 77.85 86.63 96.22 100.26 101.50 105.02 102.24 110.45 112.47 115.38 117.00
-9999 -9999 -9999 -9999 -9999 -9999 -9999 -9999 -9999 -9999 -9999 -9999 -9999 -9999 -9999 -9999 -9999 -9999 -9999 -9999 -9999 -9999 -9999 -9999 -9999 -9999 -9999 -9999 -9999 -9999 64.98 69.62 83.13 91.68 106.45 87.35 85.30 76.88 92.56 81.46 73.80 69.78 86.54 82.11 83.05 86.31 79.19 81.09 80.80 89.99 97.94 110.62 102.44 97.70 93.79 86.16 81.94 69.96 73.26 76.14 76.02 75.89 67.65 86.37 93.27 92.06 104.74 99.97 98.56 100.68 104.19 107.81 108.83 136.09 114.25 117.90
-9999 -9999 -9999 -9999 -9999 -9999 -9999 -9999 -9999 -9999 -9999 -9999 -9999 96.90 112.78 85.90 118.52 126.38 138.05 119.52 123.28 91.98 92.35 67.25 -9999 -9999 -9999 -9999 -9999 -9999 62.66 63.70 63.35 73.24 83.57 106.21 88.80 87.21 85.86 85.80 76.49 78.73 90.95 84.38 81.37 80.38 64.52 70.50 86.12 81.40 83.06 88.75 91.22 85.15 96.03 84.59 94.79 93.69 81.32 85.05 86.85 82.51 88.87 93.37 102.16 100.50 94.97 93.85 90.39 92.32 89.90 99.67 102.66 116.22 111.62 110.80
-9999 -9999 -9999 -9999 -9999 -9999 -9999 -9999 -9999 -9999 -9999 -9999 -9999 116.76 120.96 128.62 113.80 158.88 191.54 155.98 161.06 129.52 80.01 77.07 68.03 63.74 64.41 63.12 58.90 58.53 66.45 66.69 62.32 67.42 78.72 82.95 96.73 91.91 89.80 85.21 97.94 95.81 86.18 87.49 84.28 63.25 64.92 80.57 78.95 75.84 77.17 85.42 79.55 84.70 87.72 88.65 88.76 91.27 89.85 88.43 86.26 84.28 87.83 91.90 84.78 111.75 96.85 94.19 96.19 96.28 97.98 102.09 113.66 125.10 118.94 120.24
-9999 -9999 -9999 -9999 -9999 -9999 -9999 -9999 -9999 -9999 -9999 -9999 77.93 99.94 107.55 122.16 134.10 154.53 177.15 189.39 155.00 140.68 115.90 93.35 67.34 67.90 65.71 73.39 59.47 62.08 55.70 56.03 56.32 59.30 69.95 87.60 97.05 95.23 89.73 116.12 103.11 104.65 102.54 95.53 81.00 68.50 76.88 83.17 73.54 76.01 74.45 67.02 72.77 75.61 72.61 76.47 85.83 73.39 88.15 101.45 106.90 108.82 95.95 100.45 83.99 91.40 99.58 94.54 96.45 101.04 110.38 126.72 139.31 120.10 123.76 148.01
-9999 -9999 -9999 -9999 -9999 -9999 -9999 -9999 -9999 -9999 -9999 -9999 -9999 96.58 100.55 105.49 113.17 139.03 137.39 171.47 140.66 128.22 114.33 111.38 96.84 91.94 75.91 60.66 66.98 63.84 52.35 49.91 48.79 59.25 61.19 72.14 78.12 87.32 97.27 108.91 96.61 106.49 115.59 92.52 88.47 92.68 87.03 76.93 75.59 74.93 70.39 66.13 70.82 70.89 68.16 82.41 94.87 103.66 107.71 106.08 108.71 113.46 99.44 98.32 91.28 102.07 96.95 105.64 107.32 117.07 125.03 136.53 150.06 137.51 139.12 141.24
-9999 -9999 -9999 -9999 -9999 -9999 -9999 -9999 -9999 103.96 -9999 -9999 86.22 85.52 83.39 90.18 103.08 122.07 111.88 122.69 115.64 119.11 110.95 98.99 105.10 103.51 74.05 63.08 58.61 57.28 53.95 54.40 64.84 56.21 60.87 65.58 70.12 91.01 90.35 104.88 96.21 97.53 98.00 100.85 108.10 96.46 83.98 74.52 73.12 72.53 67.22 80.27 75.46 81.76 98.22 97.19 111.16 111.70 124.67 103.27 109.78 110.48 94.28 100.11 103.86 99.83 104.78 107.33 107.47 110.69 107.36 131.19 127.21 120.74 136.38 141.50
-9999 -9999 -9999 -9999 -9999 -9999 -9999 -9999 111.42 124.34 142.41 114.49 96.39 98.86 100.40 91.74 80.05 94.25 95.58 111.08 111.51 113.88 103.20 92.09 92.96 80.17 74.15 64.81 61.20 59.80 63.72 54.28 50.71 58.32 63.45 61.90 73.35 79.30 84.28 90.51 101.17 106.32 96.45 105.44 118.28 102.90 90.16 82.91 78.85 76.92 77.69 77.79 83.14 83.87 100.26 102.80 103.15 112.00 112.63 111.38 108.50 107.66 108.82 118.47 114.02 115.24 106.33 108.05 105.33 108.16 119.97 124.42 121.45 127.13 136.49 132.34
-9999 -9999 -9999 -9999 -9999 -9999 -9999 -9999 117.27 126.01 127.58 114.55 100.99 102.34 95.24 90.37 98.89 102.70 94.80 102.59 106.43 106.98 87.52 82.68 81.92 75.36 74.23 91.13 79.72 70.82 64.06 54.70 61.62 65.17 70.25 69.60 85.41 73.28 87.25 89.63 91.51 100.88 101.10 97.75 100.89 102.62 88.10 83.55 85.13 81.89 77.96 78.16 88.89 95.29 99.34 101.15 111.25 121.29 137.59 120.40 138.55 122.33 124.93 122.66 117.57 129.76 120.83 114.28 113.18 121.08 121.94 122.04 131.78 121.69 122.40 128.17
-9999 -9999 -9999 -9999 -9999 -9999 -9999 -9999 118.44 124.96 130.80 125.37 104.68 104.44 100.71 100.45 103.75 93.51 81.31 90.17 79.10 92.78 88.20 73.45 69.32 71.02 80.95 88.41 83.21 86.17 80.28 67.20 68.56 67.72 73.34 73.36 87.38 86.55 94.42 93.20 89.84 97.38 97.34 99.01 99.03 96.15 94.69 90.31 89.29 92.76 90.38 83.74 92.16 98.72 99.24 101.44 92.49 113.45 119.63 111.22 132.72 137.02 131.70 144.42 115.13 153.94 141.10 121.74 122.15 146.14 143.07 149.05 130.15 125.54 121.56 119.19
-9999 -9999 -9999 -9999 -9999 -9999 -9999 -9999 101.35 121.95 124.47 106.27 102.17 102.55 99.13 94.54 92.86 84.12 70.72 80.34 79.36 69.46 69.43 75.90 67.64 73.74 90.02 89.42 96.82 96.55 87.54 85.76 78.15 74.72 76.38 81.08 86.19 88.97 96.68 97.09 96.39 84.54 91.64 94.99 92.52 95.66 100.49 101.87 93.76 85.00 81.32 90.81 101.37 102.05 103.33 101.11 114.78 101.02 94.26 97.70 91.66 103.27 103.85 102.11 97.19 117.31 126.02 136.37 125.75 124.91 123.92 148.11 128.17 117.77 137.90 134.53
-9999 -9999 -9999 -9999 -9999 -9999 -9999 -9999 100.13 106.52 105.20 109.01 110.92 106.51 99.85 90.58 79.90 77.51 76.46 69.23 64.17 65.68 64.31 63.31 66.68 71.71 81.27 78.85 84.70 83.31 79.50 98.39 93.45 92.93 85.72 89.90 101.34 106.23 104.33 99.78 102.23 91.60 86.07 94.99 98.10 97.14 100.57 92.56 96.94 95.48 90.85 103.01 93.54 92.86 91.62 92.80 88.48 82.91 87.59 86.40 87.83 89.21 92.50 93.63 91.01 105.41 109.36 102.89 -9999 -9999 113.27 125.04 123.50 121.48 120.46 153.88
-9999 -9999 -9999 -9999 -9999 -9999 -9999 108.65 109.03 107.17 103.62 112.29 111.83 110.45 105.76 104.90 94.13 91.73 83.19 65.68 57.85 64.33 57.79 60.44 63.61 68.76 72.61 76.41 77.94 69.94 83.67 91.18 79.78 80.20 78.07 91.20 110.67 101.83 97.26 103.11 107.40 101.08 98.07 94.98 95.40 90.94 86.98 92.12 98.12 93.58 90.01 91.73 87.55 100.96 -9999 -9999 83.33 81.56 87.82 83.64 82.23 79.33 82.26 -9999 -9999 -9999 -9999 -9999 -9999 -9999 -9999 -9999 -9999 117.64 123.36 135.30
-9999 -9999 -9999 -9999 -9999 -9999 117.23 113.49 120.57 110.73 102.51 112.49 103.46 115.33 109.87 119.70 125.52 113.09 88.13 70.63 66.71 58.22 56.62 54.86 59.57 61.86 77.37 57.59 81.05 74.74 85.98 70.25 69.15 77.48 83.02 89.12 85.60 89.36 89.79 95.55 105.40 101.98 89.22 91.11 96.75 91.09 89.89 86.59 88.79 93.85 93.80 -9999 92.10 105.85 101.45 89.11 87.90 -9999 -9999 -9999 -9999 78.49 -9999 -9999 -9999 -9999 -9999 -9999 -9999 -9999 -9999 -9999 -9999 -9999 -9999 -9999
-9999 -9999 -9999 -9999 -9999 104.62 126.72 128.56 129.27 104.82 104.07 86.17 90.84 75.95 141.78 184.41 176.42 120.27 98.91 96.18 81.86 73.05 65.26 56.20 59.73 52.44 48.54 53.54 59.33 -9999 -9999 -9999 -9999 -9999 71.44 83.64 84.66 86.82 92.55 91.10 89.94 92.56 85.70 87.82 90.50 -9999 -9999 -9999 -9999 -9999 101.85 101.86 95.89 110.67 108.65 117.18 93.09 -9999 -9999 -9999 -9999 -9999 -9999 -9999 -9999 -9999 -9999 -9999 -9999 -9999 -9999 -9999 -9999 -9999 -9999 -9999
-9999 -9999 -9999 -9999 89.82 99.25 143.21 133.60 134.43 100.74 96.16 87.75 99.88 110.42 161.20 184.83 196.99 133.24 127.23 90.50 92.09 78.21 65.82 54.25 56.38 53.14 -9999 -9999 -9999 -9999 -9999 -9999 -9999 -9999 -9999 69.08 79.10 87.15 92.95 97.17 103.01 95.20 110.43 108.07 93.14 -9999 -9999 -9999 -9999 -9999 -9999 -9999 100.27 114.52 103.39 111.34 -9999 -9999 -9999 -9999 -9999 -9999 -9999 -9999 -9999 -9999 -9999 -9999 -9999 -9999 -9999 -9999 -9999 -9999 -9999 -9999
-9999 76.50 71.88 84.16 96.30 107.81 145.68 137.55 124.13 98.44 89.91 90.31 107.77 127.08 142.88 164.23 165.70 126.85 107.40 96.74 76.69 88.62 78.33 61.09 -9999 -9999 -9999 -9999 -9999 -9999 -9999 -9999 -9999 -9999 -9999 -9999 -9999 88.39 -9999 -9999 -9999 -9999 92.16 105.00 95.12 -9999 -9999 -9999 -9999 -9999 -9999 -9999 -9999 91.98 98.40 103.91 -9999 -9999 -9999 -9999 -9999 -9999 -9999 -9999 -9999 -9999 -9999 -9999 -9999 -9999 -9999 -9999 -9999 -9999 -9999 -9999
-9999 77.15 78.20 89.27 96.69 110.25 127.09 117.00 125.45 96.20 90.27 101.05 101.40 109.17 117.63 153.82 150.89 115.86 89.59 92.24 70.02 75.51 60.44 -9999 -9999 -9999 -9999 -9999 -9999 -9999 -9999 -9999 -9999 -9999 -9999 -9999 -9999 69.81 -9999 -9999 -9999 -9999 -9999 -9999 -9999 -9999 -9999 -9999 -9999 -9999 -9999 -9999 -9999 -9999 -9999 -9999 -9999 -9999 -9999 -9999 -9999 -9999 -9999 -9999 -9999 -9999 -9999 -9999 -9999 -9999 -9999 -9999 -9999 -9999 -9999 -9999
-9999 74.95 92.67 96.52 88.19 89.91 105.35 101.25 111.30 106.96 94.96 96.36 90.75 98.78 107.34 134.01 144.26 157.18 106.33 87.41 67.98 74.29 74.32 -9999 -9999 -9999 -9999 -9999 -9999 -9999 -9999 -9999 -9999 -9999 -9999 -9999 -9999 -9999 -9999 -9999 -9999 -9999 -9999 -9999 -9999 -9999 -9999 -9999 -9999 -9999 -9999 -9999 -9999 -9999 -9999 -9999 -9999 -9999 -9999 -9999 -9999 -9999 -9999 -9999 -9999 -9999 -9999 -9999 -9999 -9999 -9999 -9999 -9999 -9999 -9999 -9999
70.89 71.56 103.06 117.35 96.05 96.53 99.41 99.30 100.54 95.79 84.34 75.15 82.46 82.74 97.03 117.22 151.43 127.79 101.82 84.07 70.14 86.35 77.88 -9999 -9999 -9999 -9999 -9999 -9999 -9999 -9999 -9999 -9999 -9999 -9999 -9999 -9999 -9999 -9999 -9999 -9999 -9999 -9999 -9999 -9999 -9999 -9999 -9999 -9999 -9999 -9999 -9999 -9999 -9999 -9999 -9999 -9999 -9999 -9999 -9999 -9999 -9999 -9999 -9999 -9999 -9999 -9999 -9999 -9999 -9999 -9999 -9999 -9999 -9999 -9999 -9999
