Rainfall_2007-2011/Rainfall_2008-07_ACTUAL.txt
ncols         180
nrows         290
xllcorner     -200000
yllcorner     -200000
cellsize      5000
NODATA_value  -9999
[rows 99 to 131 of 290, columns 75 to 149 of 180]
159.13 157.01 139.24 -9999 131.07 203.27 200.33 208.05 179.88 172.32 167.18 126.63 104.49 80.31 71.47 90.22 90.17 90.18 121.04 106.52 75.97 83.25 88.27 83.08 74.50 92.65 105.30 91.44 86.39 87.57 72.76 73.28 77.77 73.97 74.51 79.32 93.46 108.08 102.92 -9999 -9999 -9999 -9999 -9999 -9999 -9999 -9999 -9999 -9999 -9999 -9999 -9999 -9999 -9999 -9999 -9999 -9999 -9999 -9999 -9999 -9999 -9999 -9999 -9999 -9999 -9999 -9999 -9999 -9999 -9999 -9999 -9999 -9999 -9999 -9999
132.09 110.72 -9999 114.73 152.63 176.91 199.61 221.82 219.31 205.07 153.32 149.85 135.62 133.72 120.34 109.37 98.41 66.74 76.52 77.65 77.44 87.32 100.97 107.16 95.23 82.96 93.44 90.61 84.26 84.96 77.50 75.58 83.07 84.34 80.91 84.47 104.96 103.48 103.28 -9999 -9999 -9999 -9999 -9999 -9999 -9999 -9999 -9999 -9999 -9999 -9999 -9999 -9999 -9999 -9999 -9999 -9999 -9999 -9999 -9999 -9999 -9999 -9999 -9999 -9999 -9999 -9999 -9999 -9999 -9999 -9999 -9999 -9999 -9999 -9999
97.36 -9999 87.04 97.53 138.56 225.00 200.09 263.28 198.01 150.95 133.77 176.31 184.89 131.91 133.73 102.52 115.27 119.60 97.65 61.25 89.75 117.15 127.36 105.86 100.56 88.14 86.20 74.39 82.75 85.49 93.25 117.60 110.63 101.26 87.12 83.37 94.87 102.31 96.32 -9999 -9999 -9999 -9999 -9999 -9999 -9999 -9999 -9999 -9999 -9999 -9999 -9999 -9999 -9999 -9999 -9999 -9999 -9999 -9999 -9999 -9999 -9999 -9999 -9999 -9999 -9999 -9999 -9999 -9999 -9999 -9999 -9999 -9999 -9999 -9999
-9999 82.53 -9999 104.90 137.18 193.26 157.59 201.76 179.26 175.19 165.00 225.35 186.52 188.35 132.63 116.67 118.50 91.41 61.81 85.92 104.45 167.24 116.88 109.96 106.94 85.25 58.89 69.13 76.46 86.51 127.69 115.22 110.54 95.52 88.67 79.55 85.08 90.89 -9999 -9999 -9999 -9999 -9999 -9999 -9999 -9999 -9999 -9999 -9999 -9999 -9999 -9999 -9999 -9999 -9999 -9999 -9999 -9999 -9999 -9999 -9999 -9999 -9999 -9999 -9999 -9999 -9999 -9999 -9999 -9999 -9999 -9999 -9999 -9999 -9999
-9999 -9999 81.38 90.29 124.50 125.65 207.49 215.03 141.64 159.85 210.66 179.92 188.65 201.39 207.63 152.23 122.01 97.01 73.18 81.57 67.65 147.20 161.91 144.55 111.89 75.56 58.14 70.65 77.39 106.55 114.04 130.02 100.15 99.99 102.11 92.74 -9999 -9999 -9999 -9999 -9999 -9999 -9999 -9999 -9999 -9999 -9999 -9999 -9999 -9999 -9999 -9999 -9999 -9999 -9999 -9999 -9999 -9999 -9999 -9999 -9999 -9999 -9999 -9999 -9999 -9999 -9999 -9999 -9999 -9999 -9999 -9999 -9999 -9999 -9999
-9999 109.59 108.15 114.89 119.15 118.15 173.42 162.04 114.27 158.10 178.85 158.21 130.03 141.71 168.99 153.32 149.62 76.08 83.13 74.67 104.93 157.62 121.21 128.31 139.29 105.76 90.08 81.53 87.19 94.77 92.93 96.64 97.64 103.94 112.99 -9999 -9999 -9999 -9999 -9999 -9999 -9999 -9999 -9999 -9999 -9999 -9999 -9999 -9999 -9999 -9999 -9999 -9999 -9999 -9999 -9999 -9999 -9999 -9999 -9999 -9999 -9999 -9999 -9999 -9999 -9999 -9999 -9999 -9999 -9999 -9999 -9999 -9999 -9999 -9999
-9999 138.21 150.06 121.49 102.13 69.69 128.24 130.86 139.29 205.16 197.00 164.08 161.12 179.24 151.38 136.68 96.75 86.31 98.55 87.75 87.44 88.33 111.47 94.98 108.31 102.81 89.30 83.77 97.10 90.32 94.36 116.51 104.28 110.98 108.05 -9999 -9999 -9999 -9999 -9999 -9999 -9999 -9999 -9999 -9999 -9999 -9999 -9999 -9999 -9999 -9999 -9999 -9999 -9999 -9999 -9999 -9999 -9999 -9999 -9999 -9999 -9999 -9999 -9999 -9999 -9999 -9999 -9999 -9999 -9999 -9999 -9999 -9999 -9999 -9999
144.64 184.96 187.54 139.45 138.86 136.76 174.26 176.01 182.54 195.90 199.21 140.51 174.77 135.71 196.63 146.70 131.62 113.01 116.41 95.13 107.11 97.60 91.23 83.56 84.29 87.76 81.18 106.10 100.06 104.38 109.30 101.59 113.18 101.88 115.06 113.87 -9999 -9999 -9999 -9999 -9999 -9999 -9999 -9999 -9999 -9999 -9999 -9999 -9999 -9999 -9999 -9999 -9999 -9999 -9999 -9999 -9999 -9999 -9999 -9999 -9999 -9999 -9999 -9999 -9999 -9999 -9999 -9999 -9999 -9999 -9999 -9999 -9999 -9999 -9999
114.98 169.25 179.39 157.77 112.31 154.36 145.29 147.02 179.05 206.19 174.49 127.93 170.37 181.49 192.26 149.59 155.04 109.02 132.57 130.98 99.39 105.21 114.54 100.43 105.91 111.58 102.55 99.00 147.73 110.07 105.70 105.59 146.77 125.79 135.59 128.95 112.09 -9999 -9999 -9999 -9999 -9999 -9999 -9999 -9999 -9999 -9999 -9999 -9999 -9999 -9999 -9999 -9999 -9999 -9999 -9999 -9999 -9999 -9999 -9999 -9999 -9999 -9999 -9999 -9999 -9999 -9999 -9999 -9999 -9999 -9999 -9999 -9999 -9999 -9999
139.79 154.00 178.62 170.01 167.24 162.55 143.56 137.76 180.79 190.52 255.25 134.29 135.85 158.23 164.32 129.34 129.01 114.78 109.50 105.36 100.72 108.92 103.14 108.20 124.59 119.06 111.61 102.86 149.16 146.54 113.15 120.88 127.30 139.82 131.12 127.46 106.79 92.19 -9999 -9999 -9999 -9999 -9999 -9999 -9999 -9999 -9999 -9999 -9999 -9999 -9999 -9999 -9999 -9999 -9999 -9999 -9999 -9999 -9999 -9999 -9999 -9999 -9999 -9999 -9999 -9999 -9999 -9999 -9999 -9999 -9999 -9999 -9999 -9999 -9999
144.15 169.58 179.42 214.31 228.25 155.76 133.60 156.30 204.68 180.35 148.04 133.40 185.03 132.07 129.28 130.79 123.56 102.98 97.65 91.51 96.62 109.17 142.85 118.39 108.14 103.75 100.13 100.57 100.62 134.82 127.76 124.01 123.80 114.26 115.06 121.83 114.28 -9999 -9999 -9999 -9999 -9999 -9999 -9999 -9999 -9999 -9999 -9999 -9999 -9999 -9999 -9999 -9999 -9999 -9999 -9999 -9999 -9999 -9999 -9999 -9999 -9999 -9999 -9999 -9999 -9999 -9999 -9999 -9999 -9999 -9999 -9999 -9999 -9999 -9999
119.51 157.46 195.13 215.62 185.38 156.29 184.86 144.80 184.60 172.87 181.07 148.32 129.44 164.20 137.56 112.12 98.54 85.13 70.78 96.98 89.79 108.71 100.93 99.48 88.57 99.63 112.77 100.04 87.98 104.69 109.26 114.60 113.27 -9999 -9999 -9999 -9999 -9999 -9999 -9999 -9999 -9999 -9999 -9999 -9999 -9999 -9999 -9999 -9999 -9999 -9999 -9999 -9999 -9999 -9999 -9999 -9999 -9999 -9999 -9999 -9999 -9999 -9999 -9999 -9999 -9999 -9999 -9999 -9999 -9999 -9999 -9999 -9999 -9999 -9999
133.84 132.47 187.62 180.36 137.04 199.50 188.98 214.77 209.15 107.58 103.72 146.11 113.00 120.02 141.50 115.56 113.39 101.29 108.01 114.48 81.72 82.44 85.94 89.88 95.89 96.44 113.62 98.85 88.76 99.68 102.39 -9999 -9999 -9999 -9999 -9999 -9999 -9999 -9999 -9999 -9999 -9999 -9999 -9999 -9999 -9999 -9999 -9999 -9999 -9999 -9999 -9999 -9999 -9999 -9999 -9999 -9999 -9999 -9999 -9999 -9999 -9999 -9999 -9999 -9999 -9999 -9999 -9999 -9999 -9999 -9999 -9999 -9999 -9999 -9999
119.50 151.34 153.72 165.56 194.71 173.55 191.71 274.23 224.76 156.18 146.78 136.75 94.37 89.23 97.75 106.76 119.79 110.17 123.49 120.67 105.28 85.98 83.39 79.48 91.82 90.29 99.74 75.72 64.25 79.05 87.22 -9999 -9999 -9999 -9999 -9999 -9999 -9999 -9999 -9999 -9999 -9999 -9999 -9999 -9999 -9999 -9999 -9999 -9999 -9999 -9999 -9999 -9999 -9999 -9999 -9999 -9999 -9999 -9999 -9999 -9999 -9999 -9999 -9999 -9999 -9999 -9999 -9999 -9999 -9999 -9999 -9999 -9999 -9999 -9999
158.00 136.48 -9999 152.03 187.92 176.45 185.60 231.92 217.56 145.85 110.06 111.06 95.76 101.36 108.37 96.20 149.59 153.09 138.54 135.04 106.14 80.13 81.53 96.17 101.35 84.15 78.95 69.80 42.81 -9999 -9999 -9999 -9999 -9999 92.58 92.45 105.68 110.03 -9999 -9999 -9999 -9999 -9999 -9999 -9999 -9999 -9999 -9999 -9999 -9999 -9999 -9999 -9999 -9999 -9999 -9999 -9999 -9999 -9999 -9999 -9999 -9999 -9999 -9999 -9999 -9999 -9999 -9999 -9999 -9999 -9999 -9999 -9999 -9999 -9999
125.57 167.92 -9999 138.06 180.51 167.84 147.51 211.28 161.82 170.47 113.54 116.04 107.91 95.21 114.32 102.87 103.81 108.87 107.12 106.39 99.56 95.46 100.29 109.26 91.33 80.70 83.68 81.90 70.39 99.07 96.49 -9999 -9999 86.85 97.47 105.12 109.51 121.68 119.65 117.34 -9999 -9999 -9999 -9999 -9999 -9999 -9999 -9999 -9999 -9999 -9999 -9999 -9999 -9999 -9999 -9999 -9999 -9999 -9999 -9999 -9999 -9999 -9999 -9999 -9999 -9999 -9999 -9999 -9999 -9999 -9999 -9999 -9999 -9999 -9999
136.42 163.65 123.09 130.02 125.74 152.41 171.31 190.71 171.43 161.23 152.90 125.59 102.54 91.91 88.89 95.62 93.57 96.09 101.61 101.52 96.92 112.19 115.06 58.38 60.48 73.27 77.02 87.02 87.77 101.02 110.27 96.10 76.72 87.33 97.96 101.55 121.71 144.70 150.00 164.49 126.65 -9999 -9999 -9999 -9999 -9999 -9999 -9999 -9999 -9999 -9999 -9999 -9999 -9999 -9999 -9999 -9999 -9999 -9999 -9999 -9999 -9999 -9999 -9999 -9999 -9999 -9999 -9999 -9999 -9999 -9999 -9999 -9999 -9999 -9999
167.15 150.84 144.14 120.06 135.51 154.69 159.47 174.67 -9999 213.00 218.85 175.44 106.76 90.11 102.03 100.56 89.81 95.43 93.23 84.32 79.42 75.39 95.11 53.75 48.10 58.30 72.28 103.29 100.96 121.31 106.51 109.22 94.80 92.21 101.01 99.43 132.47 140.71 147.38 158.09 145.31 150.16 138.30 80.92 -9999 -9999 -9999 -9999 -9999 -9999 -9999 -9999 -9999 -9999 -9999 -9999 -9999 -9999 -9999 -9999 -9999 -9999 -9999 -9999 -9999 -9999 -9999 -9999 -9999 -9999 -9999 -9999 -9999 -9999 -9999
128.03 148.76 176.60 132.00 -9999 138.92 153.54 168.81 -9999 194.59 260.47 179.29 135.65 130.06 118.14 107.68 89.80 80.80 83.79 84.64 90.30 106.16 102.39 77.77 46.19 56.61 82.05 108.99 127.85 132.05 91.84 88.69 100.63 87.40 105.99 136.77 156.43 147.99 140.38 155.34 144.75 158.66 92.01 82.13 -9999 -9999 -9999 -9999 -9999 -9999 -9999 -9999 -9999 -9999 -9999 -9999 -9999 -9999 -9999 -9999 -9999 -9999 -9999 -9999 -9999 -9999 -9999 -9999 -9999 -9999 -9999 -9999 -9999 -9999 -9999
95.18 143.15 151.87 124.54 -9999 -9999 150.23 152.61 168.82 213.08 220.16 163.62 136.19 155.78 130.36 109.58 97.31 99.83 90.01 89.90 102.35 99.33 101.22 93.46 87.46 82.03 102.13 123.48 121.86 114.75 110.10 105.06 109.80 87.19 99.40 126.32 155.09 143.65 118.54 137.88 121.06 104.06 83.04 94.44 101.80 -9999 -9999 -9999 -9999 -9999 -9999 -9999 -9999 -9999 -9999 -9999 -9999 -9999 -9999 -9999 -9999 -9999 -9999 -9999 -9999 -9999 -9999 -9999 -9999 -9999 -9999 -9999 -9999 -9999 -9999
96.97 131.95 -9999 -9999 -9999 -9999 -9999 156.04 157.87 217.11 197.84 144.68 131.53 141.27 138.93 118.29 105.54 95.55 95.63 94.89 85.06 86.35 90.21 95.34 94.45 95.23 108.44 109.28 110.79 118.83 108.37 128.39 117.63 87.52 96.96 115.73 131.53 137.96 116.73 123.41 101.32 112.40 99.94 107.06 99.29 -9999 -9999 -9999 -9999 -9999 -9999 -9999 -9999 -9999 -9999 -9999 -9999 -9999 -9999 -9999 -9999 -9999 -9999 -9999 -9999 -9999 -9999 -9999 -9999 -9999 -9999 -9999 -9999 -9999 -9999
114.04 117.69 109.44 145.75 158.68 -9999 -9999 -9999 163.52 188.26 165.70 133.38 124.27 127.74 132.01 128.04 117.57 113.34 97.61 94.95 78.68 64.21 84.47 86.43 80.19 93.51 92.10 93.82 122.91 115.78 137.55 152.71 137.12 112.11 116.44 83.06 134.17 118.91 116.11 121.18 100.91 107.76 103.62 95.05 103.77 106.91 -9999 -9999 -9999 -9999 -9999 -9999 -9999 -9999 -9999 -9999 -9999 -9999 -9999 -9999 -9999 -9999 -9999 -9999 -9999 -9999 -9999 -9999 -9999 -9999 -9999 -9999 -9999 -9999 -9999
151.18 122.30 119.33 149.04 213.12 172.53 -9999 -9999 -9999 130.71 121.06 114.02 111.25 102.39 103.09 117.40 106.21 101.39 89.54 86.15 76.48 80.47 77.10 80.86 87.78 107.78 104.04 111.95 95.75 113.46 115.69 126.31 146.12 131.31 110.87 107.77 112.12 95.17 93.67 111.18 98.08 103.20 108.56 106.24 108.68 89.79 82.48 -9999 -9999 -9999 -9999 -9999 -9999 -9999 -9999 -9999 -9999 -9999 -9999 -9999 -9999 -9999 -9999 -9999 -9999 -9999 -9999 -9999 -9999 -9999 -9999 -9999 -9999 -9999 -9999
189.45 127.66 91.59 130.30 224.08 176.03 -9999 -9999 -9999 -9999 -9999 108.53 106.43 93.49 98.86 108.42 108.20 92.92 105.80 109.85 94.19 81.52 79.28 82.67 92.30 129.44 90.50 105.32 105.44 104.83 118.79 127.81 103.93 106.74 93.38 110.58 109.44 108.19 102.65 98.76 111.47 107.26 107.79 105.41 113.76 103.30 87.66 86.42 -9999 -9999 -9999 -9999 -9999 -9999 -9999 -9999 -9999 -9999 -9999 -9999 -9999 -9999 -9999 -9999 -9999 -9999 -9999 -9999 -9999 -9999 -9999 -9999 -9999 -9999 -9999
161.39 -9999 94.38 110.71 213.15 171.84 -9999 -9999 -9999 -9999 -9999 106.22 110.39 109.15 95.44 110.11 101.47 97.37 110.83 116.18 110.60 89.81 92.06 90.87 85.41 89.56 110.37 94.71 154.64 119.55 166.70 128.79 141.17 148.40 111.38 98.42 108.50 100.91 99.35 106.09 118.82 146.89 119.78 107.98 93.64 106.63 105.79 98.46 103.72 93.47 -9999 -9999 -9999 -9999 -9999 -9999 -9999 -9999 -9999 -9999 -9999 -9999 -9999 -9999 -9999 -9999 -9999 -9999 -9999 -9999 -9999 -9999 -9999 -9999 -9999
133.31 -9999 -9999 143.78 184.72 166.07 -9999 -9999 -9999 -9999 -9999 94.28 103.80 96.56 86.00 93.41 98.53 96.54 107.25 116.81 123.49 104.23 100.37 100.73 96.61 105.20 109.55 119.07 163.86 157.10 121.91 123.11 108.13 124.04 146.64 114.56 106.87 114.80 116.79 105.20 98.89 137.08 151.42 152.93 114.80 107.26 109.47 115.28 104.50 94.57 -9999 -9999 -9999 -9999 -9999 -9999 -9999 -9999 -9999 -9999 -9999 -9999 -9999 -9999 -9999 -9999 -9999 -9999 -9999 -9999 -9999 -9999 -9999 -9999 -9999
-9999 -9999 -9999 129.78 149.60 161.27 -9999 -9999 -9999 -9999 -9999 89.51 87.22 90.34 79.93 83.90 93.47 108.87 133.16 146.60 119.39 114.05 92.43 95.76 92.43 98.86 99.07 136.70 146.95 135.39 141.90 145.84 127.46 148.02 127.84 127.50 127.68 112.36 119.25 120.96 117.63 130.80 186.42 189.57 132.93 96.94 107.77 110.72 110.12 97.97 -9999 -9999 -9999 -9999 -9999 -9999 -9999 -9999 -9999 -9999 -9999 -9999 -9999 -9999 -9999 -9999 -9999 -9999 -9999 -9999 -9999 -9999 -9999 -9999 -9999
131.48 -9999 -9999 -9999 -9999 -9999 -9999 -9999 -9999 -9999 114.09 107.61 110.37 102.74 95.69 96.07 97.84 109.03 119.68 148.20 137.13 116.33 125.48 118.85 129.79 138.20 146.24 160.26 169.74 162.65 148.73 153.00 153.09 141.17 139.11 123.11 130.14 140.42 120.52 134.52 142.37 170.26 157.26 179.59 150.74 110.10 118.64 108.47 111.83 124.81 -9999 -9999 -9999 -9999 -9999 -9999 -9999 -9999 -9999 -9999 -9999 -9999 -9999 -9999 -9999 -9999 -9999 -9999 -9999 -9999 -9999 -9999 -9999 -9999 -9999
136.92 -9999 -9999 -9999 -9999 -9999 -9999 -9999 -9999 -9999 149.88 114.24 118.55 134.41 133.44 124.32 110.26 103.29 122.01 110.91 151.81 149.84 136.20 141.78 141.18 136.16 121.19 176.86 150.59 152.62 142.28 147.11 152.22 139.30 121.91 144.19 130.96 134.51 129.83 142.19 160.96 163.18 131.43 154.73 142.03 113.92 119.77 127.29 139.94 125.66 -9999 -9999 -9999 -9999 -9999 -9999 -9999 -9999 -9999 -9999 -9999 -9999 -9999 -9999 -9999 -9999 -9999 -9999 -9999 -9999 -9999 -9999 -9999 -9999 -9999
-9999 -9999 -9999 -9999 -9999 -9999 -9999 -9999 -9999 138.19 151.41 125.53 132.36 145.19 134.92 158.56 176.58 158.84 160.90 164.70 157.70 168.60 153.58 166.45 142.61 133.60 115.33 151.36 193.77 163.11 164.56 158.31 173.63 134.53 141.56 147.43 148.90 137.72 160.16 143.25 173.57 159.10 130.07 121.01 128.05 126.20 156.03 164.14 151.95 107.11 -9999 -9999 -9999 -9999 -9999 -9999 -9999 -9999 -9999 -9999 -9999 -9999 -9999 -9999 -9999 -9999 -9999 -9999 -9999 -9999 -9999 -9999 -9999 -9999 -9999
-9999 -9999 -9999 -9999 -9999 -9999 -9999 -9999 -9999 141.12 142.93 160.21 140.75 168.92 143.81 183.58 186.43 226.73 183.77 160.67 155.44 171.87 161.07 228.57 192.22 133.17 105.17 139.00 198.48 161.66 157.95 190.94 180.01 190.46 186.60 164.83 172.42 168.97 179.73 143.78 154.21 143.21 136.15 141.95 127.01 110.57 126.64 137.53 139.50 104.21 128.81 -9999 -9999 -9999 -9999 -9999 -9999 -9999 -9999 -9999 -9999 -9999 -9999 -9999 -9999 -9999 -9999 -9999 -9999 -9999 -9999 -9999 -9999 -9999 -9999
-9999 -9999 -9999 -9999 -9999 -9999 -9999 -9999 112.35 171.26 187.80 167.25 160.48 167.23 150.79 160.27 199.07 189.57 173.11 152.68 148.96 141.35 134.98 170.94 184.35 165.07 135.25 144.03 191.53 196.99 180.35 198.65 213.86 166.17 181.56 170.16 149.04 179.62 145.52 160.27 153.74 125.70 134.61 143.96 136.22 126.95 101.46 119.14 143.44 161.82 157.05 -9999 -9999 -9999 -9999 -9999 -9999 -9999 -9999 -9999 -9999 -9999 -9999 -9999 -9999 -9999 -9999 -9999 -9999 -9999 -9999 -9999 -9999 -9999 -9999
-9999 -9999 -9999 -9999 -9999 -9999 -9999 -9999 148.42 173.64 179.09 198.99 187.38 173.26 146.08 190.76 153.65 151.19 147.84 148.69 138.62 130.67 130.12 156.69 170.90 184.51 138.72 151.89 157.40 165.36 207.57 247.58 162.76 187.89 195.07 162.99 188.83 154.84 143.75 137.85 114.47 112.01 118.65 111.82 115.27 109.77 96.67 134.49 166.44 209.30 176.33 -9999 -9999 -9999 -9999 -9999 -9999 -9999 -9999 -9999 -9999 -9999 -9999 -9999 -9999 -9999 -9999 -9999 -9999 -9999 -9999 -9999 -9999 -9999 -9999
