Rainfall_2007-2011/Rainfall_2008-01_ACTUAL.txt
ncols         180
nrows         290
xllcorner     -200000
yllcorner     -200000
cellsize      5000
NODATA_value  -9999
[rows 132 to 164 of 290, columns 75 to 149 of 180]
-9999 -9999 -9999 -9999 -9999 -9999 -9999 268.99 265.39 285.87 330.68 327.47 335.53 420.51 413.83 478.96 372.43 315.15 305.44 314.95 330.86 282.11 248.16 282.66 265.97 239.45 209.90 223.34 247.60 264.83 327.09 315.97 274.74 327.10 290.02 293.47 321.02 262.34 302.84 242.80 233.67 224.78 189.17 164.27 150.69 133.92 123.71 122.08 103.69 92.04 78.68 -9999 -9999 -9999 -9999 -9999 -9999 -9999 -9999 -9999 -9999 -9999 -9999 -9999 -9999 -9999 -9999 -9999 -9999 -9999 -9999 -9999 -9999 -9999 -9999
-9999 -9999 -9999 -9999 -9999 -9999 257.43 290.47 304.75 306.68 310.26 277.11 295.07 355.07 386.69 476.40 354.92 263.68 284.06 310.49 293.58 273.59 244.74 239.57 238.28 247.17 215.10 202.88 246.18 260.03 275.50 262.72 259.13 285.48 255.36 272.38 313.91 283.96 304.12 269.73 255.35 203.66 155.73 146.94 135.56 134.80 122.44 110.57 107.04 87.48 77.39 79.42 -9999 -9999 -9999 -9999 -9999 -9999 -9999 -9999 -9999 -9999 -9999 -9999 -9999 -9999 -9999 -9999 -9999 -9999 -9999 -9999 -9999 -9999 -9999
-9999 -9999 -9999 -9999 -9999 -9999 268.20 278.87 273.46 322.94 322.49 246.34 238.63 383.66 376.23 392.54 400.31 303.85 290.14 295.33 273.65 319.28 234.87 226.32 265.10 225.93 222.04 191.50 232.75 222.21 224.58 206.31 214.94 228.40 240.37 234.10 269.86 260.55 245.55 252.31 213.46 174.18 160.38 132.94 102.23 123.85 120.09 100.64 92.25 90.62 80.65 77.53 -9999 -9999 -9999 -9999 -9999 -9999 -9999 -9999 -9999 -9999 -9999 -9999 -9999 -9999 -9999 -9999 -9999 -9999 -9999 -9999 -9999 -9999 -9999
-9999 -9999 -9999 -9999 198.80 217.87 253.43 251.15 268.56 338.33 340.73 232.34 207.48 307.30 303.33 397.09 380.66 336.92 271.87 266.05 267.58 260.67 247.47 250.25 217.75 229.95 199.71 163.71 183.39 197.76 207.51 193.96 187.55 201.22 211.46 219.13 250.37 236.72 226.40 217.87 202.17 166.44 156.13 133.00 98.63 97.57 107.38 96.51 95.01 86.87 84.21 84.95 -9999 -9999 -9999 -9999 -9999 -9999 -9999 -9999 -9999 -9999 -9999 -9999 -9999 -9999 -9999 -9999 -9999 -9999 -9999 -9999 -9999 -9999 -9999
-9999 -9999 -9999 -9999 191.52 199.88 204.54 246.53 253.27 286.99 263.16 202.06 191.35 210.12 266.11 400.40 342.64 306.15 247.86 231.55 218.68 235.61 239.17 270.36 248.61 252.89 186.14 149.21 158.49 181.50 177.61 167.52 165.85 169.68 196.89 184.32 173.50 183.53 186.44 172.03 155.35 154.62 124.05 144.42 138.61 115.68 107.12 98.04 94.14 71.29 79.96 78.86 87.54 -9999 -9999 -9999 -9999 -9999 -9999 -9999 -9999 -9999 -9999 -9999 -9999 -9999 -9999 -9999 -9999 -9999 -9999 -9999 -9999 -9999 -9999
-9999 -9999 -9999 -9999 185.45 192.99 176.02 199.65 193.27 213.97 204.87 180.28 180.07 184.94 232.52 308.43 287.39 253.64 227.41 221.23 207.00 234.54 245.43 308.67 251.96 -9999 -9999 -9999 162.31 177.28 -9999 158.49 179.12 168.43 179.50 157.92 169.07 204.56 179.40 148.70 165.89 149.82 142.47 146.87 106.46 101.15 114.71 99.64 113.91 81.62 79.59 76.48 76.81 -9999 -9999 -9999 -9999 -9999 -9999 -9999 -9999 -9999 -9999 -9999 -9999 -9999 -9999 -9999 -9999 -9999 -9999 -9999 -9999 -9999 -9999
-9999 -9999 -9999 -9999 164.65 192.32 168.85 177.93 183.68 190.31 190.58 180.69 174.51 194.83 219.99 292.58 241.90 239.59 226.80 219.30 242.44 215.46 232.43 229.50 224.13 -9999 -9999 -9999 165.65 169.99 164.15 159.37 166.39 165.91 160.68 161.38 194.55 245.68 189.81 182.51 167.51 129.83 166.36 155.00 131.15 116.70 133.73 109.74 108.19 118.42 107.61 81.28 74.17 -9999 -9999 -9999 -9999 -9999 -9999 -9999 -9999 -9999 -9999 -9999 -9999 -9999 -9999 -9999 -9999 -9999 -9999 -9999 -9999 -9999 -9999
-9999 -9999 -9999 -9999 -9999 166.37 170.12 161.41 -9999 192.37 195.50 187.69 178.13 194.33 -9999 230.59 220.02 257.47 240.80 232.28 257.47 238.65 203.63 -9999 -9999 -9999 -9999 154.95 144.10 159.95 149.83 156.97 157.93 152.92 163.25 174.78 220.26 271.75 221.06 255.37 213.73 203.72 178.75 154.76 168.91 133.27 131.11 135.60 111.97 108.32 103.29 91.50 87.46 76.24 -9999 -9999 -9999 -9999 -9999 -9999 -9999 -9999 -9999 -9999 -9999 -9999 -9999 -9999 -9999 -9999 -9999 -9999 -9999 -9999 -9999
-9999 -9999 -9999 -9999 -9999 -9999 175.39 -9999 -9999 -9999 180.16 179.27 190.28 213.01 203.65 -9999 -9999 206.47 223.45 218.07 251.51 -9999 -9999 -9999 -9999 -9999 172.93 174.09 168.41 167.43 164.56 169.71 172.24 175.19 186.32 183.92 202.12 224.18 275.58 261.42 284.15 267.31 275.18 207.39 189.47 184.00 169.14 124.82 139.55 132.23 105.51 102.68 93.65 86.63 -9999 -9999 -9999 -9999 -9999 -9999 -9999 -9999 -9999 -9999 -9999 -9999 -9999 -9999 -9999 -9999 -9999 -9999 -9999 -9999 -9999
-9999 -9999 -9999 -9999 -9999 -9999 170.67 159.41 -9999 -9999 -9999 160.94 183.76 208.69 212.56 -9999 -9999 -9999 -9999 201.08 -9999 -9999 -9999 -9999 -9999 -9999 157.94 173.76 197.49 199.24 204.38 205.30 206.87 192.26 174.13 197.38 170.66 185.75 204.63 262.91 389.30 302.74 289.08 216.67 205.63 204.12 173.05 140.06 154.31 119.27 105.86 102.02 99.75 75.28 -9999 -9999 -9999 -9999 -9999 -9999 -9999 -9999 -9999 -9999 -9999 -9999 -9999 -9999 -9999 -9999 -9999 -9999 -9999 -9999 -9999
-9999 -9999 -9999 -9999 -9999 -9999 -9999 174.04 -9999 -9999 -9999 -9999 176.81 194.24 172.72 -9999 -9999 -9999 -9999 -9999 -9999 -9999 -9999 -9999 -9999 158.78 146.19 187.30 186.85 233.92 245.78 254.94 238.54 199.41 186.29 186.65 225.70 243.44 297.91 351.52 373.04 317.13 246.42 229.72 208.72 167.89 137.33 151.23 154.12 122.78 115.50 105.24 112.29 101.04 81.64 -9999 -9999 -9999 -9999 -9999 -9999 -9999 -9999 -9999 -9999 -9999 -9999 -9999 -9999 -9999 -9999 -9999 -9999 -9999 -9999
-9999 -9999 -9999 -9999 -9999 -9999 -9999 187.15 -9999 -9999 -9999 -9999 -9999 -9999 -9999 -9999 -9999 -9999 -9999 -9999 -9999 -9999 -9999 -9999 -9999 158.24 146.19 168.65 195.51 186.74 284.20 336.07 287.12 261.64 203.60 203.36 164.77 165.87 269.88 303.27 400.29 286.96 325.51 334.62 268.86 222.67 182.14 129.29 128.38 131.50 153.44 137.32 119.54 102.22 89.71 77.63 -9999 -9999 -9999 -9999 -9999 -9999 -9999 -9999 -9999 -9999 -9999 -9999 -9999 -9999 -9999 -9999 -9999 -9999 -9999
-9999 -9999 -9999 -9999 -9999 -9999 -9999 -9999 -9999 -9999 -9999 -9999 -9999 -9999 -9999 -9999 -9999 -9999 -9999 -9999 -9999 -9999 -9999 -9999 152.00 161.43 180.34 208.21 268.04 269.11 426.32 400.22 314.25 236.66 238.66 186.15 180.42 149.35 216.66 359.29 347.01 300.93 274.18 290.80 246.96 194.60 154.09 140.49 114.34 122.40 118.29 104.01 115.40 102.70 81.73 70.65 -9999 -9999 -9999 -9999 -9999 -9999 -9999 -9999 -9999 -9999 -9999 -9999 -9999 -9999 -9999 -9999 -9999 -9999 -9999
-9999 -9999 -9999 -9999 -9999 -9999 -9999 -9999 -9999 -9999 -9999 -9999 -9999 -9999 -9999 -9999 -9999 -9999 -9999 -9999 -9999 -9999 -9999 -9999 163.29 156.78 210.99 239.66 341.43 371.38 324.75 381.15 388.91 320.90 299.77 246.01 211.54 179.81 205.37 237.01 348.71 301.57 285.74 236.28 224.57 160.03 125.80 128.99 109.74 126.72 113.29 120.63 102.32 96.68 80.61 76.34 74.81 72.99 59.29 -9999 -9999 -9999 -9999 -9999 -9999 -9999 -9999 -9999 -9999 -9999 -9999 -9999 -9999 -9999 -9999
162.92 -9999 -9999 -9999 -9999 -9999 -9999 -9999 -9999 -9999 -9999 -9999 -9999 -9999 -9999 -9999 -9999 -9999 -9999 -9999 -9999 -9999 -9999 -9999 167.71 195.60 231.04 280.42 381.94 452.83 465.94 436.87 451.36 396.81 410.64 330.94 281.98 213.75 167.83 161.03 242.16 225.93 252.91 210.05 209.55 159.40 150.08 127.29 110.82 112.49 115.58 99.89 96.11 94.23 87.32 88.44 119.70 95.17 105.60 82.53 74.27 -9999 -9999 -9999 -9999 -9999 -9999 -9999 -9999 -9999 -9999 -9999 -9999 -9999 -9999
-9999 -9999 -9999 -9999 -9999 -9999 -9999 -9999 -9999 -9999 -9999 -9999 -9999 -9999 -9999 -9999 -9999 -9999 -9999 -9999 -9999 -9999 -9999 -9999 162.29 237.37 301.69 403.92 547.35 604.91 506.69 489.33 520.79 518.53 432.73 430.93 323.38 281.30 235.75 234.47 212.85 206.56 241.06 180.38 201.35 180.12 161.82 133.53 139.85 124.00 116.25 95.55 93.86 82.50 90.74 101.90 117.16 151.08 125.79 124.40 116.72 131.89 90.69 -9999 -9999 -9999 -9999 -9999 -9999 -9999 -9999 -9999 -9999 -9999 -9999
-9999 -9999 -9999 -9999 -9999 -9999 -9999 -9999 -9999 -9999 -9999 -9999 -9999 -9999 -9999 -9999 -9999 -9999 -9999 -9999 -9999 -9999 -9999 -9999 170.08 210.19 257.70 339.00 361.13 585.85 609.81 514.05 470.95 428.29 451.79 422.45 360.14 323.70 290.19 273.12 230.14 330.75 282.88 259.54 269.60 244.30 206.99 132.60 140.37 125.64 122.18 117.42 105.78 102.23 97.76 93.63 122.21 158.63 107.46 131.02 123.71 129.88 92.62 100.64 -9999 -9999 -9999 -9999 -9999 -9999 -9999 -9999 -9999 -9999 -9999
-9999 -9999 -9999 -9999 -9999 -9999 -9999 -9999 -9999 -9999 -9999 -9999 198.50 168.09 141.86 -9999 -9999 -9999 -9999 -9999 -9999 -9999 -9999 -9999 -9999 191.34 189.73 248.76 331.81 376.26 555.82 419.38 336.73 353.19 387.16 348.87 334.57 342.61 349.03 310.75 315.07 350.78 334.14 365.68 308.89 242.72 213.64 190.10 155.34 131.81 131.30 125.61 115.25 110.91 112.40 159.30 137.93 176.79 174.14 173.43 169.67 123.94 132.43 112.39 88.21 -9999 -9999 -9999 -9999 -9999 -9999 -9999 -9999 -9999 -9999
-9999 -9999 -9999 -9999 -9999 -9999 -9999 -9999 -9999 -9999 -9999 -9999 230.55 196.38 -9999 -9999 -9999 -9999 -9999 -9999 -9999 -9999 -9999 -9999 -9999 -9999 209.00 255.97 337.01 374.24 462.14 361.64 347.98 312.88 295.95 277.68 287.63 258.82 396.65 371.14 375.64 423.13 368.80 309.31 256.95 286.00 201.67 219.12 155.71 126.85 126.14 125.01 113.33 127.16 144.90 157.91 154.82 153.66 179.93 162.37 172.85 151.97 142.42 127.68 132.78 -9999 -9999 -9999 -9999 -9999 -9999 -9999 -9999 -9999 -9999
-9999 -9999 -9999 -9999 -9999 -9999 -9999 -9999 -9999 -9999 -9999 203.85 266.25 241.94 216.35 -9999 -9999 -9999 -9999 -9999 -9999 -9999 -9999 -9999 -9999 -9999 182.36 241.32 308.95 350.27 280.77 351.50 310.70 288.97 283.81 252.72 253.91 270.38 293.02 414.26 375.12 395.52 356.28 335.46 327.32 262.81 267.97 220.99 150.64 132.53 134.71 137.07 121.40 143.31 154.63 157.68 185.06 186.65 175.18 177.37 153.84 148.48 152.55 129.45 149.23 107.14 -9999 -9999 -9999 -9999 -9999 -9999 -9999 -9999 -9999
-9999 -9999 -9999 -9999 -9999 -9999 -9999 -9999 -9999 -9999 185.90 236.72 230.78 307.44 213.67 -9999 -9999 -9999 -9999 -9999 -9999 -9999 -9999 -9999 -9999 -9999 196.67 233.36 289.72 271.19 342.71 305.72 307.23 331.57 267.33 251.40 261.92 260.92 393.24 417.05 416.46 369.94 406.55 332.47 294.87 229.05 247.06 220.69 165.36 151.53 131.29 125.29 127.20 129.50 148.57 165.79 172.51 164.63 163.64 156.64 165.37 160.19 166.43 115.78 130.58 112.31 -9999 -9999 -9999 -9999 -9999 -9999 -9999 -9999 -9999
-9999 -9999 -9999 -9999 -9999 -9999 -9999 -9999 -9999 152.53 174.04 247.78 220.21 213.76 -9999 -9999 -9999 -9999 -9999 -9999 -9999 -9999 -9999 -9999 -9999 -9999 -9999 226.63 238.70 246.03 328.54 283.56 247.72 225.57 237.52 218.64 270.81 261.47 326.30 400.86 444.25 411.02 466.70 426.18 410.44 340.31 274.18 234.21 214.98 158.90 142.33 147.56 115.23 115.68 123.57 165.35 168.34 155.05 143.63 142.83 112.14 124.52 125.19 131.64 116.06 114.69 111.25 105.30 -9999 -9999 -9999 -9999 -9999 -9999 -9999
-9999 -9999 -9999 -9999 -9999 -9999 -9999 -9999 -9999 175.25 214.35 201.70 183.19 184.16 -9999 -9999 -9999 -9999 -9999 -9999 -9999 -9999 -9999 -9999 -9999 -9999 -9999 -9999 224.23 189.72 214.02 220.66 216.92 198.55 217.01 222.11 264.68 255.83 333.09 329.79 427.83 421.55 426.84 389.41 408.40 379.92 286.26 269.42 233.42 191.08 153.54 137.92 113.82 107.19 131.57 146.24 142.25 146.21 150.89 129.39 121.28 119.71 134.23 133.33 125.61 142.39 142.16 126.63 -9999 -9999 -9999 -9999 -9999 -9999 -9999
-9999 -9999 -9999 -9999 -9999 -9999 -9999 -9999 -9999 168.66 175.38 215.27 181.53 -9999 -9999 -9999 -9999 -9999 -9999 -9999 -9999 -9999 -9999 -9999 -9999 -9999 -9999 -9999 177.43 214.42 218.18 -9999 198.06 -9999 204.72 198.22 220.78 223.34 241.09 266.71 292.24 342.05 409.05 364.60 330.53 395.48 365.48 301.05 233.91 214.72 176.15 171.29 123.11 113.18 123.05 138.03 144.96 162.52 146.07 152.25 132.64 117.58 133.38 146.96 136.91 136.58 127.63 128.20 129.29 120.24 -9999 -9999 -9999 -9999 -9999
-9999 -9999 -9999 -9999 -9999 -9999 -9999 -9999 146.37 152.11 138.94 -9999 -9999 -9999 -9999 -9999 -9999 -9999 -9999 -9999 -9999 -9999 -9999 -9999 -9999 -9999 -9999 -9999 170.53 185.19 192.39 -9999 -9999 -9999 192.39 224.10 206.49 255.63 230.62 277.33 250.06 226.44 331.48 354.31 303.18 331.84 323.64 286.85 266.36 215.47 181.69 156.60 131.04 116.31 108.33 109.79 131.35 140.92 137.76 150.16 142.98 130.51 131.41 150.08 158.03 160.24 122.00 104.69 114.21 107.58 -9999 -9999 -9999 -9999 -9999
-9999 -9999 -9999 -9999 -9999 -9999 -9999 -9999 -9999 -9999 -9999 -9999 -9999 -9999 -9999 -9999 -9999 -9999 -9999 -9999 -9999 -9999 -9999 -9999 -9999 -9999 -9999 -9999 -9999 -9999 -9999 -9999 -9999 192.35 189.01 208.49 253.31 262.16 339.40 341.75 274.41 275.03 323.56 286.63 286.67 253.37 269.18 258.14 239.70 198.59 163.25 144.64 131.75 121.91 113.95 110.92 123.80 134.40 140.13 143.27 150.66 171.85 148.82 157.86 147.01 146.96 135.51 140.07 123.55 -9999 -9999 -9999 -9999 -9999 -9999
-9999 -9999 -9999 -9999 -9999 -9999 -9999 -9999 -9999 -9999 -9999 -9999 -9999 -9999 -9999 -9999 -9999 -9999 -9999 -9999 -9999 -9999 -9999 -9999 -9999 -9999 -9999 -9999 -9999 -9999 -9999 -9999 -9999 176.22 174.24 189.16 279.53 351.56 357.36 307.78 308.90 238.16 290.39 260.05 266.53 271.07 280.97 224.59 229.26 208.42 168.59 153.51 131.43 125.03 112.70 113.87 123.45 124.32 135.09 147.49 149.98 188.48 170.86 141.64 138.90 136.85 126.57 147.35 134.09 -9999 -9999 -9999 -9999 -9999 -9999
-9999 -9999 -9999 -9999 -9999 -9999 -9999 -9999 -9999 -9999 -9999 -9999 -9999 -9999 -9999 -9999 -9999 -9999 -9999 -9999 -9999 -9999 -9999 -9999 -9999 -9999 -9999 -9999 -9999 -9999 -9999 -9999 -9999 155.48 172.61 206.65 262.01 370.06 368.98 319.88 271.73 250.46 280.24 247.68 220.17 231.58 202.37 233.26 190.27 184.39 155.49 145.49 127.42 121.09 115.49 127.42 128.36 110.67 126.85 146.85 148.10 161.35 151.87 144.09 135.36 124.34 128.27 140.62 138.31 -9999 -9999 -9999 -9999 -9999 -9999
-9999 -9999 -9999 -9999 -9999 -9999 -9999 -9999 -9999 -9999 -9999 -9999 -9999 -9999 -9999 -9999 -9999 -9999 -9999 -9999 -9999 -9999 -9999 -9999 -9999 -9999 -9999 -9999 -9999 -9999 -9999 149.98 171.20 156.27 203.21 214.73 302.69 366.42 315.97 327.84 249.91 216.38 265.95 252.68 248.87 229.66 248.42 211.37 172.62 178.41 151.58 125.40 130.25 122.00 126.54 127.61 114.90 107.30 127.34 133.74 140.18 141.51 144.34 140.52 134.39 127.44 125.92 129.19 131.52 130.41 -9999 -9999 -9999 -9999 -9999
-9999 -9999 -9999 -9999 -9999 -9999 -9999 -9999 -9999 -9999 -9999 -9999 -9999 -9999 -9999 -9999 -9999 -9999 -9999 -9999 -9999 -9999 -9999 -9999 -9999 -9999 -9999 -9999 -9999 -9999 -9999 171.45 182.44 172.37 196.06 216.15 254.62 223.30 247.85 250.38 245.05 314.18 285.50 241.41 228.21 262.04 219.96 218.03 170.17 191.64 181.32 161.77 131.27 135.54 128.15 126.41 123.09 116.44 119.09 126.74 127.62 127.19 130.86 138.93 133.02 123.54 125.06 128.02 128.31 123.67 -9999 -9999 -9999 -9999 -9999
-9999 -9999 -9999 -9999 -9999 -9999 -9999 -9999 -9999 -9999 -9999 -9999 -9999 -9999 -9999 -9999 -9999 -9999 -9999 -9999 -9999 -9999 -9999 -9999 -9999 -9999 -9999 -9999 -9999 -9999 -9999 175.14 175.51 175.83 186.79 201.91 223.55 225.27 231.37 250.48 229.67 260.43 251.95 228.52 282.05 229.35 223.95 191.80 201.31 170.50 148.59 155.55 144.46 131.12 132.26 128.94 129.81 125.98 117.78 124.00 124.50 127.66 134.72 141.40 146.88 137.22 134.46 130.17 131.27 116.91 110.69 -9999 -9999 -9999 -9999
-9999 -9999 -9999 -9999 -9999 -9999 -9999 -9999 -9999 -9999 -9999 -9999 -9999 -9999 -9999 -9999 -9999 -9999 -9999 -9999 -9999 -9999 -9999 -9999 -9999 -9999 -9999 -9999 -9999 -9999 -9999 152.42 166.83 175.29 182.22 190.24 195.79 194.54 218.55 244.81 223.93 248.48 259.80 279.09 316.12 287.92 241.65 215.78 194.84 194.58 145.85 134.92 137.57 136.28 126.31 135.11 127.74 119.44 111.50 112.50 108.37 107.12 120.41 137.63 155.40 146.87 132.69 130.04 126.08 122.41 119.08 111.43 -9999 -9999 -9999
-9999 -9999 -9999 -9999 -9999 -9999 -9999 -9999 -9999 -9999 -9999 -9999 -9999 -9999 -9999 -9999 -9999 -9999 -9999 -9999 -9999 -9999 -9999 -9999 -9999 -9999 -9999 -9999 -9999 -9999 -9999 150.63 155.98 160.60 167.10 190.04 193.99 199.63 212.98 249.02 266.11 323.27 305.80 328.98 299.28 282.22 232.14 204.88 176.50 186.91 164.26 143.95 119.60 123.48 117.97 116.60 118.65 115.05 103.59 119.52 118.44 109.06 111.26 124.07 136.28 136.03 125.66 122.49 122.63 122.64 111.89 109.77 -9999 -9999 -9999
