Rainfall_2007-2011/Rainfall_2008-09_ACTUAL.txt
ncols         180
nrows         290
xllcorner     -200000
yllcorner     -200000
cellsize      5000
NODATA_value  -9999
[rows 204 to 237 of 290, columns 75 to 149 of 180]
87.36 90.37 102.11 117.18 131.71 152.80 161.10 156.03 134.01 132.98 145.36 160.46 131.31 116.88 131.96 136.33 118.60 133.19 143.81 128.21 147.34 146.35 163.79 160.14 189.41 131.79 168.53 126.73 178.98 184.84 201.65 142.15 127.75 127.61 117.97 113.33 107.23 108.68 93.42 107.72 103.51 99.68 104.54 91.71 97.28 114.81 134.15 118.24 100.37 87.34 110.83 120.16 95.90 89.36 84.47 94.86 101.44 90.84 86.69 75.75 77.08 92.17 88.79 74.29 62.51 72.02 65.80 63.01 38.88 39.24 40.12 42.35 34.70 49.50 51.33
-9999 84.58 94.71 119.22 116.67 129.62 133.53 125.84 135.13 137.99 163.28 148.45 121.85 95.59 101.72 111.54 116.99 125.93 159.37 165.06 196.44 246.40 211.86 199.72 182.69 203.87 213.75 153.39 137.09 222.20 177.90 129.73 138.52 146.15 127.17 113.29 101.17 125.17 111.18 100.51 105.65 97.97 118.99 102.67 107.22 126.98 135.80 117.34 112.40 100.90 106.32 101.74 103.37 84.95 81.97 88.35 76.18 83.22 75.14 81.27 71.69 67.99 70.55 66.00 68.89 71.83 67.59 58.52 35.82 39.15 44.44 33.12 43.76 50.46 49.22
-9999 -9999 103.66 109.95 122.70 126.38 117.78 130.32 153.62 167.71 119.78 137.81 131.20 113.02 132.76 117.94 139.42 129.66 160.89 184.41 201.29 216.29 230.21 210.34 229.27 242.61 193.27 199.09 163.93 129.88 167.04 163.13 116.62 124.03 122.54 164.72 134.33 143.04 116.59 98.85 96.81 98.30 103.16 114.92 146.94 124.95 126.90 116.13 114.55 103.04 123.49 115.23 83.28 80.23 77.97 77.83 73.53 74.91 75.89 74.65 65.60 62.75 63.18 67.13 70.15 70.52 75.57 58.81 43.45 44.73 45.92 38.46 40.71 45.83 44.68
-9999 94.87 97.54 97.80 108.91 122.09 136.83 144.66 159.15 139.96 124.91 123.65 119.61 121.67 130.41 116.26 135.03 127.09 145.01 161.85 178.72 155.97 172.88 186.38 219.27 227.33 216.97 185.70 132.95 175.03 210.66 164.39 154.49 140.32 191.04 195.66 162.21 136.53 130.89 101.12 107.64 113.16 148.20 150.47 138.70 134.49 108.06 110.88 115.32 104.79 93.99 92.49 86.50 77.21 76.37 75.58 70.29 79.90 70.00 70.06 67.02 63.50 64.34 65.97 73.41 58.08 70.63 69.56 44.44 43.45 41.92 40.61 41.18 47.06 39.06
82.82 92.57 89.53 86.36 105.66 125.47 174.78 129.62 120.33 105.63 99.97 93.84 89.50 96.51 111.53 136.53 126.72 152.91 162.40 178.16 203.95 180.80 139.43 173.75 173.53 178.69 169.45 198.26 183.00 174.43 210.31 155.58 161.77 137.46 144.15 165.14 146.01 134.63 121.89 108.22 110.93 126.29 123.53 133.74 141.91 116.47 112.37 107.29 107.53 96.47 78.90 79.05 80.19 72.36 81.19 71.48 65.57 61.78 60.94 60.85 64.65 63.47 65.78 69.92 68.48 63.62 61.84 56.14 48.67 39.15 44.95 45.24 39.01 46.68 46.52
-9999 -9999 86.34 97.11 112.90 119.04 117.55 126.41 -9999 -9999 -9999 -9999 84.47 91.61 108.61 110.69 108.96 123.78 136.66 157.48 173.72 164.89 213.41 198.50 213.74 194.64 179.48 207.62 211.50 200.02 172.05 161.98 162.64 141.02 157.46 137.66 137.27 123.72 131.82 119.81 110.97 132.62 115.04 130.72 116.22 100.71 97.95 109.85 105.78 85.78 75.60 72.87 79.08 70.81 69.40 59.72 60.93 60.06 63.18 65.07 69.54 69.02 67.52 68.72 71.68 68.76 54.13 46.43 42.28 49.49 45.86 46.14 49.09 50.45 53.62
-9999 -9999 93.65 109.38 112.63 104.90 117.07 102.89 -9999 -9999 -9999 -9999 -9999 -9999 -9999 100.32 109.13 110.89 109.45 126.71 158.66 203.92 259.63 283.68 270.77 242.37 193.98 197.98 191.30 213.68 223.59 164.10 156.71 189.28 177.58 163.09 118.94 116.57 133.89 122.86 118.54 121.21 106.90 109.54 101.61 94.33 87.03 91.94 89.83 84.15 72.55 81.24 75.54 64.45 54.69 57.39 68.65 64.96 70.27 68.01 74.40 67.19 67.53 73.74 75.66 63.97 49.66 41.44 41.07 45.96 46.84 48.99 66.85 65.15 49.45
-9999 -9999 -9999 -9999 98.13 -9999 -9999 -9999 -9999 -9999 -9999 -9999 -9999 82.77 94.18 104.72 102.09 88.40 92.20 111.86 149.56 198.08 244.19 276.08 261.13 225.65 208.63 230.36 219.41 217.62 201.82 190.19 165.17 161.28 164.12 145.25 117.53 110.74 110.26 106.31 141.51 119.76 97.01 90.95 85.72 83.49 78.19 69.74 68.48 59.27 60.65 54.39 55.83 54.08 51.54 58.89 74.23 60.62 71.81 74.36 66.89 74.23 64.49 69.54 63.30 47.01 47.65 41.15 42.83 49.62 52.71 51.26 52.24 45.55 45.12
-9999 -9999 -9999 -9999 -9999 -9999 -9999 -9999 -9999 -9999 -9999 -9999 -9999 81.76 88.21 95.53 82.61 83.60 -9999 -9999 120.65 197.44 207.12 244.86 230.21 197.28 233.66 245.23 216.52 193.27 186.32 165.71 171.75 142.13 135.92 116.56 112.72 108.33 101.33 108.47 123.01 104.58 92.02 84.19 66.93 69.47 66.57 53.27 59.56 58.17 52.39 54.79 65.10 60.52 56.93 55.45 60.47 66.01 65.47 48.31 57.17 65.96 55.11 63.54 55.56 53.53 41.80 43.68 44.77 51.99 62.74 52.32 52.79 44.71 42.97
-9999 -9999 -9999 -9999 -9999 -9999 -9999 -9999 -9999 -9999 -9999 -9999 -9999 -9999 -9999 -9999 -9999 -9999 -9999 -9999 113.77 140.91 182.67 214.03 210.92 177.17 227.73 200.04 187.27 187.68 170.52 152.84 146.83 131.77 -9999 112.27 115.64 120.16 98.83 100.23 105.34 95.80 80.58 72.64 63.60 57.81 57.95 59.21 64.59 74.23 71.00 66.26 70.62 70.53 56.06 61.73 59.29 56.32 63.73 61.34 52.80 53.98 56.22 52.58 51.15 41.83 44.12 46.72 45.49 49.01 49.08 39.51 44.62 41.46 40.78
-9999 -9999 -9999 -9999 -9999 -9999 -9999 -9999 -9999 -9999 -9999 -9999 -9999 -9999 -9999 -9999 -9999 -9999 -9999 -9999 -9999 158.92 208.77 200.84 196.94 197.35 183.09 180.57 201.60 169.41 -9999 -9999 -9999 -9999 112.61 99.42 114.28 121.75 110.24 89.83 95.58 81.85 77.11 74.49 57.71 58.08 57.18 64.50 63.25 82.22 87.28 81.57 68.54 77.87 79.14 68.03 66.33 55.55 58.52 53.87 48.09 51.54 48.55 46.95 42.59 44.58 43.68 43.68 39.68 42.13 42.74 42.42 40.60 36.05 44.25
-9999 -9999 -9999 -9999 -9999 -9999 -9999 -9999 -9999 -9999 -9999 -9999 -9999 -9999 -9999 -9999 -9999 -9999 -9999 -9999 -9999 -9999 182.39 184.34 196.49 176.51 177.41 185.83 199.38 -9999 -9999 -9999 -9999 101.62 128.67 127.57 118.09 96.93 94.72 87.29 92.24 89.91 82.89 75.28 66.02 67.77 73.16 71.22 69.73 80.31 85.52 76.29 60.43 65.10 62.22 76.21 69.03 64.01 52.56 45.03 49.45 53.77 50.70 49.52 45.20 44.70 43.06 43.79 41.27 45.69 46.73 47.10 39.62 46.27 46.41
-9999 -9999 -9999 -9999 -9999 -9999 -9999 -9999 -9999 -9999 -9999 -9999 -9999 -9999 -9999 -9999 -9999 -9999 -9999 -9999 -9999 -9999 -9999 149.39 165.12 163.01 159.85 180.16 168.68 -9999 -9999 -9999 144.41 131.32 125.67 116.98 122.83 113.41 92.93 95.84 82.56 94.73 92.55 77.47 73.41 81.41 82.39 81.98 85.24 78.21 75.91 68.06 64.99 67.96 82.71 68.99 71.61 60.69 53.53 43.28 52.85 53.45 51.41 53.86 44.91 36.12 42.93 41.45 42.52 49.07 48.05 51.25 47.77 48.95 51.06
-9999 -9999 -9999 -9999 -9999 -9999 -9999 -9999 -9999 -9999 -9999 -9999 -9999 -9999 -9999 -9999 -9999 -9999 -9999 -9999 -9999 -9999 -9999 -9999 -9999 -9999 -9999 -9999 -9999 -9999 -9999 156.36 148.24 128.21 118.21 132.15 145.90 123.28 98.67 100.17 94.48 97.39 92.36 86.31 76.47 70.38 76.48 86.62 79.21 88.47 84.90 75.67 85.42 75.51 73.65 63.31 66.43 60.22 54.10 57.30 53.32 49.74 53.35 52.06 36.67 43.91 45.85 48.14 57.13 54.20 54.31 61.27 61.09 59.81 57.32
-9999 -9999 -9999 -9999 -9999 -9999 -9999 -9999 -9999 -9999 -9999 -9999 -9999 -9999 -9999 -9999 -9999 -9999 -9999 -9999 -9999 -9999 -9999 -9999 -9999 -9999 -9999 -9999 -9999 -9999 -9999 120.37 135.09 118.37 155.60 151.57 125.18 121.44 120.64 105.67 98.85 86.92 86.01 79.93 85.87 82.91 90.82 84.30 88.59 108.97 108.38 80.49 81.85 88.68 75.11 66.47 65.89 60.98 51.07 58.56 58.73 57.43 56.55 54.04 49.95 48.23 52.99 63.36 73.63 67.08 64.10 79.28 68.04 62.46 59.57
-9999 -9999 -9999 -9999 -9999 -9999 -9999 -9999 -9999 -9999 -9999 -9999 -9999 -9999 -9999 -9999 -9999 -9999 -9999 -9999 -9999 -9999 -9999 -9999 -9999 -9999 -9999 -9999 -9999 -9999 -9999 105.09 108.81 113.40 121.60 139.62 144.61 130.65 115.28 114.97 104.80 101.23 93.80 97.38 96.09 102.52 95.67 83.65 84.07 87.51 91.25 85.90 80.15 80.67 76.52 72.71 71.83 68.59 54.00 77.74 71.09 63.91 61.14 54.23 62.20 65.21 66.22 77.76 93.10 70.99 81.81 67.55 64.82 59.62 71.33
-9999 -9999 -9999 -9999 -9999 -9999 -9999 -9999 -9999 -9999 -9999 -9999 -9999 -9999 116.29 150.29 110.99 154.67 176.15 203.71 162.17 185.64 118.84 168.77 103.22 -9999 -9999 -9999 -9999 -9999 -9999 88.40 87.83 83.81 100.06 108.51 123.63 133.60 137.52 112.45 103.91 102.84 113.73 103.83 93.76 84.93 87.63 100.24 87.37 81.67 81.87 79.89 79.43 91.54 80.46 80.36 70.17 80.43 78.13 82.13 77.91 66.15 59.39 63.23 66.71 69.12 72.70 71.90 63.89 68.92 79.65 70.05 69.71 60.97 59.34
-9999 -9999 -9999 -9999 -9999 -9999 -9999 -9999 -9999 -9999 -9999 -9999 -9999 -9999 143.05 150.38 156.94 143.32 190.20 210.92 172.64 185.20 172.43 148.13 116.87 100.65 86.63 84.64 80.41 80.12 68.36 74.35 75.74 70.28 85.39 96.50 106.63 115.32 125.40 115.34 92.55 109.47 95.61 87.89 87.85 90.05 78.00 100.98 82.64 79.01 85.60 82.08 79.79 86.29 64.84 80.41 77.65 75.66 89.62 95.01 73.80 66.88 63.53 68.65 72.51 79.03 102.72 96.28 91.10 95.09 74.03 75.95 66.48 61.31 65.17
-9999 -9999 -9999 -9999 -9999 -9999 -9999 -9999 -9999 -9999 -9999 -9999 -9999 84.00 87.90 121.90 141.44 175.35 198.45 233.66 230.02 200.25 206.62 184.43 147.44 122.23 116.03 96.43 97.95 81.42 83.96 74.20 64.55 68.19 67.12 75.71 91.05 88.62 95.58 95.49 93.35 88.25 93.84 91.41 81.88 81.48 86.36 83.42 81.14 69.64 72.31 73.42 70.11 72.99 70.65 77.62 76.71 96.14 85.35 89.56 81.16 83.21 90.67 79.27 81.62 83.66 85.84 97.09 94.38 80.40 78.22 76.87 70.92 71.71 62.35
-9999 -9999 -9999 -9999 -9999 -9999 -9999 -9999 -9999 -9999 -9999 -9999 -9999 -9999 98.77 110.08 113.62 118.81 155.59 177.57 193.55 212.83 213.90 175.18 177.69 156.68 114.76 87.33 73.21 90.52 84.32 66.64 61.35 55.39 68.34 66.28 71.52 73.16 89.04 92.92 89.72 85.49 90.68 80.56 72.83 73.87 91.77 86.29 76.82 77.87 75.23 68.57 63.49 66.81 64.51 79.52 81.02 89.41 95.20 98.97 81.20 87.66 102.30 88.34 81.97 74.22 75.77 78.10 72.44 85.90 82.50 74.86 81.04 87.60 79.55
-9999 -9999 -9999 -9999 -9999 -9999 -9999 -9999 -9999 -9999 104.00 -9999 -9999 110.50 111.92 120.89 98.06 110.46 115.77 127.99 148.72 165.85 181.69 182.29 181.30 139.08 114.56 103.61 86.39 82.01 81.51 64.71 64.61 62.69 69.80 64.24 64.36 69.27 80.41 73.38 77.36 71.53 76.86 78.46 83.49 90.90 90.66 81.05 70.10 64.11 70.83 68.54 66.89 57.53 68.74 83.86 79.58 95.76 100.07 107.13 91.68 89.82 93.97 83.71 84.71 82.48 78.41 77.11 75.61 72.56 72.41 72.37 74.47 85.11 78.28
-9999 -9999 -9999 -9999 -9999 -9999 -9999 -9999 -9999 120.24 148.18 145.12 125.35 104.81 110.04 123.33 106.21 89.45 102.73 95.86 130.86 138.47 162.56 176.15 140.64 130.87 101.08 106.71 89.42 88.52 86.61 80.62 70.62 64.98 67.72 76.42 65.07 75.58 74.70 68.04 60.44 72.93 79.01 79.14 84.92 96.04 83.97 79.57 73.03 70.40 68.13 64.69 50.79 65.02 63.28 81.59 88.69 93.64 86.21 81.13 98.62 88.34 87.99 97.60 102.27 88.95 78.93 72.75 73.63 70.82 72.04 67.46 79.18 81.85 82.00
-9999 -9999 -9999 -9999 -9999 -9999 -9999 -9999 -9999 129.72 139.27 152.22 131.11 107.18 109.49 107.79 112.98 112.86 100.92 114.52 121.34 114.96 144.89 158.58 125.52 117.39 103.06 108.54 117.23 104.54 87.63 72.65 81.46 80.28 82.49 80.70 76.71 87.77 78.41 73.17 65.92 66.41 66.99 80.18 71.44 76.11 79.85 73.28 68.86 73.11 68.79 61.98 60.75 67.80 65.36 74.42 93.13 95.19 94.74 105.69 98.04 104.95 95.50 109.47 114.95 94.88 83.32 78.29 73.33 74.54 80.49 92.33 78.90 90.57 85.55
-9999 -9999 -9999 -9999 -9999 -9999 -9999 -9999 -9999 125.28 136.22 144.90 140.09 116.83 125.49 115.98 114.06 107.62 100.37 99.33 117.16 113.87 121.56 117.78 106.40 90.24 101.33 122.20 113.54 117.95 102.46 93.77 80.63 83.57 97.05 87.10 79.10 99.48 90.06 75.24 71.22 79.04 92.06 77.22 75.35 67.98 75.75 80.54 76.98 76.25 73.18 64.74 61.77 62.88 72.23 83.46 89.91 79.12 92.63 97.52 103.08 98.98 98.93 111.42 127.71 86.97 102.64 91.42 80.69 74.44 93.16 90.26 92.20 83.13 86.27
-9999 -9999 -9999 -9999 -9999 -9999 -9999 -9999 -9999 96.90 128.21 129.88 121.44 117.90 126.24 111.73 100.29 109.05 103.81 101.18 107.31 107.01 93.65 81.95 94.72 82.83 96.23 96.65 111.41 119.09 109.26 90.85 94.74 103.02 106.63 90.23 97.70 87.51 84.89 83.44 83.95 91.22 76.55 77.45 74.52 66.45 75.97 86.46 91.32 82.11 75.66 70.74 68.59 74.96 75.16 77.52 87.84 107.96 74.88 81.71 82.70 77.49 77.56 75.35 75.01 68.08 78.21 76.82 70.53 69.41 68.47 79.27 90.62 77.13 71.94
-9999 -9999 -9999 -9999 -9999 -9999 -9999 -9999 -9999 99.16 115.62 118.51 121.01 122.80 114.00 106.56 101.46 99.04 102.30 91.25 87.89 82.83 90.90 89.93 82.68 88.43 92.79 96.97 109.38 138.07 105.73 85.24 110.39 143.32 109.72 103.97 105.47 97.75 104.61 97.39 85.94 90.06 78.55 73.51 76.79 83.56 81.64 82.73 98.05 88.06 75.51 69.05 76.67 70.99 70.82 77.33 90.89 74.76 65.94 67.46 62.78 63.15 71.84 66.92 66.51 62.78 60.22 63.23 61.47 -9999 -9999 63.33 72.28 72.75 67.48
-9999 -9999 -9999 -9999 -9999 -9999 -9999 -9999 115.18 97.41 113.54 106.54 116.47 123.96 119.03 115.48 124.13 111.70 110.14 97.58 79.71 72.85 91.28 85.32 78.37 79.79 87.44 97.85 118.41 118.00 92.73 91.60 101.46 94.10 100.37 89.41 88.15 101.07 94.05 89.97 92.72 90.00 81.25 78.31 73.25 100.53 96.53 95.00 92.17 88.14 79.17 65.67 69.31 69.43 84.80 -9999 -9999 67.72 64.89 64.02 61.90 62.52 66.79 61.48 -9999 -9999 -9999 -9999 -9999 -9999 -9999 -9999 -9999 -9999 63.63
-9999 -9999 -9999 -9999 -9999 -9999 -9999 107.31 97.27 115.67 114.03 108.14 110.49 116.59 132.12 135.73 155.58 144.43 134.01 99.33 87.39 94.41 87.83 84.37 66.83 73.85 76.46 102.91 115.46 107.69 73.43 70.84 68.54 66.42 81.01 79.61 83.67 79.54 78.91 76.27 81.06 84.89 73.60 68.50 70.34 79.15 104.88 98.46 83.57 72.90 79.45 74.95 -9999 71.26 91.57 85.91 78.62 73.06 -9999 -9999 -9999 -9999 62.62 -9999 -9999 -9999 -9999 -9999 -9999 -9999 -9999 -9999 -9999 -9999 -9999
-9999 -9999 -9999 -9999 -9999 -9999 100.31 110.77 116.67 131.76 103.53 104.28 101.68 112.76 115.78 168.40 213.41 208.04 142.50 110.02 134.69 109.77 99.13 75.55 54.28 78.76 63.78 56.47 66.84 67.87 -9999 -9999 -9999 -9999 -9999 68.11 76.63 76.78 70.40 71.88 71.98 77.65 81.90 64.08 63.75 74.29 -9999 -9999 -9999 -9999 -9999 63.06 62.47 59.33 110.09 96.36 106.18 71.50 -9999 -9999 -9999 -9999 -9999 -9999 -9999 -9999 -9999 -9999 -9999 -9999 -9999 -9999 -9999 -9999 -9999
-9999 -9999 -9999 -9999 -9999 78.32 97.86 133.77 130.93 142.11 112.55 110.38 108.65 133.56 144.26 162.58 209.43 262.22 197.87 149.33 130.62 118.82 84.38 74.27 60.33 61.05 53.41 -9999 -9999 -9999 -9999 -9999 -9999 -9999 -9999 -9999 57.65 68.09 63.90 67.08 77.02 88.37 78.83 76.39 78.72 80.36 -9999 -9999 -9999 -9999 -9999 -9999 -9999 65.25 94.32 90.30 91.53 -9999 -9999 -9999 -9999 -9999 -9999 -9999 -9999 -9999 -9999 -9999 -9999 -9999 -9999 -9999 -9999 -9999 -9999
-9999 -9999 71.40 69.69 77.53 79.75 102.28 121.09 136.28 151.64 126.40 117.08 129.29 149.05 178.06 184.84 237.64 217.15 153.67 136.69 150.84 86.96 82.50 91.69 67.55 -9999 -9999 -9999 -9999 -9999 -9999 -9999 -9999 -9999 -9999 -9999 -9999 -9999 67.08 -9999 -9999 -9999 -9999 67.60 80.65 82.62 -9999 -9999 -9999 -9999 -9999 -9999 -9999 -9999 78.61 82.53 65.23 -9999 -9999 -9999 -9999 -9999 -9999 -9999 -9999 -9999 -9999 -9999 -9999 -9999 -9999 -9999 -9999 -9999 -9999
-9999 -9999 72.84 76.18 87.51 92.70 92.38 109.84 130.31 131.80 138.74 127.90 142.07 138.29 143.78 149.29 189.82 196.18 168.53 132.46 127.54 84.20 64.50 59.73 -9999 -9999 -9999 -9999 -9999 -9999 -9999 -9999 -9999 -9999 -9999 -9999 -9999 -9999 64.20 -9999 -9999 -9999 -9999 -9999 -9999 -9999 -9999 -9999 -9999 -9999 -9999 -9999 -9999 -9999 -9999 -9999 -9999 -9999 -9999 -9999 -9999 -9999 -9999 -9999 -9999 -9999 -9999 -9999 -9999 -9999 -9999 -9999 -9999 -9999 -9999
-9999 -9999 65.44 85.38 87.51 88.61 100.60 110.95 118.40 129.79 126.75 122.54 136.39 132.18 123.64 133.60 125.12 199.80 215.60 144.25 111.76 80.24 75.79 73.81 -9999 -9999 -9999 -9999 -9999 -9999 -9999 -9999 -9999 -9999 -9999 -9999 -9999 -9999 -9999 -9999 -9999 -9999 -9999 -9999 -9999 -9999 -9999 -9999 -9999 -9999 -9999 -9999 -9999 -9999 -9999 -9999 -9999 -9999 -9999 -9999 -9999 -9999 -9999 -9999 -9999 -9999 -9999 -9999 -9999 -9999 -9999 -9999 -9999 -9999 -9999
-9999 55.87 58.53 70.76 88.24 99.88 121.68 124.78 128.04 131.11 112.86 111.20 108.57 114.59 103.54 120.54 137.39 159.54 179.66 144.27 98.49 79.69 71.94 48.15 -9999 -9999 -9999 -9999 -9999 -9999 -9999 -9999 -9999 -9999 -9999 -9999 -9999 -9999 -9999 -9999 -9999 -9999 -9999 -9999 -9999 -9999 -9999 -9999 -9999 -9999 -9999 -9999 -9999 -9999 -9999 -9999 -9999 -9999 -9999 -9999 -9999 -9999 -9999 -9999 -9999 -9999 -9999 -9999 -9999 -9999 -9999 -9999 -9999 -9999 -9999
