Rainfall_2007-2011/Rainfall_2010-03_ACTUAL.txt
ncols         180
nrows         290
xllcorner     -200000
yllcorner     -200000
cellsize      5000
NODATA_value  -9999
[rows 204 to 237 of 290, columns 76 to 151 of 180]
102.52 119.94 130.77 136.65 158.45 168.57 143.84 143.58 153.73 149.02 160.96 153.24 155.15 169.50 156.37 135.84 129.11 97.64 97.48 112.22 117.48 134.81 109.03 100.23 75.06 84.93 57.95 73.51 71.44 85.54 62.10 56.89 59.57 54.00 50.54 46.69 43.70 41.42 45.45 47.87 44.84 38.72 34.41 42.31 40.10 54.20 56.45 57.18 47.89 51.54 49.89 52.71 52.58 48.95 46.15 45.58 42.27 36.65 38.88 41.52 45.58 43.02 33.96 34.54 32.07 35.76 35.89 29.72 30.66 32.70 35.60 26.25 32.77 33.94 36.44 41.49
96.38 102.67 123.51 122.67 137.48 149.93 122.84 130.26 137.97 157.12 146.55 140.85 130.83 134.81 130.83 130.23 133.89 140.43 145.82 177.65 213.62 184.78 152.92 130.18 137.87 127.04 88.19 68.91 88.91 81.57 77.03 68.48 67.22 55.23 42.64 50.63 53.64 45.21 35.98 51.10 44.52 47.89 50.69 60.00 72.24 62.39 59.16 64.45 53.49 52.94 51.77 54.99 51.11 47.28 42.25 42.38 38.84 38.68 40.94 40.32 40.69 40.68 36.55 36.59 38.92 39.98 37.10 32.35 32.35 29.74 29.95 35.49 34.13 33.85 34.49 34.74
-9999 115.10 125.08 131.04 139.68 147.73 134.68 139.79 143.73 136.57 136.67 126.48 121.30 136.83 136.15 157.23 140.95 166.33 192.82 196.10 194.47 202.19 163.39 177.50 192.38 131.70 117.08 101.14 64.17 79.22 84.07 59.90 59.81 51.39 61.18 58.62 66.11 60.86 48.08 47.16 46.75 51.12 58.81 86.73 81.04 70.11 63.04 62.86 48.87 61.36 61.90 53.87 50.81 50.48 43.74 40.72 40.22 39.40 38.79 36.24 35.93 39.42 40.88 43.63 45.24 44.00 37.74 35.46 32.24 35.30 34.27 32.48 32.55 32.93 33.49 31.95
104.51 107.77 110.51 129.71 132.63 148.16 143.33 146.50 129.32 127.77 123.74 110.92 114.84 137.98 127.01 139.03 126.67 146.60 170.25 168.13 146.09 151.71 146.76 154.81 146.36 131.06 122.02 100.71 102.04 110.44 89.04 76.15 71.19 67.46 66.37 74.18 66.14 76.74 54.65 53.16 64.58 80.22 77.04 71.77 73.30 59.93 60.18 65.23 58.20 56.09 54.93 50.47 50.53 46.84 43.28 41.11 41.65 40.08 39.85 36.42 35.50 40.83 43.76 49.72 46.90 45.88 41.32 32.74 30.64 31.49 31.80 31.31 33.67 32.72 35.04 33.13
100.86 98.61 95.58 111.77 120.20 134.14 119.40 114.15 103.94 101.68 99.02 103.69 105.77 114.10 134.79 127.69 149.84 149.39 172.78 190.85 163.16 117.34 139.84 129.99 115.45 120.85 127.81 111.31 101.26 118.54 81.04 85.46 62.36 60.93 73.38 80.40 83.27 64.17 48.49 49.99 63.56 65.99 67.73 71.34 64.82 72.08 60.06 57.82 56.05 53.65 49.84 46.55 48.82 51.12 44.80 44.49 38.58 38.27 37.88 40.30 40.13 43.65 49.09 49.29 51.94 46.11 37.47 31.15 26.26 32.82 38.11 33.48 35.68 40.83 28.72 33.00
-9999 94.56 104.62 110.20 109.10 119.69 116.16 -9999 -9999 -9999 -9999 91.69 99.34 112.46 112.97 112.50 123.81 129.91 157.92 154.94 151.48 198.97 220.47 171.11 138.52 119.46 125.08 105.29 105.49 96.29 90.40 78.20 65.77 72.09 66.76 78.19 58.02 44.34 49.33 50.62 67.59 57.12 68.40 67.04 60.26 63.90 58.64 53.25 48.90 48.99 48.09 46.15 43.95 44.84 36.49 39.02 42.40 37.37 41.56 46.04 42.72 49.14 49.63 47.46 42.13 41.74 34.88 31.82 33.31 32.24 37.02 35.42 35.92 39.05 35.66 35.24
-9999 96.72 102.62 103.96 100.99 116.69 93.99 -9999 -9999 -9999 -9999 -9999 -9999 -9999 103.47 114.80 115.29 115.74 125.79 142.09 181.76 211.96 251.22 198.77 167.05 138.76 133.47 79.55 105.42 118.32 91.23 75.25 84.06 79.30 73.73 57.59 51.39 50.11 49.88 51.48 56.83 56.99 62.75 60.01 52.74 49.19 50.83 47.00 47.91 44.06 46.42 40.71 39.59 38.02 36.92 38.94 39.75 40.14 44.97 56.74 50.50 50.83 52.27 47.05 39.66 38.53 34.64 35.41 31.41 34.32 33.91 39.54 41.55 32.82 34.25 33.60
-9999 -9999 -9999 93.13 -9999 -9999 -9999 -9999 -9999 -9999 -9999 -9999 82.81 93.39 102.32 109.19 102.75 105.07 107.26 130.73 141.42 173.14 197.75 178.10 152.14 130.91 137.64 98.92 100.02 93.94 71.03 62.42 78.22 73.33 62.69 51.98 49.45 51.83 48.74 60.26 54.59 52.94 58.19 53.28 49.11 47.23 43.97 44.95 41.58 43.36 40.54 39.58 40.34 38.08 38.97 39.27 35.07 46.35 55.57 55.95 58.42 43.52 50.06 43.80 39.49 37.27 37.07 37.12 35.02 34.76 31.78 32.67 35.36 35.60 32.26 37.23
-9999 -9999 -9999 -9999 -9999 -9999 -9999 -9999 -9999 -9999 -9999 -9999 79.45 86.14 87.52 89.35 88.33 -9999 -9999 89.69 131.87 133.35 147.97 128.07 117.61 113.04 112.35 91.60 87.17 85.16 67.98 60.04 55.78 59.62 48.98 44.91 44.35 50.63 52.49 57.91 50.40 51.79 53.43 50.79 48.01 45.89 40.70 42.82 42.70 40.64 41.33 56.77 54.96 49.31 41.96 41.39 44.79 56.54 52.42 48.78 52.95 41.95 45.20 38.21 34.18 33.74 35.41 33.59 32.17 36.00 30.72 28.05 31.44 33.36 33.25 34.50
-9999 -9999 -9999 -9999 -9999 -9999 -9999 -9999 -9999 -9999 -9999 -9999 -9999 -9999 -9999 -9999 -9999 -9999 -9999 82.05 93.01 104.60 99.41 92.12 98.47 87.13 86.85 80.08 73.97 69.56 57.33 58.47 53.24 -9999 45.17 40.11 43.34 41.28 52.06 54.54 49.69 52.31 49.89 46.46 41.19 45.53 43.47 46.01 55.31 51.70 50.19 65.74 67.72 60.27 50.94 52.12 50.18 55.11 50.70 44.74 42.03 41.31 35.65 35.70 31.32 32.39 35.25 33.30 33.23 32.32 28.62 29.90 30.46 30.74 30.92 34.46
-9999 -9999 -9999 -9999 -9999 -9999 -9999 -9999 -9999 -9999 -9999 -9999 -9999 -9999 -9999 -9999 -9999 -9999 -9999 -9999 75.64 80.10 77.98 84.71 81.55 75.52 78.43 74.35 64.68 -9999 -9999 -9999 -9999 45.91 41.97 45.33 45.60 45.54 47.35 54.20 54.95 53.66 47.71 44.19 43.11 45.71 52.42 53.86 67.77 64.89 66.95 64.63 63.03 54.69 50.38 48.81 44.46 47.16 46.10 40.31 40.56 37.58 35.45 36.03 36.67 40.00 35.30 32.14 31.36 31.27 30.14 30.26 33.30 36.11 32.30 32.74
-9999 -9999 -9999 -9999 -9999 -9999 -9999 -9999 -9999 -9999 -9999 -9999 -9999 -9999 -9999 -9999 -9999 -9999 -9999 -9999 -9999 74.56 77.71 76.49 63.97 67.55 68.04 66.91 -9999 -9999 -9999 -9999 39.85 47.86 48.03 56.02 48.93 37.36 50.19 53.30 50.80 50.00 45.51 44.43 44.96 50.72 55.25 59.21 66.93 67.31 67.77 62.47 55.37 46.89 53.53 44.47 36.39 40.79 43.18 39.90 40.37 42.13 42.20 43.67 40.12 37.47 33.11 32.22 32.72 31.73 33.07 29.51 41.34 35.84 39.02 43.84
-9999 -9999 -9999 -9999 -9999 -9999 -9999 -9999 -9999 -9999 -9999 -9999 -9999 -9999 -9999 -9999 -9999 -9999 -9999 -9999 -9999 -9999 63.62 43.75 29.28 53.17 54.10 55.11 -9999 -9999 -9999 41.78 41.18 44.86 49.61 55.63 50.65 46.56 45.49 41.75 48.10 48.85 43.91 47.60 48.18 49.39 51.18 61.92 64.12 61.09 55.37 58.27 58.44 70.00 53.86 50.64 43.72 45.34 40.50 41.76 42.47 49.19 49.26 46.01 44.10 37.92 32.42 32.20 31.27 29.40 32.68 35.24 38.56 42.72 44.22 48.82
-9999 -9999 -9999 -9999 -9999 -9999 -9999 -9999 -9999 -9999 -9999 -9999 -9999 -9999 -9999 -9999 -9999 -9999 -9999 -9999 -9999 -9999 -9999 -9999 -9999 -9999 -9999 -9999 -9999 -9999 41.46 41.04 39.53 47.65 55.82 59.10 51.32 48.91 47.17 46.30 47.09 43.69 41.18 38.88 42.08 45.73 50.06 56.15 62.08 69.41 62.36 74.84 67.35 64.95 55.04 55.43 52.52 48.44 47.34 47.09 47.12 50.69 50.27 43.37 40.99 39.15 38.50 39.29 33.33 36.03 45.37 48.92 53.75 52.46 44.36 51.03
-9999 -9999 -9999 -9999 -9999 -9999 -9999 -9999 -9999 -9999 -9999 -9999 -9999 -9999 -9999 -9999 -9999 -9999 -9999 -9999 -9999 -9999 -9999 -9999 -9999 -9999 -9999 -9999 -9999 -9999 37.40 46.25 49.81 69.47 68.96 64.53 58.61 56.93 48.93 49.58 43.46 40.14 40.18 37.36 43.04 46.30 53.59 66.48 63.61 77.59 83.34 77.52 78.21 63.34 59.88 56.60 56.88 50.35 49.15 50.24 52.61 51.57 50.57 47.16 39.72 39.15 43.29 46.38 49.85 47.68 59.80 56.40 61.11 60.27 56.14 55.52
-9999 -9999 -9999 -9999 -9999 -9999 -9999 -9999 -9999 -9999 -9999 -9999 -9999 -9999 -9999 -9999 -9999 -9999 -9999 -9999 -9999 -9999 -9999 -9999 -9999 -9999 -9999 -9999 -9999 -9999 27.61 35.66 50.09 56.35 59.98 63.36 63.29 56.41 59.03 51.40 47.71 45.74 52.23 50.91 52.35 55.16 58.77 60.85 62.17 67.45 76.46 77.31 70.84 58.25 56.87 58.93 56.83 53.45 59.82 58.95 58.87 55.17 60.47 50.35 44.24 43.19 55.65 48.41 51.43 57.15 59.83 68.05 59.85 69.86 59.09 56.11
-9999 -9999 -9999 -9999 -9999 -9999 -9999 -9999 -9999 -9999 -9999 -9999 -9999 65.23 82.80 82.82 96.74 93.43 102.72 110.62 101.67 74.58 67.30 51.88 -9999 -9999 -9999 -9999 -9999 -9999 32.05 35.86 38.18 41.34 47.88 51.04 56.67 62.71 56.46 51.10 48.01 52.45 57.59 52.35 51.08 56.64 54.44 54.79 61.44 64.89 69.69 66.09 69.56 62.63 63.21 66.79 71.93 70.91 68.32 67.96 69.15 61.31 59.80 53.65 50.00 55.56 52.21 51.36 50.74 49.66 55.26 56.48 55.58 56.43 56.96 56.95
-9999 -9999 -9999 -9999 -9999 -9999 -9999 -9999 -9999 -9999 -9999 -9999 -9999 76.54 78.56 90.01 71.07 115.23 146.42 117.70 119.41 99.85 84.45 68.01 53.21 49.17 59.55 54.74 44.14 34.95 36.20 35.06 36.94 38.94 43.75 44.16 55.68 58.33 57.77 51.99 58.66 62.20 55.59 56.20 59.80 53.65 54.98 57.44 61.19 70.02 70.13 74.71 62.90 66.69 67.62 68.64 67.16 79.46 75.32 69.08 67.63 63.04 62.74 59.97 59.00 74.28 59.87 57.33 57.82 56.87 58.95 58.74 62.82 64.28 61.70 61.48
-9999 -9999 -9999 -9999 -9999 -9999 -9999 -9999 -9999 -9999 -9999 -9999 46.23 75.17 67.22 77.36 83.60 101.00 121.28 111.52 108.09 104.55 96.68 83.92 62.54 74.94 61.04 62.25 49.08 39.92 33.16 34.39 34.66 33.87 41.48 47.96 49.69 51.69 57.44 68.60 60.40 69.02 64.13 54.98 58.12 55.90 60.23 59.92 61.73 67.33 72.42 66.15 67.76 67.00 61.86 64.70 78.81 83.44 79.26 77.17 73.07 78.19 67.21 82.21 62.47 64.11 63.13 59.01 57.91 60.38 60.40 71.66 69.94 63.07 67.33 74.75
-9999 -9999 -9999 -9999 -9999 -9999 -9999 -9999 -9999 -9999 -9999 -9999 -9999 55.38 61.47 62.78 67.06 89.40 98.36 107.32 92.54 82.60 76.03 80.00 86.89 82.95 58.47 49.94 47.32 38.50 31.79 30.92 31.37 36.18 36.96 41.16 43.00 49.63 56.25 57.84 57.16 63.63 63.40 56.90 56.68 77.09 74.33 64.05 68.39 71.56 69.08 64.60 71.83 71.44 68.28 64.31 72.45 86.20 89.16 79.64 80.20 81.93 66.30 65.54 59.72 56.80 60.06 55.14 58.95 72.00 82.31 76.21 82.19 77.23 76.35 78.89
-9999 -9999 -9999 -9999 -9999 -9999 -9999 -9999 -9999 78.32 -9999 -9999 55.39 53.70 68.99 62.28 67.88 76.54 69.46 73.62 71.34 69.09 71.93 80.46 90.47 89.11 55.11 43.82 39.30 39.00 30.50 31.85 35.12 41.24 37.84 36.40 37.86 54.86 59.23 56.43 51.11 52.85 55.01 67.54 71.44 78.63 74.36 70.18 69.31 70.21 70.10 71.72 64.22 75.47 83.30 77.35 87.73 91.43 98.60 80.23 79.44 75.42 64.16 62.84 60.70 57.99 61.32 63.37 63.27 68.12 78.74 76.71 75.68 72.70 77.83 82.66
-9999 -9999 -9999 -9999 -9999 -9999 -9999 -9999 83.16 96.78 103.16 91.34 72.03 70.96 76.25 65.80 52.34 61.32 56.82 68.82 65.67 74.30 72.58 77.96 84.83 64.73 49.01 44.85 39.72 41.99 37.67 35.71 34.69 40.84 43.90 40.72 56.19 53.08 52.95 55.21 54.89 49.44 54.89 63.61 92.46 78.67 73.08 69.79 73.02 71.74 72.82 63.11 74.73 83.93 85.71 84.36 88.40 90.40 89.63 92.81 78.71 71.29 76.46 65.62 59.40 56.52 58.10 63.56 63.18 70.67 71.64 74.96 73.09 74.37 67.68 74.31
-9999 -9999 -9999 -9999 -9999 -9999 -9999 -9999 78.89 93.38 90.42 90.45 76.49 81.83 73.03 67.85 70.90 64.57 61.59 67.28 60.54 71.73 69.77 79.11 78.05 66.98 62.05 62.49 52.58 49.16 64.32 38.80 47.57 48.06 51.12 51.00 51.61 54.65 55.93 51.83 48.82 53.00 67.47 64.37 73.33 74.19 71.80 70.15 78.81 75.30 70.76 66.80 79.24 84.82 85.30 84.19 80.89 89.08 92.19 87.78 94.27 78.56 81.62 72.84 59.87 56.63 60.22 67.97 68.11 77.31 84.62 71.80 75.53 65.08 70.42 71.37
-9999 -9999 -9999 -9999 -9999 -9999 -9999 -9999 64.95 74.89 80.75 90.20 79.84 78.18 80.21 69.43 65.75 59.52 55.66 62.88 55.49 68.89 75.08 70.52 67.74 59.36 61.38 61.11 65.78 58.83 57.57 50.00 59.59 51.44 60.11 58.83 68.52 64.25 61.12 56.79 57.69 71.14 70.02 70.08 71.97 72.63 77.81 74.34 76.57 81.62 79.93 76.16 76.73 67.63 70.12 79.38 69.42 79.73 75.82 73.64 89.34 75.78 80.98 87.64 65.71 75.67 73.56 66.20 68.96 91.97 83.76 80.33 74.90 71.86 67.25 63.40
-9999 -9999 -9999 -9999 -9999 -9999 -9999 -9999 50.36 73.78 74.88 84.64 78.68 80.94 69.54 56.15 55.38 54.09 50.02 60.64 59.82 63.72 64.09 64.26 59.77 57.19 66.14 67.99 69.51 72.22 71.45 60.39 63.00 62.35 67.67 81.98 68.27 68.44 73.61 66.61 71.99 68.50 68.63 67.78 70.92 75.10 80.85 81.22 77.00 78.67 74.20 77.20 82.43 75.94 74.71 68.70 74.46 65.62 55.07 59.21 56.35 62.19 65.49 62.62 57.71 66.49 66.67 72.11 66.94 72.46 69.03 78.71 71.76 66.31 74.30 69.30
-9999 -9999 -9999 -9999 -9999 -9999 -9999 -9999 55.44 72.42 71.36 79.97 85.73 84.03 78.06 68.01 53.77 55.96 57.46 56.66 55.57 64.45 60.51 54.97 56.36 58.35 59.48 69.04 80.09 75.24 61.01 73.36 85.89 67.67 86.65 86.65 80.69 85.20 78.88 71.38 72.80 67.67 64.81 69.32 73.01 76.27 81.23 80.50 75.28 75.34 73.63 83.17 74.98 69.52 63.33 60.67 62.27 62.39 53.99 48.87 52.20 54.04 53.99 56.24 54.64 57.58 58.64 55.52 -9999 -9999 61.01 67.99 64.71 71.64 73.77 82.85
-9999 -9999 -9999 -9999 -9999 -9999 -9999 72.59 66.78 80.59 82.88 85.07 89.81 93.18 88.73 92.48 74.67 74.17 63.64 56.65 54.33 64.50 56.99 58.32 55.79 64.73 69.57 81.58 82.78 67.39 66.08 69.62 63.78 62.00 63.16 71.67 84.44 79.60 75.04 74.85 69.14 65.22 73.53 75.76 73.73 73.47 72.38 74.85 72.39 68.78 68.24 69.94 66.34 72.64 -9999 -9999 61.18 68.98 50.54 51.15 48.83 49.53 49.31 -9999 -9999 -9999 -9999 -9999 -9999 -9999 -9999 -9999 -9999 63.27 65.36 67.90
-9999 -9999 -9999 -9999 -9999 -9999 83.76 86.01 86.12 87.76 82.70 82.00 89.55 101.44 106.11 122.49 104.32 103.90 76.73 71.66 74.34 76.74 72.97 56.08 63.38 64.10 78.74 75.59 75.40 57.36 60.76 52.78 50.18 51.27 57.36 67.02 72.54 74.86 66.88 66.80 66.26 63.01 61.41 66.14 69.47 73.29 73.59 67.58 62.03 63.44 63.28 -9999 64.18 74.86 66.85 57.14 57.15 -9999 -9999 -9999 -9999 40.32 -9999 -9999 -9999 -9999 -9999 -9999 -9999 -9999 -9999 -9999 -9999 -9999 -9999 -9999
-9999 -9999 -9999 -9999 -9999 70.29 91.45 95.97 98.06 88.88 87.69 86.17 89.20 94.41 133.73 197.32 182.77 131.90 104.33 113.74 95.29 88.40 76.42 66.23 74.13 67.50 61.61 61.26 53.44 -9999 -9999 -9999 -9999 -9999 46.84 62.36 68.47 60.82 62.29 60.76 59.77 62.57 59.47 66.80 63.99 -9999 -9999 -9999 -9999 -9999 66.19 67.00 67.90 78.96 67.41 64.06 57.25 -9999 -9999 -9999 -9999 -9999 -9999 -9999 -9999 -9999 -9999 -9999 -9999 -9999 -9999 -9999 -9999 -9999 -9999 -9999
-9999 -9999 -9999 -9999 61.63 72.60 101.21 109.25 115.56 103.14 87.64 87.36 103.18 119.45 148.94 207.49 252.39 182.70 156.74 120.41 115.68 81.59 83.11 69.71 60.60 63.09 -9999 -9999 -9999 -9999 -9999 -9999 -9999 -9999 -9999 49.15 55.93 53.11 54.27 62.84 70.81 64.72 69.26 73.42 65.98 -9999 -9999 -9999 -9999 -9999 -9999 -9999 60.07 60.76 58.76 62.61 -9999 -9999 -9999 -9999 -9999 -9999 -9999 -9999 -9999 -9999 -9999 -9999 -9999 -9999 -9999 -9999 -9999 -9999 -9999 -9999
-9999 54.70 53.54 51.01 67.06 82.05 103.73 120.23 130.58 121.51 108.77 107.82 121.53 135.51 148.00 211.10 196.16 164.16 160.96 147.93 107.63 95.45 97.96 77.47 -9999 -9999 -9999 -9999 -9999 -9999 -9999 -9999 -9999 -9999 -9999 -9999 -9999 51.46 -9999 -9999 -9999 -9999 61.28 67.13 67.15 -9999 -9999 -9999 -9999 -9999 -9999 -9999 -9999 50.34 56.33 52.77 -9999 -9999 -9999 -9999 -9999 -9999 -9999 -9999 -9999 -9999 -9999 -9999 -9999 -9999 -9999 -9999 -9999 -9999 -9999 -9999
-9999 59.35 56.72 54.26 73.14 103.02 119.10 130.73 133.97 136.70 124.75 127.58 127.25 126.50 133.30 186.62 189.46 162.84 132.08 131.18 90.58 82.97 81.36 -9999 -9999 -9999 -9999 -9999 -9999 -9999 -9999 -9999 -9999 -9999 -9999 -9999 -9999 47.51 -9999 -9999 -9999 -9999 -9999 -9999 -9999 -9999 -9999 -9999 -9999 -9999 -9999 -9999 -9999 -9999 -9999 -9999 -9999 -9999 -9999 -9999 -9999 -9999 -9999 -9999 -9999 -9999 -9999 -9999 -9999 -9999 -9999 -9999 -9999 -9999 -9999 -9999
-9999 59.75 65.01 77.07 95.37 100.41 120.46 125.87 122.86 116.08 116.05 127.12 117.43 126.60 124.84 168.83 186.55 216.16 160.98 127.58 99.84 85.17 80.75 -9999 -9999 -9999 -9999 -9999 -9999 -9999 -9999 -9999 -9999 -9999 -9999 -9999 -9999 -9999 -9999 -9999 -9999 -9999 -9999 -9999 -9999 -9999 -9999 -9999 -9999 -9999 -9999 -9999 -9999 -9999 -9999 -9999 -9999 -9999 -9999 -9999 -9999 -9999 -9999 -9999 -9999 -9999 -9999 -9999 -9999 -9999 -9999 -9999 -9999 -9999 -9999 -9999
58.84 57.54 63.82 82.94 106.62 117.65 120.71 123.56 119.41 107.64 105.52 112.55 114.47 98.67 115.23 134.42 173.83 194.39 154.06 117.88 93.47 93.94 68.95 -9999 -9999 -9999 -9999 -9999 -9999 -9999 -9999 -9999 -9999 -9999 -9999 -9999 -9999 -9999 -9999 -9999 -9999 -9999 -9999 -9999 -9999 -9999 -9999 -9999 -9999 -9999 -9999 -9999 -9999 -9999 -9999 -9999 -9999 -9999 -9999 -9999 -9999 -9999 -9999 -9999 -9999 -9999 -9999 -9999 -9999 -9999 -9999 -9999 -9999 -9999 -9999 -9999
