Rainfall_2007-2011/Rainfall_2009-11_ACTUAL.txt
ncols         180
nrows         290
xllcorner     -200000
yllcorner     -200000
cellsize      5000
NODATA_value  -9999
[rows 198 to 230 of 290, columns 75 to 149 of 180]
-9999 -9999 -9999 -9999 -9999 -9999 -9999 -9999 -9999 -9999 -9999 -9999 254.11 242.74 217.41 197.86 240.11 289.82 297.25 401.02 461.00 535.62 491.81 412.67 334.71 204.58 274.11 208.89 265.00 244.16 192.95 170.53 147.77 141.11 134.66 135.63 130.06 107.36 118.84 116.62 115.60 115.78 105.25 94.98 100.12 107.76 109.08 103.78 103.79 94.03 96.01 88.97 82.09 83.66 88.51 84.44 70.53 74.78 77.37 74.10 80.73 87.29 85.35 83.94 78.76 89.41 88.89 91.74 91.86 89.80 89.87 94.11 98.04 95.14 96.74
-9999 -9999 -9999 -9999 -9999 -9999 -9999 -9999 232.14 181.37 232.96 299.14 311.94 329.85 273.62 258.68 300.74 274.91 362.18 397.37 459.10 482.36 437.29 373.43 324.08 270.05 284.04 217.67 267.67 262.23 204.07 156.79 145.26 140.85 161.27 125.33 136.39 127.40 119.57 119.82 110.63 104.50 105.56 98.24 110.62 118.71 106.24 96.81 89.35 89.69 97.13 93.02 73.58 76.85 87.53 74.93 74.12 82.12 90.42 86.22 84.24 91.45 91.70 96.12 105.89 88.93 88.98 94.19 94.23 95.01 89.26 97.40 95.33 93.22 97.67
-9999 -9999 -9999 -9999 -9999 -9999 -9999 271.79 269.03 290.36 291.43 263.38 291.47 319.91 289.32 263.14 292.24 318.64 355.02 418.72 364.76 436.46 370.55 340.82 386.06 317.53 236.40 296.14 243.48 211.02 158.67 146.29 137.94 166.57 142.87 130.32 124.36 130.92 129.77 134.26 127.08 117.21 104.34 108.12 108.53 113.11 111.66 93.36 85.90 80.03 93.82 89.83 98.16 81.23 93.34 91.69 91.23 92.52 95.71 92.33 95.88 103.97 97.11 98.85 94.02 88.31 85.59 97.59 97.95 91.07 98.09 87.71 92.53 97.23 107.48
-9999 -9999 -9999 -9999 -9999 -9999 263.70 272.62 262.17 278.19 278.91 290.57 282.14 336.09 310.32 301.44 382.16 337.59 335.57 410.04 318.60 362.36 472.27 424.77 344.67 297.31 261.81 243.92 218.70 197.17 246.57 199.89 139.04 140.76 130.91 122.08 121.17 124.50 136.78 121.49 111.61 112.42 114.25 101.24 108.38 119.02 116.07 97.37 119.26 102.62 107.49 91.70 94.29 98.16 93.53 102.52 104.08 118.27 115.09 107.89 99.31 91.33 100.05 95.89 90.85 80.32 99.52 98.51 92.14 97.75 119.82 102.91 98.07 105.33 102.67
-9999 -9999 185.49 236.31 257.13 302.20 303.36 317.89 354.03 346.19 315.32 344.15 335.72 388.53 368.95 378.18 384.23 354.28 342.22 343.46 311.68 332.08 429.92 376.36 331.21 243.22 287.28 236.33 158.23 224.99 254.34 206.63 183.53 159.76 150.96 125.97 103.34 165.05 119.54 144.85 121.86 122.47 135.91 120.03 142.16 119.93 115.87 130.23 114.75 111.54 103.17 95.70 107.98 109.62 116.99 133.85 126.45 124.27 115.83 103.92 99.38 97.24 96.79 91.04 98.20 110.41 95.08 100.32 93.50 101.51 105.00 120.97 109.90 120.87 126.25
-9999 202.58 251.78 272.65 287.25 348.14 400.97 410.07 413.38 425.66 407.05 416.53 375.70 360.07 368.63 364.35 355.65 366.05 317.24 296.07 293.63 356.26 414.04 340.83 322.62 297.23 297.26 277.51 264.67 380.53 307.53 227.80 164.94 170.67 155.16 169.17 134.08 148.90 137.67 137.18 154.00 138.90 144.25 133.99 131.45 133.38 162.66 145.68 143.33 126.45 111.54 139.99 125.63 125.08 125.95 122.97 129.96 123.83 108.62 100.90 108.99 114.58 100.98 112.59 109.90 104.55 106.26 109.10 117.68 111.68 122.87 124.17 114.01 124.40 126.28
188.54 205.84 239.22 261.84 278.00 326.95 349.05 294.44 336.41 418.70 362.10 350.27 298.26 294.85 327.63 357.09 303.92 314.15 290.42 313.38 381.86 388.78 438.55 368.87 331.26 291.12 309.31 231.27 309.85 306.87 350.74 211.52 207.27 194.91 191.50 181.33 164.71 165.83 164.23 181.34 164.17 147.55 137.94 138.94 142.18 138.08 174.59 171.79 150.30 140.66 152.18 146.96 135.05 132.33 124.57 128.80 122.58 112.54 112.78 105.54 111.44 118.33 118.37 119.22 116.40 123.82 124.60 141.24 128.23 123.73 130.51 134.83 117.90 134.24 130.09
-9999 192.37 196.15 246.98 258.21 279.35 300.34 248.08 267.28 284.76 295.09 276.68 271.78 240.27 254.07 280.23 306.74 323.26 360.06 382.36 480.26 593.23 450.36 445.63 414.18 431.69 424.51 311.25 257.88 368.10 287.51 235.21 227.31 226.92 198.90 181.17 182.68 183.25 179.83 177.76 142.45 121.27 114.97 146.25 159.45 192.49 197.77 169.41 155.81 135.75 136.14 120.91 133.08 126.59 120.28 121.45 96.75 90.72 101.50 109.85 112.64 113.04 118.52 119.18 133.16 141.74 134.13 132.71 126.46 123.39 130.48 126.35 123.30 139.50 124.74
-9999 -9999 217.44 225.26 245.54 267.13 274.30 253.65 271.26 281.41 264.61 255.10 261.80 248.79 294.98 289.92 361.62 338.64 385.80 421.26 458.58 486.01 530.86 487.56 509.05 556.64 394.63 364.66 331.87 231.83 262.29 266.34 181.19 191.66 183.32 232.12 207.07 213.43 199.92 169.91 150.00 149.48 152.39 168.16 223.23 201.05 183.05 161.01 152.38 131.42 143.45 146.46 125.81 125.54 117.90 104.85 95.37 99.97 108.10 106.32 107.27 108.39 119.12 133.63 151.44 158.47 149.84 140.19 141.64 130.53 132.78 127.39 116.99 97.04 116.54
-9999 197.09 209.39 207.69 229.08 243.87 261.47 268.10 285.95 268.53 254.86 249.78 246.95 255.50 286.59 274.11 326.71 311.76 335.01 356.24 384.27 368.56 401.40 440.85 462.13 438.39 434.32 385.18 276.35 329.58 346.62 255.71 208.81 210.37 248.91 245.51 227.38 214.90 216.92 170.97 177.14 181.04 236.26 223.35 203.58 201.81 149.93 150.60 152.49 143.77 125.68 123.17 121.86 117.81 108.85 104.25 103.14 115.60 114.72 118.21 111.07 104.73 136.84 145.44 167.76 151.50 155.54 160.25 133.84 139.68 138.89 127.94 129.65 115.16 115.62
168.35 181.74 206.11 212.52 226.30 242.32 241.55 253.79 239.24 230.27 220.24 213.94 214.91 204.13 239.27 290.27 290.15 345.03 350.16 374.48 415.04 393.20 336.12 425.74 386.05 338.15 370.76 384.04 327.68 316.13 390.76 260.28 246.94 199.33 216.27 243.66 232.31 229.05 216.87 181.40 196.90 198.57 196.01 198.47 197.38 180.16 166.96 142.40 138.99 132.76 116.13 112.57 112.26 103.63 117.08 103.97 101.82 92.04 105.29 112.83 121.46 131.43 149.22 161.87 163.64 164.32 160.15 154.77 144.43 126.92 152.16 148.11 131.99 138.01 162.37
-9999 -9999 195.94 212.88 224.15 235.39 241.41 250.47 -9999 -9999 -9999 -9999 202.49 202.24 233.25 237.12 245.81 272.13 297.05 322.97 361.10 345.20 485.60 555.23 454.32 385.23 325.00 352.51 342.76 336.72 303.33 268.70 244.63 209.42 234.40 221.24 243.24 198.24 188.61 182.10 195.57 227.76 182.64 208.44 194.34 176.02 150.96 136.22 127.70 112.55 113.83 115.45 118.92 108.28 109.10 95.82 100.30 99.74 111.41 131.27 138.56 122.26 149.55 162.59 167.27 155.97 154.20 150.83 144.13 162.52 154.87 154.37 138.25 142.55 162.70
-9999 -9999 198.94 219.57 229.80 216.30 240.98 216.09 -9999 -9999 -9999 -9999 -9999 -9999 -9999 209.33 254.52 245.21 237.68 264.79 319.71 404.72 515.70 565.16 517.63 467.48 378.54 364.20 283.45 331.56 369.27 290.91 232.78 255.28 250.08 249.48 197.13 189.14 191.79 197.36 219.26 228.38 189.30 190.16 159.41 157.08 138.38 125.69 116.56 105.69 111.22 123.89 127.84 113.20 97.91 98.73 109.40 118.49 127.48 150.38 160.99 154.25 162.53 174.03 161.82 151.72 154.49 152.20 157.54 160.37 154.53 144.50 136.06 152.11 143.02
-9999 -9999 -9999 -9999 205.91 -9999 -9999 -9999 -9999 -9999 -9999 -9999 -9999 176.28 191.10 208.78 222.95 204.90 207.53 222.97 268.23 367.71 441.08 500.83 468.05 399.79 347.96 374.09 309.79 312.87 275.66 209.59 171.25 203.70 216.23 223.64 192.98 191.94 223.78 201.08 250.86 218.99 189.53 187.99 159.04 144.59 133.52 117.99 122.00 112.94 113.48 98.75 104.96 105.89 101.89 111.02 113.80 116.70 144.53 167.20 160.81 180.31 158.46 170.38 161.59 167.63 138.62 159.55 163.32 167.23 157.13 143.23 142.17 150.43 154.82
-9999 -9999 -9999 -9999 -9999 -9999 -9999 -9999 -9999 -9999 -9999 -9999 -9999 160.86 174.00 184.57 188.89 186.89 -9999 -9999 224.62 327.56 338.85 373.08 345.42 328.96 308.91 323.09 314.50 281.65 251.18 211.63 186.29 189.10 152.37 174.99 180.63 185.38 225.06 218.90 223.57 193.79 189.20 186.26 159.97 145.37 124.53 106.87 119.25 117.23 113.11 115.55 137.04 126.35 124.60 117.79 119.56 128.32 147.92 149.71 178.54 173.55 151.08 167.02 160.97 157.98 151.68 157.86 148.58 144.10 155.33 138.91 137.42 134.38 136.09
-9999 -9999 -9999 -9999 -9999 -9999 -9999 -9999 -9999 -9999 -9999 -9999 -9999 -9999 -9999 -9999 -9999 -9999 -9999 -9999 209.65 236.41 276.57 275.62 265.57 276.30 233.08 245.73 235.60 238.30 217.76 196.01 190.38 181.18 -9999 173.04 190.76 201.80 180.74 200.62 205.40 184.31 201.59 177.91 147.19 127.70 138.13 120.35 136.80 147.49 145.02 138.14 145.11 156.63 145.34 139.92 156.71 149.18 156.76 159.66 171.08 154.49 150.29 149.25 148.80 161.40 162.66 162.08 143.71 141.69 157.73 146.24 141.16 127.14 119.12
-9999 -9999 -9999 -9999 -9999 -9999 -9999 -9999 -9999 -9999 -9999 -9999 -9999 -9999 -9999 -9999 -9999 -9999 -9999 -9999 -9999 202.14 206.00 221.33 244.01 235.23 207.46 195.07 224.40 207.54 -9999 -9999 -9999 -9999 164.46 156.87 177.62 203.46 191.77 175.95 203.09 194.37 189.77 162.09 138.19 139.77 132.31 149.06 146.08 172.15 162.27 153.33 154.76 153.95 143.36 138.68 149.87 138.24 153.91 160.81 134.99 135.66 129.30 138.54 137.58 146.00 148.71 152.05 126.20 132.63 144.10 142.24 138.45 136.02 134.26
-9999 -9999 -9999 -9999 -9999 -9999 -9999 -9999 -9999 -9999 -9999 -9999 -9999 -9999 -9999 -9999 -9999 -9999 -9999 -9999 -9999 -9999 202.97 219.02 219.57 213.59 205.82 205.91 213.43 -9999 -9999 -9999 -9999 166.61 184.17 188.16 159.96 194.75 175.21 178.96 202.81 197.50 172.99 151.85 145.78 144.87 157.27 167.79 161.62 168.89 163.57 161.87 151.18 143.39 125.46 148.50 136.48 151.10 144.66 141.54 138.00 131.83 123.76 144.81 155.80 163.96 152.16 143.18 133.53 141.83 141.91 147.96 138.89 149.02 131.51
-9999 -9999 -9999 -9999 -9999 -9999 -9999 -9999 -9999 -9999 -9999 -9999 -9999 -9999 -9999 -9999 -9999 -9999 -9999 -9999 -9999 -9999 -9999 180.98 164.82 197.81 184.49 192.11 185.70 -9999 -9999 -9999 156.89 168.48 177.07 196.43 187.82 208.55 171.71 177.38 173.27 192.17 164.72 146.46 157.88 157.14 157.86 158.75 173.33 163.33 156.45 151.14 157.57 157.53 169.58 155.63 157.49 154.04 151.82 143.69 141.91 144.23 146.11 147.17 153.01 136.85 130.53 132.97 135.04 139.41 139.62 147.01 159.01 154.07 155.74
-9999 -9999 -9999 -9999 -9999 -9999 -9999 -9999 -9999 -9999 -9999 -9999 -9999 -9999 -9999 -9999 -9999 -9999 -9999 -9999 -9999 -9999 -9999 -9999 -9999 -9999 -9999 -9999 -9999 -9999 -9999 188.48 179.29 185.23 186.24 199.24 202.47 209.09 199.92 176.21 170.27 162.63 135.21 126.18 132.81 131.19 139.81 148.90 157.71 170.17 174.90 160.36 193.37 187.32 184.43 173.27 175.04 175.56 160.21 154.06 150.55 149.14 156.17 141.49 129.19 142.59 139.41 147.06 158.01 156.28 163.15 184.14 185.55 184.51 179.35
-9999 -9999 -9999 -9999 -9999 -9999 -9999 -9999 -9999 -9999 -9999 -9999 -9999 -9999 -9999 -9999 -9999 -9999 -9999 -9999 -9999 -9999 -9999 -9999 -9999 -9999 -9999 -9999 -9999 -9999 -9999 176.47 197.95 200.97 275.41 259.84 198.85 209.54 203.55 180.01 165.10 145.71 140.59 133.56 128.31 139.29 152.22 151.71 176.98 182.11 202.67 182.87 192.59 218.41 199.65 197.21 187.09 161.88 138.36 146.39 160.27 162.49 160.09 156.23 148.04 156.31 146.36 167.12 180.52 198.46 197.63 201.30 196.21 194.16 189.20
-9999 -9999 -9999 -9999 -9999 -9999 -9999 -9999 -9999 -9999 -9999 -9999 -9999 -9999 -9999 -9999 -9999 -9999 -9999 -9999 -9999 -9999 -9999 -9999 -9999 -9999 -9999 -9999 -9999 -9999 -9999 156.24 168.87 206.90 229.65 265.79 234.87 244.75 223.45 207.71 181.33 180.92 175.39 193.09 174.93 167.39 173.53 163.12 166.52 166.70 185.91 199.20 202.64 204.02 210.93 204.25 194.73 183.28 150.68 178.44 178.12 175.43 177.35 138.38 165.67 163.47 178.98 208.62 195.91 205.77 221.66 210.90 215.31 188.35 229.64
-9999 -9999 -9999 -9999 -9999 -9999 -9999 -9999 -9999 -9999 -9999 -9999 -9999 -9999 189.91 213.59 200.04 274.23 295.34 302.67 294.28 338.20 254.31 267.34 193.00 -9999 -9999 -9999 -9999 -9999 -9999 152.16 151.39 155.57 173.12 198.52 236.57 236.87 228.13 196.12 169.38 203.40 218.01 212.07 190.62 165.34 172.08 168.55 165.84 183.00 185.69 195.11 206.77 208.15 191.57 215.34 203.61 222.11 221.25 207.57 201.13 198.41 186.80 190.32 181.35 185.76 204.09 204.51 208.23 199.52 210.11 194.30 196.43 189.81 197.54
-9999 -9999 -9999 -9999 -9999 -9999 -9999 -9999 -9999 -9999 -9999 -9999 -9999 -9999 226.02 229.76 261.28 250.32 340.09 378.80 318.46 370.61 311.63 276.93 229.47 183.26 169.21 179.34 173.28 158.80 155.18 164.90 144.13 152.91 164.22 187.17 186.29 210.64 199.63 196.78 194.33 245.35 223.71 197.09 195.53 193.18 167.40 173.70 179.41 179.39 191.82 195.93 204.96 187.46 201.65 211.86 214.99 214.04 232.68 240.52 196.78 196.77 190.51 192.47 202.61 217.58 274.58 234.69 226.11 229.04 201.42 204.07 200.14 209.90 224.51
-9999 -9999 -9999 -9999 -9999 -9999 -9999 -9999 -9999 -9999 -9999 -9999 -9999 159.97 203.94 210.92 236.85 252.15 321.43 371.69 399.32 387.89 360.70 309.69 260.64 209.91 218.10 186.46 203.61 160.56 161.40 151.89 143.41 148.35 172.97 171.13 192.85 187.77 191.94 182.11 226.54 214.20 226.80 225.32 213.00 189.68 178.33 184.96 185.50 178.75 200.44 204.01 200.95 203.90 195.49 197.82 198.76 216.41 233.70 233.28 221.67 220.32 233.14 213.23 235.64 239.54 242.24 242.60 227.78 209.08 209.73 218.13 237.99 257.25 221.28
-9999 -9999 -9999 -9999 -9999 -9999 -9999 -9999 -9999 -9999 -9999 -9999 -9999 -9999 190.94 204.56 194.00 206.47 263.17 280.13 301.08 338.00 316.99 267.98 267.26 278.97 254.03 215.83 179.28 175.29 173.89 143.39 138.64 138.04 156.98 140.71 166.03 165.02 186.95 206.51 221.63 197.99 226.57 245.58 209.47 200.10 231.73 217.15 190.44 196.27 213.34 208.70 196.98 204.52 198.31 172.53 205.64 227.40 234.23 239.86 243.18 234.53 238.91 248.13 231.89 214.05 231.54 206.48 221.99 227.62 239.55 230.05 263.04 280.88 254.73
-9999 -9999 -9999 -9999 -9999 -9999 -9999 -9999 -9999 -9999 181.13 -9999 -9999 187.43 185.26 214.70 196.79 210.63 250.51 234.77 251.33 267.86 287.98 266.56 242.56 267.83 265.89 185.24 161.27 156.68 166.68 148.04 157.76 196.35 167.04 154.53 155.57 162.45 196.53 191.17 203.73 182.36 195.47 210.82 223.02 239.50 232.83 207.99 202.12 211.83 200.22 217.68 213.64 192.36 200.98 215.47 205.59 242.33 238.77 267.61 225.95 240.96 252.59 242.88 225.10 219.97 211.28 223.07 229.29 231.97 230.08 251.81 258.80 230.09 224.52
-9999 -9999 -9999 -9999 -9999 -9999 -9999 -9999 -9999 202.01 218.60 247.89 269.59 224.55 240.38 241.77 218.47 187.61 212.54 207.32 241.28 238.92 266.25 239.44 231.13 225.14 200.75 181.56 160.61 155.42 170.69 162.88 152.24 154.70 171.62 180.01 159.47 173.29 175.22 178.70 187.22 201.21 193.70 201.73 229.85 252.34 219.68 206.46 202.11 203.57 199.51 198.09 186.88 194.33 189.31 205.82 213.62 215.25 224.66 221.54 235.24 233.58 264.36 265.13 235.95 225.70 227.93 218.97 226.98 219.34 215.29 240.55 236.02 225.07 238.29
-9999 -9999 -9999 -9999 -9999 -9999 -9999 -9999 -9999 219.76 224.35 251.89 261.09 241.63 259.38 231.83 218.74 234.44 236.46 217.11 228.05 219.07 250.70 221.68 215.46 216.03 196.85 192.70 231.39 199.65 186.57 170.86 147.60 181.49 179.69 182.63 169.74 195.12 161.68 184.78 184.21 193.04 207.25 226.38 207.73 209.69 211.36 189.60 183.93 196.45 191.93 184.95 175.83 188.92 190.33 187.69 199.18 214.07 232.25 245.43 250.73 287.29 257.91 258.30 228.04 228.55 245.02 237.00 223.44 217.55 226.12 240.45 226.97 236.96 220.48
-9999 -9999 -9999 -9999 -9999 -9999 -9999 -9999 -9999 232.92 251.04 270.86 281.60 248.65 238.09 245.66 239.09 242.31 222.02 202.66 221.27 203.24 236.11 241.78 201.62 193.15 189.10 216.09 221.23 200.08 219.45 212.57 185.97 205.74 164.34 180.63 167.30 192.98 189.29 196.35 185.89 196.55 222.43 207.27 200.85 203.84 196.83 193.95 187.10 192.23 196.89 184.00 176.81 196.17 217.10 204.59 200.46 191.08 223.58 238.37 243.12 278.93 264.96 248.96 281.20 232.69 301.81 268.95 211.72 216.62 273.84 261.97 257.58 231.65 222.98
-9999 -9999 -9999 -9999 -9999 -9999 -9999 -9999 -9999 186.79 247.86 225.01 247.04 242.44 242.71 236.94 220.22 225.87 208.56 185.52 209.78 207.65 186.84 190.20 209.58 200.00 188.23 228.83 228.48 246.26 247.50 224.60 218.54 195.30 182.00 186.44 176.43 188.51 190.69 202.91 204.60 216.68 204.04 193.92 184.44 190.05 183.16 182.46 183.09 191.16 191.61 195.69 184.53 197.50 191.17 199.99 214.21 238.88 207.08 207.40 218.41 242.83 221.95 220.90 227.48 223.18 243.12 229.66 216.05 206.37 225.22 225.32 249.30 227.99 217.87
-9999 -9999 -9999 -9999 -9999 -9999 -9999 -9999 -9999 198.93 238.39 237.19 253.00 276.86 274.36 255.79 229.63 204.67 200.65 208.90 197.05 183.12 190.54 182.99 171.10 166.98 176.26 184.12 212.77 249.77 219.38 203.39 244.83 210.57 205.87 222.89 211.49 225.20 222.79 203.53 211.76 219.13 200.80 181.44 188.29 191.80 174.69 171.39 180.50 193.52 194.44 182.44 185.65 179.24 183.59 193.24 208.39 198.18 195.00 190.61 189.43 203.13 203.34 206.35 209.02 204.54 221.55 203.59 174.87 -9999 -9999 201.68 210.64 222.03 243.30
-9999 -9999 -9999 -9999 -9999 -9999 -9999 -9999 219.14 220.78 260.69 276.56 267.28 283.59 284.74 276.69 283.01 265.51 252.49 223.52 198.72 171.42 187.26 170.96 161.93 160.84 177.93 193.39 225.94 227.33 191.08 190.39 219.33 184.84 176.61 176.93 212.50 250.52 214.36 191.55 226.72 223.17 191.48 186.82 177.33 183.90 174.58 169.00 176.84 191.73 182.19 172.15 176.28 170.67 188.02 -9999 -9999 197.81 218.81 188.54 188.55 193.86 185.66 193.78 -9999 -9999 -9999 -9999 -9999 -9999 -9999 -9999 -9999 -9999 237.67
