Rainfall_2007-2011/Rainfall_2009-03_ACTUAL.txt
ncols         180
nrows         290
xllcorner     -200000
yllcorner     -200000
cellsize      5000
NODATA_value  -9999
[rows 204 to 237 of 290, columns 77 to 153 of 180]
40.14 46.29 50.46 59.54 64.08 59.87 60.69 67.02 62.06 64.29 61.76 63.38 70.10 70.10 61.31 64.06 57.76 69.60 90.45 87.11 94.49 78.53 68.12 52.45 59.31 42.69 56.48 54.93 72.96 39.21 34.29 33.85 26.68 25.20 25.00 25.87 26.87 29.81 27.55 26.24 25.07 22.21 25.73 30.84 34.71 32.21 30.64 26.83 24.51 24.11 26.54 23.88 21.84 21.48 21.57 20.27 19.38 22.31 25.52 27.96 26.40 21.72 21.23 24.47 27.65 26.92 30.87 31.47 35.65 36.38 26.67 37.18 40.57 42.20 43.51 40.04 43.46
33.65 42.82 45.53 50.97 54.10 51.09 54.01 54.71 58.32 56.15 57.80 53.89 56.16 56.97 59.17 62.33 75.57 89.40 123.33 152.37 125.68 105.79 89.48 83.31 77.35 57.07 48.54 64.76 52.85 47.75 40.08 36.97 28.94 22.46 26.78 29.08 32.92 32.06 30.33 25.91 26.63 26.89 26.57 36.59 35.99 33.68 31.13 27.77 27.22 27.85 27.29 22.03 20.62 19.32 18.21 18.10 20.99 22.79 25.35 26.18 26.50 24.71 26.39 29.18 31.35 31.17 30.17 31.58 30.74 32.40 38.11 39.52 39.89 41.67 42.82 39.78 37.76
37.99 39.20 43.82 49.88 52.72 50.12 54.95 54.78 48.19 50.47 52.95 52.51 58.78 60.16 72.23 66.42 84.92 99.00 123.03 140.87 145.97 117.34 121.14 80.46 76.20 74.00 65.65 35.77 35.88 43.93 32.08 30.62 26.23 31.27 31.44 36.21 34.56 32.11 27.41 23.69 24.51 28.61 36.51 36.08 35.24 31.38 30.00 27.86 33.49 31.01 22.90 19.90 19.71 19.44 18.08 19.43 21.55 22.00 27.16 25.11 26.59 28.48 31.77 33.83 34.57 32.22 34.86 31.71 36.25 35.34 37.07 42.14 41.97 41.11 38.52 36.01 35.69
37.55 38.15 39.25 43.92 48.19 51.80 58.17 55.66 50.83 50.57 50.19 53.27 63.78 60.86 72.68 72.23 80.04 88.89 105.52 112.40 115.32 107.20 111.27 108.14 101.10 77.22 66.83 57.16 54.66 46.70 39.16 35.61 33.38 32.49 38.60 33.96 36.85 28.99 26.67 21.45 29.66 39.75 31.02 29.64 29.19 29.06 28.75 28.65 26.94 25.80 21.70 19.04 18.21 19.20 20.08 21.78 22.16 24.69 27.81 25.94 27.79 30.26 35.41 31.50 34.89 34.08 33.91 30.37 31.20 34.87 36.31 39.50 47.93 42.23 36.83 34.75 35.49
39.97 35.66 39.28 38.63 38.69 44.08 45.41 46.10 44.30 44.30 49.13 51.16 55.80 70.75 71.66 88.80 88.53 101.61 120.88 110.28 81.04 101.96 92.96 82.89 84.83 80.69 60.54 50.99 65.70 42.38 41.79 31.62 31.40 37.86 41.09 43.76 34.27 26.90 27.75 23.76 26.03 32.40 32.51 27.12 34.23 28.87 27.41 26.71 25.46 23.46 20.25 16.52 20.70 19.37 23.75 21.72 21.22 21.89 24.98 25.58 29.36 33.71 33.63 34.32 34.05 33.45 33.04 29.68 32.62 37.59 36.97 38.04 38.49 32.34 34.70 34.49 34.95
37.62 39.34 38.53 39.22 45.07 46.11 -9999 -9999 -9999 -9999 41.88 47.77 57.34 62.30 63.74 70.39 76.77 84.80 103.18 107.81 131.25 134.49 121.49 92.55 63.58 67.42 59.31 57.68 54.42 47.50 35.47 32.62 38.54 36.21 41.41 33.25 28.21 29.63 28.39 35.33 28.42 33.01 30.07 26.31 31.46 27.67 24.81 21.39 22.89 22.64 21.09 19.13 20.70 22.16 22.65 23.65 20.45 23.13 25.52 23.30 28.12 31.06 30.07 24.91 31.26 29.62 30.04 33.26 32.26 34.95 33.14 32.51 34.96 35.64 34.30 35.39 33.46
36.30 40.96 41.92 37.93 44.43 35.82 -9999 -9999 -9999 -9999 -9999 -9999 -9999 63.92 66.54 66.09 63.89 72.14 92.14 121.65 142.81 178.12 146.35 111.79 78.69 72.76 46.22 61.71 67.80 54.00 38.37 42.85 42.54 42.17 34.15 32.07 32.46 31.51 30.69 33.86 33.90 34.57 29.44 30.39 26.64 24.75 21.89 20.10 20.20 21.69 19.08 19.14 19.79 19.46 19.32 21.13 22.80 25.69 29.66 25.57 28.27 29.10 30.14 24.29 28.27 29.00 30.56 30.42 32.80 31.69 33.53 33.65 29.09 33.20 32.28 29.17 26.83
-9999 -9999 35.83 -9999 -9999 -9999 -9999 -9999 -9999 -9999 -9999 42.89 63.07 82.39 73.49 54.98 57.40 63.99 82.85 91.95 118.24 139.53 127.33 104.49 80.39 80.05 65.02 62.73 48.38 37.70 33.47 39.44 38.75 37.54 33.33 32.37 33.91 32.17 32.22 35.39 36.21 38.17 31.04 27.68 26.11 23.54 23.47 21.53 20.83 18.51 18.24 19.26 19.60 19.06 17.18 20.90 24.31 30.05 30.55 32.68 21.96 24.40 28.58 28.76 26.28 28.72 30.23 31.73 31.36 28.74 29.03 32.35 33.60 30.07 33.20 28.53 26.64
-9999 -9999 -9999 -9999 -9999 -9999 -9999 -9999 -9999 -9999 -9999 38.44 57.50 76.06 66.62 53.04 -9999 -9999 57.22 85.31 91.24 110.55 104.99 99.46 91.41 84.65 66.01 58.86 39.75 36.59 33.54 31.54 34.16 31.36 31.41 30.76 33.43 33.65 34.82 35.54 38.28 36.59 32.55 28.84 26.40 22.53 24.00 22.47 19.21 19.02 26.20 24.68 23.55 20.93 20.61 23.42 26.66 27.87 29.83 32.31 25.11 28.44 27.39 26.54 28.90 31.46 29.58 28.12 29.20 27.29 23.98 29.09 31.17 31.04 30.01 27.24 29.42
-9999 -9999 -9999 -9999 -9999 -9999 -9999 -9999 -9999 -9999 -9999 -9999 -9999 -9999 -9999 -9999 -9999 -9999 53.15 60.11 73.30 84.64 89.55 84.88 79.98 73.21 66.13 55.47 47.94 33.90 35.33 32.59 -9999 32.04 31.11 33.01 29.48 37.12 41.36 38.39 38.74 34.98 31.51 26.39 25.97 26.00 28.54 29.99 27.46 25.96 28.49 31.30 28.13 26.84 28.37 26.96 29.24 29.16 28.12 26.74 28.10 27.50 27.96 25.56 30.03 34.17 29.41 29.52 32.06 32.61 29.98 28.84 28.12 30.60 27.90 28.20 27.52
-9999 -9999 -9999 -9999 -9999 -9999 -9999 -9999 -9999 -9999 -9999 -9999 -9999 -9999 -9999 -9999 -9999 -9999 -9999 51.44 52.61 56.87 70.98 65.82 60.72 58.78 53.05 47.96 -9999 -9999 -9999 -9999 35.97 31.54 32.67 34.36 33.32 37.46 45.04 44.10 42.42 34.22 30.80 29.89 27.44 31.49 30.80 35.59 34.14 32.66 33.62 31.83 28.80 28.62 29.44 26.00 28.75 29.49 26.29 27.71 26.84 27.84 28.42 28.83 30.20 28.82 27.90 30.31 34.38 32.54 32.84 31.69 30.51 28.56 26.84 25.89 26.99
-9999 -9999 -9999 -9999 -9999 -9999 -9999 -9999 -9999 -9999 -9999 -9999 -9999 -9999 -9999 -9999 -9999 -9999 -9999 -9999 51.38 55.52 57.15 48.91 52.90 53.71 53.80 -9999 -9999 -9999 -9999 34.87 40.44 38.03 35.98 36.56 29.97 40.11 45.89 41.64 37.61 31.73 30.30 31.41 34.79 35.20 33.85 35.95 35.91 36.94 35.17 30.46 27.53 29.40 27.84 28.54 26.85 27.55 27.72 29.40 29.43 31.11 33.84 32.00 29.88 29.19 28.19 32.53 34.91 39.14 39.25 40.72 29.87 30.60 32.36 27.58 29.86
-9999 -9999 -9999 -9999 -9999 -9999 -9999 -9999 -9999 -9999 -9999 -9999 -9999 -9999 -9999 -9999 -9999 -9999 -9999 -9999 -9999 45.74 33.68 24.39 42.30 44.65 46.35 -9999 -9999 -9999 43.24 36.71 37.84 38.42 45.53 47.26 40.80 38.61 39.23 43.06 37.07 31.12 32.82 38.36 39.47 36.08 39.41 37.55 35.08 34.79 33.63 31.45 34.28 28.94 29.19 29.63 29.02 26.09 30.07 30.85 34.37 35.47 35.79 35.97 31.55 29.32 29.82 35.70 41.80 42.24 43.70 38.18 35.43 31.82 34.04 29.56 31.64
-9999 -9999 -9999 -9999 -9999 -9999 -9999 -9999 -9999 -9999 -9999 -9999 -9999 -9999 -9999 -9999 -9999 -9999 -9999 -9999 -9999 -9999 -9999 -9999 -9999 -9999 -9999 -9999 -9999 43.47 41.34 36.54 41.07 47.12 48.63 47.33 43.67 41.07 39.49 38.33 33.18 31.59 30.13 34.62 36.55 36.17 37.59 38.10 37.42 34.51 40.38 36.63 34.65 32.36 33.41 33.29 30.23 30.76 31.99 33.09 35.70 35.23 30.17 31.62 31.51 32.07 36.04 36.31 40.55 44.43 46.81 44.24 39.83 31.71 36.15 32.73 38.82
-9999 -9999 -9999 -9999 -9999 -9999 -9999 -9999 -9999 -9999 -9999 -9999 -9999 -9999 -9999 -9999 -9999 -9999 -9999 -9999 -9999 -9999 -9999 -9999 -9999 -9999 -9999 -9999 -9999 38.12 46.20 48.86 63.98 61.31 65.85 54.14 49.18 42.95 40.31 34.92 31.37 31.08 31.40 30.78 33.93 37.34 44.36 39.24 42.12 38.25 38.71 42.61 37.77 37.31 36.70 38.14 35.78 32.61 33.23 35.65 35.36 33.29 31.66 32.42 29.42 34.46 37.13 37.87 40.84 47.87 43.81 41.46 42.01 37.13 38.12 33.60 39.27
-9999 -9999 -9999 -9999 -9999 -9999 -9999 -9999 -9999 -9999 -9999 -9999 -9999 -9999 -9999 -9999 -9999 -9999 -9999 -9999 -9999 -9999 -9999 -9999 -9999 -9999 -9999 -9999 -9999 35.31 39.16 51.44 57.41 60.11 65.18 64.72 57.95 49.86 44.26 39.03 36.32 39.37 36.90 34.65 38.22 39.04 38.57 37.78 38.95 41.36 39.22 39.15 36.41 37.00 40.34 38.74 37.38 35.73 36.73 38.97 36.21 38.32 31.82 30.68 32.17 45.11 44.83 40.93 43.45 42.54 44.88 38.08 47.33 40.97 39.68 40.77 37.11
-9999 -9999 -9999 -9999 -9999 -9999 -9999 -9999 -9999 -9999 -9999 -9999 54.85 65.84 48.56 75.24 92.49 93.89 104.91 93.78 62.65 52.19 39.63 -9999 -9999 -9999 -9999 -9999 -9999 34.18 36.29 44.71 43.76 51.29 61.51 59.14 65.00 54.33 44.77 39.08 40.55 42.37 36.32 35.62 38.29 31.49 32.86 36.53 37.82 40.10 38.68 43.22 39.64 40.92 48.27 49.39 45.40 39.25 42.58 46.68 43.18 40.83 35.90 34.59 40.43 41.22 41.42 40.50 38.85 41.68 48.22 38.70 36.35 35.26 35.67 37.16 35.18
-9999 -9999 -9999 -9999 -9999 -9999 -9999 -9999 -9999 -9999 -9999 -9999 64.45 65.63 75.03 66.69 113.62 140.45 98.92 110.63 74.47 58.30 50.50 40.70 33.27 33.16 32.34 31.12 26.42 30.98 31.26 37.65 39.63 44.97 48.02 55.43 58.19 55.36 44.55 47.89 49.58 43.11 41.39 40.97 32.98 31.52 36.53 37.17 40.08 39.63 42.22 40.40 43.14 45.54 47.74 45.93 50.19 49.67 46.65 46.02 42.07 42.20 40.67 39.80 51.37 43.66 43.61 48.81 44.02 45.73 41.70 39.40 40.34 34.89 38.26 38.88 39.20
-9999 -9999 -9999 -9999 -9999 -9999 -9999 -9999 -9999 -9999 -9999 34.35 65.25 67.37 84.99 100.41 84.66 130.14 128.60 107.81 99.10 84.93 66.91 42.78 43.97 38.65 42.08 34.21 30.18 26.23 29.05 29.68 32.86 40.08 46.20 47.57 49.55 46.67 55.90 49.17 54.51 51.93 43.44 41.90 35.37 39.17 38.50 38.43 41.48 42.70 48.72 47.84 45.19 43.73 45.09 51.55 45.94 50.78 47.00 43.79 49.53 44.50 55.55 41.24 42.92 43.80 41.79 43.99 45.18 42.00 43.97 41.51 39.05 40.97 45.94 40.58 39.08
-9999 -9999 -9999 -9999 -9999 -9999 -9999 -9999 -9999 -9999 -9999 -9999 58.94 66.47 81.07 82.44 106.51 115.70 133.89 102.17 85.80 81.13 77.11 58.37 44.15 40.02 35.07 36.23 30.54 26.23 23.90 20.91 30.62 31.55 35.64 39.16 45.14 50.13 49.45 48.87 53.95 55.20 45.09 44.21 54.67 51.95 41.71 42.54 43.97 42.25 43.58 46.66 51.11 45.89 46.93 50.94 53.87 55.88 53.99 48.48 49.57 48.16 45.97 40.43 38.30 40.25 38.10 39.80 46.37 46.52 45.51 48.68 47.26 45.55 44.89 43.42 39.25
-9999 -9999 -9999 -9999 -9999 -9999 -9999 -9999 64.91 -9999 -9999 53.79 52.55 68.47 69.09 78.25 86.81 82.63 90.99 79.44 74.25 73.13 73.77 62.37 38.26 44.64 38.53 32.05 31.00 24.97 26.88 24.96 33.73 30.33 29.51 32.51 48.80 52.17 52.83 48.35 48.08 46.62 62.04 57.82 57.18 53.25 43.68 38.68 44.88 44.52 48.64 43.09 47.24 50.87 47.00 54.31 55.04 59.61 50.28 49.70 48.65 47.21 44.68 42.25 39.16 39.58 41.03 40.63 40.45 44.27 46.92 49.78 45.00 44.48 43.65 41.47 39.69
-9999 -9999 -9999 -9999 -9999 -9999 -9999 71.50 84.21 96.49 92.68 72.55 68.78 77.56 74.32 62.66 71.45 66.78 77.41 74.82 78.07 76.52 67.23 64.98 49.30 42.74 40.80 34.73 37.18 33.15 29.27 26.75 32.87 31.75 32.98 48.32 47.31 47.64 49.24 51.61 47.75 47.74 52.43 74.21 60.96 54.97 48.32 45.92 48.85 49.55 45.22 46.12 48.56 49.02 50.03 53.25 51.07 48.54 57.14 48.44 43.88 47.95 49.65 43.54 40.21 38.18 39.92 37.95 37.00 35.86 44.08 44.01 44.20 34.42 38.72 44.81 40.99
-9999 -9999 -9999 -9999 -9999 -9999 -9999 75.98 81.28 87.83 90.55 77.18 78.01 74.74 76.82 81.59 76.75 68.09 73.51 72.87 74.93 69.57 64.29 60.62 53.31 54.25 55.75 46.42 43.48 55.64 33.38 38.58 40.51 42.03 44.06 46.54 49.71 51.79 51.76 51.68 61.06 60.83 54.61 58.84 58.40 56.12 54.84 53.29 50.63 46.66 41.25 45.37 43.03 46.42 48.27 51.00 55.42 54.82 53.25 54.17 47.35 50.64 46.91 47.26 41.93 40.07 40.59 36.40 33.41 40.32 40.02 43.25 35.33 31.97 34.71 36.21 33.30
-9999 -9999 -9999 -9999 -9999 -9999 -9999 77.72 89.98 90.32 91.32 80.90 87.02 84.40 82.46 83.62 72.18 64.50 69.08 64.81 68.31 64.94 59.30 50.10 47.85 57.28 57.63 64.15 56.85 53.41 45.01 57.51 46.25 54.38 57.43 64.16 59.04 56.90 55.65 58.95 62.49 61.76 61.03 63.76 57.30 60.92 59.17 53.61 55.64 54.44 44.30 44.47 46.17 41.76 48.46 46.76 51.24 47.94 45.97 50.35 48.08 46.97 53.86 44.29 52.65 46.10 37.18 37.07 47.50 44.72 45.76 40.29 38.19 33.55 30.18 33.96 26.01
-9999 -9999 -9999 -9999 -9999 -9999 -9999 63.69 81.78 81.58 86.80 77.55 84.85 80.97 77.99 75.26 74.07 61.05 65.12 61.54 57.53 56.06 56.37 47.86 47.82 61.74 62.30 72.76 71.99 80.36 60.45 57.27 53.52 53.01 59.26 55.51 57.30 66.70 60.14 63.09 57.70 60.04 58.96 60.49 53.96 56.05 60.35 52.48 51.98 48.33 47.36 48.73 47.79 46.77 43.74 49.52 42.39 36.61 34.72 38.91 39.04 39.26 38.41 34.66 41.43 38.63 37.89 36.67 38.39 36.86 45.24 38.21 33.71 36.12 33.44 28.57 26.65
-9999 -9999 -9999 -9999 -9999 -9999 -9999 59.91 68.51 66.00 77.96 79.61 78.94 76.01 72.45 71.32 74.16 72.63 55.93 47.89 51.13 48.52 44.97 46.05 48.02 48.06 59.09 69.73 65.27 70.68 77.27 73.99 59.80 52.16 63.80 66.50 68.72 63.28 59.54 61.59 57.55 53.33 53.14 52.78 48.61 48.83 43.45 47.69 49.59 48.56 53.06 46.52 42.90 39.78 38.78 38.58 37.18 36.29 35.43 36.19 37.78 38.50 37.25 33.72 34.75 33.35 30.80 -9999 -9999 31.26 36.07 31.57 33.76 32.42 41.43 35.85 -9999
-9999 -9999 -9999 -9999 -9999 -9999 66.81 63.16 69.43 71.75 71.08 82.31 79.61 78.95 82.86 77.31 82.86 74.17 49.75 45.76 49.87 42.78 42.57 42.07 45.39 52.16 67.05 71.69 60.64 61.31 66.73 59.38 57.71 55.19 61.93 72.25 66.59 61.42 59.10 57.42 57.25 52.22 48.14 49.31 46.59 44.09 42.57 43.90 44.05 45.57 44.83 41.37 42.69 -9999 -9999 36.82 37.13 38.11 34.94 35.15 34.98 39.58 -9999 -9999 -9999 -9999 -9999 -9999 -9999 -9999 -9999 -9999 29.70 31.62 35.06 35.85 -9999
-9999 -9999 -9999 -9999 -9999 70.07 61.12 72.77 68.28 61.08 61.67 61.19 83.24 83.27 98.87 110.55 96.75 64.68 57.66 51.32 54.43 48.01 35.47 40.97 43.45 57.44 60.84 65.63 57.07 66.42 51.59 52.83 60.42 57.17 61.00 64.52 61.22 55.43 58.11 61.58 57.84 48.39 47.98 48.93 47.43 48.13 41.79 36.23 39.84 44.65 -9999 41.07 44.24 40.84 38.38 37.45 -9999 -9999 -9999 -9999 31.81 -9999 -9999 -9999 -9999 -9999 -9999 -9999 -9999 -9999 -9999 -9999 -9999 -9999 -9999 -9999 -9999
-9999 -9999 -9999 -9999 53.75 77.53 75.55 80.32 63.56 57.38 50.42 53.91 52.74 94.93 131.69 149.74 106.51 74.91 68.35 50.13 51.62 43.92 39.73 46.12 43.39 47.54 47.11 45.82 -9999 -9999 -9999 -9999 -9999 53.54 61.46 65.89 66.43 66.59 58.12 56.07 49.92 48.10 49.78 49.65 -9999 -9999 -9999 -9999 -9999 40.47 42.66 46.51 45.72 43.02 44.66 37.49 -9999 -9999 -9999 -9999 -9999 -9999 -9999 -9999 -9999 -9999 -9999 -9999 -9999 -9999 -9999 -9999 -9999 -9999 -9999 -9999 -9999
-9999 -9999 -9999 44.15 46.78 83.42 81.74 90.15 70.02 55.67 46.06 57.48 74.36 94.33 130.40 173.61 122.23 100.77 64.54 55.41 43.11 40.55 33.40 36.85 36.66 -9999 -9999 -9999 -9999 -9999 -9999 -9999 -9999 -9999 51.23 63.28 63.11 69.00 65.09 63.88 54.73 65.36 64.72 64.41 -9999 -9999 -9999 -9999 -9999 -9999 -9999 42.45 45.11 36.43 40.59 -9999 -9999 -9999 -9999 -9999 -9999 -9999 -9999 -9999 -9999 -9999 -9999 -9999 -9999 -9999 -9999 -9999 -9999 -9999 -9999 -9999 -9999
38.44 39.43 40.30 50.61 66.16 75.77 83.11 86.94 76.94 64.10 47.56 62.90 78.03 92.81 130.32 136.29 101.26 95.33 71.87 55.95 48.34 47.58 38.26 -9999 -9999 -9999 -9999 -9999 -9999 -9999 -9999 -9999 -9999 -9999 -9999 -9999 52.58 -9999 -9999 -9999 -9999 56.25 68.42 68.04 -9999 -9999 -9999 -9999 -9999 -9999 -9999 -9999 39.45 45.44 38.91 -9999 -9999 -9999 -9999 -9999 -9999 -9999 -9999 -9999 -9999 -9999 -9999 -9999 -9999 -9999 -9999 -9999 -9999 -9999 -9999 -9999 -9999
42.95 43.24 48.26 56.15 63.83 72.65 78.61 80.24 84.41 68.57 68.02 64.83 63.45 76.88 89.36 111.85 104.44 75.35 65.55 44.21 47.70 42.58 -9999 -9999 -9999 -9999 -9999 -9999 -9999 -9999 -9999 -9999 -9999 -9999 -9999 -9999 50.92 -9999 -9999 -9999 -9999 -9999 -9999 -9999 -9999 -9999 -9999 -9999 -9999 -9999 -9999 -9999 -9999 -9999 -9999 -9999 -9999 -9999 -9999 -9999 -9999 -9999 -9999 -9999 -9999 -9999 -9999 -9999 -9999 -9999 -9999 -9999 -9999 -9999 -9999 -9999 -9999
45.63 51.13 56.73 58.03 55.09 67.08 70.37 71.72 71.54 69.87 74.95 64.26 71.39 71.86 84.73 109.60 125.46 90.39 65.93 47.69 45.75 42.94 -9999 -9999 -9999 -9999 -9999 -9999 -9999 -9999 -9999 -9999 -9999 -9999 -9999 -9999 -9999 -9999 -9999 -9999 -9999 -9999 -9999 -9999 -9999 -9999 -9999 -9999 -9999 -9999 -9999 -9999 -9999 -9999 -9999 -9999 -9999 -9999 -9999 -9999 -9999 -9999 -9999 -9999 -9999 -9999 -9999 -9999 -9999 -9999 -9999 -9999 -9999 -9999 -9999 -9999 -9999
43.80 51.42 60.78 63.12 63.70 66.39 65.90 64.03 61.85 68.58 95.03 72.26 56.31 65.64 78.95 127.41 101.78 85.42 63.92 49.05 49.61 35.63 -9999 -9999 -9999 -9999 -9999 -9999 -9999 -9999 -9999 -9999 -9999 -9999 -9999 -9999 -9999 -9999 -9999 -9999 -9999 -9999 -9999 -9999 -9999 -9999 -9999 -9999 -9999 -9999 -9999 -9999 -9999 -9999 -9999 -9999 -9999 -9999 -9999 -9999 -9999 -9999 -9999 -9999 -9999 -9999 -9999 -9999 -9999 -9999 -9999 -9999 -9999 -9999 -9999 -9999 -9999
