Rainfall_2007-2011/Rainfall_2011-10_ACTUAL.txt
ncols         180
nrows         290
xllcorner     -200000
yllcorner     -200000
cellsize      5000
NODATA_value  -9999
[rows 68 to 101 of 290, columns 75 to 149 of 180]
-9999 -9999 -9999 -9999 -9999 146.41 237.72 217.47 247.50 231.70 224.73 198.40 213.32 174.17 154.90 135.37 116.54 110.53 93.00 87.23 88.75 83.06 78.88 54.22 -9999 -9999 -9999 -9999 -9999 -9999 -9999 -9999 -9999 -9999 -9999 -9999 -9999 -9999 -9999 -9999 -9999 -9999 -9999 -9999 -9999 -9999 -9999 -9999 -9999 -9999 -9999 -9999 -9999 -9999 -9999 -9999 -9999 -9999 -9999 -9999 -9999 -9999 -9999 -9999 -9999 -9999 -9999 -9999 -9999 -9999 -9999 -9999 -9999 -9999 -9999
-9999 -9999 -9999 -9999 -9999 -9999 181.19 217.84 185.48 194.44 227.34 176.12 157.46 143.07 111.55 110.51 91.59 101.15 100.43 71.58 76.39 64.77 57.32 -9999 -9999 -9999 -9999 -9999 -9999 -9999 -9999 -9999 -9999 -9999 -9999 -9999 -9999 -9999 -9999 -9999 -9999 -9999 -9999 -9999 -9999 -9999 -9999 -9999 -9999 -9999 -9999 -9999 -9999 -9999 -9999 -9999 -9999 -9999 -9999 -9999 -9999 -9999 -9999 -9999 -9999 -9999 -9999 -9999 -9999 -9999 -9999 -9999 -9999 -9999 -9999
-9999 -9999 174.45 -9999 -9999 193.36 192.08 195.00 206.91 203.92 194.14 177.64 154.05 154.30 114.15 91.79 76.72 89.74 87.84 70.21 49.98 52.21 -9999 -9999 -9999 -9999 -9999 -9999 -9999 -9999 -9999 -9999 -9999 -9999 -9999 -9999 -9999 -9999 -9999 -9999 -9999 -9999 -9999 -9999 -9999 -9999 -9999 -9999 -9999 -9999 -9999 -9999 -9999 -9999 -9999 -9999 -9999 -9999 -9999 -9999 -9999 -9999 -9999 -9999 -9999 -9999 -9999 -9999 -9999 -9999 -9999 -9999 -9999 -9999 -9999
163.01 191.90 189.60 147.66 221.73 219.06 260.75 182.39 241.95 217.78 204.14 200.41 184.75 155.83 137.87 82.97 78.57 71.40 84.34 67.09 54.71 44.73 -9999 -9999 -9999 -9999 -9999 -9999 -9999 -9999 -9999 -9999 -9999 -9999 -9999 -9999 -9999 -9999 -9999 -9999 -9999 -9999 -9999 -9999 -9999 -9999 -9999 -9999 -9999 -9999 -9999 -9999 -9999 -9999 -9999 -9999 -9999 -9999 -9999 -9999 -9999 -9999 -9999 -9999 -9999 -9999 -9999 -9999 -9999 -9999 -9999 -9999 -9999 -9999 -9999
207.92 198.26 190.33 187.70 237.56 276.87 336.31 298.95 200.15 241.97 246.70 228.55 210.94 160.75 155.69 138.05 83.22 68.44 62.70 53.72 45.56 -9999 -9999 37.87 -9999 -9999 -9999 -9999 -9999 -9999 -9999 -9999 -9999 -9999 -9999 -9999 -9999 -9999 -9999 -9999 -9999 -9999 -9999 -9999 -9999 -9999 -9999 -9999 -9999 -9999 -9999 -9999 -9999 -9999 -9999 -9999 -9999 -9999 -9999 -9999 -9999 -9999 -9999 -9999 -9999 -9999 -9999 -9999 -9999 -9999 -9999 -9999 -9999 -9999 -9999
202.42 202.13 193.65 222.29 276.91 248.75 343.41 265.10 257.17 268.22 272.02 280.54 235.69 193.54 178.52 137.62 103.14 104.94 72.32 62.70 45.67 43.05 41.83 36.22 -9999 -9999 -9999 -9999 -9999 -9999 -9999 -9999 -9999 -9999 -9999 -9999 -9999 -9999 -9999 -9999 -9999 -9999 -9999 -9999 -9999 -9999 -9999 -9999 -9999 -9999 -9999 -9999 -9999 -9999 -9999 -9999 -9999 -9999 -9999 -9999 -9999 -9999 -9999 -9999 -9999 -9999 -9999 -9999 -9999 -9999 -9999 -9999 -9999 -9999 -9999
170.18 220.96 214.35 259.00 264.85 305.03 282.08 265.05 249.46 247.03 238.95 257.65 203.06 167.75 175.90 127.73 104.88 87.60 61.44 63.20 45.82 41.69 40.26 -9999 -9999 -9999 -9999 -9999 -9999 -9999 -9999 -9999 -9999 -9999 -9999 -9999 -9999 -9999 -9999 -9999 -9999 -9999 -9999 -9999 -9999 -9999 -9999 -9999 -9999 -9999 -9999 -9999 -9999 -9999 -9999 -9999 -9999 -9999 -9999 -9999 -9999 -9999 -9999 -9999 -9999 -9999 -9999 -9999 -9999 -9999 -9999 -9999 -9999 -9999 -9999
172.16 234.05 243.61 245.77 334.79 319.03 324.33 286.05 286.14 333.88 262.60 212.27 176.58 186.21 177.89 144.06 122.87 86.84 68.80 52.30 46.65 55.94 -9999 -9999 -9999 -9999 -9999 -9999 -9999 -9999 -9999 -9999 -9999 -9999 -9999 -9999 -9999 -9999 -9999 -9999 -9999 -9999 -9999 -9999 -9999 -9999 -9999 -9999 -9999 -9999 -9999 -9999 -9999 -9999 -9999 -9999 -9999 -9999 -9999 -9999 -9999 -9999 -9999 -9999 -9999 -9999 -9999 -9999 -9999 -9999 -9999 -9999 -9999 -9999 -9999
219.13 261.04 291.61 283.79 271.46 326.61 318.95 290.89 265.80 255.37 224.19 235.90 170.68 150.48 205.93 149.76 96.61 66.40 61.39 52.66 54.05 -9999 -9999 -9999 -9999 -9999 -9999 42.01 45.98 45.38 43.03 -9999 -9999 43.68 52.07 50.04 49.38 49.15 -9999 -9999 -9999 57.05 -9999 71.40 70.43 -9999 -9999 -9999 -9999 -9999 -9999 -9999 -9999 -9999 -9999 -9999 -9999 -9999 -9999 -9999 -9999 -9999 -9999 -9999 -9999 -9999 -9999 -9999 -9999 -9999 -9999 -9999 -9999 -9999 -9999
198.44 241.58 312.23 303.49 331.57 287.20 293.85 266.86 275.67 219.05 189.69 156.04 158.57 162.29 146.14 111.00 81.43 72.57 70.52 63.10 49.82 -9999 -9999 -9999 45.47 40.92 38.94 41.82 46.54 43.78 41.20 53.57 61.23 58.93 64.43 62.84 58.36 59.18 53.29 62.47 72.23 77.62 76.59 75.10 69.99 73.25 -9999 -9999 -9999 -9999 -9999 -9999 -9999 -9999 -9999 -9999 -9999 -9999 -9999 -9999 -9999 -9999 -9999 -9999 -9999 -9999 -9999 -9999 -9999 -9999 -9999 -9999 -9999 -9999 -9999
166.00 211.29 282.36 367.04 399.93 311.33 265.95 281.60 243.60 231.40 205.83 189.68 133.98 82.95 107.92 98.80 61.76 75.92 62.98 64.29 50.06 52.61 53.30 47.62 47.25 44.40 45.41 56.00 48.79 42.85 49.02 53.90 70.00 68.19 75.06 71.86 62.09 74.55 71.66 67.33 72.34 83.59 83.23 83.59 90.97 76.19 80.45 -9999 -9999 -9999 -9999 -9999 -9999 -9999 -9999 -9999 -9999 -9999 -9999 -9999 -9999 -9999 -9999 -9999 -9999 -9999 -9999 -9999 -9999 -9999 -9999 -9999 -9999 -9999 -9999
231.87 293.75 377.71 351.62 421.60 332.65 315.96 300.12 249.45 214.18 176.32 203.64 162.38 143.32 103.16 79.77 78.37 64.21 56.04 -9999 48.56 53.54 54.66 42.50 50.35 54.10 51.53 55.89 63.83 62.37 61.09 51.35 56.64 63.11 59.27 64.31 78.22 75.94 79.61 71.29 78.44 87.76 93.85 107.91 95.79 93.91 88.76 85.90 -9999 -9999 -9999 -9999 -9999 -9999 -9999 -9999 -9999 -9999 -9999 -9999 -9999 -9999 -9999 -9999 -9999 -9999 -9999 -9999 -9999 -9999 -9999 -9999 -9999 -9999 -9999
300.23 360.73 326.51 409.70 426.52 379.57 343.72 305.87 294.83 259.26 213.38 186.90 179.59 136.07 114.79 69.48 56.41 59.74 55.59 47.72 53.48 77.54 71.44 52.23 54.84 65.58 66.61 64.04 73.95 69.68 62.48 55.69 63.61 71.10 68.96 63.32 64.21 80.49 73.55 68.52 79.34 90.81 112.00 112.51 89.00 97.81 88.91 86.84 -9999 -9999 -9999 -9999 -9999 -9999 -9999 -9999 -9999 -9999 -9999 -9999 -9999 -9999 -9999 -9999 -9999 -9999 -9999 -9999 -9999 -9999 -9999 -9999 -9999 -9999 -9999
480.08 335.29 326.34 309.58 354.59 338.20 306.52 298.70 243.68 249.49 234.55 212.98 174.46 134.13 105.64 80.09 91.23 76.97 63.83 71.55 75.90 90.38 81.72 62.62 65.40 68.32 78.20 75.51 61.34 62.93 60.47 54.36 67.27 62.69 70.50 66.08 61.68 63.99 73.15 60.43 80.76 84.05 114.19 126.35 116.84 99.91 96.32 91.30 -9999 -9999 -9999 -9999 -9999 -9999 -9999 -9999 -9999 -9999 -9999 -9999 -9999 -9999 -9999 -9999 -9999 -9999 -9999 -9999 -9999 -9999 -9999 -9999 -9999 -9999 -9999
365.73 304.13 273.46 347.43 353.89 362.94 301.31 280.15 237.19 192.09 173.51 200.05 180.24 165.40 141.06 114.38 126.39 76.33 84.15 78.29 89.42 114.93 106.21 65.83 52.46 63.86 79.46 62.90 57.47 81.08 61.25 62.55 75.68 62.18 70.96 63.75 64.86 74.08 67.59 64.98 77.16 79.71 83.92 96.12 106.50 100.81 93.93 -9999 -9999 -9999 -9999 -9999 -9999 -9999 -9999 -9999 -9999 -9999 -9999 -9999 -9999 -9999 -9999 -9999 -9999 -9999 -9999 -9999 -9999 -9999 -9999 -9999 -9999 -9999 -9999
249.05 281.84 264.54 301.90 340.11 391.04 340.97 342.32 277.95 248.29 201.48 167.80 137.60 142.79 136.50 140.90 86.85 95.32 84.40 121.46 114.30 103.85 127.23 82.15 62.76 64.91 62.74 61.80 79.13 81.96 70.03 66.45 69.75 75.37 71.89 58.96 74.25 69.45 64.71 66.65 82.17 73.38 70.15 69.18 76.99 93.02 95.10 -9999 -9999 -9999 -9999 -9999 -9999 -9999 -9999 -9999 -9999 -9999 -9999 -9999 -9999 -9999 -9999 -9999 -9999 -9999 -9999 -9999 -9999 -9999 -9999 -9999 -9999 -9999 -9999
296.44 297.39 320.32 348.23 300.70 338.99 348.93 329.92 318.80 287.93 206.96 195.88 159.45 174.90 145.78 110.35 120.79 110.17 108.55 125.82 123.71 107.40 117.63 79.78 68.71 60.75 53.34 86.58 77.93 73.30 94.44 73.84 62.58 68.87 65.69 63.94 64.01 66.76 61.03 65.37 70.44 76.72 69.10 69.11 69.23 76.96 -9999 -9999 -9999 -9999 -9999 -9999 -9999 -9999 -9999 -9999 -9999 -9999 -9999 -9999 -9999 -9999 -9999 -9999 -9999 -9999 -9999 -9999 -9999 -9999 -9999 -9999 -9999 -9999 -9999
362.72 349.59 393.01 393.00 368.87 400.22 423.58 351.96 242.48 271.55 255.72 275.06 258.63 220.08 167.29 127.67 122.17 154.33 160.16 132.81 131.26 112.01 77.32 74.47 74.16 74.27 73.23 56.40 59.68 59.09 74.58 88.79 78.10 89.22 61.26 70.99 61.43 69.69 91.97 70.47 58.95 69.30 73.29 66.89 67.36 -9999 -9999 -9999 -9999 -9999 -9999 -9999 -9999 -9999 -9999 -9999 -9999 -9999 -9999 -9999 -9999 -9999 -9999 -9999 -9999 -9999 -9999 -9999 -9999 -9999 -9999 -9999 -9999 -9999 -9999
319.84 325.94 380.62 457.50 533.11 466.35 445.05 357.88 356.68 321.81 293.92 253.56 232.46 211.55 155.64 137.80 156.32 183.53 155.79 126.70 156.92 111.87 141.31 98.84 66.08 59.79 66.77 69.26 59.92 63.72 81.23 81.92 59.03 67.20 51.28 49.62 43.09 50.25 63.80 61.47 58.33 61.79 66.30 70.09 63.33 -9999 -9999 -9999 -9999 -9999 -9999 -9999 -9999 -9999 -9999 -9999 -9999 -9999 -9999 -9999 -9999 -9999 -9999 -9999 -9999 -9999 -9999 -9999 -9999 -9999 -9999 -9999 -9999 -9999 -9999
339.87 400.97 488.74 539.39 488.88 535.10 495.44 425.32 367.87 302.14 244.75 247.04 251.60 191.72 171.78 177.14 205.66 211.00 196.39 193.82 151.32 157.73 161.50 107.85 110.53 77.86 98.74 78.21 64.85 74.49 72.76 65.93 53.36 53.20 60.33 64.31 49.05 59.56 65.66 62.24 61.68 66.03 68.60 66.94 -9999 -9999 -9999 -9999 -9999 -9999 -9999 -9999 -9999 -9999 -9999 -9999 -9999 -9999 -9999 -9999 -9999 -9999 -9999 -9999 -9999 -9999 -9999 -9999 -9999 -9999 -9999 -9999 -9999 -9999 -9999
429.19 422.94 474.23 435.71 480.96 438.93 516.02 433.18 341.20 338.62 335.03 242.33 177.43 230.76 218.96 212.99 254.32 252.64 225.65 201.78 153.65 109.91 114.98 102.72 101.00 110.77 123.27 90.42 55.83 68.09 67.01 73.06 57.20 54.42 58.90 55.46 52.53 66.93 64.53 69.51 59.76 61.74 71.60 66.69 -9999 -9999 -9999 -9999 -9999 -9999 -9999 -9999 -9999 -9999 -9999 -9999 -9999 -9999 -9999 -9999 -9999 -9999 -9999 -9999 -9999 -9999 -9999 -9999 -9999 -9999 -9999 -9999 -9999 -9999 -9999
383.12 482.69 483.87 494.72 485.07 333.90 409.40 411.66 296.74 251.99 245.80 256.37 269.94 286.57 280.60 269.83 263.43 251.71 207.08 133.13 117.32 116.74 177.01 146.14 193.40 200.07 158.95 125.93 100.24 85.03 69.87 63.30 59.79 47.47 46.41 51.47 49.70 62.46 91.09 76.84 65.41 59.08 61.07 67.68 62.86 -9999 -9999 -9999 -9999 -9999 -9999 -9999 -9999 -9999 -9999 -9999 -9999 -9999 -9999 -9999 -9999 -9999 -9999 -9999 -9999 -9999 -9999 -9999 -9999 -9999 -9999 -9999 -9999 -9999 -9999
431.15 593.46 554.60 532.47 565.13 431.99 445.64 434.89 367.06 355.59 354.45 360.97 311.65 312.19 255.14 215.49 199.62 204.79 179.10 115.89 134.54 133.40 172.70 214.10 179.62 219.15 178.36 143.80 114.18 83.85 75.49 70.72 59.40 44.24 47.83 44.55 46.33 58.86 59.61 57.75 60.96 75.15 75.96 67.79 -9999 -9999 -9999 -9999 -9999 -9999 -9999 -9999 -9999 -9999 -9999 -9999 -9999 -9999 -9999 -9999 -9999 -9999 -9999 -9999 -9999 -9999 -9999 -9999 -9999 -9999 -9999 -9999 -9999 -9999 -9999
441.91 609.18 586.21 601.06 529.84 431.67 392.61 379.10 418.05 424.93 379.79 313.09 299.48 274.86 268.40 200.41 171.72 154.74 133.48 149.85 163.32 167.05 187.31 191.18 201.61 154.72 141.82 117.66 78.68 62.60 68.85 81.77 86.62 70.60 61.48 77.00 61.22 45.49 62.20 74.69 77.03 84.23 76.71 -9999 -9999 -9999 -9999 -9999 -9999 -9999 -9999 -9999 -9999 -9999 -9999 -9999 -9999 -9999 -9999 -9999 -9999 -9999 -9999 -9999 -9999 -9999 -9999 -9999 -9999 -9999 -9999 -9999 -9999 -9999 -9999
420.98 561.38 592.49 581.10 581.10 470.35 374.14 373.59 349.66 319.95 387.47 359.90 351.37 363.97 208.80 219.14 195.76 202.48 172.61 189.84 181.08 189.63 168.84 172.38 166.71 153.72 130.29 161.78 133.61 123.53 110.97 87.11 106.11 124.43 106.63 96.48 77.66 76.92 82.90 80.87 73.44 78.43 75.12 -9999 -9999 -9999 -9999 -9999 -9999 -9999 -9999 -9999 -9999 -9999 -9999 -9999 -9999 -9999 -9999 -9999 -9999 -9999 -9999 -9999 -9999 -9999 -9999 -9999 -9999 -9999 -9999 -9999 -9999 -9999 -9999
412.56 454.09 557.51 568.17 418.17 397.07 448.33 348.74 333.74 295.46 280.97 292.35 258.06 238.95 227.30 290.89 266.73 218.94 264.94 223.82 217.87 216.88 213.57 200.36 183.58 167.99 166.05 163.86 146.26 158.22 106.95 117.64 119.67 89.68 89.21 102.47 87.22 82.72 88.70 68.65 73.43 75.63 68.02 -9999 -9999 -9999 -9999 -9999 -9999 -9999 -9999 -9999 -9999 -9999 -9999 -9999 -9999 -9999 -9999 -9999 -9999 -9999 -9999 -9999 -9999 -9999 -9999 -9999 -9999 -9999 -9999 -9999 -9999 -9999 -9999
534.33 445.40 493.53 479.80 362.04 351.09 367.83 325.90 331.33 308.03 326.07 241.13 270.64 270.28 305.07 288.55 238.63 210.47 258.77 218.07 235.79 178.85 210.75 189.88 154.84 206.34 194.65 177.18 178.73 178.66 164.53 154.31 139.55 119.69 95.51 78.69 82.64 87.64 88.84 74.31 69.73 77.05 56.56 -9999 -9999 -9999 -9999 -9999 -9999 -9999 -9999 -9999 -9999 -9999 -9999 -9999 -9999 -9999 -9999 -9999 -9999 -9999 -9999 -9999 -9999 -9999 -9999 -9999 -9999 -9999 -9999 -9999 -9999 -9999 -9999
468.87 423.00 516.10 442.99 460.52 489.90 391.99 389.68 547.23 497.34 441.10 331.67 356.92 335.65 334.56 315.71 292.36 236.95 229.72 218.37 198.62 136.20 192.92 166.84 188.90 158.80 169.65 146.66 144.94 160.04 153.76 110.85 118.31 124.24 99.89 115.29 82.35 69.30 71.03 67.29 81.22 64.23 -9999 -9999 -9999 -9999 -9999 -9999 -9999 -9999 -9999 -9999 -9999 -9999 -9999 -9999 -9999 -9999 -9999 -9999 -9999 -9999 -9999 -9999 -9999 -9999 -9999 -9999 -9999 -9999 -9999 -9999 -9999 -9999 -9999
465.29 432.63 497.60 499.95 488.32 450.19 478.11 522.36 508.41 578.17 497.04 390.21 318.45 342.22 316.22 290.45 275.16 224.11 200.61 200.70 156.10 143.88 144.35 158.40 165.08 155.22 162.06 124.68 119.68 118.36 118.52 110.63 97.43 107.20 101.75 76.15 69.47 54.72 61.02 72.24 67.03 -9999 -9999 -9999 -9999 -9999 -9999 -9999 -9999 -9999 -9999 -9999 -9999 -9999 -9999 -9999 -9999 -9999 -9999 -9999 -9999 -9999 -9999 -9999 -9999 -9999 -9999 -9999 -9999 -9999 -9999 -9999 -9999 -9999 -9999
485.22 435.61 491.42 483.22 469.87 395.43 463.89 516.30 447.13 548.51 488.37 444.22 339.44 315.34 246.63 229.03 213.55 179.52 222.13 164.94 161.46 135.60 135.16 103.91 152.69 136.40 118.84 105.91 124.38 107.21 104.88 86.41 93.86 90.46 77.38 65.52 68.62 67.47 61.39 58.83 -9999 -9999 -9999 -9999 -9999 -9999 -9999 -9999 -9999 -9999 -9999 -9999 -9999 -9999 -9999 -9999 -9999 -9999 -9999 -9999 -9999 -9999 -9999 -9999 -9999 -9999 -9999 -9999 -9999 -9999 -9999 -9999 -9999 -9999 -9999
503.00 554.31 581.28 451.86 432.09 523.17 476.56 491.54 551.72 516.96 489.71 412.04 363.91 239.93 206.73 170.73 173.82 151.27 154.16 178.63 143.98 144.03 133.00 92.61 116.03 123.45 107.14 96.49 105.75 98.18 87.11 82.63 80.83 74.83 75.41 59.38 69.21 66.87 55.95 60.00 -9999 -9999 -9999 -9999 -9999 -9999 -9999 -9999 -9999 -9999 -9999 -9999 -9999 -9999 -9999 -9999 -9999 -9999 -9999 -9999 -9999 -9999 -9999 -9999 -9999 -9999 -9999 -9999 -9999 -9999 -9999 -9999 -9999 -9999 -9999
505.81 560.12 494.76 -9999 451.15 576.92 567.18 576.14 500.05 521.78 493.87 386.85 323.97 271.90 248.57 253.91 230.36 217.18 249.31 211.03 155.97 145.20 113.12 99.25 80.95 96.96 107.39 96.53 90.76 86.19 66.70 66.83 73.43 71.01 69.92 64.08 65.17 71.23 68.74 -9999 -9999 -9999 -9999 -9999 -9999 -9999 -9999 -9999 -9999 -9999 -9999 -9999 -9999 -9999 -9999 -9999 -9999 -9999 -9999 -9999 -9999 -9999 -9999 -9999 -9999 -9999 -9999 -9999 -9999 -9999 -9999 -9999 -9999 -9999 -9999
463.59 430.25 -9999 335.95 384.85 461.38 523.73 491.46 520.71 550.74 447.94 416.65 358.82 341.60 324.68 297.74 262.15 199.21 183.40 152.64 145.53 151.71 134.54 117.77 94.36 81.19 90.15 85.59 77.53 76.68 63.62 61.32 80.56 76.05 71.16 68.66 72.37 64.87 62.32 -9999 -9999 -9999 -9999 -9999 -9999 -9999 -9999 -9999 -9999 -9999 -9999 -9999 -9999 -9999 -9999 -9999 -9999 -9999 -9999 -9999 -9999 -9999 -9999 -9999 -9999 -9999 -9999 -9999 -9999 -9999 -9999 -9999 -9999 -9999 -9999
378.24 -9999 317.96 271.37 371.25 578.95 534.49 608.24 494.67 447.98 378.05 435.53 411.72 338.42 346.41 278.92 321.14 320.28 232.56 150.54 163.47 198.23 163.48 113.59 104.29 84.05 85.46 69.64 65.01 65.59 67.50 80.38 84.00 88.35 82.84 79.02 74.51 66.23 56.19 -9999 -9999 -9999 -9999 -9999 -9999 -9999 -9999 -9999 -9999 -9999 -9999 -9999 -9999 -9999 -9999 -9999 -9999 -9999 -9999 -9999 -9999 -9999 -9999 -9999 -9999 -9999 -9999 -9999 -9999 -9999 -9999 -9999 -9999 -9999 -9999
