Rainfall_2007-2011/Rainfall_2011-03_ACTUAL.txt
ncols         180
nrows         290
xllcorner     -200000
yllcorner     -200000
cellsize      5000
NODATA_value  -9999
[rows 102 to 135 of 290, columns 77 to 153 of 180]
-9999 103.59 133.00 176.94 152.44 193.18 178.72 190.41 183.18 217.25 212.63 239.14 189.16 144.08 154.69 126.65 102.44 114.98 131.11 147.70 126.67 102.73 92.36 85.73 76.41 68.01 64.06 63.94 88.97 83.41 81.00 78.50 76.86 74.85 81.40 65.06 -9999 -9999 -9999 -9999 -9999 -9999 -9999 -9999 -9999 -9999 -9999 -9999 -9999 -9999 -9999 -9999 -9999 -9999 -9999 -9999 -9999 -9999 -9999 -9999 -9999 -9999 -9999 -9999 -9999 -9999 -9999 -9999 -9999 -9999 -9999 -9999 -9999 -9999 -9999 -9999 -9999
90.62 94.22 117.18 113.34 173.30 193.20 152.97 168.79 201.89 194.08 224.30 238.42 181.65 160.45 129.14 140.23 120.22 134.19 125.00 114.61 143.34 139.69 102.86 84.07 75.27 71.17 71.01 82.58 76.47 73.89 69.09 63.61 66.67 63.58 -9999 -9999 -9999 -9999 -9999 -9999 -9999 -9999 -9999 -9999 -9999 -9999 -9999 -9999 -9999 -9999 -9999 -9999 -9999 -9999 -9999 -9999 -9999 -9999 -9999 -9999 -9999 -9999 -9999 -9999 -9999 -9999 -9999 -9999 -9999 -9999 -9999 -9999 -9999 -9999 -9999 -9999 -9999
111.49 129.69 156.74 142.15 145.02 148.34 123.46 152.36 182.25 185.98 159.59 159.94 151.95 154.57 166.75 98.23 105.53 107.51 126.09 135.11 120.61 120.28 95.11 82.01 79.37 68.51 69.24 65.57 63.74 60.98 58.70 64.78 70.14 -9999 -9999 -9999 -9999 -9999 -9999 -9999 -9999 -9999 -9999 -9999 -9999 -9999 -9999 -9999 -9999 -9999 -9999 -9999 -9999 -9999 -9999 -9999 -9999 -9999 -9999 -9999 -9999 -9999 -9999 -9999 -9999 -9999 -9999 -9999 -9999 -9999 -9999 -9999 -9999 -9999 -9999 -9999 -9999
140.27 141.38 154.88 134.26 145.42 155.00 166.94 178.52 165.84 176.64 167.89 188.27 168.06 152.97 131.02 120.87 126.23 118.07 116.72 89.92 87.51 96.30 81.03 76.13 72.82 58.72 64.89 57.33 62.42 76.23 60.26 67.23 67.11 -9999 -9999 -9999 -9999 -9999 -9999 -9999 -9999 -9999 -9999 -9999 -9999 -9999 -9999 -9999 -9999 -9999 -9999 -9999 -9999 -9999 -9999 -9999 -9999 -9999 -9999 -9999 -9999 -9999 -9999 -9999 -9999 -9999 -9999 -9999 -9999 -9999 -9999 -9999 -9999 -9999 -9999 -9999 -9999
145.29 153.97 159.49 159.36 178.23 167.37 165.27 164.34 202.42 173.93 180.64 161.88 189.02 164.10 160.40 179.59 141.59 121.75 137.93 124.84 98.07 95.95 82.38 80.97 60.54 68.44 68.05 65.91 67.67 63.49 59.32 61.31 72.85 70.09 -9999 -9999 -9999 -9999 -9999 -9999 -9999 -9999 -9999 -9999 -9999 -9999 -9999 -9999 -9999 -9999 -9999 -9999 -9999 -9999 -9999 -9999 -9999 -9999 -9999 -9999 -9999 -9999 -9999 -9999 -9999 -9999 -9999 -9999 -9999 -9999 -9999 -9999 -9999 -9999 -9999 -9999 -9999
142.78 167.40 153.79 160.42 153.44 139.26 146.69 195.92 236.90 160.05 187.24 181.37 158.30 143.69 172.09 146.65 150.82 173.02 130.01 151.88 116.74 96.97 106.26 113.68 92.40 100.53 102.04 78.27 73.98 69.63 77.48 77.17 88.06 89.16 88.10 -9999 -9999 -9999 -9999 -9999 -9999 -9999 -9999 -9999 -9999 -9999 -9999 -9999 -9999 -9999 -9999 -9999 -9999 -9999 -9999 -9999 -9999 -9999 -9999 -9999 -9999 -9999 -9999 -9999 -9999 -9999 -9999 -9999 -9999 -9999 -9999 -9999 -9999 -9999 -9999 -9999 -9999
140.93 161.29 176.69 165.78 161.06 154.02 162.19 184.84 218.14 160.60 143.24 151.39 151.76 136.29 146.46 123.54 117.80 105.40 104.40 117.21 129.46 140.40 158.77 131.28 115.50 99.62 100.56 114.32 94.70 95.41 78.31 92.71 101.49 91.71 83.53 71.25 -9999 -9999 -9999 -9999 -9999 -9999 -9999 -9999 -9999 -9999 -9999 -9999 -9999 -9999 -9999 -9999 -9999 -9999 -9999 -9999 -9999 -9999 -9999 -9999 -9999 -9999 -9999 -9999 -9999 -9999 -9999 -9999 -9999 -9999 -9999 -9999 -9999 -9999 -9999 -9999 -9999
123.31 162.16 217.04 152.49 152.15 164.07 195.27 174.72 141.47 134.96 144.39 118.66 146.43 139.20 140.96 110.66 105.48 93.77 89.71 128.13 176.26 197.88 157.79 131.91 105.62 89.17 96.95 129.51 88.57 85.37 77.88 69.42 80.35 75.08 69.38 -9999 -9999 -9999 -9999 -9999 -9999 -9999 -9999 -9999 -9999 -9999 -9999 -9999 -9999 -9999 -9999 -9999 -9999 -9999 -9999 -9999 -9999 -9999 -9999 -9999 -9999 -9999 -9999 -9999 -9999 -9999 -9999 -9999 -9999 -9999 -9999 -9999 -9999 -9999 -9999 -9999 -9999
120.98 134.31 131.88 155.56 184.05 162.09 186.17 172.02 154.33 156.13 121.44 160.34 164.49 150.29 115.25 91.95 93.87 113.23 95.41 104.66 103.63 91.03 107.87 107.56 103.82 95.33 97.01 87.95 73.76 74.78 69.09 -9999 -9999 -9999 -9999 -9999 -9999 -9999 -9999 -9999 -9999 -9999 -9999 -9999 -9999 -9999 -9999 -9999 -9999 -9999 -9999 -9999 -9999 -9999 -9999 -9999 -9999 -9999 -9999 -9999 -9999 -9999 -9999 -9999 -9999 -9999 -9999 -9999 -9999 -9999 -9999 -9999 -9999 -9999 -9999 -9999 -9999
130.46 126.51 132.43 178.65 177.87 198.12 197.65 134.33 147.94 153.11 133.03 132.49 153.99 123.26 121.12 106.94 116.50 133.58 86.50 94.01 93.03 88.34 95.04 91.87 102.91 94.31 90.73 90.19 73.08 -9999 -9999 -9999 -9999 -9999 -9999 -9999 -9999 -9999 -9999 -9999 -9999 -9999 -9999 -9999 -9999 -9999 -9999 -9999 -9999 -9999 -9999 -9999 -9999 -9999 -9999 -9999 -9999 -9999 -9999 -9999 -9999 -9999 -9999 -9999 -9999 -9999 -9999 -9999 -9999 -9999 -9999 -9999 -9999 -9999 -9999 -9999 -9999
126.27 122.71 160.85 167.47 185.62 211.08 195.63 145.18 142.32 138.81 119.04 111.33 115.00 118.40 129.83 112.60 136.53 127.22 110.54 122.97 105.08 79.17 85.27 79.64 92.30 82.15 82.92 81.59 63.91 -9999 -9999 -9999 -9999 -9999 -9999 -9999 -9999 -9999 -9999 -9999 -9999 -9999 -9999 -9999 -9999 -9999 -9999 -9999 -9999 -9999 -9999 -9999 -9999 -9999 -9999 -9999 -9999 -9999 -9999 -9999 -9999 -9999 -9999 -9999 -9999 -9999 -9999 -9999 -9999 -9999 -9999 -9999 -9999 -9999 -9999 -9999 -9999
-9999 129.91 158.83 170.14 185.57 187.29 177.66 137.78 105.39 111.11 111.75 115.77 131.33 120.51 157.06 160.30 165.02 166.19 137.77 116.19 95.09 82.37 77.67 71.91 72.12 66.49 61.90 -9999 -9999 -9999 -9999 -9999 51.88 46.99 40.81 34.94 -9999 -9999 -9999 -9999 -9999 -9999 -9999 -9999 -9999 -9999 -9999 -9999 -9999 -9999 -9999 -9999 -9999 -9999 -9999 -9999 -9999 -9999 -9999 -9999 -9999 -9999 -9999 -9999 -9999 -9999 -9999 -9999 -9999 -9999 -9999 -9999 -9999 -9999 -9999 -9999 -9999
-9999 126.95 152.37 151.71 144.54 178.62 144.10 132.95 113.88 126.72 127.63 117.44 131.45 113.72 121.56 108.41 121.95 125.09 121.63 111.98 103.35 97.36 82.24 82.74 81.90 73.40 61.70 55.69 52.37 -9999 -9999 42.85 43.94 45.72 41.88 41.04 39.88 35.53 -9999 -9999 -9999 -9999 -9999 -9999 -9999 -9999 -9999 -9999 -9999 -9999 -9999 -9999 -9999 -9999 -9999 -9999 -9999 -9999 -9999 -9999 -9999 -9999 -9999 -9999 -9999 -9999 -9999 -9999 -9999 -9999 -9999 -9999 -9999 -9999 -9999 -9999 -9999
114.46 123.50 110.40 128.99 129.02 141.17 141.10 136.25 140.97 141.04 150.13 114.55 96.25 96.01 97.84 100.43 113.22 117.72 116.08 106.80 107.34 101.05 96.36 98.78 80.84 66.36 63.54 56.83 62.93 63.41 54.01 47.67 45.66 48.53 57.96 54.59 63.68 52.14 30.57 -9999 -9999 -9999 -9999 -9999 -9999 -9999 -9999 -9999 -9999 -9999 -9999 -9999 -9999 -9999 -9999 -9999 -9999 -9999 -9999 -9999 -9999 -9999 -9999 -9999 -9999 -9999 -9999 -9999 -9999 -9999 -9999 -9999 -9999 -9999 -9999 -9999 -9999
123.36 113.49 124.53 112.61 98.53 118.05 -9999 156.56 178.00 171.67 141.77 113.51 78.38 78.34 79.20 89.56 95.37 91.09 100.31 100.04 107.44 94.36 107.48 89.28 87.63 72.89 75.79 77.73 69.09 60.54 58.77 51.42 50.87 47.71 66.28 67.87 61.66 52.41 42.84 36.53 34.44 21.52 -9999 -9999 -9999 -9999 -9999 -9999 -9999 -9999 -9999 -9999 -9999 -9999 -9999 -9999 -9999 -9999 -9999 -9999 -9999 -9999 -9999 -9999 -9999 -9999 -9999 -9999 -9999 -9999 -9999 -9999 -9999 -9999 -9999 -9999 -9999
134.81 110.37 -9999 91.14 82.16 107.16 -9999 132.05 202.76 173.15 138.89 105.93 85.30 88.24 83.75 75.37 80.22 79.08 95.57 108.88 111.83 113.48 91.59 106.30 90.02 82.98 95.27 77.59 73.22 62.64 65.64 70.11 60.40 71.45 84.90 72.48 67.43 49.65 46.98 41.94 29.16 29.30 -9999 -9999 -9999 -9999 -9999 -9999 -9999 -9999 -9999 -9999 -9999 -9999 -9999 -9999 -9999 -9999 -9999 -9999 -9999 -9999 -9999 -9999 -9999 -9999 -9999 -9999 -9999 -9999 -9999 -9999 -9999 -9999 -9999 -9999 -9999
119.13 101.26 -9999 -9999 90.06 94.64 103.79 133.00 149.38 145.60 125.51 123.33 112.33 111.43 95.47 103.44 90.88 91.30 104.85 100.60 106.35 113.92 119.78 108.23 105.58 100.42 88.69 76.53 73.95 64.21 72.59 73.92 71.39 72.81 78.29 70.40 60.06 54.60 37.22 32.92 26.66 27.66 27.08 -9999 -9999 -9999 -9999 -9999 -9999 -9999 -9999 -9999 -9999 -9999 -9999 -9999 -9999 -9999 -9999 -9999 -9999 -9999 -9999 -9999 -9999 -9999 -9999 -9999 -9999 -9999 -9999 -9999 -9999 -9999 -9999 -9999 -9999
-9999 -9999 -9999 -9999 -9999 91.45 85.82 115.41 130.82 120.49 105.57 111.92 116.35 121.02 122.92 119.16 106.48 101.15 91.76 88.33 86.69 98.19 104.35 101.02 94.14 80.19 83.69 85.48 68.59 82.79 83.49 72.56 69.52 61.31 56.12 60.76 54.56 49.78 34.97 25.19 28.47 36.06 23.59 -9999 -9999 -9999 -9999 -9999 -9999 -9999 -9999 -9999 -9999 -9999 -9999 -9999 -9999 -9999 -9999 -9999 -9999 -9999 -9999 -9999 -9999 -9999 -9999 -9999 -9999 -9999 -9999 -9999 -9999 -9999 -9999 -9999 -9999
116.71 117.25 115.63 -9999 -9999 -9999 85.89 101.15 106.49 98.57 93.25 90.41 113.16 116.38 127.10 130.04 114.44 107.92 95.05 78.06 82.52 82.77 70.85 82.27 68.39 70.91 88.85 75.33 87.73 98.65 95.81 83.02 78.81 69.32 50.95 52.05 48.40 43.35 32.56 32.26 27.65 33.67 26.38 28.15 -9999 -9999 -9999 -9999 -9999 -9999 -9999 -9999 -9999 -9999 -9999 -9999 -9999 -9999 -9999 -9999 -9999 -9999 -9999 -9999 -9999 -9999 -9999 -9999 -9999 -9999 -9999 -9999 -9999 -9999 -9999 -9999 -9999
121.38 123.23 148.20 134.40 -9999 -9999 -9999 82.80 85.60 87.62 90.02 96.40 99.15 106.09 107.74 118.06 106.45 101.24 89.36 98.67 77.89 74.61 71.53 79.61 71.11 73.02 58.53 69.22 72.53 77.98 90.80 85.98 72.45 62.71 53.74 46.92 38.03 38.34 31.22 22.61 17.42 29.48 37.07 31.31 24.73 -9999 -9999 -9999 -9999 -9999 -9999 -9999 -9999 -9999 -9999 -9999 -9999 -9999 -9999 -9999 -9999 -9999 -9999 -9999 -9999 -9999 -9999 -9999 -9999 -9999 -9999 -9999 -9999 -9999 -9999 -9999 -9999
90.96 111.43 144.75 125.35 -9999 -9999 -9999 -9999 -9999 83.22 79.83 62.42 88.43 94.19 102.08 106.14 119.64 122.82 111.80 96.67 77.89 77.55 69.61 62.16 54.07 64.29 49.40 49.38 64.09 72.00 61.36 63.50 52.08 62.52 52.12 45.77 39.77 34.44 32.26 22.77 22.32 26.86 35.13 30.35 24.75 22.63 -9999 -9999 -9999 -9999 -9999 -9999 -9999 -9999 -9999 -9999 -9999 -9999 -9999 -9999 -9999 -9999 -9999 -9999 -9999 -9999 -9999 -9999 -9999 -9999 -9999 -9999 -9999 -9999 -9999 -9999 -9999
89.71 91.02 132.21 115.51 -9999 -9999 -9999 -9999 -9999 74.07 78.33 85.31 79.32 101.62 114.69 115.35 122.26 117.73 113.37 96.11 96.66 84.14 70.18 66.97 75.37 64.66 77.75 57.47 87.88 75.54 82.74 77.49 59.67 70.44 48.16 38.60 34.50 36.62 33.38 30.18 25.65 29.77 33.42 33.33 30.50 25.95 27.79 21.71 -9999 -9999 -9999 -9999 -9999 -9999 -9999 -9999 -9999 -9999 -9999 -9999 -9999 -9999 -9999 -9999 -9999 -9999 -9999 -9999 -9999 -9999 -9999 -9999 -9999 -9999 -9999 -9999 -9999
-9999 92.73 105.35 96.03 -9999 -9999 -9999 -9999 -9999 65.90 69.96 78.51 73.03 83.25 91.17 98.29 107.01 102.94 110.50 92.79 80.63 84.22 81.59 91.47 86.57 72.05 94.97 92.01 82.88 78.20 61.25 55.39 59.89 59.06 47.76 45.71 41.19 34.57 32.30 32.79 39.06 39.17 34.97 32.66 28.84 29.27 29.92 20.85 -9999 -9999 -9999 -9999 -9999 -9999 -9999 -9999 -9999 -9999 -9999 -9999 -9999 -9999 -9999 -9999 -9999 -9999 -9999 -9999 -9999 -9999 -9999 -9999 -9999 -9999 -9999 -9999 -9999
-9999 74.27 82.53 79.80 -9999 -9999 -9999 -9999 -9999 61.84 72.42 74.94 72.31 77.74 84.42 97.84 113.70 116.11 95.30 87.58 70.78 74.73 72.33 81.16 74.92 82.97 93.15 93.41 99.52 94.35 79.18 76.31 60.27 61.82 55.98 42.08 40.14 44.04 45.32 39.22 41.01 39.06 44.36 35.47 32.47 25.99 26.98 22.33 -9999 -9999 -9999 -9999 -9999 -9999 -9999 -9999 -9999 -9999 -9999 -9999 -9999 -9999 -9999 -9999 -9999 -9999 -9999 -9999 -9999 -9999 -9999 -9999 -9999 -9999 -9999 -9999 -9999
-9999 -9999 -9999 -9999 -9999 -9999 -9999 -9999 69.88 69.01 75.05 80.61 72.51 79.79 82.62 91.09 93.08 105.91 95.16 84.06 93.82 87.04 89.84 96.98 98.21 103.22 116.67 123.17 104.94 97.34 87.02 74.03 77.95 63.95 48.97 51.93 42.19 47.91 53.50 61.10 50.60 52.75 55.59 35.67 31.64 24.93 24.24 24.33 -9999 -9999 -9999 -9999 -9999 -9999 -9999 -9999 -9999 -9999 -9999 -9999 -9999 -9999 -9999 -9999 -9999 -9999 -9999 -9999 -9999 -9999 -9999 -9999 -9999 -9999 -9999 -9999 -9999
-9999 -9999 -9999 -9999 -9999 -9999 -9999 -9999 81.59 69.33 79.67 90.65 90.88 94.43 103.22 103.46 94.06 83.84 90.02 92.45 90.34 98.76 82.04 85.62 81.22 115.99 107.90 115.71 95.98 95.94 89.99 74.28 67.24 75.23 72.25 52.54 44.14 44.04 62.46 61.06 58.44 63.00 51.24 35.61 29.86 27.36 29.61 23.63 -9999 -9999 -9999 -9999 -9999 -9999 -9999 -9999 -9999 -9999 -9999 -9999 -9999 -9999 -9999 -9999 -9999 -9999 -9999 -9999 -9999 -9999 -9999 -9999 -9999 -9999 -9999 -9999 -9999
-9999 -9999 -9999 -9999 -9999 -9999 -9999 68.25 78.70 72.11 79.01 76.57 79.54 104.29 128.11 129.39 112.14 106.77 82.13 81.95 93.29 94.91 75.74 87.25 74.12 97.51 123.67 118.23 116.87 110.13 115.58 91.45 79.40 78.54 70.07 56.54 67.76 83.06 75.00 68.64 56.56 44.39 44.21 37.80 39.27 33.00 24.94 26.94 -9999 -9999 -9999 -9999 -9999 -9999 -9999 -9999 -9999 -9999 -9999 -9999 -9999 -9999 -9999 -9999 -9999 -9999 -9999 -9999 -9999 -9999 -9999 -9999 -9999 -9999 -9999 -9999 -9999
-9999 -9999 -9999 -9999 -9999 -9999 -9999 69.52 70.43 82.47 81.01 88.05 86.05 111.30 120.61 161.57 134.93 108.68 90.42 93.74 90.52 119.61 107.06 90.57 79.20 99.60 119.53 130.01 118.40 118.56 112.26 116.35 109.02 95.03 94.72 88.45 98.12 83.36 72.05 79.72 62.12 54.11 46.10 38.79 38.96 28.54 23.39 25.68 31.67 -9999 -9999 -9999 -9999 -9999 -9999 -9999 -9999 -9999 -9999 -9999 -9999 -9999 -9999 -9999 -9999 -9999 -9999 -9999 -9999 -9999 -9999 -9999 -9999 -9999 -9999 -9999 -9999
-9999 -9999 -9999 -9999 -9999 -9999 59.31 79.38 87.01 93.73 111.82 85.93 103.66 107.24 125.43 134.88 127.79 112.28 100.50 88.48 71.15 80.84 105.07 125.17 95.20 91.48 98.71 100.14 101.86 111.09 125.91 100.72 115.59 103.11 90.45 106.12 85.67 92.00 92.93 72.34 69.74 53.99 49.99 49.16 40.41 34.54 30.39 29.28 27.46 -9999 -9999 -9999 -9999 -9999 -9999 -9999 -9999 -9999 -9999 -9999 -9999 -9999 -9999 -9999 -9999 -9999 -9999 -9999 -9999 -9999 -9999 -9999 -9999 -9999 -9999 -9999 -9999
-9999 -9999 -9999 -9999 -9999 -9999 74.22 85.37 98.51 119.18 120.63 113.88 115.62 142.06 117.01 119.28 105.72 118.12 104.76 83.25 75.24 85.55 103.31 164.20 101.04 92.83 90.70 84.89 91.76 124.97 104.58 115.16 112.11 95.81 111.73 97.60 90.30 89.05 75.52 74.26 62.15 47.28 44.77 47.26 41.75 39.33 33.17 31.28 30.06 -9999 -9999 -9999 -9999 -9999 -9999 -9999 -9999 -9999 -9999 -9999 -9999 -9999 -9999 -9999 -9999 -9999 -9999 -9999 -9999 -9999 -9999 -9999 -9999 -9999 -9999 -9999 -9999
-9999 -9999 -9999 -9999 -9999 66.17 71.60 85.07 108.35 114.74 117.68 148.72 144.58 171.31 126.75 110.27 98.36 106.19 104.36 87.75 77.66 87.34 91.17 96.21 82.88 86.23 95.21 90.53 110.78 124.81 114.83 124.53 115.34 102.02 107.14 87.31 107.75 83.20 75.08 73.70 63.03 49.99 43.58 43.71 41.93 36.17 34.54 30.73 29.13 -9999 -9999 -9999 -9999 -9999 -9999 -9999 -9999 -9999 -9999 -9999 -9999 -9999 -9999 -9999 -9999 -9999 -9999 -9999 -9999 -9999 -9999 -9999 -9999 -9999 -9999 -9999 -9999
-9999 -9999 -9999 -9999 63.02 67.66 77.04 82.15 97.25 96.74 108.95 137.37 146.02 161.97 116.22 86.81 93.52 103.96 98.85 95.58 91.75 83.08 83.34 96.37 91.92 81.28 93.34 97.04 109.00 110.32 107.80 106.77 94.76 96.74 105.77 92.75 100.98 85.24 76.65 64.30 50.68 45.62 43.03 43.39 39.99 36.67 35.36 29.51 27.64 24.94 -9999 -9999 -9999 -9999 -9999 -9999 -9999 -9999 -9999 -9999 -9999 -9999 -9999 -9999 -9999 -9999 -9999 -9999 -9999 -9999 -9999 -9999 -9999 -9999 -9999 -9999 -9999
-9999 -9999 -9999 -9999 78.14 90.64 83.16 84.76 96.27 105.34 113.38 160.66 164.37 144.00 130.38 95.64 98.99 106.25 96.07 116.78 89.85 80.79 81.39 80.35 89.42 78.81 92.72 89.02 101.49 97.46 88.92 84.98 86.64 82.85 93.36 80.43 89.52 86.16 66.62 56.11 52.93 39.97 33.19 41.84 40.40 35.79 29.72 27.76 27.72 23.71 -9999 -9999 -9999 -9999 -9999 -9999 -9999 -9999 -9999 -9999 -9999 -9999 -9999 -9999 -9999 -9999 -9999 -9999 -9999 -9999 -9999 -9999 -9999 -9999 -9999 -9999 -9999
-9999 -9999 58.71 65.59 77.64 78.99 80.55 87.04 95.67 102.35 111.28 130.10 125.58 149.03 130.41 115.46 99.69 99.32 97.43 92.75 88.88 85.59 76.02 83.75 82.88 79.60 83.51 79.80 84.87 80.14 75.01 75.56 76.53 73.74 86.07 68.42 65.07 66.00 61.45 51.36 47.78 36.81 40.08 36.29 38.35 37.07 29.43 28.46 28.24 28.70 -9999 -9999 -9999 -9999 -9999 -9999 -9999 -9999 -9999 -9999 -9999 -9999 -9999 -9999 -9999 -9999 -9999 -9999 -9999 -9999 -9999 -9999 -9999 -9999 -9999 -9999 -9999
