Rainfall_2007-2011/Rainfall_2010-11_ACTUAL.txt
ncols         180
nrows         290
xllcorner     -200000
yllcorner     -200000
cellsize      5000
NODATA_value  -9999
[rows 132 to 164 of 290, columns 75 to 149 of 180]
-9999 -9999 -9999 -9999 -9999 -9999 -9999 218.45 210.72 222.30 261.53 277.37 285.44 356.87 329.25 357.81 294.47 267.88 248.83 229.05 241.95 197.76 165.64 184.28 176.13 137.65 122.72 142.29 162.47 150.95 166.02 170.19 157.85 182.79 168.00 163.40 194.95 159.99 171.52 148.10 155.93 161.89 167.02 163.19 162.32 163.45 150.20 198.76 201.25 184.45 153.00 -9999 -9999 -9999 -9999 -9999 -9999 -9999 -9999 -9999 -9999 -9999 -9999 -9999 -9999 -9999 -9999 -9999 -9999 -9999 -9999 -9999 -9999 -9999 -9999
-9999 -9999 -9999 -9999 -9999 -9999 202.78 244.64 239.82 241.94 236.81 196.83 278.32 314.53 307.42 370.66 291.87 245.90 236.40 242.28 217.79 196.11 179.01 163.92 144.30 135.22 101.52 118.84 147.86 145.61 130.98 139.02 145.73 153.29 142.58 160.44 191.43 179.32 186.66 161.60 154.37 140.18 151.40 156.03 167.44 166.61 155.34 165.74 199.48 170.34 147.02 142.91 -9999 -9999 -9999 -9999 -9999 -9999 -9999 -9999 -9999 -9999 -9999 -9999 -9999 -9999 -9999 -9999 -9999 -9999 -9999 -9999 -9999 -9999 -9999
-9999 -9999 -9999 -9999 -9999 -9999 228.56 219.73 210.56 257.68 253.23 205.46 250.13 341.29 313.53 300.05 331.25 265.95 245.34 244.79 211.76 233.48 173.54 150.26 130.62 119.96 120.22 100.33 129.95 132.93 103.08 95.76 115.39 120.14 128.28 141.71 161.34 170.57 176.95 172.94 165.50 164.81 166.98 145.56 128.71 162.26 158.55 150.09 155.60 165.27 140.47 142.38 -9999 -9999 -9999 -9999 -9999 -9999 -9999 -9999 -9999 -9999 -9999 -9999 -9999 -9999 -9999 -9999 -9999 -9999 -9999 -9999 -9999 -9999 -9999
-9999 -9999 -9999 -9999 171.66 188.38 207.69 191.46 207.39 276.05 282.01 239.37 238.97 286.95 248.47 306.47 307.82 277.99 231.16 236.11 228.36 196.67 167.81 141.77 113.46 120.38 102.68 72.36 89.53 113.72 101.77 97.52 99.95 110.19 115.71 130.92 161.95 156.40 150.87 157.49 172.99 166.09 162.22 173.63 142.29 125.61 142.02 156.14 157.19 149.95 146.91 150.61 -9999 -9999 -9999 -9999 -9999 -9999 -9999 -9999 -9999 -9999 -9999 -9999 -9999 -9999 -9999 -9999 -9999 -9999 -9999 -9999 -9999 -9999 -9999
-9999 -9999 -9999 -9999 165.32 174.35 175.98 202.94 209.81 240.51 229.75 197.53 195.50 230.63 251.49 332.42 284.78 248.95 212.83 207.93 197.62 185.13 165.97 158.58 129.18 130.25 94.06 64.02 75.87 97.39 96.49 84.30 87.73 99.11 108.59 115.69 117.04 123.49 145.18 141.94 144.45 155.44 138.53 164.82 183.48 148.13 129.98 140.74 132.15 139.57 137.25 139.10 150.74 -9999 -9999 -9999 -9999 -9999 -9999 -9999 -9999 -9999 -9999 -9999 -9999 -9999 -9999 -9999 -9999 -9999 -9999 -9999 -9999 -9999 -9999
-9999 -9999 -9999 -9999 157.34 166.15 158.74 180.82 175.77 195.52 203.02 196.69 183.67 198.26 223.27 263.52 239.53 216.89 200.51 207.77 165.55 186.35 183.19 193.77 150.50 -9999 -9999 -9999 88.01 95.60 -9999 90.56 99.05 95.06 99.15 100.03 116.84 143.45 153.49 137.47 155.40 148.83 141.65 144.96 159.16 115.47 128.30 126.73 145.22 117.62 125.35 131.78 135.04 -9999 -9999 -9999 -9999 -9999 -9999 -9999 -9999 -9999 -9999 -9999 -9999 -9999 -9999 -9999 -9999 -9999 -9999 -9999 -9999 -9999 -9999
-9999 -9999 -9999 -9999 139.20 161.10 149.02 153.34 166.14 179.83 191.09 189.79 171.24 185.99 196.58 245.12 216.80 212.13 193.87 192.44 202.28 167.69 145.90 141.79 142.84 -9999 -9999 -9999 90.88 93.80 95.01 99.25 95.87 100.42 107.10 115.21 139.14 168.03 154.74 176.23 157.86 138.92 164.89 156.88 149.60 136.09 155.24 131.09 135.29 150.91 153.77 124.76 132.62 -9999 -9999 -9999 -9999 -9999 -9999 -9999 -9999 -9999 -9999 -9999 -9999 -9999 -9999 -9999 -9999 -9999 -9999 -9999 -9999 -9999 -9999
-9999 -9999 -9999 -9999 -9999 140.74 151.02 140.58 -9999 176.94 182.06 174.05 168.47 168.95 -9999 179.58 163.81 179.85 169.61 170.42 168.86 151.78 118.72 -9999 -9999 -9999 -9999 94.14 88.32 103.49 103.29 117.71 111.29 105.16 113.23 127.55 148.78 210.64 172.50 220.57 181.28 174.65 157.71 165.80 178.47 163.62 144.38 150.60 137.90 130.72 136.51 131.22 135.94 115.16 -9999 -9999 -9999 -9999 -9999 -9999 -9999 -9999 -9999 -9999 -9999 -9999 -9999 -9999 -9999 -9999 -9999 -9999 -9999 -9999 -9999
-9999 -9999 -9999 -9999 -9999 -9999 176.70 -9999 -9999 -9999 155.48 147.76 155.01 158.84 148.67 -9999 -9999 126.42 146.04 169.89 172.11 -9999 -9999 -9999 -9999 -9999 105.23 109.45 103.24 119.08 117.38 124.38 122.88 127.14 135.85 120.04 153.97 186.64 245.82 242.29 231.21 224.61 220.28 187.61 179.04 170.17 164.13 131.81 135.05 149.07 141.18 146.68 127.63 117.94 -9999 -9999 -9999 -9999 -9999 -9999 -9999 -9999 -9999 -9999 -9999 -9999 -9999 -9999 -9999 -9999 -9999 -9999 -9999 -9999 -9999
-9999 -9999 -9999 -9999 -9999 -9999 183.42 173.15 -9999 -9999 -9999 130.29 147.33 157.01 150.39 -9999 -9999 -9999 -9999 151.79 -9999 -9999 -9999 -9999 -9999 -9999 104.18 120.29 135.41 126.78 144.14 142.77 149.71 135.00 128.81 139.76 139.23 157.28 189.12 226.07 297.94 254.09 253.06 222.11 200.44 198.12 173.12 142.10 151.11 130.90 144.30 140.03 129.27 115.03 -9999 -9999 -9999 -9999 -9999 -9999 -9999 -9999 -9999 -9999 -9999 -9999 -9999 -9999 -9999 -9999 -9999 -9999 -9999 -9999 -9999
-9999 -9999 -9999 -9999 -9999 -9999 -9999 180.89 -9999 -9999 -9999 -9999 143.59 149.77 140.96 -9999 -9999 -9999 -9999 -9999 -9999 -9999 -9999 -9999 -9999 123.88 123.92 144.92 161.17 168.59 177.43 179.28 163.10 127.52 124.62 113.16 139.37 179.85 242.57 274.17 284.12 261.24 218.86 232.98 185.62 152.97 139.31 157.02 159.21 137.25 143.36 131.53 125.42 116.61 110.52 -9999 -9999 -9999 -9999 -9999 -9999 -9999 -9999 -9999 -9999 -9999 -9999 -9999 -9999 -9999 -9999 -9999 -9999 -9999 -9999
-9999 -9999 -9999 -9999 -9999 -9999 -9999 180.87 -9999 -9999 -9999 -9999 -9999 -9999 -9999 -9999 -9999 -9999 -9999 -9999 -9999 -9999 -9999 -9999 -9999 123.61 121.20 116.40 168.78 157.05 204.03 225.27 184.31 173.26 128.41 139.32 104.54 129.51 200.22 215.86 292.88 233.36 268.16 291.09 221.31 189.86 182.82 132.62 131.70 119.67 142.27 139.52 130.30 126.72 115.72 100.62 -9999 -9999 -9999 -9999 -9999 -9999 -9999 -9999 -9999 -9999 -9999 -9999 -9999 -9999 -9999 -9999 -9999 -9999 -9999
-9999 -9999 -9999 -9999 -9999 -9999 -9999 -9999 -9999 -9999 -9999 -9999 -9999 -9999 -9999 -9999 -9999 -9999 -9999 -9999 -9999 -9999 -9999 -9999 114.28 123.65 143.06 137.95 190.82 187.00 266.46 287.88 231.29 176.64 156.19 128.08 112.89 99.05 145.52 246.95 251.67 209.94 225.36 241.06 217.74 179.32 170.88 139.62 116.09 102.82 98.77 99.84 99.98 113.35 105.20 101.04 -9999 -9999 -9999 -9999 -9999 -9999 -9999 -9999 -9999 -9999 -9999 -9999 -9999 -9999 -9999 -9999 -9999 -9999 -9999
-9999 -9999 -9999 -9999 -9999 -9999 -9999 -9999 -9999 -9999 -9999 -9999 -9999 -9999 -9999 -9999 -9999 -9999 -9999 -9999 -9999 -9999 -9999 -9999 145.12 145.80 162.07 197.54 248.97 225.43 196.72 267.50 230.54 212.24 203.50 178.81 131.97 115.84 125.13 157.79 243.29 236.81 249.20 218.41 194.90 151.14 128.98 115.47 106.50 97.59 91.16 101.12 96.91 107.55 116.88 107.42 108.44 111.12 106.34 -9999 -9999 -9999 -9999 -9999 -9999 -9999 -9999 -9999 -9999 -9999 -9999 -9999 -9999 -9999 -9999
104.13 -9999 -9999 -9999 -9999 -9999 -9999 -9999 -9999 -9999 -9999 -9999 -9999 -9999 -9999 -9999 -9999 -9999 -9999 -9999 -9999 -9999 -9999 -9999 150.95 176.10 184.46 193.35 229.97 302.22 338.84 320.63 345.21 283.70 237.93 190.26 150.97 145.59 98.71 107.18 174.29 129.36 206.21 185.77 159.93 124.24 121.81 106.74 95.79 91.03 101.70 99.41 100.76 104.48 112.84 135.01 150.20 117.58 124.79 143.66 125.50 -9999 -9999 -9999 -9999 -9999 -9999 -9999 -9999 -9999 -9999 -9999 -9999 -9999 -9999
-9999 -9999 -9999 -9999 -9999 -9999 -9999 -9999 -9999 -9999 -9999 -9999 -9999 -9999 -9999 -9999 -9999 -9999 -9999 -9999 -9999 -9999 -9999 -9999 155.89 199.52 227.97 322.06 422.74 511.86 394.70 352.18 367.66 382.28 308.66 274.47 210.18 175.30 119.41 143.84 147.97 157.42 196.10 176.28 156.24 143.56 130.80 96.01 111.73 104.33 103.14 102.48 97.13 89.40 110.37 135.06 137.04 148.61 142.04 181.56 176.07 192.52 172.38 -9999 -9999 -9999 -9999 -9999 -9999 -9999 -9999 -9999 -9999 -9999 -9999
-9999 -9999 -9999 -9999 -9999 -9999 -9999 -9999 -9999 -9999 -9999 -9999 -9999 -9999 -9999 -9999 -9999 -9999 -9999 -9999 -9999 -9999 -9999 -9999 153.24 150.86 206.19 308.80 373.02 551.97 584.90 367.35 390.41 306.11 325.30 291.82 223.70 202.03 204.99 171.13 176.65 247.17 210.26 196.69 198.93 196.95 164.03 112.99 115.50 98.09 90.61 87.40 91.62 89.06 98.48 119.86 134.65 148.78 119.94 202.52 176.99 198.94 168.48 175.66 -9999 -9999 -9999 -9999 -9999 -9999 -9999 -9999 -9999 -9999 -9999
-9999 -9999 -9999 -9999 -9999 -9999 -9999 -9999 -9999 -9999 -9999 -9999 191.84 169.22 158.74 -9999 -9999 -9999 -9999 -9999 -9999 -9999 -9999 -9999 -9999 113.77 161.08 244.44 368.22 391.53 464.13 347.71 283.42 243.01 262.10 226.57 210.35 215.03 241.14 213.58 230.53 248.00 224.09 248.06 223.66 189.58 155.36 135.67 105.49 92.80 86.35 79.42 86.47 89.61 110.17 167.05 137.35 193.54 183.95 201.98 189.93 142.05 182.11 173.09 140.58 -9999 -9999 -9999 -9999 -9999 -9999 -9999 -9999 -9999 -9999
-9999 -9999 -9999 -9999 -9999 -9999 -9999 -9999 -9999 -9999 -9999 -9999 207.88 178.72 -9999 -9999 -9999 -9999 -9999 -9999 -9999 -9999 -9999 -9999 -9999 -9999 153.84 215.77 302.82 315.60 338.21 256.18 243.09 191.53 174.29 170.13 167.64 160.34 260.20 265.14 265.83 284.55 246.35 203.52 178.81 194.25 138.52 147.37 102.97 84.73 81.44 80.60 77.95 93.32 119.27 150.45 160.25 164.13 135.92 164.90 168.91 151.02 154.13 161.51 179.39 -9999 -9999 -9999 -9999 -9999 -9999 -9999 -9999 -9999 -9999
-9999 -9999 -9999 -9999 -9999 -9999 -9999 -9999 -9999 -9999 -9999 200.75 271.02 255.67 251.21 -9999 -9999 -9999 -9999 -9999 -9999 -9999 -9999 -9999 -9999 -9999 128.82 179.57 222.58 264.01 233.40 220.25 173.90 164.55 156.35 126.89 134.99 159.33 183.74 272.00 245.31 263.63 249.46 215.02 219.82 177.85 171.83 136.49 93.82 83.10 81.43 76.25 65.50 102.50 118.41 106.65 141.25 159.58 153.68 160.47 140.66 136.00 156.72 150.91 183.51 149.66 -9999 -9999 -9999 -9999 -9999 -9999 -9999 -9999 -9999
-9999 -9999 -9999 -9999 -9999 -9999 -9999 -9999 -9999 -9999 181.15 244.39 288.98 300.56 224.85 -9999 -9999 -9999 -9999 -9999 -9999 -9999 -9999 -9999 -9999 -9999 134.60 154.27 195.11 177.79 196.61 167.75 158.44 157.91 116.07 122.65 141.46 177.10 227.37 257.84 265.59 249.36 271.70 205.44 193.94 168.39 183.30 130.45 96.94 88.45 64.34 58.62 75.75 83.65 98.53 93.83 104.37 118.05 124.07 122.04 134.09 139.31 161.19 149.24 162.70 130.16 -9999 -9999 -9999 -9999 -9999 -9999 -9999 -9999 -9999
-9999 -9999 -9999 -9999 -9999 -9999 -9999 -9999 -9999 141.17 165.39 217.67 181.91 164.27 -9999 -9999 -9999 -9999 -9999 -9999 -9999 -9999 -9999 -9999 -9999 -9999 -9999 147.61 156.94 139.75 168.35 149.19 114.81 101.81 100.34 108.20 130.55 157.04 200.75 242.46 296.87 284.74 295.32 270.85 269.38 276.09 222.90 170.28 144.96 100.26 80.06 66.04 57.51 59.47 72.51 90.54 96.26 94.12 98.05 110.79 92.59 102.83 113.79 140.47 141.75 148.94 128.35 114.76 -9999 -9999 -9999 -9999 -9999 -9999 -9999
-9999 -9999 -9999 -9999 -9999 -9999 -9999 -9999 -9999 171.99 224.11 184.74 152.20 148.91 -9999 -9999 -9999 -9999 -9999 -9999 -9999 -9999 -9999 -9999 -9999 -9999 -9999 -9999 127.72 110.03 109.46 96.62 103.08 94.44 94.31 118.22 143.63 146.05 196.87 192.90 278.75 310.03 280.18 265.03 289.11 295.07 231.70 188.00 156.47 130.46 96.18 74.62 53.37 50.74 69.81 69.02 71.73 79.13 84.95 88.58 92.92 95.23 102.78 121.34 113.66 144.91 148.16 128.42 -9999 -9999 -9999 -9999 -9999 -9999 -9999
-9999 -9999 -9999 -9999 -9999 -9999 -9999 -9999 -9999 162.31 169.97 172.33 149.02 -9999 -9999 -9999 -9999 -9999 -9999 -9999 -9999 -9999 -9999 -9999 -9999 -9999 -9999 -9999 100.01 112.26 117.23 -9999 90.99 -9999 76.95 96.45 124.34 130.37 146.80 146.94 186.00 228.88 270.86 243.38 253.81 291.13 277.28 266.23 172.45 150.08 107.86 88.25 83.24 73.01 71.80 70.08 77.80 89.46 80.45 92.72 90.29 90.00 100.94 117.78 120.03 126.20 131.69 131.56 129.77 120.24 -9999 -9999 -9999 -9999 -9999
-9999 -9999 -9999 -9999 -9999 -9999 -9999 -9999 123.53 132.98 130.19 -9999 -9999 -9999 -9999 -9999 -9999 -9999 -9999 -9999 -9999 -9999 -9999 -9999 -9999 -9999 -9999 -9999 98.50 103.00 101.53 -9999 -9999 -9999 81.57 107.19 107.03 130.60 131.09 148.48 145.49 144.07 209.07 229.45 211.90 238.42 244.27 237.33 199.23 154.90 114.04 81.85 73.35 66.73 64.71 68.34 70.86 72.28 75.72 94.56 86.92 101.61 90.82 125.63 130.23 124.69 124.52 114.50 108.25 106.82 -9999 -9999 -9999 -9999 -9999
-9999 -9999 -9999 -9999 -9999 -9999 -9999 -9999 -9999 -9999 -9999 -9999 -9999 -9999 -9999 -9999 -9999 -9999 -9999 -9999 -9999 -9999 -9999 -9999 -9999 -9999 -9999 -9999 -9999 -9999 -9999 -9999 -9999 79.91 91.69 114.24 146.32 167.15 197.89 194.51 142.14 158.87 202.23 187.62 198.85 191.02 187.84 182.99 168.53 136.78 108.98 87.73 76.83 62.75 65.24 65.54 63.01 57.89 63.07 85.48 102.86 129.54 110.48 127.52 112.85 108.38 100.93 97.33 94.10 -9999 -9999 -9999 -9999 -9999 -9999
-9999 -9999 -9999 -9999 -9999 -9999 -9999 -9999 -9999 -9999 -9999 -9999 -9999 -9999 -9999 -9999 -9999 -9999 -9999 -9999 -9999 -9999 -9999 -9999 -9999 -9999 -9999 -9999 -9999 -9999 -9999 -9999 -9999 84.79 120.07 115.80 160.20 186.98 220.88 202.89 173.73 139.60 172.35 166.75 174.67 185.00 196.23 162.02 151.41 137.59 109.34 98.14 83.92 67.33 63.43 61.68 56.78 55.34 62.60 80.18 93.93 123.62 114.61 96.70 98.38 102.10 95.45 91.68 92.14 -9999 -9999 -9999 -9999 -9999 -9999
-9999 -9999 -9999 -9999 -9999 -9999 -9999 -9999 -9999 -9999 -9999 -9999 -9999 -9999 -9999 -9999 -9999 -9999 -9999 -9999 -9999 -9999 -9999 -9999 -9999 -9999 -9999 -9999 -9999 -9999 -9999 -9999 -9999 78.19 95.19 112.83 136.22 177.67 178.93 170.71 147.94 144.55 171.82 157.68 156.75 149.42 150.22 166.17 145.14 127.32 100.30 91.47 78.53 70.91 70.48 55.95 52.20 52.56 57.37 67.37 81.50 96.56 93.29 93.37 95.06 108.18 84.54 88.03 90.22 -9999 -9999 -9999 -9999 -9999 -9999
-9999 -9999 -9999 -9999 -9999 -9999 -9999 -9999 -9999 -9999 -9999 -9999 -9999 -9999 -9999 -9999 -9999 -9999 -9999 -9999 -9999 -9999 -9999 -9999 -9999 -9999 -9999 -9999 -9999 -9999 -9999 64.27 79.72 75.72 84.77 109.13 139.74 176.79 154.93 185.52 145.58 144.71 177.58 162.38 165.66 168.20 173.95 144.50 119.61 103.77 92.81 76.02 77.96 66.97 64.19 59.82 51.93 51.18 53.23 56.05 70.93 79.86 86.19 89.38 89.19 79.78 77.54 90.76 96.10 100.36 -9999 -9999 -9999 -9999 -9999
-9999 -9999 -9999 -9999 -9999 -9999 -9999 -9999 -9999 -9999 -9999 -9999 -9999 -9999 -9999 -9999 -9999 -9999 -9999 -9999 -9999 -9999 -9999 -9999 -9999 -9999 -9999 -9999 -9999 -9999 -9999 90.92 90.62 81.23 85.45 96.55 115.18 110.36 130.57 144.84 152.08 181.21 119.25 148.84 155.20 175.55 152.34 147.17 118.02 113.73 99.80 88.72 74.47 65.94 62.94 63.02 62.24 57.98 55.78 59.41 62.20 60.78 67.93 84.70 86.15 73.84 83.54 88.71 94.66 98.84 -9999 -9999 -9999 -9999 -9999
-9999 -9999 -9999 -9999 -9999 -9999 -9999 -9999 -9999 -9999 -9999 -9999 -9999 -9999 -9999 -9999 -9999 -9999 -9999 -9999 -9999 -9999 -9999 -9999 -9999 -9999 -9999 -9999 -9999 -9999 -9999 87.24 85.47 83.33 80.04 88.41 94.50 104.71 123.57 130.49 147.77 160.74 173.22 165.17 210.61 161.00 152.44 125.71 131.79 95.95 79.85 85.54 81.05 67.88 65.85 63.51 66.50 65.21 61.36 62.73 59.67 61.44 69.94 77.35 84.19 90.10 85.77 92.66 94.76 92.13 90.29 -9999 -9999 -9999 -9999
-9999 -9999 -9999 -9999 -9999 -9999 -9999 -9999 -9999 -9999 -9999 -9999 -9999 -9999 -9999 -9999 -9999 -9999 -9999 -9999 -9999 -9999 -9999 -9999 -9999 -9999 -9999 -9999 -9999 -9999 -9999 84.07 86.02 82.79 83.93 82.19 86.66 96.81 117.75 126.46 131.40 151.82 163.10 180.91 194.40 209.55 177.19 146.48 126.46 103.19 82.55 73.14 78.58 77.12 67.48 64.65 65.97 64.46 65.56 61.64 58.47 60.35 67.06 71.99 80.30 75.00 76.90 91.09 86.36 92.39 92.46 83.13 -9999 -9999 -9999
-9999 -9999 -9999 -9999 -9999 -9999 -9999 -9999 -9999 -9999 -9999 -9999 -9999 -9999 -9999 -9999 -9999 -9999 -9999 -9999 -9999 -9999 -9999 -9999 -9999 -9999 -9999 -9999 -9999 -9999 -9999 84.07 83.61 77.83 80.90 87.23 96.14 103.68 122.96 133.99 140.07 155.91 180.70 201.27 185.75 182.87 143.49 132.81 108.01 107.11 91.72 79.70 75.79 67.42 70.21 72.78 70.09 66.77 72.42 64.09 60.57 58.82 61.91 65.48 72.30 78.90 83.68 81.92 78.73 75.96 76.46 81.44 -9999 -9999 -9999
