Rainfall_2007-2011/Rainfall_2007-03_ACTUAL.txt
ncols         180
nrows         290
xllcorner     -200000
yllcorner     -200000
cellsize      5000
NODATA_value  -9999
[rows 204 to 237 of 290, columns 76 to 151 of 180]
69.53 81.85 91.28 97.72 113.09 115.07 108.67 109.54 116.77 116.56 128.03 115.96 105.90 118.06 127.06 112.12 115.46 99.97 120.25 168.86 179.45 215.92 158.94 148.22 129.48 136.18 98.09 130.32 133.27 142.04 99.13 93.66 94.29 73.06 70.87 74.21 71.64 68.78 82.27 80.96 74.02 65.07 52.52 58.57 70.69 79.59 74.28 72.83 65.55 68.74 66.03 67.52 66.87 61.95 54.59 48.98 47.13 40.40 41.13 40.89 39.99 37.91 30.67 29.57 32.46 41.03 42.07 43.57 41.25 45.49 41.90 27.53 34.86 35.88 38.92 37.53
64.79 69.79 84.16 87.34 97.06 100.18 93.23 99.26 105.62 121.98 114.85 107.18 91.55 96.01 103.27 111.54 117.70 132.01 150.02 213.87 282.02 238.98 191.11 155.59 173.01 179.77 135.63 109.20 155.21 128.42 114.82 92.72 95.39 81.07 64.31 79.18 84.56 81.69 85.56 75.82 63.51 64.11 61.50 65.06 84.10 82.49 77.06 67.34 64.20 68.35 71.23 70.02 62.17 58.23 51.02 42.83 40.48 38.87 40.06 39.36 35.64 35.76 34.83 34.64 37.22 41.47 44.99 43.06 44.32 49.52 44.09 49.41 39.89 38.53 38.76 38.99
-9999 76.73 75.99 84.19 94.55 97.99 92.99 102.02 109.18 105.81 107.15 101.06 94.78 104.06 108.76 137.39 125.44 143.24 151.68 180.17 194.56 207.71 164.19 196.16 188.15 159.26 160.17 132.12 89.14 111.35 115.84 78.09 80.07 76.20 94.34 88.04 94.36 82.89 83.05 69.30 56.61 57.55 63.45 90.58 83.49 82.79 70.37 66.76 63.56 81.03 75.55 60.36 55.35 50.44 46.32 41.67 41.23 39.27 38.03 35.91 30.91 32.58 40.32 46.28 49.75 46.08 47.21 49.88 45.50 52.51 48.17 44.55 41.58 39.85 38.06 35.26
71.39 72.88 73.54 74.20 83.99 93.57 95.96 103.93 95.75 98.02 99.55 95.25 99.27 113.89 105.84 127.47 122.97 123.23 121.34 135.61 138.83 147.56 139.87 165.83 172.03 164.32 136.12 123.60 129.36 149.56 118.27 99.75 92.69 105.01 107.33 103.79 82.08 85.68 66.00 60.33 60.40 77.56 76.36 72.08 75.32 63.79 64.16 68.11 65.91 60.36 57.18 52.27 48.95 44.25 40.43 40.32 41.29 40.14 40.15 36.05 33.96 39.06 42.75 51.90 43.08 47.77 53.81 49.26 47.96 48.07 49.08 48.20 43.45 38.78 37.58 31.28
68.21 79.53 68.87 71.51 74.23 80.16 80.98 79.58 76.89 77.13 83.64 93.89 97.57 99.16 115.30 112.50 136.31 127.94 133.31 152.34 140.18 111.42 151.79 139.87 133.14 140.27 139.88 123.21 119.09 156.06 101.39 106.15 83.24 90.73 105.36 105.37 106.45 74.64 52.10 48.96 60.91 65.72 73.95 79.52 67.33 78.10 64.91 62.38 60.16 53.91 49.46 46.95 44.50 46.16 36.01 42.14 35.69 37.80 37.83 40.45 43.43 44.64 47.21 50.40 47.64 49.51 51.21 49.99 43.20 49.41 48.98 45.27 44.01 46.40 32.37 28.07
-9999 74.53 72.84 69.40 68.90 74.82 75.99 -9999 -9999 -9999 -9999 80.21 89.56 96.04 93.44 93.63 103.68 110.85 114.40 129.21 127.86 173.76 194.12 163.96 145.34 131.79 144.11 133.92 126.42 117.35 113.65 94.80 85.49 109.69 95.07 102.67 70.58 44.53 51.65 51.39 73.41 63.29 76.33 74.03 65.43 68.62 61.71 55.84 52.98 50.21 47.39 46.12 43.03 42.58 42.08 41.42 40.02 38.22 41.01 44.57 43.19 48.51 50.11 51.20 46.41 51.23 48.97 47.92 55.29 46.85 45.21 41.09 40.02 44.16 34.63 26.52
-9999 67.49 68.13 69.21 65.01 74.22 64.50 -9999 -9999 -9999 -9999 -9999 -9999 -9999 87.17 97.60 98.32 96.66 100.99 118.90 151.73 179.69 196.29 189.88 173.99 153.23 155.29 115.21 130.08 150.53 124.35 92.30 99.26 104.24 99.70 73.85 59.08 49.32 55.86 62.54 69.51 68.84 72.58 65.80 52.51 51.20 54.02 50.02 52.58 45.92 46.95 41.07 40.15 40.54 38.98 38.92 41.00 43.00 45.17 50.30 51.11 46.21 49.96 48.99 44.46 49.84 47.69 46.96 40.76 46.59 41.79 40.78 40.36 37.58 31.69 29.60
-9999 -9999 -9999 61.66 -9999 -9999 -9999 -9999 -9999 -9999 -9999 -9999 74.44 85.04 93.91 96.09 90.82 92.33 91.68 109.96 117.08 148.58 175.91 171.72 157.65 142.45 153.85 115.74 113.74 94.67 82.07 67.87 75.96 81.90 76.61 63.17 57.69 59.18 60.44 76.75 72.72 68.60 69.37 61.76 53.39 52.10 48.75 46.77 42.04 44.23 41.02 39.69 39.65 40.01 39.01 35.43 39.61 46.95 51.85 51.28 56.39 39.44 43.99 48.26 53.18 48.25 47.30 47.15 46.40 47.47 37.28 33.89 36.29 36.48 32.29 35.04
-9999 -9999 -9999 -9999 -9999 -9999 -9999 -9999 -9999 -9999 -9999 -9999 72.75 81.37 82.48 81.00 69.96 -9999 -9999 73.89 101.59 103.93 129.22 124.13 118.50 123.29 131.10 108.78 98.74 79.22 72.58 66.07 67.45 72.92 57.16 52.33 50.10 54.97 64.47 74.66 68.91 68.33 62.78 64.60 60.70 55.71 46.88 47.27 43.49 40.05 40.10 53.65 51.90 46.84 41.10 40.80 47.43 50.58 46.42 44.43 50.44 41.57 46.68 44.38 43.29 42.56 44.54 42.71 44.98 55.71 33.38 27.31 33.39 34.97 33.75 33.02
-9999 -9999 -9999 -9999 -9999 -9999 -9999 -9999 -9999 -9999 -9999 -9999 -9999 -9999 -9999 -9999 -9999 -9999 -9999 66.12 70.32 83.66 90.80 90.35 99.69 100.83 108.94 101.53 81.31 73.76 69.26 68.04 60.57 -9999 51.53 46.89 49.75 44.70 64.29 76.75 71.32 69.92 63.77 61.04 54.43 62.10 51.93 55.01 58.32 52.59 49.54 57.94 61.70 54.83 49.87 51.57 49.82 53.43 49.18 41.52 40.87 43.39 39.79 40.97 39.52 40.20 43.76 42.15 44.68 41.88 32.07 33.82 33.20 33.20 31.88 31.53
-9999 -9999 -9999 -9999 -9999 -9999 -9999 -9999 -9999 -9999 -9999 -9999 -9999 -9999 -9999 -9999 -9999 -9999 -9999 -9999 61.51 62.34 66.32 78.47 78.14 82.30 84.69 91.66 74.48 -9999 -9999 -9999 -9999 49.81 47.15 52.24 52.50 51.09 61.98 79.57 78.88 75.89 62.18 60.11 58.97 52.70 56.84 59.76 69.63 65.19 62.58 58.86 55.83 48.17 51.15 50.01 45.84 49.69 49.54 42.06 41.88 39.57 39.58 40.71 42.32 44.08 42.34 40.52 37.44 34.12 35.61 36.19 35.66 34.58 32.57 30.95
-9999 -9999 -9999 -9999 -9999 -9999 -9999 -9999 -9999 -9999 -9999 -9999 -9999 -9999 -9999 -9999 -9999 -9999 -9999 -9999 -9999 61.86 69.54 65.91 55.82 70.76 76.06 76.90 -9999 -9999 -9999 -9999 41.08 51.29 52.92 63.56 57.18 46.85 65.05 81.02 70.69 65.01 55.28 58.41 57.07 59.31 61.42 63.73 68.75 67.94 66.24 55.48 52.10 48.22 55.36 46.80 46.39 45.09 46.57 42.84 42.02 40.90 45.59 49.31 42.17 41.52 44.87 41.85 40.78 38.65 40.68 36.31 44.45 34.08 38.56 42.69
-9999 -9999 -9999 -9999 -9999 -9999 -9999 -9999 -9999 -9999 -9999 -9999 -9999 -9999 -9999 -9999 -9999 -9999 -9999 -9999 -9999 -9999 59.27 41.89 28.97 55.64 60.63 62.33 -9999 -9999 -9999 47.23 44.02 48.72 55.60 64.04 66.84 60.62 59.82 59.59 66.38 60.72 53.16 57.97 56.11 56.55 56.49 66.48 66.71 63.31 60.73 58.45 58.29 72.88 55.78 52.95 48.22 47.11 42.70 44.95 45.11 50.07 49.06 52.94 54.09 47.68 49.86 43.02 42.33 41.58 44.89 43.94 42.04 43.40 44.17 46.82
-9999 -9999 -9999 -9999 -9999 -9999 -9999 -9999 -9999 -9999 -9999 -9999 -9999 -9999 -9999 -9999 -9999 -9999 -9999 -9999 -9999 -9999 -9999 -9999 -9999 -9999 -9999 -9999 -9999 -9999 45.38 46.14 43.88 48.78 58.49 65.10 65.27 65.84 61.10 59.33 58.74 51.79 48.32 47.79 48.74 51.69 53.41 59.77 64.43 68.23 63.19 74.75 67.79 67.69 62.85 59.28 54.26 49.15 48.74 49.02 49.72 52.26 46.37 49.43 49.79 49.00 49.24 52.91 49.49 48.45 49.48 53.15 52.22 49.91 43.07 50.74
-9999 -9999 -9999 -9999 -9999 -9999 -9999 -9999 -9999 -9999 -9999 -9999 -9999 -9999 -9999 -9999 -9999 -9999 -9999 -9999 -9999 -9999 -9999 -9999 -9999 -9999 -9999 -9999 -9999 -9999 44.88 53.80 54.34 71.64 71.12 72.05 67.67 68.03 56.17 60.09 52.88 47.45 48.55 51.28 50.65 51.29 57.91 70.52 66.12 75.50 75.06 76.20 78.12 64.34 62.21 58.19 59.02 53.60 50.32 50.90 52.91 51.40 53.39 53.37 52.64 50.55 55.64 61.58 61.87 56.67 55.70 50.50 51.01 52.50 46.67 58.02
-9999 -9999 -9999 -9999 -9999 -9999 -9999 -9999 -9999 -9999 -9999 -9999 -9999 -9999 -9999 -9999 -9999 -9999 -9999 -9999 -9999 -9999 -9999 -9999 -9999 -9999 -9999 -9999 -9999 -9999 38.70 44.22 53.54 58.69 63.63 64.34 64.67 62.25 61.43 59.21 55.28 51.60 60.27 59.59 60.90 60.95 63.99 65.05 65.11 67.93 74.78 80.36 70.62 56.39 53.43 61.26 58.67 56.15 58.20 57.66 58.24 54.34 64.45 61.22 57.45 52.87 67.12 68.39 60.38 56.16 48.85 50.23 48.19 60.58 52.55 53.40
-9999 -9999 -9999 -9999 -9999 -9999 -9999 -9999 -9999 -9999 -9999 -9999 -9999 58.18 71.53 58.97 88.58 109.71 123.17 118.54 106.95 77.97 71.16 57.09 -9999 -9999 -9999 -9999 -9999 -9999 41.04 41.93 40.79 45.33 52.21 56.92 56.53 57.81 55.27 58.65 56.04 55.74 64.28 58.91 51.70 59.73 60.39 59.85 67.70 66.75 66.76 57.95 67.09 60.15 59.86 64.59 70.22 69.53 65.32 66.06 67.04 60.95 63.18 64.51 61.30 63.67 55.70 53.74 55.21 50.46 48.02 50.11 47.84 52.32 50.37 50.92
-9999 -9999 -9999 -9999 -9999 -9999 -9999 -9999 -9999 -9999 -9999 -9999 -9999 68.60 66.27 76.09 72.06 118.39 134.50 110.30 131.61 96.43 88.41 75.74 63.64 59.33 65.07 60.30 48.80 40.18 43.41 41.31 42.08 44.60 49.87 48.73 57.26 55.23 55.60 55.01 64.87 60.41 59.39 59.52 65.20 61.87 61.15 64.54 65.21 70.05 67.94 64.23 61.44 64.01 66.29 66.40 64.31 76.88 78.08 68.63 66.47 62.09 63.88 64.06 61.77 77.16 61.90 58.09 56.74 52.41 52.09 50.46 53.49 56.48 51.11 54.18
-9999 -9999 -9999 -9999 -9999 -9999 -9999 -9999 -9999 -9999 -9999 -9999 40.99 68.89 62.96 78.17 86.42 100.73 119.76 115.35 120.76 121.70 106.52 96.48 74.63 77.75 70.03 71.96 53.41 47.62 38.70 40.36 43.53 44.59 47.88 51.85 50.59 53.13 56.94 58.73 54.07 56.37 68.63 62.04 65.88 63.43 65.82 66.58 63.94 69.84 70.91 61.20 62.93 63.06 64.50 66.69 78.30 72.66 78.95 73.71 79.23 77.72 65.93 82.87 63.28 64.11 61.91 56.90 51.58 53.87 51.08 57.29 55.29 52.53 56.74 63.62
-9999 -9999 -9999 -9999 -9999 -9999 -9999 -9999 -9999 -9999 -9999 -9999 -9999 54.45 61.39 69.67 72.37 94.83 107.06 122.60 112.40 100.33 88.51 92.85 96.07 85.65 69.96 63.03 47.46 52.27 44.41 41.03 39.37 46.21 41.00 47.96 46.79 53.23 59.25 55.54 56.07 67.33 70.87 71.20 67.32 79.56 76.04 65.67 68.18 68.74 64.71 64.36 65.60 64.82 65.96 73.59 79.38 82.19 82.18 76.61 75.44 74.78 64.89 64.31 58.78 54.34 54.68 51.60 51.07 58.02 57.66 56.48 63.97 62.52 61.86 61.60
-9999 -9999 -9999 -9999 -9999 -9999 -9999 -9999 -9999 61.28 -9999 -9999 68.71 69.33 70.46 67.05 73.13 80.28 82.28 86.50 86.04 85.50 83.14 91.62 98.52 87.94 76.43 65.05 51.50 59.91 48.87 46.55 55.08 54.20 47.98 47.66 45.74 58.56 60.33 56.72 50.59 60.73 69.42 92.51 84.38 82.17 75.17 69.38 67.64 67.87 67.13 68.55 58.40 65.21 76.08 72.80 79.12 79.87 86.17 70.63 72.12 71.37 62.98 61.87 59.59 54.68 53.31 53.92 51.56 52.20 53.53 56.82 60.21 61.30 61.26 59.61
-9999 -9999 -9999 -9999 -9999 -9999 -9999 -9999 68.32 78.41 91.49 81.83 70.99 78.83 83.22 73.12 64.26 74.21 77.17 82.36 78.07 87.57 85.58 86.47 90.62 73.87 70.44 69.61 62.46 64.98 69.84 56.67 55.73 56.11 57.41 50.60 68.95 60.08 57.76 60.55 59.96 58.46 64.66 79.87 103.98 83.55 75.63 69.77 70.68 69.52 71.06 61.14 64.96 65.59 71.48 73.34 70.45 73.49 70.76 66.71 66.07 71.16 77.06 68.06 61.36 57.47 52.95 53.64 50.46 52.24 51.93 56.53 56.89 60.60 51.14 56.06
-9999 -9999 -9999 -9999 -9999 -9999 -9999 -9999 74.27 74.99 83.83 80.81 79.84 89.09 83.54 76.40 82.75 83.71 73.46 77.46 72.94 84.89 82.44 82.43 88.21 79.95 82.41 91.65 83.25 76.23 106.03 60.82 73.27 66.87 66.07 63.32 64.82 66.39 65.08 68.19 67.73 81.46 84.80 74.14 79.33 78.82 73.44 71.20 74.07 70.23 65.39 59.01 65.17 72.74 64.36 67.35 66.04 71.68 73.63 68.31 77.84 69.36 72.21 59.70 67.20 64.21 57.57 56.95 51.91 49.76 59.75 52.63 52.46 46.15 51.66 53.83
-9999 -9999 -9999 -9999 -9999 -9999 -9999 -9999 82.61 94.22 93.10 92.64 87.14 100.63 97.54 87.08 79.90 74.24 70.42 77.52 72.15 82.22 80.46 73.93 81.13 72.34 84.68 86.66 97.17 90.90 87.37 75.51 81.08 67.81 81.68 73.08 89.53 82.38 64.86 74.62 77.53 81.57 83.94 77.04 73.97 73.78 76.62 76.30 71.79 74.14 72.14 65.84 61.39 55.98 55.78 65.00 57.60 61.48 60.64 66.06 73.96 66.81 63.47 72.49 63.56 78.56 66.58 53.60 53.60 71.00 67.75 59.63 50.67 49.06 47.75 47.23
-9999 -9999 -9999 -9999 -9999 -9999 -9999 -9999 65.43 88.79 80.40 94.45 89.15 98.85 88.75 78.47 77.08 77.06 64.88 76.87 75.06 76.89 74.67 75.71 71.05 68.53 78.52 91.57 99.81 115.70 111.18 89.66 82.59 79.08 83.55 89.04 79.55 80.97 76.96 74.06 81.69 75.38 76.72 74.82 70.67 72.99 74.05 69.23 68.94 67.69 62.30 61.99 61.95 61.03 60.73 59.18 64.08 51.25 47.46 55.35 58.71 56.00 58.07 58.33 53.55 60.44 56.02 55.77 52.93 57.03 51.19 58.27 50.18 45.61 48.78 49.09
-9999 -9999 -9999 -9999 -9999 -9999 -9999 -9999 67.55 80.60 78.85 89.63 92.70 96.52 92.34 85.33 78.03 81.76 78.55 74.39 71.26 82.53 74.10 65.42 68.09 68.97 67.12 88.83 116.71 97.10 93.58 105.56 93.32 81.32 95.34 85.33 89.10 95.33 89.88 79.17 81.60 74.12 68.64 68.84 69.69 72.63 77.54 72.35 65.00 61.78 58.95 61.00 57.42 56.44 54.58 55.38 51.59 48.31 49.28 52.13 53.56 55.66 54.72 54.30 49.87 50.42 48.37 44.78 -9999 -9999 45.90 48.13 42.50 48.56 48.51 59.67
-9999 -9999 -9999 -9999 -9999 -9999 -9999 87.53 82.41 85.26 79.30 93.73 94.54 113.62 103.16 111.65 100.28 103.55 85.63 75.76 71.88 91.20 70.86 67.90 63.59 67.61 79.26 105.07 103.59 80.86 78.40 86.18 78.89 78.51 79.80 87.59 95.67 92.14 88.04 85.74 78.27 70.78 67.98 65.34 64.73 66.47 68.97 65.79 54.42 51.60 52.38 54.86 53.47 58.09 -9999 -9999 50.40 49.60 49.88 49.98 51.31 51.26 49.86 -9999 -9999 -9999 -9999 -9999 -9999 -9999 -9999 -9999 -9999 43.18 46.00 49.41
-9999 -9999 -9999 -9999 -9999 -9999 89.74 81.28 99.74 97.21 92.30 92.15 102.79 115.73 117.60 131.79 166.48 129.26 98.97 91.18 91.97 92.79 88.26 66.36 67.68 65.72 86.72 92.82 92.25 77.64 74.37 62.33 66.31 72.55 81.99 86.97 85.43 85.36 75.05 74.84 74.02 68.12 56.38 57.76 60.18 63.66 61.41 56.47 39.60 43.30 44.11 -9999 53.84 60.11 56.92 55.62 53.69 -9999 -9999 -9999 -9999 46.51 -9999 -9999 -9999 -9999 -9999 -9999 -9999 -9999 -9999 -9999 -9999 -9999 -9999 -9999
-9999 -9999 -9999 -9999 -9999 79.20 98.75 103.67 120.27 100.82 113.91 104.79 101.42 95.89 137.69 177.35 179.94 148.43 130.13 133.45 114.54 103.98 92.77 79.82 80.70 67.05 64.52 68.21 64.70 -9999 -9999 -9999 -9999 -9999 68.70 76.18 80.13 71.18 75.40 65.76 55.38 49.61 50.21 52.70 54.51 -9999 -9999 -9999 -9999 -9999 56.10 58.80 56.09 60.58 62.12 69.89 55.43 -9999 -9999 -9999 -9999 -9999 -9999 -9999 -9999 -9999 -9999 -9999 -9999 -9999 -9999 -9999 -9999 -9999 -9999 -9999
-9999 -9999 -9999 -9999 72.17 79.42 93.65 117.47 139.18 125.49 102.88 106.93 122.14 119.23 145.33 186.70 228.30 186.10 167.40 135.23 121.58 88.51 97.52 80.94 63.66 58.28 -9999 -9999 -9999 -9999 -9999 -9999 -9999 -9999 -9999 57.52 61.66 56.02 68.00 68.66 67.01 57.52 56.15 59.28 55.36 -9999 -9999 -9999 -9999 -9999 -9999 -9999 55.46 68.31 59.05 61.73 -9999 -9999 -9999 -9999 -9999 -9999 -9999 -9999 -9999 -9999 -9999 -9999 -9999 -9999 -9999 -9999 -9999 -9999 -9999 -9999
-9999 66.62 69.25 79.23 95.10 93.40 127.80 131.90 141.70 129.29 110.81 112.64 120.02 124.27 137.37 190.09 185.54 168.87 186.16 156.67 114.04 99.37 106.08 85.81 -9999 -9999 -9999 -9999 -9999 -9999 -9999 -9999 -9999 -9999 -9999 -9999 -9999 60.37 -9999 -9999 -9999 -9999 51.09 56.35 55.93 -9999 -9999 -9999 -9999 -9999 -9999 -9999 -9999 57.65 61.61 51.88 -9999 -9999 -9999 -9999 -9999 -9999 -9999 -9999 -9999 -9999 -9999 -9999 -9999 -9999 -9999 -9999 -9999 -9999 -9999 -9999
-9999 75.91 70.40 86.53 103.31 107.86 120.70 129.92 132.49 130.33 111.40 121.71 102.38 109.61 121.68 155.84 178.04 170.29 147.44 138.54 96.07 94.38 86.75 -9999 -9999 -9999 -9999 -9999 -9999 -9999 -9999 -9999 -9999 -9999 -9999 -9999 -9999 44.34 -9999 -9999 -9999 -9999 -9999 -9999 -9999 -9999 -9999 -9999 -9999 -9999 -9999 -9999 -9999 -9999 -9999 -9999 -9999 -9999 -9999 -9999 -9999 -9999 -9999 -9999 -9999 -9999 -9999 -9999 -9999 -9999 -9999 -9999 -9999 -9999 -9999 -9999
-9999 89.91 85.88 96.37 110.18 111.06 112.54 117.04 121.14 120.92 109.24 110.39 97.78 112.13 115.27 146.24 164.99 187.22 157.77 129.89 103.51 97.38 95.60 -9999 -9999 -9999 -9999 -9999 -9999 -9999 -9999 -9999 -9999 -9999 -9999 -9999 -9999 -9999 -9999 -9999 -9999 -9999 -9999 -9999 -9999 -9999 -9999 -9999 -9999 -9999 -9999 -9999 -9999 -9999 -9999 -9999 -9999 -9999 -9999 -9999 -9999 -9999 -9999 -9999 -9999 -9999 -9999 -9999 -9999 -9999 -9999 -9999 -9999 -9999 -9999 -9999
75.25 88.45 99.26 114.46 118.47 119.36 116.82 107.43 102.38 99.13 96.48 92.88 96.87 91.58 106.12 120.27 141.21 158.19 142.14 115.78 96.73 113.17 89.19 -9999 -9999 -9999 -9999 -9999 -9999 -9999 -9999 -9999 -9999 -9999 -9999 -9999 -9999 -9999 -9999 -9999 -9999 -9999 -9999 -9999 -9999 -9999 -9999 -9999 -9999 -9999 -9999 -9999 -9999 -9999 -9999 -9999 -9999 -9999 -9999 -9999 -9999 -9999 -9999 -9999 -9999 -9999 -9999 -9999 -9999 -9999 -9999 -9999 -9999 -9999 -9999 -9999
