Rainfall_2007-2011/Rainfall_2009-11_ACTUAL.txt
ncols         180
nrows         290
xllcorner     -200000
yllcorner     -200000
cellsize      5000
NODATA_value  -9999
[rows 165 to 197 of 290, columns 75 to 149 of 180]
-9999 -9999 -9999 -9999 -9999 -9999 -9999 -9999 -9999 -9999 -9999 -9999 -9999 -9999 -9999 -9999 -9999 -9999 -9999 -9999 -9999 -9999 -9999 -9999 -9999 -9999 -9999 -9999 -9999 -9999 -9999 -9999 134.58 132.81 137.79 147.34 182.94 233.18 247.57 263.05 261.61 258.72 311.49 295.47 312.54 271.16 204.09 171.62 149.34 110.69 132.25 115.45 108.56 107.52 96.55 86.75 92.57 99.16 94.16 91.77 88.89 82.73 76.41 87.87 85.09 87.11 78.44 74.79 -9999 74.78 74.12 76.84 73.22 -9999 -9999
-9999 -9999 -9999 -9999 -9999 -9999 -9999 -9999 -9999 -9999 -9999 -9999 -9999 -9999 -9999 -9999 -9999 -9999 -9999 -9999 -9999 -9999 -9999 -9999 -9999 -9999 -9999 -9999 -9999 -9999 -9999 142.56 138.08 158.46 152.96 166.33 163.41 244.02 277.68 287.33 312.57 285.75 308.62 312.85 321.61 284.09 275.78 198.93 154.47 154.38 126.97 109.82 112.70 115.59 103.53 116.83 98.04 102.76 94.26 89.93 89.14 84.96 90.61 90.94 88.90 100.65 84.18 77.54 79.91 -9999 66.35 74.69 70.32 72.12 -9999
-9999 -9999 -9999 -9999 -9999 -9999 -9999 -9999 -9999 -9999 -9999 -9999 -9999 -9999 -9999 -9999 -9999 -9999 -9999 -9999 -9999 -9999 -9999 -9999 -9999 -9999 -9999 -9999 -9999 -9999 -9999 140.14 147.59 157.01 167.16 183.55 199.71 208.83 256.72 225.09 239.44 243.44 252.99 243.05 248.53 264.38 240.45 211.23 191.87 160.39 122.24 135.14 118.22 126.95 116.71 105.66 101.12 102.28 94.91 86.29 89.09 86.55 84.09 89.86 85.45 77.91 83.48 86.91 84.53 84.76 -9999 -9999 -9999 -9999 -9999
-9999 -9999 -9999 -9999 -9999 -9999 -9999 -9999 -9999 -9999 -9999 -9999 -9999 -9999 -9999 -9999 -9999 -9999 -9999 -9999 -9999 -9999 -9999 -9999 -9999 -9999 -9999 -9999 -9999 -9999 142.85 145.46 155.84 175.10 187.12 168.53 194.62 211.60 223.63 213.54 192.72 197.72 211.73 222.25 252.29 299.27 314.78 260.50 238.70 215.14 154.29 116.49 102.01 133.88 117.21 103.15 97.97 94.92 88.24 85.18 86.82 88.74 91.54 91.80 97.39 94.01 94.80 93.60 91.65 87.95 81.92 87.32 -9999 -9999 -9999
-9999 -9999 -9999 -9999 -9999 -9999 -9999 -9999 -9999 -9999 -9999 -9999 -9999 -9999 -9999 -9999 -9999 -9999 -9999 -9999 -9999 -9999 -9999 -9999 -9999 -9999 -9999 -9999 -9999 -9999 -9999 150.02 187.48 199.41 178.16 204.00 181.79 192.87 185.85 190.16 190.87 184.13 188.79 192.34 213.77 262.08 291.68 298.15 263.41 222.20 187.92 134.61 123.15 98.41 93.84 103.76 96.32 89.87 91.31 88.65 83.33 81.22 94.74 93.96 91.49 93.56 99.58 106.83 97.23 94.67 84.00 83.05 83.92 84.48 -9999
-9999 -9999 -9999 -9999 -9999 -9999 -9999 -9999 -9999 -9999 -9999 -9999 -9999 -9999 -9999 -9999 -9999 -9999 -9999 -9999 -9999 -9999 -9999 -9999 -9999 -9999 -9999 -9999 -9999 -9999 -9999 163.88 176.36 171.27 169.05 176.45 171.70 166.04 163.27 181.18 189.11 160.92 154.98 177.41 183.93 194.58 255.15 291.09 285.00 266.33 207.36 157.49 122.51 112.31 102.67 109.73 93.63 94.30 87.81 97.44 89.70 86.55 94.75 97.98 91.83 94.57 92.84 82.39 99.98 91.55 85.39 82.91 82.44 85.75 -9999
-9999 -9999 -9999 -9999 -9999 -9999 -9999 -9999 -9999 -9999 -9999 277.45 254.41 233.88 243.21 -9999 -9999 -9999 -9999 -9999 -9999 -9999 -9999 -9999 -9999 -9999 -9999 -9999 -9999 -9999 137.09 124.41 148.98 163.39 174.61 161.64 144.80 138.07 150.44 158.14 160.73 156.89 154.60 161.12 186.55 229.53 230.06 273.03 257.02 287.79 254.37 151.97 142.93 110.27 121.96 91.90 84.62 103.30 89.76 90.82 98.98 92.32 107.42 107.78 98.03 92.62 90.13 98.43 101.93 97.22 101.45 90.79 86.77 87.07 86.59
-9999 -9999 -9999 -9999 -9999 -9999 -9999 -9999 -9999 -9999 -9999 257.15 260.59 244.58 243.56 -9999 -9999 -9999 -9999 -9999 -9999 -9999 -9999 -9999 -9999 -9999 -9999 -9999 -9999 142.79 140.05 137.56 151.95 171.09 157.12 147.45 121.74 126.51 142.34 154.35 154.36 153.23 141.19 143.82 145.26 182.33 228.74 292.08 243.57 256.46 220.69 178.73 139.50 108.85 106.96 88.06 95.52 97.91 92.12 83.87 104.26 108.49 115.49 106.64 108.24 97.02 96.77 95.51 112.55 108.40 101.64 99.63 96.79 92.92 88.58
-9999 -9999 -9999 -9999 -9999 -9999 -9999 -9999 -9999 153.54 206.43 233.08 266.58 268.74 269.04 252.48 190.47 218.39 -9999 -9999 171.43 182.78 -9999 -9999 -9999 135.33 148.07 151.60 -9999 132.66 146.81 140.97 138.72 143.11 145.74 153.13 142.96 141.27 139.95 138.19 129.86 137.84 134.71 128.38 131.29 163.77 200.87 243.15 177.22 192.95 200.77 144.06 153.82 117.72 113.79 105.77 109.42 104.78 102.98 92.00 100.31 102.65 107.85 100.00 121.59 103.37 98.59 93.06 108.80 116.72 99.74 107.26 94.70 92.23 87.99
-9999 -9999 -9999 -9999 -9999 -9999 -9999 -9999 -9999 -9999 199.50 217.35 238.85 238.24 267.74 255.89 236.38 216.27 -9999 185.48 220.92 237.26 211.40 172.11 154.91 143.95 158.26 156.82 144.50 -9999 129.95 131.65 133.85 123.23 133.43 139.00 132.99 141.58 139.14 143.06 140.51 133.06 150.29 141.14 180.33 208.53 215.51 204.52 151.11 197.94 149.07 140.29 125.29 116.48 131.69 123.69 105.52 103.63 95.99 102.44 105.43 99.29 102.96 102.57 114.36 102.24 96.73 95.85 102.70 111.43 110.21 108.63 101.75 96.79 88.56
-9999 -9999 -9999 -9999 -9999 -9999 -9999 -9999 -9999 -9999 -9999 218.13 242.84 249.84 259.28 229.29 251.74 297.76 355.80 436.53 308.09 295.11 274.54 248.74 198.23 184.52 153.12 170.92 161.28 149.09 130.10 127.26 137.23 134.77 141.17 139.93 137.08 150.76 148.03 148.30 126.35 123.74 145.21 119.78 181.95 206.17 215.41 195.77 168.38 170.77 156.31 145.97 132.19 120.30 127.32 115.70 103.62 102.61 97.90 105.97 105.72 97.54 95.91 98.60 100.18 96.43 93.19 89.06 95.40 89.94 99.56 104.49 106.45 103.06 88.84
-9999 -9999 -9999 -9999 -9999 -9999 -9999 -9999 -9999 -9999 -9999 -9999 255.00 247.99 287.28 255.23 348.94 459.40 563.60 546.25 434.01 373.17 301.89 280.09 237.68 195.21 170.77 201.14 135.42 154.26 144.49 140.48 131.81 128.17 134.13 133.78 134.26 128.65 137.71 123.20 115.92 111.31 125.08 150.86 175.81 214.59 211.05 192.77 188.54 151.99 152.11 184.55 140.08 125.62 122.12 108.90 102.92 108.71 97.46 104.21 100.25 92.01 94.24 90.88 84.94 84.87 87.75 85.67 90.24 93.07 96.80 110.69 99.09 93.20 87.26
-9999 -9999 -9999 -9999 -9999 -9999 -9999 -9999 -9999 -9999 -9999 -9999 -9999 288.17 297.38 427.50 565.74 641.51 664.71 692.65 584.15 483.20 378.83 337.72 237.99 242.78 198.18 173.44 203.22 181.76 167.03 143.15 136.39 137.92 127.31 118.42 118.23 111.08 102.17 108.24 114.76 110.90 119.74 139.38 174.85 189.81 179.26 167.25 186.15 164.44 136.65 166.64 140.40 123.27 122.34 122.73 122.53 117.98 100.64 107.69 95.19 94.57 94.87 90.76 84.01 86.19 84.51 82.81 84.04 90.99 91.37 97.66 88.84 95.14 85.10
-9999 -9999 -9999 -9999 -9999 -9999 -9999 -9999 -9999 -9999 -9999 -9999 -9999 288.94 323.25 471.36 606.08 779.83 714.36 647.39 472.98 411.06 455.57 404.81 370.59 269.14 234.48 191.83 185.17 216.03 198.73 187.45 138.60 139.88 126.26 116.94 116.46 103.75 90.30 101.08 115.27 106.90 116.46 149.60 139.35 154.21 174.25 183.02 183.59 148.01 146.72 142.75 134.43 121.12 119.54 116.82 130.79 124.43 100.12 95.36 84.96 79.85 82.98 74.87 76.17 90.40 85.64 83.10 81.65 85.90 78.92 82.62 82.99 85.61 78.13
-9999 -9999 -9999 -9999 -9999 -9999 -9999 -9999 -9999 -9999 -9999 -9999 -9999 303.35 348.13 488.91 608.31 738.09 620.36 546.93 530.80 398.21 435.95 408.58 356.83 331.59 261.70 212.75 243.07 240.31 214.20 170.94 163.86 143.25 130.33 119.44 116.18 110.28 99.73 104.23 112.16 119.56 128.11 145.10 141.08 145.70 154.52 153.50 178.30 127.41 145.24 143.82 120.50 120.66 121.95 121.40 122.53 108.33 108.12 87.13 81.62 76.54 78.50 71.05 90.39 83.50 86.76 81.98 80.64 75.37 79.11 73.74 80.09 82.36 75.87
-9999 -9999 -9999 -9999 -9999 -9999 -9999 -9999 -9999 -9999 -9999 -9999 280.38 444.49 398.78 493.42 514.86 497.40 557.13 592.43 580.46 531.27 504.92 403.32 340.90 303.34 252.03 247.73 269.58 241.69 221.66 189.43 181.96 133.18 137.66 122.13 114.44 110.25 104.71 104.33 114.36 121.89 116.92 132.77 136.68 115.37 145.91 163.09 140.03 133.95 122.90 128.90 136.19 117.87 118.45 118.78 114.24 109.93 96.63 90.60 83.13 78.30 79.26 73.31 84.98 81.62 83.06 84.50 79.78 78.20 75.18 83.30 81.36 84.92 -9999
-9999 -9999 -9999 -9999 -9999 -9999 -9999 -9999 -9999 -9999 215.85 240.00 275.73 315.28 318.28 313.24 374.35 343.13 390.15 680.90 603.77 549.89 562.40 419.68 394.39 285.19 281.99 249.83 205.28 208.62 209.98 188.57 172.47 137.32 136.51 135.76 128.66 113.35 99.03 111.93 116.68 121.80 112.41 122.42 128.27 127.08 133.96 122.43 134.16 115.87 108.38 112.49 112.57 108.26 102.79 109.79 99.42 94.88 88.52 79.96 77.18 70.42 75.54 73.96 79.27 83.07 74.43 80.77 78.65 79.50 79.60 81.92 76.03 -9999 -9999
-9999 -9999 -9999 -9999 -9999 -9999 -9999 -9999 -9999 199.60 210.54 246.54 266.27 267.45 227.26 238.27 261.80 294.00 387.40 482.35 525.02 612.11 511.90 368.84 357.79 288.24 350.68 346.42 300.23 231.66 217.64 190.86 160.31 139.14 134.56 138.70 130.22 121.84 108.50 115.43 129.12 107.19 116.00 126.42 124.82 113.59 117.20 109.67 109.75 100.79 98.55 97.69 94.45 94.89 98.70 88.64 90.22 79.63 80.74 64.72 66.96 60.10 67.16 75.83 83.70 84.37 74.30 75.22 74.03 73.98 74.57 75.44 73.96 -9999 -9999
-9999 -9999 -9999 -9999 -9999 -9999 -9999 -9999 245.41 222.27 212.93 247.79 -9999 -9999 -9999 -9999 224.42 316.06 465.66 471.62 495.02 496.44 505.57 480.12 458.28 389.61 478.90 411.98 329.19 243.50 211.07 167.04 146.07 137.90 124.01 132.17 127.47 114.85 120.26 105.65 118.28 109.16 107.45 110.92 114.91 107.29 116.10 97.58 100.88 100.84 86.26 82.86 79.82 80.32 84.45 83.77 81.36 76.05 77.34 63.48 67.69 66.21 68.19 72.94 87.21 84.51 80.33 77.02 70.92 71.07 75.52 76.83 76.15 89.82 -9999
-9999 -9999 -9999 -9999 -9999 -9999 -9999 -9999 219.15 255.22 206.50 197.42 -9999 -9999 -9999 -9999 240.93 302.11 503.75 406.71 495.19 534.61 557.18 563.93 560.56 433.93 454.00 301.01 272.83 229.69 197.20 163.11 139.62 132.28 132.88 142.54 124.41 104.03 110.94 107.47 99.53 118.21 104.24 102.51 104.32 105.87 103.06 102.88 107.88 92.36 87.24 83.70 88.29 84.65 77.12 79.44 76.38 82.69 83.99 75.38 85.24 79.13 75.05 75.37 84.87 88.28 76.86 70.55 69.96 69.88 76.19 73.25 71.79 81.48 81.80
-9999 -9999 -9999 -9999 -9999 -9999 -9999 -9999 -9999 -9999 -9999 -9999 -9999 -9999 -9999 -9999 192.15 327.01 405.68 397.35 484.76 480.86 595.18 581.74 495.57 480.33 441.01 314.08 264.81 210.52 185.81 150.12 143.02 126.35 122.90 109.19 104.26 114.30 106.57 115.20 123.43 123.51 108.69 103.97 99.09 99.84 94.23 95.28 100.91 89.00 94.58 98.62 90.33 83.15 81.08 81.33 86.83 73.05 83.95 83.94 80.81 78.63 82.72 69.13 77.21 83.18 78.22 69.05 69.44 65.96 70.02 70.76 75.41 79.15 81.69
-9999 -9999 -9999 -9999 -9999 -9999 -9999 -9999 -9999 -9999 -9999 -9999 -9999 -9999 -9999 -9999 -9999 331.49 324.27 426.81 470.88 566.15 568.13 576.48 528.43 418.58 334.27 288.77 248.18 187.63 154.95 131.45 139.83 122.53 117.40 109.54 101.31 105.50 103.97 112.42 104.38 105.07 104.67 98.23 107.03 107.79 90.95 90.85 91.46 89.91 92.24 94.26 93.66 90.74 99.03 93.53 77.86 77.18 76.28 75.65 78.87 76.07 84.38 77.23 78.47 74.10 75.73 69.20 69.54 65.04 64.56 73.80 81.91 80.59 81.35
-9999 -9999 -9999 -9999 -9999 -9999 -9999 -9999 -9999 -9999 -9999 -9999 -9999 -9999 -9999 -9999 -9999 314.03 445.37 542.86 544.94 550.45 503.09 470.42 421.98 370.16 308.23 221.86 228.68 183.23 148.38 148.13 135.77 128.62 112.48 104.99 96.55 98.73 99.04 112.23 92.93 95.56 99.28 101.15 106.25 107.90 95.94 80.85 86.78 84.41 86.03 93.61 94.73 92.88 110.51 93.53 77.91 79.47 82.60 81.89 86.01 84.13 85.83 83.21 78.11 76.91 74.63 70.59 66.92 65.78 63.21 68.81 67.00 75.63 78.32
-9999 -9999 -9999 -9999 -9999 -9999 -9999 -9999 -9999 -9999 -9999 -9999 -9999 -9999 -9999 -9999 282.79 314.92 439.72 521.92 523.73 492.88 399.26 409.68 389.61 374.37 277.94 217.71 215.36 162.26 193.70 147.05 132.78 124.46 132.95 100.22 101.95 115.50 114.82 111.78 95.58 92.65 98.70 102.32 106.41 103.96 95.27 90.16 85.67 83.69 81.67 80.69 89.44 81.62 80.37 80.04 82.26 87.03 86.82 81.08 89.96 100.05 90.35 80.25 76.23 78.88 75.14 67.70 65.42 64.57 64.15 62.34 68.90 77.55 86.72
-9999 -9999 -9999 -9999 -9999 -9999 -9999 -9999 -9999 -9999 -9999 -9999 -9999 -9999 -9999 -9999 248.89 289.20 438.35 361.54 383.92 383.09 374.06 386.43 394.70 315.88 253.23 212.53 195.99 160.65 148.79 142.05 163.38 155.59 131.17 115.84 93.61 104.23 115.35 112.13 103.21 99.84 102.73 98.00 111.96 95.55 100.75 105.14 94.95 88.94 83.89 86.34 86.55 93.59 85.71 87.77 80.74 82.74 81.18 92.34 83.61 94.72 85.47 75.54 77.11 71.46 65.93 71.35 66.66 55.63 61.98 62.29 71.14 78.45 82.74
-9999 -9999 -9999 -9999 -9999 -9999 -9999 -9999 -9999 -9999 -9999 -9999 -9999 -9999 -9999 -9999 199.27 253.38 283.61 354.30 371.70 445.04 415.17 430.14 371.94 339.85 259.85 216.26 188.70 163.64 165.07 153.79 182.65 193.75 155.17 140.54 113.47 112.00 119.66 103.54 101.66 96.51 97.02 104.47 107.01 106.28 114.82 111.14 107.74 92.51 102.33 93.50 91.48 90.94 79.02 87.79 82.96 84.57 80.26 83.67 73.77 72.49 71.97 74.78 78.45 79.13 66.17 65.02 66.56 63.22 62.98 74.76 74.71 82.41 85.37
-9999 -9999 -9999 -9999 -9999 -9999 -9999 -9999 -9999 -9999 -9999 -9999 -9999 -9999 -9999 -9999 -9999 237.74 314.13 394.14 468.95 567.24 458.46 421.91 341.04 252.13 225.17 204.65 188.05 170.73 154.19 175.66 161.32 192.20 149.82 115.46 98.51 124.00 134.15 104.02 106.64 99.77 98.70 112.75 106.92 104.13 106.46 108.71 99.81 94.48 104.15 103.48 86.62 85.58 83.41 83.49 82.81 79.36 72.36 77.15 66.42 73.53 74.94 80.48 78.00 73.47 65.39 68.93 75.05 76.50 72.16 74.70 76.93 84.46 88.87
-9999 -9999 -9999 -9999 -9999 -9999 -9999 -9999 -9999 -9999 -9999 -9999 -9999 -9999 -9999 -9999 -9999 247.21 299.19 369.16 481.61 703.81 624.32 486.43 330.79 266.44 245.92 255.32 235.60 222.66 185.56 145.89 159.59 166.04 135.04 135.05 141.69 131.06 128.52 113.07 111.44 103.82 102.42 107.13 115.65 112.03 114.49 109.82 103.44 108.33 105.31 101.31 92.71 90.55 93.28 89.68 85.36 77.10 69.85 79.03 75.90 77.50 83.22 79.26 76.79 76.27 72.52 73.80 77.42 74.24 73.13 68.22 86.27 88.07 94.87
-9999 -9999 -9999 -9999 -9999 -9999 -9999 -9999 -9999 -9999 -9999 -9999 -9999 -9999 -9999 -9999 211.46 199.67 291.44 367.46 415.91 526.27 570.81 392.94 367.03 389.51 306.66 306.79 230.05 189.80 184.59 190.86 195.01 151.63 142.45 152.32 145.65 141.06 129.60 107.18 116.18 103.29 106.89 111.61 108.90 117.65 123.36 107.06 108.32 102.44 107.75 102.64 97.73 99.58 96.60 82.08 86.82 83.64 80.52 84.31 79.75 74.33 77.94 78.76 75.46 72.40 78.60 74.54 76.50 73.45 76.07 81.83 90.33 87.85 90.16
-9999 -9999 -9999 -9999 -9999 -9999 -9999 -9999 -9999 -9999 -9999 -9999 -9999 -9999 -9999 -9999 231.64 256.05 297.16 337.69 448.67 552.30 513.47 433.96 315.15 289.50 304.33 286.49 261.71 221.96 233.19 210.20 165.93 163.57 132.36 147.72 126.06 155.30 120.44 110.16 114.95 102.77 103.79 95.35 117.42 115.31 110.04 113.57 106.61 109.85 103.58 102.43 95.38 98.72 92.23 83.65 81.16 81.27 89.56 86.57 84.83 79.11 76.84 78.10 73.61 78.26 86.00 84.77 79.41 80.23 78.86 100.61 107.76 91.02 87.99
-9999 -9999 -9999 -9999 -9999 -9999 -9999 -9999 -9999 -9999 -9999 -9999 -9999 -9999 -9999 -9999 237.93 263.73 266.10 357.16 430.97 521.31 549.63 457.36 322.28 302.87 296.88 248.41 252.26 277.06 199.88 177.03 171.01 134.09 167.58 137.88 122.91 123.61 109.46 110.84 100.84 90.39 97.95 101.47 97.61 98.01 108.72 113.08 107.36 106.19 104.22 93.28 88.26 85.88 85.81 78.38 70.03 73.43 79.57 77.30 75.23 78.46 74.15 78.04 75.45 80.00 83.41 80.20 80.14 88.95 93.14 96.67 90.45 89.75 86.22
-9999 -9999 -9999 -9999 -9999 -9999 -9999 -9999 -9999 -9999 -9999 -9999 -9999 -9999 -9999 229.83 256.56 305.87 315.70 345.22 434.72 457.58 484.62 384.39 336.91 267.34 238.31 205.97 260.32 226.94 173.87 193.84 173.30 136.40 130.09 119.36 108.32 108.41 114.82 100.95 102.49 109.57 98.76 99.58 96.89 99.09 103.52 113.55 105.12 104.11 100.88 93.15 83.36 75.14 78.41 67.80 77.29 75.70 78.81 77.39 78.64 77.84 82.12 70.18 79.44 76.59 74.51 85.28 82.37 86.92 95.73 93.73 86.89 95.99 99.53
-9999 -9999 -9999 -9999 -9999 -9999 -9999 -9999 -9999 -9999 -9999 -9999 -9999 -9999 214.39 238.45 268.55 272.69 274.66 364.07 468.09 490.29 466.95 470.68 341.73 289.95 257.67 204.61 266.10 221.28 205.20 172.98 160.59 146.21 138.00 128.13 133.15 117.92 114.27 134.52 126.90 112.14 99.32 101.66 94.24 106.52 116.91 108.40 103.82 106.35 114.56 95.49 79.81 80.12 78.58 71.47 78.60 75.49 82.05 75.29 77.28 74.74 77.91 76.83 89.58 83.51 83.08 84.83 92.39 95.67 98.77 91.01 91.17 92.12 95.03
