Rainfall_2007-2011/Rainfall_2007-06_ACTUAL.txt
ncols         180
nrows         290
xllcorner     -200000
yllcorner     -200000
cellsize      5000
NODATA_value  -9999
[rows 198 to 230 of 290, columns 75 to 149 of 180]
-9999 -9999 -9999 -9999 -9999 -9999 -9999 -9999 -9999 -9999 -9999 -9999 115.21 113.22 143.61 155.67 152.58 177.31 167.56 178.38 184.38 203.91 209.91 201.33 189.95 148.03 165.73 130.53 212.31 160.12 154.26 162.75 163.29 188.55 157.27 136.72 173.14 153.83 173.14 161.27 166.31 166.60 133.22 117.58 125.04 119.24 122.31 125.94 128.82 115.88 112.45 127.75 155.29 159.74 153.27 150.34 134.91 138.15 136.66 141.50 152.06 143.13 127.67 90.70 83.19 72.41 69.70 72.04 73.06 71.21 72.82 75.35 77.46 65.86 68.02
-9999 -9999 -9999 -9999 -9999 -9999 -9999 -9999 110.46 82.04 104.09 160.10 170.48 165.97 179.17 163.42 177.27 212.23 214.85 182.83 192.30 186.48 185.92 170.92 158.56 124.53 154.88 149.01 202.71 169.13 153.29 155.20 168.48 167.36 191.02 170.92 166.84 171.72 174.79 163.37 154.27 138.21 120.96 118.13 108.17 132.33 121.33 124.31 127.11 128.70 127.21 136.06 140.99 143.46 140.86 132.49 148.95 141.53 133.75 136.80 147.67 137.27 104.14 95.43 98.28 75.47 73.46 71.87 73.71 69.48 76.06 74.15 71.27 65.75 71.90
-9999 -9999 -9999 -9999 -9999 -9999 -9999 140.94 141.52 135.84 134.86 143.99 173.36 170.87 178.49 165.06 143.36 226.19 211.87 187.35 153.32 192.83 169.96 148.87 176.15 125.38 125.71 183.57 157.67 136.36 111.74 136.20 151.44 175.23 154.90 138.05 116.05 136.48 158.73 166.02 161.62 139.09 136.20 118.20 110.79 139.25 136.80 124.96 124.10 133.74 139.92 132.29 144.16 127.68 124.19 134.26 147.99 128.24 118.88 123.86 155.98 165.67 122.03 92.89 87.49 78.74 77.18 77.52 73.60 63.63 68.21 66.40 71.75 77.02 77.70
-9999 -9999 -9999 -9999 -9999 -9999 124.93 134.82 136.86 133.83 130.04 150.19 157.57 180.49 174.74 171.74 227.04 197.59 169.52 187.33 148.33 169.53 161.36 169.46 175.65 170.29 147.04 143.87 114.49 96.52 150.89 183.51 150.63 145.08 137.33 131.75 105.51 104.00 149.00 173.48 175.04 143.92 133.58 116.52 120.17 140.21 144.73 128.57 142.62 134.54 133.37 118.20 123.69 112.79 107.98 120.79 137.08 114.88 115.56 115.98 116.87 139.33 102.93 86.61 71.05 54.34 83.26 82.43 78.84 70.64 66.62 65.84 60.84 74.86 73.73
-9999 -9999 116.68 140.12 133.78 161.18 144.76 145.67 152.77 156.71 143.36 164.05 156.64 198.30 200.92 207.66 219.94 179.03 163.86 158.73 149.79 154.76 162.74 156.18 147.55 137.20 152.85 135.55 101.41 129.47 171.25 191.43 220.00 165.91 144.03 118.88 118.25 148.85 134.19 153.24 169.66 138.36 141.88 139.40 150.66 135.01 128.99 145.73 129.31 131.32 126.38 105.84 118.04 108.44 89.04 93.54 91.75 93.25 103.57 103.56 107.78 115.37 88.05 81.29 76.12 76.41 72.75 77.39 80.23 62.57 62.54 71.03 66.56 80.60 76.56
-9999 115.65 134.11 152.64 179.64 185.25 219.38 191.24 206.58 173.46 194.52 212.31 196.76 212.92 238.10 217.06 162.48 172.21 142.10 133.18 136.06 126.42 140.06 136.44 140.08 134.73 130.36 146.97 154.09 270.12 230.35 200.17 189.65 165.10 134.34 148.63 122.88 128.10 123.97 128.52 143.70 138.58 146.70 145.46 139.23 134.34 156.22 144.67 153.73 136.79 134.53 140.15 124.10 115.24 94.55 96.94 98.01 98.02 98.82 97.64 89.41 116.72 91.93 85.53 73.73 69.99 68.61 76.58 73.27 56.82 64.42 72.18 67.54 92.72 79.16
101.96 129.65 146.27 143.81 154.06 181.50 188.50 174.43 165.31 181.52 185.05 197.25 203.04 196.82 216.77 182.64 132.96 136.29 117.58 131.63 151.68 132.90 144.91 140.29 160.04 120.23 148.70 117.64 209.98 264.54 230.32 175.87 171.38 150.54 142.30 140.23 128.51 119.45 112.77 117.98 135.78 139.02 139.38 164.67 125.18 126.21 130.47 141.35 146.45 137.14 129.25 136.00 122.19 97.26 87.97 91.00 101.46 92.89 78.78 88.09 93.67 103.87 98.35 97.31 83.65 71.67 79.12 64.96 71.08 66.37 64.33 74.50 79.98 87.81 86.02
-9999 128.40 133.22 139.74 136.86 154.48 192.77 156.62 153.85 158.64 173.81 156.25 179.92 157.79 146.25 130.42 119.91 126.04 154.67 163.97 194.18 237.54 181.13 175.64 163.76 194.34 202.31 140.76 138.60 288.60 212.59 180.55 126.57 158.13 157.71 141.51 128.44 147.05 135.56 143.74 130.55 131.56 151.83 155.31 146.83 175.55 141.87 124.07 128.58 120.32 113.41 108.40 116.42 92.68 83.96 80.07 72.55 69.28 80.70 83.57 89.49 82.24 82.62 78.88 68.26 66.96 67.41 77.52 58.94 62.84 71.62 83.63 72.74 78.68 75.49
-9999 -9999 142.47 139.62 146.16 150.79 161.87 158.61 154.22 163.22 167.27 163.94 172.83 153.68 148.59 138.07 148.17 131.99 168.28 190.99 200.45 196.17 211.24 189.08 205.03 244.28 173.18 182.96 159.47 118.36 168.56 173.94 117.94 140.51 131.19 163.41 150.09 160.41 132.90 134.70 125.47 129.05 136.85 146.50 176.97 157.80 163.51 143.01 137.21 118.71 104.28 120.83 107.04 93.86 88.77 77.28 71.12 76.54 80.06 78.87 88.73 73.07 72.49 81.37 80.50 82.01 67.27 69.59 75.53 69.73 75.83 66.95 63.97 70.34 78.06
-9999 103.81 115.22 113.89 130.72 116.51 123.17 141.33 151.68 134.55 145.20 160.31 182.69 189.34 182.33 146.25 155.88 142.04 157.05 181.68 201.10 148.20 156.49 170.54 184.74 179.27 191.43 181.29 161.98 154.28 203.08 155.09 136.63 165.14 170.21 168.34 174.98 138.47 153.60 120.53 128.69 132.81 168.70 164.66 146.15 146.71 142.54 148.02 158.99 135.95 112.11 112.97 104.30 83.97 78.20 76.17 78.73 84.81 81.10 84.70 92.00 90.02 82.78 84.50 87.00 75.26 69.58 64.19 75.76 70.08 68.75 59.24 59.70 69.36 88.44
77.58 81.39 102.27 113.08 108.80 106.72 104.58 120.76 113.10 111.32 116.81 155.75 193.97 169.27 181.19 182.37 149.97 177.71 186.81 200.63 229.36 183.13 131.71 130.34 129.71 139.36 153.01 182.42 161.02 148.73 184.77 138.55 141.83 145.99 164.79 185.64 208.35 151.39 132.42 119.49 138.38 160.89 135.22 140.19 106.61 132.31 127.66 137.81 131.56 120.33 100.54 91.89 87.39 73.87 83.19 77.38 75.33 62.47 78.24 84.49 92.24 98.34 93.41 92.44 86.77 78.32 73.69 69.82 69.32 44.01 67.29 62.89 61.35 68.10 93.01
-9999 -9999 95.42 107.16 104.97 104.42 115.06 102.18 -9999 -9999 -9999 -9999 186.85 176.07 175.39 146.34 133.12 148.63 158.05 165.41 177.84 153.82 192.81 193.87 164.76 146.14 149.99 171.53 175.68 165.05 154.51 139.09 156.52 141.92 191.08 171.85 166.14 127.70 120.07 107.65 131.73 142.82 109.22 134.93 119.09 100.48 105.33 126.25 121.09 107.12 104.26 103.44 95.60 85.01 83.05 78.69 75.00 66.13 84.96 91.55 97.31 120.43 97.11 94.21 90.77 90.59 61.80 71.85 59.61 67.38 65.19 61.08 67.96 75.39 84.65
-9999 -9999 98.42 113.75 120.87 101.40 109.63 82.59 -9999 -9999 -9999 -9999 -9999 -9999 -9999 118.06 129.55 137.11 134.11 134.35 158.97 188.88 196.89 203.97 188.17 195.15 167.62 159.65 136.88 168.60 183.49 132.06 136.04 169.01 180.77 173.72 125.74 116.35 124.83 110.85 117.05 120.19 104.00 107.05 100.56 98.71 96.72 113.72 108.98 106.43 102.74 100.09 94.04 90.95 87.07 87.31 94.59 85.68 89.15 103.16 103.58 114.10 97.12 94.46 89.92 80.15 66.67 65.84 57.47 63.23 66.17 65.01 91.47 72.21 82.93
-9999 -9999 -9999 -9999 104.56 -9999 -9999 -9999 -9999 -9999 -9999 -9999 -9999 102.77 107.50 106.35 114.82 120.93 119.22 118.88 140.02 171.69 193.71 214.13 189.74 178.58 162.98 169.00 144.73 147.74 148.48 122.42 116.94 142.28 148.64 136.04 117.55 126.45 107.44 104.59 110.96 105.78 93.70 96.71 102.98 99.75 102.70 104.56 107.64 102.92 111.17 78.75 84.68 90.00 90.81 103.19 98.93 81.58 90.94 117.47 108.43 110.01 76.74 86.42 80.96 79.28 60.11 61.46 57.53 74.68 71.53 65.98 65.07 84.89 86.49
-9999 -9999 -9999 -9999 -9999 -9999 -9999 -9999 -9999 -9999 -9999 -9999 -9999 97.07 102.03 91.80 93.47 88.62 -9999 -9999 104.43 151.86 139.24 159.62 155.39 163.22 141.91 154.88 119.69 123.24 131.12 116.81 131.96 143.67 117.62 111.08 106.88 96.68 98.84 100.50 110.63 92.05 83.45 78.48 120.58 110.90 120.19 101.78 104.14 105.45 116.45 121.21 107.81 102.12 97.20 94.68 91.44 95.94 99.77 116.66 106.02 106.31 79.16 86.07 80.73 68.00 64.03 68.93 72.64 67.83 76.36 65.07 60.13 64.78 66.25
-9999 -9999 -9999 -9999 -9999 -9999 -9999 -9999 -9999 -9999 -9999 -9999 -9999 -9999 -9999 -9999 -9999 -9999 -9999 -9999 95.31 102.30 106.69 122.83 119.87 133.00 108.93 124.75 118.54 108.19 104.96 109.13 111.82 120.98 -9999 106.83 102.71 104.88 97.41 83.13 93.23 89.68 99.82 97.23 98.90 96.99 108.06 93.79 111.43 118.65 117.93 104.22 104.70 114.09 94.47 91.30 96.69 90.60 105.99 103.80 94.70 95.46 86.20 72.34 75.09 63.57 69.77 68.19 66.14 63.77 58.48 63.34 59.05 55.41 49.92
-9999 -9999 -9999 -9999 -9999 -9999 -9999 -9999 -9999 -9999 -9999 -9999 -9999 -9999 -9999 -9999 -9999 -9999 -9999 -9999 -9999 87.79 87.30 104.37 125.66 125.68 107.59 109.02 104.88 105.91 -9999 -9999 -9999 -9999 102.35 104.19 118.02 111.11 90.55 86.08 95.96 115.66 113.82 98.06 91.21 95.54 97.17 109.08 104.45 120.26 114.06 111.89 113.54 115.93 113.48 95.02 98.05 89.59 96.94 100.62 89.05 89.87 81.74 74.63 75.92 71.76 64.59 70.29 69.79 57.14 51.26 55.88 51.39 49.95 45.39
-9999 -9999 -9999 -9999 -9999 -9999 -9999 -9999 -9999 -9999 -9999 -9999 -9999 -9999 -9999 -9999 -9999 -9999 -9999 -9999 -9999 -9999 93.03 111.33 123.04 119.86 107.90 102.81 100.45 -9999 -9999 -9999 -9999 98.79 120.13 122.14 126.54 106.22 83.88 88.57 95.28 109.72 100.47 89.93 94.81 98.23 111.05 125.32 110.92 113.36 110.07 114.95 114.37 118.15 108.81 99.85 94.14 85.07 87.57 97.12 94.01 92.60 83.86 87.97 83.75 71.67 71.16 77.72 72.51 65.54 57.50 59.10 50.71 53.77 42.37
-9999 -9999 -9999 -9999 -9999 -9999 -9999 -9999 -9999 -9999 -9999 -9999 -9999 -9999 -9999 -9999 -9999 -9999 -9999 -9999 -9999 -9999 -9999 93.42 86.59 98.49 98.02 86.13 95.40 -9999 -9999 -9999 89.51 102.75 107.60 95.71 99.32 74.44 75.32 93.45 95.49 103.80 96.47 87.43 97.77 104.26 105.32 114.52 114.52 109.42 110.55 117.73 115.83 105.21 100.11 79.25 104.77 89.73 86.27 90.82 98.46 96.27 96.56 112.73 91.78 83.64 67.71 95.86 72.62 62.58 55.25 57.42 57.85 58.14 53.10
-9999 -9999 -9999 -9999 -9999 -9999 -9999 -9999 -9999 -9999 -9999 -9999 -9999 -9999 -9999 -9999 -9999 -9999 -9999 -9999 -9999 -9999 -9999 -9999 -9999 -9999 -9999 -9999 -9999 -9999 -9999 94.91 96.76 106.81 103.71 115.90 103.55 80.11 78.18 87.11 95.01 93.87 86.04 79.31 78.68 92.96 95.94 100.43 107.64 115.55 118.82 121.34 134.01 113.84 100.68 93.70 106.47 96.85 85.26 87.11 97.42 94.34 97.83 105.72 62.09 76.66 71.60 75.10 77.95 62.69 61.51 65.50 67.39 67.23 59.29
-9999 -9999 -9999 -9999 -9999 -9999 -9999 -9999 -9999 -9999 -9999 -9999 -9999 -9999 -9999 -9999 -9999 -9999 -9999 -9999 -9999 -9999 -9999 -9999 -9999 -9999 -9999 -9999 -9999 -9999 -9999 102.96 133.47 140.87 169.74 154.00 113.23 95.43 88.93 93.23 110.12 92.14 80.54 78.95 76.09 85.48 99.72 99.36 109.00 117.06 131.04 123.44 132.83 134.61 117.39 114.87 108.55 103.81 94.15 92.27 94.63 98.12 95.03 88.65 72.26 71.62 73.54 69.36 63.32 74.47 70.06 84.64 70.14 63.03 67.35
-9999 -9999 -9999 -9999 -9999 -9999 -9999 -9999 -9999 -9999 -9999 -9999 -9999 -9999 -9999 -9999 -9999 -9999 -9999 -9999 -9999 -9999 -9999 -9999 -9999 -9999 -9999 -9999 -9999 -9999 -9999 99.26 110.52 136.95 157.39 159.26 110.19 103.97 107.34 111.47 110.77 95.57 87.48 102.10 89.48 91.87 102.75 114.31 112.58 117.28 123.39 133.84 125.36 125.72 118.30 102.13 99.90 92.87 99.84 98.09 102.54 94.52 92.86 94.13 93.14 87.98 79.28 80.14 78.65 82.81 80.81 72.98 72.04 63.61 89.19
-9999 -9999 -9999 -9999 -9999 -9999 -9999 -9999 -9999 -9999 -9999 -9999 -9999 -9999 144.34 167.04 123.82 164.91 165.57 172.50 164.44 166.88 82.76 127.25 94.64 -9999 -9999 -9999 -9999 -9999 -9999 96.00 103.52 128.73 173.49 138.17 144.31 98.19 117.61 108.91 102.44 98.60 99.87 101.01 87.54 97.73 103.96 110.71 111.37 125.02 123.59 125.54 134.42 134.29 113.70 111.02 112.70 123.63 114.35 106.32 115.59 116.00 96.31 98.47 93.53 89.45 89.04 79.61 77.58 78.84 74.79 71.61 61.22 71.12 94.89
-9999 -9999 -9999 -9999 -9999 -9999 -9999 -9999 -9999 -9999 -9999 -9999 -9999 -9999 176.04 181.75 181.42 132.50 191.31 231.90 193.20 200.20 141.50 118.97 101.00 82.23 77.92 113.39 111.49 84.03 80.07 88.66 83.62 107.49 155.62 135.74 127.96 135.77 130.82 125.59 113.14 126.13 113.72 101.49 102.66 109.23 110.62 107.33 111.49 119.30 132.17 115.38 133.00 122.95 120.46 129.41 127.68 128.63 138.26 144.83 120.64 121.31 105.44 96.50 98.91 105.01 127.41 99.67 98.94 98.09 87.64 84.18 69.65 80.22 91.87
-9999 -9999 -9999 -9999 -9999 -9999 -9999 -9999 -9999 -9999 -9999 -9999 -9999 110.81 137.13 165.51 178.72 177.18 206.33 244.30 219.38 184.64 157.00 137.53 128.60 92.94 94.81 117.31 114.78 93.60 81.89 82.08 84.10 102.97 132.96 130.18 136.33 131.34 125.77 136.32 185.46 150.23 135.76 125.27 109.98 103.29 104.74 108.74 111.82 115.75 124.73 131.50 129.06 132.80 129.36 130.39 132.21 161.02 143.92 132.52 116.76 126.71 128.73 110.52 115.55 112.72 111.16 103.66 109.59 93.53 88.94 72.45 88.51 82.99 81.39
-9999 -9999 -9999 -9999 -9999 -9999 -9999 -9999 -9999 -9999 -9999 -9999 -9999 -9999 126.72 138.56 159.29 176.00 204.12 191.03 224.53 177.06 137.21 129.68 143.75 140.73 122.87 123.97 143.14 133.35 106.56 90.05 89.85 94.86 131.76 163.60 123.62 123.25 118.77 138.52 157.73 139.07 138.05 138.57 101.32 109.26 120.43 115.24 111.62 123.12 129.02 127.88 146.98 138.88 115.36 119.76 132.66 145.72 150.51 136.97 110.35 116.59 112.68 108.68 101.67 102.51 96.32 96.55 92.45 107.82 92.84 85.88 78.89 91.53 91.50
-9999 -9999 -9999 -9999 -9999 -9999 -9999 -9999 -9999 -9999 131.99 -9999 -9999 133.04 133.97 141.70 141.50 165.60 172.03 152.67 171.34 150.09 146.99 146.54 146.68 158.62 126.07 125.04 112.62 109.82 101.60 101.09 81.27 77.29 126.35 116.21 107.33 114.11 113.75 111.37 129.22 114.76 129.67 128.63 142.74 136.49 125.39 111.87 116.66 124.09 130.73 137.58 142.74 120.80 119.47 151.67 150.09 158.88 164.90 156.79 116.22 111.90 96.87 104.19 101.72 105.65 92.52 90.88 91.07 88.39 85.31 77.75 77.98 83.84 81.57
-9999 -9999 -9999 -9999 -9999 -9999 -9999 -9999 -9999 153.28 169.58 173.84 155.63 135.44 155.70 165.55 142.22 136.20 144.34 135.05 150.67 146.81 153.45 149.49 139.43 142.40 119.58 114.59 112.33 125.43 113.92 120.73 96.27 101.43 104.80 122.62 107.43 101.61 111.86 105.47 112.27 126.08 152.08 141.41 135.60 134.96 114.54 115.72 107.67 123.50 133.74 135.74 135.86 123.19 109.64 147.03 151.97 146.59 142.85 136.98 120.95 111.40 113.54 120.04 115.03 109.44 103.05 88.56 86.12 82.33 86.60 85.42 80.45 75.56 82.47
-9999 -9999 -9999 -9999 -9999 -9999 -9999 -9999 -9999 165.88 175.71 163.26 162.21 170.42 177.46 157.36 144.32 157.50 140.42 125.57 138.38 135.29 150.24 156.23 134.57 133.50 121.65 126.31 156.42 151.99 122.90 136.34 113.46 116.98 112.06 108.86 99.41 82.67 106.67 108.35 113.96 113.20 121.06 156.00 164.43 115.97 104.30 118.25 114.07 137.59 136.21 136.68 134.01 113.71 113.37 154.04 144.75 140.13 147.85 161.25 118.58 141.51 117.70 113.46 101.80 106.58 103.52 99.31 86.37 86.67 95.99 89.36 82.67 82.75 89.89
-9999 -9999 -9999 -9999 -9999 -9999 -9999 -9999 -9999 171.70 185.93 179.93 178.16 167.77 181.74 176.46 164.74 155.40 139.50 156.10 143.67 121.52 139.65 147.75 130.91 125.69 121.83 131.45 149.61 149.53 151.51 130.83 129.01 123.61 95.50 99.62 93.17 98.14 97.02 89.76 111.93 110.98 127.69 144.81 148.22 125.36 123.94 127.64 111.47 133.45 145.18 140.61 111.29 105.99 107.70 122.51 134.80 108.77 134.30 134.58 119.96 139.37 136.45 110.79 123.18 101.61 122.98 108.06 87.01 89.06 118.28 108.70 109.45 87.30 83.47
-9999 -9999 -9999 -9999 -9999 -9999 -9999 -9999 -9999 136.29 174.97 174.62 160.48 158.46 166.10 170.07 156.73 155.99 149.41 148.06 141.56 127.31 135.72 147.32 149.08 121.53 119.20 126.75 146.16 152.62 127.64 121.10 131.64 127.87 109.32 104.83 94.38 103.44 102.49 98.96 107.06 121.96 109.33 120.70 123.21 125.61 147.35 141.67 139.18 134.69 132.56 126.83 118.33 106.59 98.12 101.72 106.42 125.22 125.93 128.74 106.25 104.98 101.18 97.98 93.77 89.94 96.35 93.13 94.90 91.19 88.31 106.44 108.74 93.90 81.32
-9999 -9999 -9999 -9999 -9999 -9999 -9999 -9999 -9999 141.19 148.41 158.64 158.22 168.57 179.47 165.72 150.93 147.29 161.07 151.77 143.41 120.63 125.53 126.20 120.17 106.63 110.80 110.83 136.12 169.67 133.32 106.91 137.76 149.67 124.89 124.13 106.28 125.29 130.39 123.21 101.61 121.06 111.59 105.08 109.69 112.72 112.30 112.35 138.49 135.13 133.16 134.79 139.06 108.54 95.37 86.89 82.19 97.30 100.94 97.16 86.08 87.39 99.44 89.34 89.19 83.49 87.31 80.15 73.63 -9999 -9999 76.91 91.08 92.40 84.52
-9999 -9999 -9999 -9999 -9999 -9999 -9999 -9999 114.07 118.24 141.28 126.06 164.26 170.88 206.12 182.56 175.96 159.63 173.76 158.49 136.47 114.87 122.02 110.83 113.66 99.65 107.23 114.13 131.33 159.29 132.35 120.21 131.27 111.98 119.78 94.72 96.40 135.52 128.80 119.33 99.54 103.48 103.93 103.09 100.15 94.96 98.22 98.88 114.38 128.97 119.93 109.42 108.34 94.04 88.34 -9999 -9999 90.56 95.62 91.73 87.41 85.33 84.04 76.20 -9999 -9999 -9999 -9999 -9999 -9999 -9999 -9999 -9999 -9999 77.66
