Rainfall_2007-2011/Rainfall_2008-08_ACTUAL.txt
ncols         180
nrows         290
xllcorner     -200000
yllcorner     -200000
cellsize      5000
NODATA_value  -9999
[rows 132 to 164 of 290, columns 75 to 149 of 180]
-9999 -9999 -9999 -9999 -9999 -9999 -9999 143.58 146.48 155.38 182.21 175.27 174.15 242.07 230.43 242.92 179.88 184.92 218.21 236.48 236.64 199.27 177.54 203.15 186.61 163.19 155.38 155.17 198.80 218.35 269.70 252.81 224.75 246.00 210.24 193.71 227.34 178.72 189.21 179.61 172.61 163.86 152.44 128.91 111.33 104.89 96.42 91.84 81.02 86.76 85.39 -9999 -9999 -9999 -9999 -9999 -9999 -9999 -9999 -9999 -9999 -9999 -9999 -9999 -9999 -9999 -9999 -9999 -9999 -9999 -9999 -9999 -9999 -9999 -9999
-9999 -9999 -9999 -9999 -9999 -9999 130.38 153.34 162.81 132.92 148.73 150.79 166.14 243.90 255.25 277.79 204.00 184.96 204.14 225.84 209.97 211.67 210.82 186.28 167.57 176.57 134.01 155.69 193.65 213.83 211.09 216.72 221.97 197.50 173.20 196.28 233.17 193.54 187.80 183.86 192.22 158.29 129.84 121.37 113.32 105.35 100.07 98.77 95.08 88.62 86.20 84.75 -9999 -9999 -9999 -9999 -9999 -9999 -9999 -9999 -9999 -9999 -9999 -9999 -9999 -9999 -9999 -9999 -9999 -9999 -9999 -9999 -9999 -9999 -9999
-9999 -9999 -9999 -9999 -9999 -9999 193.73 220.65 185.05 155.24 151.15 139.19 138.17 317.95 318.78 260.89 254.72 203.27 202.54 210.06 189.94 255.95 208.77 176.70 149.61 153.85 175.64 156.10 193.76 210.38 183.14 172.87 173.07 160.98 173.60 194.10 231.22 180.92 166.04 163.43 156.92 136.49 126.31 105.87 103.76 111.79 106.14 100.91 93.73 98.47 86.53 91.00 -9999 -9999 -9999 -9999 -9999 -9999 -9999 -9999 -9999 -9999 -9999 -9999 -9999 -9999 -9999 -9999 -9999 -9999 -9999 -9999 -9999 -9999 -9999
-9999 -9999 -9999 -9999 165.11 174.75 200.44 192.63 183.87 183.04 167.85 152.86 130.81 288.75 271.19 251.93 250.44 227.26 190.39 208.19 200.19 200.47 200.91 177.22 129.03 153.68 168.07 161.38 167.34 185.15 169.47 157.15 151.70 152.60 134.75 155.73 194.09 160.64 135.29 138.70 158.18 135.91 125.37 116.50 104.02 104.55 103.12 121.98 102.04 94.77 100.37 97.47 -9999 -9999 -9999 -9999 -9999 -9999 -9999 -9999 -9999 -9999 -9999 -9999 -9999 -9999 -9999 -9999 -9999 -9999 -9999 -9999 -9999 -9999 -9999
-9999 -9999 -9999 -9999 168.66 172.59 172.94 204.69 191.01 192.72 175.68 173.92 230.61 254.25 242.52 327.70 274.68 227.54 186.75 178.64 172.78 189.32 190.10 202.94 183.75 184.58 154.48 143.40 138.86 137.23 139.45 140.73 134.53 125.12 126.67 131.65 123.31 112.47 108.26 114.55 135.99 130.68 114.65 140.45 142.37 118.83 92.08 106.41 73.75 79.20 107.97 97.97 102.18 -9999 -9999 -9999 -9999 -9999 -9999 -9999 -9999 -9999 -9999 -9999 -9999 -9999 -9999 -9999 -9999 -9999 -9999 -9999 -9999 -9999 -9999
-9999 -9999 -9999 -9999 168.05 170.11 158.90 189.01 173.99 179.16 169.63 173.62 190.63 194.36 222.82 278.23 284.25 261.62 204.66 175.96 170.15 197.20 208.78 242.70 200.07 -9999 -9999 -9999 131.64 128.17 -9999 119.82 106.88 116.77 120.93 105.66 115.79 126.14 99.62 98.40 121.86 118.64 120.22 120.94 116.47 97.25 117.02 104.04 95.78 80.50 92.08 96.61 104.43 -9999 -9999 -9999 -9999 -9999 -9999 -9999 -9999 -9999 -9999 -9999 -9999 -9999 -9999 -9999 -9999 -9999 -9999 -9999 -9999 -9999 -9999
-9999 -9999 -9999 -9999 155.00 179.43 159.73 161.64 171.06 173.68 175.55 174.84 165.40 158.04 187.57 277.13 254.30 255.18 214.97 181.71 207.47 187.88 182.02 176.20 177.41 -9999 -9999 -9999 159.43 132.81 122.50 113.95 126.80 118.09 108.35 113.81 134.13 145.77 115.37 123.70 108.38 79.78 125.34 131.52 122.03 120.08 134.67 106.34 110.02 128.89 120.89 109.73 117.01 -9999 -9999 -9999 -9999 -9999 -9999 -9999 -9999 -9999 -9999 -9999 -9999 -9999 -9999 -9999 -9999 -9999 -9999 -9999 -9999 -9999 -9999
-9999 -9999 -9999 -9999 -9999 163.25 168.06 152.44 -9999 175.54 179.95 172.36 162.77 140.72 -9999 193.32 174.23 187.71 184.52 187.83 206.51 189.54 153.16 -9999 -9999 -9999 -9999 156.94 138.44 128.41 99.29 96.98 106.97 101.43 98.13 118.20 153.52 175.80 118.95 135.01 111.69 106.56 122.44 134.63 155.59 144.87 129.51 134.62 113.39 122.07 110.96 132.78 140.18 107.57 -9999 -9999 -9999 -9999 -9999 -9999 -9999 -9999 -9999 -9999 -9999 -9999 -9999 -9999 -9999 -9999 -9999 -9999 -9999 -9999 -9999
-9999 -9999 -9999 -9999 -9999 -9999 150.61 -9999 -9999 -9999 158.45 156.30 160.40 169.44 156.41 -9999 -9999 157.43 156.59 187.42 206.02 -9999 -9999 -9999 -9999 -9999 163.26 155.42 142.23 130.02 103.08 103.92 102.63 103.66 114.00 117.70 139.35 153.96 150.72 120.08 131.99 128.71 139.59 138.83 163.59 191.68 170.91 134.53 130.10 122.93 99.63 122.15 133.30 123.79 -9999 -9999 -9999 -9999 -9999 -9999 -9999 -9999 -9999 -9999 -9999 -9999 -9999 -9999 -9999 -9999 -9999 -9999 -9999 -9999 -9999
-9999 -9999 -9999 -9999 -9999 -9999 139.15 132.86 -9999 -9999 -9999 137.99 158.25 174.62 163.84 -9999 -9999 -9999 -9999 174.20 -9999 -9999 -9999 -9999 -9999 -9999 123.17 143.96 136.98 125.80 120.96 119.30 101.10 98.12 101.11 124.62 125.49 143.59 149.79 131.19 161.91 146.06 145.97 115.97 156.32 196.65 133.41 129.05 120.14 107.36 91.73 102.93 119.04 102.89 -9999 -9999 -9999 -9999 -9999 -9999 -9999 -9999 -9999 -9999 -9999 -9999 -9999 -9999 -9999 -9999 -9999 -9999 -9999 -9999 -9999
-9999 -9999 -9999 -9999 -9999 -9999 -9999 145.13 -9999 -9999 -9999 -9999 151.24 162.37 153.32 -9999 -9999 -9999 -9999 -9999 -9999 -9999 -9999 -9999 -9999 121.70 110.40 144.80 154.87 157.56 154.27 144.86 127.49 129.40 110.16 111.84 135.75 159.87 201.38 184.49 159.45 149.05 127.34 128.62 133.55 120.14 104.56 129.00 133.43 104.12 98.58 103.32 119.12 107.08 95.78 -9999 -9999 -9999 -9999 -9999 -9999 -9999 -9999 -9999 -9999 -9999 -9999 -9999 -9999 -9999 -9999 -9999 -9999 -9999 -9999
-9999 -9999 -9999 -9999 -9999 -9999 -9999 157.23 -9999 -9999 -9999 -9999 -9999 -9999 -9999 -9999 -9999 -9999 -9999 -9999 -9999 -9999 -9999 -9999 -9999 115.41 110.54 135.17 154.62 164.44 161.26 178.14 141.77 148.64 110.82 118.66 111.01 119.20 195.34 228.01 195.82 161.41 208.07 205.81 168.13 144.01 136.55 104.27 120.59 116.49 122.34 112.37 112.83 109.77 99.88 85.81 -9999 -9999 -9999 -9999 -9999 -9999 -9999 -9999 -9999 -9999 -9999 -9999 -9999 -9999 -9999 -9999 -9999 -9999 -9999
-9999 -9999 -9999 -9999 -9999 -9999 -9999 -9999 -9999 -9999 -9999 -9999 -9999 -9999 -9999 -9999 -9999 -9999 -9999 -9999 -9999 -9999 -9999 -9999 98.12 114.20 108.75 140.36 183.97 166.94 259.86 234.82 165.02 113.98 118.25 103.76 104.90 98.30 144.02 241.76 221.95 175.73 166.76 154.28 157.06 141.80 144.44 129.23 127.66 111.36 105.64 100.79 108.96 112.89 106.36 89.52 -9999 -9999 -9999 -9999 -9999 -9999 -9999 -9999 -9999 -9999 -9999 -9999 -9999 -9999 -9999 -9999 -9999 -9999 -9999
-9999 -9999 -9999 -9999 -9999 -9999 -9999 -9999 -9999 -9999 -9999 -9999 -9999 -9999 -9999 -9999 -9999 -9999 -9999 -9999 -9999 -9999 -9999 -9999 133.75 145.86 144.40 171.00 228.06 204.23 187.15 213.15 166.19 154.83 140.08 125.14 121.58 113.82 126.86 155.96 234.48 193.41 165.87 142.13 134.04 111.39 111.21 118.17 108.17 113.79 109.08 112.36 101.69 106.65 100.37 99.17 96.70 91.20 77.11 -9999 -9999 -9999 -9999 -9999 -9999 -9999 -9999 -9999 -9999 -9999 -9999 -9999 -9999 -9999 -9999
132.28 -9999 -9999 -9999 -9999 -9999 -9999 -9999 -9999 -9999 -9999 -9999 -9999 -9999 -9999 -9999 -9999 -9999 -9999 -9999 -9999 -9999 -9999 -9999 146.45 153.51 174.95 209.49 231.73 246.59 267.32 290.04 270.48 210.03 185.87 152.79 145.99 165.77 106.74 105.97 155.08 125.79 155.28 154.98 127.24 99.19 95.78 105.09 102.30 106.20 107.24 99.61 98.64 99.75 102.31 107.00 129.94 91.31 84.25 78.01 79.13 -9999 -9999 -9999 -9999 -9999 -9999 -9999 -9999 -9999 -9999 -9999 -9999 -9999 -9999
-9999 -9999 -9999 -9999 -9999 -9999 -9999 -9999 -9999 -9999 -9999 -9999 -9999 -9999 -9999 -9999 -9999 -9999 -9999 -9999 -9999 -9999 -9999 -9999 140.89 179.61 219.31 306.49 395.59 389.71 293.73 283.58 307.61 316.97 276.85 266.78 204.61 189.00 126.02 123.92 128.67 131.14 161.19 140.55 133.06 107.80 95.97 100.92 93.47 102.86 102.72 94.02 99.71 114.57 111.55 121.64 127.67 146.88 93.24 107.67 103.39 102.47 81.92 -9999 -9999 -9999 -9999 -9999 -9999 -9999 -9999 -9999 -9999 -9999 -9999
-9999 -9999 -9999 -9999 -9999 -9999 -9999 -9999 -9999 -9999 -9999 -9999 -9999 -9999 -9999 -9999 -9999 -9999 -9999 -9999 -9999 -9999 -9999 -9999 132.71 154.29 198.79 241.21 299.81 420.27 399.70 324.47 331.86 291.04 326.35 306.76 225.99 190.84 173.47 144.02 142.67 206.11 172.77 156.81 161.48 147.68 130.46 118.91 114.79 98.24 102.44 97.35 101.39 109.78 102.88 96.80 123.39 147.15 92.02 113.63 106.00 113.43 86.64 99.25 -9999 -9999 -9999 -9999 -9999 -9999 -9999 -9999 -9999 -9999 -9999
-9999 -9999 -9999 -9999 -9999 -9999 -9999 -9999 -9999 -9999 -9999 -9999 141.40 130.61 123.35 -9999 -9999 -9999 -9999 -9999 -9999 -9999 -9999 -9999 -9999 124.29 134.50 170.56 260.58 275.82 374.29 273.90 217.40 285.10 275.17 269.28 245.30 219.21 219.89 186.67 179.78 196.99 170.42 187.62 177.69 148.21 129.28 130.02 105.70 97.85 93.64 88.72 98.90 102.51 102.97 131.94 118.01 161.57 145.13 137.19 147.03 118.70 116.39 104.85 82.50 -9999 -9999 -9999 -9999 -9999 -9999 -9999 -9999 -9999 -9999
-9999 -9999 -9999 -9999 -9999 -9999 -9999 -9999 -9999 -9999 -9999 -9999 133.20 147.58 -9999 -9999 -9999 -9999 -9999 -9999 -9999 -9999 -9999 -9999 -9999 -9999 144.67 194.61 270.20 284.46 349.60 245.88 228.60 220.61 199.37 216.95 236.75 213.44 295.06 213.15 195.27 226.82 182.26 138.01 113.83 154.62 107.75 132.06 113.68 101.48 93.48 102.26 95.82 110.39 128.88 135.07 112.32 133.67 120.89 125.03 135.56 118.35 105.20 107.68 118.97 -9999 -9999 -9999 -9999 -9999 -9999 -9999 -9999 -9999 -9999
-9999 -9999 -9999 -9999 -9999 -9999 -9999 -9999 -9999 -9999 -9999 156.84 180.15 192.73 175.90 -9999 -9999 -9999 -9999 -9999 -9999 -9999 -9999 -9999 -9999 -9999 135.06 198.17 266.06 258.26 237.52 249.06 220.77 206.76 194.64 190.07 221.12 196.25 193.38 264.29 206.89 195.92 165.47 191.60 204.94 146.50 144.41 110.03 108.00 84.66 96.30 118.23 115.34 129.45 139.75 142.95 143.51 136.96 129.42 124.67 113.31 126.90 125.00 115.20 135.90 111.03 -9999 -9999 -9999 -9999 -9999 -9999 -9999 -9999 -9999
-9999 -9999 -9999 -9999 -9999 -9999 -9999 -9999 -9999 -9999 167.36 239.88 247.90 254.49 181.27 -9999 -9999 -9999 -9999 -9999 -9999 -9999 -9999 -9999 -9999 -9999 160.99 200.44 234.10 206.65 228.67 222.94 217.51 207.45 182.16 186.25 210.79 192.12 289.80 246.37 241.56 187.06 212.22 166.30 172.69 120.21 129.97 106.96 99.30 96.37 93.27 97.54 115.37 129.85 169.44 158.13 145.00 116.75 113.37 105.98 117.01 124.64 143.25 135.80 117.99 106.46 -9999 -9999 -9999 -9999 -9999 -9999 -9999 -9999 -9999
-9999 -9999 -9999 -9999 -9999 -9999 -9999 -9999 -9999 128.77 160.81 277.35 231.90 189.43 -9999 -9999 -9999 -9999 -9999 -9999 -9999 -9999 -9999 -9999 -9999 -9999 -9999 188.90 196.68 209.87 227.80 192.04 189.28 177.37 169.86 165.46 208.90 208.88 255.58 273.35 266.36 277.26 243.53 232.00 213.82 157.53 125.24 110.10 113.06 95.11 97.91 101.54 116.11 131.27 152.18 160.80 136.69 102.42 85.24 90.99 92.57 96.59 103.84 106.34 120.86 127.76 121.94 112.14 -9999 -9999 -9999 -9999 -9999 -9999 -9999
-9999 -9999 -9999 -9999 -9999 -9999 -9999 -9999 -9999 174.71 212.33 191.16 167.05 170.56 -9999 -9999 -9999 -9999 -9999 -9999 -9999 -9999 -9999 -9999 -9999 -9999 -9999 -9999 182.55 190.86 180.40 155.93 145.61 156.72 158.00 154.41 203.67 207.33 264.48 271.38 263.42 262.58 235.66 223.14 232.07 214.07 159.69 151.75 127.34 112.32 103.39 107.98 116.89 119.07 129.56 118.48 115.07 100.74 89.82 85.71 75.38 88.41 96.81 115.37 127.82 162.05 137.51 117.61 -9999 -9999 -9999 -9999 -9999 -9999 -9999
-9999 -9999 -9999 -9999 -9999 -9999 -9999 -9999 -9999 174.12 176.09 153.62 157.60 -9999 -9999 -9999 -9999 -9999 -9999 -9999 -9999 -9999 -9999 -9999 -9999 -9999 -9999 -9999 142.37 174.88 178.75 -9999 138.21 -9999 184.09 161.42 170.01 167.85 182.34 214.96 243.25 232.36 285.51 208.39 173.94 231.20 208.54 165.11 138.51 120.46 109.90 116.50 122.25 121.32 123.17 115.74 121.63 118.91 98.01 117.25 118.66 97.89 109.79 129.72 125.15 109.77 107.62 122.50 124.56 124.97 -9999 -9999 -9999 -9999 -9999
-9999 -9999 -9999 -9999 -9999 -9999 -9999 -9999 144.59 151.02 147.25 -9999 -9999 -9999 -9999 -9999 -9999 -9999 -9999 -9999 -9999 -9999 -9999 -9999 -9999 -9999 -9999 -9999 136.46 141.50 150.94 -9999 -9999 -9999 173.84 183.84 166.54 163.62 165.45 163.87 180.20 176.33 244.35 238.40 168.19 204.44 227.73 173.18 156.66 132.19 122.63 108.40 108.15 127.66 136.54 109.50 120.79 128.27 125.88 165.33 136.84 118.50 125.00 122.28 122.47 120.16 138.07 122.37 107.77 118.07 -9999 -9999 -9999 -9999 -9999
-9999 -9999 -9999 -9999 -9999 -9999 -9999 -9999 -9999 -9999 -9999 -9999 -9999 -9999 -9999 -9999 -9999 -9999 -9999 -9999 -9999 -9999 -9999 -9999 -9999 -9999 -9999 -9999 -9999 -9999 -9999 -9999 -9999 157.87 163.37 184.38 210.04 197.83 240.41 222.35 189.99 186.89 218.40 196.25 174.88 170.33 190.31 187.66 169.27 146.93 132.97 121.77 120.29 141.24 118.16 120.39 125.87 133.11 137.46 141.90 143.67 155.35 126.09 118.11 108.36 104.89 102.21 110.59 115.94 -9999 -9999 -9999 -9999 -9999 -9999
-9999 -9999 -9999 -9999 -9999 -9999 -9999 -9999 -9999 -9999 -9999 -9999 -9999 -9999 -9999 -9999 -9999 -9999 -9999 -9999 -9999 -9999 -9999 -9999 -9999 -9999 -9999 -9999 -9999 -9999 -9999 -9999 -9999 158.56 174.39 168.42 244.33 260.40 286.29 223.04 204.56 154.57 160.38 153.94 173.15 211.80 179.85 185.08 181.92 163.49 147.25 145.12 134.78 125.00 115.41 120.03 134.37 132.17 135.32 140.00 139.21 169.66 144.13 111.28 100.78 92.57 98.27 113.44 119.39 -9999 -9999 -9999 -9999 -9999 -9999
-9999 -9999 -9999 -9999 -9999 -9999 -9999 -9999 -9999 -9999 -9999 -9999 -9999 -9999 -9999 -9999 -9999 -9999 -9999 -9999 -9999 -9999 -9999 -9999 -9999 -9999 -9999 -9999 -9999 -9999 -9999 -9999 -9999 154.87 158.97 172.17 202.05 275.83 257.39 206.41 175.00 154.74 161.91 150.99 160.44 154.96 121.37 185.38 172.51 167.12 146.17 136.82 120.38 118.85 123.62 134.92 138.89 133.76 132.59 138.34 136.39 154.58 150.22 115.99 99.58 94.17 103.92 103.91 125.91 -9999 -9999 -9999 -9999 -9999 -9999
-9999 -9999 -9999 -9999 -9999 -9999 -9999 -9999 -9999 -9999 -9999 -9999 -9999 -9999 -9999 -9999 -9999 -9999 -9999 -9999 -9999 -9999 -9999 -9999 -9999 -9999 -9999 -9999 -9999 -9999 -9999 127.31 148.40 162.24 150.62 183.10 220.81 271.54 191.92 205.90 159.45 153.16 178.90 136.22 148.39 138.41 152.33 147.79 132.32 132.76 127.61 105.15 121.07 125.32 130.89 133.71 133.00 130.99 125.90 124.94 129.26 132.80 144.06 117.04 104.47 91.67 103.76 108.95 105.21 102.77 -9999 -9999 -9999 -9999 -9999
-9999 -9999 -9999 -9999 -9999 -9999 -9999 -9999 -9999 -9999 -9999 -9999 -9999 -9999 -9999 -9999 -9999 -9999 -9999 -9999 -9999 -9999 -9999 -9999 -9999 -9999 -9999 -9999 -9999 -9999 -9999 130.01 157.68 148.92 153.58 170.77 209.25 170.89 162.36 147.57 151.78 194.24 170.79 151.86 143.64 148.71 117.63 127.72 122.66 137.87 123.81 108.05 116.16 139.03 135.48 126.97 126.86 125.72 122.79 116.82 113.53 111.14 117.23 118.71 105.49 80.11 80.95 93.39 98.20 96.44 -9999 -9999 -9999 -9999 -9999
-9999 -9999 -9999 -9999 -9999 -9999 -9999 -9999 -9999 -9999 -9999 -9999 -9999 -9999 -9999 -9999 -9999 -9999 -9999 -9999 -9999 -9999 -9999 -9999 -9999 -9999 -9999 -9999 -9999 -9999 -9999 131.63 140.66 136.96 154.54 149.46 152.43 158.57 144.00 117.74 151.52 151.96 150.48 133.46 168.23 112.76 121.92 109.07 134.88 112.30 112.18 119.74 129.16 133.00 131.44 129.17 128.13 124.28 116.05 103.29 112.32 109.02 100.31 100.10 103.91 91.22 90.41 91.74 98.78 95.39 92.00 -9999 -9999 -9999 -9999
-9999 -9999 -9999 -9999 -9999 -9999 -9999 -9999 -9999 -9999 -9999 -9999 -9999 -9999 -9999 -9999 -9999 -9999 -9999 -9999 -9999 -9999 -9999 -9999 -9999 -9999 -9999 -9999 -9999 -9999 -9999 117.60 121.01 110.59 122.53 113.62 127.66 124.72 142.14 140.01 124.46 141.95 140.38 173.53 156.32 160.90 148.63 129.78 124.50 145.39 124.23 135.18 133.76 132.56 123.71 121.08 125.66 107.54 109.76 104.52 93.60 81.97 79.02 86.65 95.09 103.77 80.15 90.36 92.40 93.18 90.96 76.88 -9999 -9999 -9999
-9999 -9999 -9999 -9999 -9999 -9999 -9999 -9999 -9999 -9999 -9999 -9999 -9999 -9999 -9999 -9999 -9999 -9999 -9999 -9999 -9999 -9999 -9999 -9999 -9999 -9999 -9999 -9999 -9999 -9999 -9999 96.52 105.33 99.43 99.89 112.97 118.23 127.33 137.74 148.95 158.70 184.96 184.96 193.46 165.45 161.40 138.18 130.38 117.59 158.12 120.59 121.23 121.14 109.81 119.19 121.10 120.99 110.93 107.70 105.06 94.33 90.03 96.77 82.36 80.48 89.82 77.20 80.06 87.00 85.89 81.05 67.97 -9999 -9999 -9999
