Rainfall_2007-2011/Rainfall_2008-09_ACTUAL.txt
ncols         180
nrows         290
xllcorner     -200000
yllcorner     -200000
cellsize      5000
NODATA_value  -9999
[rows 68 to 101 of 290, columns 75 to 149 of 180]
-9999 -9999 -9999 -9999 -9999 97.02 149.76 118.23 142.18 126.73 133.35 137.08 136.90 107.99 101.95 96.21 82.59 85.21 77.59 73.48 77.31 74.43 73.27 50.76 -9999 -9999 -9999 -9999 -9999 -9999 -9999 -9999 -9999 -9999 -9999 -9999 -9999 -9999 -9999 -9999 -9999 -9999 -9999 -9999 -9999 -9999 -9999 -9999 -9999 -9999 -9999 -9999 -9999 -9999 -9999 -9999 -9999 -9999 -9999 -9999 -9999 -9999 -9999 -9999 -9999 -9999 -9999 -9999 -9999 -9999 -9999 -9999 -9999 -9999 -9999
-9999 -9999 -9999 -9999 -9999 -9999 100.63 101.15 85.58 105.60 134.45 104.98 85.61 86.40 77.00 83.47 71.91 78.58 81.12 60.35 69.78 61.34 58.29 -9999 -9999 -9999 -9999 -9999 -9999 -9999 -9999 -9999 -9999 -9999 -9999 -9999 -9999 -9999 -9999 -9999 -9999 -9999 -9999 -9999 -9999 -9999 -9999 -9999 -9999 -9999 -9999 -9999 -9999 -9999 -9999 -9999 -9999 -9999 -9999 -9999 -9999 -9999 -9999 -9999 -9999 -9999 -9999 -9999 -9999 -9999 -9999 -9999 -9999 -9999 -9999
-9999 -9999 89.26 -9999 -9999 104.87 103.87 94.75 100.04 110.64 113.98 107.74 85.48 94.89 85.55 69.52 56.64 67.51 70.12 60.54 47.21 49.54 -9999 -9999 -9999 -9999 -9999 -9999 -9999 -9999 -9999 -9999 -9999 -9999 -9999 -9999 -9999 -9999 -9999 -9999 -9999 -9999 -9999 -9999 -9999 -9999 -9999 -9999 -9999 -9999 -9999 -9999 -9999 -9999 -9999 -9999 -9999 -9999 -9999 -9999 -9999 -9999 -9999 -9999 -9999 -9999 -9999 -9999 -9999 -9999 -9999 -9999 -9999 -9999 -9999
78.88 75.17 91.89 96.11 122.02 102.37 144.52 96.92 127.43 117.77 117.71 121.70 110.19 102.75 108.98 60.28 53.58 50.49 65.69 55.09 49.12 44.05 -9999 -9999 -9999 -9999 -9999 -9999 -9999 -9999 -9999 -9999 -9999 -9999 -9999 -9999 -9999 -9999 -9999 -9999 -9999 -9999 -9999 -9999 -9999 -9999 -9999 -9999 -9999 -9999 -9999 -9999 -9999 -9999 -9999 -9999 -9999 -9999 -9999 -9999 -9999 -9999 -9999 -9999 -9999 -9999 -9999 -9999 -9999 -9999 -9999 -9999 -9999 -9999 -9999
102.99 86.83 95.52 111.92 130.37 141.18 184.60 156.03 98.41 124.08 127.48 114.72 107.64 90.88 108.06 95.00 55.53 45.88 46.49 42.62 40.17 -9999 -9999 43.89 -9999 -9999 -9999 -9999 -9999 -9999 -9999 -9999 -9999 -9999 -9999 -9999 -9999 -9999 -9999 -9999 -9999 -9999 -9999 -9999 -9999 -9999 -9999 -9999 -9999 -9999 -9999 -9999 -9999 -9999 -9999 -9999 -9999 -9999 -9999 -9999 -9999 -9999 -9999 -9999 -9999 -9999 -9999 -9999 -9999 -9999 -9999 -9999 -9999 -9999 -9999
107.89 119.97 119.13 122.95 144.41 124.81 173.17 127.46 116.39 127.84 134.02 138.67 112.85 96.06 98.62 81.70 65.48 74.18 55.10 52.37 39.22 36.42 47.54 48.47 -9999 -9999 -9999 -9999 -9999 -9999 -9999 -9999 -9999 -9999 -9999 -9999 -9999 -9999 -9999 -9999 -9999 -9999 -9999 -9999 -9999 -9999 -9999 -9999 -9999 -9999 -9999 -9999 -9999 -9999 -9999 -9999 -9999 -9999 -9999 -9999 -9999 -9999 -9999 -9999 -9999 -9999 -9999 -9999 -9999 -9999 -9999 -9999 -9999 -9999 -9999
85.54 117.48 117.99 128.45 124.25 141.89 127.94 120.37 114.55 131.33 117.98 120.44 92.48 77.27 88.45 67.48 62.43 65.30 54.18 53.02 40.81 39.93 52.76 -9999 -9999 -9999 -9999 -9999 -9999 -9999 -9999 -9999 -9999 -9999 -9999 -9999 -9999 -9999 -9999 -9999 -9999 -9999 -9999 -9999 -9999 -9999 -9999 -9999 -9999 -9999 -9999 -9999 -9999 -9999 -9999 -9999 -9999 -9999 -9999 -9999 -9999 -9999 -9999 -9999 -9999 -9999 -9999 -9999 -9999 -9999 -9999 -9999 -9999 -9999 -9999
83.24 107.33 113.33 109.02 151.60 136.23 138.79 126.43 132.46 170.92 104.91 88.68 73.86 86.91 90.20 68.81 70.28 57.38 52.58 42.20 41.44 55.83 -9999 -9999 -9999 -9999 -9999 -9999 -9999 -9999 -9999 -9999 -9999 -9999 -9999 -9999 -9999 -9999 -9999 -9999 -9999 -9999 -9999 -9999 -9999 -9999 -9999 -9999 -9999 -9999 -9999 -9999 -9999 -9999 -9999 -9999 -9999 -9999 -9999 -9999 -9999 -9999 -9999 -9999 -9999 -9999 -9999 -9999 -9999 -9999 -9999 -9999 -9999 -9999 -9999
121.03 130.71 138.30 122.28 103.48 124.84 126.16 130.48 116.73 117.60 101.82 112.59 78.00 74.63 113.61 76.02 63.61 46.18 46.72 47.63 44.85 -9999 -9999 -9999 -9999 -9999 -9999 39.02 40.93 41.19 40.42 -9999 -9999 40.51 54.40 52.51 38.86 38.82 -9999 -9999 -9999 41.85 -9999 44.18 42.02 -9999 -9999 -9999 -9999 -9999 -9999 -9999 -9999 -9999 -9999 -9999 -9999 -9999 -9999 -9999 -9999 -9999 -9999 -9999 -9999 -9999 -9999 -9999 -9999 -9999 -9999 -9999 -9999 -9999 -9999
126.00 141.74 155.29 131.09 126.66 97.94 116.98 124.88 127.72 107.81 99.34 83.72 88.12 95.24 89.43 66.71 57.93 58.57 61.74 57.92 44.36 -9999 -9999 -9999 43.45 37.41 35.32 39.07 45.11 40.81 45.45 42.73 44.39 51.75 62.92 52.85 43.58 44.50 42.19 50.61 62.23 63.75 49.92 40.90 37.68 46.06 -9999 -9999 -9999 -9999 -9999 -9999 -9999 -9999 -9999 -9999 -9999 -9999 -9999 -9999 -9999 -9999 -9999 -9999 -9999 -9999 -9999 -9999 -9999 -9999 -9999 -9999 -9999 -9999 -9999
109.75 124.08 148.87 181.27 147.21 123.15 114.24 127.89 118.48 112.96 107.31 104.89 76.91 54.05 68.85 68.90 58.13 71.53 57.97 59.79 47.61 47.42 49.47 44.43 45.08 42.29 41.21 54.02 46.90 45.53 63.96 44.27 54.54 57.95 65.51 50.46 46.54 62.00 59.04 55.01 66.88 74.89 61.27 33.89 47.59 51.89 46.59 -9999 -9999 -9999 -9999 -9999 -9999 -9999 -9999 -9999 -9999 -9999 -9999 -9999 -9999 -9999 -9999 -9999 -9999 -9999 -9999 -9999 -9999 -9999 -9999 -9999 -9999 -9999 -9999
122.55 142.89 187.51 168.07 170.22 132.10 137.12 135.36 110.41 98.25 86.36 111.07 90.34 84.54 72.59 63.05 68.51 62.74 57.62 -9999 49.86 46.57 46.04 44.03 49.81 49.09 56.87 71.76 68.60 61.13 61.06 45.19 46.88 51.23 49.55 51.33 62.55 63.71 61.36 61.09 71.77 72.26 65.24 51.48 48.49 44.40 46.51 46.98 -9999 -9999 -9999 -9999 -9999 -9999 -9999 -9999 -9999 -9999 -9999 -9999 -9999 -9999 -9999 -9999 -9999 -9999 -9999 -9999 -9999 -9999 -9999 -9999 -9999 -9999 -9999
136.47 145.59 130.92 153.24 156.36 152.27 152.36 140.80 140.02 124.25 111.34 101.64 102.05 82.00 81.33 51.39 50.63 62.78 64.49 58.29 62.61 72.65 49.90 49.66 50.26 62.36 73.14 74.53 82.27 63.03 53.93 50.11 51.28 56.02 55.26 51.49 51.30 60.48 60.90 56.09 59.44 59.39 48.26 41.87 47.86 41.17 47.08 47.51 -9999 -9999 -9999 -9999 -9999 -9999 -9999 -9999 -9999 -9999 -9999 -9999 -9999 -9999 -9999 -9999 -9999 -9999 -9999 -9999 -9999 -9999 -9999 -9999 -9999 -9999 -9999
218.18 127.40 126.02 111.21 124.16 136.30 139.07 151.69 155.49 184.29 152.94 124.78 101.80 81.26 74.79 61.37 89.78 78.12 64.52 81.53 86.90 92.59 74.32 63.01 77.26 75.64 79.78 75.02 51.42 49.45 50.50 47.06 49.89 50.00 51.88 46.10 46.08 50.84 63.27 54.26 48.80 52.62 56.69 51.24 50.88 39.88 45.01 47.61 -9999 -9999 -9999 -9999 -9999 -9999 -9999 -9999 -9999 -9999 -9999 -9999 -9999 -9999 -9999 -9999 -9999 -9999 -9999 -9999 -9999 -9999 -9999 -9999 -9999 -9999 -9999
257.72 195.86 129.56 124.91 138.45 158.02 138.10 147.88 175.98 139.09 107.30 112.19 107.48 96.99 97.55 87.21 111.46 74.85 85.08 80.99 87.43 108.87 102.06 73.42 71.01 81.84 77.95 61.67 36.52 59.07 59.91 72.73 65.59 51.57 58.68 46.39 47.94 61.96 56.55 49.11 44.29 48.89 47.44 53.25 50.93 32.83 31.85 -9999 -9999 -9999 -9999 -9999 -9999 -9999 -9999 -9999 -9999 -9999 -9999 -9999 -9999 -9999 -9999 -9999 -9999 -9999 -9999 -9999 -9999 -9999 -9999 -9999 -9999 -9999 -9999
206.38 228.73 128.51 170.01 187.15 184.55 153.30 165.23 137.63 120.94 82.76 86.16 91.89 71.41 77.93 99.17 72.52 125.29 112.95 119.31 93.47 84.72 111.83 83.65 74.84 74.46 59.49 57.84 53.34 57.77 61.86 61.63 52.12 61.72 69.77 61.62 66.93 62.36 54.92 51.08 54.32 46.30 43.73 40.47 44.68 38.00 36.34 -9999 -9999 -9999 -9999 -9999 -9999 -9999 -9999 -9999 -9999 -9999 -9999 -9999 -9999 -9999 -9999 -9999 -9999 -9999 -9999 -9999 -9999 -9999 -9999 -9999 -9999 -9999 -9999
165.54 107.19 95.84 171.22 156.92 147.32 145.51 152.91 159.28 123.24 70.82 84.10 98.52 73.49 85.01 76.65 100.51 143.34 145.38 89.71 78.90 80.63 98.50 71.79 65.93 60.79 52.92 77.73 62.02 58.75 83.48 63.00 51.20 51.37 64.77 66.98 65.41 62.76 49.68 53.01 46.22 48.20 44.52 40.71 42.10 43.15 -9999 -9999 -9999 -9999 -9999 -9999 -9999 -9999 -9999 -9999 -9999 -9999 -9999 -9999 -9999 -9999 -9999 -9999 -9999 -9999 -9999 -9999 -9999 -9999 -9999 -9999 -9999 -9999 -9999
161.75 135.74 144.54 162.49 139.93 138.47 152.24 158.63 130.19 133.34 92.80 87.90 79.34 88.36 89.62 84.61 97.98 149.87 132.63 71.38 71.20 80.15 67.10 64.46 66.36 68.21 71.40 56.44 55.90 51.76 68.99 81.09 70.61 87.21 63.93 90.70 72.05 65.90 79.08 58.99 46.76 51.64 52.89 44.67 42.84 -9999 -9999 -9999 -9999 -9999 -9999 -9999 -9999 -9999 -9999 -9999 -9999 -9999 -9999 -9999 -9999 -9999 -9999 -9999 -9999 -9999 -9999 -9999 -9999 -9999 -9999 -9999 -9999 -9999 -9999
134.84 134.47 138.93 153.94 172.17 118.32 119.51 120.62 141.28 114.94 115.85 80.45 61.12 73.80 88.08 99.49 121.91 133.46 88.97 67.21 93.00 75.21 97.14 67.24 62.85 55.04 62.40 70.90 62.85 64.32 81.65 79.51 62.85 81.62 61.17 64.12 47.59 49.11 54.19 50.36 49.27 46.70 45.17 45.42 39.13 -9999 -9999 -9999 -9999 -9999 -9999 -9999 -9999 -9999 -9999 -9999 -9999 -9999 -9999 -9999 -9999 -9999 -9999 -9999 -9999 -9999 -9999 -9999 -9999 -9999 -9999 -9999 -9999 -9999 -9999
132.00 150.81 166.39 173.96 150.40 69.76 138.89 119.65 98.99 76.03 119.58 124.49 85.16 77.31 120.94 149.37 161.70 142.13 116.96 114.00 91.59 96.82 91.17 61.76 95.91 67.09 84.95 68.41 57.93 74.86 71.83 66.79 68.80 90.83 74.01 70.98 52.99 58.48 58.11 54.05 52.40 48.04 42.19 47.15 -9999 -9999 -9999 -9999 -9999 -9999 -9999 -9999 -9999 -9999 -9999 -9999 -9999 -9999 -9999 -9999 -9999 -9999 -9999 -9999 -9999 -9999 -9999 -9999 -9999 -9999 -9999 -9999 -9999 -9999 -9999
157.43 146.20 151.38 133.22 153.99 97.45 132.96 121.33 100.66 111.33 141.80 89.76 56.00 96.26 143.92 155.20 176.52 161.00 136.53 118.83 87.46 64.36 66.00 68.00 87.45 89.84 91.55 68.43 45.61 59.91 65.39 82.14 78.99 77.22 64.59 48.14 54.02 65.70 70.99 63.74 50.21 54.86 53.04 51.16 -9999 -9999 -9999 -9999 -9999 -9999 -9999 -9999 -9999 -9999 -9999 -9999 -9999 -9999 -9999 -9999 -9999 -9999 -9999 -9999 -9999 -9999 -9999 -9999 -9999 -9999 -9999 -9999 -9999 -9999 -9999
138.29 159.81 149.60 154.99 169.94 124.32 115.07 111.83 94.70 87.96 90.27 93.76 102.74 127.89 151.66 154.08 150.43 146.05 118.25 74.09 65.20 68.24 104.76 95.86 138.34 132.13 100.24 86.60 78.58 72.63 69.36 67.91 78.25 60.71 51.60 54.28 51.83 64.29 89.69 73.72 54.46 51.92 55.51 56.61 52.75 -9999 -9999 -9999 -9999 -9999 -9999 -9999 -9999 -9999 -9999 -9999 -9999 -9999 -9999 -9999 -9999 -9999 -9999 -9999 -9999 -9999 -9999 -9999 -9999 -9999 -9999 -9999 -9999 -9999 -9999
150.91 174.71 156.17 200.51 238.62 159.09 135.51 127.19 119.78 125.18 129.69 135.09 122.97 137.36 123.53 110.88 110.68 115.53 99.38 64.99 78.78 77.47 101.77 132.86 103.89 112.00 94.93 94.09 84.01 73.51 74.40 66.34 55.11 46.36 47.14 49.88 58.17 65.34 57.43 59.90 59.57 67.05 70.41 63.33 -9999 -9999 -9999 -9999 -9999 -9999 -9999 -9999 -9999 -9999 -9999 -9999 -9999 -9999 -9999 -9999 -9999 -9999 -9999 -9999 -9999 -9999 -9999 -9999 -9999 -9999 -9999 -9999 -9999 -9999 -9999
140.03 177.63 180.27 264.97 261.21 179.48 135.13 123.87 141.89 150.41 139.14 116.79 115.03 116.43 128.20 100.92 95.40 86.01 81.07 84.73 87.65 93.88 108.25 112.79 110.01 70.32 70.79 79.22 55.55 52.67 67.44 77.31 83.08 72.68 64.43 88.24 117.24 80.55 64.14 80.19 86.84 76.12 73.01 -9999 -9999 -9999 -9999 -9999 -9999 -9999 -9999 -9999 -9999 -9999 -9999 -9999 -9999 -9999 -9999 -9999 -9999 -9999 -9999 -9999 -9999 -9999 -9999 -9999 -9999 -9999 -9999 -9999 -9999 -9999 -9999
128.34 174.30 198.69 225.14 246.39 179.77 128.11 124.24 110.50 111.29 148.82 140.90 143.03 160.88 93.33 104.20 96.37 95.14 86.02 101.25 90.66 104.15 95.25 98.34 91.44 79.45 66.37 98.38 95.02 100.98 95.10 70.54 96.34 122.35 109.11 112.99 122.16 111.65 92.65 94.21 89.85 64.53 62.95 -9999 -9999 -9999 -9999 -9999 -9999 -9999 -9999 -9999 -9999 -9999 -9999 -9999 -9999 -9999 -9999 -9999 -9999 -9999 -9999 -9999 -9999 -9999 -9999 -9999 -9999 -9999 -9999 -9999 -9999 -9999 -9999
123.11 141.00 181.28 188.45 143.14 131.99 145.24 114.87 116.14 108.29 114.67 135.34 119.72 107.05 100.81 131.39 120.29 92.02 132.31 125.71 122.61 119.83 120.96 116.87 107.58 97.38 98.30 104.91 104.67 128.79 87.74 99.23 104.53 80.10 85.48 118.00 109.20 104.05 98.09 76.87 76.37 67.48 58.90 -9999 -9999 -9999 -9999 -9999 -9999 -9999 -9999 -9999 -9999 -9999 -9999 -9999 -9999 -9999 -9999 -9999 -9999 -9999 -9999 -9999 -9999 -9999 -9999 -9999 -9999 -9999 -9999 -9999 -9999 -9999 -9999
164.40 135.73 158.68 157.03 114.36 105.50 100.51 102.42 119.83 113.52 136.90 110.70 127.67 121.67 133.22 120.24 97.23 91.66 132.98 119.78 127.49 97.81 121.50 119.49 97.56 131.63 127.81 121.83 133.95 145.56 139.51 136.82 126.46 107.68 92.03 86.35 95.52 101.70 88.83 72.26 69.37 66.14 51.50 -9999 -9999 -9999 -9999 -9999 -9999 -9999 -9999 -9999 -9999 -9999 -9999 -9999 -9999 -9999 -9999 -9999 -9999 -9999 -9999 -9999 -9999 -9999 -9999 -9999 -9999 -9999 -9999 -9999 -9999 -9999 -9999
120.40 113.32 161.93 141.54 139.41 142.35 108.51 167.72 221.46 183.07 171.60 137.54 144.32 133.41 138.46 132.83 119.28 100.06 103.35 98.04 98.63 74.32 107.85 108.49 125.30 102.46 110.41 94.81 109.85 138.18 136.98 100.65 115.69 119.13 85.60 98.24 82.14 74.85 89.00 99.35 78.89 57.44 -9999 -9999 -9999 -9999 -9999 -9999 -9999 -9999 -9999 -9999 -9999 -9999 -9999 -9999 -9999 -9999 -9999 -9999 -9999 -9999 -9999 -9999 -9999 -9999 -9999 -9999 -9999 -9999 -9999 -9999 -9999 -9999 -9999
114.76 128.14 161.51 156.48 145.57 130.22 153.63 209.40 199.43 201.24 168.31 119.35 91.75 115.71 128.51 123.07 114.41 89.23 85.14 85.78 72.79 73.82 72.46 95.88 110.76 100.23 102.97 88.16 95.24 108.08 109.99 109.39 104.45 110.75 88.09 59.01 60.10 54.88 69.03 83.23 69.90 -9999 -9999 -9999 -9999 -9999 -9999 -9999 -9999 -9999 -9999 -9999 -9999 -9999 -9999 -9999 -9999 -9999 -9999 -9999 -9999 -9999 -9999 -9999 -9999 -9999 -9999 -9999 -9999 -9999 -9999 -9999 -9999 -9999 -9999
165.98 162.92 170.63 150.98 141.36 126.84 151.65 183.96 161.24 184.21 157.76 136.56 105.32 120.71 107.03 100.25 92.02 79.23 100.20 73.25 77.02 74.74 85.67 76.00 110.62 91.71 77.92 82.33 114.26 103.09 105.58 88.96 104.66 102.10 66.65 52.61 57.63 61.52 62.97 61.43 -9999 -9999 -9999 -9999 -9999 -9999 -9999 -9999 -9999 -9999 -9999 -9999 -9999 -9999 -9999 -9999 -9999 -9999 -9999 -9999 -9999 -9999 -9999 -9999 -9999 -9999 -9999 -9999 -9999 -9999 -9999 -9999 -9999 -9999 -9999
171.82 194.60 195.03 136.52 109.11 166.55 155.57 158.15 202.57 223.56 151.78 126.77 133.65 102.12 90.71 72.01 73.31 66.07 71.38 85.30 65.67 70.16 83.48 70.87 88.96 90.29 80.81 79.71 97.92 105.52 98.39 85.86 94.30 79.64 61.88 49.03 58.41 57.56 56.04 57.19 -9999 -9999 -9999 -9999 -9999 -9999 -9999 -9999 -9999 -9999 -9999 -9999 -9999 -9999 -9999 -9999 -9999 -9999 -9999 -9999 -9999 -9999 -9999 -9999 -9999 -9999 -9999 -9999 -9999 -9999 -9999 -9999 -9999 -9999 -9999
157.57 171.44 150.63 -9999 130.20 185.48 186.70 193.93 173.52 171.33 157.08 124.37 119.54 114.45 110.93 112.96 96.88 94.02 118.15 103.06 75.26 72.66 69.21 71.64 62.84 84.48 96.14 84.89 80.08 81.04 72.44 63.82 54.12 46.55 46.12 48.20 53.02 58.05 58.79 -9999 -9999 -9999 -9999 -9999 -9999 -9999 -9999 -9999 -9999 -9999 -9999 -9999 -9999 -9999 -9999 -9999 -9999 -9999 -9999 -9999 -9999 -9999 -9999 -9999 -9999 -9999 -9999 -9999 -9999 -9999 -9999 -9999 -9999 -9999 -9999
125.46 112.50 -9999 111.24 136.78 162.91 175.57 174.24 186.14 183.44 146.43 140.26 126.38 126.80 134.48 144.15 114.28 79.82 84.51 71.46 70.22 91.94 90.17 93.79 87.37 83.91 94.29 83.27 68.28 60.96 53.88 51.63 53.92 51.45 48.69 51.38 58.19 53.42 49.08 -9999 -9999 -9999 -9999 -9999 -9999 -9999 -9999 -9999 -9999 -9999 -9999 -9999 -9999 -9999 -9999 -9999 -9999 -9999 -9999 -9999 -9999 -9999 -9999 -9999 -9999 -9999 -9999 -9999 -9999 -9999 -9999 -9999 -9999 -9999 -9999
93.55 -9999 89.26 98.55 127.73 187.68 171.79 211.47 173.53 150.10 132.58 146.29 150.48 100.22 114.86 135.84 111.71 111.05 111.22 71.01 78.96 109.69 109.60 95.39 96.06 94.78 92.57 70.28 62.12 56.96 59.34 71.90 65.57 62.07 60.21 60.52 55.66 45.86 39.56 -9999 -9999 -9999 -9999 -9999 -9999 -9999 -9999 -9999 -9999 -9999 -9999 -9999 -9999 -9999 -9999 -9999 -9999 -9999 -9999 -9999 -9999 -9999 -9999 -9999 -9999 -9999 -9999 -9999 -9999 -9999 -9999 -9999 -9999 -9999 -9999
