Rainfall_2007-2011/Rainfall_2011-12_ACTUAL.txt
ncols         180
nrows         290
xllcorner     -200000
yllcorner     -200000
cellsize      5000
NODATA_value  -9999
[rows 99 to 131 of 290, columns 76 to 151 of 180]
638.42 602.43 -9999 574.91 742.21 737.62 786.47 686.85 650.12 655.98 527.87 427.53 364.32 338.43 320.48 287.64 285.47 340.04 299.01 226.74 219.93 183.95 155.16 115.05 123.88 129.88 117.09 112.81 106.48 80.33 70.81 55.94 53.16 56.87 49.18 50.90 57.05 55.90 -9999 -9999 -9999 -9999 -9999 -9999 -9999 -9999 -9999 -9999 -9999 -9999 -9999 -9999 -9999 -9999 -9999 -9999 -9999 -9999 -9999 -9999 -9999 -9999 -9999 -9999 -9999 -9999 -9999 -9999 -9999 -9999 -9999 -9999 -9999 -9999 -9999 -9999
538.37 -9999 422.89 483.99 609.88 685.64 641.78 737.64 736.31 594.38 554.11 468.88 438.82 407.86 310.77 288.55 236.22 246.98 231.59 227.81 207.79 189.51 153.52 123.78 109.72 116.74 105.79 98.30 92.11 71.90 61.92 67.89 58.10 55.33 52.32 54.08 46.98 45.18 -9999 -9999 -9999 -9999 -9999 -9999 -9999 -9999 -9999 -9999 -9999 -9999 -9999 -9999 -9999 -9999 -9999 -9999 -9999 -9999 -9999 -9999 -9999 -9999 -9999 -9999 -9999 -9999 -9999 -9999 -9999 -9999 -9999 -9999 -9999 -9999 -9999 -9999
-9999 397.11 315.40 458.46 785.77 717.48 795.12 649.36 579.66 506.16 542.00 555.40 429.35 500.66 377.02 337.10 345.16 334.69 233.19 250.95 261.77 199.60 129.41 131.36 130.41 120.01 87.57 79.34 72.84 71.97 86.52 77.02 69.65 62.16 52.50 53.30 47.76 37.91 -9999 -9999 -9999 -9999 -9999 -9999 -9999 -9999 -9999 -9999 -9999 -9999 -9999 -9999 -9999 -9999 -9999 -9999 -9999 -9999 -9999 -9999 -9999 -9999 -9999 -9999 -9999 -9999 -9999 -9999 -9999 -9999 -9999 -9999 -9999 -9999 -9999 -9999
386.88 -9999 527.16 521.92 684.33 593.94 689.70 602.94 611.38 551.52 628.04 568.54 444.91 385.77 374.00 413.71 313.74 255.35 274.71 310.16 257.61 164.48 152.53 138.55 135.19 122.50 94.63 83.05 76.19 96.64 74.96 68.48 58.78 56.76 47.31 49.18 37.96 -9999 -9999 -9999 -9999 -9999 -9999 -9999 -9999 -9999 -9999 -9999 -9999 -9999 -9999 -9999 -9999 -9999 -9999 -9999 -9999 -9999 -9999 -9999 -9999 -9999 -9999 -9999 -9999 -9999 -9999 -9999 -9999 -9999 -9999 -9999 -9999 -9999 -9999 -9999
-9999 420.94 459.48 482.71 440.67 667.38 701.50 529.65 555.58 631.42 566.49 646.40 604.45 471.63 399.97 277.61 286.29 312.07 351.48 340.81 208.10 226.79 216.29 157.15 126.58 111.64 94.57 88.84 97.97 76.03 65.83 66.09 51.98 49.96 47.59 -9999 -9999 -9999 -9999 -9999 -9999 -9999 -9999 -9999 -9999 -9999 -9999 -9999 -9999 -9999 -9999 -9999 -9999 -9999 -9999 -9999 -9999 -9999 -9999 -9999 -9999 -9999 -9999 -9999 -9999 -9999 -9999 -9999 -9999 -9999 -9999 -9999 -9999 -9999 -9999 -9999
440.07 477.03 565.39 630.82 543.57 552.41 520.69 486.33 529.13 539.86 521.44 505.04 447.97 396.48 393.64 403.60 274.73 307.23 256.09 251.29 232.36 169.42 176.90 151.01 118.71 102.33 79.29 79.07 74.03 64.26 61.40 57.66 55.73 52.28 -9999 -9999 -9999 -9999 -9999 -9999 -9999 -9999 -9999 -9999 -9999 -9999 -9999 -9999 -9999 -9999 -9999 -9999 -9999 -9999 -9999 -9999 -9999 -9999 -9999 -9999 -9999 -9999 -9999 -9999 -9999 -9999 -9999 -9999 -9999 -9999 -9999 -9999 -9999 -9999 -9999 -9999
430.25 550.63 637.12 629.04 534.84 548.55 552.60 592.93 674.87 541.64 566.59 525.35 553.22 458.08 443.22 316.60 283.04 303.03 255.59 199.76 149.73 161.47 111.86 100.02 98.01 83.43 67.23 76.17 73.25 70.47 78.68 59.62 53.55 51.28 -9999 -9999 -9999 -9999 -9999 -9999 -9999 -9999 -9999 -9999 -9999 -9999 -9999 -9999 -9999 -9999 -9999 -9999 -9999 -9999 -9999 -9999 -9999 -9999 -9999 -9999 -9999 -9999 -9999 -9999 -9999 -9999 -9999 -9999 -9999 -9999 -9999 -9999 -9999 -9999 -9999 -9999
478.60 523.52 594.21 602.72 597.19 652.05 605.60 586.86 561.54 688.61 585.14 567.02 466.06 518.04 414.29 402.71 340.72 288.77 253.08 237.86 214.81 157.84 143.09 105.18 77.23 66.74 91.95 86.99 76.66 71.90 58.79 59.98 48.21 54.08 49.17 -9999 -9999 -9999 -9999 -9999 -9999 -9999 -9999 -9999 -9999 -9999 -9999 -9999 -9999 -9999 -9999 -9999 -9999 -9999 -9999 -9999 -9999 -9999 -9999 -9999 -9999 -9999 -9999 -9999 -9999 -9999 -9999 -9999 -9999 -9999 -9999 -9999 -9999 -9999 -9999 -9999
406.00 483.96 599.48 552.96 597.68 514.51 503.79 595.55 675.52 719.52 546.85 560.67 518.76 429.67 358.04 450.77 300.84 316.59 341.80 243.40 222.29 185.19 162.69 150.28 131.97 116.42 132.92 134.62 88.75 75.72 65.15 82.01 62.43 61.60 59.68 48.73 -9999 -9999 -9999 -9999 -9999 -9999 -9999 -9999 -9999 -9999 -9999 -9999 -9999 -9999 -9999 -9999 -9999 -9999 -9999 -9999 -9999 -9999 -9999 -9999 -9999 -9999 -9999 -9999 -9999 -9999 -9999 -9999 -9999 -9999 -9999 -9999 -9999 -9999 -9999 -9999
411.22 496.98 540.48 577.57 565.47 525.75 516.49 648.82 639.69 781.24 542.75 477.31 454.43 404.48 345.53 373.24 320.08 254.87 205.31 176.74 201.98 196.21 216.16 236.32 208.59 185.46 154.96 133.30 135.46 121.26 102.40 67.14 71.07 64.39 54.33 49.40 38.93 -9999 -9999 -9999 -9999 -9999 -9999 -9999 -9999 -9999 -9999 -9999 -9999 -9999 -9999 -9999 -9999 -9999 -9999 -9999 -9999 -9999 -9999 -9999 -9999 -9999 -9999 -9999 -9999 -9999 -9999 -9999 -9999 -9999 -9999 -9999 -9999 -9999 -9999 -9999
401.57 445.75 530.10 582.64 522.75 480.11 525.12 656.36 569.12 495.39 468.68 580.65 412.76 390.54 348.05 337.56 269.84 226.25 169.88 169.18 199.23 257.22 260.17 235.06 230.53 151.17 141.42 120.12 116.05 111.30 85.54 56.31 48.08 49.82 43.40 39.54 -9999 -9999 -9999 -9999 -9999 -9999 -9999 -9999 -9999 -9999 -9999 -9999 -9999 -9999 -9999 -9999 -9999 -9999 -9999 -9999 -9999 -9999 -9999 -9999 -9999 -9999 -9999 -9999 -9999 -9999 -9999 -9999 -9999 -9999 -9999 -9999 -9999 -9999 -9999 -9999
309.19 406.59 451.90 461.40 504.11 546.04 463.43 575.65 557.35 533.39 478.07 405.44 462.24 378.96 343.71 237.57 196.58 177.03 186.41 155.29 176.34 141.75 127.25 149.13 181.27 168.59 130.87 112.15 105.29 86.19 72.30 52.35 -9999 -9999 -9999 -9999 -9999 -9999 -9999 -9999 -9999 -9999 -9999 -9999 -9999 -9999 -9999 -9999 -9999 -9999 -9999 -9999 -9999 -9999 -9999 -9999 -9999 -9999 -9999 -9999 -9999 -9999 -9999 -9999 -9999 -9999 -9999 -9999 -9999 -9999 -9999 -9999 -9999 -9999 -9999 -9999
370.79 448.47 430.31 397.07 552.98 509.53 561.90 586.28 418.49 448.51 441.50 362.03 341.74 349.06 238.23 230.59 230.24 221.75 239.55 164.23 163.63 138.98 118.75 129.36 131.75 149.58 128.91 121.00 112.65 86.69 -9999 -9999 -9999 -9999 -9999 -9999 -9999 -9999 -9999 -9999 -9999 -9999 -9999 -9999 -9999 -9999 -9999 -9999 -9999 -9999 -9999 -9999 -9999 -9999 -9999 -9999 -9999 -9999 -9999 -9999 -9999 -9999 -9999 -9999 -9999 -9999 -9999 -9999 -9999 -9999 -9999 -9999 -9999 -9999 -9999 -9999
434.44 452.75 413.91 499.20 479.83 513.99 623.05 567.33 402.06 415.28 378.17 292.78 269.15 257.59 232.30 254.72 289.24 278.09 247.42 218.72 195.92 157.86 106.46 114.63 110.01 124.92 113.21 114.02 103.23 73.85 -9999 -9999 -9999 -9999 -9999 -9999 -9999 -9999 -9999 -9999 -9999 -9999 -9999 -9999 -9999 -9999 -9999 -9999 -9999 -9999 -9999 -9999 -9999 -9999 -9999 -9999 -9999 -9999 -9999 -9999 -9999 -9999 -9999 -9999 -9999 -9999 -9999 -9999 -9999 -9999 -9999 -9999 -9999 -9999 -9999 -9999
423.78 -9999 426.38 479.11 470.87 486.91 536.32 524.79 393.00 299.33 300.28 287.73 282.51 308.44 283.21 367.01 369.13 342.64 325.54 246.57 189.54 150.12 104.70 99.19 94.44 96.78 92.93 76.89 -9999 -9999 -9999 -9999 -9999 36.29 32.69 37.70 29.89 -9999 -9999 -9999 -9999 -9999 -9999 -9999 -9999 -9999 -9999 -9999 -9999 -9999 -9999 -9999 -9999 -9999 -9999 -9999 -9999 -9999 -9999 -9999 -9999 -9999 -9999 -9999 -9999 -9999 -9999 -9999 -9999 -9999 -9999 -9999 -9999 -9999 -9999 -9999
488.49 -9999 399.05 470.21 438.13 400.26 519.53 418.90 409.76 306.31 320.97 298.67 266.50 307.73 280.48 288.84 259.69 251.48 232.56 209.51 178.24 159.81 132.41 108.06 110.30 103.39 91.11 72.09 73.45 60.97 -9999 -9999 42.93 39.42 45.35 39.83 36.53 32.11 35.05 -9999 -9999 -9999 -9999 -9999 -9999 -9999 -9999 -9999 -9999 -9999 -9999 -9999 -9999 -9999 -9999 -9999 -9999 -9999 -9999 -9999 -9999 -9999 -9999 -9999 -9999 -9999 -9999 -9999 -9999 -9999 -9999 -9999 -9999 -9999 -9999 -9999
431.53 358.11 376.59 324.48 392.14 396.27 419.23 382.52 362.62 368.85 352.45 318.16 235.43 219.15 241.19 241.08 227.54 221.97 218.87 201.77 167.61 160.17 141.22 134.65 125.66 100.16 89.26 77.83 70.50 71.31 59.99 51.16 50.22 50.49 53.73 50.38 50.28 44.67 56.19 30.66 -9999 -9999 -9999 -9999 -9999 -9999 -9999 -9999 -9999 -9999 -9999 -9999 -9999 -9999 -9999 -9999 -9999 -9999 -9999 -9999 -9999 -9999 -9999 -9999 -9999 -9999 -9999 -9999 -9999 -9999 -9999 -9999 -9999 -9999 -9999 -9999
377.19 388.72 337.60 373.71 346.91 307.15 351.73 -9999 407.01 470.74 442.14 314.62 248.19 208.38 215.56 206.05 203.31 189.11 175.43 184.35 175.37 164.82 132.05 132.99 118.13 108.52 102.30 92.20 96.89 82.40 77.00 64.20 56.23 56.86 52.60 61.48 62.16 59.02 57.37 49.70 46.72 44.44 26.42 -9999 -9999 -9999 -9999 -9999 -9999 -9999 -9999 -9999 -9999 -9999 -9999 -9999 -9999 -9999 -9999 -9999 -9999 -9999 -9999 -9999 -9999 -9999 -9999 -9999 -9999 -9999 -9999 -9999 -9999 -9999 -9999 -9999
359.26 434.01 343.26 -9999 281.13 263.40 315.78 -9999 349.35 528.18 443.86 355.77 277.48 246.01 228.45 198.00 194.52 178.68 179.52 170.06 167.28 178.73 171.71 126.09 152.47 131.27 115.52 138.34 127.73 88.19 63.74 73.20 59.51 69.53 91.01 97.22 79.22 71.56 57.02 53.31 61.07 40.82 40.76 -9999 -9999 -9999 -9999 -9999 -9999 -9999 -9999 -9999 -9999 -9999 -9999 -9999 -9999 -9999 -9999 -9999 -9999 -9999 -9999 -9999 -9999 -9999 -9999 -9999 -9999 -9999 -9999 -9999 -9999 -9999 -9999 -9999
342.20 386.24 327.08 -9999 -9999 264.45 259.48 275.93 346.04 385.36 366.64 313.97 321.08 292.03 267.80 228.27 229.96 205.98 181.78 196.07 174.91 184.06 189.11 194.12 185.08 182.18 185.68 149.22 123.49 111.33 89.01 81.34 79.59 94.71 95.16 102.45 86.00 64.53 64.36 47.65 47.82 39.99 38.70 36.06 -9999 -9999 -9999 -9999 -9999 -9999 -9999 -9999 -9999 -9999 -9999 -9999 -9999 -9999 -9999 -9999 -9999 -9999 -9999 -9999 -9999 -9999 -9999 -9999 -9999 -9999 -9999 -9999 -9999 -9999 -9999 -9999
336.11 -9999 -9999 -9999 -9999 -9999 250.32 247.38 321.40 349.61 316.44 281.13 297.12 295.49 291.97 279.32 270.22 240.87 215.70 180.60 173.71 170.98 184.03 185.41 176.43 168.11 139.37 144.27 123.46 102.22 128.27 121.68 89.70 94.01 79.45 72.09 77.67 64.60 71.34 51.96 49.40 42.49 46.07 33.77 -9999 -9999 -9999 -9999 -9999 -9999 -9999 -9999 -9999 -9999 -9999 -9999 -9999 -9999 -9999 -9999 -9999 -9999 -9999 -9999 -9999 -9999 -9999 -9999 -9999 -9999 -9999 -9999 -9999 -9999 -9999 -9999
338.27 363.23 364.32 354.85 -9999 -9999 -9999 242.37 285.86 295.98 278.97 256.97 243.85 283.29 312.00 307.65 301.44 260.31 240.09 199.84 182.23 174.25 169.08 136.11 151.53 125.55 128.50 168.80 146.05 164.62 183.33 160.40 122.92 110.47 67.12 67.23 68.37 73.43 79.76 63.92 44.88 43.51 46.38 40.37 40.85 -9999 -9999 -9999 -9999 -9999 -9999 -9999 -9999 -9999 -9999 -9999 -9999 -9999 -9999 -9999 -9999 -9999 -9999 -9999 -9999 -9999 -9999 -9999 -9999 -9999 -9999 -9999 -9999 -9999 -9999 -9999
363.42 374.26 382.75 462.18 410.34 -9999 -9999 -9999 219.72 229.05 233.96 235.59 232.07 227.73 271.35 271.25 284.24 246.19 225.53 196.24 211.56 155.19 153.90 128.74 160.87 142.70 168.43 144.34 169.82 151.29 147.62 155.01 132.47 106.92 91.59 82.02 71.63 64.06 74.78 65.44 52.01 51.17 48.74 50.06 38.16 32.73 -9999 -9999 -9999 -9999 -9999 -9999 -9999 -9999 -9999 -9999 -9999 -9999 -9999 -9999 -9999 -9999 -9999 -9999 -9999 -9999 -9999 -9999 -9999 -9999 -9999 -9999 -9999 -9999 -9999 -9999
356.07 271.92 344.18 454.51 388.61 -9999 -9999 -9999 -9999 -9999 214.27 212.07 200.44 223.12 244.20 256.96 238.78 285.39 284.39 251.25 209.31 165.56 156.26 135.99 141.25 120.05 175.61 166.09 165.54 166.42 146.66 114.12 100.49 80.66 98.54 82.54 79.34 80.01 69.81 68.22 47.73 47.31 49.64 59.38 47.96 36.91 34.73 -9999 -9999 -9999 -9999 -9999 -9999 -9999 -9999 -9999 -9999 -9999 -9999 -9999 -9999 -9999 -9999 -9999 -9999 -9999 -9999 -9999 -9999 -9999 -9999 -9999 -9999 -9999 -9999 -9999
-9999 280.04 275.61 415.51 358.21 -9999 -9999 -9999 -9999 -9999 221.93 204.55 226.10 213.90 268.69 314.30 297.54 303.95 284.22 267.41 219.83 208.25 180.36 154.72 154.61 198.41 180.86 275.53 192.68 211.97 148.06 171.19 147.20 98.74 110.89 86.08 71.80 74.13 77.51 69.37 57.10 46.32 53.90 53.64 58.07 46.09 40.89 39.11 28.92 -9999 -9999 -9999 -9999 -9999 -9999 -9999 -9999 -9999 -9999 -9999 -9999 -9999 -9999 -9999 -9999 -9999 -9999 -9999 -9999 -9999 -9999 -9999 -9999 -9999 -9999 -9999
-9999 -9999 289.02 335.85 303.62 -9999 -9999 -9999 -9999 -9999 182.67 177.21 199.76 194.00 223.38 240.94 257.10 274.56 257.76 276.11 231.27 201.35 207.11 192.88 210.98 213.69 222.53 289.21 247.17 164.65 151.51 175.21 114.49 113.25 103.46 85.87 84.67 86.69 73.05 63.02 62.27 80.35 89.72 66.92 68.79 53.59 50.12 41.45 38.31 -9999 -9999 -9999 -9999 -9999 -9999 -9999 -9999 -9999 -9999 -9999 -9999 -9999 -9999 -9999 -9999 -9999 -9999 -9999 -9999 -9999 -9999 -9999 -9999 -9999 -9999 -9999
-9999 -9999 235.01 257.80 259.69 -9999 -9999 -9999 -9999 -9999 164.43 188.40 196.17 197.90 210.21 224.20 258.77 302.13 312.76 259.91 248.23 222.94 215.17 183.11 195.09 210.76 263.60 257.53 213.22 188.72 167.30 134.77 142.33 109.53 106.83 100.49 79.59 88.56 92.05 89.83 83.19 116.53 118.23 94.58 84.14 69.33 59.35 56.39 46.58 -9999 -9999 -9999 -9999 -9999 -9999 -9999 -9999 -9999 -9999 -9999 -9999 -9999 -9999 -9999 -9999 -9999 -9999 -9999 -9999 -9999 -9999 -9999 -9999 -9999 -9999 -9999
-9999 -9999 -9999 -9999 -9999 -9999 -9999 -9999 -9999 193.00 179.63 202.28 220.46 209.87 224.24 228.99 247.31 254.94 300.74 276.60 248.42 287.61 267.79 255.43 257.21 272.21 288.36 287.46 228.21 219.30 189.90 171.29 140.24 127.29 99.28 87.57 98.37 84.98 100.71 108.10 127.20 111.53 128.70 105.69 76.54 65.47 54.12 53.23 53.63 -9999 -9999 -9999 -9999 -9999 -9999 -9999 -9999 -9999 -9999 -9999 -9999 -9999 -9999 -9999 -9999 -9999 -9999 -9999 -9999 -9999 -9999 -9999 -9999 -9999 -9999 -9999
-9999 -9999 -9999 -9999 -9999 -9999 -9999 -9999 -9999 244.49 193.72 225.64 266.98 282.59 284.06 324.25 284.56 267.87 246.73 277.00 275.90 259.98 311.32 264.29 247.64 202.49 294.22 250.87 260.96 215.52 195.59 168.86 133.33 111.23 119.00 107.41 88.95 95.38 111.45 127.60 118.54 104.68 128.28 105.88 72.21 60.40 58.21 70.74 57.27 -9999 -9999 -9999 -9999 -9999 -9999 -9999 -9999 -9999 -9999 -9999 -9999 -9999 -9999 -9999 -9999 -9999 -9999 -9999 -9999 -9999 -9999 -9999 -9999 -9999 -9999 -9999
-9999 -9999 -9999 -9999 -9999 -9999 -9999 -9999 218.70 249.34 223.32 253.21 292.92 283.50 336.12 388.82 359.96 329.58 322.31 274.32 267.23 280.10 298.12 251.98 252.65 204.75 241.72 285.95 261.82 255.35 219.11 197.10 161.09 139.60 137.74 121.50 103.65 145.69 172.96 142.26 128.35 119.66 94.69 90.92 72.01 77.56 81.16 69.17 59.59 -9999 -9999 -9999 -9999 -9999 -9999 -9999 -9999 -9999 -9999 -9999 -9999 -9999 -9999 -9999 -9999 -9999 -9999 -9999 -9999 -9999 -9999 -9999 -9999 -9999 -9999 -9999
-9999 -9999 -9999 -9999 -9999 -9999 -9999 -9999 243.58 232.17 279.48 276.65 323.30 313.42 360.29 372.54 453.58 381.58 318.83 278.69 278.84 256.39 334.98 299.44 245.36 229.30 218.57 269.83 283.02 258.79 241.76 198.94 202.66 207.31 180.91 183.58 177.36 202.56 141.79 127.17 136.79 121.57 115.91 101.75 68.07 66.86 63.67 62.80 51.31 55.36 -9999 -9999 -9999 -9999 -9999 -9999 -9999 -9999 -9999 -9999 -9999 -9999 -9999 -9999 -9999 -9999 -9999 -9999 -9999 -9999 -9999 -9999 -9999 -9999 -9999 -9999
-9999 -9999 -9999 -9999 -9999 -9999 -9999 217.18 294.84 303.34 313.48 357.55 342.98 363.87 320.54 384.91 392.87 363.61 306.97 270.36 222.66 191.96 219.89 255.92 244.42 209.00 198.64 211.81 237.91 236.79 227.04 245.44 201.07 214.95 199.84 174.21 216.77 191.19 179.80 167.19 124.48 124.25 121.55 113.17 98.53 73.68 61.62 53.40 46.05 42.81 -9999 -9999 -9999 -9999 -9999 -9999 -9999 -9999 -9999 -9999 -9999 -9999 -9999 -9999 -9999 -9999 -9999 -9999 -9999 -9999 -9999 -9999 -9999 -9999 -9999 -9999
-9999 -9999 -9999 -9999 -9999 -9999 -9999 278.51 313.21 339.17 396.50 398.85 417.39 387.15 447.81 369.04 341.54 312.27 293.18 270.24 211.13 188.66 222.36 237.70 246.65 182.41 179.21 185.02 207.59 211.79 245.07 190.27 222.68 223.94 189.95 214.82 166.81 182.88 173.96 139.00 130.08 115.33 98.35 87.63 95.10 82.64 69.10 53.16 49.61 50.45 -9999 -9999 -9999 -9999 -9999 -9999 -9999 -9999 -9999 -9999 -9999 -9999 -9999 -9999 -9999 -9999 -9999 -9999 -9999 -9999 -9999 -9999 -9999 -9999 -9999 -9999
