Rainfall_2007-2011/Rainfall_2010-04_ACTUAL.txt
ncols         180
nrows         290
xllcorner     -200000
yllcorner     -200000
cellsize      5000
NODATA_value  -9999
[rows 204 to 237 of 290, columns 77 to 153 of 180]
39.87 43.25 44.63 51.81 55.63 51.56 49.39 49.55 47.52 54.35 53.61 48.66 53.85 52.16 42.10 46.26 39.14 40.28 47.89 56.82 43.39 45.17 44.55 40.88 43.53 34.74 50.12 57.28 53.14 39.17 31.61 25.11 21.48 22.32 22.05 19.28 17.71 21.13 23.09 21.95 23.25 20.93 25.11 28.91 32.39 24.63 20.73 21.56 21.83 23.14 23.64 23.57 21.78 19.94 19.41 19.73 19.05 16.83 18.07 19.54 19.67 22.05 23.32 20.49 21.23 22.86 18.61 17.60 19.59 18.66 18.17 15.64 16.08 13.63 14.21 12.43 11.37
29.53 41.28 38.85 43.41 44.80 46.70 47.46 53.20 54.68 49.68 52.08 40.84 40.54 43.63 44.08 46.35 51.32 52.96 67.34 85.76 70.72 62.96 61.28 67.65 62.36 42.75 40.45 64.37 47.04 41.89 35.57 32.23 24.70 27.37 22.47 25.12 22.68 21.79 21.79 21.27 23.98 25.74 29.59 30.43 28.22 24.37 19.96 19.37 22.11 23.61 24.63 22.68 21.14 17.89 23.39 21.51 16.06 16.18 18.02 19.27 19.97 19.95 20.99 22.08 22.11 20.06 14.72 15.63 15.40 13.85 13.27 13.00 13.76 14.39 15.47 12.87 10.08
36.40 40.44 41.66 44.17 43.80 44.95 48.12 52.01 51.21 47.93 45.64 35.63 39.07 46.73 54.43 48.29 56.38 62.76 70.89 82.31 88.13 76.52 82.39 93.67 66.93 60.05 51.90 36.32 37.18 40.18 26.41 28.51 27.54 34.86 29.58 31.81 25.34 21.95 22.04 22.40 24.51 28.19 39.31 31.82 25.13 21.85 18.97 16.87 24.49 26.27 22.97 22.40 18.55 21.82 21.99 20.40 16.73 15.94 19.47 19.80 20.29 19.37 19.77 20.34 19.57 18.26 16.99 15.82 14.73 11.84 11.56 12.99 13.69 15.34 13.93 13.69 11.93
35.29 34.59 42.21 44.03 49.99 49.26 51.76 46.66 46.43 47.51 44.50 31.57 34.24 42.15 48.53 45.81 50.47 57.41 65.05 65.23 68.74 68.04 77.69 81.36 77.66 59.00 50.00 49.04 50.25 37.18 30.03 28.12 37.79 37.68 38.74 36.25 30.73 23.79 25.48 29.58 35.60 34.14 33.50 33.42 20.87 20.70 17.98 21.63 25.45 24.51 21.15 20.46 20.40 22.36 20.90 19.48 19.95 20.16 20.21 19.08 18.36 18.69 20.44 16.24 18.75 18.72 16.47 15.58 15.28 11.80 12.89 14.09 13.26 13.29 13.86 12.78 12.53
33.45 33.61 38.45 43.53 43.03 41.03 40.50 38.39 38.69 45.67 48.21 50.03 43.24 53.50 46.09 55.23 49.19 62.52 69.43 61.98 52.06 60.26 60.33 61.49 69.10 59.36 46.25 46.97 51.51 35.99 34.57 27.94 32.03 37.64 36.13 41.46 31.42 23.61 25.52 27.19 28.72 29.61 30.98 28.20 26.14 20.04 19.90 23.52 25.72 23.38 20.62 19.42 24.62 24.82 21.48 20.50 20.91 20.47 20.26 18.42 18.35 19.88 19.37 17.06 17.53 16.80 14.55 11.57 15.99 15.93 16.18 15.35 15.50 10.25 12.41 13.19 10.12
32.08 34.06 38.69 42.20 40.69 39.62 -9999 -9999 -9999 -9999 46.18 49.22 47.92 47.41 43.79 43.53 41.60 47.38 51.84 56.17 80.02 92.19 68.35 58.22 52.44 55.21 50.07 48.88 44.96 35.33 37.76 29.38 32.74 32.76 36.86 24.66 19.58 19.38 23.92 30.11 26.02 29.97 28.90 26.47 24.83 16.47 15.31 21.46 23.07 22.74 22.74 21.00 23.00 22.60 22.40 22.68 25.00 23.17 21.94 20.00 21.12 19.83 17.50 14.79 15.95 16.00 14.14 16.72 16.12 17.52 16.11 16.64 15.78 15.55 13.27 14.63 14.69
33.22 35.06 36.29 35.37 40.36 34.30 -9999 -9999 -9999 -9999 -9999 -9999 -9999 41.96 46.01 45.75 40.47 40.18 51.36 76.81 86.83 104.27 78.40 64.39 51.64 47.87 40.07 47.64 49.33 32.59 31.00 31.68 31.89 33.40 26.87 23.49 20.13 19.92 22.53 25.09 26.81 27.58 24.54 25.00 22.39 17.31 18.29 21.51 21.35 25.85 21.84 20.33 22.32 21.78 22.44 25.46 28.28 23.32 23.48 19.98 20.55 18.72 16.99 14.52 15.59 13.52 13.39 15.02 17.27 18.14 18.93 18.52 18.14 16.45 15.40 18.76 18.95
-9999 -9999 32.17 -9999 -9999 -9999 -9999 -9999 -9999 -9999 -9999 30.01 34.95 38.94 42.62 37.53 37.20 36.59 42.96 61.74 67.81 79.19 70.70 59.84 50.72 50.31 43.88 45.28 41.66 33.21 22.95 23.82 26.89 27.65 25.93 29.88 29.10 20.03 24.40 25.24 23.95 26.76 24.79 24.01 23.19 21.92 23.48 22.18 21.31 18.10 18.07 20.63 21.29 23.28 21.87 24.78 28.98 25.92 22.00 22.58 15.90 15.46 17.28 15.90 14.99 14.36 14.20 18.22 20.52 21.77 21.51 18.60 18.75 16.87 17.20 17.83 19.21
-9999 -9999 -9999 -9999 -9999 -9999 -9999 -9999 -9999 -9999 -9999 28.62 32.03 32.41 33.73 32.72 -9999 -9999 35.09 51.21 45.55 53.36 48.94 45.34 45.83 47.81 40.26 38.93 41.77 31.25 28.99 23.71 23.39 23.52 24.66 24.30 29.21 25.40 24.15 24.34 23.89 28.83 24.31 25.78 24.87 23.17 23.66 22.31 22.35 26.29 23.64 25.49 25.09 22.46 22.66 26.63 26.07 23.40 18.22 20.23 18.03 19.74 17.96 17.52 18.44 19.97 18.25 19.08 22.61 24.63 24.50 18.42 17.11 16.63 16.02 14.97 16.67
-9999 -9999 -9999 -9999 -9999 -9999 -9999 -9999 -9999 -9999 -9999 -9999 -9999 -9999 -9999 -9999 -9999 -9999 30.72 34.52 38.92 36.33 36.29 37.27 35.28 39.37 35.93 30.47 29.23 24.94 25.71 23.14 -9999 23.67 25.25 26.25 23.61 27.40 30.95 28.29 29.68 26.54 27.72 25.82 25.78 24.28 26.44 25.24 23.56 22.33 23.67 29.85 29.61 22.21 22.37 22.80 24.23 22.29 18.21 18.89 20.60 23.30 20.62 18.91 20.97 23.30 21.52 21.15 22.27 20.78 20.77 18.16 16.60 15.77 14.49 13.69 13.86
-9999 -9999 -9999 -9999 -9999 -9999 -9999 -9999 -9999 -9999 -9999 -9999 -9999 -9999 -9999 -9999 -9999 -9999 -9999 29.37 28.89 30.27 31.16 31.37 30.22 29.30 29.34 27.56 -9999 -9999 -9999 -9999 21.56 21.95 24.79 26.49 24.56 27.69 28.58 26.49 26.45 28.46 29.40 30.89 25.30 26.10 16.90 24.02 26.55 24.93 25.86 26.10 23.92 20.46 20.35 19.60 22.00 23.02 20.96 22.30 20.99 22.88 15.64 17.51 23.22 22.31 24.67 22.87 24.95 21.01 21.77 19.64 18.38 14.54 13.43 12.00 12.79
-9999 -9999 -9999 -9999 -9999 -9999 -9999 -9999 -9999 -9999 -9999 -9999 -9999 -9999 -9999 -9999 -9999 -9999 -9999 -9999 28.24 30.14 28.48 26.34 27.63 27.36 25.72 -9999 -9999 -9999 -9999 20.03 21.27 22.68 22.70 26.80 25.88 31.87 27.69 28.39 30.45 29.82 37.32 30.26 28.51 28.75 20.87 24.31 26.50 26.31 26.24 22.65 21.30 21.95 17.38 16.36 20.01 23.37 22.89 23.86 23.89 21.12 17.42 15.38 16.29 22.69 21.98 21.50 21.22 21.03 18.69 19.58 17.23 13.90 12.15 10.83 12.30
-9999 -9999 -9999 -9999 -9999 -9999 -9999 -9999 -9999 -9999 -9999 -9999 -9999 -9999 -9999 -9999 -9999 -9999 -9999 -9999 -9999 24.57 21.35 19.05 21.97 22.06 22.31 -9999 -9999 -9999 18.18 21.00 21.23 22.01 25.53 31.37 26.76 31.61 29.72 33.85 33.70 28.97 39.40 28.68 25.73 25.11 26.50 25.22 25.67 24.76 24.37 22.75 20.62 19.84 20.55 20.37 23.92 25.57 24.70 23.56 24.00 23.58 21.30 21.39 19.15 22.74 20.14 20.58 19.55 19.13 19.71 18.85 17.15 12.53 11.77 9.59 12.11
-9999 -9999 -9999 -9999 -9999 -9999 -9999 -9999 -9999 -9999 -9999 -9999 -9999 -9999 -9999 -9999 -9999 -9999 -9999 -9999 -9999 -9999 -9999 -9999 -9999 -9999 -9999 -9999 -9999 24.15 20.91 24.63 26.14 28.44 26.32 31.32 30.62 31.80 34.82 39.51 30.30 26.75 27.27 23.04 22.68 19.78 25.94 28.44 28.99 27.26 30.43 25.69 23.26 19.57 21.07 24.24 26.17 23.44 21.87 21.67 21.90 21.79 20.00 21.16 20.28 20.60 21.98 21.85 20.57 20.25 21.52 20.73 17.99 13.54 14.10 12.73 13.55
-9999 -9999 -9999 -9999 -9999 -9999 -9999 -9999 -9999 -9999 -9999 -9999 -9999 -9999 -9999 -9999 -9999 -9999 -9999 -9999 -9999 -9999 -9999 -9999 -9999 -9999 -9999 -9999 -9999 22.84 28.53 31.08 39.47 36.65 29.43 34.28 35.64 33.55 40.68 36.01 28.71 28.88 29.69 26.76 27.62 23.72 27.82 34.21 35.72 30.90 32.38 30.84 23.58 21.29 20.70 22.36 23.70 22.10 21.76 20.54 19.71 22.87 23.55 21.51 21.24 21.96 23.58 24.31 21.76 24.52 20.96 18.56 18.62 13.00 15.33 13.63 12.01
-9999 -9999 -9999 -9999 -9999 -9999 -9999 -9999 -9999 -9999 -9999 -9999 -9999 -9999 -9999 -9999 -9999 -9999 -9999 -9999 -9999 -9999 -9999 -9999 -9999 -9999 -9999 -9999 -9999 22.16 24.41 28.97 33.41 37.88 36.55 36.57 32.69 39.18 37.30 34.83 30.87 30.58 26.25 28.77 28.23 27.34 27.19 29.01 29.34 28.80 32.69 26.84 21.46 19.90 21.15 20.43 22.74 23.46 22.41 21.42 20.45 22.23 24.11 25.49 26.09 24.52 21.93 23.35 21.54 21.50 22.60 23.36 23.40 17.79 17.81 17.52 15.04
-9999 -9999 -9999 -9999 -9999 -9999 -9999 -9999 -9999 -9999 -9999 -9999 21.05 23.45 25.19 33.94 34.32 30.20 24.24 32.59 23.60 31.31 21.95 -9999 -9999 -9999 -9999 -9999 -9999 22.96 25.52 23.69 24.63 32.86 36.72 45.73 44.78 41.46 37.58 36.30 37.48 30.18 23.22 21.72 24.25 25.72 27.00 31.04 25.31 20.97 20.23 22.46 20.92 21.87 23.12 25.96 24.69 24.69 24.11 24.27 21.50 24.99 25.71 26.70 27.62 22.92 21.03 20.70 17.57 15.88 21.11 19.17 21.98 19.07 16.02 17.77 15.39
-9999 -9999 -9999 -9999 -9999 -9999 -9999 -9999 -9999 -9999 -9999 -9999 25.27 25.88 31.50 28.86 37.15 32.48 33.80 34.48 35.71 36.61 29.23 24.32 28.72 31.50 29.29 22.10 21.04 24.47 23.83 23.44 24.92 32.52 34.49 44.42 46.97 45.00 36.64 43.02 39.09 31.84 28.90 27.59 23.48 25.37 26.99 27.41 24.82 21.89 20.50 19.57 22.37 22.94 24.76 26.22 26.87 24.10 22.69 22.21 21.61 22.32 24.34 23.47 30.00 23.93 21.33 20.78 18.20 17.96 18.43 17.04 20.66 18.93 18.04 18.75 19.16
-9999 -9999 -9999 -9999 -9999 -9999 -9999 -9999 -9999 -9999 -9999 18.28 28.17 29.77 29.02 31.74 34.05 38.65 34.10 39.32 35.45 31.44 32.91 23.38 34.62 33.32 32.58 23.16 21.41 22.11 24.64 25.73 33.50 37.41 47.80 46.70 42.34 42.72 44.80 39.70 44.26 37.51 31.19 26.47 23.24 26.76 28.22 24.94 22.03 24.96 24.57 25.12 23.18 18.97 20.05 24.54 26.13 23.30 24.92 23.11 25.96 24.02 25.26 24.04 24.29 21.06 19.43 16.64 17.92 19.64 24.40 21.02 19.27 20.38 23.07 21.50 22.15
-9999 -9999 -9999 -9999 -9999 -9999 -9999 -9999 -9999 -9999 -9999 -9999 25.37 27.21 27.35 28.55 29.38 30.14 32.55 32.63 28.60 24.64 27.89 34.38 33.21 26.05 22.11 27.08 24.58 20.64 23.19 24.43 31.53 33.06 37.13 33.86 38.19 42.17 38.63 37.22 39.62 38.95 31.37 29.11 32.83 30.23 27.80 24.86 24.37 23.01 25.12 28.19 23.62 22.86 20.71 22.62 25.10 25.72 23.83 26.50 29.05 25.88 23.98 20.47 20.76 15.26 17.60 15.36 20.04 19.52 23.14 24.85 23.73 24.13 25.63 25.51 23.05
-9999 -9999 -9999 -9999 -9999 -9999 -9999 -9999 22.24 -9999 -9999 18.27 17.79 29.29 24.34 25.83 28.48 27.70 27.97 25.95 26.21 29.65 30.31 37.21 31.75 27.47 24.13 23.75 25.45 20.61 22.50 31.65 29.28 33.95 33.58 35.52 41.43 43.43 37.06 32.54 32.91 32.11 31.89 34.87 33.51 28.74 24.15 25.42 25.54 27.30 27.99 24.41 25.01 28.00 25.83 23.10 25.02 29.21 25.41 25.40 24.71 25.81 22.61 21.74 18.82 15.56 15.17 11.16 17.38 19.94 23.47 25.92 22.82 25.06 26.09 25.16 27.51
-9999 -9999 -9999 -9999 -9999 -9999 -9999 23.19 25.23 30.47 31.18 26.41 28.18 32.72 31.22 23.70 25.88 26.55 28.45 25.84 28.01 26.34 30.67 36.48 30.47 27.32 24.92 24.89 24.44 23.10 26.09 25.99 29.27 36.95 36.91 36.52 36.07 35.03 32.44 35.05 31.31 32.86 33.53 36.08 31.65 29.31 27.25 26.92 25.66 25.86 25.40 24.16 23.71 25.04 26.16 23.93 24.32 22.85 23.48 23.80 25.86 24.88 21.22 22.09 20.36 18.14 16.47 15.10 17.77 18.76 23.59 24.31 24.04 24.17 25.84 29.43 28.57
-9999 -9999 -9999 -9999 -9999 -9999 -9999 24.43 23.87 31.13 33.43 36.28 36.63 34.26 34.86 33.55 27.78 29.67 28.82 24.17 28.20 22.74 27.85 33.06 30.66 32.81 35.39 32.09 28.77 29.78 30.56 33.78 33.55 36.62 35.74 35.55 33.13 35.01 31.97 31.52 36.46 41.20 33.53 31.11 30.21 27.41 26.51 29.27 26.71 23.94 22.10 23.06 20.21 19.53 21.60 24.24 26.48 26.40 23.74 28.30 24.54 24.39 23.06 26.24 22.00 21.12 18.63 17.32 17.60 18.73 22.94 27.04 24.80 25.40 26.56 29.34 26.66
-9999 -9999 -9999 -9999 -9999 -9999 -9999 25.06 28.38 32.72 37.23 36.18 40.53 41.64 34.36 27.21 26.40 22.08 26.36 23.11 28.72 33.49 28.35 32.70 29.78 35.82 33.70 31.56 34.90 35.28 35.43 38.39 34.67 38.78 41.08 32.48 32.83 36.96 33.12 32.91 38.49 35.61 32.67 30.79 31.16 29.74 29.50 29.17 28.96 26.61 25.95 23.02 26.96 21.77 22.68 25.73 25.84 26.39 24.63 27.84 26.05 23.23 26.49 20.74 27.48 22.60 17.64 16.51 21.75 21.00 22.60 26.19 25.57 24.79 26.80 34.85 23.73
-9999 -9999 -9999 -9999 -9999 -9999 -9999 23.18 29.18 32.13 32.87 33.26 38.45 35.54 28.49 30.60 28.29 21.52 26.25 25.48 25.08 24.79 30.18 29.11 28.19 37.50 34.45 35.41 37.16 37.51 39.82 38.31 38.39 40.70 42.97 33.01 32.40 38.93 37.42 39.80 36.40 35.59 32.57 31.49 37.35 33.46 29.14 30.07 29.66 30.71 23.63 19.54 19.88 21.05 21.79 24.46 26.03 25.47 24.69 22.89 20.74 20.00 13.17 11.68 18.70 17.83 15.47 15.23 16.23 19.28 19.89 21.38 22.88 29.22 29.64 32.17 24.07
-9999 -9999 -9999 -9999 -9999 -9999 -9999 23.51 29.75 30.48 35.13 37.77 37.92 37.01 31.29 28.61 29.34 25.31 24.94 24.22 29.06 28.33 27.23 29.36 27.44 27.76 34.15 36.25 32.41 33.34 43.29 45.47 38.28 53.46 41.40 39.63 42.88 47.65 46.91 39.93 37.54 30.77 33.31 35.35 34.04 33.57 33.49 30.11 31.69 31.73 22.01 21.69 20.17 18.93 18.77 21.54 23.46 22.06 20.53 20.62 19.19 15.75 14.67 13.68 15.56 15.23 13.58 -9999 -9999 14.90 17.79 19.74 25.52 27.97 32.42 27.60 -9999
-9999 -9999 -9999 -9999 -9999 -9999 27.71 26.44 33.29 38.62 37.22 39.03 40.90 39.04 37.29 32.80 34.86 26.42 23.50 24.39 31.38 28.01 26.84 30.31 29.26 32.43 36.68 35.23 31.10 33.14 41.14 36.94 37.33 35.31 36.42 42.84 47.00 45.71 45.98 42.93 39.85 34.31 30.65 36.64 35.13 33.51 33.82 28.65 27.88 28.78 23.52 21.01 19.54 -9999 -9999 21.11 23.61 22.93 20.77 19.76 17.74 13.26 -9999 -9999 -9999 -9999 -9999 -9999 -9999 -9999 -9999 -9999 22.49 26.55 28.47 26.41 -9999
-9999 -9999 -9999 -9999 -9999 36.00 31.37 32.94 36.07 36.11 34.19 36.14 41.75 37.38 44.46 43.16 37.15 31.33 28.31 30.39 20.17 20.89 25.96 30.42 26.40 32.52 34.53 36.04 31.14 38.36 31.79 31.49 37.27 32.48 36.65 46.60 45.72 45.37 43.24 44.60 41.76 34.05 30.83 34.87 36.86 37.98 33.31 24.61 26.84 24.38 -9999 20.82 21.75 20.21 18.44 18.22 -9999 -9999 -9999 -9999 19.40 -9999 -9999 -9999 -9999 -9999 -9999 -9999 -9999 -9999 -9999 -9999 -9999 -9999 -9999 -9999 -9999
-9999 -9999 -9999 -9999 35.36 36.38 39.71 37.20 35.84 39.37 40.60 35.55 39.56 45.82 59.99 54.31 45.47 36.44 38.68 34.67 29.97 24.73 23.62 27.81 26.13 25.98 25.91 26.90 -9999 -9999 -9999 -9999 -9999 29.84 41.08 47.51 46.26 45.98 43.28 45.57 38.63 34.65 35.02 36.73 -9999 -9999 -9999 -9999 -9999 25.89 24.14 20.02 28.22 23.26 21.40 17.76 -9999 -9999 -9999 -9999 -9999 -9999 -9999 -9999 -9999 -9999 -9999 -9999 -9999 -9999 -9999 -9999 -9999 -9999 -9999 -9999 -9999
-9999 -9999 -9999 26.82 28.78 40.43 43.08 40.71 39.93 37.87 39.47 44.70 43.28 49.95 58.74 60.54 62.86 47.83 36.22 34.17 26.76 29.38 26.32 25.72 24.62 -9999 -9999 -9999 -9999 -9999 -9999 -9999 -9999 -9999 35.61 45.54 45.00 49.31 48.17 50.59 41.07 43.46 45.71 51.07 -9999 -9999 -9999 -9999 -9999 -9999 -9999 19.00 18.49 19.82 21.99 -9999 -9999 -9999 -9999 -9999 -9999 -9999 -9999 -9999 -9999 -9999 -9999 -9999 -9999 -9999 -9999 -9999 -9999 -9999 -9999 -9999 -9999
25.19 24.97 27.37 30.34 37.02 40.32 45.56 46.66 43.96 42.23 50.03 49.34 49.51 50.69 53.82 51.78 49.59 47.07 40.57 29.94 29.75 29.27 24.28 -9999 -9999 -9999 -9999 -9999 -9999 -9999 -9999 -9999 -9999 -9999 -9999 -9999 46.70 -9999 -9999 -9999 -9999 39.45 52.42 54.58 -9999 -9999 -9999 -9999 -9999 -9999 -9999 -9999 16.46 18.75 16.24 -9999 -9999 -9999 -9999 -9999 -9999 -9999 -9999 -9999 -9999 -9999 -9999 -9999 -9999 -9999 -9999 -9999 -9999 -9999 -9999 -9999 -9999
27.71 28.64 31.63 37.08 44.05 49.59 42.95 43.99 50.13 45.78 53.78 48.17 46.44 43.95 46.47 53.47 46.28 38.23 41.38 27.36 27.02 23.43 -9999 -9999 -9999 -9999 -9999 -9999 -9999 -9999 -9999 -9999 -9999 -9999 -9999 -9999 45.26 -9999 -9999 -9999 -9999 -9999 -9999 -9999 -9999 -9999 -9999 -9999 -9999 -9999 -9999 -9999 -9999 -9999 -9999 -9999 -9999 -9999 -9999 -9999 -9999 -9999 -9999 -9999 -9999 -9999 -9999 -9999 -9999 -9999 -9999 -9999 -9999 -9999 -9999 -9999 -9999
27.72 33.92 37.01 39.65 44.43 48.32 41.91 41.30 39.63 45.19 53.80 44.26 39.85 43.03 48.72 50.08 42.01 39.41 33.55 29.01 27.15 25.74 -9999 -9999 -9999 -9999 -9999 -9999 -9999 -9999 -9999 -9999 -9999 -9999 -9999 -9999 -9999 -9999 -9999 -9999 -9999 -9999 -9999 -9999 -9999 -9999 -9999 -9999 -9999 -9999 -9999 -9999 -9999 -9999 -9999 -9999 -9999 -9999 -9999 -9999 -9999 -9999 -9999 -9999 -9999 -9999 -9999 -9999 -9999 -9999 -9999 -9999 -9999 -9999 -9999 -9999 -9999
23.98 40.20 43.09 42.95 52.19 52.59 49.37 46.79 41.10 42.57 45.18 48.25 45.11 41.72 45.36 49.01 49.08 41.28 32.59 26.91 29.21 19.63 -9999 -9999 -9999 -9999 -9999 -9999 -9999 -9999 -9999 -9999 -9999 -9999 -9999 -9999 -9999 -9999 -9999 -9999 -9999 -9999 -9999 -9999 -9999 -9999 -9999 -9999 -9999 -9999 -9999 -9999 -9999 -9999 -9999 -9999 -9999 -9999 -9999 -9999 -9999 -9999 -9999 -9999 -9999 -9999 -9999 -9999 -9999 -9999 -9999 -9999 -9999 -9999 -9999 -9999 -9999
