Rainfall_2007-2011/Rainfall_2011-06_ACTUAL.txt
ncols         180
nrows         290
xllcorner     -200000
yllcorner     -200000
cellsize      5000
NODATA_value  -9999
[rows 204 to 237 of 290, columns 76 to 151 of 180]
83.46 94.26 102.28 112.96 133.98 141.18 142.13 129.64 134.88 136.22 138.55 135.43 133.33 146.96 159.00 119.69 119.62 98.67 106.99 118.84 122.94 116.19 115.04 110.72 91.46 94.21 72.76 106.42 109.43 91.95 73.06 71.13 61.55 54.20 53.06 41.68 39.53 38.44 41.68 43.49 43.60 40.10 49.18 37.05 45.37 51.64 61.59 57.86 51.80 53.59 58.03 56.75 49.49 47.50 51.36 51.56 48.52 41.81 48.54 56.27 64.57 66.28 80.35 72.96 72.71 81.00 70.06 66.24 68.87 74.78 76.69 80.66 72.22 71.51 74.48 77.11
78.62 80.77 99.88 99.86 112.53 133.53 128.55 124.91 124.67 134.04 118.17 128.04 109.11 104.07 112.90 114.03 120.64 137.13 143.13 171.62 218.30 183.04 157.15 150.94 156.09 135.15 86.40 74.80 127.71 98.12 91.54 77.26 75.51 63.80 53.03 37.77 44.62 52.74 54.09 44.92 43.12 53.82 58.73 64.52 71.75 63.52 58.55 49.65 51.10 51.16 50.94 55.64 49.27 47.14 50.60 38.12 37.31 44.17 46.17 57.93 61.85 65.79 67.95 71.62 71.50 66.17 82.46 77.51 76.92 74.36 72.20 72.25 72.75 69.40 64.87 64.39
-9999 98.53 110.96 112.48 114.37 112.99 120.44 128.13 133.23 128.10 125.17 121.74 105.54 109.29 114.94 142.51 126.32 151.73 167.53 188.06 199.13 208.59 174.60 195.89 208.43 124.87 118.65 102.97 62.99 78.52 88.07 61.49 62.43 53.13 62.65 56.39 66.56 63.16 51.92 44.35 43.87 53.37 60.21 83.68 70.46 60.12 54.88 53.42 55.20 53.50 57.74 54.41 48.71 47.15 43.33 39.27 42.93 45.37 45.69 61.81 60.74 64.18 71.11 76.50 78.93 72.24 77.09 87.25 83.69 83.42 77.27 72.70 69.46 70.27 67.21 64.84
88.35 98.24 96.07 114.16 109.62 123.61 136.29 143.29 130.11 123.10 117.74 110.38 114.27 124.36 114.07 126.81 107.51 135.16 165.75 181.07 162.89 168.20 158.72 172.49 166.80 139.52 125.36 113.09 97.42 108.10 83.19 62.52 69.08 65.43 62.31 70.79 69.37 91.20 60.61 57.62 59.15 66.29 58.75 73.77 74.54 49.23 52.77 59.50 58.66 51.32 53.36 55.26 46.32 44.46 45.88 46.84 50.67 48.69 54.51 63.59 62.61 68.93 74.85 82.97 74.79 75.63 75.61 81.25 83.35 80.43 72.48 74.37 72.79 69.22 73.21 74.76
76.84 93.70 102.03 110.03 114.20 120.53 132.83 115.61 112.07 107.69 92.23 96.27 90.63 110.36 128.82 115.64 131.94 149.02 174.11 197.74 170.29 138.21 144.12 131.24 125.54 120.55 129.75 121.36 108.88 114.96 81.88 74.86 66.91 63.69 72.27 80.39 66.22 70.27 61.41 70.20 76.25 61.62 67.90 62.04 71.58 58.72 58.26 55.87 53.67 45.70 47.45 47.49 41.79 52.52 52.72 49.63 43.68 47.12 52.50 62.13 68.77 76.01 84.02 82.02 79.73 81.07 88.21 95.90 81.11 87.09 85.18 78.23 79.03 82.49 82.82 79.32
-9999 88.92 106.32 114.02 114.64 121.58 112.61 -9999 -9999 -9999 -9999 81.96 94.24 108.06 103.08 108.55 125.73 127.75 150.67 148.06 151.05 211.61 234.43 180.03 140.44 128.84 140.75 140.22 120.75 103.99 87.58 71.93 70.14 74.94 68.91 69.67 60.29 57.92 56.74 70.17 83.14 71.16 81.23 77.11 68.98 55.31 54.11 51.42 48.75 48.04 44.96 43.58 47.05 52.09 54.59 48.88 44.95 43.62 53.06 63.61 90.40 79.12 82.07 80.41 74.11 70.88 97.24 88.01 86.28 90.12 89.40 81.99 80.02 78.40 84.00 77.93
-9999 94.63 111.22 119.03 105.98 116.07 85.11 -9999 -9999 -9999 -9999 -9999 -9999 -9999 101.74 115.00 115.71 119.44 128.58 159.13 204.61 223.55 252.98 209.01 197.88 155.84 140.99 115.27 128.10 129.44 97.10 78.57 102.20 97.20 87.12 65.94 63.75 61.51 70.10 88.72 89.63 81.15 78.12 66.13 55.29 53.27 52.51 49.17 49.63 47.11 37.11 37.75 46.34 44.77 47.81 50.56 49.39 48.12 59.11 64.94 82.67 85.18 83.60 84.30 73.44 89.94 97.11 103.72 95.22 91.05 84.40 111.42 90.29 79.05 81.11 78.77
-9999 -9999 -9999 104.29 -9999 -9999 -9999 -9999 -9999 -9999 -9999 -9999 84.73 96.07 107.91 113.02 89.19 93.02 114.61 147.17 190.65 228.56 246.79 204.46 183.76 154.15 152.25 125.92 120.58 115.59 87.41 71.83 101.65 93.52 81.45 74.17 83.84 73.08 82.72 111.38 94.76 82.72 77.15 68.20 59.14 57.16 52.55 50.69 47.79 52.42 38.39 41.23 45.65 47.01 53.31 48.87 48.93 58.02 76.70 73.49 83.48 66.44 77.36 83.49 91.18 89.34 97.87 104.71 104.94 93.13 85.28 81.62 89.04 85.95 85.38 73.41
-9999 -9999 -9999 -9999 -9999 -9999 -9999 -9999 -9999 -9999 -9999 -9999 78.52 88.30 98.11 102.69 103.09 -9999 -9999 115.46 173.48 175.65 188.27 174.01 185.71 153.30 139.58 97.88 104.61 106.45 85.73 83.22 71.01 63.35 73.14 79.37 74.29 68.81 80.49 101.46 84.87 70.68 53.26 80.25 71.34 68.44 49.12 50.66 50.57 54.63 56.68 53.40 51.93 52.00 51.14 49.63 54.28 56.32 80.34 75.89 81.18 69.54 83.65 89.40 84.77 85.07 95.43 94.70 84.86 94.70 87.24 82.04 80.95 81.20 82.12 89.20
-9999 -9999 -9999 -9999 -9999 -9999 -9999 -9999 -9999 -9999 -9999 -9999 -9999 -9999 -9999 -9999 -9999 -9999 -9999 107.19 121.72 129.03 133.53 137.80 153.26 138.59 104.59 94.25 95.59 87.93 76.38 77.01 74.41 -9999 78.03 87.82 94.08 98.97 72.97 91.37 90.88 83.80 75.02 72.47 69.16 71.47 47.56 55.69 61.30 56.37 50.19 51.39 61.15 53.73 50.20 50.88 48.88 65.87 73.05 70.91 76.64 78.42 73.41 81.83 84.18 93.62 91.63 84.51 84.62 82.98 90.62 85.50 80.50 78.32 86.18 102.36
-9999 -9999 -9999 -9999 -9999 -9999 -9999 -9999 -9999 -9999 -9999 -9999 -9999 -9999 -9999 -9999 -9999 -9999 -9999 -9999 105.41 117.15 122.97 143.37 140.43 111.75 104.70 89.53 87.77 -9999 -9999 -9999 -9999 73.62 76.98 89.69 97.43 90.45 77.65 87.54 92.00 89.57 84.12 73.04 77.72 61.89 62.01 61.99 67.03 61.45 58.75 57.36 58.34 54.75 52.44 56.18 54.75 68.64 78.01 74.76 77.68 74.16 77.44 81.18 93.23 84.66 85.38 74.86 79.27 85.84 85.61 82.62 80.90 80.99 75.89 94.56
-9999 -9999 -9999 -9999 -9999 -9999 -9999 -9999 -9999 -9999 -9999 -9999 -9999 -9999 -9999 -9999 -9999 -9999 -9999 -9999 -9999 114.54 131.19 139.78 135.35 108.37 88.20 76.70 -9999 -9999 -9999 -9999 71.46 86.04 95.53 81.65 84.11 76.63 80.89 89.47 94.70 83.19 73.05 70.62 70.35 70.75 75.43 67.08 64.95 61.21 61.10 56.85 62.21 58.05 57.85 58.64 68.83 67.18 77.26 73.12 74.92 72.73 88.35 91.91 109.80 102.95 93.08 87.35 90.63 80.02 86.89 90.93 89.99 77.68 85.94 96.58
-9999 -9999 -9999 -9999 -9999 -9999 -9999 -9999 -9999 -9999 -9999 -9999 -9999 -9999 -9999 -9999 -9999 -9999 -9999 -9999 -9999 -9999 109.86 108.84 125.43 97.42 67.72 71.14 -9999 -9999 -9999 64.96 75.04 83.17 108.70 91.28 79.41 75.42 90.50 87.07 93.15 78.58 67.67 74.89 68.92 65.92 69.52 70.64 66.12 62.36 60.19 62.67 61.41 58.03 63.74 71.47 66.89 63.31 71.30 74.34 75.64 84.89 110.54 109.89 103.44 96.92 94.70 92.67 83.65 80.44 89.83 93.43 91.89 86.74 88.42 91.98
-9999 -9999 -9999 -9999 -9999 -9999 -9999 -9999 -9999 -9999 -9999 -9999 -9999 -9999 -9999 -9999 -9999 -9999 -9999 -9999 -9999 -9999 -9999 -9999 -9999 -9999 -9999 -9999 -9999 -9999 74.00 70.10 72.96 72.06 86.43 75.62 82.13 90.97 91.36 95.73 105.31 66.95 61.01 58.03 59.35 59.51 57.56 71.21 77.63 73.18 67.02 72.73 68.66 66.96 71.03 77.76 71.48 62.59 68.82 79.51 79.52 85.73 104.11 98.06 100.44 98.26 92.65 97.62 78.25 80.93 88.79 96.89 99.84 91.14 85.36 100.61
-9999 -9999 -9999 -9999 -9999 -9999 -9999 -9999 -9999 -9999 -9999 -9999 -9999 -9999 -9999 -9999 -9999 -9999 -9999 -9999 -9999 -9999 -9999 -9999 -9999 -9999 -9999 -9999 -9999 -9999 69.44 84.44 78.68 104.88 111.20 111.01 96.60 94.36 92.97 108.12 95.19 70.69 62.54 56.55 62.05 67.61 64.05 79.46 87.08 91.12 78.29 67.93 79.51 79.53 83.31 77.20 79.76 80.97 73.75 77.75 84.17 84.33 95.90 98.04 88.93 100.23 90.86 87.56 87.09 87.78 99.47 90.77 91.86 99.58 105.22 103.21
-9999 -9999 -9999 -9999 -9999 -9999 -9999 -9999 -9999 -9999 -9999 -9999 -9999 -9999 -9999 -9999 -9999 -9999 -9999 -9999 -9999 -9999 -9999 -9999 -9999 -9999 -9999 -9999 -9999 -9999 65.82 66.76 58.90 81.88 93.00 117.87 108.30 101.89 114.39 112.62 90.98 79.53 84.66 70.52 71.87 74.48 79.29 76.58 79.74 82.20 79.00 72.15 75.00 80.70 73.30 68.37 68.07 79.72 75.74 84.83 78.26 79.60 98.43 102.76 110.69 99.72 97.37 90.42 96.87 92.39 87.50 87.23 90.07 117.31 117.31 99.41
-9999 -9999 -9999 -9999 -9999 -9999 -9999 -9999 -9999 -9999 -9999 -9999 -9999 97.16 108.76 100.11 124.49 104.38 118.25 121.76 120.87 74.52 92.94 67.52 -9999 -9999 -9999 -9999 -9999 -9999 67.07 67.21 63.11 89.45 94.16 126.67 93.99 113.22 105.60 109.66 96.41 96.00 85.25 72.36 73.61 76.58 79.57 74.28 71.10 79.98 74.06 61.16 85.75 77.38 79.69 84.80 93.57 88.11 95.00 91.94 89.14 78.53 93.28 107.33 112.87 104.92 90.78 89.09 87.30 81.87 84.76 88.92 88.43 94.71 94.23 83.92
-9999 -9999 -9999 -9999 -9999 -9999 -9999 -9999 -9999 -9999 -9999 -9999 -9999 120.80 129.39 137.52 96.54 150.24 184.16 128.32 146.14 111.14 78.89 70.72 57.92 56.73 65.48 65.95 61.11 57.94 68.50 70.08 63.97 87.01 94.72 105.58 121.67 121.81 115.65 103.27 123.48 110.83 85.58 78.28 80.17 76.22 77.66 71.61 75.13 101.03 83.78 68.24 85.35 83.06 91.98 94.95 91.09 101.63 99.78 79.60 81.16 82.34 86.66 100.43 104.88 131.57 99.85 99.78 102.30 82.98 83.07 87.66 103.60 100.28 102.35 91.56
-9999 -9999 -9999 -9999 -9999 -9999 -9999 -9999 -9999 -9999 -9999 -9999 77.49 96.21 118.09 120.49 127.12 156.64 187.54 173.04 152.11 137.71 114.75 95.30 64.46 66.31 72.65 67.07 68.19 59.55 60.60 68.63 71.72 91.62 87.37 100.50 108.93 112.72 106.09 143.39 129.78 143.13 105.47 87.48 76.15 73.40 74.11 72.56 75.76 85.71 88.68 74.54 84.11 97.06 88.75 93.29 122.79 116.89 95.65 95.10 96.04 104.56 97.97 111.50 110.01 111.85 100.38 105.38 93.69 83.57 75.38 102.55 98.50 91.85 94.40 101.83
-9999 -9999 -9999 -9999 -9999 -9999 -9999 -9999 -9999 -9999 -9999 -9999 -9999 89.26 98.59 97.98 106.42 132.18 146.09 170.60 152.58 117.69 97.47 96.12 99.61 82.53 71.77 69.91 74.03 63.43 59.50 66.05 65.15 75.41 57.83 83.26 94.31 95.84 110.75 123.11 109.24 108.84 110.26 82.54 83.10 82.36 78.68 72.61 77.66 80.06 79.10 87.32 105.29 107.78 89.58 96.93 112.33 121.89 107.60 89.15 100.42 98.30 99.54 97.54 101.90 97.33 89.42 93.52 96.03 83.26 91.88 94.45 106.70 102.13 100.76 98.05
-9999 -9999 -9999 -9999 -9999 -9999 -9999 -9999 -9999 96.62 -9999 -9999 88.04 88.39 113.28 98.42 106.79 113.02 115.13 134.78 123.32 121.55 102.49 98.92 105.25 88.17 76.44 66.21 63.35 55.08 59.37 59.07 44.94 78.17 70.99 74.93 81.41 92.00 95.28 91.38 79.26 82.84 77.26 83.41 92.94 87.26 78.66 72.71 73.20 80.07 78.51 94.78 90.68 99.47 110.50 106.47 113.95 116.57 128.40 100.39 98.96 88.44 100.92 98.39 104.47 93.91 87.35 87.86 85.98 90.16 94.94 97.21 97.17 91.60 97.65 93.57
-9999 -9999 -9999 -9999 -9999 -9999 -9999 -9999 107.51 119.21 119.05 118.00 99.26 115.81 122.94 116.27 101.00 104.97 93.35 113.02 112.22 114.75 103.04 93.13 91.92 77.19 71.18 65.58 64.95 62.26 64.07 57.20 57.48 66.81 68.84 74.29 70.64 82.94 79.21 73.68 83.03 85.91 82.90 85.20 94.40 83.13 82.91 71.66 75.72 81.52 86.10 92.52 94.55 109.43 101.20 107.47 110.44 120.19 123.77 124.03 105.26 115.77 125.33 106.44 109.64 106.97 91.64 87.81 85.89 97.42 100.56 102.17 104.94 95.36 91.86 94.48
-9999 -9999 -9999 -9999 -9999 -9999 -9999 -9999 112.74 124.64 106.27 110.53 125.70 139.93 109.21 118.01 127.32 104.31 89.69 106.00 104.50 108.17 111.59 92.05 91.79 82.51 87.53 92.13 78.74 70.48 74.76 57.77 61.99 70.46 73.17 69.37 56.28 74.16 79.23 68.67 65.35 67.25 82.00 103.65 86.31 81.15 85.99 82.31 82.64 81.98 83.06 80.81 80.66 78.26 90.36 93.80 100.30 111.30 137.68 112.12 126.54 112.53 123.16 124.38 113.64 107.52 103.54 88.60 93.67 117.05 107.65 100.92 100.08 94.96 97.95 92.21
-9999 -9999 -9999 -9999 -9999 -9999 -9999 -9999 115.31 121.13 106.95 104.29 106.60 108.90 100.64 96.62 103.02 91.30 98.69 96.73 87.23 94.13 94.06 84.29 89.63 85.19 106.99 97.81 88.35 97.16 62.81 70.71 70.97 73.55 80.69 71.24 71.26 75.12 82.24 76.83 67.70 89.30 79.80 96.70 86.08 88.83 91.41 81.16 88.73 97.44 94.30 74.83 76.68 72.17 84.28 94.74 91.15 98.15 99.75 98.52 123.51 115.18 134.94 142.09 107.08 129.65 109.35 82.13 89.53 133.05 124.21 102.72 87.59 83.72 78.96 71.80
-9999 -9999 -9999 -9999 -9999 -9999 -9999 -9999 75.04 104.06 84.68 88.98 89.58 96.92 91.61 76.00 90.48 86.26 91.28 82.96 78.40 82.80 84.42 85.76 76.80 80.74 97.44 96.73 97.80 85.53 72.63 77.90 88.07 86.14 89.84 90.24 89.46 85.02 91.97 91.70 89.16 74.93 87.49 90.10 87.28 105.28 97.49 91.33 91.46 92.88 93.06 78.94 73.06 82.81 82.88 76.65 84.22 71.37 81.27 85.73 89.10 90.47 96.16 86.88 84.97 96.74 89.15 84.36 83.99 91.26 93.39 93.77 82.81 72.79 71.71 70.13
-9999 -9999 -9999 -9999 -9999 -9999 -9999 -9999 80.17 82.89 81.08 86.32 87.72 93.07 87.25 80.11 78.58 82.82 67.96 62.62 57.77 71.09 73.50 73.54 70.06 74.24 83.03 90.94 101.08 87.03 68.07 90.49 113.99 97.85 122.64 116.51 98.80 102.78 101.43 86.24 96.47 82.63 78.39 84.54 88.73 84.73 82.98 92.60 91.83 88.55 89.61 82.94 70.29 72.35 65.64 61.35 70.04 70.82 68.16 68.08 73.31 67.79 63.58 73.94 79.25 85.80 77.22 68.64 -9999 -9999 72.25 71.64 67.01 67.69 60.35 70.41
-9999 -9999 -9999 -9999 -9999 -9999 -9999 71.46 73.24 80.50 69.25 86.94 86.95 98.11 94.45 90.75 73.75 72.18 67.11 52.45 48.87 67.70 63.48 66.47 64.13 76.68 86.89 102.74 99.35 85.38 91.72 93.58 75.74 92.72 85.90 90.20 100.21 95.85 92.61 90.81 90.55 84.43 83.10 81.85 91.07 85.26 84.91 82.08 83.48 74.95 66.81 69.30 63.99 64.53 -9999 -9999 67.29 76.83 63.43 68.55 65.42 58.44 52.72 -9999 -9999 -9999 -9999 -9999 -9999 -9999 -9999 -9999 -9999 63.58 55.03 55.30
-9999 -9999 -9999 -9999 -9999 -9999 95.60 96.98 84.81 87.94 81.52 73.62 88.24 104.83 98.22 104.90 91.40 82.87 71.27 64.74 64.72 64.08 63.91 58.66 59.74 73.29 93.33 106.36 97.19 92.56 82.28 70.91 58.85 64.94 75.74 85.02 84.93 89.33 94.07 83.52 86.20 85.00 78.65 81.09 86.22 92.96 77.42 72.84 64.14 67.66 54.64 -9999 66.33 71.18 66.11 55.16 61.20 -9999 -9999 -9999 -9999 53.67 -9999 -9999 -9999 -9999 -9999 -9999 -9999 -9999 -9999 -9999 -9999 -9999 -9999 -9999
-9999 -9999 -9999 -9999 -9999 77.44 108.41 102.49 107.11 87.45 80.04 79.76 82.41 86.13 123.27 150.11 140.06 93.64 72.11 90.81 66.49 71.47 51.39 60.92 67.50 71.86 67.37 71.09 73.25 -9999 -9999 -9999 -9999 -9999 60.12 77.93 82.93 72.33 81.50 77.78 75.82 91.24 78.29 94.47 85.75 -9999 -9999 -9999 -9999 -9999 71.09 68.63 68.64 89.19 74.38 74.04 72.95 -9999 -9999 -9999 -9999 -9999 -9999 -9999 -9999 -9999 -9999 -9999 -9999 -9999 -9999 -9999 -9999 -9999 -9999 -9999
-9999 -9999 -9999 -9999 69.54 79.71 122.08 118.22 129.35 108.55 85.85 82.46 98.32 106.92 135.06 173.21 194.62 153.24 117.38 85.10 84.07 65.47 69.17 59.02 59.63 60.90 -9999 -9999 -9999 -9999 -9999 -9999 -9999 -9999 -9999 57.62 63.97 56.53 66.43 82.44 97.59 93.72 95.76 90.19 80.09 -9999 -9999 -9999 -9999 -9999 -9999 -9999 56.30 68.94 57.26 79.84 -9999 -9999 -9999 -9999 -9999 -9999 -9999 -9999 -9999 -9999 -9999 -9999 -9999 -9999 -9999 -9999 -9999 -9999 -9999 -9999
-9999 64.15 70.18 75.58 76.31 91.01 101.52 120.46 134.77 117.68 100.63 96.07 112.06 122.52 132.87 176.40 165.87 125.59 106.68 106.25 68.95 67.69 81.71 63.21 -9999 -9999 -9999 -9999 -9999 -9999 -9999 -9999 -9999 -9999 -9999 -9999 -9999 57.20 -9999 -9999 -9999 -9999 81.96 92.09 82.84 -9999 -9999 -9999 -9999 -9999 -9999 -9999 -9999 56.60 66.09 51.04 -9999 -9999 -9999 -9999 -9999 -9999 -9999 -9999 -9999 -9999 -9999 -9999 -9999 -9999 -9999 -9999 -9999 -9999 -9999 -9999
-9999 74.37 76.94 86.76 83.57 92.23 106.18 118.07 131.46 126.83 117.95 109.11 115.07 110.01 133.99 162.65 161.57 139.19 110.62 116.35 67.44 56.39 52.72 -9999 -9999 -9999 -9999 -9999 -9999 -9999 -9999 -9999 -9999 -9999 -9999 -9999 -9999 58.65 -9999 -9999 -9999 -9999 -9999 -9999 -9999 -9999 -9999 -9999 -9999 -9999 -9999 -9999 -9999 -9999 -9999 -9999 -9999 -9999 -9999 -9999 -9999 -9999 -9999 -9999 -9999 -9999 -9999 -9999 -9999 -9999 -9999 -9999 -9999 -9999 -9999 -9999
-9999 80.89 93.65 91.89 86.44 96.95 108.70 114.78 121.93 115.46 110.67 119.75 117.81 115.14 117.81 146.58 184.28 208.90 128.66 105.02 79.39 69.98 63.17 -9999 -9999 -9999 -9999 -9999 -9999 -9999 -9999 -9999 -9999 -9999 -9999 -9999 -9999 -9999 -9999 -9999 -9999 -9999 -9999 -9999 -9999 -9999 -9999 -9999 -9999 -9999 -9999 -9999 -9999 -9999 -9999 -9999 -9999 -9999 -9999 -9999 -9999 -9999 -9999 -9999 -9999 -9999 -9999 -9999 -9999 -9999 -9999 -9999 -9999 -9999 -9999 -9999
65.82 74.53 85.40 101.51 100.43 104.23 107.34 120.11 121.85 104.14 105.77 121.12 113.97 108.08 118.30 136.16 172.51 203.09 152.40 110.22 83.63 65.68 43.05 -9999 -9999 -9999 -9999 -9999 -9999 -9999 -9999 -9999 -9999 -9999 -9999 -9999 -9999 -9999 -9999 -9999 -9999 -9999 -9999 -9999 -9999 -9999 -9999 -9999 -9999 -9999 -9999 -9999 -9999 -9999 -9999 -9999 -9999 -9999 -9999 -9999 -9999 -9999 -9999 -9999 -9999 -9999 -9999 -9999 -9999 -9999 -9999 -9999 -9999 -9999 -9999 -9999
