Rainfall_2007-2011/Rainfall_2007-09_ACTUAL.txt
ncols         180
nrows         290
xllcorner     -200000
yllcorner     -200000
cellsize      5000
NODATA_value  -9999
[rows 204 to 237 of 290, columns 77 to 153 of 180]
51.69 57.43 63.36 74.33 75.94 80.10 80.38 90.23 86.82 88.48 80.46 91.82 100.44 94.37 81.82 83.19 88.11 80.42 89.32 90.82 77.75 68.35 66.57 42.84 39.94 42.64 64.25 67.59 77.06 49.38 42.82 40.46 35.58 34.32 40.57 37.72 31.15 31.28 21.24 22.47 29.41 42.99 34.65 22.33 26.88 25.95 24.12 20.64 27.05 29.94 26.22 25.63 24.70 28.99 29.72 29.63 31.51 28.86 27.49 27.78 29.38 29.94 26.11 29.45 30.86 31.12 31.06 29.40 27.78 29.76 24.31 29.36 30.41 27.55 23.40 23.58 20.82
48.69 57.42 53.25 60.79 70.81 67.36 71.56 73.89 84.45 78.39 74.53 71.99 75.01 74.14 70.21 72.13 92.16 94.60 110.61 134.02 103.42 92.85 85.66 87.44 81.53 68.28 51.19 78.18 55.92 41.37 43.21 43.60 38.43 37.20 43.22 51.68 38.84 38.34 31.44 25.46 36.27 40.36 29.41 30.79 30.51 23.37 25.26 23.90 26.58 26.67 27.64 24.09 23.72 27.09 24.33 27.55 29.34 32.77 28.56 27.93 29.61 27.28 27.35 28.31 26.85 29.34 24.38 26.06 27.64 31.63 27.92 28.59 27.83 25.87 25.71 22.30 16.54
52.06 53.02 56.73 59.68 61.71 65.80 76.21 84.61 60.64 70.24 73.12 69.68 84.04 71.61 79.34 72.93 90.40 102.16 113.54 131.44 136.70 108.39 113.51 144.19 88.03 85.56 61.65 34.85 25.08 39.29 30.37 29.85 35.06 50.29 46.10 47.66 34.07 31.84 29.43 27.70 29.34 32.79 34.04 36.36 32.62 25.52 26.20 23.81 31.40 29.60 23.16 23.24 21.16 23.50 23.45 25.70 29.89 30.14 26.20 27.77 28.70 30.09 30.28 30.81 31.96 27.31 25.73 27.05 28.33 24.94 24.26 25.37 25.66 25.22 22.26 24.09 20.21
49.27 46.07 50.80 49.60 50.99 59.17 73.38 70.55 63.10 64.12 65.09 67.53 74.74 67.38 76.96 71.27 79.39 85.21 92.33 96.86 103.56 98.64 82.74 51.97 80.99 68.28 51.53 57.32 49.25 43.58 35.79 28.25 55.21 57.55 51.45 39.38 33.86 26.96 29.02 32.07 41.56 45.88 36.61 33.34 22.10 23.34 27.28 25.22 23.15 22.43 21.77 20.61 20.53 21.69 22.84 28.91 28.20 29.91 27.09 29.46 33.57 33.46 32.50 24.03 29.94 29.84 25.88 23.23 23.51 23.19 24.13 25.56 21.78 23.91 23.02 21.22 20.98
62.00 49.32 48.91 45.05 54.49 46.51 51.42 53.56 50.27 50.61 49.06 52.39 61.38 75.96 70.48 83.96 86.95 91.26 99.89 98.39 81.03 99.70 75.97 56.06 63.76 72.60 67.10 69.18 74.50 44.91 40.55 34.01 43.51 52.71 50.56 41.72 31.03 26.10 25.55 34.36 33.37 34.26 31.41 27.97 27.20 27.18 27.85 24.37 18.76 17.62 17.78 18.83 21.82 17.90 21.40 21.03 26.29 29.65 35.53 52.08 44.71 36.68 30.66 25.93 26.29 25.10 22.44 14.16 24.45 24.86 23.42 25.36 23.68 22.71 21.90 21.16 18.25
56.52 50.30 46.42 47.30 48.79 49.50 -9999 -9999 -9999 -9999 46.37 49.59 59.28 61.20 59.88 67.12 72.71 82.36 93.22 91.15 132.06 138.52 127.55 91.04 74.28 81.50 77.82 73.59 60.41 48.43 38.76 37.70 47.08 43.31 44.70 32.93 23.09 24.85 25.65 33.28 28.51 31.11 26.92 23.54 24.66 32.74 31.50 21.64 18.94 18.00 20.37 20.18 20.48 19.03 20.68 22.01 29.43 35.50 40.44 46.27 40.34 33.73 28.34 25.74 22.42 20.22 18.81 32.88 25.64 24.78 24.07 23.46 26.43 24.56 21.40 22.39 21.65
46.04 43.64 43.87 42.45 47.57 37.85 -9999 -9999 -9999 -9999 -9999 -9999 -9999 56.18 59.61 60.09 58.48 65.69 83.78 111.34 161.88 219.45 158.46 110.61 91.11 92.25 71.81 74.19 80.25 65.58 45.64 61.87 57.93 49.83 34.09 27.35 22.15 25.33 28.95 31.65 28.10 28.60 24.58 19.89 20.52 26.86 25.59 20.25 19.81 19.57 19.66 21.18 20.38 20.84 25.38 31.02 34.22 43.25 43.85 39.71 31.39 30.09 24.47 23.29 20.58 17.08 14.84 20.25 22.60 23.56 27.71 25.11 23.32 22.87 22.43 25.67 24.01
-9999 -9999 39.93 -9999 -9999 -9999 -9999 -9999 -9999 -9999 -9999 43.71 52.52 60.89 57.57 49.29 49.96 55.96 71.89 93.84 122.29 152.52 134.18 103.64 93.09 94.55 71.14 67.09 55.99 58.47 51.70 60.88 57.37 45.04 33.11 29.02 28.98 24.91 35.58 32.83 28.35 27.73 24.20 20.75 21.52 21.64 21.92 19.08 20.46 18.62 18.89 19.92 19.90 22.51 27.71 32.59 39.99 44.83 39.87 40.13 25.50 24.72 23.42 17.86 20.01 15.51 14.63 19.99 21.39 22.93 23.61 21.58 22.93 21.56 20.91 24.39 24.26
-9999 -9999 -9999 -9999 -9999 -9999 -9999 -9999 -9999 -9999 -9999 42.36 48.34 55.69 50.28 37.85 -9999 -9999 51.31 72.97 72.41 101.49 103.62 100.68 88.41 81.69 65.16 57.54 45.56 55.93 58.14 51.65 48.35 35.00 29.93 28.40 27.54 28.16 31.20 28.69 27.90 27.30 24.30 24.70 23.57 17.58 20.28 19.44 21.35 23.09 24.72 21.45 25.57 25.39 30.24 38.36 58.08 31.54 33.12 36.31 25.91 27.34 23.68 23.33 17.90 18.39 17.83 17.99 19.58 22.98 23.26 22.04 21.91 21.14 22.51 22.56 27.85
-9999 -9999 -9999 -9999 -9999 -9999 -9999 -9999 -9999 -9999 -9999 -9999 -9999 -9999 -9999 -9999 -9999 -9999 44.31 47.58 59.27 82.79 90.88 86.48 68.41 61.43 56.37 57.48 53.58 63.84 57.06 45.87 -9999 31.81 24.99 26.79 25.94 27.36 25.66 22.28 23.66 23.21 23.62 22.96 26.97 21.53 23.78 26.78 25.94 24.51 27.81 33.97 32.55 31.63 38.53 37.14 43.61 38.74 29.92 30.10 28.91 24.90 22.55 20.26 19.74 20.59 21.41 21.05 22.93 22.01 23.64 21.52 19.73 18.93 25.61 23.69 26.04
-9999 -9999 -9999 -9999 -9999 -9999 -9999 -9999 -9999 -9999 -9999 -9999 -9999 -9999 -9999 -9999 -9999 -9999 -9999 50.65 56.46 61.47 71.45 68.16 58.63 55.09 54.15 50.49 -9999 -9999 -9999 -9999 35.70 28.71 26.53 28.48 29.43 26.44 29.10 24.30 22.86 23.67 22.18 23.36 24.19 26.61 26.10 30.69 27.97 31.21 29.28 34.91 34.19 33.07 35.69 32.87 36.81 38.97 31.84 29.64 25.37 21.45 17.08 19.61 17.73 20.07 22.99 23.01 27.01 24.37 24.55 19.17 20.36 21.26 22.02 22.35 27.00
-9999 -9999 -9999 -9999 -9999 -9999 -9999 -9999 -9999 -9999 -9999 -9999 -9999 -9999 -9999 -9999 -9999 -9999 -9999 -9999 54.04 57.33 61.21 54.15 56.05 56.53 58.94 -9999 -9999 -9999 -9999 31.32 41.04 39.00 27.34 27.69 29.63 25.33 28.98 26.87 24.59 20.48 23.99 24.27 26.66 26.63 27.93 29.33 28.19 30.63 27.33 30.85 35.18 35.78 31.05 30.45 32.56 37.81 36.69 31.70 25.27 24.21 19.62 19.31 19.19 23.01 20.49 23.89 25.57 27.64 27.00 25.92 22.56 30.00 32.62 30.10 31.50
-9999 -9999 -9999 -9999 -9999 -9999 -9999 -9999 -9999 -9999 -9999 -9999 -9999 -9999 -9999 -9999 -9999 -9999 -9999 -9999 -9999 46.77 44.17 40.79 49.96 55.23 50.79 -9999 -9999 -9999 37.76 40.83 41.69 35.77 39.04 41.83 33.79 32.07 21.26 25.57 28.78 22.19 27.05 24.44 24.20 26.36 31.01 30.02 30.40 28.40 28.66 30.57 34.11 30.46 32.77 31.93 33.64 31.05 36.06 32.83 27.83 28.08 24.75 23.70 20.94 23.78 22.21 24.99 24.26 27.13 29.58 29.59 33.20 37.67 38.86 36.29 35.58
-9999 -9999 -9999 -9999 -9999 -9999 -9999 -9999 -9999 -9999 -9999 -9999 -9999 -9999 -9999 -9999 -9999 -9999 -9999 -9999 -9999 -9999 -9999 -9999 -9999 -9999 -9999 -9999 -9999 38.20 42.02 47.40 46.85 47.41 42.30 45.52 34.94 37.17 28.31 25.42 30.33 27.98 25.13 19.42 20.74 24.71 30.58 33.86 36.68 33.55 39.26 34.09 32.98 33.93 33.85 34.96 35.11 34.94 30.85 28.02 30.14 27.05 22.09 23.08 22.37 23.25 26.96 27.05 27.48 32.69 33.88 37.58 38.32 34.49 38.12 43.17 43.71
-9999 -9999 -9999 -9999 -9999 -9999 -9999 -9999 -9999 -9999 -9999 -9999 -9999 -9999 -9999 -9999 -9999 -9999 -9999 -9999 -9999 -9999 -9999 -9999 -9999 -9999 -9999 -9999 -9999 41.43 52.81 59.91 73.05 63.26 60.08 56.88 55.36 47.36 30.91 24.86 28.73 26.91 30.06 20.47 18.53 26.84 34.66 38.19 43.72 41.42 40.89 40.36 35.32 33.87 32.44 34.40 39.44 35.33 30.50 29.59 31.07 27.37 25.68 24.41 26.08 25.58 27.78 34.67 31.26 36.33 38.45 49.14 41.81 39.00 29.08 46.28 37.59
-9999 -9999 -9999 -9999 -9999 -9999 -9999 -9999 -9999 -9999 -9999 -9999 -9999 -9999 -9999 -9999 -9999 -9999 -9999 -9999 -9999 -9999 -9999 -9999 -9999 -9999 -9999 -9999 -9999 33.65 43.74 68.67 71.87 71.60 80.96 68.64 67.04 58.40 42.31 38.83 37.03 36.11 33.04 25.07 27.58 27.51 30.59 32.48 35.88 37.39 34.76 34.66 33.99 34.04 32.67 33.67 39.63 39.85 34.30 28.44 26.16 26.28 26.98 26.25 29.12 33.00 30.75 31.57 32.81 35.11 38.08 49.46 46.13 32.72 31.69 32.19 28.43
-9999 -9999 -9999 -9999 -9999 -9999 -9999 -9999 -9999 -9999 -9999 -9999 47.18 61.23 43.57 66.65 84.89 99.61 82.28 85.59 55.73 83.02 50.48 -9999 -9999 -9999 -9999 -9999 -9999 33.91 41.55 46.51 49.78 58.53 71.55 67.57 66.61 51.40 45.31 43.28 48.52 40.46 35.03 33.92 32.34 30.75 30.40 32.20 33.26 32.02 27.48 34.17 33.19 34.68 35.49 37.57 36.74 39.58 36.10 32.80 33.63 29.58 27.24 27.72 29.55 33.90 33.20 27.62 29.01 29.31 31.79 34.20 34.13 31.47 25.64 25.60 23.96
-9999 -9999 -9999 -9999 -9999 -9999 -9999 -9999 -9999 -9999 -9999 -9999 55.51 58.92 60.81 61.02 87.31 111.67 84.86 96.85 89.88 75.69 57.79 50.00 48.10 48.64 44.73 43.26 34.37 36.67 36.57 36.58 43.37 51.42 58.00 56.31 55.60 50.86 40.73 46.40 37.36 40.09 41.01 35.95 31.04 31.26 33.29 32.22 37.25 35.16 38.06 30.16 25.10 30.62 33.09 30.91 35.07 38.44 31.02 29.71 28.46 28.87 27.94 27.20 35.69 28.39 26.89 28.24 23.40 22.22 29.64 33.74 36.25 33.75 28.44 33.59 32.67
-9999 -9999 -9999 -9999 -9999 -9999 -9999 -9999 -9999 -9999 -9999 30.33 31.49 44.98 52.32 54.38 71.04 114.46 115.19 91.51 90.84 80.41 67.51 57.54 59.53 51.96 53.48 44.07 37.66 36.50 34.13 35.78 38.93 40.06 44.79 41.63 44.86 41.62 43.36 37.06 31.74 41.04 38.90 33.96 34.46 32.90 33.68 30.72 37.55 38.00 31.79 31.47 28.25 27.19 27.11 33.78 27.62 34.99 29.89 29.05 32.17 28.09 28.52 26.95 28.01 26.88 26.06 26.17 26.90 29.18 29.91 33.27 30.98 32.88 34.71 34.68 33.36
-9999 -9999 -9999 -9999 -9999 -9999 -9999 -9999 -9999 -9999 -9999 -9999 34.11 39.61 39.29 46.46 59.85 86.36 109.04 94.78 83.36 63.11 70.89 75.18 61.97 48.59 46.17 42.99 39.33 33.21 33.81 32.84 40.42 43.93 37.00 34.98 41.04 41.35 40.65 37.53 37.22 28.86 31.62 31.31 36.84 34.94 34.95 37.39 38.65 36.50 33.03 27.15 26.99 28.82 26.18 28.42 28.46 36.49 35.44 30.09 29.94 27.22 26.21 24.06 24.74 26.20 22.42 28.00 30.31 30.90 34.10 37.18 34.32 34.91 38.51 37.03 33.34
-9999 -9999 -9999 -9999 -9999 -9999 -9999 -9999 41.45 -9999 -9999 34.01 33.38 45.84 39.43 48.41 50.43 63.40 74.63 80.54 96.57 68.38 75.04 70.29 66.99 46.01 37.00 38.91 35.95 33.94 31.63 31.40 42.83 36.77 33.28 34.04 36.19 31.59 35.43 32.16 34.62 31.93 30.96 38.04 38.41 39.67 37.81 36.59 32.72 28.70 29.77 22.26 25.54 27.56 24.24 30.12 32.03 36.75 32.12 30.19 29.47 25.16 24.05 23.77 24.26 25.68 24.54 23.60 26.45 26.96 30.51 33.64 29.75 32.60 40.10 37.50 39.23
-9999 -9999 -9999 -9999 -9999 -9999 -9999 48.65 59.60 52.95 46.39 39.07 45.65 50.31 43.21 42.31 49.46 52.42 66.85 74.14 79.65 60.45 62.23 67.12 49.66 45.47 38.51 45.55 38.85 35.92 30.62 27.40 33.80 33.79 33.49 36.16 34.25 32.24 34.11 35.22 36.80 35.28 34.43 43.09 39.54 42.15 38.42 37.16 33.47 30.27 21.43 24.95 20.53 25.92 26.63 26.03 29.35 28.96 25.69 28.48 28.49 30.11 21.57 21.31 20.99 22.25 23.84 24.14 26.19 26.32 28.75 28.56 29.95 27.86 34.26 36.39 36.19
-9999 -9999 -9999 -9999 -9999 -9999 -9999 52.84 57.20 55.21 44.35 47.65 50.22 46.28 45.83 49.48 52.29 59.25 62.42 67.74 70.95 69.35 55.90 54.57 48.63 52.32 57.05 54.07 39.81 31.16 29.01 32.49 34.67 36.11 35.07 36.12 33.04 35.38 35.56 34.29 34.17 45.11 34.08 36.24 37.83 36.73 35.73 39.04 36.01 27.59 24.87 26.11 25.61 21.77 27.52 29.08 29.05 31.06 30.40 43.37 33.59 30.40 23.76 19.62 20.41 22.19 23.97 25.27 25.07 33.86 27.44 30.60 28.90 28.59 30.50 31.74 29.62
-9999 -9999 -9999 -9999 -9999 -9999 -9999 50.52 54.47 55.05 51.20 51.08 53.15 46.57 48.78 44.77 45.26 48.45 53.10 39.44 54.54 61.85 52.40 40.62 47.33 62.46 49.04 43.72 44.08 39.77 32.54 32.32 31.72 30.99 34.82 32.34 32.35 35.45 38.05 38.49 41.67 37.05 39.30 38.63 36.54 39.19 38.39 35.48 32.17 27.47 23.76 23.04 19.39 23.15 28.50 25.80 28.81 33.19 42.17 44.60 37.33 29.00 30.08 20.81 25.53 27.11 28.16 26.54 32.63 33.08 34.58 26.75 28.76 26.36 26.41 30.27 22.51
-9999 -9999 -9999 -9999 -9999 -9999 -9999 37.79 51.02 51.45 41.56 49.73 55.11 47.92 40.79 49.23 48.17 50.00 49.74 43.91 42.25 41.66 47.45 34.79 45.51 54.73 46.18 47.72 46.13 38.49 39.60 41.36 40.47 41.01 45.22 39.93 38.37 40.39 40.36 42.16 34.83 40.03 40.12 35.47 34.51 37.73 39.12 34.45 31.67 29.70 26.74 28.06 26.79 26.29 26.94 31.78 25.51 27.68 34.41 40.42 28.45 22.19 19.67 16.64 21.49 24.99 25.73 26.24 26.68 28.22 35.15 28.54 25.00 25.50 25.66 24.59 21.46
-9999 -9999 -9999 -9999 -9999 -9999 -9999 38.97 46.35 39.08 44.52 56.05 59.17 54.36 48.83 47.13 47.91 42.32 42.89 38.72 37.33 38.20 40.88 48.60 43.86 41.17 38.04 51.43 46.08 36.88 44.14 60.38 54.56 66.16 50.94 49.47 53.93 51.09 38.05 39.76 36.69 34.94 34.98 34.06 33.80 37.19 34.37 33.42 29.81 27.19 31.12 27.47 25.47 24.65 26.07 23.53 21.21 27.97 30.26 27.86 23.86 23.89 21.22 17.51 17.67 20.79 22.45 -9999 -9999 23.45 27.56 30.07 26.89 29.46 31.40 22.62 -9999
-9999 -9999 -9999 -9999 -9999 -9999 42.17 35.36 48.51 48.46 52.15 57.18 74.34 63.42 65.95 60.69 51.81 45.44 42.05 35.74 37.85 32.97 37.43 42.85 37.54 41.32 56.40 50.82 43.16 43.95 46.42 42.38 47.12 49.75 49.88 52.98 51.02 47.61 35.10 36.67 37.20 35.13 32.45 31.33 30.00 29.07 30.67 29.88 28.39 24.80 27.27 27.17 32.86 -9999 -9999 21.88 18.18 28.00 26.72 23.82 22.15 28.11 -9999 -9999 -9999 -9999 -9999 -9999 -9999 -9999 -9999 -9999 25.26 27.96 28.85 17.59 -9999
-9999 -9999 -9999 -9999 -9999 41.40 43.86 46.59 49.54 48.53 56.96 57.73 65.50 68.32 79.25 73.70 64.56 48.08 42.56 39.81 28.91 31.12 31.62 35.52 33.59 47.56 55.28 50.65 40.09 39.04 33.15 30.22 35.43 43.40 49.76 49.36 45.73 44.98 39.25 39.03 34.06 31.09 28.58 27.40 31.20 26.38 26.05 22.73 26.64 26.58 -9999 30.19 36.01 32.54 27.31 25.33 -9999 -9999 -9999 -9999 21.37 -9999 -9999 -9999 -9999 -9999 -9999 -9999 -9999 -9999 -9999 -9999 -9999 -9999 -9999 -9999 -9999
-9999 -9999 -9999 -9999 35.16 42.84 52.14 58.68 46.10 42.60 42.26 53.95 53.26 87.12 113.44 118.25 75.90 52.10 54.89 35.62 38.59 29.21 31.90 40.46 29.29 45.17 38.80 33.67 -9999 -9999 -9999 -9999 -9999 35.18 45.20 49.95 45.53 44.34 36.99 32.81 31.13 31.70 33.69 29.42 -9999 -9999 -9999 -9999 -9999 27.68 29.32 32.61 44.32 36.41 30.98 25.13 -9999 -9999 -9999 -9999 -9999 -9999 -9999 -9999 -9999 -9999 -9999 -9999 -9999 -9999 -9999 -9999 -9999 -9999 -9999 -9999 -9999
-9999 -9999 -9999 28.93 37.56 57.30 57.44 56.05 52.56 49.60 48.64 59.98 71.83 91.77 123.56 136.15 106.42 70.47 50.86 48.69 38.53 36.30 31.53 31.78 33.72 -9999 -9999 -9999 -9999 -9999 -9999 -9999 -9999 -9999 34.08 41.85 38.35 47.18 42.36 39.33 35.22 43.97 40.68 31.37 -9999 -9999 -9999 -9999 -9999 -9999 -9999 29.52 39.59 35.23 36.11 -9999 -9999 -9999 -9999 -9999 -9999 -9999 -9999 -9999 -9999 -9999 -9999 -9999 -9999 -9999 -9999 -9999 -9999 -9999 -9999 -9999 -9999
30.55 29.40 32.51 32.58 35.00 60.87 62.00 67.54 59.06 55.01 53.66 69.65 86.84 87.11 129.18 117.09 75.34 67.63 74.66 40.89 39.37 40.44 30.84 -9999 -9999 -9999 -9999 -9999 -9999 -9999 -9999 -9999 -9999 -9999 -9999 -9999 39.76 -9999 -9999 -9999 -9999 34.49 34.35 31.19 -9999 -9999 -9999 -9999 -9999 -9999 -9999 -9999 36.84 40.65 33.93 -9999 -9999 -9999 -9999 -9999 -9999 -9999 -9999 -9999 -9999 -9999 -9999 -9999 -9999 -9999 -9999 -9999 -9999 -9999 -9999 -9999 -9999
31.63 32.22 36.73 37.71 39.56 50.77 61.42 63.20 66.38 62.71 65.79 62.46 70.78 81.25 108.34 112.20 81.81 60.03 63.40 41.60 34.18 30.14 -9999 -9999 -9999 -9999 -9999 -9999 -9999 -9999 -9999 -9999 -9999 -9999 -9999 -9999 41.46 -9999 -9999 -9999 -9999 -9999 -9999 -9999 -9999 -9999 -9999 -9999 -9999 -9999 -9999 -9999 -9999 -9999 -9999 -9999 -9999 -9999 -9999 -9999 -9999 -9999 -9999 -9999 -9999 -9999 -9999 -9999 -9999 -9999 -9999 -9999 -9999 -9999 -9999 -9999 -9999
29.79 35.89 36.54 35.67 39.05 46.40 54.18 65.77 65.62 61.71 75.21 68.99 63.59 77.14 95.11 106.74 94.95 73.39 58.77 50.65 39.00 36.53 -9999 -9999 -9999 -9999 -9999 -9999 -9999 -9999 -9999 -9999 -9999 -9999 -9999 -9999 -9999 -9999 -9999 -9999 -9999 -9999 -9999 -9999 -9999 -9999 -9999 -9999 -9999 -9999 -9999 -9999 -9999 -9999 -9999 -9999 -9999 -9999 -9999 -9999 -9999 -9999 -9999 -9999 -9999 -9999 -9999 -9999 -9999 -9999 -9999 -9999 -9999 -9999 -9999 -9999 -9999
26.80 30.43 36.75 39.71 42.60 46.55 58.54 65.19 57.48 59.25 66.55 68.02 61.93 70.70 83.75 114.73 85.73 80.91 52.67 46.05 36.50 23.49 -9999 -9999 -9999 -9999 -9999 -9999 -9999 -9999 -9999 -9999 -9999 -9999 -9999 -9999 -9999 -9999 -9999 -9999 -9999 -9999 -9999 -9999 -9999 -9999 -9999 -9999 -9999 -9999 -9999 -9999 -9999 -9999 -9999 -9999 -9999 -9999 -9999 -9999 -9999 -9999 -9999 -9999 -9999 -9999 -9999 -9999 -9999 -9999 -9999 -9999 -9999 -9999 -9999 -9999 -9999
