Rainfall_2007-2011/Rainfall_2008-01_ACTUAL.txt
ncols         180
nrows         290
xllcorner     -200000
yllcorner     -200000
cellsize      5000
NODATA_value  -9999
[rows 198 to 230 of 290, columns 75 to 149 of 180]
-9999 -9999 -9999 -9999 -9999 -9999 -9999 -9999 -9999 -9999 -9999 -9999 174.54 176.15 206.97 255.26 206.59 252.46 241.17 262.74 302.19 382.10 352.93 302.11 255.38 166.17 205.38 174.80 200.46 158.13 129.47 113.79 108.69 104.54 94.84 88.04 100.11 85.77 102.28 105.49 91.77 93.11 90.86 98.74 94.37 89.80 87.38 83.33 74.84 72.10 76.90 73.52 80.55 85.43 88.08 88.63 83.99 84.39 83.72 76.69 85.87 88.95 80.21 70.41 73.52 82.99 79.69 77.17 75.68 69.35 69.56 61.51 62.08 55.62 58.57
-9999 -9999 -9999 -9999 -9999 -9999 -9999 -9999 166.80 122.89 158.67 215.80 215.16 208.18 228.04 214.25 240.97 252.60 287.96 281.73 314.77 344.27 324.07 276.90 226.67 191.13 203.20 173.94 218.61 180.20 144.59 111.94 104.25 98.82 101.72 73.05 102.57 100.97 102.07 98.13 91.63 92.43 88.97 89.36 81.32 84.39 79.73 70.75 70.34 70.38 78.60 79.21 76.35 89.72 81.46 78.51 88.66 88.31 91.45 87.49 90.59 89.24 77.92 77.78 86.53 75.27 71.87 71.83 70.76 69.17 67.28 64.50 59.39 54.23 56.29
-9999 -9999 -9999 -9999 -9999 -9999 -9999 199.08 199.03 214.46 214.61 184.14 225.72 218.84 250.08 265.65 194.15 252.67 285.76 333.43 288.27 326.88 298.30 262.25 259.30 202.58 178.64 210.83 160.87 141.43 113.36 101.04 96.83 118.94 95.39 90.04 88.73 92.04 105.56 93.77 116.82 103.52 94.62 81.25 77.39 77.34 78.42 68.99 65.78 69.27 76.89 76.19 87.97 77.45 76.52 80.22 76.11 87.99 91.88 83.65 81.55 86.58 84.00 82.91 73.24 74.25 74.95 77.55 72.13 63.87 61.71 60.11 53.59 50.04 54.79
-9999 -9999 -9999 -9999 -9999 -9999 188.46 198.97 196.24 207.61 214.04 221.53 225.23 250.91 257.76 258.25 294.21 249.88 268.44 327.26 271.80 287.15 291.61 298.79 251.87 233.41 194.47 153.25 121.90 101.69 153.70 130.32 98.89 99.08 87.08 85.73 86.52 80.23 98.13 102.19 99.57 98.08 92.30 76.34 79.93 82.51 78.65 75.06 100.54 77.29 72.40 69.90 70.69 73.18 69.27 79.16 87.57 100.25 102.20 93.66 84.26 83.74 81.17 84.60 77.19 74.81 83.14 77.53 70.99 65.47 62.08 60.81 55.14 56.70 60.12
-9999 -9999 155.72 195.07 199.29 231.00 204.18 220.96 241.04 238.52 234.81 244.87 245.40 275.59 290.36 324.81 330.43 288.92 277.68 271.06 253.10 255.03 282.33 241.62 227.15 199.53 193.53 143.39 109.43 132.75 155.35 125.94 123.36 99.47 90.45 91.31 84.72 108.26 84.03 106.31 98.31 88.13 86.51 79.34 99.55 82.31 84.54 101.02 100.32 87.10 77.72 74.75 69.27 79.30 85.84 89.88 95.67 100.29 95.33 88.73 82.19 84.76 82.71 88.78 80.84 74.30 71.97 75.95 70.01 59.69 62.35 73.92 66.61 73.84 73.08
-9999 141.76 189.92 212.77 227.53 269.43 299.00 297.44 279.63 282.74 289.21 282.71 266.70 279.53 299.98 291.80 289.69 294.52 253.45 242.20 239.60 281.85 295.25 218.75 220.37 207.62 162.60 154.30 156.27 260.09 195.20 159.32 117.15 112.97 92.38 111.37 94.49 95.48 88.25 86.95 99.09 94.49 83.10 80.37 94.21 94.45 122.83 108.12 111.17 95.14 84.15 94.70 82.14 88.25 93.79 90.39 98.65 95.59 84.35 81.39 80.54 88.71 83.42 97.08 97.46 72.82 74.00 67.99 64.65 62.83 71.73 81.83 80.85 76.08 68.87
124.58 141.24 178.41 208.38 218.15 260.08 284.28 256.02 254.24 291.79 265.34 262.61 240.83 257.66 284.43 279.20 248.94 244.91 215.09 245.19 321.98 319.31 377.22 279.68 253.67 181.02 222.91 161.20 205.33 209.27 220.60 166.17 145.64 139.34 113.00 110.55 99.26 92.00 87.55 107.40 123.79 106.84 92.53 90.18 66.10 111.27 126.44 127.18 109.51 98.41 86.28 85.24 92.94 100.68 94.72 91.59 94.08 87.98 85.42 79.08 82.91 89.83 87.04 77.57 70.86 65.68 76.73 78.27 67.67 69.85 73.56 80.21 67.13 79.39 78.04
-9999 136.39 147.45 192.61 185.77 217.67 215.46 220.54 224.26 228.66 220.26 209.00 220.78 220.54 226.17 222.22 227.95 233.18 266.75 302.57 415.40 518.84 417.70 372.34 351.05 319.00 327.44 244.38 198.97 252.92 200.86 154.44 162.64 162.54 133.81 104.29 92.64 112.12 115.79 118.63 104.40 92.43 92.15 96.45 102.81 133.35 143.50 129.06 115.29 100.69 95.35 90.23 97.54 94.21 88.60 80.42 75.61 85.86 72.39 77.74 80.89 78.94 79.81 73.80 71.51 73.69 89.16 79.89 63.32 68.82 76.44 69.18 78.92 81.06 75.59
-9999 -9999 163.78 165.88 182.27 199.25 185.51 197.19 223.56 216.02 208.08 195.73 204.03 203.94 216.75 219.67 258.85 241.58 293.32 340.90 386.37 437.56 459.47 398.19 409.92 404.13 310.52 316.48 267.04 186.93 177.65 192.91 136.20 149.66 146.35 142.91 127.47 153.15 144.60 123.33 105.23 102.86 105.40 114.58 142.99 152.73 150.48 120.28 109.09 99.45 107.04 110.35 91.97 82.15 77.24 78.98 73.13 76.87 80.60 75.37 76.98 72.91 76.45 83.98 91.44 96.21 90.57 81.46 75.02 74.14 84.32 75.89 74.36 72.93 72.66
-9999 158.03 157.82 146.21 174.60 186.15 196.44 212.97 230.75 208.09 198.75 195.67 186.39 190.95 226.31 212.95 244.60 234.37 264.14 289.38 323.88 292.42 323.20 351.02 377.50 329.27 306.59 294.19 245.15 236.32 255.78 197.05 153.49 148.50 165.01 158.08 173.56 168.84 167.57 129.04 113.55 105.93 158.78 145.89 143.61 150.00 112.96 109.81 100.73 107.81 103.11 100.30 93.13 87.88 84.12 83.66 78.18 80.82 80.28 84.17 81.51 77.15 84.13 88.88 103.48 84.80 92.58 93.47 82.59 83.52 81.14 78.53 79.86 74.55 71.65
140.47 147.69 187.99 160.47 182.55 186.02 174.11 189.15 184.24 169.05 167.06 170.69 168.99 166.90 194.61 235.35 225.98 269.89 277.57 305.74 345.69 330.03 292.78 354.93 337.47 275.73 261.53 293.85 254.41 216.54 289.75 201.14 187.78 140.85 143.43 165.66 178.07 182.10 157.87 133.62 122.90 129.70 133.78 147.36 151.85 132.81 132.87 110.59 108.09 109.22 104.69 89.04 84.64 90.04 100.17 81.39 79.99 76.40 78.20 80.38 87.91 87.37 91.05 96.71 105.20 95.09 96.35 95.79 93.70 90.75 90.51 86.49 73.27 81.51 98.38
-9999 -9999 175.63 171.98 187.22 198.02 188.84 186.03 -9999 -9999 -9999 -9999 160.63 162.85 190.68 188.51 190.21 214.87 232.63 255.34 294.62 290.94 444.18 589.45 370.60 299.96 255.87 269.52 253.23 250.06 238.20 208.98 181.78 151.89 155.61 146.12 169.44 137.96 115.15 132.62 126.75 162.33 137.20 157.75 145.68 130.34 125.45 106.56 108.13 105.32 97.87 94.65 93.54 85.25 93.61 95.11 91.89 76.73 83.52 91.32 101.95 112.80 118.63 115.13 118.12 108.13 97.20 91.37 91.16 100.87 88.50 87.46 78.27 77.93 88.86
-9999 -9999 160.32 166.61 176.99 172.22 187.37 165.00 -9999 -9999 -9999 -9999 -9999 -9999 -9999 174.62 182.44 189.14 198.10 210.93 251.93 330.92 418.44 534.00 457.64 370.29 312.39 299.87 199.74 254.76 292.43 228.24 178.06 201.28 185.95 177.13 142.45 130.48 123.46 132.10 147.29 154.78 150.26 154.72 125.04 132.87 114.79 102.44 101.94 102.43 95.22 107.66 93.60 79.63 73.40 79.37 84.29 82.28 90.62 100.96 113.04 117.95 129.67 124.42 126.84 103.94 98.40 93.33 95.69 82.05 88.48 82.69 82.94 84.33 73.18
-9999 -9999 -9999 -9999 160.65 -9999 -9999 -9999 -9999 -9999 -9999 -9999 -9999 166.67 176.19 184.38 180.59 173.86 178.87 184.51 216.99 285.11 360.43 420.94 385.29 329.67 314.70 326.25 255.50 250.96 228.19 179.38 158.47 195.92 177.96 163.27 137.51 134.06 135.91 139.63 155.53 158.74 150.84 156.12 137.99 124.36 117.48 110.03 119.19 111.25 97.80 87.72 84.47 80.65 75.19 79.25 80.30 73.43 95.13 117.00 115.33 127.56 115.46 110.05 108.17 98.14 74.17 94.35 96.58 91.54 85.72 76.10 74.60 76.95 77.29
-9999 -9999 -9999 -9999 -9999 -9999 -9999 -9999 -9999 -9999 -9999 -9999 -9999 166.13 172.19 164.49 142.70 143.69 -9999 -9999 162.56 223.14 236.42 294.32 274.41 267.22 262.31 277.03 246.14 225.58 205.05 187.09 155.46 135.01 132.03 128.84 122.41 124.03 132.08 138.70 150.13 152.55 153.94 155.25 159.00 147.78 122.47 113.17 122.50 114.57 97.67 108.55 112.53 100.26 94.20 84.46 81.89 85.10 98.14 99.97 112.64 104.11 96.19 102.48 91.29 89.20 80.46 87.01 81.73 81.50 86.77 68.61 65.98 67.88 70.10
-9999 -9999 -9999 -9999 -9999 -9999 -9999 -9999 -9999 -9999 -9999 -9999 -9999 -9999 -9999 -9999 -9999 -9999 -9999 -9999 131.31 141.19 179.27 201.90 189.78 212.91 188.03 218.83 200.12 210.91 188.22 181.52 159.93 132.24 -9999 121.74 110.24 121.31 131.20 137.11 163.96 158.91 165.07 154.92 152.62 131.48 134.59 125.04 137.21 140.37 139.52 135.60 120.26 126.24 105.94 94.12 100.14 91.42 103.02 103.51 101.26 91.88 87.53 79.76 80.48 85.33 82.50 83.52 74.63 74.62 74.19 65.75 66.31 64.78 62.89
-9999 -9999 -9999 -9999 -9999 -9999 -9999 -9999 -9999 -9999 -9999 -9999 -9999 -9999 -9999 -9999 -9999 -9999 -9999 -9999 -9999 131.79 141.91 158.84 169.77 172.38 166.21 166.80 174.94 169.71 -9999 -9999 -9999 -9999 123.10 119.48 126.38 129.97 138.68 152.82 171.66 166.64 162.76 146.02 140.62 146.35 122.75 140.78 140.45 154.63 140.59 137.20 123.96 114.68 99.71 90.42 93.47 88.55 99.24 98.77 85.33 79.47 71.96 74.39 71.68 72.87 69.47 74.56 61.96 63.24 68.01 62.40 62.43 65.38 70.72
-9999 -9999 -9999 -9999 -9999 -9999 -9999 -9999 -9999 -9999 -9999 -9999 -9999 -9999 -9999 -9999 -9999 -9999 -9999 -9999 -9999 -9999 140.19 154.87 149.54 143.24 152.00 151.33 147.33 -9999 -9999 -9999 -9999 131.60 128.80 144.37 150.70 159.96 139.57 173.90 171.65 163.09 153.12 146.75 143.69 135.82 141.35 155.26 140.58 144.94 140.70 132.42 115.20 98.57 85.27 97.58 81.83 108.32 90.79 88.36 83.02 75.71 67.79 79.55 80.47 72.67 70.74 69.66 67.56 68.25 66.00 67.45 61.43 69.78 68.08
-9999 -9999 -9999 -9999 -9999 -9999 -9999 -9999 -9999 -9999 -9999 -9999 -9999 -9999 -9999 -9999 -9999 -9999 -9999 -9999 -9999 -9999 -9999 129.69 109.37 126.46 119.26 124.41 119.89 -9999 -9999 -9999 125.75 126.19 130.29 155.61 148.54 155.17 135.08 144.96 139.54 156.77 144.53 135.11 151.19 136.34 134.32 125.92 138.41 132.59 128.83 123.19 118.66 109.83 124.35 104.21 101.85 101.33 93.81 81.24 86.24 82.97 83.35 86.04 82.10 75.67 69.42 67.48 65.70 71.78 61.32 69.41 73.47 76.40 85.24
-9999 -9999 -9999 -9999 -9999 -9999 -9999 -9999 -9999 -9999 -9999 -9999 -9999 -9999 -9999 -9999 -9999 -9999 -9999 -9999 -9999 -9999 -9999 -9999 -9999 -9999 -9999 -9999 -9999 -9999 -9999 124.43 129.86 128.94 120.41 134.22 157.22 151.48 145.87 138.83 132.33 128.34 122.42 111.65 107.82 109.43 118.86 123.47 123.71 129.77 133.59 130.34 139.26 131.96 125.56 106.01 107.96 100.51 98.78 93.52 87.71 89.58 90.40 89.23 72.29 74.48 72.38 73.80 77.63 74.65 76.07 90.09 96.14 100.21 96.92
-9999 -9999 -9999 -9999 -9999 -9999 -9999 -9999 -9999 -9999 -9999 -9999 -9999 -9999 -9999 -9999 -9999 -9999 -9999 -9999 -9999 -9999 -9999 -9999 -9999 -9999 -9999 -9999 -9999 -9999 -9999 107.90 125.87 124.41 181.71 177.79 163.18 165.45 161.87 146.57 148.61 124.68 112.95 111.90 107.69 110.45 117.37 118.44 132.43 132.60 146.71 133.54 135.00 144.64 124.74 121.09 113.42 102.18 94.39 90.29 88.11 86.86 83.97 87.41 80.74 75.69 77.57 82.13 86.79 95.35 95.29 107.91 97.15 103.54 103.11
-9999 -9999 -9999 -9999 -9999 -9999 -9999 -9999 -9999 -9999 -9999 -9999 -9999 -9999 -9999 -9999 -9999 -9999 -9999 -9999 -9999 -9999 -9999 -9999 -9999 -9999 -9999 -9999 -9999 -9999 -9999 93.98 102.42 117.61 138.90 159.50 185.93 191.07 180.11 176.31 144.15 128.04 115.67 137.53 131.31 124.07 125.64 111.62 113.80 113.06 124.42 131.35 129.88 127.50 119.85 111.75 119.27 110.50 100.17 104.04 100.59 96.19 88.91 99.05 86.02 83.14 93.03 111.33 109.17 107.47 107.64 102.02 104.92 99.44 116.30
-9999 -9999 -9999 -9999 -9999 -9999 -9999 -9999 -9999 -9999 -9999 -9999 -9999 -9999 132.34 160.89 125.32 180.35 218.33 233.82 255.71 240.14 174.48 181.96 119.73 -9999 -9999 -9999 -9999 -9999 -9999 92.52 90.39 101.17 103.57 116.72 132.00 169.81 170.46 150.38 139.57 128.22 138.84 145.84 138.37 115.05 118.36 105.04 101.33 104.45 108.26 112.31 111.15 119.34 104.68 113.84 117.46 128.39 123.01 116.34 113.64 110.27 101.57 99.76 93.31 93.47 105.60 118.26 114.36 107.33 107.22 97.02 103.98 95.64 92.87
-9999 -9999 -9999 -9999 -9999 -9999 -9999 -9999 -9999 -9999 -9999 -9999 -9999 -9999 147.22 163.24 175.46 172.33 250.67 337.07 249.85 326.87 221.26 174.81 155.55 117.92 101.42 111.43 105.67 90.54 86.86 88.01 83.65 92.16 99.82 107.66 103.56 135.70 140.57 143.61 128.40 153.45 153.16 122.19 117.72 123.54 101.47 106.57 102.46 104.83 111.43 110.06 114.01 107.52 113.30 117.72 120.00 115.68 123.15 130.63 113.68 112.00 103.82 111.15 103.82 100.47 131.74 117.12 113.95 114.03 106.17 104.43 104.55 113.59 111.05
-9999 -9999 -9999 -9999 -9999 -9999 -9999 -9999 -9999 -9999 -9999 -9999 -9999 100.37 120.99 151.12 148.78 158.08 201.21 268.05 297.15 276.63 242.26 216.51 178.02 135.41 134.75 124.48 142.14 100.47 88.68 77.89 79.12 87.26 96.24 98.89 108.77 118.86 123.28 110.17 144.74 138.07 158.60 136.37 119.52 117.71 117.89 111.85 107.37 105.19 114.69 117.72 110.11 127.39 107.17 110.97 115.13 124.22 105.46 127.55 119.36 119.26 127.34 118.41 133.43 106.58 106.76 116.31 109.84 102.80 111.28 119.62 126.69 126.97 109.84
-9999 -9999 -9999 -9999 -9999 -9999 -9999 -9999 -9999 -9999 -9999 -9999 -9999 -9999 112.79 123.01 119.43 134.28 160.40 195.05 221.34 220.37 193.89 207.74 211.02 176.02 156.47 137.62 123.93 109.02 103.32 87.26 86.18 77.31 95.12 97.57 101.52 98.61 115.18 119.08 128.16 122.94 141.41 149.59 121.64 113.34 131.83 124.27 117.77 114.12 117.43 113.43 110.64 111.69 107.41 117.59 122.26 127.66 134.16 136.83 134.74 124.09 129.26 115.37 116.27 102.09 99.51 96.01 98.17 119.55 123.28 129.20 142.10 148.10 131.97
-9999 -9999 -9999 -9999 -9999 -9999 -9999 -9999 -9999 -9999 136.88 -9999 -9999 134.77 132.30 133.15 114.82 124.48 121.01 137.24 154.46 168.75 145.35 206.38 187.14 179.60 162.18 133.00 119.51 102.97 107.30 90.93 85.73 106.74 99.09 94.18 96.43 96.17 120.52 120.37 117.23 104.99 116.81 119.06 130.17 135.87 132.68 121.28 114.05 108.01 115.36 116.41 118.54 98.26 117.01 131.97 122.74 129.98 138.17 149.85 126.30 127.96 127.44 109.48 114.81 115.11 102.82 105.80 111.43 118.82 116.35 125.89 129.91 123.14 117.02
-9999 -9999 -9999 -9999 -9999 -9999 -9999 -9999 -9999 155.67 197.21 185.71 186.31 152.40 162.54 147.98 114.06 90.69 110.32 107.18 138.39 146.69 156.98 158.89 162.21 160.73 141.06 134.22 124.80 116.04 118.74 107.87 94.24 100.38 104.89 105.76 97.12 112.35 113.92 111.98 111.00 115.77 113.86 116.74 128.59 139.03 127.37 127.62 119.23 120.30 119.74 121.47 109.33 113.48 121.86 123.90 123.93 118.39 121.26 117.16 123.06 122.36 133.30 138.41 140.85 120.84 115.30 107.43 114.17 114.02 117.32 122.29 129.72 126.90 123.55
-9999 -9999 -9999 -9999 -9999 -9999 -9999 -9999 -9999 171.73 198.57 174.13 158.16 148.58 164.08 138.58 111.55 121.90 119.09 116.72 127.68 124.65 150.86 148.73 153.98 145.04 133.57 142.58 161.80 144.74 126.09 120.57 108.12 114.61 112.66 117.10 113.39 128.09 113.48 120.35 116.33 111.71 112.72 142.68 119.83 120.14 119.59 119.02 117.17 128.43 123.23 118.33 120.01 112.29 120.05 112.78 110.92 112.37 123.37 123.80 117.85 147.58 130.89 136.19 123.79 128.92 125.24 118.13 116.63 121.26 137.62 141.24 130.68 136.33 120.53
-9999 -9999 -9999 -9999 -9999 -9999 -9999 -9999 -9999 158.41 163.35 158.73 171.82 155.17 150.34 141.36 134.74 132.09 125.41 119.39 122.95 111.94 131.72 122.18 125.32 122.83 120.82 168.14 157.98 150.06 156.34 140.49 125.78 127.47 106.63 123.67 124.96 129.02 127.55 135.41 124.78 125.25 134.51 117.59 124.77 131.90 121.73 123.95 119.03 122.66 137.35 134.01 118.54 109.56 96.83 103.06 109.58 93.12 111.33 115.94 118.74 135.68 123.21 120.47 143.65 120.15 152.43 140.98 123.83 123.92 148.21 137.72 137.18 121.47 113.55
-9999 -9999 -9999 -9999 -9999 -9999 -9999 -9999 -9999 130.75 145.44 139.60 129.94 139.23 145.16 136.83 123.19 127.72 120.54 122.29 98.29 113.71 109.92 102.86 113.45 100.34 108.54 140.43 148.28 168.47 161.93 155.12 150.96 135.88 125.46 138.29 147.30 132.58 129.47 139.37 132.10 137.08 132.80 117.40 114.00 124.20 117.14 119.91 120.52 119.15 128.65 130.73 115.06 119.68 110.40 108.98 100.78 106.40 92.75 92.45 104.43 98.98 100.72 107.29 118.94 116.97 121.83 123.53 130.86 123.38 113.06 103.93 122.69 112.78 101.64
-9999 -9999 -9999 -9999 -9999 -9999 -9999 -9999 -9999 129.08 128.08 110.11 135.99 142.02 141.58 138.72 132.85 115.85 122.33 129.36 107.19 96.42 93.78 93.13 94.12 94.34 102.89 111.25 130.16 141.51 138.54 133.69 164.32 175.14 154.89 171.23 159.73 152.75 158.10 149.10 134.64 134.67 124.36 110.17 121.94 120.65 109.93 112.85 118.15 113.85 114.40 110.33 105.41 104.55 100.41 91.38 88.90 86.72 80.38 91.93 97.62 97.31 106.89 107.41 105.27 100.84 111.83 108.53 102.65 -9999 -9999 91.04 105.00 112.14 102.40
-9999 -9999 -9999 -9999 -9999 -9999 -9999 -9999 148.20 134.61 133.09 118.18 139.06 138.89 149.30 149.23 171.48 146.82 136.56 124.13 101.38 86.45 86.55 84.62 90.35 84.61 94.91 100.17 112.53 139.87 125.23 153.01 152.08 136.91 135.55 145.49 147.62 151.49 154.55 146.37 136.73 130.06 124.53 122.73 116.06 122.18 113.19 113.70 109.01 104.84 99.35 89.00 97.02 94.99 99.59 -9999 -9999 83.92 75.37 91.58 91.46 97.40 98.57 108.69 -9999 -9999 -9999 -9999 -9999 -9999 -9999 -9999 -9999 -9999 98.92
