Rainfall_2007-2011/Rainfall_2008-11_ACTUAL.txt
ncols         180
nrows         290
xllcorner     -200000
yllcorner     -200000
cellsize      5000
NODATA_value  -9999
[rows 136 to 169 of 290, columns 76 to 151 of 180]
-9999 -9999 -9999 75.38 83.19 85.34 100.44 105.26 117.56 115.90 105.66 113.52 128.64 146.82 192.66 153.90 122.52 89.35 81.01 79.27 79.74 76.22 79.88 71.10 71.30 60.12 56.22 58.67 56.93 53.53 48.68 51.65 52.45 53.85 50.81 54.21 64.46 64.65 61.75 61.60 60.58 46.66 51.58 66.20 50.76 36.46 39.22 34.77 36.74 36.56 33.87 42.74 -9999 -9999 -9999 -9999 -9999 -9999 -9999 -9999 -9999 -9999 -9999 -9999 -9999 -9999 -9999 -9999 -9999 -9999 -9999 -9999 -9999 -9999 -9999 -9999
-9999 -9999 -9999 67.59 74.61 72.26 81.25 83.05 97.59 103.31 98.11 101.79 110.51 126.74 149.18 135.45 118.91 90.46 76.14 60.70 77.69 80.84 96.45 80.69 -9999 -9999 -9999 52.52 53.04 -9999 46.38 47.85 50.73 55.80 43.42 51.09 62.16 60.36 57.90 66.89 59.99 55.01 54.52 50.36 33.87 45.04 39.08 42.28 33.34 35.59 35.68 38.73 -9999 -9999 -9999 -9999 -9999 -9999 -9999 -9999 -9999 -9999 -9999 -9999 -9999 -9999 -9999 -9999 -9999 -9999 -9999 -9999 -9999 -9999 -9999 -9999
-9999 -9999 -9999 56.80 67.11 70.48 75.09 79.70 89.44 97.61 96.12 91.14 104.66 110.31 139.09 125.15 121.19 95.05 75.28 81.21 72.10 74.91 73.61 73.76 -9999 -9999 -9999 47.47 50.56 51.03 45.24 43.79 45.05 46.25 47.01 57.45 73.97 75.76 82.37 71.50 60.35 67.51 60.33 51.83 44.67 47.28 38.78 43.16 47.88 50.98 46.51 43.30 -9999 -9999 -9999 -9999 -9999 -9999 -9999 -9999 -9999 -9999 -9999 -9999 -9999 -9999 -9999 -9999 -9999 -9999 -9999 -9999 -9999 -9999 -9999 -9999
-9999 -9999 -9999 -9999 57.31 70.54 69.19 -9999 87.21 93.38 90.29 88.11 91.11 -9999 103.76 100.87 111.77 91.61 86.64 91.89 81.32 65.84 -9999 -9999 -9999 -9999 53.60 42.47 49.68 42.28 40.78 38.75 39.09 40.81 50.35 64.39 105.24 97.60 109.24 85.60 82.13 75.65 64.40 66.08 49.99 44.36 47.56 45.85 43.21 49.21 66.33 69.25 43.56 -9999 -9999 -9999 -9999 -9999 -9999 -9999 -9999 -9999 -9999 -9999 -9999 -9999 -9999 -9999 -9999 -9999 -9999 -9999 -9999 -9999 -9999 -9999
-9999 -9999 -9999 -9999 -9999 68.46 -9999 -9999 -9999 79.91 76.57 82.42 90.97 84.67 -9999 -9999 84.35 79.30 90.02 93.32 -9999 -9999 -9999 -9999 -9999 52.10 54.43 50.52 55.95 50.72 46.40 45.78 46.00 52.60 52.91 71.32 90.69 127.36 118.87 112.14 114.04 125.92 83.63 75.66 67.80 61.52 46.94 46.18 49.03 44.05 59.18 52.57 44.17 -9999 -9999 -9999 -9999 -9999 -9999 -9999 -9999 -9999 -9999 -9999 -9999 -9999 -9999 -9999 -9999 -9999 -9999 -9999 -9999 -9999 -9999 -9999
-9999 -9999 -9999 -9999 -9999 66.54 62.89 -9999 -9999 -9999 67.87 77.55 89.21 85.83 -9999 -9999 -9999 -9999 81.32 -9999 -9999 -9999 -9999 -9999 -9999 51.34 58.45 64.57 61.21 65.86 65.57 56.40 48.79 51.76 66.88 66.95 74.10 94.05 119.45 144.72 136.88 134.22 89.63 77.32 78.15 61.75 48.90 52.46 42.18 42.24 45.06 52.86 40.78 -9999 -9999 -9999 -9999 -9999 -9999 -9999 -9999 -9999 -9999 -9999 -9999 -9999 -9999 -9999 -9999 -9999 -9999 -9999 -9999 -9999 -9999 -9999
-9999 -9999 -9999 -9999 -9999 -9999 67.63 -9999 -9999 -9999 -9999 76.49 82.59 79.14 -9999 -9999 -9999 -9999 -9999 -9999 -9999 -9999 -9999 -9999 60.66 57.55 68.90 62.90 78.76 90.26 97.65 87.18 82.82 69.05 59.39 73.04 89.67 123.99 157.50 166.53 154.21 118.65 90.86 75.77 59.52 51.51 57.76 56.57 44.17 42.21 42.57 60.30 59.17 46.19 -9999 -9999 -9999 -9999 -9999 -9999 -9999 -9999 -9999 -9999 -9999 -9999 -9999 -9999 -9999 -9999 -9999 -9999 -9999 -9999 -9999 -9999
-9999 -9999 -9999 -9999 -9999 -9999 71.20 -9999 -9999 -9999 -9999 -9999 -9999 -9999 -9999 -9999 -9999 -9999 -9999 -9999 -9999 -9999 -9999 -9999 62.37 67.70 74.29 68.95 68.44 107.13 130.33 109.77 102.67 65.04 66.56 52.50 62.84 99.96 113.95 152.57 116.69 130.89 127.98 95.71 78.88 69.63 50.13 48.77 41.95 43.28 40.14 50.43 55.82 50.59 44.53 -9999 -9999 -9999 -9999 -9999 -9999 -9999 -9999 -9999 -9999 -9999 -9999 -9999 -9999 -9999 -9999 -9999 -9999 -9999 -9999 -9999
-9999 -9999 -9999 -9999 -9999 -9999 -9999 -9999 -9999 -9999 -9999 -9999 -9999 -9999 -9999 -9999 -9999 -9999 -9999 -9999 -9999 -9999 -9999 55.99 63.37 70.86 81.39 101.20 106.89 156.24 149.32 124.64 95.92 83.88 66.68 63.51 55.01 78.98 128.27 128.14 107.47 106.74 108.94 88.84 68.74 60.68 52.98 43.65 37.82 35.63 39.81 39.27 47.00 45.55 43.69 -9999 -9999 -9999 -9999 -9999 -9999 -9999 -9999 -9999 -9999 -9999 -9999 -9999 -9999 -9999 -9999 -9999 -9999 -9999 -9999 -9999
-9999 -9999 -9999 -9999 -9999 -9999 -9999 -9999 -9999 -9999 -9999 -9999 -9999 -9999 -9999 -9999 -9999 -9999 -9999 -9999 -9999 -9999 -9999 67.46 71.52 85.62 98.38 129.93 142.96 122.65 145.87 167.22 129.21 121.27 95.49 81.72 68.96 70.27 80.32 119.49 110.71 107.51 81.30 77.06 52.60 48.88 50.25 40.57 36.32 34.91 43.32 39.91 46.18 52.30 47.79 41.97 37.20 43.45 -9999 -9999 -9999 -9999 -9999 -9999 -9999 -9999 -9999 -9999 -9999 -9999 -9999 -9999 -9999 -9999 -9999 -9999
-9999 -9999 -9999 -9999 -9999 -9999 -9999 -9999 -9999 -9999 -9999 -9999 -9999 -9999 -9999 -9999 -9999 -9999 -9999 -9999 -9999 -9999 -9999 66.45 76.54 102.64 103.42 176.27 193.64 194.42 195.50 183.33 164.52 185.26 141.10 116.14 93.64 57.63 55.18 78.52 53.87 93.48 93.15 70.66 57.95 52.76 46.15 39.70 36.38 40.24 37.88 41.40 47.89 52.83 62.31 69.92 54.30 64.69 65.35 51.34 -9999 -9999 -9999 -9999 -9999 -9999 -9999 -9999 -9999 -9999 -9999 -9999 -9999 -9999 -9999 -9999
-9999 -9999 -9999 -9999 -9999 -9999 -9999 -9999 -9999 -9999 -9999 -9999 -9999 -9999 -9999 -9999 -9999 -9999 -9999 -9999 -9999 -9999 -9999 58.40 92.00 125.05 175.15 261.99 303.07 225.05 209.70 209.56 230.39 227.06 193.89 151.11 111.72 78.90 85.35 71.74 71.66 92.24 75.55 74.33 65.60 58.38 45.95 44.54 42.63 40.81 36.92 42.84 46.89 56.11 66.52 77.70 81.39 82.49 86.71 79.54 69.31 57.17 -9999 -9999 -9999 -9999 -9999 -9999 -9999 -9999 -9999 -9999 -9999 -9999 -9999 -9999
-9999 -9999 -9999 -9999 -9999 -9999 -9999 -9999 -9999 -9999 -9999 -9999 -9999 -9999 -9999 -9999 -9999 -9999 -9999 -9999 -9999 -9999 -9999 66.83 80.61 100.58 154.33 191.76 309.73 344.59 206.84 181.35 198.04 224.67 193.36 141.76 124.32 109.20 104.38 91.03 129.80 166.40 165.51 104.19 92.97 79.01 66.62 61.47 47.46 48.99 50.11 49.20 52.27 54.22 63.34 86.06 84.62 63.47 92.30 81.37 81.54 68.62 73.83 -9999 -9999 -9999 -9999 -9999 -9999 -9999 -9999 -9999 -9999 -9999 -9999 -9999
-9999 -9999 -9999 -9999 -9999 -9999 -9999 -9999 -9999 -9999 -9999 60.61 53.54 51.66 -9999 -9999 -9999 -9999 -9999 -9999 -9999 -9999 -9999 -9999 67.30 84.71 115.43 167.45 188.56 256.82 198.73 133.08 168.53 175.53 156.38 143.55 129.85 134.03 120.05 126.57 139.74 130.52 145.64 106.41 83.76 77.15 75.17 61.41 50.97 52.83 46.27 49.62 50.02 58.78 87.52 81.75 109.40 104.99 103.50 107.02 85.16 93.75 80.13 62.35 -9999 -9999 -9999 -9999 -9999 -9999 -9999 -9999 -9999 -9999 -9999 -9999
-9999 -9999 -9999 -9999 -9999 -9999 -9999 -9999 -9999 -9999 -9999 62.47 53.85 -9999 -9999 -9999 -9999 -9999 -9999 -9999 -9999 -9999 -9999 -9999 -9999 87.98 116.57 150.52 173.35 225.85 168.82 148.25 137.76 138.71 137.30 135.68 104.07 157.03 138.71 147.22 156.95 135.19 108.85 83.65 95.42 68.76 74.60 57.16 46.47 47.53 49.99 46.70 53.08 63.45 87.00 97.27 97.40 85.14 93.75 94.41 83.01 122.63 94.05 85.96 -9999 -9999 -9999 -9999 -9999 -9999 -9999 -9999 -9999 -9999 -9999 -9999
-9999 -9999 -9999 -9999 -9999 -9999 -9999 -9999 -9999 -9999 60.62 81.44 75.01 77.34 -9999 -9999 -9999 -9999 -9999 -9999 -9999 -9999 -9999 -9999 -9999 76.43 106.69 129.74 152.79 167.43 158.72 152.49 129.62 119.00 105.72 107.79 108.26 120.48 158.41 139.04 143.27 122.41 115.59 113.67 88.15 75.17 51.91 44.43 46.76 47.86 52.90 47.55 62.74 71.53 79.86 102.35 99.35 93.55 91.94 82.81 85.39 110.51 86.86 88.01 69.23 -9999 -9999 -9999 -9999 -9999 -9999 -9999 -9999 -9999 -9999 -9999
-9999 -9999 -9999 -9999 -9999 -9999 -9999 -9999 -9999 75.56 90.77 74.78 105.08 81.88 -9999 -9999 -9999 -9999 -9999 -9999 -9999 -9999 -9999 -9999 -9999 84.66 99.18 126.31 119.00 145.69 130.29 139.11 140.78 108.87 105.81 109.67 123.37 169.78 165.80 153.28 149.37 150.63 121.22 104.40 77.88 76.27 46.53 46.24 46.73 40.32 38.93 51.80 58.40 79.53 80.02 82.65 74.15 69.84 65.00 71.34 77.77 92.01 77.18 73.33 62.99 -9999 -9999 -9999 -9999 -9999 -9999 -9999 -9999 -9999 -9999 -9999
-9999 -9999 -9999 -9999 -9999 -9999 -9999 -9999 68.10 81.17 118.81 106.71 92.70 -9999 -9999 -9999 -9999 -9999 -9999 -9999 -9999 -9999 -9999 -9999 -9999 -9999 98.26 104.24 99.18 133.65 126.93 116.93 102.46 96.26 96.44 98.33 102.79 129.71 160.40 171.56 167.43 173.72 158.25 142.84 125.76 95.78 79.18 66.95 50.22 44.99 41.82 44.60 48.92 66.71 77.65 69.19 55.92 51.98 56.28 50.20 56.00 62.50 74.93 67.18 64.59 59.95 52.69 -9999 -9999 -9999 -9999 -9999 -9999 -9999 -9999 -9999
-9999 -9999 -9999 -9999 -9999 -9999 -9999 -9999 86.52 118.28 96.08 80.18 82.99 -9999 -9999 -9999 -9999 -9999 -9999 -9999 -9999 -9999 -9999 -9999 -9999 -9999 -9999 90.56 78.20 98.39 109.38 90.86 89.66 89.58 105.14 104.00 93.66 126.16 144.07 158.91 168.21 164.59 148.70 144.13 134.72 101.93 86.36 76.20 65.00 50.38 45.31 44.81 43.35 54.60 55.14 53.19 45.47 45.95 47.15 50.62 54.09 58.90 69.81 72.61 82.32 72.39 61.29 -9999 -9999 -9999 -9999 -9999 -9999 -9999 -9999 -9999
-9999 -9999 -9999 -9999 -9999 -9999 -9999 -9999 79.56 85.54 88.57 78.74 -9999 -9999 -9999 -9999 -9999 -9999 -9999 -9999 -9999 -9999 -9999 -9999 -9999 -9999 -9999 70.61 82.97 101.01 -9999 79.83 -9999 68.54 69.06 85.80 81.79 96.86 104.97 126.96 134.05 161.37 140.87 110.45 132.05 120.95 96.00 74.85 65.65 55.65 55.44 45.37 44.02 49.67 53.32 54.42 53.06 45.50 51.49 50.22 51.19 59.28 67.48 69.80 70.87 71.14 73.85 75.29 71.12 -9999 -9999 -9999 -9999 -9999 -9999 -9999
-9999 -9999 -9999 -9999 -9999 -9999 -9999 61.33 67.20 67.65 -9999 -9999 -9999 -9999 -9999 -9999 -9999 -9999 -9999 -9999 -9999 -9999 -9999 -9999 -9999 -9999 -9999 69.76 80.21 82.80 -9999 -9999 -9999 67.77 79.11 72.96 83.09 83.41 95.87 91.95 82.47 130.29 136.01 106.33 111.12 105.84 94.00 85.01 68.11 59.03 50.74 42.84 44.25 45.41 47.90 46.80 43.86 43.60 51.50 46.91 49.47 56.78 68.01 68.91 66.04 69.90 70.21 65.17 66.55 -9999 -9999 -9999 -9999 -9999 -9999 -9999
-9999 -9999 -9999 -9999 -9999 -9999 -9999 -9999 -9999 -9999 -9999 -9999 -9999 -9999 -9999 -9999 -9999 -9999 -9999 -9999 -9999 -9999 -9999 -9999 -9999 -9999 -9999 -9999 -9999 -9999 -9999 -9999 61.44 69.21 85.71 108.93 103.07 121.12 115.38 91.68 95.64 114.24 98.31 92.72 86.52 85.86 84.80 79.71 66.19 55.74 50.12 47.22 47.37 50.88 49.63 41.72 35.87 38.31 47.49 54.52 64.59 60.38 66.82 58.03 53.10 55.69 67.39 67.81 -9999 -9999 -9999 -9999 -9999 -9999 -9999 -9999
-9999 -9999 -9999 -9999 -9999 -9999 -9999 -9999 -9999 -9999 -9999 -9999 -9999 -9999 -9999 -9999 -9999 -9999 -9999 -9999 -9999 -9999 -9999 -9999 -9999 -9999 -9999 -9999 -9999 -9999 -9999 -9999 63.78 87.12 76.23 133.06 139.91 150.56 119.10 101.85 74.59 79.67 67.17 70.67 77.17 95.14 81.38 77.79 68.64 59.52 56.60 50.58 45.84 48.36 45.35 38.64 35.30 38.70 46.91 52.87 67.54 61.66 48.65 51.50 55.48 54.24 67.82 70.23 -9999 -9999 -9999 -9999 -9999 -9999 -9999 -9999
-9999 -9999 -9999 -9999 -9999 -9999 -9999 -9999 -9999 -9999 -9999 -9999 -9999 -9999 -9999 -9999 -9999 -9999 -9999 -9999 -9999 -9999 -9999 -9999 -9999 -9999 -9999 -9999 -9999 -9999 -9999 -9999 61.94 69.73 81.68 100.62 141.09 133.26 109.57 80.74 70.83 72.43 59.26 61.04 59.96 71.52 76.36 65.07 62.44 60.45 54.20 44.23 42.47 45.18 38.08 39.60 30.13 34.55 40.43 47.80 52.30 48.84 51.95 54.71 64.48 56.10 63.19 68.51 -9999 -9999 -9999 -9999 -9999 -9999 -9999 -9999
-9999 -9999 -9999 -9999 -9999 -9999 -9999 -9999 -9999 -9999 -9999 -9999 -9999 -9999 -9999 -9999 -9999 -9999 -9999 -9999 -9999 -9999 -9999 -9999 -9999 -9999 -9999 -9999 -9999 -9999 51.96 60.93 62.35 60.08 71.67 103.97 134.78 107.57 108.30 76.70 70.67 77.86 55.62 61.94 57.89 63.29 61.68 58.89 61.04 48.79 38.58 40.78 37.03 36.21 35.24 33.12 30.52 33.18 35.00 43.94 46.43 47.64 52.11 51.10 55.16 57.39 63.64 67.76 70.27 -9999 -9999 -9999 -9999 -9999 -9999 -9999
-9999 -9999 -9999 -9999 -9999 -9999 -9999 -9999 -9999 -9999 -9999 -9999 -9999 -9999 -9999 -9999 -9999 -9999 -9999 -9999 -9999 -9999 -9999 -9999 -9999 -9999 -9999 -9999 -9999 -9999 59.48 58.78 59.35 66.46 74.07 96.48 94.37 91.93 80.59 76.31 100.10 80.12 68.33 65.98 69.82 58.86 57.70 53.28 60.75 47.81 43.00 37.77 38.32 36.19 29.66 29.30 32.05 34.59 38.29 41.82 42.05 44.90 53.01 53.05 56.27 56.97 61.88 66.66 70.04 -9999 -9999 -9999 -9999 -9999 -9999 -9999
-9999 -9999 -9999 -9999 -9999 -9999 -9999 -9999 -9999 -9999 -9999 -9999 -9999 -9999 -9999 -9999 -9999 -9999 -9999 -9999 -9999 -9999 -9999 -9999 -9999 -9999 -9999 -9999 -9999 -9999 58.77 57.17 58.79 65.63 70.84 76.06 79.16 84.53 74.21 75.80 83.48 86.86 63.39 85.22 62.07 59.67 48.08 50.41 40.77 35.31 39.84 39.73 37.84 34.73 29.15 26.18 31.64 36.55 41.31 41.99 44.22 50.28 55.89 62.10 69.32 63.37 66.23 68.25 68.27 68.00 -9999 -9999 -9999 -9999 -9999 -9999
-9999 -9999 -9999 -9999 -9999 -9999 -9999 -9999 -9999 -9999 -9999 -9999 -9999 -9999 -9999 -9999 -9999 -9999 -9999 -9999 -9999 -9999 -9999 -9999 -9999 -9999 -9999 -9999 -9999 -9999 63.85 58.02 54.43 56.68 63.45 64.58 62.45 75.23 84.38 73.70 78.59 75.47 90.50 104.36 80.91 68.78 57.56 49.34 38.48 32.75 33.98 37.03 38.62 33.79 30.22 29.65 33.05 39.44 41.47 41.98 44.83 50.76 55.60 68.92 61.73 62.46 66.14 65.22 74.93 75.76 67.39 -9999 -9999 -9999 -9999 -9999
-9999 -9999 -9999 -9999 -9999 -9999 -9999 -9999 -9999 -9999 -9999 -9999 -9999 -9999 -9999 -9999 -9999 -9999 -9999 -9999 -9999 -9999 -9999 -9999 -9999 -9999 -9999 -9999 -9999 -9999 51.62 52.84 48.75 50.62 60.38 60.86 62.22 73.32 78.73 85.52 85.45 95.05 101.28 88.22 78.91 53.26 55.58 44.96 42.10 38.19 35.98 35.23 32.90 34.54 34.62 34.64 36.86 45.27 44.07 44.48 44.23 45.63 63.38 72.85 64.80 64.76 61.48 65.44 69.51 67.52 70.58 -9999 -9999 -9999 -9999 -9999
-9999 -9999 -9999 -9999 -9999 -9999 -9999 -9999 -9999 -9999 -9999 -9999 -9999 -9999 -9999 -9999 -9999 -9999 -9999 -9999 -9999 -9999 -9999 -9999 -9999 -9999 -9999 -9999 -9999 -9999 -9999 50.96 49.33 49.50 52.95 66.05 84.84 80.59 94.95 91.14 86.44 97.28 92.89 83.22 80.45 56.36 51.58 43.80 30.80 38.47 33.20 30.56 35.07 35.18 34.31 37.03 40.77 42.16 45.37 47.33 45.16 41.24 58.63 64.78 59.96 54.62 54.01 -9999 67.50 63.57 66.96 66.09 -9999 -9999 -9999 -9999
-9999 -9999 -9999 -9999 -9999 -9999 -9999 -9999 -9999 -9999 -9999 -9999 -9999 -9999 -9999 -9999 -9999 -9999 -9999 -9999 -9999 -9999 -9999 -9999 -9999 -9999 -9999 -9999 -9999 -9999 53.91 52.94 65.97 58.33 62.57 66.14 89.62 107.43 99.45 106.88 96.84 95.25 95.18 96.48 88.19 82.35 64.87 48.08 46.16 38.59 33.31 34.47 38.28 36.79 45.39 38.57 40.35 41.81 45.59 48.76 49.57 56.99 58.13 59.03 65.61 60.76 57.22 62.69 -9999 57.66 66.18 64.32 68.35 -9999 -9999 -9999
-9999 -9999 -9999 -9999 -9999 -9999 -9999 -9999 -9999 -9999 -9999 -9999 -9999 -9999 -9999 -9999 -9999 -9999 -9999 -9999 -9999 -9999 -9999 -9999 -9999 -9999 -9999 -9999 -9999 -9999 53.89 56.06 62.19 67.21 68.47 69.54 80.24 94.40 92.48 84.71 81.41 60.89 78.60 82.10 100.16 93.29 68.84 56.07 45.90 37.27 43.40 39.00 42.83 38.80 37.98 37.67 36.68 41.19 44.95 48.47 49.92 51.86 57.89 58.15 53.66 60.08 65.49 66.95 70.54 -9999 -9999 -9999 -9999 -9999 -9999 -9999
-9999 -9999 -9999 -9999 -9999 -9999 -9999 -9999 -9999 -9999 -9999 -9999 -9999 -9999 -9999 -9999 -9999 -9999 -9999 -9999 -9999 -9999 -9999 -9999 -9999 -9999 -9999 -9999 -9999 51.62 55.80 56.39 63.28 71.15 60.66 68.38 79.24 86.81 80.17 65.08 65.26 70.63 78.48 91.03 120.03 123.55 107.89 91.55 63.41 44.63 38.53 34.25 47.04 40.76 39.39 40.29 39.66 41.86 45.17 48.25 52.81 57.03 63.52 73.04 71.19 71.51 72.03 73.69 73.19 71.24 78.54 -9999 -9999 -9999 -9999 -9999
-9999 -9999 -9999 -9999 -9999 -9999 -9999 -9999 -9999 -9999 -9999 -9999 -9999 -9999 -9999 -9999 -9999 -9999 -9999 -9999 -9999 -9999 -9999 -9999 -9999 -9999 -9999 -9999 -9999 -9999 50.50 57.08 63.51 64.31 76.23 66.71 67.30 60.18 65.11 63.02 57.58 65.41 70.73 83.45 123.29 132.00 139.79 112.19 79.60 66.21 48.45 43.43 34.84 40.47 49.18 45.94 43.52 45.99 49.84 51.18 51.64 60.19 64.55 69.47 72.86 76.85 78.15 78.44 77.54 74.11 74.54 76.84 79.74 -9999 -9999 -9999
