Rainfall_2007-2011/Rainfall_2011-09_ACTUAL.txt
ncols         180
nrows         290
xllcorner     -200000
yllcorner     -200000
cellsize      5000
NODATA_value  -9999
[rows 99 to 131 of 290, columns 76 to 151 of 180]
454.95 392.02 -9999 312.78 466.59 502.96 574.69 593.13 638.35 576.12 398.59 332.90 272.39 245.25 252.20 216.94 208.82 259.11 215.51 143.98 136.35 115.90 109.52 92.37 122.10 135.24 118.20 108.13 101.69 82.83 77.54 68.69 67.29 74.86 72.62 77.60 84.70 81.98 -9999 -9999 -9999 -9999 -9999 -9999 -9999 -9999 -9999 -9999 -9999 -9999 -9999 -9999 -9999 -9999 -9999 -9999 -9999 -9999 -9999 -9999 -9999 -9999 -9999 -9999 -9999 -9999 -9999 -9999 -9999 -9999 -9999 -9999 -9999 -9999 -9999 -9999
346.56 -9999 245.81 291.20 386.75 474.67 516.04 600.73 634.45 498.67 448.65 390.33 371.11 329.97 269.67 245.25 188.32 185.16 156.05 146.23 146.08 143.96 137.03 121.87 111.45 118.77 107.82 91.08 77.54 66.07 68.96 79.35 75.31 74.17 77.35 91.67 87.41 75.38 -9999 -9999 -9999 -9999 -9999 -9999 -9999 -9999 -9999 -9999 -9999 -9999 -9999 -9999 -9999 -9999 -9999 -9999 -9999 -9999 -9999 -9999 -9999 -9999 -9999 -9999 -9999 -9999 -9999 -9999 -9999 -9999 -9999 -9999 -9999 -9999 -9999 -9999
-9999 264.72 219.90 270.43 463.81 470.46 610.01 525.82 469.29 421.12 473.58 487.87 377.11 380.33 267.99 305.51 295.63 232.26 146.58 167.24 194.87 169.73 127.99 131.56 123.23 113.75 93.05 88.53 74.89 74.90 94.96 91.12 86.58 85.37 83.03 93.53 86.92 67.45 -9999 -9999 -9999 -9999 -9999 -9999 -9999 -9999 -9999 -9999 -9999 -9999 -9999 -9999 -9999 -9999 -9999 -9999 -9999 -9999 -9999 -9999 -9999 -9999 -9999 -9999 -9999 -9999 -9999 -9999 -9999 -9999 -9999 -9999 -9999 -9999 -9999 -9999
265.96 -9999 305.87 329.73 422.57 383.06 514.88 489.07 500.25 468.23 566.02 506.38 510.44 378.17 280.30 299.66 235.74 167.55 197.38 242.17 228.31 146.47 136.95 132.27 114.44 83.56 104.48 100.81 82.20 95.86 76.61 74.91 68.02 74.20 75.05 77.62 75.97 -9999 -9999 -9999 -9999 -9999 -9999 -9999 -9999 -9999 -9999 -9999 -9999 -9999 -9999 -9999 -9999 -9999 -9999 -9999 -9999 -9999 -9999 -9999 -9999 -9999 -9999 -9999 -9999 -9999 -9999 -9999 -9999 -9999 -9999 -9999 -9999 -9999 -9999 -9999
-9999 256.88 284.05 305.88 265.03 475.57 535.08 399.78 450.84 552.17 509.69 571.98 589.64 419.70 312.77 244.48 290.22 243.45 277.13 256.21 225.32 204.67 167.34 118.22 92.23 78.34 90.22 95.73 96.35 73.68 55.02 64.64 58.13 58.56 65.53 -9999 -9999 -9999 -9999 -9999 -9999 -9999 -9999 -9999 -9999 -9999 -9999 -9999 -9999 -9999 -9999 -9999 -9999 -9999 -9999 -9999 -9999 -9999 -9999 -9999 -9999 -9999 -9999 -9999 -9999 -9999 -9999 -9999 -9999 -9999 -9999 -9999 -9999 -9999 -9999 -9999
309.27 329.72 399.55 456.09 391.27 409.35 407.50 338.76 427.72 504.88 504.00 426.67 393.36 368.66 331.56 320.48 215.52 229.44 221.46 201.34 194.04 149.93 129.01 92.25 80.35 68.21 60.48 67.10 65.94 56.57 54.51 56.04 60.16 61.18 -9999 -9999 -9999 -9999 -9999 -9999 -9999 -9999 -9999 -9999 -9999 -9999 -9999 -9999 -9999 -9999 -9999 -9999 -9999 -9999 -9999 -9999 -9999 -9999 -9999 -9999 -9999 -9999 -9999 -9999 -9999 -9999 -9999 -9999 -9999 -9999 -9999 -9999 -9999 -9999 -9999 -9999
317.49 402.69 449.79 470.17 440.12 437.84 479.60 515.37 504.65 528.12 495.73 475.47 473.94 424.46 317.82 262.22 241.30 243.32 187.65 131.72 108.01 140.98 112.07 92.97 71.20 52.42 43.16 53.94 51.13 53.45 62.20 56.12 60.41 61.23 -9999 -9999 -9999 -9999 -9999 -9999 -9999 -9999 -9999 -9999 -9999 -9999 -9999 -9999 -9999 -9999 -9999 -9999 -9999 -9999 -9999 -9999 -9999 -9999 -9999 -9999 -9999 -9999 -9999 -9999 -9999 -9999 -9999 -9999 -9999 -9999 -9999 -9999 -9999 -9999 -9999 -9999
353.17 389.94 430.41 469.97 468.25 534.27 521.78 515.72 436.97 553.42 487.23 493.45 396.38 420.80 317.02 334.04 386.03 249.41 173.06 158.13 129.06 113.46 100.33 89.62 65.59 40.23 44.31 52.80 53.85 54.32 51.62 48.12 52.75 60.53 59.16 -9999 -9999 -9999 -9999 -9999 -9999 -9999 -9999 -9999 -9999 -9999 -9999 -9999 -9999 -9999 -9999 -9999 -9999 -9999 -9999 -9999 -9999 -9999 -9999 -9999 -9999 -9999 -9999 -9999 -9999 -9999 -9999 -9999 -9999 -9999 -9999 -9999 -9999 -9999 -9999 -9999
306.51 355.21 432.45 410.87 486.52 436.46 429.48 436.13 524.81 618.63 480.33 487.20 427.28 345.15 291.20 339.17 284.23 250.00 208.94 154.85 150.91 129.16 106.57 107.14 90.16 79.09 79.54 77.16 55.01 49.50 56.50 61.07 64.61 73.54 70.54 77.10 -9999 -9999 -9999 -9999 -9999 -9999 -9999 -9999 -9999 -9999 -9999 -9999 -9999 -9999 -9999 -9999 -9999 -9999 -9999 -9999 -9999 -9999 -9999 -9999 -9999 -9999 -9999 -9999 -9999 -9999 -9999 -9999 -9999 -9999 -9999 -9999 -9999 -9999 -9999 -9999
309.72 363.13 403.07 440.74 457.44 424.58 408.94 494.34 537.63 673.51 490.43 428.72 373.78 323.57 278.27 280.03 243.56 199.27 155.21 131.69 133.64 130.02 145.49 160.84 144.67 135.87 115.02 78.21 86.30 78.98 69.42 59.44 68.29 66.43 60.80 58.93 50.95 -9999 -9999 -9999 -9999 -9999 -9999 -9999 -9999 -9999 -9999 -9999 -9999 -9999 -9999 -9999 -9999 -9999 -9999 -9999 -9999 -9999 -9999 -9999 -9999 -9999 -9999 -9999 -9999 -9999 -9999 -9999 -9999 -9999 -9999 -9999 -9999 -9999 -9999 -9999
310.28 312.29 393.57 451.29 381.66 380.55 425.38 521.95 477.80 452.01 404.45 486.07 323.21 259.30 272.98 255.95 209.23 170.13 127.96 115.70 138.18 172.48 166.45 161.54 155.00 126.12 107.84 89.49 83.81 75.68 66.94 51.48 47.02 55.10 53.10 54.85 -9999 -9999 -9999 -9999 -9999 -9999 -9999 -9999 -9999 -9999 -9999 -9999 -9999 -9999 -9999 -9999 -9999 -9999 -9999 -9999 -9999 -9999 -9999 -9999 -9999 -9999 -9999 -9999 -9999 -9999 -9999 -9999 -9999 -9999 -9999 -9999 -9999 -9999 -9999 -9999
271.92 303.50 324.85 335.91 366.96 429.40 383.86 444.98 428.04 428.78 384.50 305.68 339.09 312.67 239.88 192.85 156.73 113.98 114.55 100.17 123.41 98.60 91.23 101.61 131.67 132.44 102.17 84.16 77.41 66.07 61.58 50.38 -9999 -9999 -9999 -9999 -9999 -9999 -9999 -9999 -9999 -9999 -9999 -9999 -9999 -9999 -9999 -9999 -9999 -9999 -9999 -9999 -9999 -9999 -9999 -9999 -9999 -9999 -9999 -9999 -9999 -9999 -9999 -9999 -9999 -9999 -9999 -9999 -9999 -9999 -9999 -9999 -9999 -9999 -9999 -9999
286.26 322.35 314.82 264.83 389.37 375.99 406.12 413.48 275.59 402.89 344.53 257.65 252.52 275.46 206.25 194.05 173.44 148.74 151.80 108.67 108.18 97.24 96.31 93.04 95.36 109.94 93.99 85.79 80.25 65.40 -9999 -9999 -9999 -9999 -9999 -9999 -9999 -9999 -9999 -9999 -9999 -9999 -9999 -9999 -9999 -9999 -9999 -9999 -9999 -9999 -9999 -9999 -9999 -9999 -9999 -9999 -9999 -9999 -9999 -9999 -9999 -9999 -9999 -9999 -9999 -9999 -9999 -9999 -9999 -9999 -9999 -9999 -9999 -9999 -9999 -9999
359.08 317.91 298.38 352.70 354.36 375.04 416.44 401.82 299.22 315.70 291.51 219.49 208.32 186.25 179.44 210.70 170.76 185.19 166.04 137.99 130.17 111.81 85.63 81.69 77.86 80.48 75.61 79.58 71.11 55.19 -9999 -9999 -9999 -9999 -9999 -9999 -9999 -9999 -9999 -9999 -9999 -9999 -9999 -9999 -9999 -9999 -9999 -9999 -9999 -9999 -9999 -9999 -9999 -9999 -9999 -9999 -9999 -9999 -9999 -9999 -9999 -9999 -9999 -9999 -9999 -9999 -9999 -9999 -9999 -9999 -9999 -9999 -9999 -9999 -9999 -9999
303.75 -9999 295.25 346.14 360.75 365.89 367.47 351.02 269.61 217.82 225.33 215.96 217.82 219.81 201.70 248.94 252.01 219.85 203.20 156.62 132.65 111.25 66.06 64.15 69.42 69.72 56.35 52.63 -9999 -9999 -9999 -9999 -9999 48.70 44.71 53.05 49.29 -9999 -9999 -9999 -9999 -9999 -9999 -9999 -9999 -9999 -9999 -9999 -9999 -9999 -9999 -9999 -9999 -9999 -9999 -9999 -9999 -9999 -9999 -9999 -9999 -9999 -9999 -9999 -9999 -9999 -9999 -9999 -9999 -9999 -9999 -9999 -9999 -9999 -9999 -9999
342.14 -9999 256.31 298.81 310.18 291.72 350.60 264.44 207.26 211.59 227.15 213.13 193.62 224.16 193.57 193.01 214.37 169.43 152.64 136.47 122.17 102.57 81.61 69.13 73.43 73.18 59.73 45.98 43.13 39.32 -9999 -9999 39.86 42.78 50.57 50.99 52.26 49.45 41.44 -9999 -9999 -9999 -9999 -9999 -9999 -9999 -9999 -9999 -9999 -9999 -9999 -9999 -9999 -9999 -9999 -9999 -9999 -9999 -9999 -9999 -9999 -9999 -9999 -9999 -9999 -9999 -9999 -9999 -9999 -9999 -9999 -9999 -9999 -9999 -9999 -9999
281.32 224.33 216.77 194.45 242.32 262.37 272.75 232.81 219.87 235.89 229.23 203.06 163.85 161.66 170.51 168.08 159.55 148.79 137.58 121.82 109.02 102.66 91.18 89.82 90.26 71.18 54.32 47.67 41.51 41.45 37.40 40.14 43.19 48.94 50.16 65.41 69.80 74.23 72.73 50.56 -9999 -9999 -9999 -9999 -9999 -9999 -9999 -9999 -9999 -9999 -9999 -9999 -9999 -9999 -9999 -9999 -9999 -9999 -9999 -9999 -9999 -9999 -9999 -9999 -9999 -9999 -9999 -9999 -9999 -9999 -9999 -9999 -9999 -9999 -9999 -9999
226.18 222.67 198.39 217.66 220.25 208.22 224.71 -9999 238.24 272.05 250.41 193.02 172.47 143.08 137.63 140.37 137.56 122.79 106.41 104.14 96.40 102.29 91.35 90.15 77.91 85.37 69.17 57.15 50.23 42.98 43.65 47.34 46.61 52.43 52.45 72.59 71.92 75.26 77.29 69.22 72.45 69.65 45.03 -9999 -9999 -9999 -9999 -9999 -9999 -9999 -9999 -9999 -9999 -9999 -9999 -9999 -9999 -9999 -9999 -9999 -9999 -9999 -9999 -9999 -9999 -9999 -9999 -9999 -9999 -9999 -9999 -9999 -9999 -9999 -9999 -9999
206.92 234.31 189.81 -9999 187.47 188.71 202.66 -9999 203.52 291.05 262.80 221.11 186.97 158.74 135.86 115.41 113.59 102.76 95.34 100.80 99.09 106.42 110.82 117.48 102.96 99.29 93.67 91.50 84.27 57.67 41.37 55.44 53.03 61.72 79.18 91.15 84.68 79.74 76.63 81.94 81.30 53.39 64.11 -9999 -9999 -9999 -9999 -9999 -9999 -9999 -9999 -9999 -9999 -9999 -9999 -9999 -9999 -9999 -9999 -9999 -9999 -9999 -9999 -9999 -9999 -9999 -9999 -9999 -9999 -9999 -9999 -9999 -9999 -9999 -9999 -9999
202.53 204.77 171.70 -9999 -9999 173.39 146.96 139.91 184.12 220.87 221.54 209.54 217.90 189.40 162.25 140.07 149.51 109.22 90.72 108.27 110.36 118.07 124.00 129.70 119.64 118.79 124.07 101.14 75.77 74.98 66.33 54.32 63.37 74.46 87.18 109.16 97.63 82.09 73.97 57.41 51.11 49.45 55.20 45.44 -9999 -9999 -9999 -9999 -9999 -9999 -9999 -9999 -9999 -9999 -9999 -9999 -9999 -9999 -9999 -9999 -9999 -9999 -9999 -9999 -9999 -9999 -9999 -9999 -9999 -9999 -9999 -9999 -9999 -9999 -9999 -9999
198.53 -9999 -9999 -9999 -9999 -9999 134.78 123.46 166.49 199.14 203.47 208.00 214.49 212.12 201.17 179.21 169.71 143.02 108.71 114.60 114.35 120.14 126.58 124.06 117.72 119.75 112.61 100.97 93.36 85.12 94.19 85.83 65.90 75.72 89.22 95.39 97.02 79.85 72.83 53.81 44.11 44.08 41.48 36.87 -9999 -9999 -9999 -9999 -9999 -9999 -9999 -9999 -9999 -9999 -9999 -9999 -9999 -9999 -9999 -9999 -9999 -9999 -9999 -9999 -9999 -9999 -9999 -9999 -9999 -9999 -9999 -9999 -9999 -9999 -9999 -9999
199.17 207.00 214.46 219.44 -9999 -9999 -9999 130.97 155.36 180.75 190.98 192.95 191.63 216.83 212.02 206.76 186.70 155.33 141.82 131.45 110.45 126.04 121.39 100.70 109.89 102.03 99.88 119.65 104.97 133.12 141.60 114.85 92.30 95.68 104.91 81.23 82.61 74.58 74.77 61.22 42.78 42.64 36.13 38.34 34.65 -9999 -9999 -9999 -9999 -9999 -9999 -9999 -9999 -9999 -9999 -9999 -9999 -9999 -9999 -9999 -9999 -9999 -9999 -9999 -9999 -9999 -9999 -9999 -9999 -9999 -9999 -9999 -9999 -9999 -9999 -9999
208.93 218.82 235.08 304.39 275.58 -9999 -9999 -9999 135.58 148.63 154.85 178.89 192.92 196.06 208.29 196.73 202.24 161.71 141.62 126.65 136.71 125.32 108.34 101.50 119.45 110.94 121.63 99.02 111.15 108.98 111.63 121.99 111.27 93.67 86.45 83.09 71.14 57.86 63.66 51.62 46.21 45.04 40.25 37.50 32.67 29.83 -9999 -9999 -9999 -9999 -9999 -9999 -9999 -9999 -9999 -9999 -9999 -9999 -9999 -9999 -9999 -9999 -9999 -9999 -9999 -9999 -9999 -9999 -9999 -9999 -9999 -9999 -9999 -9999 -9999 -9999
199.21 169.48 209.85 310.39 263.06 -9999 -9999 -9999 -9999 -9999 122.82 147.48 166.86 181.51 182.33 186.65 199.49 198.88 179.94 158.09 131.17 106.59 104.21 102.29 109.50 98.64 123.45 105.46 95.04 107.47 103.44 88.67 88.38 73.95 78.41 89.32 77.82 64.53 51.77 44.34 48.20 37.58 36.39 37.49 38.82 32.47 30.38 -9999 -9999 -9999 -9999 -9999 -9999 -9999 -9999 -9999 -9999 -9999 -9999 -9999 -9999 -9999 -9999 -9999 -9999 -9999 -9999 -9999 -9999 -9999 -9999 -9999 -9999 -9999 -9999 -9999
-9999 162.93 175.05 278.15 243.36 -9999 -9999 -9999 -9999 -9999 107.81 159.15 183.81 185.56 199.43 228.71 213.08 205.01 181.90 167.59 138.11 132.16 123.79 121.55 131.99 146.19 119.65 166.18 108.00 129.16 100.57 111.26 106.61 88.03 70.63 76.74 81.47 66.78 57.59 63.13 90.75 60.07 39.73 31.35 39.71 40.56 35.47 41.65 40.43 -9999 -9999 -9999 -9999 -9999 -9999 -9999 -9999 -9999 -9999 -9999 -9999 -9999 -9999 -9999 -9999 -9999 -9999 -9999 -9999 -9999 -9999 -9999 -9999 -9999 -9999 -9999
-9999 -9999 189.94 215.15 189.77 -9999 -9999 -9999 -9999 -9999 142.74 133.04 163.61 157.17 169.12 174.45 181.01 185.46 171.64 181.32 159.24 147.48 153.48 160.05 183.93 178.51 152.48 188.44 164.70 127.53 122.37 83.47 73.12 72.68 66.25 74.24 70.48 72.91 57.24 61.02 64.34 71.72 59.35 44.42 42.83 33.55 45.08 42.50 47.77 -9999 -9999 -9999 -9999 -9999 -9999 -9999 -9999 -9999 -9999 -9999 -9999 -9999 -9999 -9999 -9999 -9999 -9999 -9999 -9999 -9999 -9999 -9999 -9999 -9999 -9999 -9999
-9999 -9999 159.22 164.44 163.09 -9999 -9999 -9999 -9999 -9999 128.43 129.48 139.51 145.19 152.28 157.29 175.99 202.89 216.94 190.78 188.03 184.89 160.46 145.41 166.08 181.00 213.49 196.98 163.70 158.20 138.99 102.47 98.07 76.25 77.86 74.33 59.34 73.48 78.17 74.78 67.77 76.74 71.76 57.98 43.91 40.99 48.78 53.61 54.67 -9999 -9999 -9999 -9999 -9999 -9999 -9999 -9999 -9999 -9999 -9999 -9999 -9999 -9999 -9999 -9999 -9999 -9999 -9999 -9999 -9999 -9999 -9999 -9999 -9999 -9999 -9999
-9999 -9999 -9999 -9999 -9999 -9999 -9999 -9999 -9999 147.10 134.27 142.43 150.79 149.95 155.29 154.98 162.34 171.62 214.20 206.72 198.09 224.91 205.93 195.76 203.42 224.75 232.70 234.28 213.40 204.65 159.89 135.90 104.67 88.06 67.86 75.93 82.35 70.19 80.41 86.22 95.29 79.90 82.56 58.36 44.10 42.42 40.32 41.99 41.25 -9999 -9999 -9999 -9999 -9999 -9999 -9999 -9999 -9999 -9999 -9999 -9999 -9999 -9999 -9999 -9999 -9999 -9999 -9999 -9999 -9999 -9999 -9999 -9999 -9999 -9999 -9999
-9999 -9999 -9999 -9999 -9999 -9999 -9999 -9999 -9999 178.54 144.39 155.04 178.94 189.51 186.46 191.32 184.98 183.95 177.83 191.86 217.70 213.70 242.02 213.51 201.20 179.23 244.47 210.57 220.67 189.82 168.11 145.95 112.82 79.98 83.29 89.74 83.28 75.26 76.17 98.17 90.46 78.94 81.99 66.98 44.30 39.43 37.63 46.46 35.19 -9999 -9999 -9999 -9999 -9999 -9999 -9999 -9999 -9999 -9999 -9999 -9999 -9999 -9999 -9999 -9999 -9999 -9999 -9999 -9999 -9999 -9999 -9999 -9999 -9999 -9999 -9999
-9999 -9999 -9999 -9999 -9999 -9999 -9999 -9999 160.77 173.56 159.85 172.36 189.78 186.45 218.84 248.93 239.93 227.79 201.48 160.16 168.92 217.98 240.18 216.23 204.42 178.61 220.66 256.87 231.84 219.44 183.18 181.20 140.91 121.76 114.80 105.43 93.32 123.23 114.87 112.81 96.19 62.50 58.73 59.20 44.68 48.91 49.66 39.55 37.55 -9999 -9999 -9999 -9999 -9999 -9999 -9999 -9999 -9999 -9999 -9999 -9999 -9999 -9999 -9999 -9999 -9999 -9999 -9999 -9999 -9999 -9999 -9999 -9999 -9999 -9999 -9999
-9999 -9999 -9999 -9999 -9999 -9999 -9999 -9999 162.77 153.57 187.58 188.56 221.11 197.90 235.13 241.41 307.09 259.27 211.54 176.51 186.52 177.29 246.60 244.85 191.48 180.81 204.55 259.03 251.47 220.15 213.21 185.33 189.24 196.73 162.85 153.13 142.71 150.53 100.63 90.52 94.01 73.27 70.25 56.94 35.92 35.87 38.68 35.66 31.04 35.36 -9999 -9999 -9999 -9999 -9999 -9999 -9999 -9999 -9999 -9999 -9999 -9999 -9999 -9999 -9999 -9999 -9999 -9999 -9999 -9999 -9999 -9999 -9999 -9999 -9999 -9999
-9999 -9999 -9999 -9999 -9999 -9999 -9999 138.81 189.84 204.07 209.63 242.81 228.95 205.72 213.01 254.98 265.05 255.95 229.86 197.18 156.61 128.88 147.34 193.26 196.69 167.37 172.12 202.45 208.31 199.15 203.20 228.03 194.57 195.21 184.65 150.42 189.17 149.71 129.22 111.09 82.19 82.24 72.32 62.60 54.12 39.05 35.94 32.77 29.44 28.82 -9999 -9999 -9999 -9999 -9999 -9999 -9999 -9999 -9999 -9999 -9999 -9999 -9999 -9999 -9999 -9999 -9999 -9999 -9999 -9999 -9999 -9999 -9999 -9999 -9999 -9999
-9999 -9999 -9999 -9999 -9999 -9999 -9999 177.64 200.55 219.00 266.30 265.70 242.88 228.99 279.31 226.29 227.64 231.00 219.85 222.35 152.51 137.23 151.12 173.21 202.78 146.73 156.31 173.47 181.59 180.70 220.58 179.96 214.23 222.26 174.99 198.24 167.47 147.69 120.27 88.24 81.69 75.47 59.04 56.03 51.75 41.93 39.67 31.87 35.89 29.66 -9999 -9999 -9999 -9999 -9999 -9999 -9999 -9999 -9999 -9999 -9999 -9999 -9999 -9999 -9999 -9999 -9999 -9999 -9999 -9999 -9999 -9999 -9999 -9999 -9999 -9999
