Rainfall_2007-2011/Rainfall_2007-04_ACTUAL.txt
ncols         180
nrows         290
xllcorner     -200000
yllcorner     -200000
cellsize      5000
NODATA_value  -9999
[rows 170 to 203 of 290, columns 77 to 153 of 180]
-9999 -9999 -9999 -9999 -9999 -9999 -9999 -9999 -9999 -9999 -9999 -9999 -9999 -9999 -9999 -9999 -9999 -9999 -9999 -9999 -9999 -9999 -9999 -9999 -9999 -9999 -9999 -9999 -9999 20.47 26.33 25.39 28.37 31.47 27.03 24.21 23.16 22.09 22.07 15.97 15.75 16.15 18.81 22.96 22.08 19.12 13.69 8.04 4.28 4.87 3.89 2.97 1.67 1.62 2.85 4.47 5.62 7.38 8.31 5.25 7.60 7.64 7.70 6.74 6.26 6.15 5.16 4.52 3.52 1.38 1.00 0.69 -9999 -9999 -9999 -9999 -9999
-9999 -9999 -9999 -9999 -9999 -9999 -9999 -9999 -9999 24.68 24.57 23.43 23.11 -9999 -9999 -9999 -9999 -9999 -9999 -9999 -9999 -9999 -9999 -9999 -9999 -9999 -9999 -9999 17.47 16.43 22.58 27.64 28.20 27.73 26.69 24.62 21.28 20.43 20.53 16.77 15.46 16.31 16.30 19.25 16.57 16.51 11.77 9.57 5.61 5.37 4.92 3.48 2.93 1.86 2.01 4.64 5.51 5.82 8.62 8.27 7.76 7.65 7.57 6.69 5.99 6.51 5.40 5.41 4.32 2.48 1.69 1.24 1.48 -9999 -9999 -9999 -9999
-9999 -9999 -9999 -9999 -9999 -9999 -9999 -9999 -9999 25.72 26.18 22.68 24.75 -9999 -9999 -9999 -9999 -9999 -9999 -9999 -9999 -9999 -9999 -9999 -9999 -9999 -9999 12.56 16.35 17.99 22.92 30.77 27.41 29.28 27.48 27.31 21.53 18.88 19.60 16.42 14.68 13.76 13.52 12.66 11.28 16.68 14.15 11.00 7.07 6.40 4.90 2.28 6.78 3.28 2.78 3.46 5.33 5.20 6.46 8.01 9.03 8.95 8.36 7.12 6.26 5.56 4.51 4.38 4.27 3.79 2.37 1.92 2.06 -9999 -9999 -9999 -9999
-9999 -9999 -9999 -9999 -9999 -9999 -9999 14.69 18.42 23.39 26.83 24.75 27.56 28.56 18.47 18.26 -9999 -9999 3.96 4.17 -9999 -9999 -9999 4.20 5.27 7.71 -9999 8.98 12.51 15.91 20.05 25.25 25.37 31.72 31.52 27.65 27.50 22.98 19.92 16.47 15.86 15.02 14.41 13.16 12.85 13.37 9.52 8.86 6.86 6.00 5.82 3.13 5.22 4.79 3.37 2.68 3.92 5.66 7.40 8.92 9.22 9.60 9.81 7.86 6.14 5.36 5.17 5.21 4.72 4.41 3.02 2.45 1.98 2.12 -9999 -9999 -9999
-9999 -9999 -9999 -9999 -9999 -9999 -9999 -9999 15.14 15.02 24.52 28.62 29.29 24.38 21.16 18.27 -9999 9.20 4.59 4.56 2.94 2.49 2.34 3.22 5.49 7.07 7.25 -9999 9.05 10.66 18.57 25.98 23.76 23.49 21.39 17.78 22.54 20.60 18.72 15.94 17.88 16.73 20.03 18.35 15.08 13.25 9.97 11.58 9.55 7.04 5.59 4.71 3.69 2.79 3.58 3.56 4.22 6.20 8.55 9.74 9.21 9.67 10.49 7.76 5.90 5.88 6.68 7.55 5.33 5.50 4.14 2.90 2.29 2.09 -9999 -9999 -9999
-9999 -9999 -9999 -9999 -9999 -9999 -9999 -9999 -9999 15.37 23.95 29.49 27.64 20.95 21.12 21.25 19.03 26.20 11.74 9.76 8.09 6.74 3.73 3.54 4.33 6.98 7.03 6.64 8.52 11.66 16.83 22.76 20.86 19.57 20.34 14.73 17.52 20.00 17.13 17.06 17.18 14.31 22.06 23.89 17.10 14.52 11.85 10.32 9.05 5.87 5.10 5.24 4.13 3.46 3.23 3.38 4.76 6.99 7.13 6.85 7.86 8.27 7.89 6.71 6.00 6.04 7.02 7.45 6.04 5.30 4.67 2.92 2.77 1.90 1.45 -9999 -9999
-9999 -9999 -9999 -9999 -9999 -9999 -9999 -9999 -9999 -9999 24.73 22.80 26.49 22.57 29.40 35.15 47.69 35.81 19.67 15.09 11.55 9.60 7.11 5.35 4.64 8.37 6.08 6.72 7.98 11.60 13.85 20.76 18.81 19.68 22.83 19.12 19.25 16.59 16.11 16.39 15.48 17.10 19.60 23.55 20.60 18.16 16.30 9.73 8.45 8.30 4.42 5.54 6.14 7.12 3.96 3.61 5.51 7.84 7.01 6.36 6.80 6.58 7.27 6.53 5.82 5.61 5.96 5.78 5.49 5.27 4.55 3.87 3.59 2.87 2.51 -9999 -9999
-9999 -9999 -9999 -9999 -9999 -9999 -9999 -9999 -9999 -9999 -9999 25.37 24.97 35.38 42.17 63.87 71.58 53.68 23.82 19.97 14.61 12.11 7.61 8.08 5.91 5.94 8.64 7.51 9.53 12.54 12.61 17.18 16.67 16.92 13.98 16.27 15.51 15.35 15.26 14.47 14.50 15.98 19.73 20.86 17.98 14.83 16.53 13.46 10.57 11.46 7.85 7.07 6.72 4.45 3.78 4.23 5.87 8.79 7.93 6.08 6.18 5.29 6.34 5.75 4.84 5.11 5.12 5.68 5.01 4.76 3.89 4.77 4.28 3.92 2.70 -9999 -9999
-9999 -9999 -9999 -9999 -9999 -9999 -9999 -9999 -9999 -9999 -9999 27.75 27.23 36.99 51.07 110.70 109.94 58.60 27.45 18.84 22.16 17.74 14.08 10.53 8.25 6.29 7.09 8.96 7.18 12.07 12.12 15.55 14.68 16.03 16.37 15.71 14.15 14.28 13.87 14.16 15.26 17.70 17.64 19.18 19.12 20.21 19.05 19.25 15.82 11.10 8.14 7.67 6.77 6.09 4.57 4.05 5.63 6.95 6.40 5.82 4.52 3.57 4.42 4.80 4.83 4.80 4.44 4.02 3.81 3.84 4.36 4.29 4.66 5.18 -9999 -9999 -9999
-9999 -9999 -9999 -9999 -9999 -9999 -9999 -9999 -9999 -9999 -9999 41.37 55.26 65.61 99.57 157.59 138.30 64.31 49.02 32.71 27.80 19.86 12.80 12.56 7.84 7.45 9.86 7.06 7.69 9.27 11.90 14.20 14.60 15.35 14.92 16.60 15.19 13.92 13.46 15.65 15.96 17.37 16.66 19.61 20.46 21.61 19.47 16.71 16.59 12.50 8.91 7.86 7.70 7.69 6.59 6.16 6.22 6.20 6.42 3.56 3.95 3.06 6.03 5.79 4.88 4.52 4.28 3.86 4.07 3.38 4.26 4.09 4.05 -9999 -9999 -9999 -9999
-9999 -9999 -9999 -9999 -9999 -9999 -9999 -9999 -9999 -9999 34.86 73.43 62.43 90.97 101.82 89.03 132.36 86.75 65.38 54.42 35.92 22.81 15.01 11.05 9.14 10.38 12.42 8.72 5.88 9.71 10.85 10.83 14.21 14.49 14.02 14.36 13.30 12.92 14.04 14.16 12.76 15.87 19.90 18.98 19.01 21.16 19.99 16.96 14.44 11.55 8.66 7.63 7.84 8.60 7.00 6.53 5.53 6.17 5.31 4.34 4.43 4.54 6.53 5.98 4.86 4.59 4.09 3.83 3.90 4.73 3.98 3.50 -9999 -9999 -9999 -9999 -9999
-9999 -9999 -9999 -9999 -9999 -9999 -9999 -9999 22.21 25.28 32.11 42.54 47.25 65.07 85.73 63.19 94.35 62.47 58.92 45.93 29.06 22.80 21.22 13.33 13.57 13.37 10.28 8.49 6.64 9.20 9.11 10.39 14.59 15.04 13.70 13.00 11.17 12.40 13.35 13.60 9.80 12.44 14.28 17.09 14.84 14.57 17.73 13.81 12.43 11.64 8.99 7.83 6.86 7.83 7.32 6.54 6.71 6.13 4.64 5.21 4.87 4.52 4.38 5.21 4.75 4.56 3.85 3.43 3.80 4.40 3.38 -9999 -9999 -9999 -9999 -9999 0.51
-9999 -9999 -9999 -9999 -9999 -9999 -9999 25.42 22.07 26.06 28.26 32.13 28.08 37.05 35.44 42.06 52.07 54.80 46.64 40.14 25.07 18.82 18.01 11.66 16.13 16.45 14.15 10.59 9.40 9.73 9.45 10.92 13.39 12.75 12.87 13.14 12.66 12.73 13.10 11.17 9.14 11.72 12.78 11.38 12.54 12.25 12.52 11.62 11.83 10.49 8.56 8.08 6.85 7.07 6.98 6.10 6.64 6.84 5.76 5.51 5.52 4.43 3.63 5.62 4.61 4.48 3.54 3.08 3.28 3.40 2.91 -9999 -9999 -9999 -9999 -9999 1.95
-9999 -9999 -9999 -9999 -9999 -9999 22.28 31.42 32.77 27.81 -9999 -9999 -9999 -9999 26.02 37.82 50.40 47.65 48.09 43.36 40.92 27.64 21.17 11.56 20.60 18.24 13.98 10.55 12.31 10.02 12.07 12.61 12.95 13.06 12.77 12.92 13.69 12.32 11.60 10.00 8.59 10.33 11.64 10.71 12.52 11.18 11.01 11.11 10.51 8.89 7.46 7.12 7.43 8.37 9.85 8.16 7.44 7.26 6.58 5.90 6.04 5.10 4.59 5.88 6.02 4.12 3.13 2.59 1.85 2.47 2.64 2.85 -9999 -9999 -9999 -9999 1.59
-9999 -9999 -9999 -9999 -9999 -9999 20.06 29.83 25.93 20.63 -9999 -9999 -9999 -9999 34.04 36.77 51.39 54.99 53.09 60.33 53.75 34.82 27.06 19.55 20.12 14.26 14.75 11.81 11.08 9.74 11.59 12.16 12.68 13.42 14.59 13.17 12.73 12.55 11.53 10.49 9.00 9.96 11.07 11.54 11.81 11.50 12.28 11.49 10.02 8.62 8.86 8.29 7.12 7.26 11.33 8.60 7.87 6.99 5.71 4.82 7.18 5.17 3.85 3.76 3.64 3.17 2.56 2.32 1.44 2.06 2.09 2.21 1.99 -9999 -9999 1.25 1.43
-9999 -9999 -9999 -9999 -9999 -9999 -9999 -9999 -9999 -9999 -9999 -9999 -9999 -9999 24.81 32.93 35.47 31.29 46.38 46.18 49.10 35.48 23.25 18.60 16.26 13.53 14.71 12.14 9.23 8.06 11.06 9.65 12.17 13.46 13.24 14.14 10.61 10.62 9.81 9.24 9.62 10.50 10.80 11.00 10.64 10.98 11.48 11.67 13.35 10.70 9.65 8.53 7.69 6.71 7.75 8.37 7.16 6.64 4.95 4.23 5.17 3.86 3.32 3.25 2.80 3.27 3.38 1.88 2.40 2.28 1.24 1.35 1.31 1.02 0.89 0.90 1.03
-9999 -9999 -9999 -9999 -9999 -9999 -9999 -9999 -9999 -9999 -9999 -9999 -9999 -9999 -9999 25.72 22.31 22.43 35.32 45.46 37.76 36.31 23.95 16.22 12.99 9.90 7.81 9.74 7.70 8.73 9.47 13.19 11.80 11.74 11.83 9.54 10.42 10.83 10.70 10.72 11.30 12.01 12.24 12.03 10.06 9.45 9.70 9.23 10.47 9.94 9.56 8.23 8.64 8.66 8.52 7.94 5.63 5.76 5.43 6.26 5.62 4.29 2.46 2.64 2.75 3.56 3.31 2.25 2.22 1.29 0.78 0.93 1.07 0.83 0.72 0.66 0.81
-9999 -9999 -9999 -9999 -9999 -9999 -9999 -9999 -9999 -9999 -9999 -9999 -9999 -9999 -9999 22.01 32.54 48.24 46.99 41.94 32.95 27.44 19.30 16.06 12.93 9.40 10.60 12.53 7.82 10.32 9.41 12.54 11.05 10.61 10.95 10.31 12.80 12.40 12.84 10.93 11.15 11.49 12.26 12.17 10.17 9.46 8.07 8.28 8.68 9.17 8.87 8.17 10.21 8.97 9.03 9.18 6.66 6.22 6.23 6.63 5.62 4.73 3.25 2.86 2.53 2.68 2.55 2.02 1.50 1.06 0.77 0.83 0.77 0.61 0.65 0.65 0.81
-9999 -9999 -9999 -9999 -9999 -9999 -9999 -9999 -9999 -9999 -9999 -9999 -9999 -9999 22.67 24.62 36.15 50.48 47.70 36.44 25.76 21.58 20.48 15.39 9.83 7.91 10.36 8.00 12.18 9.90 9.32 10.51 12.28 12.30 9.81 11.96 11.44 12.09 10.50 11.00 12.35 12.01 11.93 12.72 10.61 8.79 8.01 7.80 7.85 6.87 7.38 7.62 9.23 6.80 8.69 9.09 7.81 5.97 6.18 6.42 5.52 4.87 3.66 3.00 2.22 1.68 1.90 1.55 0.86 0.48 0.74 0.83 0.81 0.51 0.79 1.06 0.82
-9999 -9999 -9999 -9999 -9999 -9999 -9999 -9999 -9999 -9999 -9999 -9999 -9999 -9999 15.71 19.23 36.06 39.44 34.10 23.95 21.61 22.42 18.59 10.33 7.93 6.21 8.45 8.78 9.38 9.92 11.94 12.61 9.42 9.12 7.21 9.18 9.27 9.28 10.82 13.35 14.46 13.38 12.90 13.11 11.32 7.99 7.74 7.42 6.74 6.21 6.22 6.03 8.17 8.14 8.24 5.93 6.65 6.66 6.04 5.93 5.92 5.33 3.83 2.93 2.00 1.60 1.75 1.47 0.74 0.02 0.58 0.86 0.99 0.87 1.02 0.96 0.61
-9999 -9999 -9999 -9999 -9999 -9999 -9999 -9999 -9999 -9999 -9999 -9999 -9999 -9999 9.51 11.85 20.12 26.69 26.09 24.77 22.42 20.75 13.99 10.59 5.82 6.21 7.44 8.50 8.65 11.26 11.95 14.50 11.34 11.49 9.58 9.48 9.07 8.67 11.66 12.80 13.76 13.35 11.51 11.35 11.11 8.58 7.96 7.14 6.27 4.52 6.13 6.29 6.47 9.38 8.03 6.00 5.27 5.47 5.26 5.01 4.63 4.36 3.49 2.87 1.96 1.62 1.90 1.73 1.01 0.74 0.62 0.81 0.64 0.85 0.92 0.82 0.51
-9999 -9999 -9999 -9999 -9999 -9999 -9999 -9999 -9999 -9999 -9999 -9999 -9999 -9999 -9999 7.41 18.93 26.97 29.84 29.23 20.93 17.13 9.85 6.49 6.21 6.67 5.25 4.48 9.07 10.21 11.01 18.46 13.94 10.48 9.64 10.77 10.91 8.57 11.12 13.70 12.76 13.04 11.41 10.37 9.41 8.10 6.97 5.38 6.41 6.06 5.91 5.23 5.71 7.71 6.99 5.21 4.43 4.23 3.94 4.61 4.18 3.55 2.80 2.02 1.52 1.28 1.43 1.27 0.85 0.55 0.45 0.74 0.76 1.00 0.82 0.68 0.43
-9999 -9999 -9999 -9999 -9999 -9999 -9999 -9999 -9999 -9999 -9999 -9999 -9999 -9999 -9999 12.48 20.20 24.06 32.17 35.48 25.91 17.77 9.33 6.00 7.01 7.99 7.27 6.24 9.44 9.42 11.44 16.87 19.05 14.33 13.75 10.46 10.07 8.44 9.07 14.25 11.57 12.20 12.43 11.57 8.72 7.69 6.18 6.91 6.07 5.98 5.87 5.73 6.18 6.03 5.50 4.62 3.75 3.79 3.91 4.00 3.87 3.28 2.23 1.43 1.37 1.03 0.96 0.39 0.50 0.46 0.47 0.58 1.26 1.16 0.80 0.74 0.55
-9999 -9999 -9999 -9999 -9999 -9999 -9999 -9999 -9999 -9999 -9999 -9999 -9999 -9999 10.37 10.13 17.40 28.62 33.02 25.66 24.01 12.28 9.58 10.35 9.53 9.39 9.32 7.81 9.07 9.56 12.53 13.51 15.07 14.00 11.78 10.46 9.82 8.94 10.37 10.89 11.88 12.75 12.67 12.25 10.85 8.79 8.39 5.97 5.75 5.16 5.47 6.16 6.47 5.15 4.40 3.80 3.66 2.68 2.98 3.28 2.99 2.73 2.04 1.28 1.39 1.18 0.88 0.39 0.49 0.44 0.53 0.49 1.06 1.18 1.00 0.85 0.68
-9999 -9999 -9999 -9999 -9999 -9999 -9999 -9999 -9999 -9999 -9999 -9999 -9999 -9999 12.42 13.47 15.01 17.47 20.80 24.78 19.33 13.26 6.78 7.64 10.00 9.65 10.65 9.45 11.49 10.46 10.09 13.33 11.04 11.33 9.34 13.95 7.96 9.50 10.22 9.70 10.14 10.49 12.03 12.63 11.88 9.72 8.50 6.20 5.08 4.85 4.90 6.16 5.80 5.12 3.76 3.24 3.47 2.91 2.85 2.76 2.50 2.49 2.00 1.74 1.49 1.14 0.84 0.49 0.35 0.47 0.58 0.75 0.97 1.21 0.95 0.91 0.78
-9999 -9999 -9999 -9999 -9999 -9999 -9999 -9999 -9999 -9999 -9999 -9999 -9999 -9999 12.60 13.16 11.27 14.90 18.64 20.33 15.92 11.83 7.53 7.70 8.51 8.85 10.51 10.39 13.43 11.02 9.21 9.55 13.31 10.77 10.20 10.88 9.46 9.14 9.13 9.00 8.79 9.75 8.99 9.99 12.14 9.42 7.85 7.02 5.66 4.60 4.77 6.72 6.86 4.42 2.95 1.89 2.50 2.25 1.89 2.10 1.85 2.20 2.15 2.13 1.73 0.83 0.43 0.24 0.35 0.27 0.63 0.85 0.87 0.69 0.74 0.90 0.80
-9999 -9999 -9999 -9999 -9999 -9999 -9999 -9999 -9999 -9999 -9999 -9999 -9999 11.80 12.65 15.34 15.24 9.46 14.41 15.07 11.56 8.96 4.48 6.14 7.53 8.25 10.88 9.63 12.74 13.35 11.82 12.78 12.35 10.09 9.05 9.39 9.84 8.62 9.07 9.46 7.94 7.65 6.16 9.10 9.01 8.07 6.98 6.84 5.92 5.22 5.03 5.30 4.74 3.45 3.37 2.49 2.48 1.82 1.46 1.92 2.09 2.14 2.38 2.53 2.35 0.90 0.14 0.24 0.35 0.29 0.65 1.00 1.14 0.82 0.73 0.84 1.04
-9999 -9999 -9999 -9999 -9999 -9999 -9999 -9999 -9999 -9999 -9999 -9999 12.23 11.85 11.51 12.59 14.71 13.98 16.23 16.78 11.21 11.00 8.48 9.91 9.07 8.12 11.82 12.85 24.56 13.20 11.31 12.40 10.86 10.32 10.98 10.71 10.97 10.16 10.17 8.60 7.88 7.79 7.89 9.05 9.30 8.36 7.05 6.71 5.18 5.75 5.07 4.90 4.15 3.29 3.57 2.77 2.54 1.90 1.60 2.30 2.32 2.50 2.36 2.81 2.82 1.50 0.48 0.09 0.38 0.56 0.71 1.05 1.05 1.09 0.99 0.97 1.16
-9999 -9999 -9999 -9999 -9999 -9999 -9999 -9999 -9999 -9999 9.41 8.86 10.98 10.55 9.77 11.99 12.98 14.64 14.79 25.58 19.55 13.44 11.92 9.12 9.28 7.70 11.17 11.83 14.10 7.99 9.18 10.50 9.26 9.26 10.86 9.67 9.61 9.82 9.44 8.91 7.79 7.70 8.00 8.59 8.10 7.26 6.62 6.21 6.54 5.83 5.39 5.08 4.28 4.05 3.57 2.60 2.25 2.09 2.54 2.57 2.14 2.83 2.10 2.93 3.92 2.14 0.87 0.57 0.69 0.81 0.73 1.54 1.09 1.60 1.37 1.06 1.05
-9999 -9999 -9999 -9999 -9999 -9999 13.12 8.72 11.05 14.79 14.65 14.34 13.23 11.41 11.16 9.80 16.08 18.03 21.09 23.65 20.55 14.96 10.43 7.04 8.07 8.53 15.95 16.37 11.70 8.28 8.79 9.74 11.82 10.53 11.19 10.05 9.08 10.83 10.04 8.64 8.20 7.55 7.64 8.27 6.86 6.23 5.63 5.31 5.93 5.27 4.84 4.98 3.66 3.75 3.18 2.32 2.39 2.18 2.00 2.16 2.73 2.47 2.47 2.07 2.39 1.68 1.19 0.98 0.96 0.95 0.94 1.39 1.28 1.52 1.32 1.05 0.70
-9999 -9999 -9999 -9999 -9999 21.56 17.66 14.98 14.33 11.98 14.29 16.59 15.48 12.71 8.69 9.88 16.82 28.35 29.60 28.27 23.71 18.81 13.68 9.88 7.68 12.53 12.38 12.83 9.00 8.38 8.78 10.58 9.93 9.86 9.40 8.85 10.34 10.17 12.53 8.47 7.67 7.50 7.30 7.70 6.55 5.42 4.88 4.18 4.31 3.73 4.32 3.50 2.83 2.24 0.99 2.00 2.23 2.01 1.35 1.21 2.55 2.39 2.44 1.71 1.21 1.18 1.06 0.95 0.79 0.68 1.06 0.87 1.26 1.21 1.40 1.06 0.56
-9999 -9999 -9999 -9999 19.70 21.34 21.45 19.19 16.60 15.28 17.34 23.10 23.73 20.19 19.09 15.16 20.37 32.59 28.71 27.23 20.64 20.98 11.97 9.34 9.73 10.93 10.69 8.52 12.21 11.76 9.35 9.49 8.67 8.09 8.27 8.27 9.45 10.54 10.13 8.51 7.43 6.75 6.96 5.95 5.80 4.52 4.52 3.54 3.00 1.74 2.70 2.90 2.46 1.89 1.20 2.02 2.18 1.98 1.60 1.44 1.77 1.99 2.00 1.51 1.12 0.69 0.59 0.97 0.79 0.77 1.49 1.00 1.89 1.29 1.20 0.98 0.62
28.85 35.46 37.73 49.42 33.09 31.22 34.92 32.85 25.69 25.14 24.11 32.19 36.36 36.91 29.97 25.16 26.53 31.84 31.64 21.96 18.48 13.66 10.83 10.14 11.05 11.89 10.36 11.44 14.09 11.46 12.62 8.59 8.68 6.77 5.66 9.15 8.78 10.10 12.74 7.54 5.78 5.63 6.95 5.55 5.29 5.58 3.93 3.42 2.41 1.20 2.26 2.70 3.74 4.03 2.33 2.03 1.67 1.74 1.58 1.85 1.53 0.71 1.91 1.37 0.13 0.36 0.53 0.80 0.87 1.26 1.72 1.83 1.97 1.47 0.74 0.51 1.36
37.61 40.36 49.33 58.71 61.79 57.44 47.19 43.44 38.14 34.62 31.62 38.31 42.42 42.57 38.55 34.79 26.55 26.86 27.99 15.04 9.23 10.26 9.75 9.36 9.46 12.14 13.71 24.59 15.38 12.86 10.06 9.13 6.67 7.18 5.72 6.63 8.04 12.83 10.10 6.56 4.97 4.82 5.14 4.58 5.27 5.33 4.28 3.37 2.69 3.01 2.60 2.64 3.32 2.99 2.31 1.94 1.65 1.77 2.28 2.84 2.16 1.89 2.37 1.61 1.11 1.24 1.38 0.56 1.19 2.32 2.72 1.65 2.27 1.61 1.52 1.90 1.71
