Rainfall_2007-2011/Rainfall_2008-09_ACTUAL.txt
ncols         180
nrows         290
xllcorner     -200000
yllcorner     -200000
cellsize      5000
NODATA_value  -9999
[rows 102 to 135 of 290, columns 75 to 149 of 180]
-9999 78.72 -9999 122.31 119.09 137.69 139.77 186.23 167.00 167.25 152.42 175.87 157.05 124.84 99.95 119.44 132.69 102.25 83.01 100.50 122.12 126.16 93.66 102.78 101.62 92.84 78.04 70.97 63.92 58.33 72.74 58.93 58.48 55.47 56.85 54.38 35.57 34.44 -9999 -9999 -9999 -9999 -9999 -9999 -9999 -9999 -9999 -9999 -9999 -9999 -9999 -9999 -9999 -9999 -9999 -9999 -9999 -9999 -9999 -9999 -9999 -9999 -9999 -9999 -9999 -9999 -9999 -9999 -9999 -9999 -9999 -9999 -9999 -9999 -9999
-9999 -9999 110.57 114.56 95.27 73.97 214.03 211.20 136.52 155.35 190.38 162.27 159.82 163.03 144.83 139.68 119.99 130.33 125.85 141.25 126.46 122.98 120.27 112.98 87.26 77.43 72.77 68.43 64.74 70.16 55.96 43.43 52.42 50.25 50.30 45.40 -9999 -9999 -9999 -9999 -9999 -9999 -9999 -9999 -9999 -9999 -9999 -9999 -9999 -9999 -9999 -9999 -9999 -9999 -9999 -9999 -9999 -9999 -9999 -9999 -9999 -9999 -9999 -9999 -9999 -9999 -9999 -9999 -9999 -9999 -9999 -9999 -9999 -9999 -9999
-9999 125.84 136.10 163.65 159.02 128.64 182.20 148.66 103.77 151.61 197.01 167.56 136.15 131.24 132.16 137.42 152.47 102.08 115.95 118.87 112.02 111.81 86.51 81.95 65.74 62.98 64.13 56.73 56.08 52.18 44.04 43.64 45.75 47.97 47.66 -9999 -9999 -9999 -9999 -9999 -9999 -9999 -9999 -9999 -9999 -9999 -9999 -9999 -9999 -9999 -9999 -9999 -9999 -9999 -9999 -9999 -9999 -9999 -9999 -9999 -9999 -9999 -9999 -9999 -9999 -9999 -9999 -9999 -9999 -9999 -9999 -9999 -9999 -9999 -9999
-9999 144.89 180.32 198.22 167.27 133.06 140.63 103.33 102.04 180.24 232.29 208.35 178.74 183.43 172.09 133.06 113.20 111.84 121.33 105.04 85.35 75.33 77.05 70.37 66.74 58.64 51.55 45.55 51.65 43.27 43.21 49.61 43.83 45.02 46.46 -9999 -9999 -9999 -9999 -9999 -9999 -9999 -9999 -9999 -9999 -9999 -9999 -9999 -9999 -9999 -9999 -9999 -9999 -9999 -9999 -9999 -9999 -9999 -9999 -9999 -9999 -9999 -9999 -9999 -9999 -9999 -9999 -9999 -9999 -9999 -9999 -9999 -9999 -9999 -9999
114.94 187.04 196.04 182.12 163.53 159.41 152.64 142.40 157.49 182.49 264.23 222.71 216.11 176.71 189.42 129.99 126.88 161.26 122.70 109.49 109.75 90.20 75.11 69.77 63.25 56.02 48.66 53.44 50.86 47.10 46.89 42.92 37.78 38.94 43.57 39.44 -9999 -9999 -9999 -9999 -9999 -9999 -9999 -9999 -9999 -9999 -9999 -9999 -9999 -9999 -9999 -9999 -9999 -9999 -9999 -9999 -9999 -9999 -9999 -9999 -9999 -9999 -9999 -9999 -9999 -9999 -9999 -9999 -9999 -9999 -9999 -9999 -9999 -9999 -9999
131.42 167.42 185.51 180.32 144.16 144.54 72.19 122.96 132.11 202.34 283.68 186.29 234.38 226.09 170.37 147.35 156.76 134.43 135.75 167.28 120.57 103.44 86.53 69.64 75.25 68.92 73.23 77.96 62.42 49.40 48.48 47.64 48.66 49.42 52.35 46.82 35.54 -9999 -9999 -9999 -9999 -9999 -9999 -9999 -9999 -9999 -9999 -9999 -9999 -9999 -9999 -9999 -9999 -9999 -9999 -9999 -9999 -9999 -9999 -9999 -9999 -9999 -9999 -9999 -9999 -9999 -9999 -9999 -9999 -9999 -9999 -9999 -9999 -9999 -9999
140.06 153.25 168.90 162.24 151.09 111.97 46.56 71.24 165.05 235.24 326.43 180.38 332.34 284.34 173.44 144.65 153.78 136.93 116.48 105.91 93.33 91.67 88.80 100.49 109.50 88.23 85.98 81.46 61.69 70.86 54.83 57.11 55.33 63.47 63.14 56.07 40.35 33.30 -9999 -9999 -9999 -9999 -9999 -9999 -9999 -9999 -9999 -9999 -9999 -9999 -9999 -9999 -9999 -9999 -9999 -9999 -9999 -9999 -9999 -9999 -9999 -9999 -9999 -9999 -9999 -9999 -9999 -9999 -9999 -9999 -9999 -9999 -9999 -9999 -9999
129.69 136.80 130.95 158.50 166.86 116.05 93.22 119.50 191.92 208.91 214.50 238.81 465.82 284.68 143.37 137.05 139.59 119.54 105.02 87.47 82.94 98.60 123.64 124.80 109.44 84.18 79.18 72.29 68.51 75.67 64.36 61.71 57.20 52.71 54.55 51.92 42.44 -9999 -9999 -9999 -9999 -9999 -9999 -9999 -9999 -9999 -9999 -9999 -9999 -9999 -9999 -9999 -9999 -9999 -9999 -9999 -9999 -9999 -9999 -9999 -9999 -9999 -9999 -9999 -9999 -9999 -9999 -9999 -9999 -9999 -9999 -9999 -9999 -9999 -9999
109.70 116.04 127.78 143.22 137.53 138.55 155.93 145.62 183.71 193.55 215.73 232.89 226.81 228.10 150.77 100.23 102.46 93.09 78.50 81.92 77.49 95.69 73.62 77.02 76.21 82.17 84.45 72.77 65.48 65.75 60.01 60.07 54.52 -9999 -9999 -9999 -9999 -9999 -9999 -9999 -9999 -9999 -9999 -9999 -9999 -9999 -9999 -9999 -9999 -9999 -9999 -9999 -9999 -9999 -9999 -9999 -9999 -9999 -9999 -9999 -9999 -9999 -9999 -9999 -9999 -9999 -9999 -9999 -9999 -9999 -9999 -9999 -9999 -9999 -9999
140.29 121.58 129.29 117.88 108.91 159.75 158.81 181.75 190.68 132.92 211.79 202.47 162.28 155.93 150.62 115.60 112.89 109.27 117.80 147.00 134.11 91.18 58.82 51.13 53.25 62.57 77.42 71.57 70.21 71.57 63.38 -9999 -9999 -9999 -9999 -9999 -9999 -9999 -9999 -9999 -9999 -9999 -9999 -9999 -9999 -9999 -9999 -9999 -9999 -9999 -9999 -9999 -9999 -9999 -9999 -9999 -9999 -9999 -9999 -9999 -9999 -9999 -9999 -9999 -9999 -9999 -9999 -9999 -9999 -9999 -9999 -9999 -9999 -9999 -9999
146.09 157.22 128.60 120.08 147.48 141.89 155.18 198.05 193.72 151.35 173.55 175.71 142.51 137.09 111.38 113.20 133.49 112.58 154.74 208.12 184.14 69.59 48.95 27.13 37.01 51.08 61.93 64.88 75.32 73.83 60.91 -9999 -9999 -9999 -9999 -9999 -9999 -9999 -9999 -9999 -9999 -9999 -9999 -9999 -9999 -9999 -9999 -9999 -9999 -9999 -9999 -9999 -9999 -9999 -9999 -9999 -9999 -9999 -9999 -9999 -9999 -9999 -9999 -9999 -9999 -9999 -9999 -9999 -9999 -9999 -9999 -9999 -9999 -9999 -9999
171.86 142.73 -9999 133.14 155.00 144.11 152.37 177.75 174.34 145.00 126.00 137.87 138.45 139.42 129.84 109.87 163.90 169.03 165.44 180.27 119.19 52.65 46.40 42.30 43.76 49.79 58.50 55.82 60.14 -9999 -9999 -9999 -9999 -9999 52.89 53.32 69.32 57.82 -9999 -9999 -9999 -9999 -9999 -9999 -9999 -9999 -9999 -9999 -9999 -9999 -9999 -9999 -9999 -9999 -9999 -9999 -9999 -9999 -9999 -9999 -9999 -9999 -9999 -9999 -9999 -9999 -9999 -9999 -9999 -9999 -9999 -9999 -9999 -9999 -9999
136.19 177.77 -9999 136.34 161.53 152.92 143.10 188.32 152.22 127.40 132.34 142.53 134.84 123.91 143.45 131.14 133.41 145.16 116.42 105.60 86.27 68.47 59.30 54.46 49.81 56.21 66.03 66.60 60.47 64.63 59.18 -9999 -9999 50.16 52.12 68.25 75.18 66.73 51.89 53.62 -9999 -9999 -9999 -9999 -9999 -9999 -9999 -9999 -9999 -9999 -9999 -9999 -9999 -9999 -9999 -9999 -9999 -9999 -9999 -9999 -9999 -9999 -9999 -9999 -9999 -9999 -9999 -9999 -9999 -9999 -9999 -9999 -9999 -9999 -9999
135.46 166.20 132.14 127.71 115.66 149.60 180.09 192.54 172.92 164.20 163.82 150.34 131.79 108.30 106.75 114.63 114.85 107.12 97.07 87.49 76.12 66.22 62.85 61.98 63.76 70.65 63.98 63.42 62.72 60.91 59.90 54.81 55.57 60.16 65.35 74.36 116.27 103.38 104.35 99.05 62.87 -9999 -9999 -9999 -9999 -9999 -9999 -9999 -9999 -9999 -9999 -9999 -9999 -9999 -9999 -9999 -9999 -9999 -9999 -9999 -9999 -9999 -9999 -9999 -9999 -9999 -9999 -9999 -9999 -9999 -9999 -9999 -9999 -9999 -9999
170.86 154.54 153.34 127.10 134.18 161.52 177.63 186.64 -9999 200.18 208.11 172.73 127.42 114.54 93.98 94.05 96.36 89.97 77.46 66.49 66.66 63.97 67.51 61.95 69.48 64.22 72.00 69.95 69.98 73.48 66.31 61.98 66.67 68.01 81.69 93.94 132.80 134.36 152.99 128.82 100.80 92.21 105.34 70.93 -9999 -9999 -9999 -9999 -9999 -9999 -9999 -9999 -9999 -9999 -9999 -9999 -9999 -9999 -9999 -9999 -9999 -9999 -9999 -9999 -9999 -9999 -9999 -9999 -9999 -9999 -9999 -9999 -9999 -9999 -9999
147.56 159.78 192.47 155.36 -9999 152.05 163.35 174.48 -9999 173.51 232.40 190.85 149.30 123.19 107.16 96.34 78.91 70.53 64.38 61.70 64.47 64.60 71.56 77.78 95.30 87.33 79.04 77.33 95.72 100.28 72.75 53.46 79.65 88.26 109.13 142.45 162.12 189.61 200.26 141.78 149.40 148.04 100.74 88.95 -9999 -9999 -9999 -9999 -9999 -9999 -9999 -9999 -9999 -9999 -9999 -9999 -9999 -9999 -9999 -9999 -9999 -9999 -9999 -9999 -9999 -9999 -9999 -9999 -9999 -9999 -9999 -9999 -9999 -9999 -9999
129.62 163.75 176.74 149.68 -9999 -9999 150.57 137.26 139.47 174.48 181.01 166.04 140.93 141.55 126.16 110.38 89.20 83.18 69.35 60.35 69.79 70.58 76.26 84.30 96.57 91.88 92.26 98.00 101.18 89.63 82.32 72.51 78.36 123.44 146.79 136.76 160.53 173.86 170.29 141.92 111.44 111.13 123.27 99.12 87.29 -9999 -9999 -9999 -9999 -9999 -9999 -9999 -9999 -9999 -9999 -9999 -9999 -9999 -9999 -9999 -9999 -9999 -9999 -9999 -9999 -9999 -9999 -9999 -9999 -9999 -9999 -9999 -9999 -9999 -9999
127.19 156.91 -9999 -9999 -9999 -9999 -9999 134.36 133.51 170.45 167.47 151.35 129.04 129.27 131.34 122.93 102.21 89.12 79.26 69.38 70.50 64.79 67.97 77.32 85.56 88.10 94.40 93.53 98.28 108.19 98.62 109.12 118.22 114.93 130.15 118.35 114.49 130.63 134.86 139.81 117.71 104.43 104.23 91.86 75.32 -9999 -9999 -9999 -9999 -9999 -9999 -9999 -9999 -9999 -9999 -9999 -9999 -9999 -9999 -9999 -9999 -9999 -9999 -9999 -9999 -9999 -9999 -9999 -9999 -9999 -9999 -9999 -9999 -9999 -9999
127.86 134.64 141.49 172.15 207.08 -9999 -9999 -9999 139.48 156.70 153.29 138.03 116.84 115.23 128.41 117.26 107.54 97.65 84.55 78.27 62.45 51.06 62.40 65.88 64.19 77.55 77.30 81.64 112.82 126.20 199.72 211.88 148.62 115.17 119.40 131.75 105.41 107.17 117.29 138.43 120.92 116.26 111.70 90.16 94.52 87.24 -9999 -9999 -9999 -9999 -9999 -9999 -9999 -9999 -9999 -9999 -9999 -9999 -9999 -9999 -9999 -9999 -9999 -9999 -9999 -9999 -9999 -9999 -9999 -9999 -9999 -9999 -9999 -9999 -9999
121.28 93.48 82.22 162.69 336.40 284.04 -9999 -9999 -9999 123.78 127.02 124.66 115.61 107.03 110.77 100.80 89.33 97.10 82.89 70.12 53.56 58.21 62.51 61.38 62.61 78.40 75.58 87.27 78.66 106.17 134.90 142.08 132.17 104.25 96.55 102.35 106.68 89.79 91.10 127.64 119.82 123.11 126.89 112.38 100.13 87.28 79.31 -9999 -9999 -9999 -9999 -9999 -9999 -9999 -9999 -9999 -9999 -9999 -9999 -9999 -9999 -9999 -9999 -9999 -9999 -9999 -9999 -9999 -9999 -9999 -9999 -9999 -9999 -9999 -9999
113.15 65.98 40.28 96.28 297.21 170.99 -9999 -9999 -9999 -9999 -9999 121.33 118.45 98.36 103.02 82.21 82.22 91.79 98.60 90.19 73.25 62.39 61.18 64.80 62.37 66.16 60.17 76.41 77.63 75.81 100.52 108.72 89.77 79.91 70.57 100.71 123.71 110.66 109.25 98.54 113.77 123.98 122.01 123.29 139.76 116.42 90.65 98.05 -9999 -9999 -9999 -9999 -9999 -9999 -9999 -9999 -9999 -9999 -9999 -9999 -9999 -9999 -9999 -9999 -9999 -9999 -9999 -9999 -9999 -9999 -9999 -9999 -9999 -9999 -9999
84.08 -9999 53.40 94.83 224.58 191.69 -9999 -9999 -9999 -9999 -9999 105.25 136.90 133.69 112.82 98.85 106.03 101.32 103.51 95.31 86.57 73.58 75.80 73.84 68.58 72.19 84.95 72.86 122.51 86.37 112.68 96.59 118.64 121.26 104.31 113.42 104.18 117.90 113.86 103.53 147.84 212.95 152.80 131.22 115.33 149.07 132.99 118.31 128.31 93.95 -9999 -9999 -9999 -9999 -9999 -9999 -9999 -9999 -9999 -9999 -9999 -9999 -9999 -9999 -9999 -9999 -9999 -9999 -9999 -9999 -9999 -9999 -9999 -9999 -9999
54.94 -9999 -9999 140.83 204.00 196.65 -9999 -9999 -9999 -9999 -9999 121.64 118.56 120.87 98.17 98.34 87.66 91.57 98.12 93.02 98.85 86.83 81.93 85.29 85.72 97.87 93.66 79.21 126.32 128.40 107.68 107.01 89.55 85.15 97.72 92.47 104.37 105.36 118.25 124.37 161.26 162.94 231.26 242.75 160.32 208.97 215.55 158.92 134.85 109.78 -9999 -9999 -9999 -9999 -9999 -9999 -9999 -9999 -9999 -9999 -9999 -9999 -9999 -9999 -9999 -9999 -9999 -9999 -9999 -9999 -9999 -9999 -9999 -9999 -9999
-9999 -9999 -9999 145.67 186.46 194.22 -9999 -9999 -9999 -9999 -9999 99.80 90.51 101.05 93.56 96.05 91.53 98.80 113.94 120.63 104.79 102.14 99.85 87.20 78.47 87.55 78.19 90.52 115.95 120.33 132.35 121.11 105.48 118.36 102.55 114.26 110.88 88.69 111.55 167.93 202.92 195.20 322.46 352.88 244.29 203.96 216.73 184.95 149.05 129.12 -9999 -9999 -9999 -9999 -9999 -9999 -9999 -9999 -9999 -9999 -9999 -9999 -9999 -9999 -9999 -9999 -9999 -9999 -9999 -9999 -9999 -9999 -9999 -9999 -9999
131.31 -9999 -9999 -9999 -9999 -9999 -9999 -9999 -9999 -9999 113.34 106.38 112.00 111.49 102.90 101.77 97.34 98.04 100.55 121.42 114.24 108.73 118.89 110.20 104.97 108.31 111.98 118.40 143.47 140.78 151.61 139.39 137.66 128.44 141.84 120.39 119.27 127.55 118.59 158.17 194.60 251.18 273.70 330.19 236.62 190.00 185.07 166.30 166.00 126.31 -9999 -9999 -9999 -9999 -9999 -9999 -9999 -9999 -9999 -9999 -9999 -9999 -9999 -9999 -9999 -9999 -9999 -9999 -9999 -9999 -9999 -9999 -9999 -9999 -9999
157.05 -9999 -9999 -9999 -9999 -9999 -9999 -9999 -9999 -9999 135.95 113.10 120.13 129.11 130.17 124.87 126.00 117.47 111.27 102.30 108.70 123.49 121.60 129.58 106.82 106.55 97.74 140.21 131.12 142.07 129.66 139.00 141.43 128.41 123.19 143.77 133.65 120.71 131.51 162.07 196.76 208.37 230.18 270.55 242.44 176.62 176.12 170.85 178.64 109.84 -9999 -9999 -9999 -9999 -9999 -9999 -9999 -9999 -9999 -9999 -9999 -9999 -9999 -9999 -9999 -9999 -9999 -9999 -9999 -9999 -9999 -9999 -9999 -9999 -9999
-9999 -9999 -9999 -9999 -9999 -9999 -9999 -9999 -9999 121.72 132.18 118.40 119.17 121.41 122.00 150.34 172.44 160.56 143.31 118.12 92.88 100.03 124.08 127.12 107.64 108.96 94.61 121.62 152.85 137.16 142.71 152.13 187.88 158.47 145.63 151.34 146.01 134.04 177.47 200.99 204.24 197.54 207.41 198.09 204.98 182.23 220.81 210.56 168.26 111.02 -9999 -9999 -9999 -9999 -9999 -9999 -9999 -9999 -9999 -9999 -9999 -9999 -9999 -9999 -9999 -9999 -9999 -9999 -9999 -9999 -9999 -9999 -9999 -9999 -9999
-9999 -9999 -9999 -9999 -9999 -9999 -9999 -9999 -9999 123.45 114.24 129.36 112.94 117.47 126.63 172.79 178.90 215.72 171.22 130.98 104.55 109.12 101.66 141.75 137.57 108.78 99.88 118.26 151.85 131.50 130.47 185.10 236.34 249.09 200.02 172.54 185.46 187.80 223.36 168.11 160.01 171.20 200.27 225.58 200.37 161.87 175.66 164.57 152.10 102.62 121.44 -9999 -9999 -9999 -9999 -9999 -9999 -9999 -9999 -9999 -9999 -9999 -9999 -9999 -9999 -9999 -9999 -9999 -9999 -9999 -9999 -9999 -9999 -9999 -9999
-9999 -9999 -9999 -9999 -9999 -9999 -9999 -9999 109.54 144.53 146.90 140.69 143.93 117.78 138.57 173.15 197.23 192.73 178.50 156.14 123.22 81.40 72.63 87.58 121.74 124.09 106.00 109.01 126.74 125.81 134.38 174.76 266.08 208.33 168.24 169.75 152.68 185.39 154.72 191.24 191.92 140.69 175.86 232.64 222.59 210.49 163.34 153.04 148.12 127.04 120.87 -9999 -9999 -9999 -9999 -9999 -9999 -9999 -9999 -9999 -9999 -9999 -9999 -9999 -9999 -9999 -9999 -9999 -9999 -9999 -9999 -9999 -9999 -9999 -9999
-9999 -9999 -9999 -9999 -9999 -9999 -9999 -9999 147.17 156.06 158.45 183.58 179.63 158.44 160.52 206.56 166.71 170.21 169.67 157.75 155.75 75.90 76.13 102.83 120.79 138.08 101.16 104.58 114.25 116.80 162.45 197.66 148.85 180.07 182.79 150.03 185.69 146.49 151.50 159.02 163.14 167.84 168.87 178.86 195.81 198.91 170.32 174.32 196.62 141.73 128.00 -9999 -9999 -9999 -9999 -9999 -9999 -9999 -9999 -9999 -9999 -9999 -9999 -9999 -9999 -9999 -9999 -9999 -9999 -9999 -9999 -9999 -9999 -9999 -9999
-9999 -9999 -9999 -9999 -9999 -9999 -9999 156.14 162.63 161.76 177.07 184.03 186.37 218.93 210.23 238.08 169.39 155.42 157.38 158.82 170.31 115.68 110.29 130.14 117.37 101.81 92.43 98.73 119.00 125.81 166.90 146.24 114.45 150.59 131.00 132.37 174.32 142.16 132.63 119.22 151.30 178.95 182.40 186.63 198.32 183.39 163.59 156.54 162.74 150.71 117.88 -9999 -9999 -9999 -9999 -9999 -9999 -9999 -9999 -9999 -9999 -9999 -9999 -9999 -9999 -9999 -9999 -9999 -9999 -9999 -9999 -9999 -9999 -9999 -9999
-9999 -9999 -9999 -9999 -9999 -9999 141.42 155.97 180.31 159.10 155.82 150.57 166.70 198.79 207.16 241.45 166.76 147.55 145.67 153.96 139.79 125.86 114.88 111.73 107.30 108.59 90.15 95.24 114.90 121.82 116.78 114.16 114.38 126.27 118.86 131.59 160.01 160.07 155.60 136.58 131.92 157.84 151.75 151.08 171.70 190.61 174.06 161.63 165.49 139.19 117.85 109.41 -9999 -9999 -9999 -9999 -9999 -9999 -9999 -9999 -9999 -9999 -9999 -9999 -9999 -9999 -9999 -9999 -9999 -9999 -9999 -9999 -9999 -9999 -9999
-9999 -9999 -9999 -9999 -9999 -9999 161.44 195.72 177.71 161.34 147.39 137.73 142.14 232.58 251.26 198.34 189.13 152.95 147.55 144.74 131.58 156.04 114.45 105.72 110.74 102.60 106.06 93.28 109.29 97.47 91.09 85.70 97.83 103.16 113.98 117.93 129.42 169.39 149.75 144.98 136.91 136.85 122.53 133.97 133.59 179.09 179.42 153.43 142.62 142.98 119.82 112.76 -9999 -9999 -9999 -9999 -9999 -9999 -9999 -9999 -9999 -9999 -9999 -9999 -9999 -9999 -9999 -9999 -9999 -9999 -9999 -9999 -9999 -9999 -9999
-9999 -9999 -9999 -9999 136.50 148.26 173.07 176.27 173.10 170.16 155.16 141.24 131.09 201.92 188.26 201.76 188.97 165.52 136.79 142.90 137.78 131.59 120.98 111.84 94.81 103.05 100.18 89.71 95.06 93.93 95.81 93.32 96.19 101.38 100.71 113.98 163.01 171.54 168.86 147.95 165.23 145.87 136.76 167.51 148.77 145.03 167.61 151.55 168.84 150.85 134.77 113.57 -9999 -9999 -9999 -9999 -9999 -9999 -9999 -9999 -9999 -9999 -9999 -9999 -9999 -9999 -9999 -9999 -9999 -9999 -9999 -9999 -9999 -9999 -9999
