Rainfall_2007-2011/Rainfall_2011-01_ACTUAL.txt
ncols         180
nrows         290
xllcorner     -200000
yllcorner     -200000
cellsize      5000
NODATA_value  -9999
[rows 204 to 237 of 290, columns 76 to 151 of 180]
101.68 128.50 151.50 160.66 187.76 205.41 196.84 190.53 213.30 183.87 175.67 153.81 147.86 164.27 162.59 142.73 149.22 130.50 138.14 160.44 169.53 195.82 157.85 144.11 104.41 122.40 92.67 116.01 114.26 129.16 92.83 85.48 89.79 79.77 76.79 63.81 61.18 57.37 59.39 55.40 51.31 50.82 47.57 29.91 48.27 60.96 70.58 60.52 52.43 45.50 47.17 55.38 63.21 61.02 60.90 56.68 54.91 57.41 56.07 58.50 61.11 61.01 59.93 55.23 62.25 72.73 80.82 60.97 64.51 74.13 83.29 71.15 79.36 80.48 83.34 74.17
98.78 106.90 142.30 143.19 167.19 174.07 173.24 171.04 156.59 144.31 136.66 141.65 132.40 140.16 145.49 145.86 151.87 171.15 188.08 245.61 301.67 233.55 218.86 191.05 186.17 204.45 147.67 116.39 143.19 118.80 90.93 96.05 98.63 85.62 66.40 59.50 71.68 66.80 64.15 60.19 49.99 49.71 51.07 56.85 66.16 77.27 75.21 64.28 58.19 52.55 53.66 59.21 60.85 59.13 58.16 53.99 60.70 57.93 65.25 64.29 65.46 67.18 60.45 64.21 68.29 68.03 73.29 69.64 72.36 76.90 76.06 81.29 81.24 79.26 80.14 78.97
-9999 121.30 124.70 132.14 152.70 151.43 154.95 162.95 144.72 137.88 129.39 135.81 135.82 146.73 155.05 172.99 160.55 198.45 232.61 255.65 282.15 288.39 257.31 237.29 263.58 198.15 192.11 159.01 114.93 116.69 117.73 77.72 83.36 82.01 80.01 74.79 87.87 78.82 68.93 59.62 55.48 55.41 59.40 81.80 72.91 77.95 68.85 64.72 62.66 55.68 64.81 57.68 52.58 54.94 55.64 52.94 57.20 66.31 64.34 65.86 68.29 73.04 72.68 79.01 82.69 77.44 69.09 71.03 72.32 82.15 78.68 76.21 74.04 75.61 77.35 66.28
112.85 119.11 119.37 129.80 140.23 153.48 160.62 163.57 137.87 132.51 131.26 128.28 132.69 154.29 147.17 164.12 152.49 179.45 197.00 222.01 230.65 241.42 236.55 234.03 205.20 206.67 174.88 145.65 140.89 156.03 114.31 85.29 81.62 89.57 84.91 90.80 89.52 87.26 68.69 59.90 55.18 78.85 74.10 67.30 73.80 64.01 64.25 65.88 65.59 61.27 60.72 58.88 59.10 58.15 59.54 58.98 64.13 65.26 70.06 70.80 67.72 75.50 80.46 90.53 78.63 81.53 74.28 72.16 72.47 73.67 77.37 80.65 75.96 72.49 79.27 81.85
107.04 115.66 114.50 131.36 136.35 143.00 143.27 132.00 110.82 111.82 115.68 118.57 119.88 140.16 171.81 157.54 180.72 188.28 213.23 244.45 237.29 190.99 205.65 202.12 173.57 168.54 179.08 151.78 133.16 147.01 109.82 103.65 78.35 82.47 89.22 84.21 92.26 84.76 69.07 61.08 67.60 68.41 78.54 68.40 66.23 72.21 63.75 64.26 64.52 58.01 54.00 55.82 59.66 68.06 58.31 65.44 67.87 66.48 67.41 73.70 74.12 80.28 90.37 90.77 87.95 85.29 80.33 78.96 72.25 81.41 86.80 73.44 79.36 84.29 77.82 81.27
-9999 110.87 122.13 138.39 137.26 141.46 135.03 -9999 -9999 -9999 -9999 108.67 116.55 144.72 148.64 142.70 157.36 161.49 200.10 204.72 233.89 293.24 311.16 241.64 208.81 172.91 170.83 158.95 147.81 129.86 112.92 100.26 86.29 95.53 84.65 85.94 73.72 66.39 71.19 64.10 82.04 64.89 76.39 74.64 70.70 67.22 62.31 63.65 59.46 57.67 60.03 63.51 60.92 68.56 72.69 74.78 69.13 75.07 77.32 83.67 89.63 91.61 93.08 91.02 82.19 80.46 76.50 75.55 82.86 80.03 88.72 78.84 76.38 78.32 83.61 89.66
-9999 113.27 123.65 131.95 125.67 138.05 109.24 -9999 -9999 -9999 -9999 -9999 -9999 -9999 133.62 132.38 137.08 148.39 161.86 192.91 261.14 291.18 332.59 292.27 236.29 192.67 175.69 128.18 150.46 160.12 117.42 99.28 105.98 103.95 103.53 81.67 75.07 72.69 67.42 72.46 77.62 65.89 73.12 65.24 61.61 57.89 59.67 59.73 56.91 59.17 69.20 62.77 61.77 67.31 70.39 77.68 76.03 82.48 81.40 93.76 88.43 96.16 96.44 87.69 79.30 81.84 77.00 81.60 73.62 83.07 83.16 84.71 86.01 75.47 78.16 78.96
-9999 -9999 -9999 119.24 -9999 -9999 -9999 -9999 -9999 -9999 -9999 -9999 99.53 116.25 132.95 136.81 118.49 125.46 141.61 172.45 229.39 274.30 296.68 264.29 220.09 191.92 189.30 150.40 142.00 124.17 103.43 86.16 91.85 94.50 96.80 83.35 79.09 76.80 61.99 77.36 84.79 74.37 77.50 70.29 62.39 63.58 64.42 71.07 66.77 64.45 65.78 63.63 66.12 70.14 75.96 81.73 77.24 87.66 98.68 96.43 104.53 91.25 86.81 84.54 82.52 62.52 82.01 89.83 88.33 85.48 82.36 83.00 87.65 91.76 78.47 82.18
-9999 -9999 -9999 -9999 -9999 -9999 -9999 -9999 -9999 -9999 -9999 -9999 92.15 104.80 118.99 120.59 125.60 -9999 -9999 139.96 205.99 212.96 239.28 215.87 218.14 209.14 186.06 145.53 126.55 103.21 105.77 88.48 83.96 83.33 81.66 79.66 78.52 77.06 75.23 77.96 83.65 84.22 82.57 75.81 76.26 71.29 67.99 72.61 70.52 64.65 72.67 87.76 86.35 82.39 79.08 81.15 84.33 83.84 81.84 96.33 90.84 82.67 88.58 80.25 78.12 71.41 79.70 83.48 82.96 86.73 79.86 79.78 77.81 80.01 77.17 79.21
-9999 -9999 -9999 -9999 -9999 -9999 -9999 -9999 -9999 -9999 -9999 -9999 -9999 -9999 -9999 -9999 -9999 -9999 -9999 116.34 135.35 171.26 172.90 158.90 179.26 182.61 141.68 123.11 115.20 104.24 100.39 93.28 85.78 -9999 83.96 77.41 86.28 97.93 85.11 99.05 97.09 92.66 85.88 85.31 78.50 80.75 72.45 77.26 92.99 97.80 95.78 92.24 107.68 93.71 86.82 94.54 87.26 93.84 93.31 92.28 84.83 82.18 77.89 78.88 76.32 77.45 80.76 78.28 80.67 88.06 80.82 79.01 75.17 73.29 75.74 75.89
-9999 -9999 -9999 -9999 -9999 -9999 -9999 -9999 -9999 -9999 -9999 -9999 -9999 -9999 -9999 -9999 -9999 -9999 -9999 -9999 118.98 132.94 140.94 145.26 147.28 136.04 130.67 125.36 107.84 -9999 -9999 -9999 -9999 101.21 90.67 91.11 93.57 101.41 95.94 103.37 93.68 91.01 79.57 89.13 95.22 79.62 88.80 91.23 114.25 106.57 100.01 102.46 108.51 104.39 86.75 89.44 81.61 91.36 93.93 84.64 81.57 73.99 77.79 77.75 79.20 77.08 80.15 71.17 74.63 89.08 79.72 76.24 78.07 83.43 74.98 72.05
-9999 -9999 -9999 -9999 -9999 -9999 -9999 -9999 -9999 -9999 -9999 -9999 -9999 -9999 -9999 -9999 -9999 -9999 -9999 -9999 -9999 126.82 133.94 133.86 129.13 121.87 108.11 98.16 -9999 -9999 -9999 -9999 126.16 127.72 118.36 110.43 110.13 87.22 109.10 104.18 99.57 91.53 86.67 96.87 94.14 102.13 111.73 103.61 110.87 108.93 105.19 99.15 89.07 83.95 91.98 78.70 89.14 82.18 85.31 80.30 79.52 79.57 82.40 88.04 87.23 84.51 80.36 74.92 78.86 80.80 82.77 77.36 83.48 76.74 75.86 82.68
-9999 -9999 -9999 -9999 -9999 -9999 -9999 -9999 -9999 -9999 -9999 -9999 -9999 -9999 -9999 -9999 -9999 -9999 -9999 -9999 -9999 -9999 111.72 109.33 129.25 97.25 84.24 78.51 -9999 -9999 -9999 91.50 109.58 108.58 100.93 102.33 109.74 84.65 91.84 84.58 99.76 100.37 89.46 105.33 112.98 116.68 105.66 114.97 107.52 100.91 91.45 96.14 91.48 90.76 83.87 85.40 86.51 81.32 76.08 81.12 79.04 82.18 80.06 86.80 83.86 83.10 81.62 75.16 80.42 78.20 86.71 91.05 88.62 91.59 83.25 93.62
-9999 -9999 -9999 -9999 -9999 -9999 -9999 -9999 -9999 -9999 -9999 -9999 -9999 -9999 -9999 -9999 -9999 -9999 -9999 -9999 -9999 -9999 -9999 -9999 -9999 -9999 -9999 -9999 -9999 -9999 109.68 102.96 100.92 87.15 93.98 109.90 108.66 99.38 91.66 85.14 95.19 98.59 91.26 89.17 94.88 103.83 111.14 117.67 114.29 110.04 102.28 115.85 109.58 100.11 91.09 92.58 86.34 85.06 83.10 81.27 82.12 83.60 77.28 75.11 81.06 83.30 83.03 84.94 83.72 87.31 94.33 105.41 107.83 101.79 85.26 101.38
-9999 -9999 -9999 -9999 -9999 -9999 -9999 -9999 -9999 -9999 -9999 -9999 -9999 -9999 -9999 -9999 -9999 -9999 -9999 -9999 -9999 -9999 -9999 -9999 -9999 -9999 -9999 -9999 -9999 -9999 86.25 100.72 102.01 141.96 128.98 114.16 111.49 106.47 97.76 101.22 88.56 88.46 93.05 101.50 104.50 108.04 109.20 129.46 121.54 129.18 111.86 118.85 124.08 105.19 102.75 95.83 86.81 80.82 75.65 79.75 83.77 83.24 85.35 83.03 83.91 83.63 87.75 94.06 100.35 102.04 95.46 98.03 109.89 108.45 98.47 103.15
-9999 -9999 -9999 -9999 -9999 -9999 -9999 -9999 -9999 -9999 -9999 -9999 -9999 -9999 -9999 -9999 -9999 -9999 -9999 -9999 -9999 -9999 -9999 -9999 -9999 -9999 -9999 -9999 -9999 -9999 72.40 81.73 85.86 120.57 123.60 128.79 124.75 119.33 109.64 105.22 97.45 90.44 113.61 115.06 122.56 116.36 101.44 104.67 104.86 112.57 113.94 114.62 110.65 102.45 95.42 100.32 93.67 85.78 81.68 88.74 92.94 88.14 97.19 88.36 87.77 99.05 113.11 106.01 109.90 113.44 108.14 115.98 97.25 125.91 104.02 102.50
-9999 -9999 -9999 -9999 -9999 -9999 -9999 -9999 -9999 -9999 -9999 -9999 -9999 115.61 138.52 128.15 172.82 185.37 177.85 180.42 172.71 117.96 123.47 80.97 -9999 -9999 -9999 -9999 -9999 -9999 75.17 76.49 83.83 97.76 99.08 115.56 122.60 123.89 113.11 111.90 102.27 104.47 121.42 116.77 105.74 108.14 95.74 93.91 105.87 102.50 97.13 90.03 102.02 90.11 98.77 91.99 107.41 106.40 100.36 101.09 103.22 93.51 98.04 97.10 99.23 110.58 118.14 112.98 109.61 109.57 101.10 110.77 100.59 105.79 100.80 103.09
-9999 -9999 -9999 -9999 -9999 -9999 -9999 -9999 -9999 -9999 -9999 -9999 -9999 128.78 152.65 173.66 158.38 232.08 284.63 211.77 219.86 155.87 116.54 102.91 73.30 58.22 76.03 74.13 74.11 72.30 78.82 76.68 79.89 90.05 92.04 89.31 100.68 113.71 117.18 103.77 123.27 122.87 111.81 112.25 111.89 92.93 98.49 94.24 99.80 102.87 99.96 101.76 93.42 97.36 97.94 100.55 102.05 114.42 110.71 103.12 102.40 96.60 107.95 105.65 105.35 138.15 120.07 120.11 123.72 111.82 114.09 107.62 108.41 116.87 106.20 110.22
-9999 -9999 -9999 -9999 -9999 -9999 -9999 -9999 -9999 -9999 -9999 -9999 82.51 104.31 143.36 147.86 163.29 205.77 245.38 255.45 217.91 185.84 150.88 123.63 85.27 82.85 84.46 100.30 83.02 73.80 67.68 75.41 74.48 78.88 85.01 97.83 101.23 102.67 98.52 124.61 115.03 126.79 121.59 107.55 105.58 108.94 102.35 99.64 95.45 99.66 104.72 97.36 112.16 91.28 86.33 93.55 112.24 116.79 110.44 105.77 105.47 116.55 113.21 134.41 114.19 114.19 121.49 116.80 113.33 118.08 121.98 122.32 121.89 110.27 117.57 130.50
-9999 -9999 -9999 -9999 -9999 -9999 -9999 -9999 -9999 -9999 -9999 -9999 -9999 103.38 114.07 123.76 139.93 166.68 180.63 194.41 185.06 155.70 141.19 147.28 122.96 109.14 97.67 81.91 76.60 79.06 69.42 70.20 69.49 71.76 69.67 83.78 82.11 93.73 98.62 109.90 105.62 119.92 135.66 109.55 101.52 118.63 112.27 106.76 102.60 101.03 97.33 95.33 101.73 91.98 98.32 104.31 112.06 112.24 113.92 112.15 113.09 117.82 112.30 115.56 104.35 104.46 105.43 111.02 124.50 124.71 129.71 136.10 120.70 125.09 128.73 130.54
-9999 -9999 -9999 -9999 -9999 -9999 -9999 -9999 -9999 135.35 -9999 -9999 106.87 103.85 113.14 109.99 127.87 122.18 133.27 142.67 153.04 155.26 156.57 134.64 127.11 118.20 94.08 85.74 74.49 78.47 66.37 67.11 82.53 78.56 75.41 78.53 76.45 91.12 88.16 107.93 101.09 102.35 104.88 115.25 122.03 120.60 109.27 104.83 101.02 102.51 101.38 106.27 95.17 97.16 110.31 103.12 112.26 116.65 133.19 113.45 117.96 119.20 108.15 107.46 110.70 105.35 117.30 119.48 116.33 113.97 122.48 129.92 131.49 118.54 126.57 132.41
-9999 -9999 -9999 -9999 -9999 -9999 -9999 -9999 140.02 166.21 165.20 158.01 129.95 137.01 130.75 111.99 99.88 112.31 115.17 130.60 134.35 142.52 123.89 116.54 107.99 100.88 98.15 89.59 78.26 83.39 78.29 71.65 75.11 81.62 79.41 79.30 84.20 84.49 88.05 91.55 104.29 101.78 102.22 115.77 129.20 120.36 113.47 110.77 110.52 108.55 109.92 99.16 96.59 88.04 106.02 108.96 109.59 114.37 113.33 112.87 114.32 119.03 121.56 115.46 111.36 111.86 110.57 116.84 112.18 107.87 111.13 124.06 119.73 125.91 117.41 123.08
-9999 -9999 -9999 -9999 -9999 -9999 -9999 -9999 140.89 161.09 158.07 158.09 138.56 141.15 123.30 109.73 119.90 116.52 113.08 121.70 116.73 131.49 116.77 109.01 109.39 102.25 104.41 113.84 98.22 90.67 88.03 79.91 86.16 85.50 87.07 81.92 82.66 75.26 91.05 91.53 91.67 102.62 123.59 108.41 115.06 118.38 106.85 104.20 114.38 109.90 102.91 101.34 95.00 98.35 101.35 104.78 106.35 118.85 119.84 112.81 142.88 130.10 134.23 124.56 122.86 118.51 117.02 115.22 113.45 119.37 127.99 121.48 126.53 118.96 125.86 123.02
-9999 -9999 -9999 -9999 -9999 -9999 -9999 -9999 129.74 137.30 143.14 158.76 141.40 135.30 129.46 122.48 123.44 118.67 117.23 114.95 101.79 115.49 100.16 100.40 104.89 98.29 120.66 112.44 104.99 114.82 87.75 87.04 98.55 89.23 82.36 76.62 76.97 80.52 92.56 92.84 102.42 118.90 112.84 115.77 117.63 110.95 111.02 106.93 108.45 111.90 107.05 89.54 92.47 94.08 98.71 103.62 101.93 112.67 116.18 120.88 135.30 138.29 132.36 150.53 119.02 149.70 140.36 122.15 119.43 135.39 126.50 141.25 123.45 118.79 105.72 97.48
-9999 -9999 -9999 -9999 -9999 -9999 -9999 -9999 117.98 132.36 125.48 126.02 128.77 132.66 123.66 110.16 115.07 109.90 127.23 93.40 104.21 99.85 93.37 103.80 97.89 92.91 109.36 111.76 114.78 118.01 110.69 104.58 101.80 97.65 92.98 88.56 80.94 83.42 100.48 104.02 120.21 126.10 116.69 109.69 112.31 102.20 105.69 111.50 106.10 105.19 101.07 99.77 98.08 97.24 99.06 100.06 115.65 103.34 91.85 108.54 112.23 108.22 114.17 122.43 115.93 123.95 124.16 132.38 124.72 118.80 113.39 133.85 113.05 98.47 99.40 97.64
-9999 -9999 -9999 -9999 -9999 -9999 -9999 -9999 118.67 121.74 114.95 131.90 139.77 135.70 128.86 117.21 101.20 107.52 118.24 96.91 89.50 97.58 94.15 88.41 90.98 94.11 94.17 102.02 106.52 105.20 99.34 119.98 126.86 104.09 114.70 99.57 99.75 108.67 120.90 114.13 118.34 116.74 103.86 108.39 103.19 92.29 94.36 103.28 104.32 106.44 104.89 113.68 103.61 94.38 88.03 87.49 91.95 90.31 95.25 100.88 102.15 111.40 111.79 111.43 104.69 116.26 110.91 103.94 -9999 -9999 97.93 101.65 101.20 94.96 92.81 113.47
-9999 -9999 -9999 -9999 -9999 -9999 -9999 140.55 125.80 130.99 122.78 133.26 142.53 148.32 141.02 146.94 120.57 116.87 110.76 95.29 83.60 93.34 90.66 85.14 81.71 88.62 93.57 107.14 113.25 102.15 107.40 108.24 94.89 97.48 97.92 97.33 103.91 120.55 128.50 120.11 113.63 108.32 104.00 95.49 91.22 92.03 95.61 98.91 107.40 102.45 91.47 98.43 95.28 106.42 -9999 -9999 89.55 91.20 96.17 96.98 103.43 103.95 104.51 -9999 -9999 -9999 -9999 -9999 -9999 -9999 -9999 -9999 -9999 93.33 88.13 96.30
-9999 -9999 -9999 -9999 -9999 -9999 147.13 170.52 162.20 145.35 126.79 119.82 126.09 151.97 156.21 185.52 186.42 167.45 125.92 114.88 96.74 96.71 87.11 74.57 86.49 85.16 104.21 109.54 109.48 110.61 108.27 95.13 90.30 94.12 95.29 104.86 120.79 116.30 126.33 116.69 108.62 98.54 91.94 90.29 88.31 90.96 95.14 91.75 101.95 108.35 95.10 -9999 93.82 110.42 103.68 92.49 92.50 -9999 -9999 -9999 -9999 107.88 -9999 -9999 -9999 -9999 -9999 -9999 -9999 -9999 -9999 -9999 -9999 -9999 -9999 -9999
-9999 -9999 -9999 -9999 -9999 121.05 149.59 169.24 164.93 142.44 125.23 117.97 118.59 118.03 191.91 257.78 260.55 194.70 151.32 137.15 113.34 114.04 91.70 87.32 88.09 73.21 84.22 86.71 80.62 -9999 -9999 -9999 -9999 -9999 80.56 101.84 116.54 110.96 118.69 116.32 102.60 100.66 89.09 91.49 93.11 -9999 -9999 -9999 -9999 -9999 99.21 101.72 95.73 111.73 107.29 113.63 98.02 -9999 -9999 -9999 -9999 -9999 -9999 -9999 -9999 -9999 -9999 -9999 -9999 -9999 -9999 -9999 -9999 -9999 -9999 -9999
-9999 -9999 -9999 -9999 104.75 114.74 164.33 171.17 176.81 155.90 166.26 126.65 141.56 167.08 200.67 249.35 290.05 216.56 188.41 147.79 140.08 105.85 102.85 90.10 82.54 83.53 -9999 -9999 -9999 -9999 -9999 -9999 -9999 -9999 -9999 85.12 100.46 95.33 101.60 113.79 117.02 104.52 110.29 108.59 108.88 -9999 -9999 -9999 -9999 -9999 -9999 -9999 88.29 98.46 93.77 115.83 -9999 -9999 -9999 -9999 -9999 -9999 -9999 -9999 -9999 -9999 -9999 -9999 -9999 -9999 -9999 -9999 -9999 -9999 -9999 -9999
-9999 87.53 89.23 94.74 112.75 130.91 129.37 162.73 172.12 155.89 147.60 143.45 156.21 172.44 191.41 241.35 228.27 179.77 156.21 169.66 132.17 110.86 105.22 84.44 -9999 -9999 -9999 -9999 -9999 -9999 -9999 -9999 -9999 -9999 -9999 -9999 -9999 99.63 -9999 -9999 -9999 -9999 96.03 112.03 112.13 -9999 -9999 -9999 -9999 -9999 -9999 -9999 -9999 88.05 104.96 90.91 -9999 -9999 -9999 -9999 -9999 -9999 -9999 -9999 -9999 -9999 -9999 -9999 -9999 -9999 -9999 -9999 -9999 -9999 -9999 -9999
-9999 92.01 92.21 100.05 108.76 138.10 153.66 165.04 182.07 176.28 160.70 156.71 160.08 153.77 150.79 203.21 210.52 187.44 156.96 152.27 115.39 113.67 110.02 -9999 -9999 -9999 -9999 -9999 -9999 -9999 -9999 -9999 -9999 -9999 -9999 -9999 -9999 85.82 -9999 -9999 -9999 -9999 -9999 -9999 -9999 -9999 -9999 -9999 -9999 -9999 -9999 -9999 -9999 -9999 -9999 -9999 -9999 -9999 -9999 -9999 -9999 -9999 -9999 -9999 -9999 -9999 -9999 -9999 -9999 -9999 -9999 -9999 -9999 -9999 -9999 -9999
-9999 93.41 105.10 113.67 123.29 134.73 144.68 153.14 169.85 157.36 150.74 146.64 131.97 128.91 135.37 163.64 221.23 267.59 173.64 145.89 118.82 124.53 122.49 -9999 -9999 -9999 -9999 -9999 -9999 -9999 -9999 -9999 -9999 -9999 -9999 -9999 -9999 -9999 -9999 -9999 -9999 -9999 -9999 -9999 -9999 -9999 -9999 -9999 -9999 -9999 -9999 -9999 -9999 -9999 -9999 -9999 -9999 -9999 -9999 -9999 -9999 -9999 -9999 -9999 -9999 -9999 -9999 -9999 -9999 -9999 -9999 -9999 -9999 -9999 -9999 -9999
90.63 94.44 114.18 134.97 146.09 153.52 147.12 152.47 181.44 168.56 130.31 107.96 119.08 116.59 127.28 134.73 177.91 201.10 174.15 155.47 125.12 156.88 114.92 -9999 -9999 -9999 -9999 -9999 -9999 -9999 -9999 -9999 -9999 -9999 -9999 -9999 -9999 -9999 -9999 -9999 -9999 -9999 -9999 -9999 -9999 -9999 -9999 -9999 -9999 -9999 -9999 -9999 -9999 -9999 -9999 -9999 -9999 -9999 -9999 -9999 -9999 -9999 -9999 -9999 -9999 -9999 -9999 -9999 -9999 -9999 -9999 -9999 -9999 -9999 -9999 -9999
