Rainfall_2007-2011/Rainfall_2007-11_ACTUAL.txt
ncols         180
nrows         290
xllcorner     -200000
yllcorner     -200000
cellsize      5000
NODATA_value  -9999
[rows 170 to 203 of 290, columns 76 to 151 of 180]
-9999 -9999 -9999 -9999 -9999 -9999 -9999 -9999 -9999 -9999 -9999 -9999 -9999 -9999 -9999 -9999 -9999 -9999 -9999 -9999 -9999 -9999 -9999 -9999 -9999 -9999 -9999 -9999 -9999 -9999 66.58 73.46 69.70 62.56 64.29 65.29 59.78 54.21 53.79 51.08 58.08 58.46 70.25 72.86 84.07 146.72 161.17 136.94 106.21 66.04 57.08 45.37 40.67 33.89 37.94 37.80 37.96 34.85 38.31 36.61 29.78 35.85 39.91 39.42 40.06 37.79 33.27 41.59 38.52 36.98 35.98 36.64 42.21 -9999 -9999 -9999
-9999 -9999 -9999 -9999 -9999 -9999 -9999 -9999 -9999 -9999 117.00 105.27 91.01 90.60 -9999 -9999 -9999 -9999 -9999 -9999 -9999 -9999 -9999 -9999 -9999 -9999 -9999 -9999 -9999 75.58 54.34 64.05 67.92 61.06 64.77 62.22 55.91 55.13 52.82 57.20 58.81 60.89 63.53 78.12 107.42 144.05 141.78 118.87 104.35 84.04 55.96 54.60 41.90 44.06 44.29 42.12 43.38 35.22 33.70 39.86 35.43 38.55 40.33 38.63 37.29 36.56 40.74 43.31 42.49 44.61 40.47 38.08 39.85 39.34 -9999 -9999
-9999 -9999 -9999 -9999 -9999 -9999 -9999 -9999 -9999 -9999 111.19 114.77 90.99 89.15 -9999 -9999 -9999 -9999 -9999 -9999 -9999 -9999 -9999 -9999 -9999 -9999 -9999 -9999 70.42 68.96 62.28 66.33 78.94 71.69 63.56 60.94 57.77 55.56 51.50 57.95 64.14 64.29 70.52 82.34 100.54 131.44 144.02 109.35 92.09 72.88 64.61 52.38 39.24 43.30 45.97 45.28 41.06 36.69 32.69 37.92 38.43 38.93 38.34 41.11 37.10 37.30 39.49 48.28 47.01 45.28 49.14 37.62 35.05 38.24 -9999 -9999
-9999 -9999 -9999 -9999 -9999 -9999 -9999 -9999 80.51 94.78 101.19 115.85 97.45 97.85 91.14 68.65 73.18 -9999 -9999 46.21 52.48 -9999 -9999 -9999 51.16 58.71 52.74 -9999 59.01 66.03 63.21 61.20 63.57 63.60 64.72 62.08 63.51 69.72 58.73 56.37 70.22 66.29 66.17 97.15 92.36 110.57 125.53 87.31 86.17 87.19 60.99 63.01 44.40 45.21 44.88 45.34 43.69 43.62 36.45 37.74 37.22 39.08 36.40 45.69 37.00 30.50 34.76 45.19 50.14 46.88 50.54 40.27 40.06 39.18 37.89 -9999
-9999 -9999 -9999 -9999 -9999 -9999 -9999 -9999 -9999 92.34 95.35 103.70 98.84 98.10 91.06 81.66 76.06 -9999 51.43 59.40 68.42 62.45 60.02 56.05 52.66 60.21 62.14 62.99 -9999 57.83 58.38 59.45 57.97 59.05 58.36 55.76 57.22 61.19 55.22 64.48 76.88 68.10 67.28 99.57 120.02 119.09 112.87 76.82 99.77 79.59 68.75 58.31 51.21 53.01 50.12 48.39 48.82 43.04 42.41 40.77 37.46 38.34 39.80 47.56 39.71 29.30 34.40 40.71 44.74 49.80 48.85 43.09 41.71 38.75 37.70 -9999
-9999 -9999 -9999 -9999 -9999 -9999 -9999 -9999 -9999 -9999 95.00 101.62 99.44 91.57 73.78 79.81 89.31 93.10 120.61 84.41 83.27 82.14 82.43 73.40 66.45 59.19 76.80 78.60 72.67 59.10 55.09 60.89 59.13 55.99 57.39 57.03 57.86 55.70 50.05 58.08 63.71 73.38 66.68 101.40 124.47 107.63 106.26 84.19 88.06 85.75 68.10 63.56 57.36 54.34 50.63 53.81 52.48 45.91 45.37 38.31 35.86 38.37 41.42 43.13 41.44 36.15 34.10 37.05 35.16 40.26 41.63 40.28 44.43 37.74 36.08 36.14
-9999 -9999 -9999 -9999 -9999 -9999 -9999 -9999 -9999 -9999 -9999 95.07 85.75 92.53 80.21 107.42 123.92 158.00 148.89 104.96 91.85 82.07 83.94 75.94 71.88 68.80 95.57 68.70 78.42 66.98 62.28 60.16 61.22 53.98 55.55 56.45 60.86 65.00 53.02 56.03 57.16 65.17 82.40 97.50 115.40 98.92 92.99 91.14 77.07 77.03 93.61 65.96 63.62 61.83 54.19 53.66 56.50 47.40 51.88 44.18 36.61 39.25 40.23 44.32 41.36 36.85 33.10 32.87 33.06 35.86 41.91 36.53 36.76 36.33 36.14 36.09
-9999 -9999 -9999 -9999 -9999 -9999 -9999 -9999 -9999 -9999 -9999 -9999 92.07 92.94 123.84 147.40 170.26 194.67 189.74 113.51 97.46 94.76 96.22 72.62 86.16 74.28 61.51 99.11 87.92 70.48 65.40 60.19 61.73 54.82 53.65 50.67 52.08 50.83 51.44 55.06 55.65 62.57 75.63 98.49 104.50 93.37 86.66 98.43 94.67 77.31 87.34 75.54 72.75 72.54 62.33 58.45 55.14 49.22 58.07 51.21 37.44 38.71 39.75 43.47 38.72 34.17 31.04 27.67 27.83 31.14 36.40 33.52 35.22 35.06 36.68 40.93
-9999 -9999 -9999 -9999 -9999 -9999 -9999 -9999 -9999 -9999 -9999 -9999 92.93 101.30 135.43 167.24 252.96 235.78 176.61 114.30 98.02 114.65 107.28 102.01 86.74 80.74 67.20 73.70 96.74 93.30 82.59 58.75 54.03 53.06 52.99 54.66 50.65 46.08 48.51 50.57 53.80 59.77 84.22 82.30 86.25 106.21 116.19 114.95 105.93 77.79 86.88 77.00 75.03 73.80 71.43 62.67 56.96 48.16 45.29 39.96 37.61 37.56 37.13 35.98 33.65 32.18 30.08 26.39 25.90 27.03 31.11 34.11 33.63 34.76 35.45 -9999
-9999 -9999 -9999 -9999 -9999 -9999 -9999 -9999 -9999 -9999 -9999 -9999 105.57 125.68 161.19 219.17 283.09 240.88 163.10 138.94 96.14 106.13 101.61 87.00 98.10 84.74 74.25 97.40 105.28 97.16 71.02 61.38 56.45 54.82 52.97 52.74 55.08 51.91 49.38 46.64 59.79 67.48 85.18 86.49 109.48 107.74 110.51 119.25 90.26 94.64 90.53 69.80 69.41 69.90 70.00 66.34 54.81 53.75 40.09 37.05 34.12 36.21 35.24 39.51 33.10 28.45 28.27 26.92 23.27 27.33 27.42 33.24 33.49 32.56 -9999 -9999
-9999 -9999 -9999 -9999 -9999 -9999 -9999 -9999 -9999 -9999 -9999 97.05 156.54 142.83 192.82 197.89 187.17 220.85 198.37 170.19 152.70 131.41 105.76 90.27 89.18 81.13 87.03 106.98 107.62 109.93 72.33 57.49 51.48 59.41 55.07 52.24 53.00 52.34 52.05 58.35 67.50 64.51 78.26 91.48 84.24 101.69 108.94 92.09 91.06 80.96 78.46 75.44 66.53 66.73 65.41 60.36 55.77 48.56 43.00 37.97 35.69 36.84 33.51 35.43 33.37 29.00 30.01 28.13 26.52 26.46 29.51 32.06 32.84 -9999 -9999 -9999
-9999 -9999 -9999 -9999 -9999 -9999 -9999 -9999 -9999 69.33 81.69 94.11 114.00 123.15 134.44 167.81 133.85 163.16 224.62 185.58 167.63 145.87 107.49 102.64 79.66 86.02 83.60 76.38 88.30 94.35 78.27 69.02 55.04 62.78 66.99 58.57 53.59 52.93 59.34 62.16 68.66 63.47 71.12 75.73 84.68 87.37 77.77 86.66 73.86 68.34 69.79 65.37 62.92 59.41 61.30 50.61 45.09 43.38 37.55 33.82 33.04 37.25 33.84 34.25 34.52 29.28 31.26 28.46 27.24 29.38 30.34 32.22 -9999 -9999 -9999 -9999
-9999 -9999 -9999 -9999 -9999 -9999 -9999 -9999 69.05 67.01 87.61 94.97 101.20 97.24 103.12 113.67 113.35 137.81 160.05 162.71 195.76 132.86 73.52 80.20 69.69 96.73 106.58 99.17 86.89 88.95 80.49 64.55 53.94 57.19 62.08 53.43 55.28 54.31 58.87 65.75 56.89 65.94 72.64 71.51 67.16 68.83 65.07 67.27 62.55 62.08 61.80 60.20 61.09 60.08 51.15 45.71 41.46 41.61 35.45 34.45 35.53 38.39 35.64 35.86 36.18 28.47 30.13 27.85 26.34 28.76 30.12 32.32 -9999 -9999 -9999 -9999
-9999 -9999 -9999 -9999 -9999 -9999 -9999 91.14 84.98 83.08 91.59 -9999 -9999 -9999 -9999 91.78 125.42 162.28 160.00 155.57 139.07 125.15 104.94 106.14 85.22 125.44 122.88 100.85 91.36 74.82 61.21 52.01 45.02 44.64 51.80 56.79 52.37 57.52 53.06 56.49 51.66 59.85 62.89 65.37 62.45 65.35 56.32 60.67 61.85 53.72 52.38 52.37 53.98 56.06 55.99 52.75 44.32 43.25 35.21 38.07 39.83 41.55 40.64 41.47 37.87 35.39 31.72 27.37 27.13 29.51 30.14 29.17 29.44 -9999 -9999 -9999
-9999 -9999 -9999 -9999 -9999 -9999 -9999 82.20 98.60 94.67 100.79 -9999 -9999 -9999 -9999 114.71 125.95 172.84 140.85 153.12 150.02 145.21 169.19 150.50 104.47 116.82 96.60 71.43 77.83 66.99 54.16 47.65 44.08 45.70 52.25 53.66 47.55 50.83 51.22 48.85 61.70 58.88 58.31 61.68 63.61 62.39 61.86 64.67 57.07 55.96 53.03 59.08 56.32 56.34 60.05 56.56 55.53 51.40 43.57 47.93 45.64 46.77 45.91 49.31 43.86 35.20 27.80 25.37 25.87 29.78 28.50 28.72 29.29 29.00 -9999 -9999
-9999 -9999 -9999 -9999 -9999 -9999 -9999 -9999 -9999 -9999 -9999 -9999 -9999 -9999 -9999 81.25 127.16 137.35 129.85 145.91 139.47 172.21 210.51 141.42 132.57 121.60 85.58 65.72 60.10 52.47 44.75 50.41 46.12 48.10 48.82 48.33 51.65 45.68 51.95 67.06 72.93 61.63 58.71 59.07 61.07 61.41 58.15 58.51 55.02 54.43 61.65 61.97 54.68 52.95 52.10 59.67 50.69 54.51 51.19 45.34 44.31 50.20 44.01 50.14 40.21 37.08 27.35 24.03 22.71 22.81 26.84 28.31 28.41 27.96 30.38 33.12
-9999 -9999 -9999 -9999 -9999 -9999 -9999 -9999 -9999 -9999 -9999 -9999 -9999 -9999 -9999 -9999 136.74 117.26 140.32 149.79 163.38 145.04 153.40 134.26 101.53 63.60 61.16 51.75 49.08 43.99 44.56 53.65 55.46 50.78 46.63 47.24 48.22 46.82 51.30 55.12 59.45 58.28 52.52 60.25 63.32 55.43 54.76 49.83 52.44 55.27 56.68 58.96 55.58 59.55 54.34 63.78 52.17 48.25 48.41 49.71 50.84 53.06 48.40 46.04 41.18 39.13 29.39 28.63 23.67 21.72 26.64 29.64 28.87 28.14 30.60 29.24
-9999 -9999 -9999 -9999 -9999 -9999 -9999 -9999 -9999 -9999 -9999 -9999 -9999 -9999 -9999 -9999 123.47 163.31 174.02 174.76 161.76 135.25 121.47 95.85 88.80 65.41 51.22 55.29 44.09 37.80 54.61 51.81 59.82 49.14 42.61 48.00 56.21 49.18 56.36 52.52 55.28 56.24 49.02 56.60 58.20 54.03 49.42 52.97 51.47 48.96 55.09 58.45 57.56 66.54 61.68 55.97 47.03 51.91 57.44 57.68 56.67 53.97 51.34 45.34 42.22 40.49 33.54 28.54 25.72 23.24 24.87 24.08 26.89 26.29 25.00 25.76
-9999 -9999 -9999 -9999 -9999 -9999 -9999 -9999 -9999 -9999 -9999 -9999 -9999 -9999 -9999 99.19 109.28 142.85 163.21 163.35 134.89 112.95 106.40 98.21 88.64 63.28 48.29 50.31 30.51 51.69 50.92 50.99 55.69 59.14 45.63 50.33 58.77 57.40 56.86 53.53 53.79 55.95 53.82 59.61 63.30 56.81 57.53 52.80 50.10 46.51 49.18 56.28 54.43 59.72 50.79 65.06 50.93 57.19 66.51 64.02 56.98 51.75 47.95 43.53 42.51 39.87 37.94 31.06 26.10 22.79 21.29 24.33 27.13 28.31 23.24 27.40
-9999 -9999 -9999 -9999 -9999 -9999 -9999 -9999 -9999 -9999 -9999 -9999 -9999 -9999 -9999 87.69 99.43 136.42 111.81 117.31 93.35 96.37 102.66 96.53 71.17 54.70 38.88 46.47 39.18 40.29 41.15 50.35 64.90 62.27 56.01 50.60 52.95 57.98 54.85 55.51 60.50 67.81 54.95 63.98 61.26 62.66 60.15 52.40 50.85 49.42 52.02 55.43 62.48 59.06 58.77 56.39 55.65 56.42 68.79 58.50 56.38 51.57 46.90 44.02 39.28 37.66 40.98 32.44 23.28 21.27 20.13 24.41 27.51 28.41 26.84 30.78
-9999 -9999 -9999 -9999 -9999 -9999 -9999 -9999 -9999 -9999 -9999 -9999 -9999 -9999 -9999 75.30 97.11 89.47 103.89 105.98 108.34 100.78 104.38 86.63 77.06 61.54 50.57 48.64 43.55 43.67 44.17 58.63 82.16 70.13 66.06 56.70 56.29 61.19 52.63 55.56 57.75 60.55 59.84 59.43 61.71 65.07 57.54 51.98 51.71 59.60 55.41 54.40 55.70 50.14 49.64 49.60 57.43 57.73 60.40 57.13 52.06 44.41 44.89 44.87 43.76 36.68 34.27 32.75 31.46 21.85 23.14 25.34 28.89 28.95 28.89 29.91
-9999 -9999 -9999 -9999 -9999 -9999 -9999 -9999 -9999 -9999 -9999 -9999 -9999 -9999 -9999 -9999 88.12 102.83 118.48 130.19 138.59 106.59 93.44 75.04 54.50 52.56 53.58 51.93 48.55 44.10 51.94 60.83 87.63 69.96 53.84 46.74 61.76 68.90 55.68 61.11 59.74 57.75 65.46 60.63 57.52 55.69 56.81 54.03 50.95 59.08 61.24 54.61 57.03 53.53 50.26 52.89 56.64 54.49 52.87 48.42 52.16 45.68 47.16 44.78 41.56 39.57 37.20 35.47 31.48 25.93 25.78 26.27 28.08 27.52 28.35 29.71
-9999 -9999 -9999 -9999 -9999 -9999 -9999 -9999 -9999 -9999 -9999 -9999 -9999 -9999 -9999 -9999 94.25 100.10 120.81 141.79 162.88 120.35 92.13 70.68 57.61 59.29 68.63 65.82 64.50 56.39 47.23 59.97 76.27 67.14 65.11 69.73 65.94 66.77 63.47 66.31 63.38 58.54 62.98 66.30 61.99 57.58 56.28 56.53 60.30 59.01 58.34 56.37 57.53 59.57 59.64 59.16 57.80 54.55 47.73 59.77 55.04 51.27 50.00 43.94 42.34 39.40 37.67 36.10 33.30 30.05 24.17 26.68 26.66 28.68 28.00 33.67
-9999 -9999 -9999 -9999 -9999 -9999 -9999 -9999 -9999 -9999 -9999 -9999 -9999 -9999 -9999 79.22 83.45 99.23 125.51 137.64 135.10 120.19 85.32 77.27 86.14 76.39 82.36 67.75 57.61 58.73 62.22 68.97 63.91 67.75 74.30 79.23 71.30 68.01 64.90 77.98 63.59 64.84 68.41 64.69 64.83 64.51 55.27 57.28 56.75 59.64 56.77 55.78 56.85 57.08 55.60 64.52 63.36 57.56 58.48 58.30 52.63 54.77 46.90 43.03 38.98 39.64 35.90 35.70 33.37 31.44 28.94 25.29 25.49 29.20 30.58 31.73
-9999 -9999 -9999 -9999 -9999 -9999 -9999 -9999 -9999 -9999 -9999 -9999 -9999 -9999 -9999 81.28 88.41 90.88 103.51 125.52 141.36 123.14 103.56 65.27 64.35 79.62 77.45 77.22 68.48 76.11 69.90 61.11 70.54 57.39 62.77 72.98 74.33 62.91 68.03 81.20 63.45 63.81 60.09 80.87 67.05 61.60 57.55 54.47 60.13 56.64 54.95 51.93 53.03 46.00 54.11 60.93 62.91 66.14 61.13 59.80 56.11 54.54 50.42 42.13 40.19 40.03 36.90 36.32 35.21 32.26 31.72 29.50 28.67 28.79 31.27 29.76
-9999 -9999 -9999 -9999 -9999 -9999 -9999 -9999 -9999 -9999 -9999 -9999 -9999 -9999 -9999 72.06 77.29 78.55 95.93 118.92 132.32 127.84 105.58 70.59 70.13 74.05 68.69 76.45 81.38 74.67 66.74 65.91 58.28 72.64 57.69 68.14 67.29 63.88 66.87 61.51 54.96 58.20 61.19 61.09 65.50 62.78 63.74 60.11 58.81 55.86 47.21 46.94 53.14 55.51 52.70 53.32 62.13 61.04 55.85 53.05 60.48 53.25 49.83 42.08 39.32 37.02 31.15 29.87 31.35 31.54 29.72 30.10 29.77 28.43 28.25 26.83
-9999 -9999 -9999 -9999 -9999 -9999 -9999 -9999 -9999 -9999 -9999 -9999 -9999 -9999 65.41 73.39 83.99 83.41 67.03 101.49 109.14 111.92 87.92 67.95 61.04 61.63 59.47 83.26 73.85 69.18 76.84 70.90 64.88 62.09 58.80 70.39 70.90 72.18 59.87 58.93 63.68 55.40 57.11 61.98 61.96 61.84 65.28 60.82 57.31 53.72 50.27 48.25 49.08 54.00 50.44 57.38 58.72 60.92 55.37 55.28 56.38 56.17 44.12 44.17 37.85 36.74 32.11 29.05 30.69 36.27 31.03 31.04 32.25 29.67 27.89 27.17
-9999 -9999 -9999 -9999 -9999 -9999 -9999 -9999 -9999 -9999 -9999 -9999 -9999 59.49 69.12 81.14 77.69 72.29 87.65 115.22 116.39 105.61 107.18 75.76 68.14 70.99 60.86 85.61 77.98 92.42 72.05 65.80 64.48 62.46 60.35 70.64 61.45 63.19 75.52 69.39 61.99 57.86 62.47 58.56 62.01 61.65 60.97 57.11 52.47 51.76 49.85 49.51 53.75 55.01 52.70 58.58 55.80 59.86 54.31 57.29 49.90 49.60 47.47 53.90 39.54 36.40 33.60 30.27 32.61 37.37 34.50 33.76 34.84 31.74 28.83 30.82
-9999 -9999 -9999 -9999 -9999 -9999 -9999 -9999 -9999 -9999 -9999 66.59 65.10 63.20 59.66 72.43 82.28 76.83 101.07 118.25 131.67 118.84 95.89 71.61 43.25 71.78 62.18 85.33 82.94 77.90 69.44 60.77 60.19 59.54 60.66 63.12 54.10 61.54 63.80 63.33 65.86 64.54 69.55 65.27 61.90 60.71 55.25 51.25 40.32 34.23 42.80 58.19 61.05 63.82 65.22 63.05 57.46 53.98 50.71 55.15 55.53 52.44 51.82 45.50 41.18 34.97 34.85 30.26 33.34 36.94 36.13 37.32 35.49 32.53 27.57 29.95
-9999 -9999 -9999 -9999 -9999 -9999 -9999 53.85 42.80 51.69 72.30 79.24 89.70 88.01 87.01 79.89 68.53 92.53 101.20 116.61 119.94 109.37 89.62 70.43 56.83 64.83 59.90 80.78 80.72 70.55 61.17 58.80 58.60 63.08 45.65 69.90 65.55 64.18 66.13 60.89 63.40 64.90 65.68 67.51 60.47 54.58 48.63 43.07 42.09 40.58 49.01 54.61 61.07 61.93 64.22 69.61 62.22 60.47 56.25 55.97 55.78 54.77 53.83 54.63 42.78 39.04 36.60 36.12 38.07 37.42 38.13 35.99 34.23 33.83 30.86 34.09
-9999 -9999 -9999 -9999 -9999 -9999 67.65 63.85 67.26 67.23 64.94 73.57 85.02 87.68 82.08 72.29 77.88 90.33 111.55 104.67 116.92 100.45 89.30 83.34 61.09 54.07 78.96 71.17 63.71 49.95 52.57 54.31 69.65 61.15 63.29 66.90 69.02 66.44 70.72 67.55 55.18 53.83 63.29 64.83 52.77 52.80 45.94 41.09 38.04 44.00 46.39 59.36 58.50 62.10 63.45 63.37 61.21 59.77 55.82 53.26 57.35 54.30 51.52 48.50 42.76 38.35 39.10 38.52 37.50 41.17 36.26 35.22 33.91 36.88 32.10 32.45
-9999 -9999 -9999 -9999 -9999 65.50 68.98 64.54 66.41 67.59 73.02 74.38 87.08 80.11 79.97 97.04 84.71 85.69 112.20 99.08 102.47 114.43 105.29 85.59 77.09 65.80 66.89 61.53 47.22 69.32 71.21 55.80 60.39 57.75 57.10 65.72 66.74 63.36 60.25 60.24 54.13 54.27 56.84 64.16 49.32 58.77 46.26 47.43 43.33 38.48 46.49 46.85 60.53 59.50 65.47 67.00 67.76 66.54 64.02 59.12 51.86 55.21 49.16 43.99 37.20 40.18 36.55 33.58 40.76 52.12 43.51 40.74 36.31 33.21 34.71 37.71
-9999 51.07 64.69 72.10 87.83 82.25 82.70 85.97 81.06 77.16 91.71 95.08 90.61 78.88 90.90 95.42 88.60 86.08 86.76 79.46 85.39 104.17 91.79 80.84 61.09 76.41 67.88 45.28 65.38 75.74 77.34 80.43 66.37 68.21 57.17 47.45 75.01 49.70 60.26 52.33 49.55 41.55 43.85 68.04 61.58 73.18 67.33 42.90 51.89 47.26 52.73 57.98 61.91 66.19 73.62 63.63 68.51 64.81 61.28 59.56 54.67 54.68 53.67 51.61 52.77 40.64 35.62 33.81 41.92 52.14 55.46 44.57 43.97 41.21 39.65 36.38
59.83 71.87 76.23 81.85 103.55 118.27 111.11 94.94 94.23 96.51 108.11 98.94 79.56 82.17 86.33 85.01 89.85 78.58 73.82 74.44 89.49 92.92 83.33 78.01 73.12 82.10 81.25 78.88 108.60 94.24 75.13 57.68 63.22 51.61 65.88 57.20 55.43 51.43 47.37 50.32 47.20 34.75 38.11 55.20 66.88 88.75 75.11 69.73 61.15 58.07 74.72 67.89 69.64 69.79 66.39 65.78 65.05 60.64 57.67 60.08 57.76 52.24 58.94 54.73 49.12 47.21 46.53 49.38 43.32 52.21 50.26 44.33 46.26 45.53 42.88 44.68
