Rainfall_2007-2011/Rainfall_2010-04_ACTUAL.txt
ncols         180
nrows         290
xllcorner     -200000
yllcorner     -200000
cellsize      5000
NODATA_value  -9999
[rows 170 to 203 of 290, columns 77 to 153 of 180]
-9999 -9999 -9999 -9999 -9999 -9999 -9999 -9999 -9999 -9999 -9999 -9999 -9999 -9999 -9999 -9999 -9999 -9999 -9999 -9999 -9999 -9999 -9999 -9999 -9999 -9999 -9999 -9999 -9999 17.40 16.90 16.41 19.43 20.49 21.72 24.44 25.05 27.02 27.82 23.53 24.65 26.62 28.94 28.01 31.71 38.14 30.52 27.52 22.05 21.71 18.71 17.31 19.12 19.99 20.20 22.43 20.91 23.45 22.97 23.59 24.61 24.60 23.38 22.48 23.81 22.28 28.17 27.65 25.01 21.25 20.72 18.95 -9999 -9999 -9999 -9999 -9999
-9999 -9999 -9999 -9999 -9999 -9999 -9999 -9999 -9999 25.07 23.24 22.18 21.71 -9999 -9999 -9999 -9999 -9999 -9999 -9999 -9999 -9999 -9999 -9999 -9999 -9999 -9999 -9999 9.90 15.93 18.13 20.47 19.19 21.37 22.71 23.53 23.47 23.50 20.66 21.62 23.46 26.33 27.88 31.53 36.38 38.03 27.41 37.19 33.49 23.45 22.48 19.68 23.60 17.14 16.32 22.81 21.17 21.49 24.01 25.13 26.24 25.35 25.54 24.74 25.05 30.85 29.28 27.21 28.94 23.64 21.73 21.14 22.34 -9999 -9999 -9999 -9999
-9999 -9999 -9999 -9999 -9999 -9999 -9999 -9999 -9999 25.04 23.31 22.08 23.30 -9999 -9999 -9999 -9999 -9999 -9999 -9999 -9999 -9999 -9999 -9999 -9999 -9999 -9999 13.51 13.96 16.07 19.71 24.69 21.81 23.37 22.75 24.30 23.58 24.57 22.98 20.90 20.44 22.07 26.82 29.64 32.43 46.85 39.28 37.66 33.71 26.81 22.88 22.40 27.17 20.28 17.84 19.46 21.67 20.93 23.39 25.55 26.93 26.42 27.34 26.38 26.80 27.62 30.98 30.37 28.57 25.78 23.05 22.56 25.04 -9999 -9999 -9999 -9999
-9999 -9999 -9999 -9999 -9999 -9999 -9999 24.80 28.01 24.76 23.82 24.02 24.56 24.56 17.90 19.08 -9999 -9999 6.89 7.52 -9999 -9999 -9999 9.25 11.84 14.39 -9999 15.23 16.05 17.79 18.71 20.85 21.18 24.55 25.12 25.51 23.89 23.57 21.49 20.66 19.96 21.00 35.94 25.23 26.35 35.33 29.16 30.50 27.59 23.92 26.07 23.42 24.20 22.10 17.73 15.54 18.41 22.32 24.48 24.76 27.50 26.90 31.30 28.93 26.60 25.32 28.85 31.80 28.56 29.37 25.66 28.71 26.41 25.60 -9999 -9999 -9999
-9999 -9999 -9999 -9999 -9999 -9999 -9999 -9999 28.34 18.81 20.39 18.01 20.94 21.09 21.71 19.22 -9999 11.58 7.90 8.63 6.23 9.78 9.75 11.64 15.40 16.68 17.54 -9999 15.20 16.94 17.97 16.90 19.31 22.51 21.80 21.30 19.49 18.56 20.87 20.29 21.07 21.83 34.19 28.60 25.98 29.94 28.36 33.61 27.70 24.61 21.79 19.22 11.65 8.93 15.35 16.53 19.80 25.01 28.35 23.02 25.64 30.02 31.41 27.04 26.02 26.35 27.25 28.77 30.06 33.88 29.76 28.08 26.66 24.59 -9999 -9999 -9999
-9999 -9999 -9999 -9999 -9999 -9999 -9999 -9999 -9999 18.97 20.89 20.42 21.42 17.08 19.59 22.94 23.10 30.83 15.87 16.25 16.69 18.58 13.74 13.42 14.51 19.83 21.89 19.68 16.46 15.01 19.13 19.29 19.72 23.17 24.90 20.66 17.30 15.84 18.64 19.61 22.42 21.25 33.19 34.83 31.53 28.73 28.14 28.01 27.35 24.85 20.97 19.41 12.19 9.31 14.59 16.90 21.86 29.35 32.39 29.76 27.23 28.80 31.99 25.10 25.15 26.26 26.32 25.54 29.48 32.55 27.39 28.70 23.91 22.07 20.29 -9999 -9999
-9999 -9999 -9999 -9999 -9999 -9999 -9999 -9999 -9999 -9999 22.25 19.26 23.07 18.68 27.09 42.98 52.11 38.28 25.06 24.95 25.71 25.51 20.86 18.81 18.81 24.23 19.26 21.41 18.94 20.52 21.01 21.41 19.96 24.25 26.56 18.68 18.07 17.23 18.44 18.58 20.94 25.61 28.84 34.61 30.39 26.08 27.31 25.31 26.08 28.19 25.22 22.13 17.20 9.16 14.74 18.15 25.27 30.50 29.49 29.19 28.96 27.09 31.78 29.05 26.23 25.38 25.70 24.73 26.71 28.83 25.16 24.08 22.67 19.07 16.36 -9999 -9999
-9999 -9999 -9999 -9999 -9999 -9999 -9999 -9999 -9999 -9999 -9999 21.51 20.35 37.82 52.09 77.45 64.44 48.37 32.96 36.22 42.90 32.70 21.65 25.80 21.45 19.82 22.13 21.07 21.15 21.85 18.09 20.64 20.12 21.04 24.12 19.07 16.61 17.84 19.70 20.37 21.43 24.95 26.10 24.98 25.88 23.04 29.68 33.25 25.87 28.62 23.25 22.85 22.02 18.28 18.31 24.33 28.79 32.22 29.78 29.96 30.33 27.54 32.47 28.31 24.06 24.60 23.27 24.83 24.09 24.37 19.51 22.75 21.72 19.61 15.95 -9999 -9999
-9999 -9999 -9999 -9999 -9999 -9999 -9999 -9999 -9999 -9999 -9999 23.48 22.43 48.20 59.73 80.38 73.66 49.69 32.61 26.54 45.28 38.98 34.25 28.67 26.54 23.17 22.45 27.26 26.81 23.38 16.76 18.80 19.11 20.57 20.30 17.61 15.33 17.32 19.28 21.95 24.59 23.74 20.54 20.72 26.14 30.13 32.92 33.33 29.65 25.96 24.51 23.94 22.71 21.92 25.44 31.01 31.33 34.71 34.67 33.71 30.28 28.68 30.53 27.91 26.09 24.63 22.95 25.22 20.11 20.14 19.72 21.07 21.11 20.75 -9999 -9999 -9999
-9999 -9999 -9999 -9999 -9999 -9999 -9999 -9999 -9999 -9999 -9999 35.57 46.85 55.43 65.08 87.63 73.95 50.73 50.84 36.15 35.17 43.30 33.75 33.51 28.28 25.00 30.85 30.35 27.38 20.45 18.88 19.11 21.07 24.58 23.47 17.47 14.14 18.02 18.68 23.97 24.53 21.45 17.75 24.23 27.75 28.57 30.39 26.45 30.30 27.70 23.10 23.97 27.80 29.10 31.61 37.65 36.64 33.81 37.08 32.56 30.93 28.46 33.97 29.22 26.05 25.06 22.15 20.08 19.11 17.81 19.15 20.44 20.10 -9999 -9999 -9999 -9999
-9999 -9999 -9999 -9999 -9999 -9999 -9999 -9999 -9999 -9999 29.30 64.45 54.83 59.49 60.31 54.18 72.01 62.86 58.57 49.09 44.92 38.51 31.86 26.02 26.68 29.56 35.49 29.88 26.32 20.76 17.25 18.26 24.02 24.62 22.51 19.69 19.20 20.16 22.68 24.83 21.33 23.19 24.62 21.79 28.04 31.57 30.19 25.97 25.07 25.38 21.82 22.41 31.68 37.19 34.16 40.28 33.41 34.99 33.86 33.35 31.58 28.94 32.71 29.97 26.07 25.68 20.72 18.91 16.82 20.27 21.16 16.47 -9999 -9999 -9999 -9999 -9999
-9999 -9999 -9999 -9999 -9999 -9999 -9999 -9999 21.10 21.18 25.80 35.84 37.78 35.41 39.26 38.45 47.70 48.15 55.60 56.34 46.18 37.19 39.38 28.81 32.19 32.46 26.23 25.09 21.66 22.59 20.16 19.64 28.39 31.01 24.73 22.21 23.77 25.20 23.69 24.86 22.24 22.80 23.37 23.62 23.07 24.06 28.68 25.10 25.54 25.97 24.10 26.12 27.50 33.11 31.82 31.74 34.09 33.84 31.19 34.93 30.93 28.14 28.84 27.26 22.46 22.81 18.54 16.07 17.63 18.79 21.51 -9999 -9999 -9999 -9999 -9999 16.57
-9999 -9999 -9999 -9999 -9999 -9999 -9999 21.62 20.99 20.97 24.92 26.98 21.64 24.63 23.36 33.06 40.13 47.84 54.51 71.91 41.29 33.21 34.79 30.85 39.78 36.80 32.26 27.07 24.61 23.10 21.26 20.87 25.35 24.89 23.87 22.77 23.24 24.03 24.74 22.96 24.45 24.14 22.66 20.61 23.32 23.20 23.96 23.67 24.97 24.18 23.57 24.77 26.07 27.67 28.42 28.34 30.15 29.77 31.58 36.06 35.73 28.80 30.74 24.56 21.67 21.16 17.84 15.23 16.08 19.45 21.15 -9999 -9999 -9999 -9999 -9999 14.97
-9999 -9999 -9999 -9999 -9999 -9999 20.40 20.52 18.60 24.24 -9999 -9999 -9999 -9999 31.33 44.31 52.23 50.88 54.27 53.22 49.61 45.69 45.55 40.50 54.46 38.83 28.94 28.69 28.75 22.66 23.56 22.15 22.36 21.89 24.13 20.74 20.35 22.53 23.86 21.66 22.99 21.68 22.43 22.18 23.96 21.91 22.68 24.38 24.93 22.25 20.11 20.59 24.51 26.94 27.56 29.76 30.88 29.70 31.73 38.00 30.17 27.26 28.30 23.26 20.88 19.99 18.16 16.57 16.04 17.37 17.72 21.29 -9999 -9999 -9999 -9999 20.83
-9999 -9999 -9999 -9999 -9999 -9999 20.67 24.19 24.25 28.15 -9999 -9999 -9999 -9999 31.51 41.66 59.63 57.26 52.34 61.32 58.59 61.49 54.70 47.36 53.24 42.18 26.60 27.31 25.64 23.29 21.67 21.57 21.55 21.04 23.96 20.39 21.62 23.50 24.80 23.82 19.22 22.35 21.47 21.43 20.21 22.79 25.98 24.38 26.66 22.91 17.95 23.06 26.37 26.65 23.88 28.49 32.34 32.35 36.34 34.68 29.98 26.75 25.31 21.45 19.89 18.64 19.34 16.93 16.19 15.38 14.03 17.33 18.58 -9999 -9999 23.01 27.49
-9999 -9999 -9999 -9999 -9999 -9999 -9999 -9999 -9999 -9999 -9999 -9999 -9999 -9999 27.59 42.49 53.09 52.76 56.07 55.66 76.45 77.70 47.55 46.60 43.76 39.94 33.85 28.41 26.05 22.23 23.31 18.27 21.99 20.76 20.26 22.99 22.63 19.58 23.73 26.23 23.39 25.32 21.80 20.20 15.02 21.04 25.85 22.76 23.99 25.56 16.38 24.97 30.69 29.93 29.43 34.48 30.79 32.13 33.96 33.88 27.72 22.03 24.20 20.85 18.93 17.22 16.02 15.67 15.90 15.27 13.97 15.94 17.67 18.95 20.07 25.28 26.09
-9999 -9999 -9999 -9999 -9999 -9999 -9999 -9999 -9999 -9999 -9999 -9999 -9999 -9999 -9999 37.95 42.13 54.55 62.88 77.57 90.16 83.69 56.56 39.87 42.17 34.97 30.36 29.98 23.22 22.87 21.72 25.07 22.79 21.05 21.05 19.86 21.07 20.57 25.33 27.92 27.46 25.50 25.18 23.72 20.61 24.25 24.69 23.31 25.59 25.87 28.73 34.56 38.73 39.28 32.48 32.61 27.38 27.93 26.01 25.57 25.26 22.59 23.58 21.47 19.75 15.78 15.42 15.79 15.95 13.82 12.51 15.03 17.85 18.42 19.51 20.91 20.79
-9999 -9999 -9999 -9999 -9999 -9999 -9999 -9999 -9999 -9999 -9999 -9999 -9999 -9999 -9999 42.51 62.76 91.77 91.99 82.98 76.53 69.06 48.43 42.53 40.43 30.05 33.88 43.65 27.82 26.48 25.75 24.02 22.35 19.41 21.03 19.52 26.69 27.88 37.06 32.42 29.72 20.62 24.55 26.17 26.37 32.93 25.49 23.39 23.35 26.27 31.17 34.59 40.80 37.57 34.87 32.82 29.65 30.77 28.22 26.05 24.24 22.38 22.09 21.38 20.03 17.18 16.15 15.70 14.39 13.65 13.97 14.74 14.37 15.50 16.92 17.40 17.40
-9999 -9999 -9999 -9999 -9999 -9999 -9999 -9999 -9999 -9999 -9999 -9999 -9999 -9999 41.28 46.84 67.57 86.04 87.43 67.66 68.02 68.30 58.78 49.35 35.12 29.95 33.87 26.20 37.68 31.12 26.54 22.32 25.83 25.98 22.87 26.37 26.47 28.84 28.85 30.86 25.99 22.96 24.02 25.64 26.19 30.28 26.37 24.44 23.50 23.96 30.76 32.56 29.08 34.02 33.48 30.79 31.86 33.56 30.19 24.35 23.12 21.72 20.13 17.99 16.70 16.12 16.71 16.04 15.06 14.52 14.72 14.65 15.54 15.39 16.25 15.03 15.72
-9999 -9999 -9999 -9999 -9999 -9999 -9999 -9999 -9999 -9999 -9999 -9999 -9999 -9999 42.25 50.69 76.70 68.62 56.76 53.90 57.23 65.36 59.04 42.24 36.19 32.24 31.19 27.99 28.02 27.84 31.47 27.03 17.97 20.39 22.62 23.97 25.29 25.21 24.43 24.14 21.56 24.38 25.11 25.00 26.38 27.20 24.65 24.26 25.15 26.52 33.34 37.86 32.28 32.88 33.64 26.18 32.13 34.49 28.29 24.41 22.37 20.43 19.90 15.92 15.68 17.30 17.27 17.08 14.92 14.63 15.63 15.62 15.30 14.84 18.08 16.64 13.80
-9999 -9999 -9999 -9999 -9999 -9999 -9999 -9999 -9999 -9999 -9999 -9999 -9999 -9999 38.68 50.40 51.58 66.65 60.53 62.99 59.94 60.58 50.50 48.85 41.93 34.85 30.33 28.56 28.57 31.10 32.66 27.98 19.52 23.79 23.89 23.85 24.63 23.02 25.15 23.07 22.64 24.95 23.05 24.29 28.19 25.41 24.49 23.30 29.21 29.16 31.38 35.15 30.49 32.90 31.10 32.63 31.90 30.06 23.44 22.36 20.82 20.25 19.98 18.70 15.93 16.08 19.32 19.72 14.62 16.02 15.99 15.95 15.57 15.50 16.46 16.38 14.30
-9999 -9999 -9999 -9999 -9999 -9999 -9999 -9999 -9999 -9999 -9999 -9999 -9999 -9999 -9999 27.58 51.22 66.89 72.76 73.16 54.58 49.83 41.99 36.34 33.33 29.64 29.82 29.60 23.61 26.28 27.82 29.58 22.95 20.90 20.11 25.11 27.02 21.75 24.02 23.24 24.50 26.86 24.73 23.92 24.68 23.55 22.44 21.16 26.82 31.14 33.66 35.42 30.73 30.64 31.05 30.82 30.19 27.74 21.49 21.95 19.09 19.39 19.03 17.02 15.97 15.57 17.42 16.39 15.61 17.15 17.99 16.29 14.48 15.44 14.70 14.80 14.45
-9999 -9999 -9999 -9999 -9999 -9999 -9999 -9999 -9999 -9999 -9999 -9999 -9999 -9999 -9999 37.40 53.10 58.45 74.97 86.80 60.69 43.61 39.42 36.61 34.10 34.23 37.37 36.69 31.08 26.83 27.00 29.21 23.37 24.79 29.62 24.72 24.92 26.03 26.53 22.85 23.50 26.39 27.33 24.11 23.98 22.42 19.71 21.94 26.81 32.94 33.44 34.16 33.63 32.47 31.56 31.49 29.40 29.31 20.33 21.94 20.53 16.98 18.33 16.84 15.36 14.87 16.40 15.05 15.97 17.08 18.55 17.35 17.24 16.12 13.97 14.02 13.44
-9999 -9999 -9999 -9999 -9999 -9999 -9999 -9999 -9999 -9999 -9999 -9999 -9999 -9999 28.67 33.28 47.91 61.64 71.43 62.26 58.22 42.58 44.38 54.05 44.71 41.72 38.07 32.55 32.41 34.40 32.14 26.96 24.50 27.27 27.54 25.42 24.18 23.70 25.80 23.79 25.08 27.81 28.74 25.85 25.43 26.49 27.45 22.10 34.95 40.60 35.28 33.90 35.51 29.58 32.01 27.86 26.10 23.74 23.36 21.90 22.84 19.15 18.06 16.36 16.51 16.80 17.45 15.19 17.08 16.73 19.62 15.83 13.92 13.08 13.00 13.76 12.05
-9999 -9999 -9999 -9999 -9999 -9999 -9999 -9999 -9999 -9999 -9999 -9999 -9999 -9999 35.81 40.15 44.30 48.69 60.82 71.36 60.82 47.74 45.74 43.95 47.78 46.43 42.77 35.97 39.64 37.42 28.26 29.72 25.02 26.09 23.17 29.96 19.97 24.71 25.22 21.97 22.60 23.89 28.82 32.88 40.26 31.26 28.52 25.64 32.11 38.39 34.92 33.30 32.44 30.73 26.17 23.09 24.59 22.51 21.03 18.66 20.14 19.22 16.55 16.34 15.83 16.27 17.54 14.45 14.38 17.79 17.72 14.13 12.75 12.89 11.60 11.88 10.18
-9999 -9999 -9999 -9999 -9999 -9999 -9999 -9999 -9999 -9999 -9999 -9999 -9999 -9999 38.25 41.49 37.74 49.42 57.68 70.17 66.24 52.21 42.95 43.85 43.53 39.34 41.14 37.76 33.17 29.86 26.32 22.82 30.48 25.36 24.42 26.26 25.82 27.22 23.13 21.93 22.65 26.97 25.86 24.57 43.43 32.38 28.66 29.83 34.50 39.46 37.37 36.67 38.23 26.88 21.54 19.92 18.63 16.90 15.12 14.91 12.96 15.51 15.23 15.20 14.67 13.81 13.26 11.01 13.87 14.62 14.96 13.19 11.53 10.27 10.86 9.07 8.59
-9999 -9999 -9999 -9999 -9999 -9999 -9999 -9999 -9999 -9999 -9999 -9999 -9999 37.99 42.00 49.87 47.89 47.43 59.05 63.56 68.04 50.66 36.91 37.17 36.46 34.44 49.61 43.91 28.61 32.35 29.94 25.93 26.13 24.26 22.02 23.49 26.05 23.43 23.16 23.51 22.95 23.60 23.57 25.69 26.74 28.77 26.81 28.83 30.99 34.08 32.22 30.60 28.06 23.12 24.12 20.60 17.83 14.86 14.27 13.97 14.68 13.55 14.73 13.74 13.52 14.33 12.92 13.11 14.03 12.71 12.28 13.28 12.29 11.01 9.99 8.77 9.44
-9999 -9999 -9999 -9999 -9999 -9999 -9999 -9999 -9999 -9999 -9999 -9999 42.23 41.79 43.94 45.10 47.60 55.41 73.03 73.48 68.39 58.95 43.98 46.90 42.61 34.64 48.79 38.97 32.25 31.36 29.71 27.29 26.81 27.20 27.87 24.06 27.69 26.91 28.22 24.32 22.88 23.36 24.29 25.22 25.37 26.54 27.11 29.08 24.48 30.28 28.83 28.70 25.56 22.43 25.15 19.63 17.88 14.54 13.56 13.59 13.91 13.24 15.25 12.47 12.92 15.58 14.51 16.99 15.00 12.38 12.34 12.80 11.92 8.83 7.81 10.01 11.22
-9999 -9999 -9999 -9999 -9999 -9999 -9999 -9999 -9999 -9999 35.37 35.26 39.66 39.28 37.71 44.19 46.23 66.74 77.19 88.91 77.60 58.91 49.72 38.67 44.84 36.98 46.49 37.51 31.40 38.15 29.65 26.82 25.44 26.46 29.15 27.23 27.92 26.19 26.02 24.60 22.02 23.82 24.54 24.95 24.15 25.34 27.35 27.98 30.37 29.64 30.74 30.67 26.93 26.26 23.61 18.96 15.72 14.04 14.87 14.97 13.67 13.48 13.65 12.33 12.42 14.21 13.59 14.65 15.65 13.33 12.81 11.53 10.32 10.11 9.81 11.34 13.19
-9999 -9999 -9999 -9999 -9999 -9999 33.20 26.63 31.22 42.79 43.94 45.86 51.87 48.05 41.90 37.40 54.09 61.87 73.01 79.81 66.44 50.31 42.90 36.39 43.93 36.87 50.62 46.68 35.65 29.43 27.61 25.74 29.78 26.73 29.86 28.58 27.96 27.20 25.07 20.98 22.12 22.96 22.93 24.38 21.97 24.21 24.05 26.69 29.75 28.32 28.33 31.25 25.32 24.64 22.97 18.93 16.86 14.77 15.27 14.74 14.07 14.02 13.94 12.53 13.71 12.24 12.20 14.81 15.87 14.83 12.87 11.54 11.08 8.80 10.57 11.48 12.23
-9999 -9999 -9999 -9999 -9999 34.77 37.63 41.02 40.25 36.60 42.80 44.83 51.24 47.62 32.80 40.34 49.71 63.01 54.42 64.13 54.47 48.07 49.23 35.79 33.25 47.56 39.29 38.80 29.18 25.17 23.26 24.25 22.65 22.66 20.99 22.83 26.35 22.93 23.44 18.69 19.38 21.47 21.78 22.41 20.72 21.78 23.34 24.56 26.42 23.49 26.33 23.50 21.17 20.28 19.01 19.74 17.20 15.21 14.18 14.74 15.47 14.47 13.17 13.78 12.62 13.33 13.15 13.67 15.57 17.06 15.25 12.65 11.56 8.27 11.43 12.63 11.81
-9999 -9999 -9999 -9999 30.45 32.70 35.05 37.96 38.58 39.80 39.03 46.28 47.41 46.57 51.56 42.94 45.99 57.44 44.22 51.20 52.50 56.59 44.67 38.91 37.63 37.69 35.78 37.42 45.70 32.14 21.18 19.66 18.76 20.00 21.11 21.60 21.32 20.28 18.15 18.54 19.76 19.78 20.57 16.55 19.24 20.04 23.12 22.31 23.10 21.30 21.47 21.64 20.49 19.11 19.21 17.54 18.94 15.35 13.58 14.07 14.34 14.89 13.55 13.89 13.14 13.18 13.09 15.87 16.71 17.13 16.88 13.93 12.78 13.26 16.33 14.26 12.36
33.57 40.22 40.63 51.44 39.61 40.90 45.52 43.52 41.86 46.21 43.41 49.31 49.34 57.21 53.24 48.74 48.48 46.75 42.83 46.07 52.65 48.29 45.87 43.39 41.07 40.74 28.73 40.01 45.21 26.40 22.89 19.23 21.32 21.63 21.87 24.58 17.93 19.65 25.41 20.02 22.18 21.58 24.81 20.79 21.99 26.95 21.03 22.45 22.01 23.16 19.99 21.06 20.39 20.00 17.74 16.52 15.57 13.80 13.54 15.32 14.96 13.86 16.05 14.95 13.56 12.40 13.58 16.59 21.39 21.99 18.28 17.26 18.27 15.07 16.18 10.55 13.03
42.08 45.25 52.19 59.32 60.84 64.39 53.57 46.70 48.45 55.81 51.78 50.54 53.67 54.46 50.27 53.56 44.56 39.78 39.80 47.31 43.91 42.20 45.42 43.75 36.32 41.73 44.69 62.85 45.89 35.09 21.13 22.76 19.07 25.45 22.10 18.61 17.91 18.79 22.48 21.41 23.14 22.40 23.57 23.78 27.80 27.36 24.22 22.03 19.80 24.95 22.16 23.05 21.31 18.86 19.23 18.05 16.05 15.67 17.42 17.48 16.67 17.93 19.46 16.74 17.32 16.92 17.53 18.85 19.60 21.00 21.34 17.54 15.36 14.58 13.87 13.07 12.89
