Rainfall_2007-2011/Rainfall_2007-06_ACTUAL.txt
ncols         180
nrows         290
xllcorner     -200000
yllcorner     -200000
cellsize      5000
NODATA_value  -9999
[rows 132 to 164 of 290, columns 75 to 149 of 180]
-9999 -9999 -9999 -9999 -9999 -9999 -9999 124.06 126.42 132.20 155.19 147.31 146.48 192.33 178.92 202.88 166.98 179.20 160.69 128.91 136.02 141.73 134.94 159.04 149.05 123.98 116.94 121.63 161.25 171.80 180.18 179.49 169.50 198.05 181.37 181.80 220.17 181.24 174.51 194.83 204.95 223.84 207.44 190.69 173.54 155.83 155.90 169.72 165.97 154.94 137.92 -9999 -9999 -9999 -9999 -9999 -9999 -9999 -9999 -9999 -9999 -9999 -9999 -9999 -9999 -9999 -9999 -9999 -9999 -9999 -9999 -9999 -9999 -9999 -9999
-9999 -9999 -9999 -9999 -9999 -9999 107.79 131.26 141.77 128.49 145.10 144.06 138.37 165.24 168.09 212.19 167.99 155.92 158.27 160.73 149.74 149.79 138.86 135.20 136.92 140.88 104.22 121.13 157.20 172.59 172.59 173.34 166.57 173.42 163.12 183.65 221.21 206.23 200.31 196.19 206.60 228.08 214.51 227.49 203.17 161.56 159.14 159.48 166.07 150.10 152.58 146.48 -9999 -9999 -9999 -9999 -9999 -9999 -9999 -9999 -9999 -9999 -9999 -9999 -9999 -9999 -9999 -9999 -9999 -9999 -9999 -9999 -9999 -9999 -9999
-9999 -9999 -9999 -9999 -9999 -9999 138.04 156.69 138.57 137.55 146.28 146.60 145.23 189.86 181.93 165.19 198.49 163.32 163.81 159.29 140.70 187.96 136.96 128.07 149.34 147.37 149.23 139.88 168.10 165.28 159.42 156.24 144.23 149.09 166.52 177.62 204.98 211.28 196.23 194.75 189.64 208.97 226.40 199.36 166.38 174.71 166.93 148.95 142.08 151.84 154.60 137.96 -9999 -9999 -9999 -9999 -9999 -9999 -9999 -9999 -9999 -9999 -9999 -9999 -9999 -9999 -9999 -9999 -9999 -9999 -9999 -9999 -9999 -9999 -9999
-9999 -9999 -9999 -9999 128.51 133.02 149.46 140.29 138.20 148.51 148.02 139.05 145.92 175.52 150.02 176.51 189.41 182.89 167.70 195.04 159.89 159.96 158.97 154.95 149.15 165.41 166.88 166.85 166.58 162.35 153.54 142.94 136.21 146.90 147.42 164.85 198.22 217.88 187.83 181.57 196.53 205.11 212.69 149.97 163.74 142.73 147.87 155.05 144.19 144.06 137.39 120.01 -9999 -9999 -9999 -9999 -9999 -9999 -9999 -9999 -9999 -9999 -9999 -9999 -9999 -9999 -9999 -9999 -9999 -9999 -9999 -9999 -9999 -9999 -9999
-9999 -9999 -9999 -9999 136.50 139.71 142.78 171.18 155.20 151.74 133.04 116.87 119.17 131.83 150.71 214.79 198.98 177.33 164.00 169.57 161.81 155.65 161.37 188.94 197.60 203.02 161.26 160.35 153.15 154.05 147.65 118.22 122.13 131.83 143.77 177.26 164.09 188.19 202.87 179.64 158.50 186.73 160.60 189.51 183.61 158.17 121.56 144.74 132.74 137.50 135.03 119.90 116.40 -9999 -9999 -9999 -9999 -9999 -9999 -9999 -9999 -9999 -9999 -9999 -9999 -9999 -9999 -9999 -9999 -9999 -9999 -9999 -9999 -9999 -9999
-9999 -9999 -9999 -9999 135.03 140.66 136.34 163.27 152.61 144.46 119.40 108.29 115.27 115.25 147.84 194.52 196.96 180.63 162.40 167.58 163.07 163.88 175.06 220.87 197.28 -9999 -9999 -9999 153.98 162.31 -9999 138.90 150.50 134.90 133.13 161.16 161.81 183.56 206.49 183.60 193.89 182.88 191.30 187.44 135.25 147.08 155.07 143.89 142.44 118.60 121.00 117.46 101.01 -9999 -9999 -9999 -9999 -9999 -9999 -9999 -9999 -9999 -9999 -9999 -9999 -9999 -9999 -9999 -9999 -9999 -9999 -9999 -9999 -9999 -9999
-9999 -9999 -9999 -9999 117.44 139.87 141.56 149.45 156.73 144.35 125.33 115.33 128.38 144.41 146.49 202.93 177.88 175.42 161.84 167.06 182.66 152.75 153.27 159.59 166.74 -9999 -9999 -9999 186.49 165.24 156.28 149.37 162.35 154.85 140.43 156.11 185.19 196.53 183.26 220.09 207.74 184.83 201.00 181.83 160.03 153.14 158.62 141.69 133.94 158.38 138.67 130.41 99.07 -9999 -9999 -9999 -9999 -9999 -9999 -9999 -9999 -9999 -9999 -9999 -9999 -9999 -9999 -9999 -9999 -9999 -9999 -9999 -9999 -9999 -9999
-9999 -9999 -9999 -9999 -9999 123.35 151.18 142.33 -9999 147.51 136.95 130.70 133.91 140.87 -9999 154.20 141.11 160.20 151.37 147.70 137.74 126.18 139.14 -9999 -9999 -9999 -9999 165.50 162.05 155.91 132.93 146.05 178.62 154.59 129.37 170.35 187.22 251.43 195.58 232.74 267.72 213.44 199.50 185.40 202.76 149.75 139.79 146.82 122.06 142.55 128.79 143.29 136.48 102.72 -9999 -9999 -9999 -9999 -9999 -9999 -9999 -9999 -9999 -9999 -9999 -9999 -9999 -9999 -9999 -9999 -9999 -9999 -9999 -9999 -9999
-9999 -9999 -9999 -9999 -9999 -9999 151.30 -9999 -9999 -9999 123.48 122.47 128.73 139.56 149.09 -9999 -9999 142.65 147.20 144.80 142.26 -9999 -9999 -9999 -9999 -9999 127.09 157.03 181.16 156.21 135.35 145.78 172.58 160.05 154.85 165.44 195.41 228.75 242.23 191.75 245.10 252.35 258.67 223.54 216.43 198.61 179.13 126.96 153.17 149.99 125.32 139.25 137.38 128.72 -9999 -9999 -9999 -9999 -9999 -9999 -9999 -9999 -9999 -9999 -9999 -9999 -9999 -9999 -9999 -9999 -9999 -9999 -9999 -9999 -9999
-9999 -9999 -9999 -9999 -9999 -9999 146.51 139.81 -9999 -9999 -9999 111.34 126.19 146.02 141.27 -9999 -9999 -9999 -9999 132.42 -9999 -9999 -9999 -9999 -9999 -9999 124.91 150.83 147.77 151.10 158.32 159.73 163.66 149.23 142.19 165.32 188.66 231.76 203.94 189.38 238.45 245.16 275.21 244.32 204.44 209.36 173.58 147.44 143.99 139.32 120.21 126.94 126.14 93.02 -9999 -9999 -9999 -9999 -9999 -9999 -9999 -9999 -9999 -9999 -9999 -9999 -9999 -9999 -9999 -9999 -9999 -9999 -9999 -9999 -9999
-9999 -9999 -9999 -9999 -9999 -9999 -9999 153.96 -9999 -9999 -9999 -9999 119.44 131.94 126.76 -9999 -9999 -9999 -9999 -9999 -9999 -9999 -9999 -9999 -9999 123.92 133.55 155.85 155.38 168.94 161.12 142.58 136.09 175.40 148.32 139.42 166.38 215.07 261.09 221.32 195.99 254.86 208.49 211.85 201.91 170.39 143.65 167.07 166.28 133.02 121.43 119.60 131.87 122.29 103.92 -9999 -9999 -9999 -9999 -9999 -9999 -9999 -9999 -9999 -9999 -9999 -9999 -9999 -9999 -9999 -9999 -9999 -9999 -9999 -9999
-9999 -9999 -9999 -9999 -9999 -9999 -9999 163.05 -9999 -9999 -9999 -9999 -9999 -9999 -9999 -9999 -9999 -9999 -9999 -9999 -9999 -9999 -9999 -9999 -9999 111.62 122.20 136.49 152.58 156.70 162.54 162.75 143.88 170.23 145.72 170.51 151.66 147.30 219.96 235.82 224.54 170.33 233.00 283.19 237.81 205.61 180.21 144.33 152.70 140.18 133.16 123.08 126.44 125.77 109.92 99.57 -9999 -9999 -9999 -9999 -9999 -9999 -9999 -9999 -9999 -9999 -9999 -9999 -9999 -9999 -9999 -9999 -9999 -9999 -9999
-9999 -9999 -9999 -9999 -9999 -9999 -9999 -9999 -9999 -9999 -9999 -9999 -9999 -9999 -9999 -9999 -9999 -9999 -9999 -9999 -9999 -9999 -9999 -9999 95.30 109.96 121.89 139.75 175.94 153.36 234.43 215.61 149.60 132.51 141.25 133.89 172.77 117.33 165.02 255.69 230.19 165.77 200.29 218.09 217.57 200.52 189.44 167.20 158.68 138.71 122.62 98.28 111.17 126.87 117.91 110.72 -9999 -9999 -9999 -9999 -9999 -9999 -9999 -9999 -9999 -9999 -9999 -9999 -9999 -9999 -9999 -9999 -9999 -9999 -9999
-9999 -9999 -9999 -9999 -9999 -9999 -9999 -9999 -9999 -9999 -9999 -9999 -9999 -9999 -9999 -9999 -9999 -9999 -9999 -9999 -9999 -9999 -9999 -9999 94.92 98.03 139.16 171.77 217.08 176.79 155.22 186.96 173.44 162.40 154.31 147.38 144.40 129.22 137.86 140.98 238.96 247.81 236.19 196.88 185.59 176.08 168.63 191.03 157.67 137.45 127.44 140.04 124.87 132.24 123.63 122.34 124.57 124.19 125.21 -9999 -9999 -9999 -9999 -9999 -9999 -9999 -9999 -9999 -9999 -9999 -9999 -9999 -9999 -9999 -9999
145.58 -9999 -9999 -9999 -9999 -9999 -9999 -9999 -9999 -9999 -9999 -9999 -9999 -9999 -9999 -9999 -9999 -9999 -9999 -9999 -9999 -9999 -9999 -9999 87.20 111.43 135.39 132.99 181.04 186.46 216.18 197.50 235.23 189.63 189.28 174.57 177.57 154.79 113.12 92.04 167.80 177.27 203.77 196.09 183.87 158.49 173.14 169.68 148.85 136.50 147.92 153.57 150.01 143.82 132.68 131.17 173.05 166.80 164.00 136.93 138.53 -9999 -9999 -9999 -9999 -9999 -9999 -9999 -9999 -9999 -9999 -9999 -9999 -9999 -9999
-9999 -9999 -9999 -9999 -9999 -9999 -9999 -9999 -9999 -9999 -9999 -9999 -9999 -9999 -9999 -9999 -9999 -9999 -9999 -9999 -9999 -9999 -9999 -9999 78.62 123.14 160.17 202.77 241.43 242.07 220.88 231.82 225.98 237.13 222.75 251.98 230.39 176.17 144.08 145.31 142.99 144.42 195.81 190.10 226.05 189.08 181.33 183.84 170.32 155.41 146.56 165.24 159.00 157.20 158.55 143.39 170.83 202.23 188.98 201.45 191.89 178.83 135.59 -9999 -9999 -9999 -9999 -9999 -9999 -9999 -9999 -9999 -9999 -9999 -9999
-9999 -9999 -9999 -9999 -9999 -9999 -9999 -9999 -9999 -9999 -9999 -9999 -9999 -9999 -9999 -9999 -9999 -9999 -9999 -9999 -9999 -9999 -9999 -9999 86.14 109.68 151.50 171.00 189.62 273.60 303.21 231.69 242.73 228.09 260.85 278.09 209.96 175.18 153.57 173.15 138.70 233.33 216.25 203.48 235.73 247.62 222.03 216.29 207.39 159.13 158.21 157.00 159.35 183.71 171.11 151.25 167.06 187.22 138.88 162.37 176.19 184.46 149.47 167.40 -9999 -9999 -9999 -9999 -9999 -9999 -9999 -9999 -9999 -9999 -9999
-9999 -9999 -9999 -9999 -9999 -9999 -9999 -9999 -9999 -9999 -9999 -9999 110.18 102.54 96.56 -9999 -9999 -9999 -9999 -9999 -9999 -9999 -9999 -9999 -9999 83.49 95.88 125.80 139.02 171.35 243.89 204.65 182.29 210.92 224.86 215.88 204.50 192.39 193.24 177.36 170.47 214.60 212.68 253.86 276.17 244.73 205.61 207.52 164.89 156.97 150.56 133.03 157.72 158.45 183.76 211.79 176.56 219.90 206.99 204.97 214.05 167.37 213.42 194.10 162.13 -9999 -9999 -9999 -9999 -9999 -9999 -9999 -9999 -9999 -9999
-9999 -9999 -9999 -9999 -9999 -9999 -9999 -9999 -9999 -9999 -9999 -9999 109.09 119.06 -9999 -9999 -9999 -9999 -9999 -9999 -9999 -9999 -9999 -9999 -9999 -9999 94.06 122.19 162.53 161.22 235.07 191.35 207.63 177.81 160.99 183.37 152.74 180.70 249.02 172.18 152.38 219.80 225.52 196.35 218.86 238.99 171.88 213.55 174.39 166.48 154.73 155.78 156.15 160.57 158.89 187.74 170.71 186.25 166.02 192.15 243.82 232.12 256.68 233.55 237.55 -9999 -9999 -9999 -9999 -9999 -9999 -9999 -9999 -9999 -9999
-9999 -9999 -9999 -9999 -9999 -9999 -9999 -9999 -9999 -9999 -9999 106.66 157.75 142.47 121.35 -9999 -9999 -9999 -9999 -9999 -9999 -9999 -9999 -9999 -9999 -9999 84.13 122.62 153.69 147.95 180.95 186.12 180.90 172.07 173.81 177.74 177.41 181.84 173.42 222.18 168.84 169.91 215.12 224.58 252.09 216.69 241.88 222.11 191.92 185.21 181.66 171.63 161.64 179.96 181.79 152.95 159.42 188.12 187.40 208.88 232.65 235.92 269.27 248.33 277.12 207.39 -9999 -9999 -9999 -9999 -9999 -9999 -9999 -9999 -9999
-9999 -9999 -9999 -9999 -9999 -9999 -9999 -9999 -9999 -9999 115.27 158.37 153.01 167.36 110.99 -9999 -9999 -9999 -9999 -9999 -9999 -9999 -9999 -9999 -9999 -9999 102.47 128.39 152.83 128.16 152.06 145.21 180.89 173.65 172.44 178.80 184.91 157.95 189.70 189.95 193.67 178.95 236.97 183.99 208.89 192.81 246.28 225.15 198.57 193.15 173.03 176.58 167.28 163.33 176.65 158.03 154.10 158.98 165.82 170.07 193.66 221.15 283.69 297.36 268.27 179.65 -9999 -9999 -9999 -9999 -9999 -9999 -9999 -9999 -9999
-9999 -9999 -9999 -9999 -9999 -9999 -9999 -9999 -9999 83.14 109.53 186.61 159.72 139.91 -9999 -9999 -9999 -9999 -9999 -9999 -9999 -9999 -9999 -9999 -9999 -9999 -9999 122.06 127.49 118.54 181.56 146.33 165.93 165.39 164.56 165.49 172.46 160.52 177.91 205.29 209.88 217.03 247.69 256.95 255.66 261.64 243.86 241.69 237.00 181.15 167.61 159.59 136.29 142.26 152.25 183.15 173.34 153.15 131.12 146.95 152.91 178.19 219.32 273.53 238.11 243.65 213.64 184.89 -9999 -9999 -9999 -9999 -9999 -9999 -9999
-9999 -9999 -9999 -9999 -9999 -9999 -9999 -9999 -9999 108.67 161.84 141.19 162.24 143.78 -9999 -9999 -9999 -9999 -9999 -9999 -9999 -9999 -9999 -9999 -9999 -9999 -9999 -9999 121.38 108.74 128.01 133.88 133.06 145.67 149.52 161.95 176.70 151.91 192.12 180.43 228.26 221.71 234.18 227.65 275.54 298.46 216.97 286.10 251.85 227.17 188.40 169.77 122.58 128.78 148.36 126.13 149.94 154.30 145.21 145.68 165.82 200.22 212.42 230.83 207.99 283.54 258.79 208.48 -9999 -9999 -9999 -9999 -9999 -9999 -9999
-9999 -9999 -9999 -9999 -9999 -9999 -9999 -9999 -9999 113.32 127.47 116.95 138.49 -9999 -9999 -9999 -9999 -9999 -9999 -9999 -9999 -9999 -9999 -9999 -9999 -9999 -9999 -9999 107.53 116.64 129.24 -9999 129.20 -9999 140.28 123.56 139.13 138.99 146.22 166.89 178.26 211.66 241.92 207.20 221.75 297.09 270.59 273.52 255.45 255.62 225.29 231.82 163.59 158.20 154.72 143.75 161.29 176.90 154.04 175.04 171.55 188.64 217.61 232.88 228.45 250.95 273.27 229.55 209.14 196.47 -9999 -9999 -9999 -9999 -9999
-9999 -9999 -9999 -9999 -9999 -9999 -9999 -9999 95.27 104.67 118.35 -9999 -9999 -9999 -9999 -9999 -9999 -9999 -9999 -9999 -9999 -9999 -9999 -9999 -9999 -9999 -9999 -9999 107.12 110.95 121.22 -9999 -9999 -9999 136.55 137.80 136.88 144.83 135.14 147.37 167.99 179.74 210.92 227.04 206.35 265.32 305.49 268.60 265.76 255.50 235.81 212.73 174.76 155.90 143.11 164.85 175.74 191.20 187.22 186.56 158.00 191.71 219.22 247.95 261.22 260.93 260.21 207.23 181.21 180.96 -9999 -9999 -9999 -9999 -9999
-9999 -9999 -9999 -9999 -9999 -9999 -9999 -9999 -9999 -9999 -9999 -9999 -9999 -9999 -9999 -9999 -9999 -9999 -9999 -9999 -9999 -9999 -9999 -9999 -9999 -9999 -9999 -9999 -9999 -9999 -9999 -9999 -9999 137.92 153.39 157.91 176.51 180.75 192.31 197.08 174.64 186.34 223.05 220.14 220.66 222.60 242.47 256.36 255.29 243.55 225.31 194.34 173.95 153.53 157.43 155.72 181.27 196.97 204.04 194.95 204.21 242.24 238.55 266.13 252.38 267.45 240.17 209.30 197.57 -9999 -9999 -9999 -9999 -9999 -9999
-9999 -9999 -9999 -9999 -9999 -9999 -9999 -9999 -9999 -9999 -9999 -9999 -9999 -9999 -9999 -9999 -9999 -9999 -9999 -9999 -9999 -9999 -9999 -9999 -9999 -9999 -9999 -9999 -9999 -9999 -9999 -9999 -9999 151.59 179.45 171.94 198.38 238.30 225.51 189.27 200.99 171.01 189.57 193.23 209.50 216.05 240.95 234.98 251.68 262.66 256.34 251.50 199.48 170.18 161.94 169.26 186.96 199.41 203.71 208.46 218.10 278.05 271.40 240.49 239.79 250.12 248.66 214.87 220.60 -9999 -9999 -9999 -9999 -9999 -9999
-9999 -9999 -9999 -9999 -9999 -9999 -9999 -9999 -9999 -9999 -9999 -9999 -9999 -9999 -9999 -9999 -9999 -9999 -9999 -9999 -9999 -9999 -9999 -9999 -9999 -9999 -9999 -9999 -9999 -9999 -9999 -9999 -9999 145.10 146.48 154.99 186.75 237.98 212.52 187.29 185.99 176.32 195.03 184.39 191.41 200.79 196.86 268.62 254.58 275.80 279.85 257.05 202.84 181.30 172.88 179.74 171.50 192.63 190.09 197.11 215.59 247.93 240.64 241.38 245.44 272.22 269.68 232.11 215.76 -9999 -9999 -9999 -9999 -9999 -9999
-9999 -9999 -9999 -9999 -9999 -9999 -9999 -9999 -9999 -9999 -9999 -9999 -9999 -9999 -9999 -9999 -9999 -9999 -9999 -9999 -9999 -9999 -9999 -9999 -9999 -9999 -9999 -9999 -9999 -9999 -9999 165.43 144.59 145.22 145.07 153.54 219.06 247.46 215.42 218.44 175.42 182.83 194.68 198.43 206.41 227.88 238.26 238.05 223.34 232.10 230.34 212.07 215.02 194.25 191.24 187.22 181.61 187.52 178.72 180.30 205.81 222.67 235.76 260.08 255.43 254.88 287.63 264.82 238.46 223.48 -9999 -9999 -9999 -9999 -9999
-9999 -9999 -9999 -9999 -9999 -9999 -9999 -9999 -9999 -9999 -9999 -9999 -9999 -9999 -9999 -9999 -9999 -9999 -9999 -9999 -9999 -9999 -9999 -9999 -9999 -9999 -9999 -9999 -9999 -9999 -9999 168.13 159.12 150.71 164.78 179.92 189.59 185.50 196.66 167.70 174.75 197.26 165.58 172.09 175.06 221.75 207.62 251.07 226.27 256.05 260.96 262.71 213.98 201.21 196.33 187.01 190.40 187.85 183.93 185.58 200.59 206.85 236.55 275.83 262.63 236.32 253.93 262.50 241.30 219.08 -9999 -9999 -9999 -9999 -9999
-9999 -9999 -9999 -9999 -9999 -9999 -9999 -9999 -9999 -9999 -9999 -9999 -9999 -9999 -9999 -9999 -9999 -9999 -9999 -9999 -9999 -9999 -9999 -9999 -9999 -9999 -9999 -9999 -9999 -9999 -9999 150.35 151.06 151.20 166.36 174.14 166.47 182.19 182.45 176.01 165.24 161.73 147.32 161.08 192.96 196.92 227.39 221.61 262.56 229.18 236.11 236.53 228.51 205.92 196.60 180.87 192.11 183.29 193.51 199.30 204.80 216.37 233.85 250.68 261.23 268.54 235.75 253.53 250.01 243.15 244.21 -9999 -9999 -9999 -9999
-9999 -9999 -9999 -9999 -9999 -9999 -9999 -9999 -9999 -9999 -9999 -9999 -9999 -9999 -9999 -9999 -9999 -9999 -9999 -9999 -9999 -9999 -9999 -9999 -9999 -9999 -9999 -9999 -9999 -9999 -9999 151.05 155.17 137.24 137.77 153.42 155.74 165.63 173.06 172.70 143.63 153.14 151.82 180.11 209.70 275.74 263.33 252.87 258.20 240.19 199.74 228.76 235.18 233.29 208.71 187.18 194.97 184.06 202.27 206.13 202.79 202.84 219.07 237.89 235.75 263.46 231.81 244.00 228.61 246.16 255.95 261.30 -9999 -9999 -9999
-9999 -9999 -9999 -9999 -9999 -9999 -9999 -9999 -9999 -9999 -9999 -9999 -9999 -9999 -9999 -9999 -9999 -9999 -9999 -9999 -9999 -9999 -9999 -9999 -9999 -9999 -9999 -9999 -9999 -9999 -9999 159.03 155.66 130.56 131.04 154.25 159.57 161.76 144.61 167.79 164.18 173.96 181.96 192.58 195.12 229.45 193.05 213.34 220.20 241.19 237.67 238.03 214.45 218.42 223.11 209.44 202.41 200.49 219.38 212.30 219.13 212.57 216.33 228.00 240.72 249.18 249.45 248.72 237.60 261.50 271.63 287.28 -9999 -9999 -9999
