Rainfall_2007-2011/Rainfall_2009-08_ACTUAL.txt
ncols         180
nrows         290
xllcorner     -200000
yllcorner     -200000
cellsize      5000
NODATA_value  -9999
[rows 102 to 135 of 290, columns 75 to 149 of 180]
-9999 268.60 -9999 300.93 357.61 495.15 379.09 484.56 427.39 416.53 373.07 484.77 383.82 344.23 245.78 239.46 288.06 205.26 156.80 213.18 273.73 266.34 170.61 165.63 169.23 156.34 129.50 104.90 105.67 115.93 160.96 130.32 127.23 117.12 119.16 111.42 86.34 88.95 -9999 -9999 -9999 -9999 -9999 -9999 -9999 -9999 -9999 -9999 -9999 -9999 -9999 -9999 -9999 -9999 -9999 -9999 -9999 -9999 -9999 -9999 -9999 -9999 -9999 -9999 -9999 -9999 -9999 -9999 -9999 -9999 -9999 -9999 -9999 -9999 -9999
-9999 -9999 232.84 254.05 316.08 307.55 437.69 506.55 340.11 370.61 470.63 385.48 380.96 395.32 357.44 286.08 174.84 281.46 269.59 312.10 263.85 211.22 241.89 227.81 173.21 137.44 117.22 109.48 113.33 141.67 117.29 104.51 125.99 103.76 106.39 95.79 -9999 -9999 -9999 -9999 -9999 -9999 -9999 -9999 -9999 -9999 -9999 -9999 -9999 -9999 -9999 -9999 -9999 -9999 -9999 -9999 -9999 -9999 -9999 -9999 -9999 -9999 -9999 -9999 -9999 -9999 -9999 -9999 -9999 -9999 -9999 -9999 -9999 -9999 -9999
-9999 281.30 286.54 314.92 363.31 328.57 353.89 399.36 236.24 370.96 398.85 338.97 291.02 277.88 288.54 288.85 311.55 205.57 248.20 232.07 231.55 255.86 189.37 189.08 177.15 146.19 125.00 111.86 107.60 104.17 89.15 97.41 99.86 92.59 97.99 -9999 -9999 -9999 -9999 -9999 -9999 -9999 -9999 -9999 -9999 -9999 -9999 -9999 -9999 -9999 -9999 -9999 -9999 -9999 -9999 -9999 -9999 -9999 -9999 -9999 -9999 -9999 -9999 -9999 -9999 -9999 -9999 -9999 -9999 -9999 -9999 -9999 -9999 -9999 -9999
-9999 294.16 361.48 327.77 359.87 303.15 331.46 401.33 476.77 529.39 448.51 386.71 338.76 390.14 273.76 273.96 237.85 230.31 269.78 210.81 168.49 146.39 180.70 136.80 142.78 131.13 99.30 84.07 96.28 84.25 83.57 95.79 92.39 89.12 83.94 -9999 -9999 -9999 -9999 -9999 -9999 -9999 -9999 -9999 -9999 -9999 -9999 -9999 -9999 -9999 -9999 -9999 -9999 -9999 -9999 -9999 -9999 -9999 -9999 -9999 -9999 -9999 -9999 -9999 -9999 -9999 -9999 -9999 -9999 -9999 -9999 -9999 -9999 -9999 -9999
267.30 343.52 356.32 361.52 367.57 364.57 455.58 462.39 515.81 490.70 582.54 374.17 413.56 317.94 382.17 300.02 336.63 359.90 257.38 155.95 190.49 181.06 147.27 140.25 119.07 114.98 88.03 83.24 87.43 87.29 90.10 87.05 91.88 79.08 82.94 78.16 -9999 -9999 -9999 -9999 -9999 -9999 -9999 -9999 -9999 -9999 -9999 -9999 -9999 -9999 -9999 -9999 -9999 -9999 -9999 -9999 -9999 -9999 -9999 -9999 -9999 -9999 -9999 -9999 -9999 -9999 -9999 -9999 -9999 -9999 -9999 -9999 -9999 -9999 -9999
228.14 312.23 350.03 377.30 300.74 385.31 385.30 358.09 472.86 585.21 594.82 418.47 396.73 389.57 309.95 246.58 362.87 296.45 283.36 257.39 189.30 181.89 167.37 135.35 148.31 155.02 140.81 155.26 127.62 87.85 77.77 99.04 119.99 99.84 101.30 96.56 96.11 -9999 -9999 -9999 -9999 -9999 -9999 -9999 -9999 -9999 -9999 -9999 -9999 -9999 -9999 -9999 -9999 -9999 -9999 -9999 -9999 -9999 -9999 -9999 -9999 -9999 -9999 -9999 -9999 -9999 -9999 -9999 -9999 -9999 -9999 -9999 -9999 -9999 -9999
284.58 301.65 355.32 375.53 387.84 412.47 381.37 353.46 487.77 576.98 796.73 431.55 455.35 392.12 330.48 311.07 360.39 280.28 230.10 187.32 184.02 160.75 186.88 200.02 222.58 191.71 162.47 144.75 126.24 121.48 87.31 105.40 96.54 111.34 112.32 104.42 94.35 80.62 -9999 -9999 -9999 -9999 -9999 -9999 -9999 -9999 -9999 -9999 -9999 -9999 -9999 -9999 -9999 -9999 -9999 -9999 -9999 -9999 -9999 -9999 -9999 -9999 -9999 -9999 -9999 -9999 -9999 -9999 -9999 -9999 -9999 -9999 -9999 -9999 -9999
312.83 336.34 303.68 447.47 592.69 402.74 349.23 404.39 519.02 494.65 428.25 395.54 568.63 349.44 316.58 304.52 324.09 259.83 206.27 172.32 170.38 178.57 272.91 250.21 223.64 188.38 149.17 140.26 130.82 118.03 103.60 100.64 90.49 82.89 94.56 95.52 89.41 -9999 -9999 -9999 -9999 -9999 -9999 -9999 -9999 -9999 -9999 -9999 -9999 -9999 -9999 -9999 -9999 -9999 -9999 -9999 -9999 -9999 -9999 -9999 -9999 -9999 -9999 -9999 -9999 -9999 -9999 -9999 -9999 -9999 -9999 -9999 -9999 -9999 -9999
273.49 281.91 347.98 384.71 355.79 367.46 466.96 379.83 480.52 457.62 446.12 404.74 325.51 419.23 341.96 239.04 211.68 177.33 143.13 163.78 154.41 180.09 157.65 160.14 146.75 156.66 160.72 140.59 130.38 112.72 98.93 95.59 85.08 -9999 -9999 -9999 -9999 -9999 -9999 -9999 -9999 -9999 -9999 -9999 -9999 -9999 -9999 -9999 -9999 -9999 -9999 -9999 -9999 -9999 -9999 -9999 -9999 -9999 -9999 -9999 -9999 -9999 -9999 -9999 -9999 -9999 -9999 -9999 -9999 -9999 -9999 -9999 -9999 -9999 -9999
305.24 288.38 370.81 375.27 301.91 481.44 461.11 487.32 488.53 311.14 363.00 383.67 277.24 296.75 317.19 225.55 214.08 186.43 198.84 220.57 152.35 145.22 139.97 135.23 140.79 143.83 155.58 136.04 127.33 123.85 105.00 -9999 -9999 -9999 -9999 -9999 -9999 -9999 -9999 -9999 -9999 -9999 -9999 -9999 -9999 -9999 -9999 -9999 -9999 -9999 -9999 -9999 -9999 -9999 -9999 -9999 -9999 -9999 -9999 -9999 -9999 -9999 -9999 -9999 -9999 -9999 -9999 -9999 -9999 -9999 -9999 -9999 -9999 -9999 -9999
296.67 358.70 373.02 335.00 445.63 456.80 496.01 502.65 461.98 347.05 364.54 347.95 249.96 233.77 214.35 190.50 232.55 184.60 248.07 243.27 188.87 156.80 140.92 118.47 124.65 121.22 117.64 116.16 129.35 118.72 93.44 -9999 -9999 -9999 -9999 -9999 -9999 -9999 -9999 -9999 -9999 -9999 -9999 -9999 -9999 -9999 -9999 -9999 -9999 -9999 -9999 -9999 -9999 -9999 -9999 -9999 -9999 -9999 -9999 -9999 -9999 -9999 -9999 -9999 -9999 -9999 -9999 -9999 -9999 -9999 -9999 -9999 -9999 -9999 -9999
378.40 326.28 -9999 344.05 457.48 471.32 493.71 451.73 431.33 316.48 253.77 271.52 254.86 254.26 258.42 226.42 346.74 336.75 293.88 276.50 201.50 151.63 152.91 102.89 104.67 111.17 108.50 90.94 82.32 -9999 -9999 -9999 -9999 -9999 85.85 81.53 76.74 70.14 -9999 -9999 -9999 -9999 -9999 -9999 -9999 -9999 -9999 -9999 -9999 -9999 -9999 -9999 -9999 -9999 -9999 -9999 -9999 -9999 -9999 -9999 -9999 -9999 -9999 -9999 -9999 -9999 -9999 -9999 -9999 -9999 -9999 -9999 -9999 -9999 -9999
279.24 413.40 -9999 339.79 452.24 419.63 366.88 469.29 324.94 328.87 247.61 257.99 256.18 234.13 289.96 257.36 258.21 290.02 232.95 224.40 194.98 160.06 165.07 130.57 115.54 111.20 116.02 102.72 95.15 80.19 80.02 -9999 -9999 97.41 89.41 82.15 68.05 67.49 72.23 63.67 -9999 -9999 -9999 -9999 -9999 -9999 -9999 -9999 -9999 -9999 -9999 -9999 -9999 -9999 -9999 -9999 -9999 -9999 -9999 -9999 -9999 -9999 -9999 -9999 -9999 -9999 -9999 -9999 -9999 -9999 -9999 -9999 -9999 -9999 -9999
287.25 366.49 290.10 335.64 319.71 371.85 371.48 383.90 308.63 288.98 298.72 266.24 256.36 210.15 201.27 217.41 212.62 211.08 214.11 212.96 200.91 184.31 174.52 149.62 136.10 127.19 107.13 98.01 92.08 80.61 94.61 97.65 94.88 89.49 69.82 69.45 64.39 67.42 63.05 91.28 63.07 -9999 -9999 -9999 -9999 -9999 -9999 -9999 -9999 -9999 -9999 -9999 -9999 -9999 -9999 -9999 -9999 -9999 -9999 -9999 -9999 -9999 -9999 -9999 -9999 -9999 -9999 -9999 -9999 -9999 -9999 -9999 -9999 -9999 -9999
343.02 298.07 311.95 292.00 352.12 335.95 299.51 319.66 -9999 327.94 374.10 299.66 238.11 204.97 162.87 170.63 161.04 194.04 201.00 184.88 196.70 176.55 183.12 157.95 126.02 128.89 106.73 114.29 106.73 96.50 86.75 86.37 90.36 82.26 76.04 72.74 68.82 68.51 84.17 98.03 80.19 72.90 83.76 60.77 -9999 -9999 -9999 -9999 -9999 -9999 -9999 -9999 -9999 -9999 -9999 -9999 -9999 -9999 -9999 -9999 -9999 -9999 -9999 -9999 -9999 -9999 -9999 -9999 -9999 -9999 -9999 -9999 -9999 -9999 -9999
243.39 273.19 340.31 260.01 -9999 274.33 284.70 305.41 -9999 330.94 423.39 334.02 277.12 215.62 178.24 155.73 132.93 164.74 174.59 178.57 191.28 199.72 197.29 177.74 138.49 140.20 146.79 143.74 147.24 132.71 98.54 95.39 103.98 73.16 85.99 104.33 109.34 101.76 107.16 102.90 91.07 95.97 88.66 73.87 -9999 -9999 -9999 -9999 -9999 -9999 -9999 -9999 -9999 -9999 -9999 -9999 -9999 -9999 -9999 -9999 -9999 -9999 -9999 -9999 -9999 -9999 -9999 -9999 -9999 -9999 -9999 -9999 -9999 -9999 -9999
209.86 278.91 286.42 231.85 -9999 -9999 280.86 282.20 317.36 348.85 312.28 284.64 272.06 272.17 220.81 175.95 164.93 220.68 187.28 163.29 187.71 186.79 191.11 189.55 190.75 183.60 189.09 172.23 142.27 117.83 112.45 102.91 107.99 101.46 119.43 112.49 128.94 121.62 118.41 103.40 77.25 79.27 73.96 78.24 71.44 -9999 -9999 -9999 -9999 -9999 -9999 -9999 -9999 -9999 -9999 -9999 -9999 -9999 -9999 -9999 -9999 -9999 -9999 -9999 -9999 -9999 -9999 -9999 -9999 -9999 -9999 -9999 -9999 -9999 -9999
207.96 276.65 -9999 -9999 -9999 -9999 -9999 281.65 271.89 341.61 274.33 255.07 272.13 297.83 279.39 237.53 231.43 225.91 211.57 183.36 168.31 162.52 165.50 172.72 175.26 175.89 178.98 149.36 138.12 122.64 114.70 134.91 126.02 102.64 111.51 98.96 106.28 111.63 109.38 104.30 81.33 88.78 75.16 79.81 61.78 -9999 -9999 -9999 -9999 -9999 -9999 -9999 -9999 -9999 -9999 -9999 -9999 -9999 -9999 -9999 -9999 -9999 -9999 -9999 -9999 -9999 -9999 -9999 -9999 -9999 -9999 -9999 -9999 -9999 -9999
246.14 280.45 280.52 295.44 310.22 -9999 -9999 -9999 271.77 299.39 266.63 257.16 266.75 273.80 286.23 287.15 264.40 252.15 215.65 194.93 152.47 99.53 144.13 147.22 140.00 156.21 148.68 135.32 164.50 152.45 161.24 174.85 150.77 122.44 119.38 83.07 92.78 102.09 102.19 111.07 84.56 69.47 70.44 76.84 62.98 66.45 -9999 -9999 -9999 -9999 -9999 -9999 -9999 -9999 -9999 -9999 -9999 -9999 -9999 -9999 -9999 -9999 -9999 -9999 -9999 -9999 -9999 -9999 -9999 -9999 -9999 -9999 -9999 -9999 -9999
329.65 330.58 360.92 378.04 413.97 327.80 -9999 -9999 -9999 224.46 215.01 214.07 227.28 216.18 228.90 256.88 223.35 222.29 193.41 170.68 141.71 144.44 134.50 138.55 140.13 168.13 157.30 174.01 131.58 145.33 137.58 137.78 156.55 145.51 123.81 107.99 101.57 100.04 86.07 91.20 74.43 63.86 59.89 75.35 72.79 62.82 60.16 -9999 -9999 -9999 -9999 -9999 -9999 -9999 -9999 -9999 -9999 -9999 -9999 -9999 -9999 -9999 -9999 -9999 -9999 -9999 -9999 -9999 -9999 -9999 -9999 -9999 -9999 -9999 -9999
393.51 338.23 269.39 357.15 408.65 317.98 -9999 -9999 -9999 -9999 -9999 173.12 191.79 200.70 204.57 186.55 198.77 207.34 234.54 216.73 175.83 147.68 144.80 145.51 143.77 149.44 145.10 179.13 133.78 123.94 146.03 132.30 103.40 117.95 105.01 116.28 97.10 96.79 79.72 69.21 74.74 63.69 58.05 56.18 53.66 67.46 63.97 55.33 -9999 -9999 -9999 -9999 -9999 -9999 -9999 -9999 -9999 -9999 -9999 -9999 -9999 -9999 -9999 -9999 -9999 -9999 -9999 -9999 -9999 -9999 -9999 -9999 -9999 -9999 -9999
316.64 -9999 281.58 304.56 410.35 313.97 -9999 -9999 -9999 -9999 -9999 149.23 188.47 214.62 203.84 215.58 252.11 233.60 241.32 219.54 204.93 174.62 180.33 170.58 159.02 169.37 203.67 163.20 211.89 134.71 151.89 124.72 145.91 144.34 121.50 96.92 95.42 86.80 73.99 71.80 79.95 84.87 64.06 57.71 43.72 57.69 72.21 61.10 56.97 47.48 -9999 -9999 -9999 -9999 -9999 -9999 -9999 -9999 -9999 -9999 -9999 -9999 -9999 -9999 -9999 -9999 -9999 -9999 -9999 -9999 -9999 -9999 -9999 -9999 -9999
260.65 -9999 -9999 323.81 345.90 294.61 -9999 -9999 -9999 -9999 -9999 162.82 172.77 176.86 179.12 191.42 202.54 201.75 216.25 205.43 251.78 226.93 223.60 214.74 207.21 237.53 228.11 201.13 251.17 215.30 168.59 175.55 130.38 103.68 111.43 85.79 89.51 86.67 87.04 75.38 67.57 73.76 86.98 83.03 65.41 60.07 57.43 67.33 56.42 50.87 -9999 -9999 -9999 -9999 -9999 -9999 -9999 -9999 -9999 -9999 -9999 -9999 -9999 -9999 -9999 -9999 -9999 -9999 -9999 -9999 -9999 -9999 -9999 -9999 -9999
-9999 -9999 -9999 252.02 266.05 262.20 -9999 -9999 -9999 -9999 -9999 135.82 118.82 141.47 162.59 177.59 190.83 211.90 261.04 302.80 274.70 292.13 316.49 234.67 194.89 209.00 211.39 272.37 263.15 208.31 203.23 196.40 138.94 134.51 108.79 109.78 99.08 72.85 84.29 93.64 86.23 86.36 96.37 90.96 82.23 60.01 59.03 62.64 68.52 56.76 -9999 -9999 -9999 -9999 -9999 -9999 -9999 -9999 -9999 -9999 -9999 -9999 -9999 -9999 -9999 -9999 -9999 -9999 -9999 -9999 -9999 -9999 -9999 -9999 -9999
257.69 -9999 -9999 -9999 -9999 -9999 -9999 -9999 -9999 -9999 164.13 146.92 150.20 161.25 171.63 192.21 194.73 206.07 232.17 318.48 309.67 303.72 362.09 326.29 297.32 286.59 308.56 333.05 351.16 281.99 257.82 217.20 187.47 146.20 122.96 99.12 119.81 116.35 93.73 105.68 111.08 126.93 101.58 102.43 86.67 57.49 58.44 55.91 58.37 53.17 -9999 -9999 -9999 -9999 -9999 -9999 -9999 -9999 -9999 -9999 -9999 -9999 -9999 -9999 -9999 -9999 -9999 -9999 -9999 -9999 -9999 -9999 -9999 -9999 -9999
273.55 -9999 -9999 -9999 -9999 -9999 -9999 -9999 -9999 -9999 212.51 152.93 169.49 214.69 242.34 242.89 247.40 273.91 263.47 263.90 295.51 345.75 354.16 381.11 335.90 298.81 250.23 356.75 321.95 364.69 281.47 234.93 200.63 160.82 112.17 122.04 155.83 134.06 108.49 102.36 134.29 131.12 108.92 113.73 97.77 65.94 54.96 57.51 62.56 45.49 -9999 -9999 -9999 -9999 -9999 -9999 -9999 -9999 -9999 -9999 -9999 -9999 -9999 -9999 -9999 -9999 -9999 -9999 -9999 -9999 -9999 -9999 -9999 -9999 -9999
-9999 -9999 -9999 -9999 -9999 -9999 -9999 -9999 -9999 189.04 207.20 178.34 208.24 253.76 237.92 287.43 349.38 342.53 331.40 304.90 261.86 276.80 338.57 387.73 339.28 294.94 222.50 285.40 406.57 379.53 354.53 260.62 236.90 195.56 174.26 168.35 156.80 130.82 135.63 160.44 164.65 140.68 107.72 88.54 90.67 75.53 80.22 76.18 62.96 48.52 -9999 -9999 -9999 -9999 -9999 -9999 -9999 -9999 -9999 -9999 -9999 -9999 -9999 -9999 -9999 -9999 -9999 -9999 -9999 -9999 -9999 -9999 -9999 -9999 -9999
-9999 -9999 -9999 -9999 -9999 -9999 -9999 -9999 -9999 176.08 176.64 234.74 228.83 271.58 236.83 308.01 335.85 434.29 383.64 331.85 286.57 309.36 318.29 465.93 406.86 283.33 216.87 279.22 418.69 423.66 365.56 324.55 232.60 237.90 277.77 230.40 210.07 190.18 197.34 148.03 141.11 126.44 114.03 107.21 86.36 69.83 70.91 58.94 57.24 49.05 48.84 -9999 -9999 -9999 -9999 -9999 -9999 -9999 -9999 -9999 -9999 -9999 -9999 -9999 -9999 -9999 -9999 -9999 -9999 -9999 -9999 -9999 -9999 -9999 -9999
-9999 -9999 -9999 -9999 -9999 -9999 -9999 -9999 133.08 192.86 239.05 263.47 285.74 257.48 247.30 265.57 349.79 387.62 400.25 371.91 329.49 267.72 260.61 328.37 366.99 336.06 261.47 271.99 374.97 350.10 330.27 350.32 307.17 238.85 330.98 270.84 198.33 240.28 188.98 184.20 151.89 107.93 111.95 105.45 102.46 86.45 62.69 49.54 46.68 43.94 41.57 -9999 -9999 -9999 -9999 -9999 -9999 -9999 -9999 -9999 -9999 -9999 -9999 -9999 -9999 -9999 -9999 -9999 -9999 -9999 -9999 -9999 -9999 -9999 -9999
-9999 -9999 -9999 -9999 -9999 -9999 -9999 -9999 186.99 218.47 258.82 354.29 352.98 294.83 297.78 389.89 311.37 343.61 379.23 377.62 351.35 245.25 237.54 299.24 317.29 368.86 256.75 265.67 294.66 303.51 393.55 470.13 292.45 316.60 316.60 241.78 264.60 209.18 190.19 179.81 131.58 123.38 106.87 88.78 92.92 78.65 63.13 56.33 45.26 42.08 40.82 -9999 -9999 -9999 -9999 -9999 -9999 -9999 -9999 -9999 -9999 -9999 -9999 -9999 -9999 -9999 -9999 -9999 -9999 -9999 -9999 -9999 -9999 -9999 -9999
-9999 -9999 -9999 -9999 -9999 -9999 -9999 209.87 211.17 233.04 315.52 362.50 372.13 456.73 426.28 460.85 353.10 320.86 346.85 360.78 357.50 289.68 246.98 281.21 262.64 241.41 231.66 251.36 301.28 323.10 423.49 378.92 318.90 345.19 314.24 270.45 266.65 194.00 192.40 178.91 145.29 135.49 123.20 102.52 90.05 76.36 64.86 51.70 39.71 40.75 38.63 -9999 -9999 -9999 -9999 -9999 -9999 -9999 -9999 -9999 -9999 -9999 -9999 -9999 -9999 -9999 -9999 -9999 -9999 -9999 -9999 -9999 -9999 -9999 -9999
-9999 -9999 -9999 -9999 -9999 -9999 190.37 224.76 238.46 201.90 250.73 285.59 322.89 448.07 470.28 509.50 352.75 298.17 326.81 352.50 320.81 294.75 263.24 244.16 236.78 261.84 200.81 234.26 293.07 327.50 343.45 335.80 318.99 298.28 267.35 254.02 256.54 210.19 195.55 164.83 149.16 130.17 106.99 103.33 87.16 77.64 69.04 53.59 43.99 38.14 35.59 33.62 -9999 -9999 -9999 -9999 -9999 -9999 -9999 -9999 -9999 -9999 -9999 -9999 -9999 -9999 -9999 -9999 -9999 -9999 -9999 -9999 -9999 -9999 -9999
-9999 -9999 -9999 -9999 -9999 -9999 279.36 322.81 270.14 231.00 242.98 245.79 249.81 574.69 596.26 467.26 419.17 325.52 317.72 337.01 309.84 365.59 256.49 228.83 221.20 228.97 262.72 235.40 294.00 332.54 336.89 325.38 267.65 256.50 268.67 215.40 225.82 199.98 184.21 172.04 136.25 114.71 108.28 101.31 74.88 76.40 65.47 46.71 35.48 31.77 33.55 34.80 -9999 -9999 -9999 -9999 -9999 -9999 -9999 -9999 -9999 -9999 -9999 -9999 -9999 -9999 -9999 -9999 -9999 -9999 -9999 -9999 -9999 -9999 -9999
-9999 -9999 -9999 -9999 202.92 228.94 277.63 277.69 263.92 264.37 255.31 258.44 226.80 424.90 467.86 428.66 407.06 356.31 282.25 298.42 316.41 297.19 279.13 256.14 193.76 230.79 254.18 252.59 258.19 284.92 279.98 253.81 229.17 232.97 205.45 201.18 221.54 189.65 154.13 144.89 141.48 109.27 100.05 81.68 66.62 57.88 51.01 40.77 33.30 34.03 36.74 36.83 -9999 -9999 -9999 -9999 -9999 -9999 -9999 -9999 -9999 -9999 -9999 -9999 -9999 -9999 -9999 -9999 -9999 -9999 -9999 -9999 -9999 -9999 -9999
