Rainfall_2007-2011/Rainfall_2007-05_ACTUAL.txt
ncols         180
nrows         290
xllcorner     -200000
yllcorner     -200000
cellsize      5000
NODATA_value  -9999
[rows 204 to 237 of 290, columns 77 to 153 of 180]
107.37 111.03 113.48 138.40 151.17 150.12 137.79 133.14 128.02 130.71 126.03 116.03 130.43 151.82 132.09 129.32 107.92 135.73 172.93 173.26 165.28 140.25 118.47 97.74 107.11 102.52 152.14 175.41 169.10 134.16 121.59 123.12 124.89 119.40 124.01 127.27 113.87 121.74 138.22 127.52 103.50 78.68 118.93 151.52 183.35 157.23 126.53 116.18 133.97 136.79 143.09 143.38 138.41 146.39 151.17 158.69 173.66 142.72 144.53 136.29 140.11 147.48 146.20 140.30 160.86 164.01 150.35 147.82 165.84 151.26 111.07 120.66 123.78 119.47 106.52 117.95 113.08
88.94 111.57 105.15 108.80 117.68 135.11 130.37 120.13 111.05 107.98 135.15 117.54 112.03 119.34 123.82 125.90 139.81 156.87 209.71 255.98 207.69 177.01 156.92 168.86 162.59 119.94 118.61 195.69 166.57 107.72 137.96 135.50 128.56 109.65 123.61 149.70 134.88 148.78 136.44 116.33 110.06 104.48 130.35 152.20 176.43 161.56 138.64 130.67 130.48 132.91 141.22 137.25 134.94 133.49 148.81 204.83 144.78 149.87 153.02 141.16 142.02 138.55 138.92 147.31 168.42 147.02 104.35 122.22 130.72 110.13 118.36 122.75 109.46 113.75 112.12 118.32 116.45
111.20 127.25 116.47 115.01 107.05 119.57 129.45 116.41 105.10 98.99 116.08 107.17 111.46 119.51 141.80 131.53 152.50 168.31 195.71 216.81 223.92 192.31 199.05 229.14 168.88 159.24 141.63 129.47 145.18 209.57 119.18 119.20 114.30 135.48 138.83 159.24 148.31 142.86 128.40 111.48 113.64 127.89 168.46 149.92 151.55 137.81 136.02 130.75 139.61 144.40 138.25 130.89 127.08 132.57 144.45 149.25 144.20 144.18 145.26 135.80 138.06 141.95 153.55 156.21 139.58 131.56 119.02 115.02 141.38 112.51 117.79 112.92 116.37 114.63 87.38 122.30 109.41
124.59 118.46 131.68 118.29 125.95 132.54 140.87 124.60 111.43 110.27 107.13 108.83 129.13 118.96 134.38 127.32 136.03 134.91 156.80 178.68 189.67 171.34 182.61 174.27 192.13 160.72 129.96 152.91 196.86 146.14 129.23 130.65 144.48 147.21 160.61 148.68 164.78 129.09 118.40 114.86 144.48 150.88 139.20 142.14 119.90 124.62 134.62 132.75 126.51 123.15 129.65 131.62 130.63 135.44 135.54 146.34 141.71 145.58 144.26 136.42 136.51 138.17 162.33 148.67 141.17 140.91 116.12 108.28 106.54 116.65 114.47 111.03 131.01 113.33 97.26 104.29 101.71
142.34 134.83 121.25 115.89 113.19 113.78 115.99 106.99 106.46 107.76 105.61 104.49 116.15 134.20 124.05 147.66 149.65 147.32 185.15 164.16 140.55 171.46 147.44 148.58 135.66 162.37 158.85 151.75 171.04 126.29 135.93 124.27 140.61 148.18 137.26 161.64 130.03 120.64 107.96 136.42 128.52 145.32 121.72 125.44 139.91 123.56 128.86 133.75 139.99 132.09 130.07 126.82 148.66 135.67 135.73 125.58 133.72 134.80 139.11 138.31 140.44 143.93 147.94 146.88 140.09 134.68 138.82 124.20 102.16 114.44 100.89 109.34 116.19 88.53 93.46 96.50 88.02
132.47 131.32 119.70 119.35 121.58 118.91 -9999 -9999 -9999 -9999 107.56 103.86 114.47 109.50 106.02 121.59 132.18 140.14 148.14 135.99 195.88 221.20 183.06 157.60 134.24 152.38 174.90 163.66 145.22 128.11 133.53 127.58 184.88 139.90 121.80 115.85 127.19 137.57 119.79 152.99 137.24 142.11 127.04 113.67 128.43 117.41 120.20 119.34 130.30 133.44 133.41 129.66 133.74 154.34 142.21 126.88 139.94 141.69 147.62 153.14 165.29 149.70 142.11 132.68 120.57 113.62 115.79 118.94 121.20 114.52 102.22 101.27 113.39 98.12 93.43 99.64 89.83
120.57 127.90 133.44 112.65 124.19 109.96 -9999 -9999 -9999 -9999 -9999 -9999 -9999 105.88 112.75 112.88 111.76 119.68 136.29 167.49 207.44 221.06 210.81 183.29 171.52 169.57 155.24 171.36 177.59 130.02 127.74 148.55 159.85 157.25 127.01 128.55 135.81 141.18 150.08 144.37 144.23 142.75 114.70 114.54 109.44 110.23 107.82 114.32 120.22 137.41 135.52 128.33 121.72 128.41 132.33 137.85 152.45 151.37 165.13 170.71 170.97 143.05 142.05 119.22 112.19 113.41 115.79 101.87 108.65 101.76 63.71 100.62 94.44 91.74 87.54 88.66 84.91
-9999 -9999 114.57 -9999 -9999 -9999 -9999 -9999 -9999 -9999 -9999 95.36 112.54 124.94 123.54 98.88 102.08 114.46 131.68 171.58 206.20 221.14 201.24 170.24 163.19 181.22 168.57 168.94 164.80 152.32 128.02 122.89 136.48 133.69 129.46 142.55 139.77 130.48 155.49 150.24 135.07 141.67 125.37 116.96 118.97 120.13 126.20 125.01 110.13 117.08 117.54 118.02 116.60 126.03 139.91 132.63 152.12 166.22 160.19 163.21 132.06 123.27 124.40 107.86 91.98 106.96 118.18 107.60 98.49 92.33 86.04 110.19 97.16 108.90 97.68 88.90 90.70
-9999 -9999 -9999 -9999 -9999 -9999 -9999 -9999 -9999 -9999 -9999 86.42 104.82 113.21 113.01 80.68 -9999 -9999 111.68 156.97 160.90 187.19 175.49 171.97 165.44 185.56 153.04 153.44 146.30 134.44 134.28 129.80 126.93 124.05 126.88 129.00 138.72 139.31 156.83 145.64 150.49 160.73 108.98 126.49 134.36 122.40 132.33 126.03 121.33 87.38 126.04 141.05 131.32 123.37 128.39 120.05 141.68 157.31 146.49 131.92 116.88 118.85 107.86 107.95 91.17 96.86 102.01 97.33 94.12 89.27 79.93 90.63 91.25 88.54 89.28 83.27 88.18
-9999 -9999 -9999 -9999 -9999 -9999 -9999 -9999 -9999 -9999 -9999 -9999 -9999 -9999 -9999 -9999 -9999 -9999 100.74 109.59 134.23 146.60 148.22 149.57 141.12 167.30 158.76 150.98 136.12 136.95 132.48 129.49 -9999 124.34 124.87 136.25 142.08 130.70 144.20 142.03 176.88 151.44 121.76 123.39 132.40 135.72 152.72 143.97 139.80 139.37 149.71 158.46 142.95 124.90 123.17 111.58 136.71 135.36 137.59 123.02 110.01 90.51 95.99 104.46 102.54 98.87 95.53 93.68 89.07 82.95 86.74 87.51 77.96 75.49 83.49 80.72 78.92
-9999 -9999 -9999 -9999 -9999 -9999 -9999 -9999 -9999 -9999 -9999 -9999 -9999 -9999 -9999 -9999 -9999 -9999 -9999 108.07 112.26 123.23 143.15 141.38 140.27 156.45 137.19 134.89 -9999 -9999 -9999 -9999 122.76 120.99 132.90 139.16 148.20 138.92 148.00 149.78 152.52 142.55 127.81 130.76 135.86 148.28 144.48 159.45 150.73 157.00 141.36 138.07 129.14 119.62 124.99 114.43 116.88 109.57 106.35 101.67 91.91 87.46 88.51 94.22 80.47 86.03 80.59 85.57 86.72 93.16 90.72 87.13 90.10 76.33 77.31 71.54 75.99
-9999 -9999 -9999 -9999 -9999 -9999 -9999 -9999 -9999 -9999 -9999 -9999 -9999 -9999 -9999 -9999 -9999 -9999 -9999 -9999 115.80 134.47 141.96 130.78 134.66 134.10 124.34 -9999 -9999 -9999 -9999 118.24 149.96 148.29 135.64 143.66 133.36 150.62 151.14 163.37 148.92 141.53 137.39 133.17 144.10 146.54 145.02 151.60 162.29 158.46 131.51 115.47 116.58 121.67 115.03 125.46 109.78 93.28 95.89 90.38 79.44 95.80 100.04 95.22 93.30 90.16 80.50 83.31 83.15 89.95 85.11 89.90 85.72 76.52 79.84 75.41 78.10
-9999 -9999 -9999 -9999 -9999 -9999 -9999 -9999 -9999 -9999 -9999 -9999 -9999 -9999 -9999 -9999 -9999 -9999 -9999 -9999 -9999 120.20 124.24 109.44 117.97 115.74 111.01 -9999 -9999 -9999 120.82 129.59 134.05 137.49 145.86 145.55 129.11 136.47 140.40 151.24 153.44 141.88 146.91 146.50 146.37 150.68 147.30 140.09 136.41 125.76 124.42 121.71 117.71 116.11 123.20 119.91 117.97 103.25 98.38 99.94 105.71 92.21 99.99 91.77 82.41 98.79 81.40 74.44 76.92 79.69 87.30 87.17 85.21 78.70 84.13 82.86 82.66
-9999 -9999 -9999 -9999 -9999 -9999 -9999 -9999 -9999 -9999 -9999 -9999 -9999 -9999 -9999 -9999 -9999 -9999 -9999 -9999 -9999 -9999 -9999 -9999 -9999 -9999 -9999 -9999 -9999 137.40 142.47 140.79 137.08 155.86 155.26 145.02 136.86 138.02 135.30 136.77 150.12 150.95 135.47 129.33 131.87 131.84 158.17 141.94 126.57 120.21 141.52 133.49 131.81 122.52 121.70 97.12 125.29 113.75 101.75 102.10 112.41 105.92 83.81 87.77 84.27 88.17 82.46 78.25 80.94 87.67 90.86 97.81 90.43 74.40 89.49 85.40 89.09
-9999 -9999 -9999 -9999 -9999 -9999 -9999 -9999 -9999 -9999 -9999 -9999 -9999 -9999 -9999 -9999 -9999 -9999 -9999 -9999 -9999 -9999 -9999 -9999 -9999 -9999 -9999 -9999 -9999 117.47 127.75 132.72 176.33 173.23 141.69 146.10 143.56 136.65 134.61 122.68 130.07 132.07 137.14 130.16 149.25 135.43 165.85 133.44 138.78 124.15 140.09 144.92 132.03 140.21 120.37 101.18 75.91 90.65 99.90 104.38 107.92 98.37 87.59 79.06 86.14 86.28 89.86 93.10 90.01 88.58 89.41 92.55 86.51 82.89 97.03 78.30 81.55
-9999 -9999 -9999 -9999 -9999 -9999 -9999 -9999 -9999 -9999 -9999 -9999 -9999 -9999 -9999 -9999 -9999 -9999 -9999 -9999 -9999 -9999 -9999 -9999 -9999 -9999 -9999 -9999 -9999 101.36 105.01 124.32 141.34 152.90 157.12 167.19 159.97 152.02 136.76 123.92 108.78 123.50 132.86 125.64 134.40 122.06 124.20 119.28 125.32 129.84 136.63 128.88 129.52 126.14 122.38 112.18 79.39 103.53 98.88 97.86 95.81 98.14 117.17 102.73 100.40 98.06 91.55 92.65 79.43 74.16 77.20 84.60 97.90 89.58 84.21 83.78 88.30
-9999 -9999 -9999 -9999 -9999 -9999 -9999 -9999 -9999 -9999 -9999 -9999 132.65 157.60 125.25 187.03 200.31 197.26 183.88 163.54 113.30 139.58 99.91 -9999 -9999 -9999 -9999 -9999 -9999 96.98 101.25 108.28 112.83 136.08 151.98 178.98 156.80 138.84 126.52 119.35 118.72 130.09 117.41 107.10 113.81 100.33 110.04 107.35 113.56 114.14 118.23 126.72 122.95 127.45 112.58 125.29 115.87 104.88 103.83 93.14 88.79 99.96 108.87 104.71 101.55 92.46 88.80 81.52 62.13 69.39 70.92 76.45 76.82 75.48 73.04 73.16 80.43
-9999 -9999 -9999 -9999 -9999 -9999 -9999 -9999 -9999 -9999 -9999 -9999 166.28 165.55 186.25 181.30 246.97 294.78 237.88 223.37 151.73 145.44 122.22 89.15 100.54 90.22 88.48 93.41 97.57 93.51 85.15 100.37 108.28 123.67 134.41 145.66 141.25 123.22 118.58 135.26 126.48 112.66 112.68 118.86 96.28 99.02 104.53 106.31 118.42 113.56 109.17 117.73 105.19 111.50 117.26 120.06 118.38 125.72 101.57 96.76 89.39 96.02 99.06 92.59 114.20 94.81 84.10 72.16 66.21 70.30 75.42 84.55 85.73 77.58 76.25 83.40 95.54
-9999 -9999 -9999 -9999 -9999 -9999 -9999 -9999 -9999 -9999 -9999 114.43 192.19 147.95 165.51 186.36 228.06 255.86 287.68 233.39 223.48 200.02 154.46 120.12 121.09 124.70 110.19 103.13 96.69 93.46 91.28 95.56 116.00 104.22 116.76 131.29 126.60 122.80 143.33 133.54 139.27 130.55 120.76 123.28 110.08 106.85 108.58 107.37 97.07 102.39 99.50 102.92 103.72 104.89 108.86 108.19 117.78 118.63 93.55 86.71 101.51 98.25 102.21 89.15 96.09 89.28 79.44 75.45 68.12 78.34 88.97 97.38 84.83 87.02 98.57 106.31 117.51
-9999 -9999 -9999 -9999 -9999 -9999 -9999 -9999 -9999 -9999 -9999 -9999 122.70 129.89 135.31 151.13 192.87 217.86 249.93 217.64 223.92 194.87 173.35 165.28 148.91 128.18 117.78 115.04 98.31 84.49 86.53 79.11 101.94 99.80 108.92 116.08 131.85 133.43 132.34 130.74 139.52 150.69 122.73 118.42 117.79 111.64 111.33 104.73 101.14 96.11 92.35 96.44 87.68 89.95 95.49 105.09 113.13 113.46 100.30 95.73 109.00 100.54 96.66 87.25 87.36 75.33 72.42 85.58 90.54 96.68 109.22 105.55 100.46 99.72 101.18 105.26 114.55
-9999 -9999 -9999 -9999 -9999 -9999 -9999 -9999 130.64 -9999 -9999 104.70 101.95 122.41 127.44 143.45 166.35 167.84 186.59 184.48 179.38 212.21 175.02 180.11 157.17 123.75 107.61 97.57 96.63 84.26 88.63 82.70 102.68 98.88 107.58 104.73 145.54 148.63 131.93 126.75 127.17 126.20 122.72 133.91 120.07 102.31 96.94 99.11 95.67 82.89 99.10 95.45 96.72 103.77 97.24 117.86 119.37 124.29 105.94 101.39 98.89 94.90 90.08 88.50 81.27 78.31 79.43 79.44 87.51 95.02 102.48 106.00 95.68 103.66 88.08 88.41 109.49
-9999 -9999 -9999 -9999 -9999 -9999 -9999 136.72 136.39 164.62 150.26 127.37 142.44 148.25 139.19 126.38 143.02 146.06 168.12 166.52 174.74 168.32 161.42 165.32 135.61 108.01 106.34 100.59 93.79 88.92 90.48 76.15 89.63 96.77 96.42 115.47 120.77 123.28 122.08 130.58 127.54 133.72 131.93 144.54 130.68 99.26 95.45 108.77 99.90 98.42 92.91 93.28 83.41 103.67 106.25 103.44 109.85 104.85 97.25 98.95 97.54 90.16 88.30 85.04 81.49 80.51 81.21 79.92 86.68 87.51 95.58 91.32 100.48 95.71 100.72 105.69 110.10
-9999 -9999 -9999 -9999 -9999 -9999 -9999 137.67 137.65 149.24 156.19 137.97 151.03 143.59 146.97 155.27 149.56 163.51 166.25 150.65 170.56 160.77 152.65 157.33 139.24 133.85 131.92 122.62 103.28 99.97 76.82 80.25 89.46 100.16 103.63 136.02 112.64 122.33 121.48 127.16 136.27 151.27 123.14 126.34 124.93 105.13 99.18 106.36 101.66 93.43 81.96 90.71 93.58 107.30 110.68 110.33 116.27 114.98 100.77 117.19 105.70 108.57 107.02 71.16 82.52 88.94 85.66 86.34 83.76 88.85 91.35 95.44 94.51 99.57 102.06 102.10 101.84
-9999 -9999 -9999 -9999 -9999 -9999 -9999 149.71 170.30 162.99 168.87 149.65 172.45 160.21 150.36 154.42 140.92 130.06 153.01 141.25 153.25 125.69 141.46 136.67 139.79 140.40 136.30 109.85 126.97 116.25 102.53 97.93 80.67 92.32 106.49 126.76 121.75 115.68 125.74 128.75 126.66 116.33 119.72 121.49 116.12 107.36 101.94 107.29 107.06 97.00 98.27 91.71 91.10 96.62 107.48 92.04 105.79 110.69 109.60 110.76 112.79 121.35 134.39 97.30 102.00 100.05 83.51 87.30 107.37 103.50 122.51 94.33 90.45 92.64 93.12 99.16 102.12
-9999 -9999 -9999 -9999 -9999 -9999 -9999 121.56 168.47 169.30 164.50 148.80 158.89 146.80 141.58 154.77 149.72 136.94 146.01 144.08 133.81 127.71 135.70 138.04 131.89 151.98 149.70 144.16 141.89 133.34 140.64 113.69 100.05 110.77 141.20 126.07 126.15 133.59 130.76 134.54 127.62 113.18 111.22 114.59 119.73 115.27 115.66 110.45 103.78 99.79 96.29 99.19 78.63 84.00 94.82 94.22 92.84 97.85 97.97 93.83 97.43 106.12 105.39 94.24 101.42 95.73 91.95 91.43 103.81 111.33 123.44 102.06 92.29 100.19 101.13 91.32 91.55
-9999 -9999 -9999 -9999 -9999 -9999 -9999 122.72 151.29 170.11 161.68 155.84 171.84 154.35 142.97 148.08 152.74 134.21 129.88 121.33 124.15 122.32 122.63 131.68 127.92 121.10 144.65 142.77 135.97 120.64 140.41 124.90 119.25 143.40 134.35 140.06 155.11 142.07 121.57 128.55 119.42 106.48 113.76 115.52 114.02 112.46 110.46 114.00 95.37 89.97 96.91 92.48 88.06 83.57 80.33 88.91 88.92 92.80 86.80 93.45 103.81 102.75 102.38 85.59 87.09 83.56 78.27 -9999 -9999 86.68 100.11 116.86 103.75 112.50 115.56 95.69 -9999
-9999 -9999 -9999 -9999 -9999 -9999 135.01 132.75 153.74 145.23 159.97 158.43 181.66 163.32 169.30 160.75 154.92 128.11 120.03 113.49 123.52 117.80 115.39 112.74 117.58 126.88 138.87 142.46 122.13 130.43 134.94 112.83 112.27 118.59 121.62 143.60 142.09 135.28 127.39 117.81 115.88 116.05 110.98 111.31 106.98 103.42 106.36 115.00 103.28 103.07 96.64 97.67 103.56 -9999 -9999 92.45 85.57 106.34 90.83 97.43 97.75 101.40 -9999 -9999 -9999 -9999 -9999 -9999 -9999 -9999 -9999 -9999 99.73 100.93 102.61 95.47 -9999
-9999 -9999 -9999 -9999 -9999 148.23 131.68 132.30 148.54 135.05 135.45 150.62 174.91 174.32 192.40 208.14 166.27 126.42 128.78 129.39 116.61 118.13 112.92 114.77 117.40 141.57 133.85 135.86 113.20 117.33 102.60 104.64 105.99 123.19 132.00 136.75 127.98 128.04 133.41 121.49 111.89 99.68 106.39 104.87 107.91 107.67 103.83 100.54 96.17 100.47 -9999 108.93 113.07 112.35 121.02 114.63 -9999 -9999 -9999 -9999 106.78 -9999 -9999 -9999 -9999 -9999 -9999 -9999 -9999 -9999 -9999 -9999 -9999 -9999 -9999 -9999 -9999
-9999 -9999 -9999 -9999 120.46 153.61 163.90 167.96 141.63 122.44 128.46 135.72 132.28 195.30 256.56 263.34 195.36 137.92 150.53 132.00 132.58 112.34 110.40 129.51 121.70 112.21 112.46 99.55 -9999 -9999 -9999 -9999 -9999 111.67 124.15 134.30 121.31 132.41 133.44 114.91 78.88 96.29 111.21 105.99 -9999 -9999 -9999 -9999 -9999 120.49 124.47 112.08 131.25 132.91 143.28 121.65 -9999 -9999 -9999 -9999 -9999 -9999 -9999 -9999 -9999 -9999 -9999 -9999 -9999 -9999 -9999 -9999 -9999 -9999 -9999 -9999 -9999
-9999 -9999 -9999 116.16 125.61 210.38 186.90 189.88 163.62 133.60 123.43 140.39 156.77 208.33 276.34 299.47 233.97 186.51 143.70 139.90 124.03 115.54 103.20 117.15 103.42 -9999 -9999 -9999 -9999 -9999 -9999 -9999 -9999 -9999 99.21 111.89 105.93 129.20 132.40 129.35 108.53 124.03 126.26 122.52 -9999 -9999 -9999 -9999 -9999 -9999 -9999 144.09 148.79 121.83 143.69 -9999 -9999 -9999 -9999 -9999 -9999 -9999 -9999 -9999 -9999 -9999 -9999 -9999 -9999 -9999 -9999 -9999 -9999 -9999 -9999 -9999 -9999
108.73 109.96 125.03 141.33 161.73 215.43 207.34 208.78 173.42 149.07 133.11 157.24 178.47 197.43 246.27 267.67 210.51 177.69 162.58 123.10 119.56 126.93 106.34 -9999 -9999 -9999 -9999 -9999 -9999 -9999 -9999 -9999 -9999 -9999 -9999 -9999 106.74 -9999 -9999 -9999 -9999 109.75 132.56 127.47 -9999 -9999 -9999 -9999 -9999 -9999 -9999 -9999 131.42 148.14 119.04 -9999 -9999 -9999 -9999 -9999 -9999 -9999 -9999 -9999 -9999 -9999 -9999 -9999 -9999 -9999 -9999 -9999 -9999 -9999 -9999 -9999 -9999
118.11 113.69 129.51 149.90 165.58 200.32 195.60 210.59 182.73 160.03 166.24 141.88 156.13 180.71 223.74 232.42 208.23 172.24 167.44 113.00 105.31 110.31 -9999 -9999 -9999 -9999 -9999 -9999 -9999 -9999 -9999 -9999 -9999 -9999 -9999 -9999 104.33 -9999 -9999 -9999 -9999 -9999 -9999 -9999 -9999 -9999 -9999 -9999 -9999 -9999 -9999 -9999 -9999 -9999 -9999 -9999 -9999 -9999 -9999 -9999 -9999 -9999 -9999 -9999 -9999 -9999 -9999 -9999 -9999 -9999 -9999 -9999 -9999 -9999 -9999 -9999 -9999
128.64 140.28 147.49 163.17 194.51 184.73 175.29 188.16 183.31 163.69 161.15 140.37 138.17 170.93 190.75 227.57 237.15 193.61 164.71 121.10 115.35 111.10 -9999 -9999 -9999 -9999 -9999 -9999 -9999 -9999 -9999 -9999 -9999 -9999 -9999 -9999 -9999 -9999 -9999 -9999 -9999 -9999 -9999 -9999 -9999 -9999 -9999 -9999 -9999 -9999 -9999 -9999 -9999 -9999 -9999 -9999 -9999 -9999 -9999 -9999 -9999 -9999 -9999 -9999 -9999 -9999 -9999 -9999 -9999 -9999 -9999 -9999 -9999 -9999 -9999 -9999 -9999
115.73 154.66 186.47 184.19 177.95 172.95 170.47 170.30 167.44 156.48 149.11 126.51 136.81 147.62 181.74 213.32 201.83 189.81 152.77 124.75 117.15 89.51 -9999 -9999 -9999 -9999 -9999 -9999 -9999 -9999 -9999 -9999 -9999 -9999 -9999 -9999 -9999 -9999 -9999 -9999 -9999 -9999 -9999 -9999 -9999 -9999 -9999 -9999 -9999 -9999 -9999 -9999 -9999 -9999 -9999 -9999 -9999 -9999 -9999 -9999 -9999 -9999 -9999 -9999 -9999 -9999 -9999 -9999 -9999 -9999 -9999 -9999 -9999 -9999 -9999 -9999 -9999
