Rainfall_2007-2011/Rainfall_2010-01_ACTUAL.txt
ncols         180
nrows         290
xllcorner     -200000
yllcorner     -200000
cellsize      5000
NODATA_value  -9999
[rows 170 to 203 of 290, columns 76 to 151 of 180]
-9999 -9999 -9999 -9999 -9999 -9999 -9999 -9999 -9999 -9999 -9999 -9999 -9999 -9999 -9999 -9999 -9999 -9999 -9999 -9999 -9999 -9999 -9999 -9999 -9999 -9999 -9999 -9999 -9999 -9999 68.45 75.73 72.64 68.67 68.06 62.23 59.65 58.28 53.65 51.46 52.39 49.08 62.29 74.29 76.85 101.99 118.82 106.89 89.68 70.84 57.96 52.23 51.97 50.34 55.29 50.64 54.48 50.81 60.02 58.11 59.24 57.40 55.60 51.31 53.09 54.04 49.05 58.94 64.51 56.25 47.70 48.88 56.46 -9999 -9999 -9999
-9999 -9999 -9999 -9999 -9999 -9999 -9999 -9999 -9999 -9999 77.04 69.03 58.21 63.36 -9999 -9999 -9999 -9999 -9999 -9999 -9999 -9999 -9999 -9999 -9999 -9999 -9999 -9999 -9999 68.85 60.06 79.39 72.28 70.87 65.18 59.30 53.58 52.44 57.52 74.73 56.22 49.77 55.83 70.59 92.81 99.26 106.98 90.71 89.53 68.33 48.31 53.81 43.19 59.48 53.67 48.42 54.82 56.23 53.02 63.99 56.80 55.06 56.11 52.80 51.69 54.30 52.63 61.65 62.43 66.05 54.84 53.77 55.97 57.18 -9999 -9999
-9999 -9999 -9999 -9999 -9999 -9999 -9999 -9999 -9999 -9999 75.14 70.10 64.54 61.50 -9999 -9999 -9999 -9999 -9999 -9999 -9999 -9999 -9999 -9999 -9999 -9999 -9999 -9999 68.45 72.65 65.45 69.66 69.92 63.41 59.76 53.33 51.54 51.31 55.88 57.60 55.15 50.44 59.51 66.27 79.45 110.36 123.28 95.98 84.56 73.70 53.76 49.76 51.45 57.51 54.35 51.44 52.13 56.36 56.20 58.81 58.31 53.81 51.75 53.09 51.33 56.43 54.33 66.88 66.55 60.39 58.64 61.73 58.84 57.45 -9999 -9999
-9999 -9999 -9999 -9999 -9999 -9999 -9999 -9999 63.98 76.57 77.22 72.93 69.42 68.55 62.21 43.91 52.88 -9999 -9999 65.51 55.60 -9999 -9999 -9999 45.73 58.28 68.21 -9999 58.90 71.58 72.00 62.44 59.76 59.61 58.94 57.43 53.63 56.88 59.18 54.26 56.56 46.60 50.03 85.64 71.70 84.55 103.25 74.84 78.12 94.63 65.43 66.11 57.72 55.20 56.42 54.78 52.85 55.83 55.77 54.18 49.31 51.55 44.51 51.51 49.18 46.33 52.78 61.50 58.85 51.43 63.58 60.20 57.24 50.30 62.52 -9999
-9999 -9999 -9999 -9999 -9999 -9999 -9999 -9999 -9999 67.49 60.10 66.04 61.87 66.55 62.15 59.51 56.84 -9999 66.61 82.86 73.79 61.64 54.66 51.44 55.00 69.32 61.72 58.81 -9999 58.60 64.01 59.33 54.89 56.40 55.01 49.09 42.89 46.07 48.55 54.73 58.27 61.08 59.22 84.25 94.63 77.23 92.09 67.09 84.58 56.48 59.72 53.41 52.99 62.47 60.10 54.98 56.32 54.15 53.16 54.59 53.46 54.03 48.70 53.62 49.38 44.06 51.06 57.19 57.69 53.20 70.19 69.62 65.95 59.49 62.17 -9999
-9999 -9999 -9999 -9999 -9999 -9999 -9999 -9999 -9999 -9999 59.06 66.92 68.10 66.59 52.52 56.96 70.76 76.53 115.50 80.22 78.83 74.88 72.09 62.52 62.56 55.40 68.42 68.45 67.24 57.73 57.40 57.61 57.03 54.07 55.30 56.72 41.01 44.35 44.72 45.79 49.23 59.48 57.06 81.37 95.32 87.17 87.24 72.90 72.42 66.23 54.37 52.01 54.43 60.90 54.99 58.13 59.99 52.86 55.56 51.93 50.00 51.03 50.32 53.89 51.33 50.42 51.82 55.72 53.57 61.79 68.25 75.47 75.94 62.73 62.66 64.13
-9999 -9999 -9999 -9999 -9999 -9999 -9999 -9999 -9999 -9999 -9999 69.52 64.49 63.40 58.67 80.36 112.03 139.86 124.44 102.76 81.06 69.68 70.55 65.62 59.32 55.58 102.57 73.51 76.54 60.94 52.26 52.43 50.23 48.66 53.89 58.56 49.60 49.12 43.67 44.07 45.55 52.17 66.32 75.95 73.49 91.52 87.09 83.63 65.94 66.44 66.49 57.14 57.97 62.99 62.30 59.82 65.13 52.28 53.84 52.36 48.42 50.58 55.01 55.50 53.30 52.77 53.59 56.25 58.92 62.94 73.72 66.10 63.64 61.74 60.90 62.09
-9999 -9999 -9999 -9999 -9999 -9999 -9999 -9999 -9999 -9999 -9999 -9999 81.28 87.89 110.40 145.45 172.30 167.83 148.66 116.01 108.34 98.05 83.43 75.55 81.05 70.65 58.08 99.80 81.14 70.94 61.92 47.00 50.89 47.73 47.11 48.86 44.99 41.28 43.68 45.21 44.66 49.68 62.89 69.85 66.30 74.17 74.07 80.05 77.44 55.30 75.08 61.46 65.95 69.45 63.01 59.08 55.75 50.25 55.90 50.17 46.89 51.41 46.47 56.73 56.47 56.31 53.61 54.89 64.13 62.24 65.49 56.89 58.60 58.18 56.31 60.37
-9999 -9999 -9999 -9999 -9999 -9999 -9999 -9999 -9999 -9999 -9999 -9999 87.25 99.27 126.23 164.08 206.00 180.02 145.38 102.53 82.85 107.16 95.32 90.84 84.46 82.39 53.84 68.34 88.98 76.74 65.52 49.66 44.56 45.07 47.62 46.35 41.37 36.56 43.26 45.71 42.54 45.88 59.97 51.07 52.13 83.01 88.43 81.44 72.12 69.71 68.91 64.10 69.58 68.11 61.48 57.60 56.77 51.65 51.30 48.23 47.65 49.72 50.78 58.09 61.68 56.44 54.02 53.80 59.22 55.05 58.37 62.11 56.52 55.02 50.53 -9999
-9999 -9999 -9999 -9999 -9999 -9999 -9999 -9999 -9999 -9999 -9999 -9999 91.77 103.78 139.39 148.64 220.83 185.98 136.18 108.30 78.89 93.24 92.26 75.81 81.22 57.68 62.39 93.34 78.33 88.99 62.93 56.16 47.67 48.03 55.20 53.28 44.26 48.61 45.15 46.06 52.05 53.44 53.48 54.41 79.10 76.88 81.29 84.73 61.85 71.44 77.26 59.85 61.42 61.15 58.69 59.44 53.71 57.27 46.88 46.75 50.44 50.57 49.67 64.51 55.99 55.57 52.62 50.40 45.63 52.25 51.80 60.52 57.44 53.50 -9999 -9999
-9999 -9999 -9999 -9999 -9999 -9999 -9999 -9999 -9999 -9999 -9999 89.49 141.50 120.82 158.95 165.13 152.07 187.35 166.23 122.06 112.31 115.18 94.24 78.53 68.21 63.71 78.93 103.09 88.54 80.03 65.35 58.43 47.57 54.61 53.89 51.73 49.76 49.27 47.92 51.40 57.73 53.86 55.78 57.27 47.84 59.19 76.17 67.84 63.56 58.74 62.32 64.67 55.54 54.47 54.90 56.12 53.69 51.03 47.00 47.02 48.47 49.64 47.37 58.06 55.19 53.33 54.32 49.37 47.60 52.44 59.94 54.66 52.13 -9999 -9999 -9999
-9999 -9999 -9999 -9999 -9999 -9999 -9999 -9999 -9999 74.88 83.10 100.09 75.21 103.65 114.83 126.88 105.33 122.56 129.00 122.66 109.21 101.37 100.15 89.13 71.31 81.20 81.04 73.16 79.27 81.17 64.74 55.59 46.72 58.89 58.29 54.66 56.20 55.92 60.44 56.24 58.71 63.45 55.06 51.23 55.10 53.88 56.21 63.28 57.34 53.92 56.03 55.81 52.12 50.15 52.34 49.94 47.84 49.42 45.77 45.95 48.36 46.24 46.97 53.75 54.08 46.47 52.13 49.88 52.33 52.72 54.12 52.63 -9999 -9999 -9999 -9999
-9999 -9999 -9999 -9999 -9999 -9999 -9999 -9999 69.74 74.37 88.84 89.06 74.37 76.33 103.85 115.74 96.64 109.92 120.26 115.07 114.00 86.00 60.38 69.03 66.88 94.07 106.84 103.56 90.65 83.84 69.93 52.94 51.15 58.83 61.74 58.93 59.15 62.42 63.64 68.16 59.29 58.11 59.46 49.85 53.51 57.99 55.37 54.91 49.96 49.89 50.59 47.11 45.52 46.38 44.68 43.91 41.08 42.72 35.68 37.93 42.06 47.46 52.27 62.06 51.25 46.57 47.89 49.18 48.16 50.91 51.99 50.48 -9999 -9999 -9999 -9999
-9999 -9999 -9999 -9999 -9999 -9999 -9999 74.72 74.94 70.09 87.74 -9999 -9999 -9999 -9999 81.89 113.99 135.37 130.71 127.46 102.75 86.44 83.67 90.48 78.66 125.02 127.88 105.04 104.72 81.17 63.84 57.88 58.38 58.80 59.20 59.57 55.03 66.16 56.11 64.99 60.91 57.04 57.27 54.45 51.92 53.16 48.57 52.09 53.73 46.89 44.13 42.17 38.26 41.14 41.96 42.07 43.52 42.45 35.35 37.65 47.84 49.49 52.89 56.54 47.76 48.54 50.12 52.23 54.47 60.85 58.04 52.87 59.54 -9999 -9999 -9999
-9999 -9999 -9999 -9999 -9999 -9999 -9999 65.12 83.42 75.09 78.81 -9999 -9999 -9999 -9999 71.16 102.21 147.45 115.40 138.50 117.66 104.43 115.54 115.50 100.39 135.25 102.74 66.73 77.68 65.69 58.85 68.10 52.05 58.01 64.64 61.29 56.89 59.32 56.29 54.37 63.23 54.85 51.67 51.17 52.63 46.95 50.25 57.45 51.55 48.57 46.60 44.44 43.08 37.62 39.60 37.91 44.76 45.05 41.37 46.68 46.11 54.97 52.64 55.08 54.59 51.15 52.76 55.62 56.46 62.42 57.23 57.17 58.88 58.69 -9999 -9999
-9999 -9999 -9999 -9999 -9999 -9999 -9999 -9999 -9999 -9999 -9999 -9999 -9999 -9999 -9999 91.63 109.95 113.97 120.73 125.52 109.83 132.34 132.43 102.45 122.77 121.20 96.11 74.79 71.76 66.55 52.12 54.79 47.04 52.78 56.84 56.89 57.60 49.50 49.54 57.01 61.64 55.46 52.95 48.81 48.27 43.67 47.18 53.88 47.98 53.50 54.85 48.63 42.78 40.62 43.61 42.73 40.61 45.96 43.74 42.02 43.13 52.23 47.11 55.53 52.87 51.88 54.48 53.74 58.93 53.43 52.91 55.73 58.12 62.41 54.81 58.39
-9999 -9999 -9999 -9999 -9999 -9999 -9999 -9999 -9999 -9999 -9999 -9999 -9999 -9999 -9999 -9999 106.54 91.74 122.30 136.92 142.37 127.12 146.63 134.90 100.17 90.31 75.23 56.91 66.35 54.21 50.74 48.64 49.82 48.40 50.60 53.90 49.38 45.89 48.75 53.09 56.94 56.46 52.42 54.15 56.24 46.92 49.05 49.35 49.42 51.65 51.69 48.58 43.92 49.49 45.59 41.75 41.94 35.99 38.70 43.62 41.54 49.47 49.33 57.70 52.92 53.63 57.41 57.96 54.53 51.36 54.23 55.15 57.98 60.81 57.34 59.80
-9999 -9999 -9999 -9999 -9999 -9999 -9999 -9999 -9999 -9999 -9999 -9999 -9999 -9999 -9999 -9999 97.98 131.92 170.06 137.87 145.98 125.06 125.26 107.83 95.72 83.52 61.58 70.92 59.47 49.64 56.90 52.45 46.68 47.43 47.72 50.30 48.54 46.54 57.10 57.12 55.39 54.37 51.62 53.04 58.36 54.42 49.10 52.39 48.52 51.61 55.01 50.52 43.23 54.03 48.77 42.46 41.45 40.72 44.70 49.34 46.25 50.21 49.27 52.45 54.26 52.28 50.52 51.39 50.93 47.27 51.39 57.35 53.39 52.98 53.58 60.44
-9999 -9999 -9999 -9999 -9999 -9999 -9999 -9999 -9999 -9999 -9999 -9999 -9999 -9999 -9999 88.47 97.80 118.53 142.10 130.83 115.31 127.53 127.41 113.77 99.22 82.13 64.97 76.61 58.10 77.47 57.29 53.44 56.51 56.33 50.23 48.49 59.72 58.25 61.52 52.03 52.46 50.46 51.16 56.77 60.89 57.13 54.84 51.77 49.76 51.84 54.41 50.81 42.31 35.78 42.20 41.40 42.06 45.37 50.44 54.18 59.75 57.18 53.41 49.75 47.79 48.04 52.72 51.13 50.64 51.02 52.39 52.78 52.87 54.29 54.42 55.24
-9999 -9999 -9999 -9999 -9999 -9999 -9999 -9999 -9999 -9999 -9999 -9999 -9999 -9999 -9999 73.93 87.85 127.40 115.99 106.08 97.71 106.23 119.51 109.65 78.73 71.26 67.29 69.53 61.63 60.17 57.60 79.21 64.98 63.28 55.93 44.85 52.64 61.61 63.32 54.28 51.75 52.62 45.88 59.49 63.44 63.42 60.63 55.31 52.10 47.99 49.49 48.90 51.94 42.56 44.66 41.30 43.50 45.68 54.44 49.26 59.44 57.96 53.34 52.11 38.66 42.24 54.80 52.84 57.90 52.35 50.77 53.25 50.66 51.89 50.76 55.52
-9999 -9999 -9999 -9999 -9999 -9999 -9999 -9999 -9999 -9999 -9999 -9999 -9999 -9999 -9999 58.34 81.84 84.54 105.12 101.44 100.97 106.82 116.78 99.06 94.69 71.62 66.97 62.86 64.79 65.68 64.10 74.17 81.09 64.34 68.43 57.35 57.03 60.13 56.97 56.11 51.23 49.15 50.54 54.72 58.94 64.24 61.03 58.97 54.27 52.63 46.61 47.73 48.90 40.19 36.49 36.31 42.84 43.62 49.39 51.15 50.74 45.35 49.57 50.90 49.83 38.65 41.66 53.04 53.36 54.70 58.58 52.95 52.71 50.03 51.73 54.30
-9999 -9999 -9999 -9999 -9999 -9999 -9999 -9999 -9999 -9999 -9999 -9999 -9999 -9999 -9999 -9999 80.28 98.28 114.14 126.99 144.20 118.26 110.65 95.60 71.19 67.99 70.72 65.27 61.81 58.11 66.15 66.07 82.01 66.92 63.19 51.95 64.67 72.43 58.72 64.14 55.93 53.82 55.26 54.88 53.24 53.10 58.37 58.93 63.49 60.42 52.35 46.71 46.67 40.36 38.23 41.13 43.60 43.08 48.28 45.69 48.91 43.21 44.21 47.39 44.99 44.57 46.20 50.12 52.76 52.25 50.56 52.80 51.59 48.86 51.37 51.54
-9999 -9999 -9999 -9999 -9999 -9999 -9999 -9999 -9999 -9999 -9999 -9999 -9999 -9999 -9999 -9999 83.88 94.24 110.55 138.54 186.00 150.52 113.64 92.81 78.37 78.70 84.65 81.00 80.65 71.61 64.26 69.98 76.73 70.66 69.61 76.45 68.47 70.29 70.13 70.00 61.77 56.26 56.16 57.86 50.26 57.32 60.03 60.74 56.91 60.67 55.69 50.31 49.90 51.98 53.37 52.29 54.27 52.30 49.68 41.36 47.08 46.12 43.49 45.46 46.99 50.38 52.47 55.09 48.14 48.17 49.79 53.98 53.79 50.12 50.90 51.80
-9999 -9999 -9999 -9999 -9999 -9999 -9999 -9999 -9999 -9999 -9999 -9999 -9999 -9999 -9999 61.81 69.95 87.67 113.11 130.10 131.72 142.65 106.67 99.22 101.29 88.98 86.40 73.12 60.05 68.87 73.05 80.94 71.04 72.23 77.55 75.00 77.59 74.86 64.57 67.80 61.63 60.68 62.32 57.08 58.30 63.27 58.65 57.51 57.08 61.68 57.27 72.35 53.97 52.16 51.53 60.06 57.78 52.71 49.42 48.93 43.04 43.73 44.18 45.10 41.90 52.66 56.34 48.86 45.82 50.16 49.74 54.84 51.01 47.83 49.44 50.69
-9999 -9999 -9999 -9999 -9999 -9999 -9999 -9999 -9999 -9999 -9999 -9999 -9999 -9999 -9999 71.60 82.09 84.58 94.54 132.16 147.59 130.24 109.57 72.35 75.49 92.54 87.22 81.58 73.37 87.07 79.65 70.30 88.53 75.26 80.52 68.72 89.67 65.97 66.48 67.21 55.54 63.57 54.06 61.81 60.87 62.79 62.32 60.29 69.23 59.30 49.45 47.44 52.16 48.82 50.67 55.92 59.26 46.95 52.25 50.90 46.09 41.30 41.98 41.34 42.42 47.31 48.46 46.74 46.08 44.12 54.30 55.76 49.10 46.64 51.22 47.54
-9999 -9999 -9999 -9999 -9999 -9999 -9999 -9999 -9999 -9999 -9999 -9999 -9999 -9999 -9999 74.95 80.46 76.53 105.00 129.58 142.00 129.57 113.50 78.81 74.32 82.54 74.99 72.89 81.17 87.68 75.82 72.36 70.22 89.70 78.68 74.90 74.69 66.43 66.97 65.51 58.90 58.09 61.14 59.95 55.81 61.90 61.75 59.28 60.18 54.33 47.82 49.38 52.24 51.29 51.34 54.46 54.44 41.87 43.86 43.40 42.62 43.65 45.75 42.99 45.08 45.45 40.63 39.51 37.64 41.29 45.59 50.96 49.16 44.50 43.96 43.78
-9999 -9999 -9999 -9999 -9999 -9999 -9999 -9999 -9999 -9999 -9999 -9999 -9999 -9999 86.50 93.62 104.87 105.92 100.54 123.11 112.63 95.54 84.78 73.67 65.26 71.27 69.51 79.01 68.85 76.30 81.53 75.94 70.16 67.71 65.86 69.37 71.36 75.72 62.77 64.03 68.16 61.54 63.16 64.67 58.57 59.50 59.10 54.18 59.31 56.93 51.90 48.40 47.04 46.65 46.32 53.05 51.62 43.93 43.43 44.95 42.85 45.78 41.77 44.74 45.80 46.23 41.59 38.98 37.96 44.03 42.73 43.07 46.99 44.40 44.90 42.36
-9999 -9999 -9999 -9999 -9999 -9999 -9999 -9999 -9999 -9999 -9999 -9999 -9999 96.69 110.24 107.28 116.68 110.09 118.20 128.01 121.80 113.95 111.30 81.50 82.72 77.64 67.92 97.07 74.89 76.63 63.91 71.40 63.57 69.08 62.99 74.95 75.59 76.07 73.32 84.98 73.71 62.70 63.48 66.43 69.84 69.45 60.54 57.62 62.04 64.65 56.95 52.19 54.07 50.59 47.11 53.40 46.43 45.19 41.90 43.93 43.14 44.52 42.65 48.64 41.22 42.10 41.92 39.17 40.53 45.02 43.09 45.02 47.33 46.61 39.90 42.12
-9999 -9999 -9999 -9999 -9999 -9999 -9999 -9999 -9999 -9999 -9999 78.80 79.11 96.17 123.98 107.75 123.22 106.77 116.70 138.52 136.20 120.15 102.42 78.40 48.92 75.74 69.74 94.95 78.16 72.04 70.32 64.77 64.72 72.66 69.65 70.28 61.39 63.48 74.78 77.96 79.91 69.77 65.79 66.44 67.72 65.51 61.41 59.33 55.47 59.60 54.51 58.81 61.51 58.80 58.25 53.92 51.23 46.28 38.73 38.23 49.40 45.33 43.45 40.46 40.52 41.96 39.72 39.76 39.90 43.28 44.82 48.68 44.51 45.29 42.52 43.12
-9999 -9999 -9999 -9999 -9999 -9999 -9999 71.67 48.88 66.99 108.01 111.29 100.88 107.29 100.85 107.27 107.47 122.26 117.56 126.73 125.14 110.67 94.94 79.93 69.33 76.24 72.08 106.58 91.21 78.01 66.28 63.94 65.44 80.52 64.60 73.88 69.14 60.80 71.47 68.03 75.94 71.44 63.40 64.45 70.04 59.42 55.03 60.81 56.21 60.98 59.25 54.66 59.86 54.77 58.29 58.54 56.68 52.78 46.40 39.52 48.17 45.02 45.24 49.08 37.91 31.31 34.12 35.55 40.53 43.19 45.23 44.42 42.03 41.39 45.51 47.74
-9999 -9999 -9999 -9999 -9999 -9999 102.09 92.01 92.03 97.41 103.21 126.13 112.97 119.65 124.59 82.73 106.25 118.07 131.18 112.17 118.62 94.81 85.76 94.32 79.73 68.56 91.69 81.09 74.74 63.72 58.88 60.75 82.31 69.65 65.74 62.66 66.21 73.04 66.75 82.68 74.61 71.15 65.63 63.13 61.24 49.05 50.46 51.88 54.09 61.04 60.48 66.73 55.84 52.51 57.09 56.10 58.55 53.45 45.46 48.67 52.92 47.53 46.01 42.43 36.86 31.65 36.09 37.07 37.75 41.06 39.39 36.46 36.00 36.96 44.29 42.71
-9999 -9999 -9999 -9999 -9999 100.55 105.71 99.07 100.95 109.18 121.97 123.33 131.52 125.22 118.89 128.26 105.40 107.19 125.53 108.14 107.42 91.60 96.58 82.01 72.24 75.60 71.23 64.71 70.12 97.81 76.59 62.32 71.05 64.40 65.23 65.89 60.96 71.91 73.71 73.16 70.99 69.32 63.21 66.54 30.28 43.66 54.18 73.12 62.42 62.87 58.94 60.12 63.37 62.50 59.84 64.12 63.82 62.73 55.73 51.03 49.64 44.17 44.94 43.01 37.29 35.69 39.94 38.55 38.63 41.25 40.99 36.68 38.38 37.19 39.24 41.07
-9999 89.50 108.87 110.39 128.49 111.37 118.77 126.07 123.00 122.84 132.47 134.65 143.61 137.91 146.93 143.98 120.08 107.07 96.71 88.60 90.66 94.24 84.46 84.66 74.32 81.18 73.24 58.73 72.81 88.25 72.90 77.21 67.04 70.25 65.77 57.40 79.61 63.63 81.24 74.87 66.46 67.79 61.71 72.45 54.05 63.46 76.33 72.47 68.86 66.01 64.09 62.27 69.04 69.65 70.66 66.84 61.22 59.79 54.68 50.40 49.07 42.65 42.28 41.93 38.54 36.51 41.45 37.81 34.58 38.09 45.22 41.54 45.29 43.20 42.64 43.12
90.05 113.50 121.10 127.59 152.28 165.35 163.25 147.20 146.47 152.13 151.89 142.94 136.70 137.48 128.90 125.78 123.77 98.14 86.53 84.24 97.62 104.15 77.53 87.36 88.33 73.46 78.96 82.29 122.15 99.17 74.77 66.81 70.62 59.78 73.91 64.40 72.66 68.63 72.99 78.99 69.47 67.23 63.46 66.16 65.49 87.78 78.73 82.80 70.87 62.97 79.38 75.60 77.78 76.02 71.52 73.55 67.67 57.29 52.93 48.78 50.25 46.82 48.82 49.78 38.56 40.46 38.28 38.26 39.96 43.43 43.46 40.22 44.96 43.01 43.57 43.49
