Rainfall_2007-2011/Rainfall_2009-05_ACTUAL.txt
ncols         180
nrows         290
xllcorner     -200000
yllcorner     -200000
cellsize      5000
NODATA_value  -9999
[rows 136 to 169 of 290, columns 76 to 151 of 180]
-9999 -9999 -9999 86.62 91.90 93.71 114.58 112.21 110.96 92.25 86.58 86.18 91.71 114.26 168.01 151.63 132.19 105.44 96.01 93.20 97.83 103.65 107.96 98.63 98.33 73.95 58.60 56.91 63.93 66.27 60.77 59.00 59.26 60.32 58.12 61.23 66.44 63.25 62.16 58.19 49.54 33.94 35.26 44.86 40.17 31.50 34.03 32.21 34.16 33.13 28.73 27.83 -9999 -9999 -9999 -9999 -9999 -9999 -9999 -9999 -9999 -9999 -9999 -9999 -9999 -9999 -9999 -9999 -9999 -9999 -9999 -9999 -9999 -9999 -9999 -9999
-9999 -9999 -9999 80.79 84.72 78.53 90.71 88.71 90.09 79.86 85.69 80.68 79.72 100.39 136.24 142.31 143.95 116.69 92.40 92.84 108.78 113.53 131.19 100.78 -9999 -9999 -9999 58.55 56.45 -9999 57.72 57.71 55.27 54.40 56.17 64.50 83.16 58.30 57.01 60.60 48.12 36.57 35.37 29.25 25.68 35.48 32.50 34.20 30.00 31.71 29.66 27.76 -9999 -9999 -9999 -9999 -9999 -9999 -9999 -9999 -9999 -9999 -9999 -9999 -9999 -9999 -9999 -9999 -9999 -9999 -9999 -9999 -9999 -9999 -9999 -9999
-9999 -9999 -9999 71.56 83.41 74.76 75.15 83.94 85.12 81.64 82.57 74.43 79.75 91.11 133.16 125.74 136.73 119.70 94.53 103.71 102.18 104.66 103.35 95.16 -9999 -9999 -9999 65.90 59.46 55.48 58.05 57.96 56.74 56.17 59.44 77.46 103.20 83.47 79.26 63.01 55.86 47.98 42.21 34.67 31.82 34.23 29.61 32.41 39.59 37.49 33.77 35.05 -9999 -9999 -9999 -9999 -9999 -9999 -9999 -9999 -9999 -9999 -9999 -9999 -9999 -9999 -9999 -9999 -9999 -9999 -9999 -9999 -9999 -9999 -9999 -9999
-9999 -9999 -9999 -9999 73.38 75.54 69.77 -9999 89.68 85.86 80.21 77.11 74.69 -9999 92.51 86.53 95.47 80.91 83.45 99.36 90.19 97.84 -9999 -9999 -9999 -9999 60.19 58.64 64.29 58.73 56.21 55.32 53.08 55.84 65.18 89.75 118.03 105.00 101.24 69.07 60.89 49.03 35.01 38.54 28.06 29.88 33.34 31.09 36.63 37.26 42.17 40.99 33.47 -9999 -9999 -9999 -9999 -9999 -9999 -9999 -9999 -9999 -9999 -9999 -9999 -9999 -9999 -9999 -9999 -9999 -9999 -9999 -9999 -9999 -9999 -9999
-9999 -9999 -9999 -9999 -9999 64.25 -9999 -9999 -9999 76.20 71.06 74.33 80.68 65.90 -9999 -9999 76.32 74.53 69.40 93.70 -9999 -9999 -9999 -9999 -9999 60.90 64.64 65.73 74.42 71.46 62.73 58.88 58.99 65.71 66.87 77.49 91.61 116.12 103.91 84.31 74.86 66.29 50.11 47.10 40.53 39.48 29.34 38.99 39.13 35.85 38.91 39.06 35.60 -9999 -9999 -9999 -9999 -9999 -9999 -9999 -9999 -9999 -9999 -9999 -9999 -9999 -9999 -9999 -9999 -9999 -9999 -9999 -9999 -9999 -9999 -9999
-9999 -9999 -9999 -9999 -9999 56.82 54.31 -9999 -9999 -9999 61.81 71.34 78.25 70.10 -9999 -9999 -9999 -9999 65.95 -9999 -9999 -9999 -9999 -9999 -9999 67.36 75.67 81.39 83.46 87.21 84.31 68.02 62.62 67.71 76.93 63.92 72.60 100.96 98.97 113.64 92.98 80.17 45.67 46.89 45.63 50.02 44.23 41.76 35.71 34.61 37.40 45.74 47.02 -9999 -9999 -9999 -9999 -9999 -9999 -9999 -9999 -9999 -9999 -9999 -9999 -9999 -9999 -9999 -9999 -9999 -9999 -9999 -9999 -9999 -9999 -9999
-9999 -9999 -9999 -9999 -9999 -9999 60.96 -9999 -9999 -9999 -9999 67.60 68.71 66.14 -9999 -9999 -9999 -9999 -9999 -9999 -9999 -9999 -9999 -9999 89.77 99.80 104.04 102.18 108.07 112.67 118.83 107.18 101.08 79.59 74.80 79.39 82.95 117.05 143.78 144.56 101.20 74.35 61.86 56.12 45.98 41.97 44.05 45.32 38.66 38.26 39.77 49.76 47.96 43.43 -9999 -9999 -9999 -9999 -9999 -9999 -9999 -9999 -9999 -9999 -9999 -9999 -9999 -9999 -9999 -9999 -9999 -9999 -9999 -9999 -9999 -9999
-9999 -9999 -9999 -9999 -9999 -9999 68.52 -9999 -9999 -9999 -9999 -9999 -9999 -9999 -9999 -9999 -9999 -9999 -9999 -9999 -9999 -9999 -9999 -9999 70.91 119.55 109.33 104.54 103.42 139.87 128.75 135.19 105.82 77.57 77.06 51.90 54.42 90.36 122.44 128.20 94.22 107.48 99.64 84.04 70.00 53.28 39.27 41.71 43.08 46.26 41.66 47.53 46.99 44.58 39.73 -9999 -9999 -9999 -9999 -9999 -9999 -9999 -9999 -9999 -9999 -9999 -9999 -9999 -9999 -9999 -9999 -9999 -9999 -9999 -9999 -9999
-9999 -9999 -9999 -9999 -9999 -9999 -9999 -9999 -9999 -9999 -9999 -9999 -9999 -9999 -9999 -9999 -9999 -9999 -9999 -9999 -9999 -9999 -9999 63.08 58.78 116.69 117.51 142.25 135.30 199.49 194.28 166.52 115.44 94.19 76.84 58.98 46.65 67.70 122.47 118.32 100.08 92.04 83.58 78.46 63.37 49.15 42.49 35.83 44.88 46.24 53.55 52.78 43.44 36.17 35.71 -9999 -9999 -9999 -9999 -9999 -9999 -9999 -9999 -9999 -9999 -9999 -9999 -9999 -9999 -9999 -9999 -9999 -9999 -9999 -9999 -9999
-9999 -9999 -9999 -9999 -9999 -9999 -9999 -9999 -9999 -9999 -9999 -9999 -9999 -9999 -9999 -9999 -9999 -9999 -9999 -9999 -9999 -9999 -9999 94.96 108.93 130.32 179.31 226.98 191.46 159.10 184.67 169.32 140.62 116.40 87.96 78.73 65.77 70.70 82.72 119.36 110.45 95.10 69.29 71.87 55.33 41.28 37.91 34.36 49.22 48.71 53.23 46.71 41.66 33.96 35.93 37.21 37.40 34.19 -9999 -9999 -9999 -9999 -9999 -9999 -9999 -9999 -9999 -9999 -9999 -9999 -9999 -9999 -9999 -9999 -9999 -9999
-9999 -9999 -9999 -9999 -9999 -9999 -9999 -9999 -9999 -9999 -9999 -9999 -9999 -9999 -9999 -9999 -9999 -9999 -9999 -9999 -9999 -9999 -9999 99.84 117.52 144.15 151.25 231.84 244.30 251.02 262.72 204.81 171.03 166.46 123.21 96.45 73.84 66.80 62.82 85.36 85.38 87.39 75.92 64.20 48.04 39.60 39.52 39.27 42.48 42.75 46.03 42.25 43.96 41.67 39.71 47.37 44.38 40.03 43.74 40.91 -9999 -9999 -9999 -9999 -9999 -9999 -9999 -9999 -9999 -9999 -9999 -9999 -9999 -9999 -9999 -9999
-9999 -9999 -9999 -9999 -9999 -9999 -9999 -9999 -9999 -9999 -9999 -9999 -9999 -9999 -9999 -9999 -9999 -9999 -9999 -9999 -9999 -9999 -9999 90.69 130.13 169.25 250.07 387.22 418.98 290.43 266.75 256.15 239.47 167.82 191.00 154.57 102.58 96.37 93.80 77.18 73.64 86.34 70.59 65.88 51.92 45.44 44.31 41.61 38.41 36.97 44.81 43.02 42.43 42.30 38.94 45.07 46.75 43.98 44.40 47.10 46.92 39.45 -9999 -9999 -9999 -9999 -9999 -9999 -9999 -9999 -9999 -9999 -9999 -9999 -9999 -9999
-9999 -9999 -9999 -9999 -9999 -9999 -9999 -9999 -9999 -9999 -9999 -9999 -9999 -9999 -9999 -9999 -9999 -9999 -9999 -9999 -9999 -9999 -9999 89.38 104.70 139.77 196.48 261.16 432.43 468.13 242.10 225.20 191.65 205.88 218.24 170.24 127.69 138.67 111.36 94.60 122.01 101.73 96.68 85.48 75.51 62.38 54.35 52.13 44.73 46.71 47.57 44.88 47.02 42.56 36.36 43.66 43.31 39.65 35.89 44.54 49.47 41.61 46.48 -9999 -9999 -9999 -9999 -9999 -9999 -9999 -9999 -9999 -9999 -9999 -9999 -9999
-9999 -9999 -9999 -9999 -9999 -9999 -9999 -9999 -9999 -9999 -9999 80.76 74.31 71.86 -9999 -9999 -9999 -9999 -9999 -9999 -9999 -9999 -9999 -9999 90.76 104.35 134.44 182.11 236.92 272.82 207.97 177.93 159.14 179.30 179.79 166.62 176.03 161.04 127.71 127.18 128.33 119.62 122.57 92.49 75.39 67.36 64.18 56.25 48.98 49.92 47.19 47.25 44.33 42.99 49.26 42.63 54.82 54.28 52.06 58.67 49.31 51.97 49.59 41.22 -9999 -9999 -9999 -9999 -9999 -9999 -9999 -9999 -9999 -9999 -9999 -9999
-9999 -9999 -9999 -9999 -9999 -9999 -9999 -9999 -9999 -9999 -9999 79.38 84.32 -9999 -9999 -9999 -9999 -9999 -9999 -9999 -9999 -9999 -9999 -9999 -9999 106.30 134.48 171.33 203.06 262.46 190.94 174.63 151.88 138.77 148.10 138.75 142.35 184.17 141.83 170.60 154.60 121.66 99.84 71.06 83.62 61.85 67.09 54.20 48.34 47.29 46.22 47.62 46.96 46.06 49.45 45.24 47.93 47.97 48.76 55.44 52.62 55.06 48.79 50.38 -9999 -9999 -9999 -9999 -9999 -9999 -9999 -9999 -9999 -9999 -9999 -9999
-9999 -9999 -9999 -9999 -9999 -9999 -9999 -9999 -9999 -9999 94.37 113.59 115.58 99.56 -9999 -9999 -9999 -9999 -9999 -9999 -9999 -9999 -9999 -9999 -9999 100.11 132.21 144.63 173.70 169.92 175.22 144.80 138.64 132.07 130.66 131.79 121.60 125.60 166.25 132.54 112.44 104.02 96.36 94.59 77.32 70.46 55.06 52.49 51.81 49.46 43.46 43.04 49.34 50.65 51.79 58.00 54.23 50.83 50.30 46.82 49.20 53.45 45.11 51.98 50.32 -9999 -9999 -9999 -9999 -9999 -9999 -9999 -9999 -9999 -9999 -9999
-9999 -9999 -9999 -9999 -9999 -9999 -9999 -9999 -9999 92.45 129.00 134.73 159.28 95.33 -9999 -9999 -9999 -9999 -9999 -9999 -9999 -9999 -9999 -9999 -9999 105.95 127.20 129.24 123.32 145.49 138.61 141.59 146.61 126.40 124.43 126.29 107.43 150.00 142.01 151.67 135.04 131.93 89.92 85.20 65.39 63.04 50.80 56.42 54.08 44.82 42.53 43.89 45.55 51.02 54.52 54.84 49.32 47.17 45.55 43.62 46.04 50.90 41.70 41.64 47.07 -9999 -9999 -9999 -9999 -9999 -9999 -9999 -9999 -9999 -9999 -9999
-9999 -9999 -9999 -9999 -9999 -9999 -9999 -9999 78.82 90.39 141.78 117.13 93.08 -9999 -9999 -9999 -9999 -9999 -9999 -9999 -9999 -9999 -9999 -9999 -9999 -9999 108.44 107.67 94.71 105.76 123.21 116.74 105.23 103.41 108.80 116.76 99.22 129.91 152.32 164.40 161.61 142.42 123.51 113.68 86.19 68.10 68.95 65.81 54.41 49.98 46.48 45.82 45.64 47.60 61.38 57.83 47.98 42.27 44.26 35.75 36.49 39.65 40.31 39.19 38.00 40.90 39.76 -9999 -9999 -9999 -9999 -9999 -9999 -9999 -9999 -9999
-9999 -9999 -9999 -9999 -9999 -9999 -9999 -9999 94.00 119.71 100.12 80.12 83.47 -9999 -9999 -9999 -9999 -9999 -9999 -9999 -9999 -9999 -9999 -9999 -9999 -9999 -9999 99.32 91.73 108.30 108.17 99.74 99.58 98.02 99.18 110.31 96.43 127.95 149.82 158.53 156.15 133.28 124.36 127.43 110.05 79.96 81.00 71.57 64.64 55.72 51.90 49.90 45.39 52.32 60.28 56.66 48.59 46.13 40.07 34.57 37.13 40.83 40.95 40.35 50.87 48.25 43.33 -9999 -9999 -9999 -9999 -9999 -9999 -9999 -9999 -9999
-9999 -9999 -9999 -9999 -9999 -9999 -9999 -9999 87.18 85.61 77.82 77.23 -9999 -9999 -9999 -9999 -9999 -9999 -9999 -9999 -9999 -9999 -9999 -9999 -9999 -9999 -9999 82.61 91.01 108.37 -9999 99.69 -9999 84.28 80.46 85.88 96.25 101.52 120.83 123.89 132.25 163.19 126.78 98.13 119.99 108.96 96.03 83.38 73.50 61.60 57.46 51.43 50.17 54.97 59.00 56.93 54.05 47.39 45.35 42.76 39.04 41.88 40.67 42.83 45.26 58.72 57.32 55.43 50.26 -9999 -9999 -9999 -9999 -9999 -9999 -9999
-9999 -9999 -9999 -9999 -9999 -9999 -9999 60.44 69.16 62.78 -9999 -9999 -9999 -9999 -9999 -9999 -9999 -9999 -9999 -9999 -9999 -9999 -9999 -9999 -9999 -9999 -9999 83.26 78.46 90.04 -9999 -9999 -9999 85.45 87.61 91.47 91.52 97.37 97.94 94.50 89.77 128.54 127.54 99.51 109.62 118.73 89.26 89.04 77.16 66.16 55.53 54.73 56.84 57.72 63.56 54.91 53.85 50.55 51.22 45.16 42.65 43.50 38.35 43.39 46.84 55.46 56.34 49.91 45.52 -9999 -9999 -9999 -9999 -9999 -9999 -9999
-9999 -9999 -9999 -9999 -9999 -9999 -9999 -9999 -9999 -9999 -9999 -9999 -9999 -9999 -9999 -9999 -9999 -9999 -9999 -9999 -9999 -9999 -9999 -9999 -9999 -9999 -9999 -9999 -9999 -9999 -9999 -9999 82.25 88.62 93.34 121.34 126.97 138.74 126.57 102.27 104.80 118.85 103.83 99.80 89.93 96.64 92.02 84.02 78.30 68.78 58.15 57.44 63.20 52.32 52.01 53.09 54.75 55.17 49.61 48.19 52.10 45.00 41.96 43.39 45.70 45.29 46.83 45.84 -9999 -9999 -9999 -9999 -9999 -9999 -9999 -9999
-9999 -9999 -9999 -9999 -9999 -9999 -9999 -9999 -9999 -9999 -9999 -9999 -9999 -9999 -9999 -9999 -9999 -9999 -9999 -9999 -9999 -9999 -9999 -9999 -9999 -9999 -9999 -9999 -9999 -9999 -9999 -9999 82.36 83.62 102.87 144.06 167.98 171.65 134.29 112.72 88.93 93.88 78.85 85.07 96.52 93.66 90.50 92.69 86.15 75.52 69.90 61.73 58.39 52.53 51.40 52.38 52.51 52.83 50.03 49.38 58.53 52.46 41.49 44.17 49.28 44.61 41.95 37.32 -9999 -9999 -9999 -9999 -9999 -9999 -9999 -9999
-9999 -9999 -9999 -9999 -9999 -9999 -9999 -9999 -9999 -9999 -9999 -9999 -9999 -9999 -9999 -9999 -9999 -9999 -9999 -9999 -9999 -9999 -9999 -9999 -9999 -9999 -9999 -9999 -9999 -9999 -9999 -9999 78.09 86.08 100.71 126.42 164.51 154.64 124.13 101.65 89.94 90.01 76.82 71.98 78.58 72.03 98.09 86.09 85.49 75.70 69.81 59.40 56.19 56.27 51.15 55.00 49.55 45.47 44.79 49.01 56.06 54.88 49.86 49.59 51.28 45.48 42.75 41.10 -9999 -9999 -9999 -9999 -9999 -9999 -9999 -9999
-9999 -9999 -9999 -9999 -9999 -9999 -9999 -9999 -9999 -9999 -9999 -9999 -9999 -9999 -9999 -9999 -9999 -9999 -9999 -9999 -9999 -9999 -9999 -9999 -9999 -9999 -9999 -9999 -9999 -9999 59.47 74.09 76.44 88.18 91.15 121.28 162.55 133.75 128.21 95.68 96.26 84.12 72.02 81.38 86.19 91.21 84.21 76.56 72.23 66.30 57.68 59.17 54.97 53.26 50.50 47.66 47.06 41.60 41.28 48.89 53.55 54.25 57.06 58.44 49.52 45.36 50.65 43.19 41.25 -9999 -9999 -9999 -9999 -9999 -9999 -9999
-9999 -9999 -9999 -9999 -9999 -9999 -9999 -9999 -9999 -9999 -9999 -9999 -9999 -9999 -9999 -9999 -9999 -9999 -9999 -9999 -9999 -9999 -9999 -9999 -9999 -9999 -9999 -9999 -9999 -9999 72.59 69.07 72.07 79.72 89.53 119.13 109.83 103.67 104.27 114.67 139.49 109.02 97.20 93.27 94.41 75.88 78.58 76.15 76.58 68.55 63.85 58.10 58.33 55.22 45.04 43.16 44.43 42.08 38.33 50.92 61.71 59.83 59.05 57.82 54.37 43.31 44.53 41.59 37.53 -9999 -9999 -9999 -9999 -9999 -9999 -9999
-9999 -9999 -9999 -9999 -9999 -9999 -9999 -9999 -9999 -9999 -9999 -9999 -9999 -9999 -9999 -9999 -9999 -9999 -9999 -9999 -9999 -9999 -9999 -9999 -9999 -9999 -9999 -9999 -9999 -9999 66.28 67.33 71.99 80.54 87.69 96.92 100.48 106.89 107.64 107.98 110.53 105.13 101.99 123.65 86.72 87.56 72.44 76.33 67.11 62.19 62.60 61.59 57.16 51.39 42.52 38.23 42.80 44.95 41.65 48.57 58.01 61.54 61.45 55.51 48.15 44.98 42.09 43.01 42.27 41.85 -9999 -9999 -9999 -9999 -9999 -9999
-9999 -9999 -9999 -9999 -9999 -9999 -9999 -9999 -9999 -9999 -9999 -9999 -9999 -9999 -9999 -9999 -9999 -9999 -9999 -9999 -9999 -9999 -9999 -9999 -9999 -9999 -9999 -9999 -9999 -9999 57.69 69.74 69.49 74.47 78.13 85.16 89.23 102.98 117.83 99.21 104.08 103.41 125.28 137.58 110.20 102.56 83.99 74.40 71.72 61.35 50.10 57.84 58.73 50.50 41.94 43.18 46.97 48.25 50.75 52.31 54.43 61.57 65.14 54.22 50.85 45.82 42.09 41.21 42.69 42.69 40.65 -9999 -9999 -9999 -9999 -9999
-9999 -9999 -9999 -9999 -9999 -9999 -9999 -9999 -9999 -9999 -9999 -9999 -9999 -9999 -9999 -9999 -9999 -9999 -9999 -9999 -9999 -9999 -9999 -9999 -9999 -9999 -9999 -9999 -9999 -9999 76.28 71.55 66.92 69.94 75.83 83.26 90.50 97.57 100.66 99.57 135.28 122.83 132.86 117.26 112.61 99.08 87.44 73.04 79.97 69.21 59.16 59.16 53.46 53.66 51.63 52.56 52.16 49.13 59.23 57.46 56.13 57.13 50.84 48.25 50.15 47.28 46.15 41.61 40.56 40.98 39.55 -9999 -9999 -9999 -9999 -9999
-9999 -9999 -9999 -9999 -9999 -9999 -9999 -9999 -9999 -9999 -9999 -9999 -9999 -9999 -9999 -9999 -9999 -9999 -9999 -9999 -9999 -9999 -9999 -9999 -9999 -9999 -9999 -9999 -9999 -9999 -9999 74.55 70.96 64.83 63.76 84.30 111.95 112.72 110.64 114.65 118.54 131.18 133.24 114.53 108.45 91.79 77.29 72.99 66.47 68.05 60.53 58.77 60.32 55.72 56.04 57.06 57.12 58.21 61.45 58.97 54.30 50.34 50.00 44.79 47.42 49.81 48.69 -9999 40.42 40.53 41.74 44.45 -9999 -9999 -9999 -9999
-9999 -9999 -9999 -9999 -9999 -9999 -9999 -9999 -9999 -9999 -9999 -9999 -9999 -9999 -9999 -9999 -9999 -9999 -9999 -9999 -9999 -9999 -9999 -9999 -9999 -9999 -9999 -9999 -9999 -9999 59.07 75.30 71.98 75.80 78.14 77.44 127.65 139.68 121.70 144.43 154.88 142.66 122.49 137.40 118.70 114.92 79.92 65.55 68.52 65.46 59.00 62.13 64.69 54.78 54.85 59.17 65.28 62.27 58.71 55.20 51.12 52.54 55.81 49.73 46.19 51.12 48.69 44.80 -9999 41.21 40.57 42.89 41.72 -9999 -9999 -9999
-9999 -9999 -9999 -9999 -9999 -9999 -9999 -9999 -9999 -9999 -9999 -9999 -9999 -9999 -9999 -9999 -9999 -9999 -9999 -9999 -9999 -9999 -9999 -9999 -9999 -9999 -9999 -9999 -9999 -9999 59.78 75.41 80.31 81.81 80.06 84.56 100.47 123.21 113.82 117.26 125.90 104.42 124.75 115.56 124.11 107.11 73.03 63.92 59.41 54.16 65.74 67.70 67.86 50.71 52.98 69.09 75.04 65.36 55.68 49.11 47.11 52.61 66.83 55.91 47.53 49.05 50.18 46.90 43.26 -9999 -9999 -9999 -9999 -9999 -9999 -9999
-9999 -9999 -9999 -9999 -9999 -9999 -9999 -9999 -9999 -9999 -9999 -9999 -9999 -9999 -9999 -9999 -9999 -9999 -9999 -9999 -9999 -9999 -9999 -9999 -9999 -9999 -9999 -9999 -9999 63.43 67.72 71.16 75.88 72.56 83.71 82.22 103.34 113.63 110.01 94.85 94.83 98.72 108.66 118.22 123.14 110.32 89.63 75.03 69.88 42.56 61.60 71.30 70.02 53.71 55.97 71.45 73.13 52.69 55.24 55.37 50.92 52.98 56.78 54.61 58.12 48.96 44.95 49.92 52.88 44.00 47.81 -9999 -9999 -9999 -9999 -9999
-9999 -9999 -9999 -9999 -9999 -9999 -9999 -9999 -9999 -9999 -9999 -9999 -9999 -9999 -9999 -9999 -9999 -9999 -9999 -9999 -9999 -9999 -9999 -9999 -9999 -9999 -9999 -9999 -9999 -9999 60.88 74.55 73.50 75.75 83.71 83.17 89.77 86.05 91.90 90.08 87.23 93.20 96.11 97.45 121.15 124.26 121.93 89.89 82.80 72.86 68.03 76.82 66.78 62.47 66.77 71.90 77.39 72.44 64.00 57.00 54.91 56.61 56.20 55.12 56.38 41.95 37.87 48.43 48.59 47.12 45.71 46.14 47.50 -9999 -9999 -9999
