Rainfall_2007-2011/Rainfall_2009-02_ACTUAL.txt
ncols         180
nrows         290
xllcorner     -200000
yllcorner     -200000
cellsize      5000
NODATA_value  -9999
[rows 204 to 237 of 290, columns 77 to 153 of 180]
35.71 35.84 36.18 43.77 45.28 45.05 41.10 42.93 41.03 41.32 34.60 35.62 40.80 37.03 33.39 31.77 25.04 25.21 31.46 30.39 32.47 34.69 37.97 34.12 36.13 30.14 47.25 53.36 69.35 39.87 40.74 49.72 52.27 47.38 40.90 43.43 42.82 45.21 41.70 38.97 35.26 38.21 49.83 61.61 67.60 57.30 57.08 51.22 56.19 57.41 60.68 60.68 56.26 54.21 55.81 53.90 52.73 53.90 55.86 56.58 54.45 58.40 56.78 56.37 61.40 66.83 71.75 68.19 73.68 74.14 69.42 70.67 69.39 76.25 69.08 64.66 66.72
34.98 33.89 30.99 36.54 50.11 43.73 38.56 33.81 35.46 33.31 34.35 30.66 33.29 31.24 30.74 31.02 31.75 31.14 40.81 50.11 38.56 44.26 50.20 52.02 43.50 32.82 37.49 63.86 57.48 50.06 46.14 49.03 49.12 40.31 44.12 48.23 43.32 37.26 41.54 35.50 37.78 42.86 44.52 65.53 63.04 55.06 66.30 57.67 56.45 55.88 59.50 56.49 53.58 46.83 46.80 44.10 51.52 56.11 56.64 58.19 59.51 56.46 59.17 63.47 59.98 65.75 66.47 68.63 67.92 67.87 71.89 80.02 76.55 77.65 77.11 67.19 52.15
34.94 28.97 29.77 37.34 43.26 41.84 39.83 36.81 37.11 35.53 35.57 33.91 39.24 31.78 35.02 33.21 34.90 33.10 38.32 45.08 48.99 51.39 58.98 73.25 47.25 43.65 40.30 41.78 57.88 55.45 38.84 38.63 35.70 45.47 47.56 55.28 47.32 45.79 41.20 39.68 41.78 45.65 59.53 63.28 68.22 63.57 65.89 57.88 61.91 66.75 53.98 52.12 53.60 49.36 45.37 47.59 53.61 53.51 51.78 56.91 60.99 59.74 65.84 68.95 64.34 64.94 71.55 74.16 86.41 70.03 70.00 71.17 73.13 75.43 77.09 70.39 62.91
30.88 29.92 28.59 30.28 31.40 38.40 42.76 41.69 39.16 37.58 36.48 37.60 41.06 33.49 35.27 31.98 30.70 25.56 27.25 36.72 40.69 47.60 46.86 40.43 38.19 48.43 32.62 49.52 69.20 51.35 47.49 37.23 47.06 49.23 52.46 51.19 50.72 42.88 39.96 40.47 69.61 56.52 57.01 63.49 58.10 60.42 65.89 64.46 58.08 58.41 56.28 56.69 54.14 52.61 48.67 48.73 55.22 58.60 54.35 50.57 56.22 60.72 74.67 66.52 69.40 76.27 65.65 68.71 67.80 66.90 68.42 69.68 67.70 68.20 77.60 63.57 66.24
34.63 28.22 26.01 27.79 28.91 37.90 36.26 37.58 36.17 34.50 36.32 37.13 37.78 40.80 37.19 41.28 33.72 28.30 29.69 34.33 29.87 29.26 32.96 35.70 38.55 51.29 43.33 47.75 45.52 41.00 44.30 40.72 45.28 51.54 49.10 60.65 46.79 39.16 36.67 58.35 59.16 60.24 53.32 59.84 73.08 63.64 64.48 62.14 53.36 52.13 52.75 51.90 62.14 53.62 49.57 43.72 50.18 51.62 55.21 57.54 59.27 68.05 77.39 76.34 75.88 74.32 72.99 73.99 72.22 67.82 70.40 72.08 92.83 61.27 67.28 69.05 65.60
33.32 25.99 23.26 31.66 40.82 35.89 -9999 -9999 -9999 -9999 34.51 35.97 38.72 36.16 37.48 40.38 36.93 30.85 31.12 30.77 41.61 46.38 36.68 40.28 38.89 44.45 45.20 49.38 48.52 43.97 41.07 40.21 61.07 50.99 53.02 47.94 40.99 41.32 39.61 61.23 54.28 60.83 60.14 58.33 71.32 63.67 61.62 62.72 54.46 54.00 56.61 52.62 56.33 55.83 54.73 47.06 54.31 57.17 60.39 52.33 65.22 73.64 77.50 71.77 79.80 69.06 66.87 74.49 69.50 67.08 63.70 65.16 76.28 69.43 67.46 73.83 66.23
29.97 27.83 26.78 30.67 39.75 33.72 -9999 -9999 -9999 -9999 -9999 -9999 -9999 36.69 41.79 42.43 38.39 32.49 31.01 37.60 45.56 51.16 44.45 47.93 42.11 41.91 38.04 51.38 58.99 48.05 40.98 48.42 54.86 57.52 48.29 46.21 46.25 46.84 53.90 59.27 59.67 64.09 61.16 77.59 63.42 56.78 57.16 63.22 56.64 61.45 58.70 53.46 52.90 51.62 54.00 54.09 59.00 64.67 67.24 66.46 70.60 76.05 71.05 68.13 70.56 68.62 66.17 67.73 69.72 66.20 74.03 64.54 56.40 62.36 61.01 67.88 63.91
-9999 -9999 26.77 -9999 -9999 -9999 -9999 -9999 -9999 -9999 -9999 36.20 38.77 40.57 42.69 34.45 36.47 34.41 32.68 39.60 46.86 51.62 51.61 46.86 43.18 46.44 50.21 52.75 49.04 41.94 37.59 39.56 45.73 50.74 46.40 45.20 44.22 52.14 68.67 65.04 58.86 59.12 57.70 62.81 59.39 54.51 59.12 56.05 56.76 60.37 56.13 48.20 49.73 54.86 54.58 53.94 62.84 73.31 72.45 81.91 63.70 67.88 70.05 72.95 55.23 64.30 67.23 72.15 68.36 62.18 62.31 57.14 69.22 58.97 61.33 64.74 70.14
-9999 -9999 -9999 -9999 -9999 -9999 -9999 -9999 -9999 -9999 -9999 36.53 38.44 36.68 38.34 38.27 -9999 -9999 31.13 42.12 43.72 50.42 47.88 46.24 49.58 52.33 51.00 49.41 46.08 40.66 41.12 39.82 38.62 42.72 42.13 43.41 42.76 51.61 64.27 60.76 62.07 53.65 43.13 55.81 57.50 52.50 54.96 55.33 46.79 59.50 58.69 58.50 54.86 55.53 59.11 65.75 67.05 62.62 81.65 77.43 65.37 71.11 68.40 69.61 67.10 69.84 65.97 62.36 62.41 56.21 57.22 59.03 64.46 65.70 71.12 63.32 73.30
-9999 -9999 -9999 -9999 -9999 -9999 -9999 -9999 -9999 -9999 -9999 -9999 -9999 -9999 -9999 -9999 -9999 -9999 29.34 32.23 41.29 40.38 39.16 39.80 42.86 42.81 41.70 46.60 44.26 36.62 38.75 40.83 -9999 43.54 38.92 43.03 46.18 52.80 59.29 56.29 56.50 56.48 52.27 50.72 67.81 54.59 57.70 66.40 66.47 61.78 54.03 67.07 54.96 62.14 70.02 64.54 68.05 71.33 77.01 67.75 65.68 61.08 65.31 71.25 69.96 75.98 64.33 59.62 60.77 57.50 57.54 58.88 64.05 74.17 73.71 67.83 63.16
-9999 -9999 -9999 -9999 -9999 -9999 -9999 -9999 -9999 -9999 -9999 -9999 -9999 -9999 -9999 -9999 -9999 -9999 -9999 31.23 33.61 36.42 43.53 42.90 38.85 40.00 45.09 41.90 -9999 -9999 -9999 -9999 53.50 48.57 46.32 47.55 51.26 55.56 59.78 63.80 64.29 59.76 48.83 47.59 61.31 66.30 61.40 75.58 74.52 73.33 63.13 65.69 61.06 63.70 68.68 62.28 69.34 71.02 58.58 60.90 58.21 62.29 65.79 65.23 69.70 74.62 68.90 57.34 64.49 54.97 59.21 64.80 69.72 61.18 64.68 58.19 57.68
-9999 -9999 -9999 -9999 -9999 -9999 -9999 -9999 -9999 -9999 -9999 -9999 -9999 -9999 -9999 -9999 -9999 -9999 -9999 -9999 35.47 42.85 46.33 42.75 41.32 44.05 46.86 -9999 -9999 -9999 -9999 48.34 75.38 65.41 55.57 58.11 55.56 65.41 59.53 68.09 66.54 66.32 62.23 56.78 65.05 72.74 68.62 75.55 76.67 72.41 57.64 62.73 63.13 71.00 66.14 66.83 61.82 56.67 56.61 61.17 62.55 67.15 75.10 68.08 67.01 74.67 71.11 67.40 58.68 60.06 57.36 67.37 65.36 63.95 66.47 56.82 60.43
-9999 -9999 -9999 -9999 -9999 -9999 -9999 -9999 -9999 -9999 -9999 -9999 -9999 -9999 -9999 -9999 -9999 -9999 -9999 -9999 -9999 40.33 43.93 45.59 38.54 41.65 44.09 -9999 -9999 -9999 44.13 52.00 54.36 52.85 60.77 51.65 50.95 57.92 52.17 62.46 67.29 61.19 66.79 64.96 68.38 72.27 77.06 76.20 74.30 72.37 66.74 65.11 69.03 67.31 72.96 65.84 58.26 57.30 61.56 61.46 65.75 71.82 71.37 63.58 59.89 76.10 61.87 52.45 57.33 62.02 67.04 64.98 68.62 65.10 74.25 60.72 64.85
-9999 -9999 -9999 -9999 -9999 -9999 -9999 -9999 -9999 -9999 -9999 -9999 -9999 -9999 -9999 -9999 -9999 -9999 -9999 -9999 -9999 -9999 -9999 -9999 -9999 -9999 -9999 -9999 -9999 60.51 56.53 54.07 57.55 64.07 56.75 53.31 54.49 56.44 56.79 55.19 61.55 55.31 50.59 53.28 61.78 79.13 77.37 81.86 83.90 77.38 80.50 76.08 71.79 62.39 67.36 67.88 59.52 61.55 62.67 60.26 67.40 70.85 62.48 60.96 59.98 62.47 62.86 57.78 60.95 68.68 71.80 76.11 73.81 63.30 77.53 76.71 76.79
-9999 -9999 -9999 -9999 -9999 -9999 -9999 -9999 -9999 -9999 -9999 -9999 -9999 -9999 -9999 -9999 -9999 -9999 -9999 -9999 -9999 -9999 -9999 -9999 -9999 -9999 -9999 -9999 -9999 57.12 63.87 61.85 84.07 81.95 70.43 66.30 64.01 58.52 64.12 54.43 53.50 54.06 55.18 57.55 62.84 71.90 84.21 95.58 102.33 89.26 76.01 84.08 70.04 65.61 68.76 64.00 59.76 56.21 59.99 65.10 68.76 64.07 60.46 63.84 57.35 61.40 65.34 68.80 69.64 79.47 69.43 77.51 79.41 74.32 75.40 75.00 69.86
-9999 -9999 -9999 -9999 -9999 -9999 -9999 -9999 -9999 -9999 -9999 -9999 -9999 -9999 -9999 -9999 -9999 -9999 -9999 -9999 -9999 -9999 -9999 -9999 -9999 -9999 -9999 -9999 -9999 59.87 57.03 61.34 70.48 73.06 86.94 81.51 75.37 64.76 68.13 63.71 54.08 66.57 61.39 65.02 70.02 64.20 70.64 76.48 84.73 80.96 79.04 73.88 63.98 61.35 76.13 69.85 63.80 63.09 62.88 68.07 68.14 68.47 57.43 60.06 61.98 70.90 49.99 64.28 64.88 74.31 78.27 72.83 87.41 75.42 73.51 75.68 70.73
-9999 -9999 -9999 -9999 -9999 -9999 -9999 -9999 -9999 -9999 -9999 -9999 46.38 55.62 55.64 71.99 76.81 108.07 69.07 78.02 71.12 77.31 54.35 -9999 -9999 -9999 -9999 -9999 -9999 57.70 50.51 50.37 54.86 61.57 77.55 68.64 82.63 71.43 77.31 74.55 66.23 69.33 65.85 66.14 67.48 56.40 61.94 85.22 77.55 72.92 69.75 65.41 59.39 65.59 70.48 77.61 73.06 70.86 70.12 60.42 77.45 71.00 64.10 65.87 70.13 65.45 67.25 60.18 58.14 56.62 61.93 63.44 62.75 63.66 63.09 65.02 62.58
-9999 -9999 -9999 -9999 -9999 -9999 -9999 -9999 -9999 -9999 -9999 -9999 59.68 53.94 65.30 66.66 107.63 83.57 89.60 125.31 106.19 92.60 74.47 61.75 39.55 74.01 77.90 61.25 46.95 52.46 51.97 49.05 56.60 63.78 62.69 67.39 68.19 65.37 73.84 92.84 80.54 70.22 68.85 71.12 59.60 58.76 65.54 74.86 79.36 77.19 62.55 56.40 57.78 63.63 72.59 75.31 72.03 77.43 63.95 66.34 64.55 67.73 64.80 53.16 74.87 65.43 61.68 58.07 57.09 58.46 62.17 64.44 69.95 65.35 71.98 75.12 71.23
-9999 -9999 -9999 -9999 -9999 -9999 -9999 -9999 -9999 -9999 -9999 52.20 58.09 56.27 61.37 67.44 76.90 99.63 92.64 96.36 88.19 90.30 85.78 65.03 79.06 76.03 81.89 68.28 64.69 50.80 53.02 59.22 66.60 62.33 68.62 67.02 66.71 68.60 88.04 81.13 81.70 80.99 68.04 66.13 66.56 69.08 70.91 70.26 77.38 77.74 56.71 63.41 56.95 51.58 57.62 64.15 59.29 74.02 67.17 65.74 70.60 61.69 59.74 51.53 56.58 63.99 61.71 56.81 62.12 66.18 65.54 71.35 66.39 72.28 81.49 73.29 71.46
-9999 -9999 -9999 -9999 -9999 -9999 -9999 -9999 -9999 -9999 -9999 -9999 61.96 62.23 54.16 58.31 70.52 75.29 100.63 70.96 64.50 80.37 69.48 81.58 72.32 79.34 80.97 58.01 66.30 61.89 59.73 52.54 60.31 54.17 56.76 55.30 58.69 75.27 81.51 77.85 85.20 84.83 60.40 65.39 84.78 79.40 75.99 73.15 75.23 71.89 57.06 56.12 54.97 53.27 56.36 62.22 68.35 69.34 65.13 68.34 61.94 57.11 62.23 56.69 60.82 55.89 47.12 57.21 70.16 70.89 79.92 79.22 79.69 79.99 78.51 76.24 69.86
-9999 -9999 -9999 -9999 -9999 -9999 -9999 -9999 57.19 -9999 -9999 57.05 56.04 60.36 53.23 55.60 60.49 58.73 66.95 63.19 70.46 75.56 67.89 71.32 70.73 67.72 62.27 58.14 63.98 68.11 62.85 59.03 68.13 52.09 45.98 53.71 63.65 64.68 70.39 61.01 85.51 78.21 82.57 84.97 85.92 75.88 78.52 83.12 68.52 62.69 61.66 50.23 57.72 64.29 58.35 62.21 65.66 75.67 65.29 67.40 64.11 53.21 58.01 60.54 60.55 61.43 63.24 65.41 67.14 73.25 76.49 75.37 74.15 78.28 75.15 71.81 74.05
-9999 -9999 -9999 -9999 -9999 -9999 -9999 66.12 75.46 71.83 78.21 65.86 58.24 65.80 60.41 44.84 54.34 47.21 55.57 63.96 73.54 71.20 67.89 61.72 64.41 65.79 64.19 62.15 70.73 60.04 62.63 61.85 66.73 58.48 49.12 56.20 61.75 65.79 72.63 76.14 109.42 88.33 87.72 91.77 85.27 78.88 76.24 79.55 69.15 62.88 47.73 57.34 62.35 62.67 60.66 56.97 60.05 56.66 58.20 64.28 68.44 69.52 56.21 61.11 63.48 62.25 66.37 65.65 68.32 76.33 73.80 71.69 76.93 69.61 75.00 73.50 78.37
-9999 -9999 -9999 -9999 -9999 -9999 -9999 75.91 84.27 77.09 80.50 73.53 59.66 64.11 62.02 69.70 63.72 49.86 51.63 57.88 75.37 75.99 69.70 70.89 65.96 60.91 82.97 80.22 73.83 71.00 74.76 78.42 71.32 62.00 58.03 64.78 57.97 67.81 69.36 74.13 87.68 101.31 82.88 82.80 82.01 74.41 70.94 84.74 79.37 61.17 55.56 60.03 62.73 58.51 56.92 58.37 65.43 71.03 68.82 83.96 74.80 76.70 68.11 67.50 71.94 69.26 75.69 73.13 84.56 85.67 72.33 76.62 84.92 74.49 75.83 77.39 74.91
-9999 -9999 -9999 -9999 -9999 -9999 -9999 87.96 88.75 88.87 89.05 75.90 82.21 78.62 72.36 72.53 68.56 68.12 66.04 66.36 73.40 70.42 70.92 67.90 61.85 62.13 67.06 70.69 75.83 80.95 75.59 79.79 58.96 55.79 52.06 52.35 56.08 58.64 71.40 78.07 83.50 80.84 81.08 81.11 79.53 78.19 82.95 76.49 71.68 66.26 49.21 59.90 72.16 63.17 58.51 58.88 65.90 70.16 79.59 82.03 77.30 86.90 96.33 78.75 92.29 86.35 68.91 79.75 106.84 98.63 93.86 77.03 71.35 67.88 67.87 71.04 64.95
-9999 -9999 -9999 -9999 -9999 -9999 -9999 88.29 90.41 90.19 79.08 77.70 81.23 78.47 73.83 86.82 75.45 77.60 77.44 66.45 66.13 66.43 76.68 73.68 58.37 64.05 69.25 71.56 75.26 80.61 74.69 74.07 66.90 62.18 66.17 58.81 60.99 66.69 76.62 85.77 82.31 80.93 78.46 79.46 79.01 79.84 76.20 75.79 70.53 68.23 64.43 65.25 63.42 63.31 61.94 72.91 68.63 62.94 75.69 66.88 68.44 81.75 82.21 88.26 81.57 81.73 89.68 83.88 83.45 77.95 88.99 73.18 65.52 67.65 71.01 66.61 63.22
-9999 -9999 -9999 -9999 -9999 -9999 -9999 83.48 82.28 79.79 82.37 90.97 90.97 85.68 75.77 75.87 83.29 72.07 66.51 61.61 60.97 65.51 63.93 59.59 55.45 51.24 69.34 78.40 75.35 70.78 85.02 82.47 68.63 58.08 75.18 78.51 86.35 87.48 86.50 90.86 88.30 80.39 90.50 92.32 85.26 85.71 85.19 75.35 80.32 82.12 77.39 67.31 61.14 58.64 61.01 58.56 59.24 62.41 64.47 70.59 82.63 78.40 79.43 73.92 73.05 72.11 69.81 -9999 -9999 63.53 60.98 67.68 66.25 70.21 84.60 70.06 -9999
-9999 -9999 -9999 -9999 -9999 -9999 74.48 83.02 88.33 85.52 87.95 97.98 94.76 93.90 86.78 79.32 85.28 79.35 71.93 66.27 61.29 67.70 63.20 57.63 62.22 71.14 75.38 74.94 68.53 72.36 76.75 68.05 63.57 69.31 81.78 88.93 94.28 97.32 92.56 94.84 103.02 97.18 91.94 104.68 94.14 89.98 84.74 74.33 72.27 70.67 67.39 61.91 65.57 -9999 -9999 57.29 55.23 69.95 62.98 66.89 70.63 71.66 -9999 -9999 -9999 -9999 -9999 -9999 -9999 -9999 -9999 -9999 58.39 63.91 70.21 62.61 -9999
-9999 -9999 -9999 -9999 -9999 81.94 82.82 84.79 87.12 83.46 84.59 95.16 104.17 87.97 97.83 108.62 112.93 90.13 76.68 84.14 96.64 86.57 67.05 64.42 63.75 78.83 69.35 77.77 74.15 75.27 62.52 58.47 58.68 75.10 85.73 107.71 99.01 101.76 94.47 101.12 92.45 91.16 97.11 104.22 97.83 93.59 80.29 67.41 71.13 66.09 -9999 61.94 69.21 66.45 63.32 63.30 -9999 -9999 -9999 -9999 67.90 -9999 -9999 -9999 -9999 -9999 -9999 -9999 -9999 -9999 -9999 -9999 -9999 -9999 -9999 -9999 -9999
-9999 -9999 -9999 -9999 73.01 89.95 100.06 97.96 84.30 87.55 82.48 93.78 88.31 98.81 126.18 130.84 114.48 106.40 106.76 96.24 88.67 80.58 66.60 70.62 61.71 62.89 63.55 58.50 -9999 -9999 -9999 -9999 -9999 64.97 80.79 99.54 88.32 94.42 86.40 93.49 104.24 95.88 106.81 98.46 -9999 -9999 -9999 -9999 -9999 65.33 69.52 62.22 73.71 73.18 72.11 68.62 -9999 -9999 -9999 -9999 -9999 -9999 -9999 -9999 -9999 -9999 -9999 -9999 -9999 -9999 -9999 -9999 -9999 -9999 -9999 -9999 -9999
-9999 -9999 -9999 66.18 76.27 100.19 103.22 103.97 92.52 94.18 92.50 103.70 97.86 63.57 110.14 122.10 135.87 121.90 103.49 76.79 84.76 76.51 63.63 62.78 57.02 -9999 -9999 -9999 -9999 -9999 -9999 -9999 -9999 -9999 63.31 78.17 76.12 82.45 92.73 109.29 105.42 122.29 126.81 109.77 -9999 -9999 -9999 -9999 -9999 -9999 -9999 64.34 76.89 78.05 75.73 -9999 -9999 -9999 -9999 -9999 -9999 -9999 -9999 -9999 -9999 -9999 -9999 -9999 -9999 -9999 -9999 -9999 -9999 -9999 -9999 -9999 -9999
52.03 48.28 55.02 65.25 83.15 80.25 99.22 111.73 100.93 94.09 91.40 101.40 98.55 101.21 105.03 115.00 120.26 101.12 101.56 91.54 97.68 90.18 74.43 -9999 -9999 -9999 -9999 -9999 -9999 -9999 -9999 -9999 -9999 -9999 -9999 -9999 68.84 -9999 -9999 -9999 -9999 101.86 108.75 111.87 -9999 -9999 -9999 -9999 -9999 -9999 -9999 -9999 63.56 71.43 62.49 -9999 -9999 -9999 -9999 -9999 -9999 -9999 -9999 -9999 -9999 -9999 -9999 -9999 -9999 -9999 -9999 -9999 -9999 -9999 -9999 -9999 -9999
54.79 55.92 57.09 66.76 73.31 81.26 94.43 109.81 112.44 104.93 108.32 98.82 96.00 90.98 126.32 132.89 106.77 102.80 102.79 81.47 90.23 82.21 -9999 -9999 -9999 -9999 -9999 -9999 -9999 -9999 -9999 -9999 -9999 -9999 -9999 -9999 66.41 -9999 -9999 -9999 -9999 -9999 -9999 -9999 -9999 -9999 -9999 -9999 -9999 -9999 -9999 -9999 -9999 -9999 -9999 -9999 -9999 -9999 -9999 -9999 -9999 -9999 -9999 -9999 -9999 -9999 -9999 -9999 -9999 -9999 -9999 -9999 -9999 -9999 -9999 -9999 -9999
61.82 71.61 72.92 62.35 70.62 81.00 88.06 96.46 92.45 99.77 109.49 95.83 89.10 95.17 119.87 128.65 109.50 118.23 102.27 86.68 88.23 84.83 -9999 -9999 -9999 -9999 -9999 -9999 -9999 -9999 -9999 -9999 -9999 -9999 -9999 -9999 -9999 -9999 -9999 -9999 -9999 -9999 -9999 -9999 -9999 -9999 -9999 -9999 -9999 -9999 -9999 -9999 -9999 -9999 -9999 -9999 -9999 -9999 -9999 -9999 -9999 -9999 -9999 -9999 -9999 -9999 -9999 -9999 -9999 -9999 -9999 -9999 -9999 -9999 -9999 -9999 -9999
62.50 79.74 92.40 76.53 68.77 77.56 87.17 94.88 90.62 97.34 114.52 107.55 94.55 97.58 104.57 137.94 117.01 116.76 101.11 88.24 97.08 71.23 -9999 -9999 -9999 -9999 -9999 -9999 -9999 -9999 -9999 -9999 -9999 -9999 -9999 -9999 -9999 -9999 -9999 -9999 -9999 -9999 -9999 -9999 -9999 -9999 -9999 -9999 -9999 -9999 -9999 -9999 -9999 -9999 -9999 -9999 -9999 -9999 -9999 -9999 -9999 -9999 -9999 -9999 -9999 -9999 -9999 -9999 -9999 -9999 -9999 -9999 -9999 -9999 -9999 -9999 -9999
