Rainfall_2007-2011/Rainfall_2011-06_ACTUAL.txt
ncols         180
nrows         290
xllcorner     -200000
yllcorner     -200000
cellsize      5000
NODATA_value  -9999
[rows 102 to 135 of 290, columns 76 to 151 of 180]
98.43 -9999 106.76 116.42 148.89 117.89 160.49 143.04 142.64 131.74 168.80 134.34 156.40 116.33 104.48 125.57 98.98 77.29 108.27 146.12 152.38 119.10 108.46 111.17 101.63 97.42 94.86 96.10 89.73 109.73 87.70 90.58 92.70 100.50 101.77 87.15 82.54 -9999 -9999 -9999 -9999 -9999 -9999 -9999 -9999 -9999 -9999 -9999 -9999 -9999 -9999 -9999 -9999 -9999 -9999 -9999 -9999 -9999 -9999 -9999 -9999 -9999 -9999 -9999 -9999 -9999 -9999 -9999 -9999 -9999 -9999 -9999 -9999 -9999 -9999 -9999
-9999 86.60 93.88 100.86 91.83 154.67 165.70 110.82 123.43 161.89 139.60 141.66 159.02 150.02 129.81 106.03 113.21 117.02 144.35 141.46 120.58 141.24 140.30 111.53 96.17 92.64 94.57 99.91 109.86 86.58 64.14 80.90 88.86 87.90 82.57 -9999 -9999 -9999 -9999 -9999 -9999 -9999 -9999 -9999 -9999 -9999 -9999 -9999 -9999 -9999 -9999 -9999 -9999 -9999 -9999 -9999 -9999 -9999 -9999 -9999 -9999 -9999 -9999 -9999 -9999 -9999 -9999 -9999 -9999 -9999 -9999 -9999 -9999 -9999 -9999 -9999
102.10 105.93 116.08 133.66 116.19 125.49 112.93 92.53 113.48 136.00 127.32 99.61 106.45 118.79 123.58 135.02 92.62 110.54 111.80 127.43 137.46 101.36 113.19 122.30 99.33 89.21 83.95 91.81 85.92 69.64 63.16 68.98 80.85 80.37 -9999 -9999 -9999 -9999 -9999 -9999 -9999 -9999 -9999 -9999 -9999 -9999 -9999 -9999 -9999 -9999 -9999 -9999 -9999 -9999 -9999 -9999 -9999 -9999 -9999 -9999 -9999 -9999 -9999 -9999 -9999 -9999 -9999 -9999 -9999 -9999 -9999 -9999 -9999 -9999 -9999 -9999
101.80 127.39 122.38 131.09 114.99 110.97 120.34 129.54 118.67 134.77 145.08 134.58 151.09 109.30 100.63 93.07 95.08 113.82 108.56 94.39 89.09 98.69 91.46 114.20 93.22 78.88 70.14 83.62 76.67 74.19 80.00 75.28 76.83 74.74 -9999 -9999 -9999 -9999 -9999 -9999 -9999 -9999 -9999 -9999 -9999 -9999 -9999 -9999 -9999 -9999 -9999 -9999 -9999 -9999 -9999 -9999 -9999 -9999 -9999 -9999 -9999 -9999 -9999 -9999 -9999 -9999 -9999 -9999 -9999 -9999 -9999 -9999 -9999 -9999 -9999 -9999
107.15 114.01 129.35 138.18 135.20 138.56 108.84 149.07 137.70 201.32 161.35 165.62 137.38 161.02 105.29 110.38 133.44 112.45 118.21 123.65 106.86 90.48 84.19 83.42 78.47 79.52 95.57 81.52 89.07 87.72 75.39 73.10 69.71 75.25 67.82 -9999 -9999 -9999 -9999 -9999 -9999 -9999 -9999 -9999 -9999 -9999 -9999 -9999 -9999 -9999 -9999 -9999 -9999 -9999 -9999 -9999 -9999 -9999 -9999 -9999 -9999 -9999 -9999 -9999 -9999 -9999 -9999 -9999 -9999 -9999 -9999 -9999 -9999 -9999 -9999 -9999
83.45 102.90 128.48 106.57 137.23 126.03 80.48 120.42 171.24 191.47 124.80 165.07 159.11 142.62 117.78 140.59 118.83 133.14 222.02 154.96 123.43 104.03 97.53 98.67 106.99 101.35 107.67 93.06 94.82 93.16 84.14 90.33 82.82 85.20 79.94 68.08 -9999 -9999 -9999 -9999 -9999 -9999 -9999 -9999 -9999 -9999 -9999 -9999 -9999 -9999 -9999 -9999 -9999 -9999 -9999 -9999 -9999 -9999 -9999 -9999 -9999 -9999 -9999 -9999 -9999 -9999 -9999 -9999 -9999 -9999 -9999 -9999 -9999 -9999 -9999 -9999
98.24 118.41 121.18 129.55 133.21 132.04 116.52 139.21 161.39 189.47 131.86 131.85 139.27 146.64 137.05 175.66 163.63 123.16 127.56 122.32 111.50 100.84 126.63 139.30 120.37 104.21 84.98 84.89 109.86 100.51 95.49 85.03 91.79 87.41 83.32 87.53 69.99 -9999 -9999 -9999 -9999 -9999 -9999 -9999 -9999 -9999 -9999 -9999 -9999 -9999 -9999 -9999 -9999 -9999 -9999 -9999 -9999 -9999 -9999 -9999 -9999 -9999 -9999 -9999 -9999 -9999 -9999 -9999 -9999 -9999 -9999 -9999 -9999 -9999 -9999 -9999
124.66 122.87 136.92 141.26 123.49 110.84 130.81 171.06 145.47 120.11 116.37 170.15 126.35 141.21 138.15 155.86 134.68 116.78 113.64 104.99 134.90 149.89 154.37 135.13 117.00 87.56 69.63 74.58 94.16 100.40 93.25 81.08 72.86 75.27 74.65 77.96 -9999 -9999 -9999 -9999 -9999 -9999 -9999 -9999 -9999 -9999 -9999 -9999 -9999 -9999 -9999 -9999 -9999 -9999 -9999 -9999 -9999 -9999 -9999 -9999 -9999 -9999 -9999 -9999 -9999 -9999 -9999 -9999 -9999 -9999 -9999 -9999 -9999 -9999 -9999 -9999
129.62 133.43 131.84 127.78 116.23 149.06 125.71 155.95 145.26 131.92 130.70 120.94 169.41 149.46 114.23 106.90 97.14 89.67 126.61 106.73 116.48 95.18 99.38 93.12 86.40 87.66 78.71 73.67 74.28 80.14 84.76 76.53 -9999 -9999 -9999 -9999 -9999 -9999 -9999 -9999 -9999 -9999 -9999 -9999 -9999 -9999 -9999 -9999 -9999 -9999 -9999 -9999 -9999 -9999 -9999 -9999 -9999 -9999 -9999 -9999 -9999 -9999 -9999 -9999 -9999 -9999 -9999 -9999 -9999 -9999 -9999 -9999 -9999 -9999 -9999 -9999
130.29 142.37 135.30 114.35 156.83 153.64 172.69 170.34 105.19 131.70 144.90 118.22 128.77 151.85 114.41 112.86 108.34 121.41 151.24 93.03 92.93 81.68 87.21 87.22 83.56 93.77 84.54 83.81 83.21 76.28 -9999 -9999 -9999 -9999 -9999 -9999 -9999 -9999 -9999 -9999 -9999 -9999 -9999 -9999 -9999 -9999 -9999 -9999 -9999 -9999 -9999 -9999 -9999 -9999 -9999 -9999 -9999 -9999 -9999 -9999 -9999 -9999 -9999 -9999 -9999 -9999 -9999 -9999 -9999 -9999 -9999 -9999 -9999 -9999 -9999 -9999
164.63 131.21 123.86 155.85 146.75 168.47 190.05 159.47 122.36 138.00 142.77 102.82 98.21 101.55 115.08 133.62 123.10 134.04 123.85 104.64 118.22 101.71 62.32 73.95 77.66 86.77 86.00 90.31 90.44 74.35 -9999 -9999 -9999 -9999 -9999 -9999 -9999 -9999 -9999 -9999 -9999 -9999 -9999 -9999 -9999 -9999 -9999 -9999 -9999 -9999 -9999 -9999 -9999 -9999 -9999 -9999 -9999 -9999 -9999 -9999 -9999 -9999 -9999 -9999 -9999 -9999 -9999 -9999 -9999 -9999 -9999 -9999 -9999 -9999 -9999 -9999
131.65 -9999 122.34 151.83 149.78 167.27 168.21 160.02 115.94 98.07 110.80 110.36 109.33 109.17 89.73 141.14 147.42 144.60 149.28 130.75 124.71 106.30 84.80 80.63 78.92 79.45 73.06 80.82 -9999 -9999 -9999 -9999 -9999 70.25 69.66 78.09 83.37 -9999 -9999 -9999 -9999 -9999 -9999 -9999 -9999 -9999 -9999 -9999 -9999 -9999 -9999 -9999 -9999 -9999 -9999 -9999 -9999 -9999 -9999 -9999 -9999 -9999 -9999 -9999 -9999 -9999 -9999 -9999 -9999 -9999 -9999 -9999 -9999 -9999 -9999 -9999
142.66 -9999 107.20 137.33 132.48 125.29 172.35 125.94 131.30 96.52 111.49 117.00 111.32 119.90 89.94 91.55 102.43 107.01 116.94 108.47 101.79 95.44 93.28 84.91 82.93 84.36 85.22 89.65 77.21 73.13 -9999 -9999 64.57 72.17 79.90 73.99 82.07 93.88 80.59 -9999 -9999 -9999 -9999 -9999 -9999 -9999 -9999 -9999 -9999 -9999 -9999 -9999 -9999 -9999 -9999 -9999 -9999 -9999 -9999 -9999 -9999 -9999 -9999 -9999 -9999 -9999 -9999 -9999 -9999 -9999 -9999 -9999 -9999 -9999 -9999 -9999
140.86 96.11 98.39 89.37 114.48 136.23 143.07 116.20 108.77 115.14 119.73 125.67 101.96 89.27 85.99 84.19 88.48 96.95 105.70 107.17 98.20 92.03 89.30 87.93 84.93 75.75 83.08 82.23 78.43 77.97 68.31 60.17 69.67 90.56 81.96 66.80 84.10 76.69 92.54 56.89 -9999 -9999 -9999 -9999 -9999 -9999 -9999 -9999 -9999 -9999 -9999 -9999 -9999 -9999 -9999 -9999 -9999 -9999 -9999 -9999 -9999 -9999 -9999 -9999 -9999 -9999 -9999 -9999 -9999 -9999 -9999 -9999 -9999 -9999 -9999 -9999
128.58 117.65 92.53 103.11 117.17 120.41 125.42 -9999 126.75 147.12 131.26 106.43 94.59 80.56 86.00 83.11 86.62 86.52 85.80 100.11 102.48 93.82 85.97 87.48 88.20 68.09 82.75 87.53 79.71 77.07 68.43 70.50 75.54 91.24 75.98 74.52 76.77 89.33 91.89 73.57 70.24 76.88 56.25 -9999 -9999 -9999 -9999 -9999 -9999 -9999 -9999 -9999 -9999 -9999 -9999 -9999 -9999 -9999 -9999 -9999 -9999 -9999 -9999 -9999 -9999 -9999 -9999 -9999 -9999 -9999 -9999 -9999 -9999 -9999 -9999 -9999
129.35 146.07 107.41 -9999 104.56 115.54 117.23 -9999 123.33 161.95 130.98 109.02 90.58 90.54 89.95 84.11 73.78 77.06 80.22 87.92 97.22 95.14 93.21 88.77 90.76 72.38 70.91 91.98 88.27 76.59 70.42 74.46 64.86 82.53 101.83 96.70 85.94 82.64 87.67 80.64 90.03 67.24 65.52 -9999 -9999 -9999 -9999 -9999 -9999 -9999 -9999 -9999 -9999 -9999 -9999 -9999 -9999 -9999 -9999 -9999 -9999 -9999 -9999 -9999 -9999 -9999 -9999 -9999 -9999 -9999 -9999 -9999 -9999 -9999 -9999 -9999
138.30 125.55 101.64 -9999 -9999 101.32 87.02 86.00 111.00 125.58 108.20 91.88 94.61 97.08 99.11 86.17 84.47 83.72 77.45 86.32 90.96 94.97 96.05 94.38 70.35 70.35 82.85 84.30 89.54 70.14 58.98 68.90 75.93 91.24 82.38 87.35 80.26 70.48 75.35 62.61 61.90 67.75 69.33 66.73 -9999 -9999 -9999 -9999 -9999 -9999 -9999 -9999 -9999 -9999 -9999 -9999 -9999 -9999 -9999 -9999 -9999 -9999 -9999 -9999 -9999 -9999 -9999 -9999 -9999 -9999 -9999 -9999 -9999 -9999 -9999 -9999
140.70 -9999 -9999 -9999 -9999 -9999 80.32 76.51 104.02 109.19 90.27 77.78 79.10 91.81 103.10 93.92 86.72 85.45 83.45 75.29 81.54 85.16 85.78 82.60 74.05 76.40 72.85 70.52 74.55 59.79 68.55 71.41 67.22 74.28 65.37 68.29 71.14 68.94 74.12 57.66 67.61 64.90 65.11 61.98 -9999 -9999 -9999 -9999 -9999 -9999 -9999 -9999 -9999 -9999 -9999 -9999 -9999 -9999 -9999 -9999 -9999 -9999 -9999 -9999 -9999 -9999 -9999 -9999 -9999 -9999 -9999 -9999 -9999 -9999 -9999 -9999
131.01 121.97 127.52 123.77 -9999 -9999 -9999 77.67 92.38 95.04 83.11 70.05 71.73 85.72 96.48 99.22 98.15 88.40 87.45 79.13 64.36 71.70 72.80 67.63 70.74 63.30 64.89 79.54 70.37 70.95 79.02 79.78 70.91 70.93 54.61 55.16 61.48 70.52 80.91 73.00 66.88 66.45 66.59 67.09 65.51 -9999 -9999 -9999 -9999 -9999 -9999 -9999 -9999 -9999 -9999 -9999 -9999 -9999 -9999 -9999 -9999 -9999 -9999 -9999 -9999 -9999 -9999 -9999 -9999 -9999 -9999 -9999 -9999 -9999 -9999 -9999
132.98 139.91 144.03 158.75 120.91 -9999 -9999 -9999 71.89 80.22 75.94 70.93 67.54 72.18 87.56 83.00 86.72 79.01 80.14 76.04 81.00 57.85 66.93 72.77 74.37 66.72 72.17 58.93 69.44 64.98 67.91 83.22 78.06 63.83 62.28 56.52 58.95 60.75 73.02 66.89 63.27 63.14 70.19 66.79 56.12 53.93 -9999 -9999 -9999 -9999 -9999 -9999 -9999 -9999 -9999 -9999 -9999 -9999 -9999 -9999 -9999 -9999 -9999 -9999 -9999 -9999 -9999 -9999 -9999 -9999 -9999 -9999 -9999 -9999 -9999 -9999
125.83 107.85 132.66 163.02 128.21 -9999 -9999 -9999 -9999 -9999 79.96 72.12 54.49 67.18 70.25 74.96 72.93 88.83 96.78 90.40 74.53 66.18 70.19 68.39 57.87 54.41 64.28 49.15 62.12 69.33 69.84 58.83 63.56 52.54 71.19 53.07 57.24 55.29 53.57 68.23 60.55 60.56 58.75 64.61 66.57 60.27 60.78 -9999 -9999 -9999 -9999 -9999 -9999 -9999 -9999 -9999 -9999 -9999 -9999 -9999 -9999 -9999 -9999 -9999 -9999 -9999 -9999 -9999 -9999 -9999 -9999 -9999 -9999 -9999 -9999 -9999
-9999 101.46 102.30 160.28 124.45 -9999 -9999 -9999 -9999 -9999 71.88 72.05 78.06 75.80 78.21 82.20 80.48 90.01 100.93 99.58 77.36 76.70 70.84 63.59 61.29 70.74 57.12 80.23 66.87 77.98 65.46 82.88 81.66 61.12 79.54 48.59 49.66 50.75 52.74 64.86 72.12 63.29 63.86 54.44 63.60 83.38 63.19 73.62 58.26 -9999 -9999 -9999 -9999 -9999 -9999 -9999 -9999 -9999 -9999 -9999 -9999 -9999 -9999 -9999 -9999 -9999 -9999 -9999 -9999 -9999 -9999 -9999 -9999 -9999 -9999 -9999
-9999 -9999 115.07 132.74 116.59 -9999 -9999 -9999 -9999 -9999 62.52 59.84 73.22 70.53 71.82 77.36 74.82 85.48 98.63 104.14 89.38 81.26 77.94 74.35 78.87 78.72 73.33 96.94 89.28 64.94 65.81 78.33 59.51 74.38 70.35 54.81 58.60 63.01 56.64 59.60 66.68 88.88 89.66 69.12 66.36 67.22 76.19 77.20 64.07 -9999 -9999 -9999 -9999 -9999 -9999 -9999 -9999 -9999 -9999 -9999 -9999 -9999 -9999 -9999 -9999 -9999 -9999 -9999 -9999 -9999 -9999 -9999 -9999 -9999 -9999 -9999
-9999 -9999 96.17 106.52 106.04 -9999 -9999 -9999 -9999 -9999 62.29 67.21 70.95 71.98 72.41 78.45 87.85 107.27 120.02 107.03 103.32 88.88 81.23 67.64 71.42 76.99 97.33 93.81 83.93 75.76 73.77 70.96 80.85 68.48 70.99 74.93 61.46 64.84 68.86 70.42 68.53 95.52 96.56 95.86 68.74 68.09 73.54 74.78 69.04 -9999 -9999 -9999 -9999 -9999 -9999 -9999 -9999 -9999 -9999 -9999 -9999 -9999 -9999 -9999 -9999 -9999 -9999 -9999 -9999 -9999 -9999 -9999 -9999 -9999 -9999 -9999
-9999 -9999 -9999 -9999 -9999 -9999 -9999 -9999 -9999 74.06 69.81 72.84 74.52 78.81 82.00 82.60 91.92 97.41 114.68 110.36 109.97 120.19 105.35 96.57 94.45 101.86 109.69 121.50 116.78 102.76 86.89 80.62 73.70 75.67 65.88 61.33 73.24 60.48 66.68 74.62 91.37 89.21 105.23 79.11 71.10 70.46 74.54 79.27 78.96 -9999 -9999 -9999 -9999 -9999 -9999 -9999 -9999 -9999 -9999 -9999 -9999 -9999 -9999 -9999 -9999 -9999 -9999 -9999 -9999 -9999 -9999 -9999 -9999 -9999 -9999 -9999
-9999 -9999 -9999 -9999 -9999 -9999 -9999 -9999 -9999 93.53 71.29 76.97 90.04 97.60 100.88 91.95 92.07 96.66 79.68 94.41 129.26 135.61 119.36 93.71 91.48 86.86 122.39 114.05 131.07 109.84 89.87 76.67 67.36 64.48 76.87 81.60 68.64 57.43 58.99 80.81 89.04 90.55 106.49 91.37 68.13 65.12 66.47 81.56 79.71 -9999 -9999 -9999 -9999 -9999 -9999 -9999 -9999 -9999 -9999 -9999 -9999 -9999 -9999 -9999 -9999 -9999 -9999 -9999 -9999 -9999 -9999 -9999 -9999 -9999 -9999 -9999
-9999 -9999 -9999 -9999 -9999 -9999 -9999 -9999 84.10 91.37 76.16 84.94 84.23 93.04 126.66 146.56 136.11 127.17 107.72 82.81 88.99 120.53 121.04 91.61 90.48 78.92 100.07 133.47 120.51 117.61 94.39 81.77 68.07 71.94 79.62 73.73 68.42 64.28 82.11 98.22 93.29 91.13 89.77 89.48 77.95 85.93 75.93 60.86 61.71 -9999 -9999 -9999 -9999 -9999 -9999 -9999 -9999 -9999 -9999 -9999 -9999 -9999 -9999 -9999 -9999 -9999 -9999 -9999 -9999 -9999 -9999 -9999 -9999 -9999 -9999 -9999
-9999 -9999 -9999 -9999 -9999 -9999 -9999 -9999 83.39 81.72 98.73 84.59 99.14 106.51 149.22 154.16 187.78 148.24 118.35 98.40 116.08 133.71 185.58 139.66 94.92 77.03 92.19 124.48 124.66 111.90 110.40 83.77 85.15 97.77 90.23 95.03 89.61 93.40 72.46 78.58 83.47 92.17 102.84 95.84 75.09 74.70 62.15 55.95 55.23 55.19 -9999 -9999 -9999 -9999 -9999 -9999 -9999 -9999 -9999 -9999 -9999 -9999 -9999 -9999 -9999 -9999 -9999 -9999 -9999 -9999 -9999 -9999 -9999 -9999 -9999 -9999
-9999 -9999 -9999 -9999 -9999 -9999 -9999 66.94 96.50 106.49 104.02 89.36 97.89 117.05 137.43 166.46 162.87 148.40 126.50 124.78 127.58 123.89 151.59 145.90 109.69 86.90 86.41 108.92 113.77 104.82 107.89 114.62 87.99 97.25 92.90 87.59 113.04 96.36 93.32 88.66 72.54 83.94 107.64 105.63 100.41 77.15 64.27 64.30 65.66 61.72 -9999 -9999 -9999 -9999 -9999 -9999 -9999 -9999 -9999 -9999 -9999 -9999 -9999 -9999 -9999 -9999 -9999 -9999 -9999 -9999 -9999 -9999 -9999 -9999 -9999 -9999
-9999 -9999 -9999 -9999 -9999 -9999 -9999 93.56 105.36 112.25 124.06 117.83 120.73 125.92 174.29 130.91 138.73 133.70 123.21 116.80 116.64 112.43 136.73 132.48 114.97 86.39 85.69 87.61 100.30 94.86 119.72 96.80 110.05 105.10 91.75 114.93 89.17 92.64 91.84 81.72 84.12 80.61 81.98 90.42 96.00 81.96 80.19 73.24 72.97 69.06 -9999 -9999 -9999 -9999 -9999 -9999 -9999 -9999 -9999 -9999 -9999 -9999 -9999 -9999 -9999 -9999 -9999 -9999 -9999 -9999 -9999 -9999 -9999 -9999 -9999 -9999
-9999 -9999 -9999 -9999 -9999 -9999 114.62 111.12 111.04 124.34 109.26 104.51 163.57 174.40 205.61 129.77 123.43 125.20 116.27 119.52 122.90 114.57 132.03 116.54 90.71 86.84 86.55 92.38 99.11 115.74 113.66 102.33 122.78 110.44 107.03 118.47 90.59 87.17 96.43 83.08 90.84 88.78 89.86 91.54 81.18 80.24 80.52 71.67 66.56 55.34 -9999 -9999 -9999 -9999 -9999 -9999 -9999 -9999 -9999 -9999 -9999 -9999 -9999 -9999 -9999 -9999 -9999 -9999 -9999 -9999 -9999 -9999 -9999 -9999 -9999 -9999
-9999 -9999 -9999 -9999 -9999 100.52 122.75 127.40 107.29 112.97 110.33 108.38 146.54 158.50 205.88 139.59 128.91 126.49 131.96 125.08 130.72 130.64 116.82 100.91 99.68 76.13 85.81 100.56 108.56 114.73 112.97 108.12 118.32 103.43 105.24 114.68 106.05 100.85 83.46 73.70 87.85 81.74 96.34 93.64 82.84 79.49 73.69 70.42 60.26 48.99 45.33 -9999 -9999 -9999 -9999 -9999 -9999 -9999 -9999 -9999 -9999 -9999 -9999 -9999 -9999 -9999 -9999 -9999 -9999 -9999 -9999 -9999 -9999 -9999 -9999 -9999
-9999 -9999 -9999 -9999 -9999 124.05 138.54 120.04 111.71 117.03 132.87 137.77 171.97 160.84 142.11 166.69 135.35 129.68 135.49 123.32 160.78 129.46 106.57 87.91 88.89 100.53 94.24 110.33 109.49 111.40 108.25 113.42 112.23 118.20 93.91 96.16 110.34 104.87 98.18 77.40 70.38 60.43 87.64 69.97 84.97 81.49 71.03 58.93 55.57 50.32 41.78 -9999 -9999 -9999 -9999 -9999 -9999 -9999 -9999 -9999 -9999 -9999 -9999 -9999 -9999 -9999 -9999 -9999 -9999 -9999 -9999 -9999 -9999 -9999 -9999 -9999
-9999 -9999 -9999 99.94 109.27 127.15 121.53 116.91 121.92 124.45 131.30 139.73 157.04 127.62 147.78 155.43 144.24 120.00 130.28 130.94 123.16 121.17 99.17 81.03 90.89 106.17 117.80 114.13 107.60 105.47 104.98 106.34 112.19 119.38 105.81 107.78 115.00 97.54 89.45 85.01 73.08 65.46 63.24 77.02 74.54 75.23 83.88 73.44 57.34 51.84 44.77 -9999 -9999 -9999 -9999 -9999 -9999 -9999 -9999 -9999 -9999 -9999 -9999 -9999 -9999 -9999 -9999 -9999 -9999 -9999 -9999 -9999 -9999 -9999 -9999 -9999
