Rainfall_2007-2011/Rainfall_2008-10_ACTUAL.txt
ncols         180
nrows         290
xllcorner     -200000
yllcorner     -200000
cellsize      5000
NODATA_value  -9999
[rows 132 to 164 of 290, columns 76 to 151 of 180]
-9999 -9999 -9999 -9999 -9999 -9999 253.80 271.08 307.09 371.67 380.63 380.48 493.62 491.43 570.93 394.76 341.15 326.62 329.74 336.82 272.83 225.50 245.80 253.50 221.09 173.94 196.85 241.43 271.76 334.22 314.93 269.12 316.12 304.74 287.77 299.06 235.08 255.04 199.01 178.60 156.75 127.04 94.24 84.71 63.94 59.53 61.73 54.45 47.29 45.86 -9999 -9999 -9999 -9999 -9999 -9999 -9999 -9999 -9999 -9999 -9999 -9999 -9999 -9999 -9999 -9999 -9999 -9999 -9999 -9999 -9999 -9999 -9999 -9999 -9999 -9999
-9999 -9999 -9999 -9999 -9999 242.77 260.06 295.02 302.80 342.12 343.09 361.39 458.26 483.89 554.96 379.50 303.80 303.55 326.40 299.28 286.24 276.09 243.04 228.93 232.95 213.97 183.02 234.71 255.54 247.53 255.13 262.70 272.39 257.86 275.35 311.14 268.75 269.87 218.03 194.03 132.08 104.16 84.24 75.79 63.63 58.73 58.07 58.13 46.03 46.13 44.77 -9999 -9999 -9999 -9999 -9999 -9999 -9999 -9999 -9999 -9999 -9999 -9999 -9999 -9999 -9999 -9999 -9999 -9999 -9999 -9999 -9999 -9999 -9999 -9999 -9999
-9999 -9999 -9999 -9999 -9999 288.80 335.20 305.36 307.59 340.28 370.33 387.96 542.32 573.57 471.85 425.32 328.93 315.31 307.62 274.78 346.32 276.96 242.80 237.43 217.00 220.82 194.18 231.58 232.41 203.47 188.70 212.70 219.06 234.00 243.89 275.56 283.46 255.13 234.68 164.23 127.24 122.72 77.52 58.65 66.50 63.38 55.17 49.79 49.21 38.87 46.82 -9999 -9999 -9999 -9999 -9999 -9999 -9999 -9999 -9999 -9999 -9999 -9999 -9999 -9999 -9999 -9999 -9999 -9999 -9999 -9999 -9999 -9999 -9999 -9999 -9999
-9999 -9999 -9999 212.01 241.96 289.70 298.61 298.17 321.78 352.64 354.62 389.91 438.11 408.54 480.66 422.61 366.39 292.96 286.19 284.30 284.22 276.87 256.01 192.79 221.33 209.16 183.08 196.25 204.33 188.34 170.77 166.23 190.75 175.27 202.47 299.15 293.87 291.90 207.64 163.75 121.29 109.81 77.85 58.33 58.00 58.91 55.69 50.99 53.45 54.08 51.32 -9999 -9999 -9999 -9999 -9999 -9999 -9999 -9999 -9999 -9999 -9999 -9999 -9999 -9999 -9999 -9999 -9999 -9999 -9999 -9999 -9999 -9999 -9999 -9999 -9999
-9999 -9999 -9999 194.01 214.56 223.09 266.39 276.53 313.10 316.73 292.14 271.06 292.02 358.58 484.68 393.95 344.94 277.96 256.79 253.59 271.42 267.62 291.66 260.34 256.84 200.25 170.32 178.54 180.80 164.20 132.56 126.35 143.10 153.14 160.58 168.51 214.19 197.52 153.39 122.57 108.29 68.90 76.77 83.92 69.52 64.07 56.38 53.63 60.50 63.22 54.85 47.41 -9999 -9999 -9999 -9999 -9999 -9999 -9999 -9999 -9999 -9999 -9999 -9999 -9999 -9999 -9999 -9999 -9999 -9999 -9999 -9999 -9999 -9999 -9999 -9999
-9999 -9999 -9999 174.16 193.38 189.48 214.07 222.28 284.33 310.29 314.78 266.24 258.96 313.62 392.80 364.25 322.44 278.10 264.62 252.36 274.14 284.36 348.99 337.49 -9999 -9999 -9999 174.67 174.75 -9999 135.31 131.75 134.58 140.32 125.16 142.06 163.88 153.52 123.88 128.49 104.06 88.82 83.83 57.72 52.84 64.25 55.65 62.03 49.52 57.00 50.93 40.40 -9999 -9999 -9999 -9999 -9999 -9999 -9999 -9999 -9999 -9999 -9999 -9999 -9999 -9999 -9999 -9999 -9999 -9999 -9999 -9999 -9999 -9999 -9999 -9999
-9999 -9999 -9999 146.69 173.11 181.74 190.83 210.11 250.50 297.83 304.40 277.17 273.34 292.35 372.92 325.12 314.51 279.32 266.76 291.88 256.80 274.38 272.82 297.04 -9999 -9999 -9999 174.04 170.82 159.05 135.09 124.32 125.38 127.14 138.91 154.02 189.00 157.13 141.15 123.47 104.13 102.23 80.64 68.67 65.63 70.56 52.69 59.68 69.62 63.20 48.95 43.05 -9999 -9999 -9999 -9999 -9999 -9999 -9999 -9999 -9999 -9999 -9999 -9999 -9999 -9999 -9999 -9999 -9999 -9999 -9999 -9999 -9999 -9999 -9999 -9999
-9999 -9999 -9999 -9999 149.41 180.99 176.20 -9999 234.96 256.63 249.52 257.30 266.35 -9999 284.27 250.10 271.38 248.69 258.74 282.01 263.96 240.82 -9999 -9999 -9999 -9999 170.82 170.85 168.51 130.87 120.53 114.05 112.56 107.51 138.16 164.58 224.42 175.72 195.50 143.79 131.18 106.47 80.26 87.22 75.62 64.20 67.69 65.22 61.71 55.49 53.37 54.71 46.78 -9999 -9999 -9999 -9999 -9999 -9999 -9999 -9999 -9999 -9999 -9999 -9999 -9999 -9999 -9999 -9999 -9999 -9999 -9999 -9999 -9999 -9999 -9999
-9999 -9999 -9999 -9999 -9999 174.12 -9999 -9999 -9999 195.32 175.55 208.30 254.16 292.40 -9999 -9999 208.82 229.23 262.45 283.37 -9999 -9999 -9999 -9999 -9999 210.87 198.51 185.74 191.38 165.39 138.91 130.10 130.22 130.80 122.65 163.30 183.33 229.67 205.04 192.07 173.41 155.44 109.25 97.87 81.87 83.17 72.84 71.68 67.79 51.62 55.05 59.53 58.18 -9999 -9999 -9999 -9999 -9999 -9999 -9999 -9999 -9999 -9999 -9999 -9999 -9999 -9999 -9999 -9999 -9999 -9999 -9999 -9999 -9999 -9999 -9999
-9999 -9999 -9999 -9999 -9999 168.98 160.28 -9999 -9999 -9999 155.98 181.86 263.11 278.99 -9999 -9999 -9999 -9999 244.63 -9999 -9999 -9999 -9999 -9999 -9999 206.70 213.66 228.55 237.19 217.93 192.33 148.12 131.19 127.13 153.21 140.19 144.87 167.13 205.48 227.02 210.73 193.28 133.90 108.80 101.57 90.20 64.49 73.19 55.43 49.46 50.43 56.07 43.31 -9999 -9999 -9999 -9999 -9999 -9999 -9999 -9999 -9999 -9999 -9999 -9999 -9999 -9999 -9999 -9999 -9999 -9999 -9999 -9999 -9999 -9999 -9999
-9999 -9999 -9999 -9999 -9999 -9999 172.65 -9999 -9999 -9999 -9999 188.27 230.38 230.08 -9999 -9999 -9999 -9999 -9999 -9999 -9999 -9999 -9999 -9999 247.63 223.23 267.61 249.07 284.77 284.28 247.51 216.39 209.58 149.66 130.14 152.08 182.02 238.19 273.05 265.47 245.50 181.52 127.18 117.51 89.15 72.46 81.27 77.97 55.61 49.31 54.29 59.69 50.96 49.16 -9999 -9999 -9999 -9999 -9999 -9999 -9999 -9999 -9999 -9999 -9999 -9999 -9999 -9999 -9999 -9999 -9999 -9999 -9999 -9999 -9999 -9999
-9999 -9999 -9999 -9999 -9999 -9999 183.40 -9999 -9999 -9999 -9999 -9999 -9999 -9999 -9999 -9999 -9999 -9999 -9999 -9999 -9999 -9999 -9999 -9999 268.47 332.56 344.28 266.42 265.19 338.25 371.48 290.33 208.65 143.87 140.88 104.88 118.81 201.36 234.16 254.01 196.15 219.98 216.14 157.42 126.30 92.88 69.52 68.49 59.52 56.06 48.33 55.42 55.49 59.14 54.17 -9999 -9999 -9999 -9999 -9999 -9999 -9999 -9999 -9999 -9999 -9999 -9999 -9999 -9999 -9999 -9999 -9999 -9999 -9999 -9999 -9999
-9999 -9999 -9999 -9999 -9999 -9999 -9999 -9999 -9999 -9999 -9999 -9999 -9999 -9999 -9999 -9999 -9999 -9999 -9999 -9999 -9999 -9999 -9999 248.32 276.96 331.13 365.00 383.85 341.79 465.72 401.22 303.42 180.22 178.86 135.74 130.23 137.96 196.58 285.05 248.58 190.20 177.33 187.61 155.46 124.35 120.00 83.95 67.12 52.81 49.69 48.10 51.36 51.32 43.73 44.52 -9999 -9999 -9999 -9999 -9999 -9999 -9999 -9999 -9999 -9999 -9999 -9999 -9999 -9999 -9999 -9999 -9999 -9999 -9999 -9999 -9999
-9999 -9999 -9999 -9999 -9999 -9999 -9999 -9999 -9999 -9999 -9999 -9999 -9999 -9999 -9999 -9999 -9999 -9999 -9999 -9999 -9999 -9999 -9999 251.74 290.57 339.33 495.61 571.06 469.22 385.89 398.17 322.66 274.88 233.69 152.18 187.69 171.59 163.57 184.59 263.24 221.66 192.15 146.36 140.17 100.35 85.84 56.34 54.99 57.20 47.43 47.76 45.21 49.01 48.27 49.60 43.10 39.46 38.67 -9999 -9999 -9999 -9999 -9999 -9999 -9999 -9999 -9999 -9999 -9999 -9999 -9999 -9999 -9999 -9999 -9999 -9999
-9999 -9999 -9999 -9999 -9999 -9999 -9999 -9999 -9999 -9999 -9999 -9999 -9999 -9999 -9999 -9999 -9999 -9999 -9999 -9999 -9999 -9999 -9999 227.76 266.23 385.11 388.78 626.90 616.21 599.47 536.10 507.01 416.09 371.46 307.48 269.14 217.89 139.75 117.14 166.85 124.63 163.90 158.74 130.63 97.23 74.77 62.65 52.30 45.88 46.71 42.79 44.50 51.64 59.27 69.89 72.84 54.69 53.10 54.15 43.53 -9999 -9999 -9999 -9999 -9999 -9999 -9999 -9999 -9999 -9999 -9999 -9999 -9999 -9999 -9999 -9999
-9999 -9999 -9999 -9999 -9999 -9999 -9999 -9999 -9999 -9999 -9999 -9999 -9999 -9999 -9999 -9999 -9999 -9999 -9999 -9999 -9999 -9999 -9999 169.99 305.40 456.55 642.90 845.96 1032.12 698.33 596.76 628.81 650.43 510.30 498.69 423.94 290.44 216.37 194.94 163.29 122.29 154.41 123.71 128.53 99.76 71.86 65.69 55.68 49.25 43.77 43.43 45.16 45.83 55.64 63.52 58.44 70.36 65.14 70.59 66.59 68.12 47.14 -9999 -9999 -9999 -9999 -9999 -9999 -9999 -9999 -9999 -9999 -9999 -9999 -9999 -9999
-9999 -9999 -9999 -9999 -9999 -9999 -9999 -9999 -9999 -9999 -9999 -9999 -9999 -9999 -9999 -9999 -9999 -9999 -9999 -9999 -9999 -9999 -9999 195.91 251.52 318.07 472.73 605.15 939.39 1009.16 633.82 602.03 549.55 576.41 579.46 438.76 376.77 289.00 240.48 189.05 251.34 210.02 193.43 174.94 161.29 110.78 83.50 74.55 54.25 52.39 51.16 49.18 55.10 51.00 46.75 53.63 65.43 44.75 49.47 61.12 66.66 46.10 50.88 -9999 -9999 -9999 -9999 -9999 -9999 -9999 -9999 -9999 -9999 -9999 -9999 -9999
-9999 -9999 -9999 -9999 -9999 -9999 -9999 -9999 -9999 -9999 -9999 195.95 170.92 153.95 -9999 -9999 -9999 -9999 -9999 -9999 -9999 -9999 -9999 -9999 199.42 249.09 336.10 418.29 528.58 980.26 570.89 422.98 471.19 486.84 461.17 428.98 438.72 369.44 301.27 277.13 283.13 258.96 277.93 209.49 152.11 117.71 93.19 63.11 55.64 54.41 47.90 53.61 54.31 58.44 90.50 89.42 105.25 93.62 83.84 81.69 59.02 65.47 55.67 42.70 -9999 -9999 -9999 -9999 -9999 -9999 -9999 -9999 -9999 -9999 -9999 -9999
-9999 -9999 -9999 -9999 -9999 -9999 -9999 -9999 -9999 -9999 -9999 200.72 193.45 -9999 -9999 -9999 -9999 -9999 -9999 -9999 -9999 -9999 -9999 -9999 -9999 244.13 328.23 396.63 466.57 644.67 502.90 445.98 414.32 371.87 375.54 347.36 351.87 450.76 382.00 337.88 346.84 288.09 235.48 198.75 175.68 104.38 101.18 64.24 50.23 49.57 51.72 56.12 61.09 77.12 91.26 95.21 94.64 80.54 82.36 78.82 67.18 73.63 62.48 65.16 -9999 -9999 -9999 -9999 -9999 -9999 -9999 -9999 -9999 -9999 -9999 -9999
-9999 -9999 -9999 -9999 -9999 -9999 -9999 -9999 -9999 -9999 211.85 295.65 247.81 222.81 -9999 -9999 -9999 -9999 -9999 -9999 -9999 -9999 -9999 -9999 -9999 213.72 293.63 405.56 386.92 409.63 431.12 345.05 360.01 356.24 342.87 315.15 312.93 296.58 407.62 305.46 297.34 256.69 250.68 241.91 161.65 128.81 88.09 55.86 45.72 46.78 48.96 53.55 69.02 74.99 77.02 88.56 92.56 86.26 80.53 67.34 69.81 76.79 65.27 75.62 61.42 -9999 -9999 -9999 -9999 -9999 -9999 -9999 -9999 -9999 -9999 -9999
-9999 -9999 -9999 -9999 -9999 -9999 -9999 -9999 -9999 192.82 253.61 255.76 288.47 231.65 -9999 -9999 -9999 -9999 -9999 -9999 -9999 -9999 -9999 -9999 -9999 226.33 222.21 250.99 297.46 381.69 317.90 341.23 352.82 314.94 310.36 314.64 296.80 405.41 367.50 341.72 349.24 315.15 229.71 205.25 128.31 122.73 83.52 56.35 53.90 43.04 41.39 57.16 57.72 68.69 80.19 78.06 68.30 63.81 54.83 58.13 63.25 78.37 69.02 64.90 56.83 -9999 -9999 -9999 -9999 -9999 -9999 -9999 -9999 -9999 -9999 -9999
-9999 -9999 -9999 -9999 -9999 -9999 -9999 -9999 141.61 173.15 259.28 226.52 191.42 -9999 -9999 -9999 -9999 -9999 -9999 -9999 -9999 -9999 -9999 -9999 -9999 -9999 213.84 208.34 212.88 227.75 280.43 265.30 253.15 265.32 254.21 288.32 283.47 347.21 368.93 375.37 398.00 342.68 302.62 259.24 187.11 140.68 106.12 89.73 61.32 51.85 46.35 46.19 45.88 53.05 66.62 62.68 51.73 44.40 39.65 39.04 42.25 52.78 73.70 60.97 57.37 47.25 41.76 -9999 -9999 -9999 -9999 -9999 -9999 -9999 -9999 -9999
-9999 -9999 -9999 -9999 -9999 -9999 -9999 -9999 154.51 219.70 210.30 215.69 198.70 -9999 -9999 -9999 -9999 -9999 -9999 -9999 -9999 -9999 -9999 -9999 -9999 -9999 -9999 175.74 153.37 181.94 179.40 205.23 222.62 223.81 233.48 273.69 242.10 319.16 337.73 357.64 332.54 312.01 272.21 259.28 240.56 167.82 129.21 100.91 78.73 58.49 49.99 46.61 41.20 48.14 42.93 44.99 45.84 41.38 36.11 36.63 43.42 49.76 62.42 57.45 56.74 58.10 47.71 -9999 -9999 -9999 -9999 -9999 -9999 -9999 -9999 -9999
-9999 -9999 -9999 -9999 -9999 -9999 -9999 -9999 134.84 155.69 193.89 198.84 -9999 -9999 -9999 -9999 -9999 -9999 -9999 -9999 -9999 -9999 -9999 -9999 -9999 -9999 -9999 113.36 138.29 195.97 -9999 196.25 -9999 202.03 224.30 220.21 217.08 224.09 229.06 234.87 262.86 315.64 244.25 194.44 239.26 216.60 151.57 115.31 78.66 63.66 60.54 48.31 44.45 45.54 44.68 47.42 50.99 42.98 48.13 44.43 43.29 50.79 58.39 59.45 54.32 66.79 62.61 63.68 58.98 -9999 -9999 -9999 -9999 -9999 -9999 -9999
-9999 -9999 -9999 -9999 -9999 -9999 -9999 134.31 135.89 133.69 -9999 -9999 -9999 -9999 -9999 -9999 -9999 -9999 -9999 -9999 -9999 -9999 -9999 -9999 -9999 -9999 -9999 112.06 131.45 173.43 -9999 -9999 -9999 201.34 249.12 205.09 179.38 197.46 215.74 197.03 173.00 224.31 235.30 186.93 196.61 186.10 130.74 113.17 83.82 69.13 56.68 52.54 44.69 39.72 37.82 42.08 42.09 41.81 46.71 48.58 49.53 50.32 57.80 60.38 60.88 50.48 51.31 53.99 53.38 -9999 -9999 -9999 -9999 -9999 -9999 -9999
-9999 -9999 -9999 -9999 -9999 -9999 -9999 -9999 -9999 -9999 -9999 -9999 -9999 -9999 -9999 -9999 -9999 -9999 -9999 -9999 -9999 -9999 -9999 -9999 -9999 -9999 -9999 -9999 -9999 -9999 -9999 -9999 195.33 207.30 227.11 264.05 264.70 305.17 274.29 206.79 202.37 226.28 194.44 184.39 160.27 152.25 128.21 103.23 81.98 67.20 64.13 53.40 45.31 36.94 35.56 38.09 35.33 36.80 47.10 56.05 67.55 56.57 59.42 55.01 54.96 51.56 67.26 55.00 -9999 -9999 -9999 -9999 -9999 -9999 -9999 -9999
-9999 -9999 -9999 -9999 -9999 -9999 -9999 -9999 -9999 -9999 -9999 -9999 -9999 -9999 -9999 -9999 -9999 -9999 -9999 -9999 -9999 -9999 -9999 -9999 -9999 -9999 -9999 -9999 -9999 -9999 -9999 -9999 195.67 224.40 220.85 311.91 325.62 372.74 295.29 236.07 171.91 181.44 165.23 171.83 179.40 144.67 103.19 98.73 84.50 69.56 62.73 53.16 45.53 37.43 36.38 38.00 35.47 38.07 47.01 53.83 69.92 62.44 51.24 50.61 52.38 48.20 51.16 46.75 -9999 -9999 -9999 -9999 -9999 -9999 -9999 -9999
-9999 -9999 -9999 -9999 -9999 -9999 -9999 -9999 -9999 -9999 -9999 -9999 -9999 -9999 -9999 -9999 -9999 -9999 -9999 -9999 -9999 -9999 -9999 -9999 -9999 -9999 -9999 -9999 -9999 -9999 -9999 -9999 163.66 187.45 212.28 259.89 342.31 327.84 274.69 214.40 180.56 181.38 153.60 132.16 129.64 98.21 107.12 77.29 76.43 68.22 60.03 47.85 41.94 39.37 38.42 39.70 36.76 35.64 39.37 48.56 55.39 49.47 50.70 49.53 44.27 48.76 50.45 46.35 -9999 -9999 -9999 -9999 -9999 -9999 -9999 -9999
-9999 -9999 -9999 -9999 -9999 -9999 -9999 -9999 -9999 -9999 -9999 -9999 -9999 -9999 -9999 -9999 -9999 -9999 -9999 -9999 -9999 -9999 -9999 -9999 -9999 -9999 -9999 -9999 -9999 -9999 130.94 161.57 158.86 170.49 187.03 268.65 335.64 280.07 286.51 209.73 183.26 187.52 136.17 144.03 120.75 123.45 95.37 74.80 65.91 61.53 46.41 46.58 36.88 35.66 37.11 35.10 34.26 32.48 32.96 44.64 49.37 48.75 53.63 51.50 49.87 46.30 51.11 49.99 50.18 -9999 -9999 -9999 -9999 -9999 -9999 -9999
-9999 -9999 -9999 -9999 -9999 -9999 -9999 -9999 -9999 -9999 -9999 -9999 -9999 -9999 -9999 -9999 -9999 -9999 -9999 -9999 -9999 -9999 -9999 -9999 -9999 -9999 -9999 -9999 -9999 -9999 157.11 154.71 157.36 180.95 195.35 231.23 216.36 233.34 209.53 194.52 252.07 221.86 167.31 151.10 143.78 106.16 99.43 78.16 75.51 63.43 54.23 43.78 33.18 30.81 32.29 31.93 33.14 33.08 32.90 44.02 46.59 53.96 57.28 52.43 49.34 46.37 48.87 54.46 59.08 -9999 -9999 -9999 -9999 -9999 -9999 -9999
-9999 -9999 -9999 -9999 -9999 -9999 -9999 -9999 -9999 -9999 -9999 -9999 -9999 -9999 -9999 -9999 -9999 -9999 -9999 -9999 -9999 -9999 -9999 -9999 -9999 -9999 -9999 -9999 -9999 -9999 164.86 157.24 161.78 165.46 190.76 219.94 223.82 226.14 220.15 196.46 186.89 190.14 147.13 189.95 124.89 103.24 77.90 80.36 61.01 50.32 51.44 50.95 37.10 34.27 32.13 29.62 32.50 35.71 36.69 44.56 49.54 56.01 58.46 59.16 57.81 54.62 51.40 55.94 54.82 53.56 -9999 -9999 -9999 -9999 -9999 -9999
-9999 -9999 -9999 -9999 -9999 -9999 -9999 -9999 -9999 -9999 -9999 -9999 -9999 -9999 -9999 -9999 -9999 -9999 -9999 -9999 -9999 -9999 -9999 -9999 -9999 -9999 -9999 -9999 -9999 -9999 147.82 157.37 162.30 156.50 188.49 195.33 184.05 194.61 194.72 169.01 168.19 156.40 157.84 156.90 155.70 125.52 94.94 76.99 61.55 55.00 44.21 50.99 47.21 38.15 33.89 35.09 33.64 38.17 42.05 47.07 54.28 50.44 56.38 61.79 66.84 55.07 53.21 54.31 54.42 54.85 54.92 -9999 -9999 -9999 -9999 -9999
-9999 -9999 -9999 -9999 -9999 -9999 -9999 -9999 -9999 -9999 -9999 -9999 -9999 -9999 -9999 -9999 -9999 -9999 -9999 -9999 -9999 -9999 -9999 -9999 -9999 -9999 -9999 -9999 -9999 -9999 145.74 147.58 146.25 153.91 183.08 183.25 178.49 175.97 185.93 175.23 195.39 196.79 201.65 170.00 153.44 109.28 102.60 78.22 71.85 56.79 49.19 43.43 45.07 41.39 36.84 37.82 38.30 41.09 47.94 50.16 53.56 57.15 62.76 72.07 62.91 52.65 54.14 57.37 60.33 57.80 58.63 -9999 -9999 -9999 -9999 -9999
