Rainfall_2007-2011/Rainfall_2011-02_ACTUAL.txt
ncols         180
nrows         290
xllcorner     -200000
yllcorner     -200000
cellsize      5000
NODATA_value  -9999
[rows 102 to 135 of 290, columns 75 to 149 of 180]
-9999 230.93 -9999 224.47 240.82 320.71 295.61 361.62 325.16 344.88 329.54 357.40 285.31 327.80 294.60 285.83 295.03 245.02 211.18 238.00 258.80 268.99 213.97 152.98 156.36 178.66 154.29 124.87 110.22 108.15 153.55 134.27 130.06 194.06 133.41 110.77 97.94 80.30 -9999 -9999 -9999 -9999 -9999 -9999 -9999 -9999 -9999 -9999 -9999 -9999 -9999 -9999 -9999 -9999 -9999 -9999 -9999 -9999 -9999 -9999 -9999 -9999 -9999 -9999 -9999 -9999 -9999 -9999 -9999 -9999 -9999 -9999 -9999 -9999 -9999
-9999 -9999 215.47 206.77 207.01 194.30 313.98 356.85 283.49 312.74 371.99 416.76 343.73 344.36 296.94 307.20 232.08 262.06 249.82 278.76 252.28 216.60 256.72 240.98 186.62 161.63 140.45 120.78 116.83 141.37 131.75 118.28 120.55 111.63 112.70 104.72 -9999 -9999 -9999 -9999 -9999 -9999 -9999 -9999 -9999 -9999 -9999 -9999 -9999 -9999 -9999 -9999 -9999 -9999 -9999 -9999 -9999 -9999 -9999 -9999 -9999 -9999 -9999 -9999 -9999 -9999 -9999 -9999 -9999 -9999 -9999 -9999 -9999 -9999 -9999
-9999 234.45 238.62 256.72 296.80 285.76 268.42 246.49 273.63 287.41 348.90 376.16 318.89 273.92 248.31 278.65 317.45 224.93 247.12 231.83 247.09 251.70 214.23 201.32 174.11 145.82 130.55 109.83 112.84 113.93 112.94 110.77 104.67 110.02 95.09 -9999 -9999 -9999 -9999 -9999 -9999 -9999 -9999 -9999 -9999 -9999 -9999 -9999 -9999 -9999 -9999 -9999 -9999 -9999 -9999 -9999 -9999 -9999 -9999 -9999 -9999 -9999 -9999 -9999 -9999 -9999 -9999 -9999 -9999 -9999 -9999 -9999 -9999 -9999 -9999
-9999 242.90 289.32 281.18 300.50 264.59 276.24 286.24 310.44 314.25 343.93 350.03 316.11 352.04 283.82 286.25 243.94 242.55 266.17 236.39 202.97 164.72 172.01 129.94 123.27 127.43 129.07 108.47 110.14 104.58 110.27 129.78 105.28 95.10 86.61 -9999 -9999 -9999 -9999 -9999 -9999 -9999 -9999 -9999 -9999 -9999 -9999 -9999 -9999 -9999 -9999 -9999 -9999 -9999 -9999 -9999 -9999 -9999 -9999 -9999 -9999 -9999 -9999 -9999 -9999 -9999 -9999 -9999 -9999 -9999 -9999 -9999 -9999 -9999 -9999
265.63 280.17 297.15 312.40 294.70 299.74 332.58 314.36 323.54 300.42 382.35 355.05 362.36 318.70 368.50 313.71 327.43 335.81 265.54 239.13 257.77 206.88 161.97 148.69 121.79 123.13 107.61 114.53 114.63 115.90 111.66 111.92 116.89 96.90 106.73 101.24 -9999 -9999 -9999 -9999 -9999 -9999 -9999 -9999 -9999 -9999 -9999 -9999 -9999 -9999 -9999 -9999 -9999 -9999 -9999 -9999 -9999 -9999 -9999 -9999 -9999 -9999 -9999 -9999 -9999 -9999 -9999 -9999 -9999 -9999 -9999 -9999 -9999 -9999 -9999
142.74 265.81 297.60 336.41 300.05 302.97 244.65 255.78 333.57 379.28 443.75 342.85 381.22 356.60 310.43 278.05 353.83 284.59 285.29 350.73 255.24 229.94 182.85 174.73 166.56 201.70 153.05 164.02 164.12 126.66 117.67 123.11 148.26 121.89 128.40 125.48 112.43 -9999 -9999 -9999 -9999 -9999 -9999 -9999 -9999 -9999 -9999 -9999 -9999 -9999 -9999 -9999 -9999 -9999 -9999 -9999 -9999 -9999 -9999 -9999 -9999 -9999 -9999 -9999 -9999 -9999 -9999 -9999 -9999 -9999 -9999 -9999 -9999 -9999 -9999
204.87 235.88 281.90 296.67 310.77 286.87 247.15 254.29 343.68 383.95 497.06 351.31 332.98 319.27 296.11 254.01 300.29 309.07 224.60 192.81 181.16 205.43 203.62 234.29 261.75 223.75 211.32 192.09 155.34 176.68 157.33 161.94 127.63 142.65 140.56 123.39 102.58 82.08 -9999 -9999 -9999 -9999 -9999 -9999 -9999 -9999 -9999 -9999 -9999 -9999 -9999 -9999 -9999 -9999 -9999 -9999 -9999 -9999 -9999 -9999 -9999 -9999 -9999 -9999 -9999 -9999 -9999 -9999 -9999 -9999 -9999 -9999 -9999 -9999 -9999
199.80 221.77 234.03 292.82 316.96 270.36 263.51 301.01 386.67 368.69 298.22 307.87 406.07 295.22 283.28 257.56 265.77 225.81 196.85 167.17 161.78 180.47 279.68 326.78 264.76 233.10 196.50 181.42 167.35 180.18 149.89 145.56 122.32 109.44 109.72 100.17 85.22 -9999 -9999 -9999 -9999 -9999 -9999 -9999 -9999 -9999 -9999 -9999 -9999 -9999 -9999 -9999 -9999 -9999 -9999 -9999 -9999 -9999 -9999 -9999 -9999 -9999 -9999 -9999 -9999 -9999 -9999 -9999 -9999 -9999 -9999 -9999 -9999 -9999 -9999
183.67 173.86 224.04 246.70 252.61 300.31 348.56 311.65 370.33 356.55 341.62 330.42 307.65 345.11 283.11 231.97 190.28 167.70 164.03 190.12 154.13 174.51 161.81 149.56 181.72 205.53 205.54 174.73 164.26 153.49 127.84 124.60 109.67 -9999 -9999 -9999 -9999 -9999 -9999 -9999 -9999 -9999 -9999 -9999 -9999 -9999 -9999 -9999 -9999 -9999 -9999 -9999 -9999 -9999 -9999 -9999 -9999 -9999 -9999 -9999 -9999 -9999 -9999 -9999 -9999 -9999 -9999 -9999 -9999 -9999 -9999 -9999 -9999 -9999 -9999
255.17 223.06 257.02 216.35 222.00 339.26 339.77 381.95 383.07 262.83 303.75 314.17 280.41 255.36 274.64 201.99 199.06 194.90 211.14 238.44 150.68 158.26 162.99 161.52 162.02 163.24 182.07 165.13 163.79 159.45 125.44 -9999 -9999 -9999 -9999 -9999 -9999 -9999 -9999 -9999 -9999 -9999 -9999 -9999 -9999 -9999 -9999 -9999 -9999 -9999 -9999 -9999 -9999 -9999 -9999 -9999 -9999 -9999 -9999 -9999 -9999 -9999 -9999 -9999 -9999 -9999 -9999 -9999 -9999 -9999 -9999 -9999 -9999 -9999 -9999
225.80 283.24 292.27 248.94 303.46 317.58 366.02 399.38 362.43 286.88 282.88 270.43 214.17 207.51 205.55 226.72 233.15 254.48 245.90 235.25 191.40 201.41 183.32 144.46 151.51 139.00 150.37 136.66 150.84 144.14 109.48 -9999 -9999 -9999 -9999 -9999 -9999 -9999 -9999 -9999 -9999 -9999 -9999 -9999 -9999 -9999 -9999 -9999 -9999 -9999 -9999 -9999 -9999 -9999 -9999 -9999 -9999 -9999 -9999 -9999 -9999 -9999 -9999 -9999 -9999 -9999 -9999 -9999 -9999 -9999 -9999 -9999 -9999 -9999 -9999
272.84 268.27 -9999 264.03 303.75 330.71 381.19 366.28 340.61 268.06 202.42 210.64 212.61 213.27 224.15 219.82 288.84 305.14 300.93 294.87 228.91 191.55 180.54 160.68 143.12 121.59 115.42 94.87 104.32 -9999 -9999 -9999 -9999 -9999 85.45 76.98 84.14 94.16 -9999 -9999 -9999 -9999 -9999 -9999 -9999 -9999 -9999 -9999 -9999 -9999 -9999 -9999 -9999 -9999 -9999 -9999 -9999 -9999 -9999 -9999 -9999 -9999 -9999 -9999 -9999 -9999 -9999 -9999 -9999 -9999 -9999 -9999 -9999 -9999 -9999
203.00 302.12 -9999 238.37 280.00 290.01 287.76 356.96 279.91 285.40 203.80 227.63 218.36 211.55 218.70 208.00 219.02 207.52 208.43 199.09 201.96 184.00 185.58 180.15 151.15 134.83 123.12 114.37 102.56 100.90 89.11 -9999 -9999 74.42 78.97 88.12 74.94 75.22 73.30 79.51 -9999 -9999 -9999 -9999 -9999 -9999 -9999 -9999 -9999 -9999 -9999 -9999 -9999 -9999 -9999 -9999 -9999 -9999 -9999 -9999 -9999 -9999 -9999 -9999 -9999 -9999 -9999 -9999 -9999 -9999 -9999 -9999 -9999 -9999 -9999
204.23 253.08 208.55 219.25 185.67 231.88 248.01 270.09 260.27 250.07 262.12 262.80 238.55 178.39 163.41 178.86 185.80 179.64 180.94 187.99 179.49 170.07 180.53 155.70 154.23 128.84 114.20 110.22 111.41 97.09 106.69 96.41 95.31 88.44 81.72 79.98 90.15 98.54 107.51 123.65 77.86 -9999 -9999 -9999 -9999 -9999 -9999 -9999 -9999 -9999 -9999 -9999 -9999 -9999 -9999 -9999 -9999 -9999 -9999 -9999 -9999 -9999 -9999 -9999 -9999 -9999 -9999 -9999 -9999 -9999 -9999 -9999 -9999 -9999 -9999
227.07 201.49 217.07 192.46 216.24 208.23 186.59 219.64 -9999 276.91 334.27 301.93 237.65 188.69 155.22 151.77 144.09 156.60 156.47 155.30 164.71 157.75 163.48 137.16 143.98 138.26 101.79 122.67 118.28 130.97 95.10 137.11 99.81 87.18 92.37 80.53 103.89 104.60 120.47 124.06 113.08 111.76 100.46 58.25 -9999 -9999 -9999 -9999 -9999 -9999 -9999 -9999 -9999 -9999 -9999 -9999 -9999 -9999 -9999 -9999 -9999 -9999 -9999 -9999 -9999 -9999 -9999 -9999 -9999 -9999 -9999 -9999 -9999 -9999 -9999
173.12 180.86 220.46 174.08 -9999 171.74 158.21 200.98 -9999 257.82 379.91 311.83 250.69 193.17 170.61 166.03 145.01 135.21 135.22 137.36 144.37 147.23 161.82 170.37 134.81 151.47 139.28 122.10 143.47 115.66 89.42 79.53 102.18 90.54 111.63 139.78 159.32 140.63 139.75 125.47 115.81 125.05 90.72 83.71 -9999 -9999 -9999 -9999 -9999 -9999 -9999 -9999 -9999 -9999 -9999 -9999 -9999 -9999 -9999 -9999 -9999 -9999 -9999 -9999 -9999 -9999 -9999 -9999 -9999 -9999 -9999 -9999 -9999 -9999 -9999
160.74 190.30 185.07 152.09 -9999 -9999 172.63 181.79 203.49 262.12 278.52 262.30 224.03 220.88 202.20 196.31 167.14 178.61 157.62 137.71 150.67 146.02 159.05 173.54 175.90 152.44 143.41 144.70 136.36 104.57 110.83 96.30 93.13 124.57 133.13 145.13 164.32 150.98 130.79 140.87 98.88 94.65 86.69 78.37 67.56 -9999 -9999 -9999 -9999 -9999 -9999 -9999 -9999 -9999 -9999 -9999 -9999 -9999 -9999 -9999 -9999 -9999 -9999 -9999 -9999 -9999 -9999 -9999 -9999 -9999 -9999 -9999 -9999 -9999 -9999
152.96 195.15 -9999 -9999 -9999 -9999 -9999 179.80 174.03 230.53 247.52 222.23 190.62 207.78 205.12 210.37 191.94 198.46 183.34 151.44 118.38 133.97 136.38 152.75 161.52 151.71 142.09 122.60 129.44 128.57 108.40 132.79 142.60 132.31 136.48 131.11 123.13 130.02 118.07 121.05 88.76 84.52 77.46 78.52 59.23 -9999 -9999 -9999 -9999 -9999 -9999 -9999 -9999 -9999 -9999 -9999 -9999 -9999 -9999 -9999 -9999 -9999 -9999 -9999 -9999 -9999 -9999 -9999 -9999 -9999 -9999 -9999 -9999 -9999 -9999
168.88 200.12 215.80 221.34 220.42 -9999 -9999 -9999 170.60 199.85 203.02 190.01 174.13 163.38 193.99 202.74 200.51 197.74 181.97 165.19 131.41 101.62 126.35 130.26 114.68 134.43 113.91 116.59 150.99 130.75 152.70 176.79 180.21 161.16 155.78 128.59 107.92 112.07 110.85 113.15 91.15 67.39 68.20 72.97 64.29 61.62 -9999 -9999 -9999 -9999 -9999 -9999 -9999 -9999 -9999 -9999 -9999 -9999 -9999 -9999 -9999 -9999 -9999 -9999 -9999 -9999 -9999 -9999 -9999 -9999 -9999 -9999 -9999 -9999 -9999
206.14 216.59 234.96 241.92 289.98 260.84 -9999 -9999 -9999 156.37 157.73 149.50 155.86 153.32 158.20 164.24 162.88 162.68 159.38 149.26 125.20 143.70 125.25 124.01 123.55 140.17 122.11 148.00 129.25 149.06 141.20 146.41 179.41 174.39 145.64 125.05 112.69 100.35 85.22 97.44 82.15 72.27 72.76 75.99 71.28 55.90 48.58 -9999 -9999 -9999 -9999 -9999 -9999 -9999 -9999 -9999 -9999 -9999 -9999 -9999 -9999 -9999 -9999 -9999 -9999 -9999 -9999 -9999 -9999 -9999 -9999 -9999 -9999 -9999 -9999
246.59 212.76 177.87 225.51 284.33 245.65 -9999 -9999 -9999 -9999 -9999 144.81 140.99 138.56 145.43 138.68 150.29 144.90 173.78 181.09 163.12 156.36 133.83 136.01 134.33 126.00 98.13 143.39 164.73 137.34 152.32 145.42 118.97 127.40 105.30 109.78 114.96 97.88 87.00 76.46 74.98 61.85 60.07 65.73 78.96 67.19 52.86 54.27 -9999 -9999 -9999 -9999 -9999 -9999 -9999 -9999 -9999 -9999 -9999 -9999 -9999 -9999 -9999 -9999 -9999 -9999 -9999 -9999 -9999 -9999 -9999 -9999 -9999 -9999 -9999
228.62 -9999 185.92 190.10 272.50 233.21 -9999 -9999 -9999 -9999 -9999 134.60 131.44 145.42 130.37 153.36 190.29 174.73 183.12 183.10 182.58 173.79 186.91 207.25 145.32 149.39 166.67 140.39 239.44 159.23 196.72 154.32 177.72 165.58 131.51 103.14 96.90 80.12 74.46 76.82 81.44 75.58 65.76 74.53 78.87 80.76 69.67 65.98 72.78 62.28 -9999 -9999 -9999 -9999 -9999 -9999 -9999 -9999 -9999 -9999 -9999 -9999 -9999 -9999 -9999 -9999 -9999 -9999 -9999 -9999 -9999 -9999 -9999 -9999 -9999
192.54 -9999 -9999 205.12 244.43 225.51 -9999 -9999 -9999 -9999 -9999 111.49 114.29 124.05 111.85 126.63 130.09 149.27 169.21 163.32 190.46 170.55 167.30 190.42 178.63 206.46 200.24 189.69 254.86 229.44 179.93 169.99 158.77 120.88 117.12 110.16 93.03 90.36 88.51 81.31 66.66 75.08 100.20 107.45 95.45 88.02 73.21 75.25 78.15 71.44 -9999 -9999 -9999 -9999 -9999 -9999 -9999 -9999 -9999 -9999 -9999 -9999 -9999 -9999 -9999 -9999 -9999 -9999 -9999 -9999 -9999 -9999 -9999 -9999 -9999
-9999 -9999 -9999 170.94 198.67 194.35 -9999 -9999 -9999 -9999 -9999 106.08 108.39 118.77 121.81 126.94 135.47 158.81 195.40 210.03 173.66 176.70 139.07 164.91 164.90 195.86 198.32 245.01 246.97 212.32 212.66 183.99 152.89 153.61 119.72 118.79 103.91 78.48 85.10 91.58 88.94 95.24 118.10 120.06 131.53 99.41 88.31 66.77 82.09 77.53 -9999 -9999 -9999 -9999 -9999 -9999 -9999 -9999 -9999 -9999 -9999 -9999 -9999 -9999 -9999 -9999 -9999 -9999 -9999 -9999 -9999 -9999 -9999 -9999 -9999
163.30 -9999 -9999 -9999 -9999 -9999 -9999 -9999 -9999 -9999 126.89 123.13 137.70 140.00 132.13 139.32 141.95 160.85 171.11 203.42 192.23 178.01 206.64 197.21 227.96 250.94 259.69 281.28 286.91 311.19 223.40 198.00 173.88 146.06 146.79 117.59 96.12 97.64 86.18 104.47 111.45 139.68 115.95 140.09 151.61 97.84 88.85 79.91 84.17 80.24 -9999 -9999 -9999 -9999 -9999 -9999 -9999 -9999 -9999 -9999 -9999 -9999 -9999 -9999 -9999 -9999 -9999 -9999 -9999 -9999 -9999 -9999 -9999 -9999 -9999
151.72 -9999 -9999 -9999 -9999 -9999 -9999 -9999 -9999 -9999 149.25 128.77 154.20 165.68 176.73 175.48 179.66 175.15 184.16 154.10 188.99 201.63 198.43 233.62 260.82 244.51 206.34 280.91 241.41 247.72 207.72 199.80 174.17 141.22 124.14 136.54 109.82 90.95 101.63 119.99 136.35 129.22 103.16 143.54 125.71 93.34 82.03 84.64 97.15 76.06 -9999 -9999 -9999 -9999 -9999 -9999 -9999 -9999 -9999 -9999 -9999 -9999 -9999 -9999 -9999 -9999 -9999 -9999 -9999 -9999 -9999 -9999 -9999 -9999 -9999
-9999 -9999 -9999 -9999 -9999 -9999 -9999 -9999 -9999 130.63 146.24 128.06 157.07 172.26 164.58 204.24 244.08 254.38 242.78 242.32 207.63 199.85 215.63 261.97 260.98 252.53 187.64 229.94 276.59 261.00 262.63 227.29 211.71 169.46 147.50 146.47 122.62 105.28 165.74 173.93 159.39 144.04 123.32 104.30 96.91 88.84 101.62 98.64 80.92 71.76 -9999 -9999 -9999 -9999 -9999 -9999 -9999 -9999 -9999 -9999 -9999 -9999 -9999 -9999 -9999 -9999 -9999 -9999 -9999 -9999 -9999 -9999 -9999 -9999 -9999
-9999 -9999 -9999 -9999 -9999 -9999 -9999 -9999 -9999 134.90 130.83 163.10 157.15 190.93 175.51 222.83 246.13 327.28 296.28 256.13 222.35 227.08 236.26 335.39 304.70 243.03 211.21 218.61 280.92 278.93 270.38 250.02 202.28 207.95 210.29 187.16 191.88 187.40 208.56 160.73 153.17 150.58 127.99 117.36 94.11 83.52 90.47 81.59 75.00 69.48 83.98 -9999 -9999 -9999 -9999 -9999 -9999 -9999 -9999 -9999 -9999 -9999 -9999 -9999 -9999 -9999 -9999 -9999 -9999 -9999 -9999 -9999 -9999 -9999 -9999
-9999 -9999 -9999 -9999 -9999 -9999 -9999 -9999 116.92 156.82 173.00 183.14 194.09 190.51 204.55 215.70 258.56 281.22 290.66 268.78 241.75 207.27 200.51 236.42 266.18 254.41 221.72 224.53 256.82 262.16 255.69 245.43 249.63 196.13 220.44 207.31 195.12 252.73 217.02 202.62 180.08 130.55 125.20 111.33 104.60 102.41 84.77 77.30 69.80 63.31 60.44 -9999 -9999 -9999 -9999 -9999 -9999 -9999 -9999 -9999 -9999 -9999 -9999 -9999 -9999 -9999 -9999 -9999 -9999 -9999 -9999 -9999 -9999 -9999 -9999
-9999 -9999 -9999 -9999 -9999 -9999 -9999 -9999 157.64 179.39 200.83 233.45 236.62 262.86 229.86 294.12 248.05 256.14 256.33 239.07 239.59 190.02 177.91 227.02 242.92 270.49 206.96 211.39 225.74 231.06 234.90 275.60 209.87 234.76 228.13 200.37 250.28 225.79 219.75 200.54 149.52 136.35 116.80 96.56 88.64 94.54 84.35 81.65 69.52 64.70 66.31 -9999 -9999 -9999 -9999 -9999 -9999 -9999 -9999 -9999 -9999 -9999 -9999 -9999 -9999 -9999 -9999 -9999 -9999 -9999 -9999 -9999 -9999 -9999 -9999
-9999 -9999 -9999 -9999 -9999 -9999 -9999 204.85 203.59 209.26 232.95 217.91 220.61 297.41 293.31 343.34 243.20 239.55 227.87 227.30 241.32 210.91 196.47 228.67 216.77 203.80 176.04 186.25 217.36 220.68 250.73 249.13 223.29 253.84 234.53 219.38 230.36 190.31 208.86 180.65 153.29 139.44 124.57 102.79 87.84 81.74 70.26 69.32 70.08 63.46 58.79 -9999 -9999 -9999 -9999 -9999 -9999 -9999 -9999 -9999 -9999 -9999 -9999 -9999 -9999 -9999 -9999 -9999 -9999 -9999 -9999 -9999 -9999 -9999 -9999
-9999 -9999 -9999 -9999 -9999 -9999 181.74 215.39 244.35 238.44 236.49 210.72 238.15 264.16 264.50 325.34 245.54 194.87 222.03 233.69 225.73 223.42 215.55 201.26 195.43 216.48 207.12 174.28 206.62 206.72 203.97 203.52 202.15 204.73 187.02 191.55 213.72 188.72 205.57 186.06 165.65 138.16 108.87 92.13 84.53 85.28 76.01 70.39 72.74 60.11 54.42 53.99 -9999 -9999 -9999 -9999 -9999 -9999 -9999 -9999 -9999 -9999 -9999 -9999 -9999 -9999 -9999 -9999 -9999 -9999 -9999 -9999 -9999 -9999 -9999
-9999 -9999 -9999 -9999 -9999 -9999 199.31 218.66 213.77 237.70 245.06 265.23 294.47 302.09 276.37 268.52 278.93 218.31 222.18 234.46 219.21 267.48 208.28 190.39 208.03 187.66 195.84 171.37 200.07 192.03 174.27 158.09 148.29 150.59 158.35 157.51 187.99 154.56 173.02 175.47 135.20 123.30 122.84 88.12 89.06 88.43 78.43 66.70 60.78 56.82 55.03 56.89 -9999 -9999 -9999 -9999 -9999 -9999 -9999 -9999 -9999 -9999 -9999 -9999 -9999 -9999 -9999 -9999 -9999 -9999 -9999 -9999 -9999 -9999 -9999
-9999 -9999 -9999 -9999 158.38 172.82 202.15 195.77 207.94 234.38 243.15 257.57 285.46 272.59 227.86 287.77 274.99 254.00 222.26 226.58 221.99 212.02 201.51 200.84 187.28 190.57 172.01 154.63 164.60 167.79 157.91 142.20 133.59 135.52 137.45 136.58 152.32 125.78 122.49 135.73 132.96 118.35 117.53 96.59 76.58 72.85 76.28 70.99 64.98 60.03 61.65 62.72 -9999 -9999 -9999 -9999 -9999 -9999 -9999 -9999 -9999 -9999 -9999 -9999 -9999 -9999 -9999 -9999 -9999 -9999 -9999 -9999 -9999 -9999 -9999
