Rainfall_2007-2011/Rainfall_2011-03_ACTUAL.txt
ncols         180
nrows         290
xllcorner     -200000
yllcorner     -200000
cellsize      5000
NODATA_value  -9999
[rows 136 to 169 of 290, columns 77 to 153 of 180]
-9999 -9999 55.58 60.43 62.69 75.02 75.59 82.25 79.07 75.54 75.32 85.20 103.55 148.28 127.38 111.00 92.61 87.82 75.14 78.65 87.21 106.85 103.78 102.66 79.74 74.74 71.21 67.36 65.62 61.97 65.98 59.47 67.62 60.04 53.71 55.52 52.57 48.28 45.57 44.33 33.48 37.34 44.77 39.70 33.52 33.78 28.84 29.40 28.59 25.07 24.74 -9999 -9999 -9999 -9999 -9999 -9999 -9999 -9999 -9999 -9999 -9999 -9999 -9999 -9999 -9999 -9999 -9999 -9999 -9999 -9999 -9999 -9999 -9999 -9999 -9999 -9999
-9999 -9999 52.03 56.95 54.67 62.33 60.26 68.13 69.35 70.24 67.99 72.24 87.10 114.19 109.58 102.58 90.98 78.43 77.50 87.41 93.15 122.59 112.09 -9999 -9999 -9999 62.57 62.16 -9999 54.88 59.39 52.73 53.41 46.53 48.26 52.81 45.60 41.99 45.63 40.96 39.06 37.99 33.32 27.69 32.60 29.49 33.03 25.45 24.92 24.04 24.79 -9999 -9999 -9999 -9999 -9999 -9999 -9999 -9999 -9999 -9999 -9999 -9999 -9999 -9999 -9999 -9999 -9999 -9999 -9999 -9999 -9999 -9999 -9999 -9999 -9999 -9999
-9999 -9999 44.73 52.82 50.62 53.50 56.77 61.29 66.50 67.49 65.08 69.89 77.24 105.68 93.58 96.77 91.89 77.22 85.94 81.74 96.75 89.54 92.14 -9999 -9999 -9999 67.39 60.84 58.02 52.65 54.70 49.93 47.26 49.71 51.95 61.67 50.95 52.95 42.93 35.44 41.78 39.29 33.47 30.75 33.40 27.72 30.04 36.86 29.90 23.27 24.90 -9999 -9999 -9999 -9999 -9999 -9999 -9999 -9999 -9999 -9999 -9999 -9999 -9999 -9999 -9999 -9999 -9999 -9999 -9999 -9999 -9999 -9999 -9999 -9999 -9999 -9999
-9999 -9999 -9999 44.21 48.88 47.32 -9999 59.56 63.68 62.90 63.20 63.07 -9999 76.45 74.57 85.53 79.47 79.46 87.77 81.61 74.53 -9999 -9999 -9999 -9999 71.74 60.66 56.36 48.77 53.66 49.10 43.88 45.45 46.95 52.71 69.69 60.03 58.45 46.86 45.09 39.66 33.81 37.31 29.51 29.63 30.66 28.19 33.34 27.92 27.40 26.68 21.50 -9999 -9999 -9999 -9999 -9999 -9999 -9999 -9999 -9999 -9999 -9999 -9999 -9999 -9999 -9999 -9999 -9999 -9999 -9999 -9999 -9999 -9999 -9999 -9999 -9999
-9999 -9999 -9999 -9999 45.20 -9999 -9999 -9999 53.70 52.17 55.32 61.31 55.02 -9999 -9999 66.15 77.07 77.46 79.22 -9999 -9999 -9999 -9999 -9999 66.56 65.65 60.49 54.69 48.51 56.47 46.74 38.19 41.46 42.13 51.36 55.50 60.25 50.67 56.21 54.47 54.86 42.03 42.25 38.00 33.81 28.44 26.08 28.91 25.87 27.05 26.28 24.15 -9999 -9999 -9999 -9999 -9999 -9999 -9999 -9999 -9999 -9999 -9999 -9999 -9999 -9999 -9999 -9999 -9999 -9999 -9999 -9999 -9999 -9999 -9999 -9999 -9999
-9999 -9999 -9999 -9999 42.22 39.43 -9999 -9999 -9999 45.82 50.31 56.52 58.88 -9999 -9999 -9999 -9999 66.17 -9999 -9999 -9999 -9999 -9999 -9999 57.96 55.69 58.72 56.73 58.15 57.29 43.40 34.83 36.93 48.48 44.59 45.76 51.38 56.04 55.04 56.23 56.59 43.46 39.97 37.81 32.41 27.50 29.66 25.85 24.94 25.01 26.60 20.84 -9999 -9999 -9999 -9999 -9999 -9999 -9999 -9999 -9999 -9999 -9999 -9999 -9999 -9999 -9999 -9999 -9999 -9999 -9999 -9999 -9999 -9999 -9999 -9999 -9999
-9999 -9999 -9999 -9999 -9999 42.56 -9999 -9999 -9999 -9999 43.66 44.52 48.47 -9999 -9999 -9999 -9999 -9999 -9999 -9999 -9999 -9999 -9999 70.54 72.33 74.39 68.30 69.56 67.37 65.58 60.15 57.82 44.83 41.59 51.97 56.01 68.27 78.67 80.35 61.08 50.90 40.49 41.89 33.02 26.61 29.34 30.76 25.74 24.99 27.99 29.71 26.76 21.10 -9999 -9999 -9999 -9999 -9999 -9999 -9999 -9999 -9999 -9999 -9999 -9999 -9999 -9999 -9999 -9999 -9999 -9999 -9999 -9999 -9999 -9999 -9999 -9999
-9999 -9999 -9999 -9999 -9999 45.40 -9999 -9999 -9999 -9999 -9999 -9999 -9999 -9999 -9999 -9999 -9999 -9999 -9999 -9999 -9999 -9999 -9999 68.98 63.39 66.46 69.70 51.40 75.78 70.82 70.40 60.95 43.31 44.97 33.26 34.03 57.02 66.89 74.39 56.31 67.28 71.49 63.24 48.94 34.59 25.02 25.75 25.45 27.77 24.42 26.06 24.07 21.84 20.32 -9999 -9999 -9999 -9999 -9999 -9999 -9999 -9999 -9999 -9999 -9999 -9999 -9999 -9999 -9999 -9999 -9999 -9999 -9999 -9999 -9999 -9999 -9999
-9999 -9999 -9999 -9999 -9999 -9999 -9999 -9999 -9999 -9999 -9999 -9999 -9999 -9999 -9999 -9999 -9999 -9999 -9999 -9999 -9999 -9999 60.76 65.30 69.62 72.66 77.23 69.42 97.53 85.20 77.00 53.38 50.35 40.53 33.02 31.92 48.35 81.18 67.67 46.67 62.00 65.25 59.27 43.81 32.28 28.46 22.86 21.64 21.21 22.80 26.16 21.62 18.42 14.62 -9999 -9999 -9999 -9999 -9999 -9999 -9999 -9999 -9999 -9999 -9999 -9999 -9999 -9999 -9999 -9999 -9999 -9999 -9999 -9999 -9999 -9999 -9999
-9999 -9999 -9999 -9999 -9999 -9999 -9999 -9999 -9999 -9999 -9999 -9999 -9999 -9999 -9999 -9999 -9999 -9999 -9999 -9999 -9999 -9999 68.61 81.74 86.02 86.01 96.61 84.54 68.57 86.56 86.33 75.32 68.04 52.48 47.29 41.29 45.01 55.53 80.05 70.24 73.56 70.71 57.13 39.38 27.12 21.69 19.15 20.68 18.10 15.78 18.01 17.06 12.49 10.89 8.42 7.22 6.16 -9999 -9999 -9999 -9999 -9999 -9999 -9999 -9999 -9999 -9999 -9999 -9999 -9999 -9999 -9999 -9999 -9999 -9999 -9999 -9999
-9999 -9999 -9999 -9999 -9999 -9999 -9999 -9999 -9999 -9999 -9999 -9999 -9999 -9999 -9999 -9999 -9999 -9999 -9999 -9999 -9999 -9999 64.83 78.42 95.15 95.79 91.33 112.35 132.87 141.86 112.86 104.32 93.98 80.63 60.99 54.97 38.20 36.81 55.24 45.77 61.01 61.17 45.73 38.01 28.58 23.91 19.58 16.71 15.89 14.60 14.59 13.55 12.04 9.60 11.75 9.19 8.96 5.24 6.88 -9999 -9999 -9999 -9999 -9999 -9999 -9999 -9999 -9999 -9999 -9999 -9999 -9999 -9999 -9999 -9999 -9999 -9999
-9999 -9999 -9999 -9999 -9999 -9999 -9999 -9999 -9999 -9999 -9999 -9999 -9999 -9999 -9999 -9999 -9999 -9999 -9999 -9999 -9999 -9999 61.47 89.02 116.40 140.71 209.72 229.17 153.59 158.92 159.01 179.04 124.87 134.78 112.31 84.72 64.55 68.84 55.45 44.76 58.34 57.30 44.87 36.43 28.90 25.74 19.50 16.17 14.20 14.91 11.94 10.86 11.75 10.92 10.05 11.03 11.27 10.24 9.12 6.70 4.82 -9999 -9999 -9999 -9999 -9999 -9999 -9999 -9999 -9999 -9999 -9999 -9999 -9999 -9999 -9999 -9999
-9999 -9999 -9999 -9999 -9999 -9999 -9999 -9999 -9999 -9999 -9999 -9999 -9999 -9999 -9999 -9999 -9999 -9999 -9999 -9999 -9999 -9999 62.15 75.19 104.44 128.91 142.13 215.31 251.28 155.53 143.53 148.90 167.35 158.92 125.39 121.33 99.25 85.21 69.33 84.55 84.86 83.49 65.04 55.29 39.47 25.27 23.47 17.93 15.26 14.02 13.26 11.11 10.66 12.20 9.21 10.22 7.04 6.46 7.99 7.10 5.10 6.42 -9999 -9999 -9999 -9999 -9999 -9999 -9999 -9999 -9999 -9999 -9999 -9999 -9999 -9999 -9999
-9999 -9999 -9999 -9999 -9999 -9999 -9999 -9999 -9999 -9999 36.13 30.96 27.68 -9999 -9999 -9999 -9999 -9999 -9999 -9999 -9999 -9999 -9999 55.71 77.28 97.00 109.70 119.97 122.10 131.04 113.12 117.43 126.76 119.09 113.99 127.40 118.17 90.45 90.49 91.27 108.30 103.39 77.24 63.16 44.88 31.59 23.42 18.39 14.78 13.70 13.57 12.26 10.77 15.52 15.36 13.57 11.03 10.25 11.00 8.16 7.75 7.01 5.36 -9999 -9999 -9999 -9999 -9999 -9999 -9999 -9999 -9999 -9999 -9999 -9999 -9999 -9999
-9999 -9999 -9999 -9999 -9999 -9999 -9999 -9999 -9999 -9999 32.63 40.19 -9999 -9999 -9999 -9999 -9999 -9999 -9999 -9999 -9999 -9999 -9999 -9999 70.84 84.08 104.90 109.47 148.76 122.07 117.20 105.76 94.68 94.72 93.43 93.50 121.17 112.70 107.84 101.85 98.04 81.17 55.69 66.51 46.37 33.96 21.87 15.47 13.66 13.80 13.43 13.93 10.57 14.09 14.35 11.27 8.55 9.21 10.35 9.24 8.89 7.22 7.19 -9999 -9999 -9999 -9999 -9999 -9999 -9999 -9999 -9999 -9999 -9999 -9999 -9999 -9999
-9999 -9999 -9999 -9999 -9999 -9999 -9999 -9999 -9999 35.29 45.92 48.76 44.92 -9999 -9999 -9999 -9999 -9999 -9999 -9999 -9999 -9999 -9999 -9999 56.33 74.22 92.27 100.01 114.73 106.71 95.38 87.04 87.68 70.52 75.25 77.25 75.69 106.59 80.60 80.28 71.44 57.32 58.37 49.30 40.05 22.70 16.29 10.93 11.57 14.21 13.32 14.04 13.59 12.50 13.56 11.62 9.41 9.10 8.02 8.03 8.43 7.13 8.34 6.60 -9999 -9999 -9999 -9999 -9999 -9999 -9999 -9999 -9999 -9999 -9999 -9999 -9999
-9999 -9999 -9999 -9999 -9999 -9999 -9999 -9999 42.11 53.13 51.75 66.91 48.95 -9999 -9999 -9999 -9999 -9999 -9999 -9999 -9999 -9999 -9999 -9999 60.02 72.07 78.27 74.88 85.06 81.55 82.74 72.61 62.21 62.44 69.15 68.99 86.98 92.75 79.71 81.08 75.47 54.31 48.03 34.56 31.39 19.28 15.25 13.19 9.58 8.18 11.51 11.51 11.71 12.18 11.92 9.82 8.35 7.13 6.46 6.90 7.84 7.12 7.08 7.26 -9999 -9999 -9999 -9999 -9999 -9999 -9999 -9999 -9999 -9999 -9999 -9999 -9999
-9999 -9999 -9999 -9999 -9999 -9999 -9999 39.07 45.03 61.05 51.78 44.71 -9999 -9999 -9999 -9999 -9999 -9999 -9999 -9999 -9999 -9999 -9999 -9999 -9999 65.42 68.21 58.54 74.78 69.96 61.16 53.61 47.24 51.58 58.76 64.45 69.40 78.01 81.07 87.80 81.25 66.10 60.74 50.37 37.54 27.74 23.58 15.58 12.72 9.76 9.11 9.28 9.18 11.84 10.80 8.63 6.59 5.71 3.58 4.33 5.11 5.40 4.85 4.78 4.85 4.01 -9999 -9999 -9999 -9999 -9999 -9999 -9999 -9999 -9999 -9999 -9999
-9999 -9999 -9999 -9999 -9999 -9999 -9999 48.41 64.57 57.05 45.67 40.84 -9999 -9999 -9999 -9999 -9999 -9999 -9999 -9999 -9999 -9999 -9999 -9999 -9999 -9999 55.73 52.28 54.71 54.44 51.59 47.19 46.57 48.35 57.08 54.04 62.79 62.41 75.63 70.00 66.71 52.84 52.97 51.68 39.46 28.59 22.49 17.64 13.73 10.90 8.67 8.09 9.29 9.12 8.91 8.19 7.56 5.36 4.52 4.34 4.25 4.62 3.43 4.64 5.41 4.40 -9999 -9999 -9999 -9999 -9999 -9999 -9999 -9999 -9999 -9999 -9999
-9999 -9999 -9999 -9999 -9999 -9999 -9999 41.68 43.50 42.08 41.35 -9999 -9999 -9999 -9999 -9999 -9999 -9999 -9999 -9999 -9999 -9999 -9999 -9999 -9999 -9999 45.08 44.66 51.01 -9999 44.16 -9999 37.25 38.37 39.63 37.14 36.38 29.34 37.52 46.40 41.62 41.04 36.65 49.55 46.26 38.08 24.79 19.02 15.16 12.08 11.66 9.37 8.67 8.41 8.36 8.51 7.36 7.11 6.11 4.57 4.48 5.37 4.73 5.10 6.54 7.69 8.23 5.92 -9999 -9999 -9999 -9999 -9999 -9999 -9999 -9999 -9999
-9999 -9999 -9999 -9999 -9999 -9999 31.87 35.67 27.84 -9999 -9999 -9999 -9999 -9999 -9999 -9999 -9999 -9999 -9999 -9999 -9999 -9999 -9999 -9999 -9999 -9999 42.45 41.35 45.05 -9999 -9999 -9999 35.06 41.66 36.35 33.10 32.76 32.06 34.51 26.80 38.14 40.76 34.30 38.56 37.45 30.89 27.43 20.03 15.22 11.10 8.32 8.08 7.47 7.10 7.28 6.89 6.44 6.67 6.70 5.61 4.93 5.86 6.16 6.67 6.78 7.38 7.76 4.97 -9999 -9999 -9999 -9999 -9999 -9999 -9999 -9999 -9999
-9999 -9999 -9999 -9999 -9999 -9999 -9999 -9999 -9999 -9999 -9999 -9999 -9999 -9999 -9999 -9999 -9999 -9999 -9999 -9999 -9999 -9999 -9999 -9999 -9999 -9999 -9999 -9999 -9999 -9999 -9999 35.04 34.32 42.39 50.12 54.66 56.25 49.86 29.21 33.45 37.61 35.74 31.97 29.01 27.00 23.46 20.43 17.66 13.62 10.17 8.34 8.07 7.07 6.68 6.67 5.35 5.45 6.28 6.41 6.67 5.76 5.99 5.86 5.88 6.43 8.75 8.43 -9999 -9999 -9999 -9999 -9999 -9999 -9999 -9999 -9999 -9999
-9999 -9999 -9999 -9999 -9999 -9999 -9999 -9999 -9999 -9999 -9999 -9999 -9999 -9999 -9999 -9999 -9999 -9999 -9999 -9999 -9999 -9999 -9999 -9999 -9999 -9999 -9999 -9999 -9999 -9999 -9999 34.94 37.88 44.73 58.55 59.62 60.43 56.24 41.56 29.17 27.12 22.42 25.30 32.19 25.29 19.58 19.67 17.72 13.15 11.30 9.74 7.93 6.81 6.63 7.10 6.01 5.83 6.71 6.59 7.68 6.79 5.37 5.47 6.06 5.56 7.44 6.64 -9999 -9999 -9999 -9999 -9999 -9999 -9999 -9999 -9999 -9999
-9999 -9999 -9999 -9999 -9999 -9999 -9999 -9999 -9999 -9999 -9999 -9999 -9999 -9999 -9999 -9999 -9999 -9999 -9999 -9999 -9999 -9999 -9999 -9999 -9999 -9999 -9999 -9999 -9999 -9999 -9999 34.66 35.12 41.95 47.68 56.17 52.21 44.36 32.54 26.81 26.44 18.95 19.45 18.57 16.94 17.16 16.01 15.60 11.42 10.12 8.90 8.22 8.48 6.96 6.92 6.64 6.48 7.03 6.87 6.75 5.87 6.01 6.13 6.41 5.91 7.02 6.57 -9999 -9999 -9999 -9999 -9999 -9999 -9999 -9999 -9999 -9999
-9999 -9999 -9999 -9999 -9999 -9999 -9999 -9999 -9999 -9999 -9999 -9999 -9999 -9999 -9999 -9999 -9999 -9999 -9999 -9999 -9999 -9999 -9999 -9999 -9999 -9999 -9999 -9999 -9999 27.94 37.78 35.56 33.33 51.14 50.34 62.70 51.35 47.90 33.68 23.54 23.30 23.14 22.29 17.52 18.74 15.21 12.92 10.54 10.36 8.64 8.66 7.98 7.60 7.04 6.45 6.15 6.12 6.09 6.95 6.47 5.44 7.07 7.37 6.30 5.60 6.07 5.50 5.03 -9999 -9999 -9999 -9999 -9999 -9999 -9999 -9999 -9999
-9999 -9999 -9999 -9999 -9999 -9999 -9999 -9999 -9999 -9999 -9999 -9999 -9999 -9999 -9999 -9999 -9999 -9999 -9999 -9999 -9999 -9999 -9999 -9999 -9999 -9999 -9999 -9999 -9999 31.74 28.32 30.31 32.97 36.69 41.76 39.90 38.25 34.99 33.07 41.91 34.00 29.64 25.04 21.37 19.93 13.94 12.48 11.82 11.12 10.43 8.30 8.39 7.68 6.87 6.60 6.08 5.82 6.15 7.59 8.76 7.15 7.05 6.88 6.34 6.60 5.73 5.03 4.75 -9999 -9999 -9999 -9999 -9999 -9999 -9999 -9999 -9999
-9999 -9999 -9999 -9999 -9999 -9999 -9999 -9999 -9999 -9999 -9999 -9999 -9999 -9999 -9999 -9999 -9999 -9999 -9999 -9999 -9999 -9999 -9999 -9999 -9999 -9999 -9999 -9999 -9999 30.00 28.14 28.31 28.87 31.72 32.89 35.68 38.32 32.79 31.76 31.83 30.44 16.80 26.94 18.89 18.47 12.59 11.43 10.12 6.94 8.69 8.67 7.81 7.31 6.57 6.93 6.33 5.90 6.41 6.96 7.91 7.26 7.05 7.18 7.00 5.57 4.39 4.55 4.68 4.57 -9999 -9999 -9999 -9999 -9999 -9999 -9999 -9999
-9999 -9999 -9999 -9999 -9999 -9999 -9999 -9999 -9999 -9999 -9999 -9999 -9999 -9999 -9999 -9999 -9999 -9999 -9999 -9999 -9999 -9999 -9999 -9999 -9999 -9999 -9999 -9999 -9999 27.97 27.66 25.88 26.07 33.83 27.86 25.12 27.31 26.03 25.16 25.87 21.32 25.20 26.78 26.10 21.03 14.48 11.27 11.71 9.23 8.79 8.36 7.56 6.59 6.42 6.36 5.79 5.94 5.96 5.68 5.34 6.13 6.62 8.06 7.05 5.38 3.95 3.89 4.81 4.56 3.62 -9999 -9999 -9999 -9999 -9999 -9999 -9999
-9999 -9999 -9999 -9999 -9999 -9999 -9999 -9999 -9999 -9999 -9999 -9999 -9999 -9999 -9999 -9999 -9999 -9999 -9999 -9999 -9999 -9999 -9999 -9999 -9999 -9999 -9999 -9999 -9999 27.62 26.17 23.35 22.89 25.98 25.68 22.51 25.41 26.10 23.45 26.75 28.06 30.31 27.24 24.00 16.43 15.27 11.74 11.21 9.60 8.43 7.08 6.02 5.80 5.58 5.63 5.60 6.22 6.04 6.01 5.51 5.36 7.11 8.18 6.71 5.49 4.70 4.17 4.11 3.26 2.75 -9999 -9999 -9999 -9999 -9999 -9999 -9999
-9999 -9999 -9999 -9999 -9999 -9999 -9999 -9999 -9999 -9999 -9999 -9999 -9999 -9999 -9999 -9999 -9999 -9999 -9999 -9999 -9999 -9999 -9999 -9999 -9999 -9999 -9999 -9999 -9999 -9999 26.31 23.05 20.37 17.14 23.97 26.27 30.76 28.91 31.07 28.63 31.20 32.54 29.78 23.55 16.19 13.56 10.93 7.85 9.10 6.40 5.92 5.56 5.18 5.14 5.19 5.37 5.90 6.20 6.26 5.55 4.81 6.22 6.98 7.36 4.55 4.08 -9999 3.91 2.70 2.52 3.05 -9999 -9999 -9999 -9999 -9999 -9999
-9999 -9999 -9999 -9999 -9999 -9999 -9999 -9999 -9999 -9999 -9999 -9999 -9999 -9999 -9999 -9999 -9999 -9999 -9999 -9999 -9999 -9999 -9999 -9999 -9999 -9999 -9999 -9999 -9999 21.07 23.41 20.14 19.43 21.67 22.16 27.69 30.14 32.17 36.52 38.31 38.42 32.04 28.43 26.08 22.19 15.04 10.55 9.61 7.14 4.56 4.35 3.85 4.34 4.32 4.87 5.46 6.27 6.83 6.96 6.42 5.09 6.07 7.11 9.78 5.53 4.55 4.60 -9999 3.22 2.88 3.40 4.11 -9999 -9999 -9999 -9999 -9999
-9999 -9999 -9999 -9999 -9999 -9999 -9999 -9999 -9999 -9999 -9999 -9999 -9999 -9999 -9999 -9999 -9999 -9999 -9999 -9999 -9999 -9999 -9999 -9999 -9999 -9999 -9999 -9999 -9999 19.63 20.08 20.36 20.19 24.95 27.00 25.91 36.09 24.43 25.65 25.76 18.91 18.75 21.28 25.95 19.30 14.63 11.46 8.51 7.11 6.49 3.77 3.52 4.03 3.98 5.10 5.03 6.05 7.46 7.39 8.40 6.10 6.17 7.27 7.22 6.10 5.65 5.77 5.55 -9999 -9999 -9999 -9999 -9999 -9999 -9999 -9999 -9999
-9999 -9999 -9999 -9999 -9999 -9999 -9999 -9999 -9999 -9999 -9999 -9999 -9999 -9999 -9999 -9999 -9999 -9999 -9999 -9999 -9999 -9999 -9999 -9999 -9999 -9999 -9999 -9999 19.67 21.25 20.03 21.55 22.84 27.66 24.37 26.41 27.87 22.10 21.23 22.65 19.55 19.76 25.17 26.73 25.86 20.52 19.16 9.76 6.93 5.35 2.14 3.93 3.84 3.93 5.02 4.78 5.78 7.12 6.88 6.98 6.89 7.85 8.81 7.66 7.06 7.09 8.19 7.18 5.89 5.04 -9999 -9999 -9999 -9999 -9999 -9999 -9999
-9999 -9999 -9999 -9999 -9999 -9999 -9999 -9999 -9999 -9999 -9999 -9999 -9999 -9999 -9999 -9999 -9999 -9999 -9999 -9999 -9999 -9999 -9999 -9999 -9999 -9999 -9999 -9999 -9999 16.49 17.71 18.58 18.64 17.97 19.91 21.12 18.61 19.17 20.10 21.45 18.96 18.71 20.70 29.59 27.12 23.74 18.99 13.05 10.50 6.79 4.34 3.41 3.85 4.50 4.86 4.45 4.75 5.58 5.49 5.16 6.45 8.01 7.90 7.47 7.49 7.79 8.60 8.67 6.53 4.30 3.76 3.72 -9999 -9999 -9999 -9999 -9999
