Rainfall_2007-2011/Rainfall_2008-12_ACTUAL.txt
ncols         180
nrows         290
xllcorner     -200000
yllcorner     -200000
cellsize      5000
NODATA_value  -9999
[rows 102 to 135 of 290, columns 76 to 151 of 180]
170.88 -9999 217.72 217.21 282.18 249.46 296.52 263.01 271.42 252.69 309.87 316.56 241.52 205.20 187.97 214.66 179.30 124.16 131.05 156.00 162.54 104.61 105.14 98.13 94.78 80.13 65.65 57.14 52.90 74.13 62.38 64.15 64.71 68.12 62.76 62.24 49.40 -9999 -9999 -9999 -9999 -9999 -9999 -9999 -9999 -9999 -9999 -9999 -9999 -9999 -9999 -9999 -9999 -9999 -9999 -9999 -9999 -9999 -9999 -9999 -9999 -9999 -9999 -9999 -9999 -9999 -9999 -9999 -9999 -9999 -9999 -9999 -9999 -9999 -9999 -9999
-9999 168.54 183.41 190.45 178.78 275.81 302.15 231.09 247.40 287.97 254.04 291.27 303.86 240.96 197.23 136.60 204.16 158.95 170.74 159.11 161.48 154.63 138.74 101.90 83.15 72.89 53.07 45.94 65.84 57.82 50.47 55.14 56.87 59.07 58.17 -9999 -9999 -9999 -9999 -9999 -9999 -9999 -9999 -9999 -9999 -9999 -9999 -9999 -9999 -9999 -9999 -9999 -9999 -9999 -9999 -9999 -9999 -9999 -9999 -9999 -9999 -9999 -9999 -9999 -9999 -9999 -9999 -9999 -9999 -9999 -9999 -9999 -9999 -9999 -9999 -9999
177.98 188.02 209.78 242.81 219.64 227.11 224.66 208.05 230.60 261.35 227.79 213.73 213.44 201.33 186.97 181.72 124.61 136.34 130.97 137.37 146.03 106.64 112.26 90.41 77.46 75.09 56.44 52.71 53.34 49.24 46.88 47.44 58.27 60.24 -9999 -9999 -9999 -9999 -9999 -9999 -9999 -9999 -9999 -9999 -9999 -9999 -9999 -9999 -9999 -9999 -9999 -9999 -9999 -9999 -9999 -9999 -9999 -9999 -9999 -9999 -9999 -9999 -9999 -9999 -9999 -9999 -9999 -9999 -9999 -9999 -9999 -9999 -9999 -9999 -9999 -9999
174.55 216.58 225.93 239.98 221.04 228.05 239.30 254.16 250.48 312.78 274.75 242.39 263.94 224.94 215.25 156.27 146.93 163.34 143.61 117.23 93.74 94.10 75.03 60.81 67.99 68.60 58.23 60.62 56.12 55.47 64.26 52.71 57.23 58.60 -9999 -9999 -9999 -9999 -9999 -9999 -9999 -9999 -9999 -9999 -9999 -9999 -9999 -9999 -9999 -9999 -9999 -9999 -9999 -9999 -9999 -9999 -9999 -9999 -9999 -9999 -9999 -9999 -9999 -9999 -9999 -9999 -9999 -9999 -9999 -9999 -9999 -9999 -9999 -9999 -9999 -9999
201.17 208.95 230.45 227.00 229.18 273.40 260.83 262.43 259.09 311.16 268.78 275.20 224.93 252.46 200.19 197.01 228.70 197.71 155.33 138.06 123.67 92.51 85.12 62.81 56.08 64.33 79.49 68.72 59.24 57.83 49.79 48.74 50.65 69.50 68.55 -9999 -9999 -9999 -9999 -9999 -9999 -9999 -9999 -9999 -9999 -9999 -9999 -9999 -9999 -9999 -9999 -9999 -9999 -9999 -9999 -9999 -9999 -9999 -9999 -9999 -9999 -9999 -9999 -9999 -9999 -9999 -9999 -9999 -9999 -9999 -9999 -9999 -9999 -9999 -9999 -9999
174.54 202.13 241.03 216.01 241.37 224.08 216.42 262.78 287.77 302.66 250.49 274.49 253.60 211.81 171.05 225.67 178.80 202.12 191.15 136.22 127.84 106.42 90.68 89.27 90.16 90.42 102.06 88.75 68.27 63.21 54.68 64.53 60.89 77.43 77.52 66.40 -9999 -9999 -9999 -9999 -9999 -9999 -9999 -9999 -9999 -9999 -9999 -9999 -9999 -9999 -9999 -9999 -9999 -9999 -9999 -9999 -9999 -9999 -9999 -9999 -9999 -9999 -9999 -9999 -9999 -9999 -9999 -9999 -9999 -9999 -9999 -9999 -9999 -9999 -9999 -9999
172.64 207.55 223.14 237.97 240.01 232.55 227.49 283.00 280.82 352.51 267.26 226.26 219.89 198.15 174.36 182.04 158.06 138.94 113.57 98.22 114.14 112.24 125.86 144.34 132.83 127.70 109.52 84.75 84.86 67.13 69.60 52.95 63.53 65.68 58.10 55.22 45.79 -9999 -9999 -9999 -9999 -9999 -9999 -9999 -9999 -9999 -9999 -9999 -9999 -9999 -9999 -9999 -9999 -9999 -9999 -9999 -9999 -9999 -9999 -9999 -9999 -9999 -9999 -9999 -9999 -9999 -9999 -9999 -9999 -9999 -9999 -9999 -9999 -9999 -9999 -9999
166.52 187.75 225.47 247.73 224.10 208.93 229.21 286.89 251.10 221.96 215.07 267.50 193.23 182.37 163.40 163.04 132.95 115.95 88.25 89.41 108.52 143.46 148.37 140.93 138.95 124.81 99.09 86.22 75.79 66.22 56.57 43.02 39.08 49.44 45.50 44.09 -9999 -9999 -9999 -9999 -9999 -9999 -9999 -9999 -9999 -9999 -9999 -9999 -9999 -9999 -9999 -9999 -9999 -9999 -9999 -9999 -9999 -9999 -9999 -9999 -9999 -9999 -9999 -9999 -9999 -9999 -9999 -9999 -9999 -9999 -9999 -9999 -9999 -9999 -9999 -9999
126.55 171.09 195.89 197.43 218.81 239.03 202.69 251.99 246.29 239.11 217.71 186.76 213.76 168.23 147.42 111.64 96.54 88.12 91.66 77.83 92.22 77.18 71.69 86.06 114.55 119.01 94.87 79.78 70.79 56.73 50.15 39.61 -9999 -9999 -9999 -9999 -9999 -9999 -9999 -9999 -9999 -9999 -9999 -9999 -9999 -9999 -9999 -9999 -9999 -9999 -9999 -9999 -9999 -9999 -9999 -9999 -9999 -9999 -9999 -9999 -9999 -9999 -9999 -9999 -9999 -9999 -9999 -9999 -9999 -9999 -9999 -9999 -9999 -9999 -9999 -9999
149.88 180.41 168.18 165.97 247.53 230.79 245.35 254.18 184.44 201.49 202.26 169.16 160.67 163.28 113.39 112.97 113.88 109.06 117.49 81.67 81.99 70.93 61.05 69.15 77.80 96.26 85.59 79.63 73.11 57.39 -9999 -9999 -9999 -9999 -9999 -9999 -9999 -9999 -9999 -9999 -9999 -9999 -9999 -9999 -9999 -9999 -9999 -9999 -9999 -9999 -9999 -9999 -9999 -9999 -9999 -9999 -9999 -9999 -9999 -9999 -9999 -9999 -9999 -9999 -9999 -9999 -9999 -9999 -9999 -9999 -9999 -9999 -9999 -9999 -9999 -9999
176.09 177.48 166.22 215.33 229.54 247.86 260.15 238.76 176.07 187.04 174.84 138.90 128.75 122.98 127.13 135.18 143.43 135.65 120.47 105.64 93.00 75.91 50.70 57.74 60.40 72.95 67.99 68.82 62.63 46.56 -9999 -9999 -9999 -9999 -9999 -9999 -9999 -9999 -9999 -9999 -9999 -9999 -9999 -9999 -9999 -9999 -9999 -9999 -9999 -9999 -9999 -9999 -9999 -9999 -9999 -9999 -9999 -9999 -9999 -9999 -9999 -9999 -9999 -9999 -9999 -9999 -9999 -9999 -9999 -9999 -9999 -9999 -9999 -9999 -9999 -9999
169.92 -9999 174.05 211.87 229.28 243.62 232.95 223.98 174.02 135.73 138.95 135.43 132.75 134.78 124.12 180.98 179.68 164.47 153.73 115.20 88.88 71.43 53.76 52.22 50.34 53.13 51.78 42.81 -9999 -9999 -9999 -9999 -9999 38.93 34.34 41.65 38.39 -9999 -9999 -9999 -9999 -9999 -9999 -9999 -9999 -9999 -9999 -9999 -9999 -9999 -9999 -9999 -9999 -9999 -9999 -9999 -9999 -9999 -9999 -9999 -9999 -9999 -9999 -9999 -9999 -9999 -9999 -9999 -9999 -9999 -9999 -9999 -9999 -9999 -9999 -9999
197.46 -9999 156.85 186.41 197.71 190.84 239.72 189.06 186.11 140.22 148.51 139.75 124.08 132.98 134.29 146.49 125.97 118.19 106.07 93.50 80.04 73.62 66.37 55.82 57.01 54.96 49.24 38.53 37.86 32.57 -9999 -9999 33.87 36.18 44.54 43.74 46.42 45.42 51.86 -9999 -9999 -9999 -9999 -9999 -9999 -9999 -9999 -9999 -9999 -9999 -9999 -9999 -9999 -9999 -9999 -9999 -9999 -9999 -9999 -9999 -9999 -9999 -9999 -9999 -9999 -9999 -9999 -9999 -9999 -9999 -9999 -9999 -9999 -9999 -9999 -9999
176.91 141.31 136.50 112.97 154.69 184.10 197.30 178.12 168.56 170.83 164.34 150.13 112.13 103.90 114.24 116.22 107.11 100.59 95.54 82.84 70.46 71.42 62.19 62.59 62.45 52.51 48.74 42.40 37.07 38.36 33.72 32.22 35.98 44.13 50.61 54.60 61.16 58.01 84.02 50.68 -9999 -9999 -9999 -9999 -9999 -9999 -9999 -9999 -9999 -9999 -9999 -9999 -9999 -9999 -9999 -9999 -9999 -9999 -9999 -9999 -9999 -9999 -9999 -9999 -9999 -9999 -9999 -9999 -9999 -9999 -9999 -9999 -9999 -9999 -9999 -9999
158.48 155.38 125.82 134.22 151.34 155.71 172.81 -9999 190.76 219.75 207.30 149.52 120.38 107.03 101.00 92.97 90.90 81.33 73.92 71.34 63.75 68.97 55.60 61.29 57.75 57.36 57.80 50.88 50.07 43.76 45.07 42.97 45.01 53.70 55.75 65.79 73.50 80.12 81.08 77.48 83.20 75.01 43.17 -9999 -9999 -9999 -9999 -9999 -9999 -9999 -9999 -9999 -9999 -9999 -9999 -9999 -9999 -9999 -9999 -9999 -9999 -9999 -9999 -9999 -9999 -9999 -9999 -9999 -9999 -9999 -9999 -9999 -9999 -9999 -9999 -9999
154.88 173.62 135.89 -9999 132.63 133.94 155.68 -9999 163.80 247.88 210.40 171.58 139.09 123.76 99.30 85.33 83.35 71.17 70.62 69.96 66.95 74.47 75.90 59.33 74.61 79.28 72.77 79.09 76.62 52.00 39.02 51.10 48.94 67.31 96.88 103.55 98.33 98.66 81.14 80.20 93.07 66.29 66.06 -9999 -9999 -9999 -9999 -9999 -9999 -9999 -9999 -9999 -9999 -9999 -9999 -9999 -9999 -9999 -9999 -9999 -9999 -9999 -9999 -9999 -9999 -9999 -9999 -9999 -9999 -9999 -9999 -9999 -9999 -9999 -9999 -9999
152.04 152.23 128.36 -9999 -9999 126.75 123.44 135.16 161.90 180.30 176.82 155.71 160.07 140.37 118.00 98.88 96.71 79.04 67.06 80.12 73.91 79.43 85.38 92.27 89.70 90.11 87.84 80.79 75.27 65.68 52.99 56.98 66.63 82.09 90.51 104.61 101.67 88.77 85.91 63.20 66.80 70.30 63.09 60.06 -9999 -9999 -9999 -9999 -9999 -9999 -9999 -9999 -9999 -9999 -9999 -9999 -9999 -9999 -9999 -9999 -9999 -9999 -9999 -9999 -9999 -9999 -9999 -9999 -9999 -9999 -9999 -9999 -9999 -9999 -9999 -9999
155.50 -9999 -9999 -9999 -9999 -9999 113.62 102.66 138.80 161.71 156.49 147.13 158.01 148.67 135.16 122.40 113.58 98.15 83.03 73.78 73.09 73.43 82.24 87.50 85.80 81.87 68.79 72.88 71.13 60.34 76.91 82.42 71.89 79.31 72.79 69.24 81.21 80.62 79.65 55.58 54.74 57.81 68.05 60.10 -9999 -9999 -9999 -9999 -9999 -9999 -9999 -9999 -9999 -9999 -9999 -9999 -9999 -9999 -9999 -9999 -9999 -9999 -9999 -9999 -9999 -9999 -9999 -9999 -9999 -9999 -9999 -9999 -9999 -9999 -9999 -9999
163.32 170.06 170.06 171.68 -9999 -9999 -9999 100.09 122.82 139.71 141.03 136.05 131.06 146.58 147.87 137.19 129.29 108.53 98.21 80.56 74.00 72.28 73.33 63.42 73.64 61.65 63.41 87.11 83.76 105.90 119.39 106.53 89.49 86.15 58.54 67.61 63.81 67.97 70.18 56.89 49.99 50.71 59.59 54.60 58.41 -9999 -9999 -9999 -9999 -9999 -9999 -9999 -9999 -9999 -9999 -9999 -9999 -9999 -9999 -9999 -9999 -9999 -9999 -9999 -9999 -9999 -9999 -9999 -9999 -9999 -9999 -9999 -9999 -9999 -9999 -9999
184.72 191.25 195.54 245.54 222.10 -9999 -9999 -9999 103.38 115.15 121.29 123.37 123.68 119.53 123.53 119.99 127.81 107.36 93.60 77.46 83.83 64.16 69.44 60.64 79.30 72.33 85.89 72.71 89.53 89.71 92.34 101.20 92.94 78.68 69.19 63.71 52.56 49.27 59.89 51.21 52.37 55.56 56.55 60.41 44.34 35.05 -9999 -9999 -9999 -9999 -9999 -9999 -9999 -9999 -9999 -9999 -9999 -9999 -9999 -9999 -9999 -9999 -9999 -9999 -9999 -9999 -9999 -9999 -9999 -9999 -9999 -9999 -9999 -9999 -9999 -9999
184.09 140.10 177.77 248.01 214.60 -9999 -9999 -9999 -9999 -9999 113.98 111.99 105.61 112.85 106.24 111.49 112.48 127.39 121.74 102.98 87.05 76.35 74.51 65.81 72.11 63.67 95.08 77.62 77.11 88.50 88.43 73.28 69.37 62.21 65.72 56.67 55.72 53.91 47.50 45.23 44.89 53.61 57.89 69.34 52.36 39.75 45.43 -9999 -9999 -9999 -9999 -9999 -9999 -9999 -9999 -9999 -9999 -9999 -9999 -9999 -9999 -9999 -9999 -9999 -9999 -9999 -9999 -9999 -9999 -9999 -9999 -9999 -9999 -9999 -9999 -9999
-9999 144.40 143.27 224.36 196.12 -9999 -9999 -9999 -9999 -9999 118.51 112.85 116.01 98.43 114.99 120.74 123.16 134.05 125.99 117.53 98.10 96.49 86.34 79.07 85.06 107.23 99.52 129.41 89.68 116.02 92.70 108.63 93.32 62.58 66.63 60.87 50.79 48.52 51.09 55.14 62.91 51.45 58.89 61.86 67.81 59.60 55.26 52.95 46.62 -9999 -9999 -9999 -9999 -9999 -9999 -9999 -9999 -9999 -9999 -9999 -9999 -9999 -9999 -9999 -9999 -9999 -9999 -9999 -9999 -9999 -9999 -9999 -9999 -9999 -9999 -9999
-9999 -9999 153.20 184.83 170.16 -9999 -9999 -9999 -9999 -9999 102.11 105.31 97.33 74.47 89.71 99.41 109.20 122.57 118.23 129.79 111.50 99.37 105.05 104.09 120.66 120.32 111.57 145.83 132.53 109.59 107.97 112.15 72.23 68.52 66.43 58.89 56.99 57.66 50.73 48.05 58.44 74.32 81.19 74.91 75.81 61.10 61.12 52.51 52.62 -9999 -9999 -9999 -9999 -9999 -9999 -9999 -9999 -9999 -9999 -9999 -9999 -9999 -9999 -9999 -9999 -9999 -9999 -9999 -9999 -9999 -9999 -9999 -9999 -9999 -9999 -9999
-9999 -9999 127.68 146.29 149.05 -9999 -9999 -9999 -9999 -9999 93.02 86.73 89.91 74.87 84.93 98.34 117.38 141.85 150.70 128.94 127.57 118.39 115.88 99.63 108.73 111.97 132.47 138.15 125.56 129.20 120.26 88.60 89.98 70.53 72.56 68.06 50.83 56.96 63.05 64.80 67.36 92.13 90.69 98.98 82.58 75.02 68.00 53.23 58.54 -9999 -9999 -9999 -9999 -9999 -9999 -9999 -9999 -9999 -9999 -9999 -9999 -9999 -9999 -9999 -9999 -9999 -9999 -9999 -9999 -9999 -9999 -9999 -9999 -9999 -9999 -9999
-9999 -9999 -9999 -9999 -9999 -9999 -9999 -9999 -9999 118.39 122.71 126.12 111.77 94.92 101.91 108.38 119.62 125.35 151.05 141.61 128.37 158.65 150.01 144.21 143.96 147.20 155.48 163.83 134.34 135.68 124.01 111.04 91.95 91.08 74.50 61.62 65.65 56.39 68.87 79.24 100.92 91.46 109.84 102.09 77.54 68.89 63.54 64.36 63.94 -9999 -9999 -9999 -9999 -9999 -9999 -9999 -9999 -9999 -9999 -9999 -9999 -9999 -9999 -9999 -9999 -9999 -9999 -9999 -9999 -9999 -9999 -9999 -9999 -9999 -9999 -9999
-9999 -9999 -9999 -9999 -9999 -9999 -9999 -9999 -9999 145.39 123.60 137.83 145.20 144.74 142.94 163.60 143.73 136.44 126.96 143.84 140.30 134.47 175.83 160.77 146.82 115.92 169.48 145.77 151.68 129.18 122.17 106.09 85.96 78.56 87.96 74.23 60.47 60.57 70.32 94.40 95.32 83.82 106.97 96.57 70.77 61.70 61.98 80.43 66.84 -9999 -9999 -9999 -9999 -9999 -9999 -9999 -9999 -9999 -9999 -9999 -9999 -9999 -9999 -9999 -9999 -9999 -9999 -9999 -9999 -9999 -9999 -9999 -9999 -9999 -9999 -9999
-9999 -9999 -9999 -9999 -9999 -9999 -9999 -9999 128.28 146.29 130.03 143.14 159.99 149.57 174.69 202.57 188.34 171.69 167.65 142.80 140.63 151.10 172.65 154.84 149.19 115.17 140.58 169.62 153.38 153.47 135.51 119.41 98.22 91.26 93.45 81.48 69.87 88.48 100.82 125.72 111.90 88.67 72.83 77.96 69.90 81.79 89.65 82.71 61.78 -9999 -9999 -9999 -9999 -9999 -9999 -9999 -9999 -9999 -9999 -9999 -9999 -9999 -9999 -9999 -9999 -9999 -9999 -9999 -9999 -9999 -9999 -9999 -9999 -9999 -9999 -9999
-9999 -9999 -9999 -9999 -9999 -9999 -9999 -9999 143.85 134.72 157.97 154.26 183.78 160.78 185.35 195.57 240.13 201.93 168.61 147.29 151.30 146.84 196.69 177.45 142.71 130.64 131.37 166.41 160.21 153.89 151.94 125.54 130.47 131.34 118.68 124.84 120.69 128.86 114.80 117.10 116.97 94.18 89.27 80.92 66.30 72.85 71.52 74.23 54.66 61.06 -9999 -9999 -9999 -9999 -9999 -9999 -9999 -9999 -9999 -9999 -9999 -9999 -9999 -9999 -9999 -9999 -9999 -9999 -9999 -9999 -9999 -9999 -9999 -9999 -9999 -9999
-9999 -9999 -9999 -9999 -9999 -9999 -9999 129.74 175.92 175.61 175.75 198.92 197.39 173.16 168.22 202.72 210.30 193.46 163.52 148.21 128.85 114.45 132.71 151.40 144.96 126.70 127.16 147.18 151.01 152.14 156.76 154.08 123.46 133.53 129.01 125.73 162.66 130.77 134.57 134.64 102.42 99.70 91.50 85.44 81.87 65.78 61.88 58.86 52.04 49.73 -9999 -9999 -9999 -9999 -9999 -9999 -9999 -9999 -9999 -9999 -9999 -9999 -9999 -9999 -9999 -9999 -9999 -9999 -9999 -9999 -9999 -9999 -9999 -9999 -9999 -9999
-9999 -9999 -9999 -9999 -9999 -9999 -9999 164.35 184.65 194.96 224.66 224.33 224.97 197.86 228.60 197.80 187.79 164.69 153.55 145.27 123.02 110.41 128.70 138.55 147.48 111.37 113.77 127.91 135.13 170.59 201.78 129.16 141.00 140.98 123.71 160.89 156.31 133.50 117.14 104.54 102.83 88.00 72.76 66.18 74.59 67.28 66.06 61.46 54.74 59.04 -9999 -9999 -9999 -9999 -9999 -9999 -9999 -9999 -9999 -9999 -9999 -9999 -9999 -9999 -9999 -9999 -9999 -9999 -9999 -9999 -9999 -9999 -9999 -9999 -9999 -9999
-9999 -9999 -9999 -9999 -9999 -9999 141.63 158.16 177.21 207.70 215.43 219.99 263.43 233.65 259.78 196.29 172.62 150.45 141.65 148.23 131.65 110.47 123.70 121.76 107.61 99.84 90.43 122.40 130.84 170.37 155.12 129.37 147.99 140.41 131.32 142.25 116.79 108.90 82.70 94.69 100.01 87.89 71.80 62.78 51.77 52.68 55.91 56.06 52.41 57.46 -9999 -9999 -9999 -9999 -9999 -9999 -9999 -9999 -9999 -9999 -9999 -9999 -9999 -9999 -9999 -9999 -9999 -9999 -9999 -9999 -9999 -9999 -9999 -9999 -9999 -9999
-9999 -9999 -9999 -9999 -9999 114.95 129.95 165.16 174.02 184.10 187.04 192.01 229.00 235.34 266.82 192.49 154.14 148.65 153.61 142.83 136.20 127.41 115.64 109.02 111.49 90.65 94.76 114.01 119.40 117.58 117.99 121.93 121.55 111.74 117.27 131.12 112.19 112.33 98.40 94.61 81.45 64.57 57.12 51.93 49.23 46.76 50.03 57.25 50.40 53.47 51.76 -9999 -9999 -9999 -9999 -9999 -9999 -9999 -9999 -9999 -9999 -9999 -9999 -9999 -9999 -9999 -9999 -9999 -9999 -9999 -9999 -9999 -9999 -9999 -9999 -9999
-9999 -9999 -9999 -9999 -9999 143.27 182.68 169.98 174.35 169.44 153.00 146.58 261.34 264.56 238.22 218.68 167.17 158.50 158.63 140.35 166.65 125.55 111.37 115.15 102.67 100.74 85.33 105.29 103.50 88.31 83.72 90.92 93.94 97.21 97.43 114.09 96.65 94.97 95.77 86.37 70.16 63.24 50.01 44.04 49.95 46.80 42.77 45.89 48.08 53.91 47.99 -9999 -9999 -9999 -9999 -9999 -9999 -9999 -9999 -9999 -9999 -9999 -9999 -9999 -9999 -9999 -9999 -9999 -9999 -9999 -9999 -9999 -9999 -9999 -9999 -9999
-9999 -9999 -9999 116.62 132.58 158.59 162.60 166.99 180.97 173.84 152.59 129.40 227.39 206.84 235.38 219.06 188.75 149.49 145.89 146.65 137.52 124.03 112.03 108.60 107.05 89.49 72.93 81.35 87.17 80.03 79.71 78.65 80.15 74.89 81.78 94.26 84.07 76.07 80.36 80.98 64.81 58.86 46.99 47.06 41.33 46.02 40.40 40.61 46.55 51.22 56.75 -9999 -9999 -9999 -9999 -9999 -9999 -9999 -9999 -9999 -9999 -9999 -9999 -9999 -9999 -9999 -9999 -9999 -9999 -9999 -9999 -9999 -9999 -9999 -9999 -9999
