Rainfall_2007-2011/Rainfall_2008-04_ACTUAL.txt
ncols         180
nrows         290
xllcorner     -200000
yllcorner     -200000
cellsize      5000
NODATA_value  -9999
[rows 102 to 135 of 290, columns 77 to 153 of 180]
-9999 102.24 107.60 138.61 101.45 137.18 129.29 137.21 132.65 188.37 163.63 156.32 119.70 107.82 117.45 78.19 71.37 95.19 130.66 128.90 92.64 82.86 78.61 73.91 67.71 66.69 62.98 55.68 75.25 64.47 64.64 62.10 63.76 59.07 48.80 45.85 -9999 -9999 -9999 -9999 -9999 -9999 -9999 -9999 -9999 -9999 -9999 -9999 -9999 -9999 -9999 -9999 -9999 -9999 -9999 -9999 -9999 -9999 -9999 -9999 -9999 -9999 -9999 -9999 -9999 -9999 -9999 -9999 -9999 -9999 -9999 -9999 -9999 -9999 -9999 -9999 -9999
90.01 88.43 84.64 83.23 81.43 115.96 104.28 118.18 158.36 156.35 164.40 183.63 187.08 125.82 101.90 101.02 114.70 136.03 126.58 96.63 124.03 121.48 86.67 71.78 64.85 65.10 67.49 80.78 66.33 60.95 78.49 66.84 60.13 55.06 -9999 -9999 -9999 -9999 -9999 -9999 -9999 -9999 -9999 -9999 -9999 -9999 -9999 -9999 -9999 -9999 -9999 -9999 -9999 -9999 -9999 -9999 -9999 -9999 -9999 -9999 -9999 -9999 -9999 -9999 -9999 -9999 -9999 -9999 -9999 -9999 -9999 -9999 -9999 -9999 -9999 -9999 -9999
95.35 102.92 114.16 93.21 62.26 81.54 102.27 109.30 127.34 130.36 110.76 121.75 136.43 122.58 132.33 82.92 100.04 101.60 114.29 124.66 102.55 102.59 75.77 70.64 70.33 64.98 71.04 65.40 56.63 63.54 64.82 70.42 60.70 -9999 -9999 -9999 -9999 -9999 -9999 -9999 -9999 -9999 -9999 -9999 -9999 -9999 -9999 -9999 -9999 -9999 -9999 -9999 -9999 -9999 -9999 -9999 -9999 -9999 -9999 -9999 -9999 -9999 -9999 -9999 -9999 -9999 -9999 -9999 -9999 -9999 -9999 -9999 -9999 -9999 -9999 -9999 -9999
102.68 105.05 115.00 94.81 94.31 110.63 124.83 125.00 111.93 116.77 119.26 151.43 113.06 95.74 94.41 100.50 120.75 104.41 75.51 78.21 88.15 76.98 65.73 69.04 67.75 59.57 66.78 63.00 60.70 73.45 63.85 67.94 68.68 -9999 -9999 -9999 -9999 -9999 -9999 -9999 -9999 -9999 -9999 -9999 -9999 -9999 -9999 -9999 -9999 -9999 -9999 -9999 -9999 -9999 -9999 -9999 -9999 -9999 -9999 -9999 -9999 -9999 -9999 -9999 -9999 -9999 -9999 -9999 -9999 -9999 -9999 -9999 -9999 -9999 -9999 -9999 -9999
91.94 111.10 122.30 124.62 153.17 154.89 138.35 124.53 127.85 104.63 142.52 114.00 142.96 103.91 127.63 172.71 134.62 122.42 112.12 110.95 85.80 90.90 74.36 65.31 64.30 67.28 64.49 71.64 67.99 59.33 65.58 60.04 63.48 55.88 -9999 -9999 -9999 -9999 -9999 -9999 -9999 -9999 -9999 -9999 -9999 -9999 -9999 -9999 -9999 -9999 -9999 -9999 -9999 -9999 -9999 -9999 -9999 -9999 -9999 -9999 -9999 -9999 -9999 -9999 -9999 -9999 -9999 -9999 -9999 -9999 -9999 -9999 -9999 -9999 -9999 -9999 -9999
103.04 122.28 110.57 136.02 145.04 128.54 108.31 161.51 199.99 135.45 145.99 144.62 112.76 93.07 131.62 130.76 144.66 164.94 119.94 110.89 101.75 92.22 92.67 98.26 86.81 95.24 94.51 72.44 63.21 60.58 82.85 69.70 74.01 66.18 57.77 -9999 -9999 -9999 -9999 -9999 -9999 -9999 -9999 -9999 -9999 -9999 -9999 -9999 -9999 -9999 -9999 -9999 -9999 -9999 -9999 -9999 -9999 -9999 -9999 -9999 -9999 -9999 -9999 -9999 -9999 -9999 -9999 -9999 -9999 -9999 -9999 -9999 -9999 -9999 -9999 -9999 -9999
114.19 121.17 141.84 140.82 150.96 130.88 135.77 166.69 224.18 149.24 137.29 128.89 110.27 90.38 100.92 84.59 95.35 89.50 96.79 93.21 97.66 117.85 133.08 110.93 100.33 91.72 84.98 90.95 68.10 77.71 71.29 78.98 79.08 71.40 55.53 45.24 -9999 -9999 -9999 -9999 -9999 -9999 -9999 -9999 -9999 -9999 -9999 -9999 -9999 -9999 -9999 -9999 -9999 -9999 -9999 -9999 -9999 -9999 -9999 -9999 -9999 -9999 -9999 -9999 -9999 -9999 -9999 -9999 -9999 -9999 -9999 -9999 -9999 -9999 -9999 -9999 -9999
109.46 138.90 162.59 117.26 122.07 136.43 156.91 144.52 125.39 124.19 173.70 115.67 111.83 105.34 105.98 86.46 84.86 69.57 70.31 89.07 128.81 150.88 119.20 104.27 79.74 85.25 75.28 83.96 74.61 75.48 64.94 59.94 64.12 59.97 51.17 -9999 -9999 -9999 -9999 -9999 -9999 -9999 -9999 -9999 -9999 -9999 -9999 -9999 -9999 -9999 -9999 -9999 -9999 -9999 -9999 -9999 -9999 -9999 -9999 -9999 -9999 -9999 -9999 -9999 -9999 -9999 -9999 -9999 -9999 -9999 -9999 -9999 -9999 -9999 -9999 -9999 -9999
108.31 118.43 114.62 128.86 158.87 123.97 141.43 136.04 131.41 126.64 107.25 147.52 135.75 92.88 85.04 70.28 61.21 73.16 64.78 78.70 61.33 51.99 67.67 75.90 81.46 77.67 72.18 71.79 66.46 66.67 59.02 -9999 -9999 -9999 -9999 -9999 -9999 -9999 -9999 -9999 -9999 -9999 -9999 -9999 -9999 -9999 -9999 -9999 -9999 -9999 -9999 -9999 -9999 -9999 -9999 -9999 -9999 -9999 -9999 -9999 -9999 -9999 -9999 -9999 -9999 -9999 -9999 -9999 -9999 -9999 -9999 -9999 -9999 -9999 -9999 -9999 -9999
119.01 114.00 112.75 156.06 148.18 157.81 151.54 102.39 102.30 121.36 93.73 102.61 122.69 102.39 99.76 87.44 87.63 95.38 62.87 59.21 54.02 54.08 60.65 69.16 80.83 77.09 78.69 77.41 67.59 -9999 -9999 -9999 -9999 -9999 -9999 -9999 -9999 -9999 -9999 -9999 -9999 -9999 -9999 -9999 -9999 -9999 -9999 -9999 -9999 -9999 -9999 -9999 -9999 -9999 -9999 -9999 -9999 -9999 -9999 -9999 -9999 -9999 -9999 -9999 -9999 -9999 -9999 -9999 -9999 -9999 -9999 -9999 -9999 -9999 -9999 -9999 -9999
122.45 107.60 142.51 139.04 155.64 161.45 140.75 104.63 114.83 111.32 86.90 80.37 78.77 93.71 107.10 98.55 103.08 91.83 77.24 58.65 53.70 46.66 54.66 57.16 64.61 68.70 76.81 74.58 59.53 -9999 -9999 -9999 -9999 -9999 -9999 -9999 -9999 -9999 -9999 -9999 -9999 -9999 -9999 -9999 -9999 -9999 -9999 -9999 -9999 -9999 -9999 -9999 -9999 -9999 -9999 -9999 -9999 -9999 -9999 -9999 -9999 -9999 -9999 -9999 -9999 -9999 -9999 -9999 -9999 -9999 -9999 -9999 -9999 -9999 -9999 -9999 -9999
-9999 108.53 133.31 137.01 149.10 143.04 131.01 96.69 76.30 81.54 82.15 81.68 81.02 70.78 122.54 129.69 120.65 111.74 79.33 53.38 52.58 47.26 47.81 50.50 56.53 62.06 51.91 -9999 -9999 -9999 -9999 -9999 78.46 72.27 74.89 72.45 -9999 -9999 -9999 -9999 -9999 -9999 -9999 -9999 -9999 -9999 -9999 -9999 -9999 -9999 -9999 -9999 -9999 -9999 -9999 -9999 -9999 -9999 -9999 -9999 -9999 -9999 -9999 -9999 -9999 -9999 -9999 -9999 -9999 -9999 -9999 -9999 -9999 -9999 -9999 -9999 -9999
-9999 92.09 117.05 117.54 109.97 149.18 105.94 119.44 74.18 76.69 74.67 72.18 85.23 78.42 85.47 93.91 82.76 77.28 74.91 65.13 66.49 58.87 52.71 56.13 60.35 56.33 52.83 48.49 47.16 -9999 -9999 56.50 72.19 82.47 71.73 66.22 55.55 44.43 -9999 -9999 -9999 -9999 -9999 -9999 -9999 -9999 -9999 -9999 -9999 -9999 -9999 -9999 -9999 -9999 -9999 -9999 -9999 -9999 -9999 -9999 -9999 -9999 -9999 -9999 -9999 -9999 -9999 -9999 -9999 -9999 -9999 -9999 -9999 -9999 -9999 -9999 -9999
78.76 81.80 70.56 93.68 110.69 117.27 94.80 91.14 91.37 84.43 71.82 59.34 59.21 67.32 70.22 70.50 72.34 73.88 73.71 72.57 74.22 61.12 69.10 68.80 58.68 53.12 53.55 51.68 56.49 50.12 54.24 65.54 79.06 76.91 85.69 97.15 87.14 67.42 57.31 -9999 -9999 -9999 -9999 -9999 -9999 -9999 -9999 -9999 -9999 -9999 -9999 -9999 -9999 -9999 -9999 -9999 -9999 -9999 -9999 -9999 -9999 -9999 -9999 -9999 -9999 -9999 -9999 -9999 -9999 -9999 -9999 -9999 -9999 -9999 -9999 -9999 -9999
86.45 71.29 82.65 90.55 90.78 96.19 -9999 107.36 122.60 104.07 72.59 59.83 50.73 53.48 56.86 63.39 59.09 63.03 71.67 69.66 71.77 60.56 74.80 69.57 58.35 61.30 60.53 70.44 59.67 69.08 65.87 72.68 81.48 77.91 100.19 106.46 116.59 118.11 96.67 95.43 102.79 66.95 -9999 -9999 -9999 -9999 -9999 -9999 -9999 -9999 -9999 -9999 -9999 -9999 -9999 -9999 -9999 -9999 -9999 -9999 -9999 -9999 -9999 -9999 -9999 -9999 -9999 -9999 -9999 -9999 -9999 -9999 -9999 -9999 -9999 -9999 -9999
95.18 71.26 -9999 75.16 80.80 86.80 -9999 103.00 129.90 102.71 82.42 65.90 56.95 53.35 53.79 62.06 57.85 57.54 62.87 67.30 72.85 78.58 68.62 79.99 79.24 79.80 87.94 78.19 66.17 53.53 72.56 73.95 88.37 118.44 134.74 130.92 138.40 143.31 134.43 139.07 90.39 76.85 -9999 -9999 -9999 -9999 -9999 -9999 -9999 -9999 -9999 -9999 -9999 -9999 -9999 -9999 -9999 -9999 -9999 -9999 -9999 -9999 -9999 -9999 -9999 -9999 -9999 -9999 -9999 -9999 -9999 -9999 -9999 -9999 -9999 -9999 -9999
79.88 66.53 -9999 -9999 71.35 62.90 66.19 83.74 82.70 82.22 77.52 84.64 71.07 65.23 58.58 65.62 62.49 56.80 62.66 64.34 73.10 81.61 88.70 82.66 88.46 94.40 84.26 73.19 83.12 79.94 85.14 91.01 101.82 106.22 115.42 126.11 125.74 132.53 100.60 90.49 95.02 87.11 80.84 -9999 -9999 -9999 -9999 -9999 -9999 -9999 -9999 -9999 -9999 -9999 -9999 -9999 -9999 -9999 -9999 -9999 -9999 -9999 -9999 -9999 -9999 -9999 -9999 -9999 -9999 -9999 -9999 -9999 -9999 -9999 -9999 -9999 -9999
-9999 -9999 -9999 -9999 -9999 57.26 54.62 72.76 71.59 70.10 73.71 82.83 82.75 78.59 75.77 73.01 71.10 61.66 49.38 60.90 67.13 74.65 79.95 82.26 89.60 84.07 79.38 76.61 86.95 108.78 103.74 91.35 95.85 83.30 71.83 92.29 114.91 125.47 105.63 86.13 86.61 87.26 71.95 -9999 -9999 -9999 -9999 -9999 -9999 -9999 -9999 -9999 -9999 -9999 -9999 -9999 -9999 -9999 -9999 -9999 -9999 -9999 -9999 -9999 -9999 -9999 -9999 -9999 -9999 -9999 -9999 -9999 -9999 -9999 -9999 -9999 -9999
70.19 76.12 79.55 -9999 -9999 -9999 54.23 65.70 68.05 69.86 70.01 70.05 81.43 77.89 85.89 91.64 77.99 67.93 57.62 57.95 63.15 65.73 61.55 74.02 73.18 73.94 95.88 94.77 108.03 123.95 115.20 98.92 100.06 62.83 78.15 74.68 96.33 138.86 117.43 92.82 89.52 85.79 80.56 78.98 -9999 -9999 -9999 -9999 -9999 -9999 -9999 -9999 -9999 -9999 -9999 -9999 -9999 -9999 -9999 -9999 -9999 -9999 -9999 -9999 -9999 -9999 -9999 -9999 -9999 -9999 -9999 -9999 -9999 -9999 -9999 -9999 -9999
83.82 90.68 114.58 98.43 -9999 -9999 -9999 54.56 60.76 62.82 65.41 65.33 67.85 74.50 74.19 75.84 69.61 65.04 55.82 60.83 55.60 63.46 63.07 79.73 79.01 99.06 78.49 90.08 88.49 90.87 105.19 94.49 88.79 83.75 74.61 58.24 71.23 111.01 103.68 89.46 85.88 93.22 85.44 71.98 72.91 -9999 -9999 -9999 -9999 -9999 -9999 -9999 -9999 -9999 -9999 -9999 -9999 -9999 -9999 -9999 -9999 -9999 -9999 -9999 -9999 -9999 -9999 -9999 -9999 -9999 -9999 -9999 -9999 -9999 -9999 -9999 -9999
63.44 85.81 117.49 98.05 -9999 -9999 -9999 -9999 -9999 59.87 61.36 57.08 62.00 65.28 69.16 68.38 81.84 82.76 72.98 66.43 66.64 71.71 66.11 69.70 71.12 101.02 86.57 85.92 92.97 86.10 73.81 69.61 63.93 80.80 81.18 79.33 83.89 80.90 95.23 86.53 81.93 85.66 106.37 92.14 78.39 73.12 -9999 -9999 -9999 -9999 -9999 -9999 -9999 -9999 -9999 -9999 -9999 -9999 -9999 -9999 -9999 -9999 -9999 -9999 -9999 -9999 -9999 -9999 -9999 -9999 -9999 -9999 -9999 -9999 -9999 -9999 -9999
64.62 70.75 110.76 91.21 -9999 -9999 -9999 -9999 -9999 55.47 67.10 74.03 64.92 73.31 84.83 81.62 87.04 91.54 88.87 74.59 82.30 76.31 72.11 84.81 105.77 92.74 143.95 99.93 113.03 83.68 98.43 95.75 77.24 83.47 88.37 84.11 80.23 81.90 100.20 123.17 102.48 97.35 98.72 100.43 100.09 84.68 83.34 71.89 -9999 -9999 -9999 -9999 -9999 -9999 -9999 -9999 -9999 -9999 -9999 -9999 -9999 -9999 -9999 -9999 -9999 -9999 -9999 -9999 -9999 -9999 -9999 -9999 -9999 -9999 -9999 -9999 -9999
-9999 74.61 86.48 77.28 -9999 -9999 -9999 -9999 -9999 61.17 68.46 68.17 57.27 63.60 66.16 70.24 78.86 85.07 88.23 78.22 74.53 78.65 92.34 123.61 109.69 96.00 141.82 127.01 87.37 84.90 78.87 63.03 76.21 83.55 83.99 92.38 98.05 90.30 97.78 103.85 125.62 131.85 97.06 96.93 101.68 100.20 90.14 78.87 -9999 -9999 -9999 -9999 -9999 -9999 -9999 -9999 -9999 -9999 -9999 -9999 -9999 -9999 -9999 -9999 -9999 -9999 -9999 -9999 -9999 -9999 -9999 -9999 -9999 -9999 -9999 -9999 -9999
-9999 56.90 63.73 64.65 -9999 -9999 -9999 -9999 -9999 56.26 62.32 65.28 62.49 63.48 67.54 75.74 91.52 98.13 81.71 82.21 81.49 68.66 71.43 90.27 75.41 96.65 104.61 97.01 99.53 92.25 73.62 83.86 76.14 88.89 92.84 85.14 97.60 109.05 121.00 126.75 159.28 164.81 122.41 95.44 102.83 101.59 107.47 92.16 -9999 -9999 -9999 -9999 -9999 -9999 -9999 -9999 -9999 -9999 -9999 -9999 -9999 -9999 -9999 -9999 -9999 -9999 -9999 -9999 -9999 -9999 -9999 -9999 -9999 -9999 -9999 -9999 -9999
-9999 -9999 -9999 -9999 -9999 -9999 -9999 -9999 61.83 60.27 69.65 69.40 69.35 68.79 66.67 74.39 76.64 88.50 81.26 80.47 91.88 83.00 85.70 90.09 98.59 109.21 107.70 104.29 87.53 92.55 88.07 81.32 101.57 88.79 87.24 100.32 88.21 105.22 120.70 158.58 149.37 165.29 141.55 103.06 101.75 93.82 97.50 111.96 -9999 -9999 -9999 -9999 -9999 -9999 -9999 -9999 -9999 -9999 -9999 -9999 -9999 -9999 -9999 -9999 -9999 -9999 -9999 -9999 -9999 -9999 -9999 -9999 -9999 -9999 -9999 -9999 -9999
-9999 -9999 -9999 -9999 -9999 -9999 -9999 -9999 73.98 61.61 72.14 74.90 81.40 81.19 85.22 87.61 74.50 63.01 70.76 91.96 100.34 93.09 81.56 78.33 70.26 105.51 82.58 79.75 74.16 82.49 80.72 72.91 81.77 106.44 108.31 100.50 89.33 98.22 126.46 126.83 129.21 146.67 136.87 103.55 93.21 94.51 115.22 106.36 -9999 -9999 -9999 -9999 -9999 -9999 -9999 -9999 -9999 -9999 -9999 -9999 -9999 -9999 -9999 -9999 -9999 -9999 -9999 -9999 -9999 -9999 -9999 -9999 -9999 -9999 -9999 -9999 -9999
-9999 -9999 -9999 -9999 -9999 -9999 -9999 62.29 73.54 60.66 69.39 73.66 69.50 88.90 109.27 105.57 86.31 80.20 62.93 64.52 82.84 91.97 79.74 77.19 62.79 82.30 97.71 81.13 87.29 83.66 88.23 74.07 80.78 101.26 105.84 108.59 125.51 131.11 147.79 135.53 106.94 96.72 113.10 105.56 122.02 119.89 99.03 95.97 -9999 -9999 -9999 -9999 -9999 -9999 -9999 -9999 -9999 -9999 -9999 -9999 -9999 -9999 -9999 -9999 -9999 -9999 -9999 -9999 -9999 -9999 -9999 -9999 -9999 -9999 -9999 -9999 -9999
-9999 -9999 -9999 -9999 -9999 -9999 -9999 66.42 70.14 75.20 66.42 75.80 71.63 95.80 101.25 123.99 102.18 84.23 72.23 75.38 72.75 111.04 102.06 74.40 62.77 77.28 90.28 79.05 79.79 94.13 84.99 92.29 99.46 101.79 129.77 136.61 151.31 108.65 123.94 121.25 112.34 114.91 100.71 98.20 113.57 100.67 92.18 89.44 106.21 -9999 -9999 -9999 -9999 -9999 -9999 -9999 -9999 -9999 -9999 -9999 -9999 -9999 -9999 -9999 -9999 -9999 -9999 -9999 -9999 -9999 -9999 -9999 -9999 -9999 -9999 -9999 -9999
-9999 -9999 -9999 -9999 -9999 -9999 55.86 74.51 79.87 79.44 79.34 74.29 82.03 87.57 104.91 105.64 99.04 84.62 78.75 66.96 58.01 73.98 82.02 67.37 59.56 62.33 79.65 81.05 80.79 87.73 102.44 80.46 85.28 92.88 109.61 158.24 141.00 142.65 136.13 95.93 108.16 115.02 115.74 134.39 116.48 107.12 105.19 105.63 98.68 -9999 -9999 -9999 -9999 -9999 -9999 -9999 -9999 -9999 -9999 -9999 -9999 -9999 -9999 -9999 -9999 -9999 -9999 -9999 -9999 -9999 -9999 -9999 -9999 -9999 -9999 -9999 -9999
-9999 -9999 -9999 -9999 -9999 -9999 70.73 77.89 81.01 92.41 88.81 88.22 81.24 105.12 81.72 94.57 85.00 79.07 75.02 63.80 57.90 69.74 73.57 59.34 48.76 56.10 65.57 71.95 79.25 98.83 74.15 94.42 93.47 87.85 140.41 119.02 129.67 127.84 110.15 107.80 100.29 98.12 109.51 131.65 120.13 122.83 121.35 118.48 102.15 -9999 -9999 -9999 -9999 -9999 -9999 -9999 -9999 -9999 -9999 -9999 -9999 -9999 -9999 -9999 -9999 -9999 -9999 -9999 -9999 -9999 -9999 -9999 -9999 -9999 -9999 -9999 -9999
-9999 -9999 -9999 -9999 -9999 59.18 63.40 71.05 85.13 79.99 83.36 110.35 99.99 106.22 83.52 90.06 81.21 72.12 74.97 71.48 61.01 70.49 69.11 49.67 40.08 50.77 63.90 70.05 88.88 79.54 66.75 95.04 92.19 89.18 127.40 110.34 118.92 101.25 102.61 110.55 113.25 111.80 107.98 109.16 107.69 116.99 122.02 119.46 88.72 -9999 -9999 -9999 -9999 -9999 -9999 -9999 -9999 -9999 -9999 -9999 -9999 -9999 -9999 -9999 -9999 -9999 -9999 -9999 -9999 -9999 -9999 -9999 -9999 -9999 -9999 -9999 -9999
-9999 -9999 -9999 -9999 52.30 60.96 68.26 60.82 69.00 69.15 74.95 95.07 97.70 117.65 85.78 72.70 68.34 80.64 78.55 76.51 73.03 63.39 53.19 52.97 45.56 42.73 58.37 67.26 70.12 67.54 64.96 77.51 73.18 87.81 116.41 117.08 127.46 108.72 99.60 93.57 92.45 101.38 104.74 109.78 104.78 106.77 125.08 114.88 97.93 83.87 -9999 -9999 -9999 -9999 -9999 -9999 -9999 -9999 -9999 -9999 -9999 -9999 -9999 -9999 -9999 -9999 -9999 -9999 -9999 -9999 -9999 -9999 -9999 -9999 -9999 -9999 -9999
-9999 -9999 -9999 -9999 70.29 85.22 75.71 68.83 71.38 76.09 79.92 111.99 106.47 101.10 104.16 78.06 75.87 84.26 79.68 96.65 72.39 57.68 45.65 44.70 50.08 42.37 56.33 59.53 57.71 53.44 71.12 65.66 63.54 78.99 96.75 110.99 116.76 116.58 94.41 87.63 82.59 94.63 91.62 106.27 104.94 96.29 97.25 106.69 109.05 83.36 -9999 -9999 -9999 -9999 -9999 -9999 -9999 -9999 -9999 -9999 -9999 -9999 -9999 -9999 -9999 -9999 -9999 -9999 -9999 -9999 -9999 -9999 -9999 -9999 -9999 -9999 -9999
-9999 -9999 54.79 61.32 74.45 75.29 74.93 76.48 74.26 78.58 82.99 102.57 92.61 114.21 99.51 90.84 73.57 76.55 81.86 75.92 67.90 53.79 39.80 44.96 44.70 36.29 42.45 53.00 55.68 52.82 58.41 60.89 53.61 68.37 104.67 107.67 98.97 97.92 99.12 90.79 85.57 96.49 85.23 91.56 111.26 102.16 83.49 93.74 91.53 80.75 -9999 -9999 -9999 -9999 -9999 -9999 -9999 -9999 -9999 -9999 -9999 -9999 -9999 -9999 -9999 -9999 -9999 -9999 -9999 -9999 -9999 -9999 -9999 -9999 -9999 -9999 -9999
