Rainfall_2007-2011/Rainfall_2011-10_ACTUAL.txt
ncols         180
nrows         290
xllcorner     -200000
yllcorner     -200000
cellsize      5000
NODATA_value  -9999
[rows 102 to 135 of 290, columns 75 to 149 of 180]
-9999 312.75 -9999 342.59 368.99 472.07 439.58 528.13 478.55 484.51 463.41 522.33 429.29 482.17 352.06 279.56 295.90 250.25 177.44 192.39 215.77 211.03 153.20 120.42 109.47 90.85 72.16 76.87 71.27 70.13 95.36 77.09 79.60 82.54 79.15 71.27 64.28 56.18 -9999 -9999 -9999 -9999 -9999 -9999 -9999 -9999 -9999 -9999 -9999 -9999 -9999 -9999 -9999 -9999 -9999 -9999 -9999 -9999 -9999 -9999 -9999 -9999 -9999 -9999 -9999 -9999 -9999 -9999 -9999 -9999 -9999 -9999 -9999 -9999 -9999
-9999 -9999 305.79 311.86 323.25 281.68 504.24 548.78 410.72 436.83 508.08 455.83 529.88 552.02 373.46 289.88 209.79 267.94 237.71 256.75 213.76 186.21 192.07 166.55 117.72 85.87 69.07 74.95 77.06 91.84 82.66 74.59 81.00 70.85 67.07 63.20 -9999 -9999 -9999 -9999 -9999 -9999 -9999 -9999 -9999 -9999 -9999 -9999 -9999 -9999 -9999 -9999 -9999 -9999 -9999 -9999 -9999 -9999 -9999 -9999 -9999 -9999 -9999 -9999 -9999 -9999 -9999 -9999 -9999 -9999 -9999 -9999 -9999 -9999 -9999
-9999 361.44 375.87 443.40 471.64 391.23 433.34 430.80 377.87 405.89 447.65 436.84 389.21 364.11 326.48 301.68 288.69 214.15 234.74 203.72 188.09 184.93 147.34 140.72 110.03 90.74 82.68 73.62 73.48 71.32 67.71 71.34 68.41 69.21 54.92 -9999 -9999 -9999 -9999 -9999 -9999 -9999 -9999 -9999 -9999 -9999 -9999 -9999 -9999 -9999 -9999 -9999 -9999 -9999 -9999 -9999 -9999 -9999 -9999 -9999 -9999 -9999 -9999 -9999 -9999 -9999 -9999 -9999 -9999 -9999 -9999 -9999 -9999 -9999 -9999
-9999 404.44 487.89 517.47 490.70 390.89 436.74 498.88 537.84 501.18 456.36 452.78 422.98 434.87 361.80 288.55 235.85 216.77 238.29 193.07 138.85 114.91 116.86 111.93 93.95 83.73 77.69 64.26 71.25 65.63 69.87 81.94 65.82 63.19 65.16 -9999 -9999 -9999 -9999 -9999 -9999 -9999 -9999 -9999 -9999 -9999 -9999 -9999 -9999 -9999 -9999 -9999 -9999 -9999 -9999 -9999 -9999 -9999 -9999 -9999 -9999 -9999 -9999 -9999 -9999 -9999 -9999 -9999 -9999 -9999 -9999 -9999 -9999 -9999 -9999
342.31 499.54 520.59 502.08 476.01 468.48 541.41 526.88 520.40 426.69 495.06 450.25 454.99 367.44 389.51 271.54 278.62 287.55 223.25 201.99 179.23 165.55 126.43 116.27 93.78 71.98 64.32 75.22 75.01 85.30 78.52 74.36 72.62 59.43 66.05 61.58 -9999 -9999 -9999 -9999 -9999 -9999 -9999 -9999 -9999 -9999 -9999 -9999 -9999 -9999 -9999 -9999 -9999 -9999 -9999 -9999 -9999 -9999 -9999 -9999 -9999 -9999 -9999 -9999 -9999 -9999 -9999 -9999 -9999 -9999 -9999 -9999 -9999 -9999 -9999
372.05 407.73 484.26 520.13 432.16 486.08 452.26 426.05 457.37 525.19 537.73 417.74 450.83 415.36 330.34 269.96 292.12 263.55 244.39 253.95 188.77 176.45 147.37 118.42 117.94 112.05 102.49 111.42 109.23 86.41 80.70 82.74 97.71 78.60 79.28 74.80 66.03 -9999 -9999 -9999 -9999 -9999 -9999 -9999 -9999 -9999 -9999 -9999 -9999 -9999 -9999 -9999 -9999 -9999 -9999 -9999 -9999 -9999 -9999 -9999 -9999 -9999 -9999 -9999 -9999 -9999 -9999 -9999 -9999 -9999 -9999 -9999 -9999 -9999 -9999
378.50 413.75 479.86 476.91 485.61 479.98 461.03 435.96 483.06 506.88 630.80 423.03 437.90 402.09 320.07 257.46 271.27 209.08 193.61 161.37 147.91 149.63 150.63 165.36 179.29 151.31 136.88 118.65 109.87 114.72 96.69 95.72 79.96 89.43 88.09 82.66 70.75 54.82 -9999 -9999 -9999 -9999 -9999 -9999 -9999 -9999 -9999 -9999 -9999 -9999 -9999 -9999 -9999 -9999 -9999 -9999 -9999 -9999 -9999 -9999 -9999 -9999 -9999 -9999 -9999 -9999 -9999 -9999 -9999 -9999 -9999 -9999 -9999 -9999 -9999
329.90 366.69 398.94 458.94 486.70 442.26 422.77 457.32 537.19 471.02 408.12 393.58 546.57 373.07 296.78 268.73 258.65 200.69 171.77 140.28 138.79 145.85 216.03 222.30 186.37 150.51 126.72 120.71 104.39 107.46 96.66 86.60 72.43 64.88 72.95 71.05 65.46 -9999 -9999 -9999 -9999 -9999 -9999 -9999 -9999 -9999 -9999 -9999 -9999 -9999 -9999 -9999 -9999 -9999 -9999 -9999 -9999 -9999 -9999 -9999 -9999 -9999 -9999 -9999 -9999 -9999 -9999 -9999 -9999 -9999 -9999 -9999 -9999 -9999 -9999
296.28 276.22 356.38 403.02 383.57 431.19 491.07 418.66 473.82 454.17 420.89 410.87 350.66 380.00 309.45 261.80 200.51 169.37 143.30 156.86 127.39 143.78 129.33 127.45 130.62 139.13 136.22 112.81 97.36 97.98 86.26 81.80 68.79 -9999 -9999 -9999 -9999 -9999 -9999 -9999 -9999 -9999 -9999 -9999 -9999 -9999 -9999 -9999 -9999 -9999 -9999 -9999 -9999 -9999 -9999 -9999 -9999 -9999 -9999 -9999 -9999 -9999 -9999 -9999 -9999 -9999 -9999 -9999 -9999 -9999 -9999 -9999 -9999 -9999 -9999
356.63 329.18 387.20 417.58 370.05 466.75 435.83 440.48 434.04 310.86 363.78 369.82 302.99 279.89 286.00 209.11 201.41 223.01 180.29 194.43 129.21 125.27 111.47 116.06 111.66 112.17 130.06 115.39 111.98 107.54 93.03 -9999 -9999 -9999 -9999 -9999 -9999 -9999 -9999 -9999 -9999 -9999 -9999 -9999 -9999 -9999 -9999 -9999 -9999 -9999 -9999 -9999 -9999 -9999 -9999 -9999 -9999 -9999 -9999 -9999 -9999 -9999 -9999 -9999 -9999 -9999 -9999 -9999 -9999 -9999 -9999 -9999 -9999 -9999 -9999
335.06 385.70 352.38 371.60 443.70 434.55 452.79 419.52 372.79 312.63 329.93 318.76 243.85 236.49 211.18 180.08 189.51 219.49 213.45 184.45 159.37 135.99 120.08 92.01 100.09 97.82 114.11 106.06 106.95 106.01 87.60 -9999 -9999 -9999 -9999 -9999 -9999 -9999 -9999 -9999 -9999 -9999 -9999 -9999 -9999 -9999 -9999 -9999 -9999 -9999 -9999 -9999 -9999 -9999 -9999 -9999 -9999 -9999 -9999 -9999 -9999 -9999 -9999 -9999 -9999 -9999 -9999 -9999 -9999 -9999 -9999 -9999 -9999 -9999 -9999
391.10 372.17 -9999 366.74 431.13 439.51 442.35 400.28 358.50 296.46 237.91 249.41 252.13 246.26 233.80 200.01 278.27 278.36 255.20 241.29 176.91 131.20 105.97 96.60 88.75 91.06 96.63 88.24 77.67 -9999 -9999 -9999 -9999 -9999 89.65 89.25 78.68 84.78 -9999 -9999 -9999 -9999 -9999 -9999 -9999 -9999 -9999 -9999 -9999 -9999 -9999 -9999 -9999 -9999 -9999 -9999 -9999 -9999 -9999 -9999 -9999 -9999 -9999 -9999 -9999 -9999 -9999 -9999 -9999 -9999 -9999 -9999 -9999 -9999 -9999
306.12 417.63 -9999 344.27 402.36 393.32 358.66 422.25 325.79 307.97 246.86 267.45 251.30 219.27 236.63 214.04 217.07 196.88 191.20 184.66 163.44 143.15 127.43 114.32 99.50 101.53 107.49 98.03 83.56 83.04 80.05 -9999 -9999 76.13 83.56 83.74 71.98 68.21 69.35 67.73 -9999 -9999 -9999 -9999 -9999 -9999 -9999 -9999 -9999 -9999 -9999 -9999 -9999 -9999 -9999 -9999 -9999 -9999 -9999 -9999 -9999 -9999 -9999 -9999 -9999 -9999 -9999 -9999 -9999 -9999 -9999 -9999 -9999 -9999 -9999
298.23 367.53 308.64 313.89 274.17 337.67 351.13 357.99 311.17 284.17 293.33 288.49 248.10 193.04 175.27 186.22 183.43 176.59 173.85 172.22 159.61 139.70 135.08 124.00 129.76 136.09 111.51 101.03 100.42 85.55 103.05 94.99 87.27 87.01 76.88 71.30 81.16 82.30 83.70 88.55 46.21 -9999 -9999 -9999 -9999 -9999 -9999 -9999 -9999 -9999 -9999 -9999 -9999 -9999 -9999 -9999 -9999 -9999 -9999 -9999 -9999 -9999 -9999 -9999 -9999 -9999 -9999 -9999 -9999 -9999 -9999 -9999 -9999 -9999 -9999
338.00 302.34 318.46 288.39 314.80 316.56 304.54 325.12 -9999 317.12 362.56 318.79 259.88 196.24 164.80 164.65 150.92 159.72 148.51 138.39 148.03 135.75 140.91 126.73 130.49 117.51 122.78 116.85 108.86 105.87 90.61 103.19 98.56 86.07 82.27 76.63 96.85 96.15 88.54 80.49 64.43 62.54 71.36 45.61 -9999 -9999 -9999 -9999 -9999 -9999 -9999 -9999 -9999 -9999 -9999 -9999 -9999 -9999 -9999 -9999 -9999 -9999 -9999 -9999 -9999 -9999 -9999 -9999 -9999 -9999 -9999 -9999 -9999 -9999 -9999
265.21 280.86 344.94 281.20 -9999 271.69 274.14 299.34 -9999 290.63 399.28 343.59 279.35 219.12 199.61 176.74 162.05 140.43 130.05 125.98 138.03 143.27 150.00 154.72 118.55 144.31 132.26 118.55 137.83 127.06 98.19 73.31 99.57 93.51 100.96 121.28 123.11 99.19 83.58 71.20 67.03 81.29 85.91 59.62 -9999 -9999 -9999 -9999 -9999 -9999 -9999 -9999 -9999 -9999 -9999 -9999 -9999 -9999 -9999 -9999 -9999 -9999 -9999 -9999 -9999 -9999 -9999 -9999 -9999 -9999 -9999 -9999 -9999 -9999 -9999
233.43 290.79 309.17 258.63 -9999 -9999 253.46 229.60 235.95 285.43 320.62 303.19 261.31 259.51 239.07 215.39 176.68 167.28 144.62 123.20 137.53 145.20 157.05 167.65 178.12 168.88 166.47 152.60 133.78 112.68 103.66 88.82 115.97 122.28 133.52 119.57 118.95 97.45 72.94 73.45 56.87 60.59 60.10 57.53 54.52 -9999 -9999 -9999 -9999 -9999 -9999 -9999 -9999 -9999 -9999 -9999 -9999 -9999 -9999 -9999 -9999 -9999 -9999 -9999 -9999 -9999 -9999 -9999 -9999 -9999 -9999 -9999 -9999 -9999 -9999
221.21 289.32 -9999 -9999 -9999 -9999 -9999 211.48 187.80 248.12 289.86 273.41 249.43 254.28 255.43 245.66 209.95 178.69 162.67 136.20 119.56 140.05 148.17 163.07 167.63 161.40 153.73 132.61 128.02 117.45 101.51 116.94 127.28 117.43 121.73 94.24 84.89 91.52 73.02 74.00 59.10 42.59 53.24 60.68 50.94 -9999 -9999 -9999 -9999 -9999 -9999 -9999 -9999 -9999 -9999 -9999 -9999 -9999 -9999 -9999 -9999 -9999 -9999 -9999 -9999 -9999 -9999 -9999 -9999 -9999 -9999 -9999 -9999 -9999 -9999
247.66 298.36 324.15 339.05 326.80 -9999 -9999 -9999 191.46 227.05 259.84 255.70 230.56 211.17 264.18 260.22 249.84 222.07 187.41 175.96 147.78 125.04 151.24 149.53 127.16 144.17 126.22 120.26 155.23 130.78 145.41 159.21 150.57 131.18 124.98 84.20 82.26 81.02 74.75 71.88 58.90 49.10 49.20 53.31 45.57 54.54 -9999 -9999 -9999 -9999 -9999 -9999 -9999 -9999 -9999 -9999 -9999 -9999 -9999 -9999 -9999 -9999 -9999 -9999 -9999 -9999 -9999 -9999 -9999 -9999 -9999 -9999 -9999 -9999 -9999
312.33 323.63 331.65 344.52 430.00 389.61 -9999 -9999 -9999 202.31 220.62 228.05 236.70 249.82 248.17 260.73 251.32 249.07 201.69 177.49 152.70 160.21 136.59 140.32 145.60 159.15 146.22 166.76 144.04 160.41 134.37 133.51 149.31 138.50 117.61 101.12 91.03 73.95 58.95 63.36 52.31 45.97 46.14 53.97 54.94 56.00 62.23 -9999 -9999 -9999 -9999 -9999 -9999 -9999 -9999 -9999 -9999 -9999 -9999 -9999 -9999 -9999 -9999 -9999 -9999 -9999 -9999 -9999 -9999 -9999 -9999 -9999 -9999 -9999 -9999
367.75 315.40 256.59 305.14 431.23 370.90 -9999 -9999 -9999 -9999 -9999 215.50 221.93 232.08 235.99 243.86 245.90 230.33 256.29 236.21 199.11 167.44 149.18 146.46 145.16 140.52 130.43 172.90 178.38 146.33 151.55 131.88 105.24 106.83 87.95 102.45 86.89 78.54 65.92 55.12 47.99 39.68 44.14 45.23 61.18 64.44 61.83 41.78 -9999 -9999 -9999 -9999 -9999 -9999 -9999 -9999 -9999 -9999 -9999 -9999 -9999 -9999 -9999 -9999 -9999 -9999 -9999 -9999 -9999 -9999 -9999 -9999 -9999 -9999 -9999
319.05 -9999 238.59 243.18 386.42 342.77 -9999 -9999 -9999 -9999 -9999 199.37 221.81 246.20 222.42 259.24 290.69 271.83 271.34 241.52 220.80 183.96 184.86 168.52 162.07 174.49 200.88 173.75 271.72 167.60 187.00 131.36 155.61 144.20 103.39 95.97 85.85 73.45 61.97 62.14 52.35 40.02 35.74 46.11 48.87 50.42 54.44 44.28 45.90 43.29 -9999 -9999 -9999 -9999 -9999 -9999 -9999 -9999 -9999 -9999 -9999 -9999 -9999 -9999 -9999 -9999 -9999 -9999 -9999 -9999 -9999 -9999 -9999 -9999 -9999
279.05 -9999 -9999 269.82 320.41 293.86 -9999 -9999 -9999 -9999 -9999 206.45 212.43 229.97 214.41 223.03 230.18 238.79 247.97 229.71 243.34 209.44 190.35 199.82 209.87 250.42 234.92 206.87 273.24 235.93 166.97 157.65 146.38 112.81 108.74 99.46 83.38 74.81 71.48 63.10 51.58 49.00 60.13 62.98 51.76 47.47 43.69 51.21 46.51 42.22 -9999 -9999 -9999 -9999 -9999 -9999 -9999 -9999 -9999 -9999 -9999 -9999 -9999 -9999 -9999 -9999 -9999 -9999 -9999 -9999 -9999 -9999 -9999 -9999 -9999
-9999 -9999 -9999 240.03 265.44 255.65 -9999 -9999 -9999 -9999 -9999 206.97 212.55 219.62 215.55 211.64 218.76 247.91 282.00 288.80 257.61 236.44 207.94 200.42 191.22 219.54 220.70 253.19 249.87 215.96 201.09 184.23 140.68 140.83 105.14 100.23 95.06 68.01 69.84 72.91 70.12 59.73 73.85 73.25 62.54 45.17 48.56 54.93 48.54 44.78 -9999 -9999 -9999 -9999 -9999 -9999 -9999 -9999 -9999 -9999 -9999 -9999 -9999 -9999 -9999 -9999 -9999 -9999 -9999 -9999 -9999 -9999 -9999 -9999 -9999
256.39 -9999 -9999 -9999 -9999 -9999 -9999 -9999 -9999 -9999 247.56 241.87 252.59 247.35 228.28 224.71 218.44 243.45 248.07 286.09 268.15 245.70 275.62 252.65 246.90 259.10 278.09 287.75 292.67 299.32 242.28 191.67 162.77 129.89 113.86 89.70 78.62 81.15 62.35 67.78 75.96 88.06 79.37 84.51 67.64 47.06 48.32 49.37 50.32 52.76 -9999 -9999 -9999 -9999 -9999 -9999 -9999 -9999 -9999 -9999 -9999 -9999 -9999 -9999 -9999 -9999 -9999 -9999 -9999 -9999 -9999 -9999 -9999 -9999 -9999
259.50 -9999 -9999 -9999 -9999 -9999 -9999 -9999 -9999 -9999 302.17 249.76 271.56 297.68 292.84 280.32 289.62 277.64 261.63 240.38 266.36 278.08 274.74 298.04 260.96 250.43 229.02 295.24 256.58 284.06 243.47 184.10 149.74 119.67 97.53 106.36 98.07 66.60 56.44 53.46 80.91 81.34 80.56 85.95 74.30 51.31 46.57 47.70 64.07 55.87 -9999 -9999 -9999 -9999 -9999 -9999 -9999 -9999 -9999 -9999 -9999 -9999 -9999 -9999 -9999 -9999 -9999 -9999 -9999 -9999 -9999 -9999 -9999 -9999 -9999
-9999 -9999 -9999 -9999 -9999 -9999 -9999 -9999 -9999 274.69 300.36 262.72 282.17 306.91 291.60 334.40 375.48 352.62 326.48 307.00 245.74 248.49 275.31 293.27 253.82 255.88 221.51 245.24 277.40 257.83 245.11 186.93 165.86 136.28 118.09 111.09 86.04 72.86 97.11 94.79 88.65 81.00 65.96 53.96 63.47 53.93 62.70 71.25 60.67 62.05 -9999 -9999 -9999 -9999 -9999 -9999 -9999 -9999 -9999 -9999 -9999 -9999 -9999 -9999 -9999 -9999 -9999 -9999 -9999 -9999 -9999 -9999 -9999 -9999 -9999
-9999 -9999 -9999 -9999 -9999 -9999 -9999 -9999 -9999 294.51 268.79 309.23 294.13 357.67 325.26 361.38 371.83 430.47 358.85 299.06 255.72 260.92 249.57 332.08 300.74 243.84 237.47 230.95 266.65 264.10 237.04 216.10 177.17 178.50 156.23 133.20 130.64 120.21 127.88 87.52 73.79 75.98 69.00 68.79 59.75 45.74 47.93 55.22 55.04 58.84 66.54 -9999 -9999 -9999 -9999 -9999 -9999 -9999 -9999 -9999 -9999 -9999 -9999 -9999 -9999 -9999 -9999 -9999 -9999 -9999 -9999 -9999 -9999 -9999 -9999
-9999 -9999 -9999 -9999 -9999 -9999 -9999 -9999 253.64 357.41 357.48 337.06 351.15 370.80 367.97 322.71 370.12 365.40 332.52 285.75 248.36 204.01 195.84 225.71 254.42 238.62 204.12 195.86 225.69 228.56 213.15 206.19 207.05 147.64 145.68 138.29 128.57 161.65 127.71 112.65 94.82 65.81 71.41 72.10 66.01 66.35 51.74 53.90 55.13 55.50 51.75 -9999 -9999 -9999 -9999 -9999 -9999 -9999 -9999 -9999 -9999 -9999 -9999 -9999 -9999 -9999 -9999 -9999 -9999 -9999 -9999 -9999 -9999 -9999 -9999
-9999 -9999 -9999 -9999 -9999 -9999 -9999 -9999 324.57 362.99 364.82 420.50 414.22 399.02 350.48 392.51 316.87 315.59 282.75 266.71 252.35 186.07 177.39 213.63 226.26 237.52 171.79 173.18 185.82 192.78 190.65 216.40 155.45 159.79 152.36 132.03 167.25 147.45 128.96 108.00 81.18 74.93 69.85 59.99 63.31 65.62 55.31 62.66 60.07 56.57 56.74 -9999 -9999 -9999 -9999 -9999 -9999 -9999 -9999 -9999 -9999 -9999 -9999 -9999 -9999 -9999 -9999 -9999 -9999 -9999 -9999 -9999 -9999 -9999 -9999
-9999 -9999 -9999 -9999 -9999 -9999 -9999 317.37 326.03 347.15 403.13 417.62 417.41 468.17 390.99 441.29 317.57 291.80 261.92 255.23 258.45 205.24 177.76 197.77 194.36 170.71 141.75 157.82 186.97 186.36 201.60 180.72 146.71 161.91 139.41 140.53 159.65 124.87 115.79 86.03 87.66 79.94 77.02 68.71 64.53 57.31 54.84 59.86 52.58 47.63 50.98 -9999 -9999 -9999 -9999 -9999 -9999 -9999 -9999 -9999 -9999 -9999 -9999 -9999 -9999 -9999 -9999 -9999 -9999 -9999 -9999 -9999 -9999 -9999 -9999
-9999 -9999 -9999 -9999 -9999 -9999 304.30 329.70 354.30 334.33 363.44 374.20 366.97 419.00 386.39 414.05 298.36 236.68 237.79 247.21 221.80 203.57 181.20 170.90 163.16 173.22 163.47 143.05 174.95 175.74 159.90 150.57 140.31 142.68 126.86 141.04 162.14 140.18 136.31 105.27 92.39 72.60 67.64 65.64 66.51 61.02 57.29 57.56 55.43 45.96 50.53 50.51 -9999 -9999 -9999 -9999 -9999 -9999 -9999 -9999 -9999 -9999 -9999 -9999 -9999 -9999 -9999 -9999 -9999 -9999 -9999 -9999 -9999 -9999 -9999
-9999 -9999 -9999 -9999 -9999 -9999 345.41 385.07 348.10 326.40 326.92 346.89 345.93 475.30 462.02 379.73 332.23 253.20 236.75 224.40 200.02 240.13 176.01 156.52 152.41 144.26 160.70 142.41 164.58 157.54 142.06 133.73 122.12 111.72 122.24 126.12 137.84 141.02 137.46 126.33 87.55 74.24 69.62 60.85 59.57 67.47 64.55 59.15 54.38 55.84 42.77 52.83 -9999 -9999 -9999 -9999 -9999 -9999 -9999 -9999 -9999 -9999 -9999 -9999 -9999 -9999 -9999 -9999 -9999 -9999 -9999 -9999 -9999 -9999 -9999
-9999 -9999 -9999 -9999 260.87 289.85 337.99 340.66 334.30 331.19 320.41 345.20 402.16 396.28 338.31 390.05 331.05 276.45 207.62 195.63 202.98 195.87 181.52 161.34 121.04 135.08 139.93 132.05 138.60 135.81 125.10 112.62 102.54 109.73 111.48 118.00 160.02 137.05 138.24 113.27 96.58 75.64 67.54 63.75 61.79 61.07 66.70 68.01 61.30 56.64 55.99 57.91 -9999 -9999 -9999 -9999 -9999 -9999 -9999 -9999 -9999 -9999 -9999 -9999 -9999 -9999 -9999 -9999 -9999 -9999 -9999 -9999 -9999 -9999 -9999
