Rainfall_2007-2011/Rainfall_2010-02_ACTUAL.txt
ncols         180
nrows         290
xllcorner     -200000
yllcorner     -200000
cellsize      5000
NODATA_value  -9999
[rows 102 to 135 of 290, columns 77 to 153 of 180]
-9999 54.82 75.96 117.32 103.35 115.63 96.92 99.23 98.13 121.63 109.76 120.63 108.11 97.25 109.39 118.10 111.63 126.45 136.81 148.88 115.74 95.46 84.90 57.44 53.31 48.40 41.67 38.39 57.30 55.45 59.23 99.30 79.37 72.90 66.62 61.03 -9999 -9999 -9999 -9999 -9999 -9999 -9999 -9999 -9999 -9999 -9999 -9999 -9999 -9999 -9999 -9999 -9999 -9999 -9999 -9999 -9999 -9999 -9999 -9999 -9999 -9999 -9999 -9999 -9999 -9999 -9999 -9999 -9999 -9999 -9999 -9999 -9999 -9999 -9999 -9999 -9999
45.41 48.41 72.64 78.57 114.37 112.39 80.10 82.94 99.81 121.03 116.68 128.72 121.40 102.54 82.75 114.61 120.15 139.52 135.65 129.17 146.66 130.36 93.15 70.42 59.76 54.09 52.15 60.90 54.40 46.91 51.02 55.57 62.12 63.71 -9999 -9999 -9999 -9999 -9999 -9999 -9999 -9999 -9999 -9999 -9999 -9999 -9999 -9999 -9999 -9999 -9999 -9999 -9999 -9999 -9999 -9999 -9999 -9999 -9999 -9999 -9999 -9999 -9999 -9999 -9999 -9999 -9999 -9999 -9999 -9999 -9999 -9999 -9999 -9999 -9999 -9999 -9999
52.89 59.05 79.93 90.83 85.87 73.07 72.46 68.52 78.10 99.90 88.06 88.67 93.71 100.53 115.61 104.42 116.24 106.01 120.69 136.58 123.82 125.81 103.98 81.25 67.69 56.01 56.75 54.22 48.83 43.67 44.55 57.76 54.65 -9999 -9999 -9999 -9999 -9999 -9999 -9999 -9999 -9999 -9999 -9999 -9999 -9999 -9999 -9999 -9999 -9999 -9999 -9999 -9999 -9999 -9999 -9999 -9999 -9999 -9999 -9999 -9999 -9999 -9999 -9999 -9999 -9999 -9999 -9999 -9999 -9999 -9999 -9999 -9999 -9999 -9999 -9999 -9999
60.63 59.54 74.54 72.44 79.05 79.05 77.90 74.65 62.00 80.40 85.54 103.20 85.82 81.42 73.13 92.63 111.72 100.71 89.37 80.89 83.76 98.84 85.71 80.21 70.90 58.77 60.48 53.59 53.74 62.09 53.53 55.38 55.26 -9999 -9999 -9999 -9999 -9999 -9999 -9999 -9999 -9999 -9999 -9999 -9999 -9999 -9999 -9999 -9999 -9999 -9999 -9999 -9999 -9999 -9999 -9999 -9999 -9999 -9999 -9999 -9999 -9999 -9999 -9999 -9999 -9999 -9999 -9999 -9999 -9999 -9999 -9999 -9999 -9999 -9999 -9999 -9999
48.73 69.00 79.40 82.33 88.64 78.37 77.55 73.56 87.31 82.58 93.99 86.78 99.16 71.06 67.96 110.16 114.98 99.43 99.77 97.76 86.86 102.94 84.65 80.49 68.70 73.19 65.42 59.09 55.09 53.99 61.12 54.20 59.56 57.79 -9999 -9999 -9999 -9999 -9999 -9999 -9999 -9999 -9999 -9999 -9999 -9999 -9999 -9999 -9999 -9999 -9999 -9999 -9999 -9999 -9999 -9999 -9999 -9999 -9999 -9999 -9999 -9999 -9999 -9999 -9999 -9999 -9999 -9999 -9999 -9999 -9999 -9999 -9999 -9999 -9999 -9999 -9999
75.95 79.28 77.58 78.51 57.07 57.66 77.15 92.20 116.11 85.97 95.76 92.45 83.35 66.99 91.07 91.68 117.63 99.63 81.52 107.88 105.40 117.66 110.04 119.10 82.46 83.54 91.57 62.81 57.66 58.61 77.44 70.68 76.04 73.58 55.42 -9999 -9999 -9999 -9999 -9999 -9999 -9999 -9999 -9999 -9999 -9999 -9999 -9999 -9999 -9999 -9999 -9999 -9999 -9999 -9999 -9999 -9999 -9999 -9999 -9999 -9999 -9999 -9999 -9999 -9999 -9999 -9999 -9999 -9999 -9999 -9999 -9999 -9999 -9999 -9999 -9999 -9999
74.28 75.06 78.22 68.61 56.73 59.60 84.41 102.43 148.16 86.72 84.88 85.42 82.57 82.39 83.89 88.62 77.98 66.94 68.55 96.57 111.72 138.27 148.27 110.56 101.50 91.99 86.71 87.77 64.03 83.75 77.86 95.61 110.05 95.25 60.91 48.98 -9999 -9999 -9999 -9999 -9999 -9999 -9999 -9999 -9999 -9999 -9999 -9999 -9999 -9999 -9999 -9999 -9999 -9999 -9999 -9999 -9999 -9999 -9999 -9999 -9999 -9999 -9999 -9999 -9999 -9999 -9999 -9999 -9999 -9999 -9999 -9999 -9999 -9999 -9999 -9999 -9999
64.46 77.85 81.61 66.40 62.85 74.01 99.20 97.31 80.35 81.33 111.76 84.65 81.08 75.16 77.56 67.91 69.46 64.43 67.39 86.20 147.53 176.98 138.59 99.31 100.79 93.66 92.66 97.99 78.24 88.85 85.38 77.30 85.32 78.22 56.18 -9999 -9999 -9999 -9999 -9999 -9999 -9999 -9999 -9999 -9999 -9999 -9999 -9999 -9999 -9999 -9999 -9999 -9999 -9999 -9999 -9999 -9999 -9999 -9999 -9999 -9999 -9999 -9999 -9999 -9999 -9999 -9999 -9999 -9999 -9999 -9999 -9999 -9999 -9999 -9999 -9999 -9999
66.54 72.35 69.81 80.27 94.02 87.36 104.43 98.69 95.00 95.15 93.86 106.86 78.89 55.49 67.77 60.05 61.64 71.52 60.99 83.56 85.21 79.81 98.03 100.85 100.96 92.29 91.88 87.91 76.89 81.18 75.76 -9999 -9999 -9999 -9999 -9999 -9999 -9999 -9999 -9999 -9999 -9999 -9999 -9999 -9999 -9999 -9999 -9999 -9999 -9999 -9999 -9999 -9999 -9999 -9999 -9999 -9999 -9999 -9999 -9999 -9999 -9999 -9999 -9999 -9999 -9999 -9999 -9999 -9999 -9999 -9999 -9999 -9999 -9999 -9999 -9999 -9999
78.05 69.98 67.07 98.93 103.29 124.51 125.51 81.95 93.33 100.91 95.91 88.21 94.22 84.58 84.67 76.59 83.04 93.95 66.67 78.88 87.23 90.91 91.90 90.43 99.79 92.94 95.45 98.96 83.37 -9999 -9999 -9999 -9999 -9999 -9999 -9999 -9999 -9999 -9999 -9999 -9999 -9999 -9999 -9999 -9999 -9999 -9999 -9999 -9999 -9999 -9999 -9999 -9999 -9999 -9999 -9999 -9999 -9999 -9999 -9999 -9999 -9999 -9999 -9999 -9999 -9999 -9999 -9999 -9999 -9999 -9999 -9999 -9999 -9999 -9999 -9999 -9999
82.35 77.23 93.59 96.80 115.22 138.86 127.14 97.39 94.63 92.16 75.75 74.58 74.90 95.41 97.00 101.78 102.05 111.14 101.67 90.34 89.58 83.61 89.70 83.57 93.36 89.16 103.88 103.55 80.73 -9999 -9999 -9999 -9999 -9999 -9999 -9999 -9999 -9999 -9999 -9999 -9999 -9999 -9999 -9999 -9999 -9999 -9999 -9999 -9999 -9999 -9999 -9999 -9999 -9999 -9999 -9999 -9999 -9999 -9999 -9999 -9999 -9999 -9999 -9999 -9999 -9999 -9999 -9999 -9999 -9999 -9999 -9999 -9999 -9999 -9999 -9999 -9999
-9999 79.18 92.67 102.94 118.99 123.87 119.27 96.33 72.49 74.12 74.63 73.93 67.61 73.72 114.08 118.89 126.47 139.44 111.90 80.01 81.25 102.83 90.23 77.26 79.73 72.03 84.33 -9999 -9999 -9999 -9999 -9999 76.96 69.30 81.31 94.47 -9999 -9999 -9999 -9999 -9999 -9999 -9999 -9999 -9999 -9999 -9999 -9999 -9999 -9999 -9999 -9999 -9999 -9999 -9999 -9999 -9999 -9999 -9999 -9999 -9999 -9999 -9999 -9999 -9999 -9999 -9999 -9999 -9999 -9999 -9999 -9999 -9999 -9999 -9999 -9999 -9999
-9999 69.87 79.94 88.60 98.42 131.49 111.33 118.53 80.89 86.23 83.05 77.50 63.57 60.12 73.27 77.96 87.69 94.70 105.65 103.24 110.83 112.61 95.02 91.74 92.72 95.95 95.45 79.69 68.38 -9999 -9999 59.46 66.20 82.89 80.56 80.31 72.95 81.72 -9999 -9999 -9999 -9999 -9999 -9999 -9999 -9999 -9999 -9999 -9999 -9999 -9999 -9999 -9999 -9999 -9999 -9999 -9999 -9999 -9999 -9999 -9999 -9999 -9999 -9999 -9999 -9999 -9999 -9999 -9999 -9999 -9999 -9999 -9999 -9999 -9999 -9999 -9999
67.98 60.91 49.33 69.85 93.72 118.37 133.85 128.66 118.64 106.95 99.25 76.65 61.68 59.81 64.15 69.08 77.14 90.06 98.56 109.00 118.53 100.19 107.78 99.87 90.57 91.97 102.41 87.52 79.37 71.55 71.70 71.06 80.67 81.42 120.27 117.24 123.32 126.37 73.53 -9999 -9999 -9999 -9999 -9999 -9999 -9999 -9999 -9999 -9999 -9999 -9999 -9999 -9999 -9999 -9999 -9999 -9999 -9999 -9999 -9999 -9999 -9999 -9999 -9999 -9999 -9999 -9999 -9999 -9999 -9999 -9999 -9999 -9999 -9999 -9999 -9999 -9999
84.44 60.26 59.88 71.69 72.28 96.74 -9999 158.34 166.68 128.18 98.91 80.24 69.23 63.62 58.46 64.15 66.55 71.39 85.75 86.15 101.36 90.33 107.87 118.29 82.15 97.81 100.37 113.00 82.18 107.00 78.11 74.51 90.08 84.65 138.11 127.85 121.76 119.60 108.91 115.63 106.08 63.50 -9999 -9999 -9999 -9999 -9999 -9999 -9999 -9999 -9999 -9999 -9999 -9999 -9999 -9999 -9999 -9999 -9999 -9999 -9999 -9999 -9999 -9999 -9999 -9999 -9999 -9999 -9999 -9999 -9999 -9999 -9999 -9999 -9999 -9999 -9999
106.38 81.50 -9999 65.31 60.81 85.97 -9999 143.54 187.29 135.69 105.57 83.90 77.85 69.28 60.52 56.53 54.25 55.75 71.07 87.51 95.58 109.77 98.30 114.20 95.63 83.77 115.66 99.67 75.25 63.78 79.48 69.67 102.59 148.27 168.78 136.82 131.77 114.34 106.13 126.63 95.60 89.79 -9999 -9999 -9999 -9999 -9999 -9999 -9999 -9999 -9999 -9999 -9999 -9999 -9999 -9999 -9999 -9999 -9999 -9999 -9999 -9999 -9999 -9999 -9999 -9999 -9999 -9999 -9999 -9999 -9999 -9999 -9999 -9999 -9999 -9999 -9999
92.53 76.31 -9999 -9999 69.31 78.19 95.10 123.73 127.42 114.40 96.33 95.53 87.62 81.88 70.21 76.28 60.25 52.79 62.19 73.25 85.70 102.26 113.73 95.13 93.57 107.24 109.78 90.13 92.34 79.78 70.59 83.32 92.88 127.27 146.27 133.29 108.16 125.56 96.00 99.09 89.13 86.02 81.40 -9999 -9999 -9999 -9999 -9999 -9999 -9999 -9999 -9999 -9999 -9999 -9999 -9999 -9999 -9999 -9999 -9999 -9999 -9999 -9999 -9999 -9999 -9999 -9999 -9999 -9999 -9999 -9999 -9999 -9999 -9999 -9999 -9999 -9999
-9999 -9999 -9999 -9999 -9999 77.37 73.80 99.68 107.87 95.93 82.62 91.06 90.53 91.58 84.70 88.16 75.35 58.87 48.21 58.68 62.69 77.04 92.92 94.46 94.99 88.68 94.47 92.17 80.51 102.77 103.28 94.18 100.71 100.79 89.51 101.58 102.25 115.53 93.95 91.39 88.34 99.52 72.75 -9999 -9999 -9999 -9999 -9999 -9999 -9999 -9999 -9999 -9999 -9999 -9999 -9999 -9999 -9999 -9999 -9999 -9999 -9999 -9999 -9999 -9999 -9999 -9999 -9999 -9999 -9999 -9999 -9999 -9999 -9999 -9999 -9999 -9999
109.61 108.05 101.26 -9999 -9999 -9999 71.54 84.86 86.96 82.05 75.30 71.03 89.36 93.33 93.86 92.15 78.79 67.06 52.11 41.04 52.29 56.18 56.46 74.12 66.30 68.59 88.71 74.06 68.86 86.66 117.68 117.77 118.93 93.34 75.52 69.67 87.76 109.75 91.06 92.67 86.30 101.43 85.16 82.12 -9999 -9999 -9999 -9999 -9999 -9999 -9999 -9999 -9999 -9999 -9999 -9999 -9999 -9999 -9999 -9999 -9999 -9999 -9999 -9999 -9999 -9999 -9999 -9999 -9999 -9999 -9999 -9999 -9999 -9999 -9999 -9999 -9999
125.88 123.22 128.78 112.31 -9999 -9999 -9999 66.20 66.62 63.84 70.88 76.62 78.23 79.16 81.19 80.08 71.56 60.25 47.16 54.84 50.59 48.78 52.61 64.95 57.07 68.08 59.93 72.57 70.98 79.50 115.42 134.31 130.75 94.17 65.43 46.58 61.20 95.28 87.52 81.87 79.89 98.83 93.03 76.24 69.50 -9999 -9999 -9999 -9999 -9999 -9999 -9999 -9999 -9999 -9999 -9999 -9999 -9999 -9999 -9999 -9999 -9999 -9999 -9999 -9999 -9999 -9999 -9999 -9999 -9999 -9999 -9999 -9999 -9999 -9999 -9999 -9999
96.34 118.70 121.64 103.63 -9999 -9999 -9999 -9999 -9999 59.25 61.61 67.47 70.25 66.35 75.58 70.20 76.35 72.67 61.97 59.57 49.22 50.37 52.08 49.62 39.62 59.14 69.02 58.23 71.65 77.34 72.72 91.93 73.89 69.54 64.69 60.55 74.04 73.10 82.89 72.91 82.67 90.81 95.21 89.58 74.92 73.83 -9999 -9999 -9999 -9999 -9999 -9999 -9999 -9999 -9999 -9999 -9999 -9999 -9999 -9999 -9999 -9999 -9999 -9999 -9999 -9999 -9999 -9999 -9999 -9999 -9999 -9999 -9999 -9999 -9999 -9999 -9999
99.25 97.55 122.33 101.20 -9999 -9999 -9999 -9999 -9999 55.05 57.88 66.52 58.95 62.39 57.09 60.76 73.35 71.35 68.30 63.85 67.96 75.16 49.36 46.33 60.37 56.83 98.35 66.10 83.69 70.23 94.81 94.04 75.50 44.75 44.22 45.57 64.32 70.74 87.40 100.13 87.63 92.68 95.66 103.04 95.27 89.49 96.19 77.35 -9999 -9999 -9999 -9999 -9999 -9999 -9999 -9999 -9999 -9999 -9999 -9999 -9999 -9999 -9999 -9999 -9999 -9999 -9999 -9999 -9999 -9999 -9999 -9999 -9999 -9999 -9999 -9999 -9999
-9999 102.52 119.43 110.62 -9999 -9999 -9999 -9999 -9999 49.73 51.20 58.33 50.21 49.82 44.47 52.60 62.98 59.47 66.59 57.57 55.65 61.73 51.97 55.21 59.10 61.39 94.22 87.57 61.06 57.68 75.94 63.64 64.44 57.57 47.04 57.97 67.12 77.11 77.95 88.36 106.40 113.86 115.73 109.85 99.87 99.06 103.42 82.02 -9999 -9999 -9999 -9999 -9999 -9999 -9999 -9999 -9999 -9999 -9999 -9999 -9999 -9999 -9999 -9999 -9999 -9999 -9999 -9999 -9999 -9999 -9999 -9999 -9999 -9999 -9999 -9999 -9999
-9999 85.49 99.63 98.01 -9999 -9999 -9999 -9999 -9999 48.70 55.69 58.54 54.87 51.50 50.72 57.16 67.81 68.35 53.56 53.86 42.60 49.43 45.95 53.41 54.99 67.75 76.66 68.37 66.69 59.17 63.80 75.17 57.33 53.32 55.42 54.52 62.30 82.26 103.27 103.64 111.90 110.87 143.17 111.77 112.57 90.14 99.33 87.44 -9999 -9999 -9999 -9999 -9999 -9999 -9999 -9999 -9999 -9999 -9999 -9999 -9999 -9999 -9999 -9999 -9999 -9999 -9999 -9999 -9999 -9999 -9999 -9999 -9999 -9999 -9999 -9999 -9999
-9999 -9999 -9999 -9999 -9999 -9999 -9999 -9999 57.83 52.24 61.21 64.62 56.50 54.38 51.59 54.98 54.45 58.93 53.41 51.71 63.62 59.18 56.44 60.51 65.63 73.95 75.60 78.24 62.70 63.63 62.05 54.05 41.86 30.12 40.84 56.04 50.96 62.75 86.09 118.70 104.52 135.63 162.45 111.84 107.72 110.56 119.80 95.05 -9999 -9999 -9999 -9999 -9999 -9999 -9999 -9999 -9999 -9999 -9999 -9999 -9999 -9999 -9999 -9999 -9999 -9999 -9999 -9999 -9999 -9999 -9999 -9999 -9999 -9999 -9999 -9999 -9999
-9999 -9999 -9999 -9999 -9999 -9999 -9999 -9999 78.50 55.90 65.85 67.85 66.78 61.81 60.79 56.07 53.64 39.89 46.09 55.65 59.63 62.11 43.06 44.15 37.15 58.21 54.85 56.68 51.27 55.29 49.46 40.95 33.49 35.74 47.43 50.55 42.70 40.78 69.63 84.16 77.58 121.82 124.81 103.87 97.66 103.18 124.41 87.57 -9999 -9999 -9999 -9999 -9999 -9999 -9999 -9999 -9999 -9999 -9999 -9999 -9999 -9999 -9999 -9999 -9999 -9999 -9999 -9999 -9999 -9999 -9999 -9999 -9999 -9999 -9999 -9999 -9999
-9999 -9999 -9999 -9999 -9999 -9999 -9999 74.34 78.36 56.02 59.51 57.76 52.17 63.98 76.96 77.84 67.76 58.69 45.91 46.47 54.89 51.40 38.67 38.56 22.40 35.80 55.04 53.25 57.75 54.90 50.54 41.82 41.57 48.33 54.97 58.45 74.34 66.06 76.81 79.71 85.42 76.56 88.24 93.85 119.05 125.67 109.42 86.46 -9999 -9999 -9999 -9999 -9999 -9999 -9999 -9999 -9999 -9999 -9999 -9999 -9999 -9999 -9999 -9999 -9999 -9999 -9999 -9999 -9999 -9999 -9999 -9999 -9999 -9999 -9999 -9999 -9999
-9999 -9999 -9999 -9999 -9999 -9999 -9999 62.44 59.66 63.17 49.81 54.72 48.82 63.73 73.67 97.92 83.28 64.60 50.75 51.55 52.22 70.41 55.78 38.39 27.49 35.53 51.06 50.58 52.65 55.12 45.42 48.88 54.46 56.06 68.75 72.02 80.73 65.44 70.77 73.80 82.20 91.79 89.86 84.72 100.94 102.88 100.89 85.84 104.81 -9999 -9999 -9999 -9999 -9999 -9999 -9999 -9999 -9999 -9999 -9999 -9999 -9999 -9999 -9999 -9999 -9999 -9999 -9999 -9999 -9999 -9999 -9999 -9999 -9999 -9999 -9999 -9999
-9999 -9999 -9999 -9999 -9999 -9999 49.22 66.21 68.69 63.36 58.20 53.06 52.89 59.75 75.96 83.62 83.93 75.82 60.54 42.92 41.83 50.53 55.11 46.30 37.81 38.90 44.17 43.65 47.37 52.09 54.02 45.32 50.60 53.97 56.24 70.80 65.49 78.47 81.75 59.07 72.17 98.51 104.75 104.06 90.65 91.57 91.31 86.34 81.01 -9999 -9999 -9999 -9999 -9999 -9999 -9999 -9999 -9999 -9999 -9999 -9999 -9999 -9999 -9999 -9999 -9999 -9999 -9999 -9999 -9999 -9999 -9999 -9999 -9999 -9999 -9999 -9999
-9999 -9999 -9999 -9999 -9999 -9999 63.31 71.02 71.79 75.37 74.08 78.32 67.86 90.23 75.27 72.94 74.90 73.46 69.93 37.30 36.72 49.86 51.65 49.49 34.76 36.07 38.41 37.47 42.73 57.91 46.26 52.81 51.19 50.21 65.89 53.51 62.27 66.57 73.41 74.37 71.04 78.71 79.44 96.26 89.52 96.21 97.91 93.59 91.19 -9999 -9999 -9999 -9999 -9999 -9999 -9999 -9999 -9999 -9999 -9999 -9999 -9999 -9999 -9999 -9999 -9999 -9999 -9999 -9999 -9999 -9999 -9999 -9999 -9999 -9999 -9999 -9999
-9999 -9999 -9999 -9999 -9999 69.34 71.86 74.92 77.28 67.38 68.79 95.60 96.35 108.66 78.83 64.74 65.46 68.11 68.98 48.05 45.58 55.34 47.39 36.04 28.09 29.75 38.15 39.42 48.91 52.46 49.34 56.02 49.19 52.29 62.96 52.20 49.61 41.68 62.13 72.96 75.58 79.50 77.80 82.35 73.15 80.22 92.46 85.54 69.84 -9999 -9999 -9999 -9999 -9999 -9999 -9999 -9999 -9999 -9999 -9999 -9999 -9999 -9999 -9999 -9999 -9999 -9999 -9999 -9999 -9999 -9999 -9999 -9999 -9999 -9999 -9999 -9999
-9999 -9999 -9999 -9999 61.12 70.57 85.12 83.58 76.41 64.69 74.41 91.91 96.42 112.40 73.51 54.62 62.87 64.33 58.36 52.24 50.62 47.69 42.39 39.14 35.54 29.78 37.35 39.66 40.17 41.82 43.60 42.62 38.13 46.38 58.41 58.72 64.56 59.01 56.33 63.54 62.47 65.96 69.50 85.97 77.45 78.01 91.84 77.67 66.43 67.75 -9999 -9999 -9999 -9999 -9999 -9999 -9999 -9999 -9999 -9999 -9999 -9999 -9999 -9999 -9999 -9999 -9999 -9999 -9999 -9999 -9999 -9999 -9999 -9999 -9999 -9999 -9999
-9999 -9999 -9999 -9999 72.96 89.86 85.88 85.15 76.92 76.36 84.58 110.88 113.68 99.18 80.80 60.50 60.22 60.04 54.84 62.72 48.31 44.16 45.20 39.42 36.70 33.51 41.34 38.90 32.16 30.08 29.89 29.98 31.64 37.90 46.80 53.23 63.35 65.87 53.60 55.75 52.96 63.56 63.20 79.44 76.03 72.90 75.97 76.87 69.60 72.15 -9999 -9999 -9999 -9999 -9999 -9999 -9999 -9999 -9999 -9999 -9999 -9999 -9999 -9999 -9999 -9999 -9999 -9999 -9999 -9999 -9999 -9999 -9999 -9999 -9999 -9999 -9999
-9999 -9999 59.19 63.58 76.55 79.36 82.56 82.77 75.60 72.89 80.01 89.19 85.81 101.90 84.20 70.67 54.83 54.00 55.10 51.72 46.90 44.62 40.03 43.08 38.94 38.25 40.57 38.02 32.60 29.75 28.81 29.08 31.48 36.09 45.93 47.42 47.86 54.21 58.69 55.50 53.97 59.88 59.99 57.30 71.76 82.71 80.99 81.48 79.38 70.04 -9999 -9999 -9999 -9999 -9999 -9999 -9999 -9999 -9999 -9999 -9999 -9999 -9999 -9999 -9999 -9999 -9999 -9999 -9999 -9999 -9999 -9999 -9999 -9999 -9999 -9999 -9999
