Rainfall_2007-2011/Rainfall_2010-01_ACTUAL.txt
ncols         180
nrows         290
xllcorner     -200000
yllcorner     -200000
cellsize      5000
NODATA_value  -9999
[rows 204 to 237 of 290, columns 76 to 151 of 180]
93.12 112.95 120.98 121.71 145.93 158.79 143.89 139.45 154.27 143.97 142.48 123.00 124.87 136.94 122.65 108.93 107.45 87.07 90.81 113.84 110.14 133.88 99.35 89.34 101.52 106.64 69.64 91.35 87.37 114.53 72.19 73.65 83.08 70.07 70.04 70.51 78.44 75.20 78.49 82.09 74.11 68.95 65.58 45.47 79.02 85.79 86.87 81.02 73.38 70.50 71.56 77.88 80.86 76.25 79.85 77.47 68.02 64.73 58.38 53.07 53.08 52.39 36.70 30.11 37.41 42.55 45.54 40.61 43.49 44.90 45.76 37.76 47.02 47.40 48.39 41.00
90.55 97.64 112.70 102.48 123.39 138.23 126.70 127.47 131.14 135.73 123.77 116.04 108.86 110.15 101.43 106.74 110.06 113.86 115.38 149.31 177.45 126.96 129.38 125.67 131.57 128.95 84.30 81.36 111.07 101.34 78.30 85.83 92.94 82.48 67.93 66.37 82.12 82.35 80.24 85.74 69.29 64.39 68.10 78.00 94.60 95.23 84.68 91.33 77.04 76.69 80.54 81.87 73.88 71.85 75.17 56.43 66.31 64.43 72.78 59.21 53.23 52.12 40.49 42.04 44.70 41.58 44.09 40.39 42.82 45.36 45.88 46.04 47.88 44.87 45.22 43.62
-9999 102.25 96.27 102.69 116.84 120.93 120.88 127.76 128.71 137.85 123.98 112.05 104.59 106.84 104.61 125.09 116.21 126.83 132.10 143.95 149.94 153.48 146.48 148.90 154.27 105.74 102.30 95.40 95.49 113.69 108.40 70.82 79.02 90.08 92.84 81.96 93.06 80.94 80.84 74.99 66.92 66.60 77.95 109.88 102.38 90.76 84.63 88.55 71.61 86.23 89.84 71.29 63.20 57.43 61.68 55.50 59.27 71.48 69.73 55.86 52.71 55.15 51.26 50.63 49.78 46.78 43.30 42.65 42.87 47.52 41.85 39.57 37.43 40.29 42.08 35.63
89.38 88.66 88.96 98.46 107.43 118.12 123.24 125.71 107.69 115.21 113.20 100.42 100.49 115.26 103.75 116.85 108.15 110.84 111.72 123.76 130.34 136.26 132.61 124.21 95.77 98.94 98.39 76.42 107.08 147.03 104.42 78.06 75.33 108.70 108.60 97.27 85.06 76.63 67.48 63.19 55.12 87.73 101.75 90.01 89.95 72.64 75.96 89.17 82.87 79.16 77.98 67.48 61.34 59.22 61.12 57.64 59.61 61.00 63.19 58.71 54.34 54.21 54.90 58.49 47.78 49.54 48.86 44.05 44.89 44.33 39.65 41.13 39.51 38.57 39.62 39.85
87.98 75.65 80.76 96.91 103.30 111.09 113.21 98.67 85.76 87.57 92.71 90.95 89.45 101.82 117.74 108.98 123.62 116.38 118.96 132.47 130.63 105.34 116.63 110.50 88.78 92.11 103.45 97.79 108.47 133.67 101.17 96.61 73.82 88.10 97.81 86.42 90.90 77.44 66.87 60.89 67.78 74.03 85.42 91.06 80.39 85.29 77.11 78.50 74.87 62.56 61.21 59.05 58.43 71.55 58.34 57.10 52.65 56.39 56.91 60.09 57.27 55.48 60.44 59.93 54.29 52.93 49.63 45.94 46.39 49.14 48.06 38.69 43.45 52.19 31.27 34.95
-9999 74.42 86.32 101.61 100.28 102.74 93.25 -9999 -9999 -9999 -9999 88.64 88.42 100.05 96.54 97.20 105.47 104.45 104.85 118.63 120.19 156.65 168.85 128.06 121.29 108.99 119.30 124.67 114.20 110.89 107.31 93.32 78.11 88.38 81.57 85.18 67.69 54.15 63.95 63.08 83.38 74.87 93.01 92.36 85.44 78.21 80.45 82.18 64.24 60.09 57.98 59.73 58.93 70.81 71.28 67.85 54.48 61.98 63.43 66.19 65.29 71.09 67.72 60.62 50.51 50.74 46.23 45.56 46.00 46.45 50.98 43.69 43.10 48.15 41.29 38.50
-9999 81.40 85.61 91.42 90.07 97.98 72.15 -9999 -9999 -9999 -9999 -9999 -9999 -9999 89.04 98.54 100.31 97.25 93.72 104.55 134.64 151.70 179.40 147.78 152.03 124.60 120.31 109.28 120.65 143.34 115.25 88.60 92.07 88.72 87.84 69.37 61.48 58.07 58.85 65.86 74.70 76.83 83.99 74.98 70.71 64.74 69.95 67.85 60.55 56.45 57.72 53.14 54.48 58.60 61.96 64.60 64.09 68.79 64.84 74.18 59.96 76.50 74.50 61.32 50.08 53.91 47.07 50.24 47.64 51.05 49.41 46.55 45.43 43.16 39.54 37.70
-9999 -9999 -9999 84.65 -9999 -9999 -9999 -9999 -9999 -9999 -9999 -9999 72.52 80.31 88.61 94.17 88.89 91.20 87.63 95.02 120.65 144.94 160.15 149.82 136.09 123.64 127.17 110.18 112.94 114.45 81.91 70.71 78.20 75.00 73.82 62.36 59.79 59.24 54.56 71.54 79.96 76.03 77.36 70.05 65.30 61.75 57.49 62.19 57.68 54.70 53.64 51.66 52.79 59.11 62.84 66.76 68.15 74.27 86.08 82.39 83.10 73.80 70.71 58.55 48.67 41.23 50.42 55.03 57.12 56.97 51.04 48.75 49.72 52.05 42.27 41.17
-9999 -9999 -9999 -9999 -9999 -9999 -9999 -9999 -9999 -9999 -9999 -9999 69.91 75.65 78.02 78.96 73.06 -9999 -9999 75.87 108.55 118.00 135.66 124.59 120.81 113.09 112.86 104.29 97.20 106.15 80.80 66.24 60.70 59.28 56.22 52.46 52.45 56.60 60.33 67.45 74.41 72.05 75.24 64.91 62.71 56.35 48.66 57.39 58.65 52.39 59.52 65.96 63.28 61.72 64.32 68.29 71.41 76.95 76.73 87.07 77.79 65.99 67.01 56.07 51.07 45.34 50.01 53.25 56.91 65.08 49.33 47.52 45.72 46.82 44.44 44.35
-9999 -9999 -9999 -9999 -9999 -9999 -9999 -9999 -9999 -9999 -9999 -9999 -9999 -9999 -9999 -9999 -9999 -9999 -9999 63.50 74.70 101.32 102.34 96.75 98.70 83.20 82.33 75.38 78.59 74.18 63.37 61.39 58.32 -9999 51.36 47.20 51.41 53.04 58.08 70.41 68.79 76.33 69.95 57.78 52.78 63.85 53.35 57.85 69.04 61.49 59.63 67.50 76.01 64.25 67.81 78.21 72.19 82.10 82.98 80.44 73.34 65.44 54.71 55.87 51.00 49.66 50.84 51.16 53.61 55.05 49.78 48.29 46.36 47.64 47.02 45.30
-9999 -9999 -9999 -9999 -9999 -9999 -9999 -9999 -9999 -9999 -9999 -9999 -9999 -9999 -9999 -9999 -9999 -9999 -9999 -9999 69.58 80.13 85.08 83.09 81.49 74.98 74.24 75.30 69.74 -9999 -9999 -9999 -9999 51.22 47.96 50.37 54.40 56.60 60.64 67.08 73.93 73.12 64.83 52.58 52.15 59.47 66.08 67.19 81.01 74.23 67.38 70.31 72.61 66.03 67.59 71.12 68.95 81.97 89.38 84.29 76.57 59.36 55.28 74.30 55.87 52.01 52.83 48.09 46.77 47.74 46.22 47.89 48.92 52.92 46.05 41.68
-9999 -9999 -9999 -9999 -9999 -9999 -9999 -9999 -9999 -9999 -9999 -9999 -9999 -9999 -9999 -9999 -9999 -9999 -9999 -9999 -9999 75.37 76.19 73.03 71.67 74.21 77.22 80.11 -9999 -9999 -9999 -9999 52.68 55.33 56.45 55.59 62.64 56.31 68.25 65.19 70.04 68.38 63.34 71.97 64.54 71.35 78.64 72.94 78.05 76.53 72.51 66.15 62.06 62.28 74.03 59.23 83.67 75.65 82.59 77.90 69.18 59.41 66.90 80.42 50.97 50.63 52.87 49.24 49.52 47.63 49.89 48.33 52.19 50.30 43.67 42.52
-9999 -9999 -9999 -9999 -9999 -9999 -9999 -9999 -9999 -9999 -9999 -9999 -9999 -9999 -9999 -9999 -9999 -9999 -9999 -9999 -9999 -9999 63.26 64.77 78.69 63.28 71.92 72.41 -9999 -9999 -9999 47.14 52.74 53.81 48.46 54.13 59.34 55.20 60.93 59.51 68.47 68.46 61.56 77.99 80.83 82.15 69.90 75.49 72.69 69.34 62.53 66.81 66.14 66.33 63.17 66.36 74.82 69.20 69.76 74.51 70.27 69.31 64.78 63.94 56.75 58.41 53.65 49.46 51.59 47.23 48.46 53.76 53.91 55.34 43.46 45.07
-9999 -9999 -9999 -9999 -9999 -9999 -9999 -9999 -9999 -9999 -9999 -9999 -9999 -9999 -9999 -9999 -9999 -9999 -9999 -9999 -9999 -9999 -9999 -9999 -9999 -9999 -9999 -9999 -9999 -9999 59.56 56.91 59.53 56.41 58.14 64.39 59.55 60.10 59.11 58.50 60.80 64.36 60.26 59.45 64.35 69.22 70.15 68.26 73.30 73.94 69.61 80.37 78.99 73.86 67.49 71.05 70.85 70.09 71.88 71.79 74.10 74.72 62.71 62.69 60.97 60.03 57.31 57.33 55.93 53.63 56.23 62.45 67.08 61.79 48.37 53.86
-9999 -9999 -9999 -9999 -9999 -9999 -9999 -9999 -9999 -9999 -9999 -9999 -9999 -9999 -9999 -9999 -9999 -9999 -9999 -9999 -9999 -9999 -9999 -9999 -9999 -9999 -9999 -9999 -9999 -9999 58.50 67.11 67.68 94.41 82.92 59.12 65.78 66.64 61.69 60.86 54.21 57.17 60.58 64.66 68.42 72.72 68.17 74.04 79.50 85.54 74.69 81.85 87.89 77.75 76.37 71.50 68.35 66.16 67.66 69.85 72.41 73.17 71.08 68.70 66.38 64.72 59.80 61.02 69.38 64.57 60.98 62.69 72.08 67.26 55.64 58.22
-9999 -9999 -9999 -9999 -9999 -9999 -9999 -9999 -9999 -9999 -9999 -9999 -9999 -9999 -9999 -9999 -9999 -9999 -9999 -9999 -9999 -9999 -9999 -9999 -9999 -9999 -9999 -9999 -9999 -9999 58.63 61.89 70.66 80.90 80.07 70.86 78.48 74.64 72.58 63.06 60.02 56.54 69.49 69.28 78.96 75.07 65.11 66.95 68.64 74.98 78.21 79.75 77.38 75.23 70.48 71.34 69.71 71.50 84.83 80.59 74.06 69.13 80.56 75.77 75.86 76.48 76.49 70.98 70.05 73.92 69.00 71.57 64.66 78.05 60.16 56.63
-9999 -9999 -9999 -9999 -9999 -9999 -9999 -9999 -9999 -9999 -9999 -9999 -9999 54.39 63.76 56.25 78.90 90.99 86.61 91.28 90.34 61.41 77.23 54.34 -9999 -9999 -9999 -9999 -9999 -9999 59.92 58.30 61.23 70.44 69.98 88.06 77.45 76.97 69.61 63.80 64.67 66.94 71.32 64.38 63.73 66.87 60.57 61.29 67.85 68.75 68.58 63.26 64.21 64.24 74.19 76.04 86.94 93.54 98.20 88.82 79.29 69.61 80.12 83.46 82.83 85.66 80.18 72.12 67.58 59.03 67.67 79.53 65.81 65.09 56.89 51.70
-9999 -9999 -9999 -9999 -9999 -9999 -9999 -9999 -9999 -9999 -9999 -9999 -9999 62.67 62.25 72.32 78.76 112.56 152.82 124.28 144.94 92.95 79.34 71.68 55.21 52.33 71.73 68.07 64.74 64.14 64.17 59.29 60.30 66.33 66.74 65.10 71.29 70.58 73.89 66.30 79.31 77.47 69.26 68.06 68.67 56.44 63.01 70.61 67.73 71.79 70.47 62.55 53.56 68.12 77.35 81.25 80.52 105.30 94.94 79.18 78.14 77.28 88.84 88.37 89.73 112.58 87.36 81.21 81.61 68.03 72.47 72.94 74.38 72.17 53.16 56.41
-9999 -9999 -9999 -9999 -9999 -9999 -9999 -9999 -9999 -9999 -9999 -9999 42.66 57.66 76.24 77.40 86.03 98.07 141.65 144.56 128.46 105.89 94.57 79.71 57.62 77.94 73.80 86.28 73.85 72.30 61.28 63.49 59.43 62.06 61.24 67.29 66.72 69.38 68.15 79.90 73.37 79.78 75.76 63.22 63.95 66.79 68.49 75.18 67.07 66.97 70.21 71.43 81.59 68.88 71.97 76.72 93.93 104.77 93.20 92.51 90.44 100.80 97.86 114.05 98.55 95.85 96.44 86.89 76.41 72.13 78.90 87.83 86.95 73.89 70.60 74.90
-9999 -9999 -9999 -9999 -9999 -9999 -9999 -9999 -9999 -9999 -9999 -9999 -9999 64.93 72.81 74.09 80.43 91.93 105.11 130.09 100.37 80.05 96.36 90.27 83.91 80.23 75.89 68.94 65.33 69.37 59.63 60.16 55.48 57.21 44.74 58.48 55.83 64.87 68.79 72.15 67.80 76.26 79.21 60.81 59.34 73.10 70.04 72.25 70.22 69.45 66.73 67.15 74.25 69.14 79.12 78.37 91.31 112.49 107.95 81.11 100.94 111.16 103.51 100.31 87.91 87.74 91.75 93.81 97.41 89.96 88.56 105.25 105.12 93.90 86.87 82.86
-9999 -9999 -9999 -9999 -9999 -9999 -9999 -9999 -9999 79.17 -9999 -9999 63.61 63.41 85.21 72.06 79.68 76.58 81.26 88.42 91.65 94.02 102.08 89.40 87.25 75.85 70.76 64.88 60.96 69.41 56.85 53.98 67.17 70.42 55.14 54.63 54.22 65.03 63.46 66.53 60.53 68.21 65.24 64.03 74.15 75.46 69.68 69.88 67.53 70.48 67.88 76.70 73.77 80.76 90.73 83.05 101.05 112.35 125.14 99.31 105.89 108.65 99.49 92.74 92.91 89.78 104.06 103.40 99.00 89.15 92.80 102.96 104.02 89.99 89.54 81.39
-9999 -9999 -9999 -9999 -9999 -9999 -9999 -9999 82.94 98.28 102.17 91.24 75.38 78.23 84.68 80.26 73.07 77.03 74.57 90.77 95.16 99.47 93.33 86.49 81.02 74.59 73.16 66.29 57.18 68.07 61.30 57.40 58.01 68.27 56.32 53.55 63.27 63.06 61.69 61.57 66.76 75.57 69.34 72.25 81.89 77.94 74.13 72.17 75.23 76.52 76.69 70.73 79.71 85.32 92.90 93.14 90.83 109.50 110.32 107.44 106.93 105.44 106.44 87.55 91.76 96.35 94.48 98.85 93.84 90.41 93.71 96.12 89.23 94.05 86.86 87.20
-9999 -9999 -9999 -9999 -9999 -9999 -9999 -9999 87.25 95.45 96.81 92.99 74.47 70.85 70.16 78.81 85.65 78.06 74.05 83.75 84.20 98.73 93.04 87.99 84.39 79.31 80.90 87.08 71.41 73.72 71.25 61.97 67.08 67.97 67.28 63.28 69.62 61.43 65.31 62.33 60.40 60.50 81.71 68.48 74.04 77.28 71.12 69.85 80.03 77.54 74.72 76.29 83.65 84.09 91.55 101.11 112.12 126.90 119.52 108.42 137.05 123.59 120.58 102.45 110.11 102.23 99.59 97.63 97.19 99.92 108.83 95.23 90.44 87.19 93.45 93.18
-9999 -9999 -9999 -9999 -9999 -9999 -9999 -9999 86.58 90.43 91.46 97.21 80.42 70.49 71.51 75.33 75.09 77.05 84.50 87.38 87.14 93.65 83.36 85.70 81.63 79.22 90.50 92.37 89.43 95.09 86.20 75.28 79.87 68.13 71.45 65.26 67.26 66.94 66.18 63.31 64.46 67.88 66.56 69.33 68.92 71.51 75.27 72.53 77.23 83.27 79.79 78.22 83.95 90.71 93.19 105.98 106.98 120.63 119.68 122.63 131.29 143.99 122.87 130.45 104.90 129.21 119.36 102.16 103.25 125.88 118.53 127.36 90.56 86.70 83.24 82.32
-9999 -9999 -9999 -9999 -9999 -9999 -9999 -9999 72.72 86.87 88.10 75.99 77.90 74.76 72.84 66.10 73.05 73.74 94.27 73.01 88.07 86.10 82.21 90.19 70.80 83.54 95.27 98.40 102.09 100.79 103.35 93.90 86.23 80.31 81.25 78.75 71.12 70.89 73.66 72.84 73.42 69.82 66.90 64.94 67.68 68.74 73.94 76.80 76.80 81.37 77.41 81.80 82.85 92.91 94.85 102.40 130.17 107.29 102.52 115.67 115.57 105.69 104.63 110.15 104.08 108.00 105.30 105.61 102.82 110.51 106.76 130.58 98.55 80.75 82.07 82.10
-9999 -9999 -9999 -9999 -9999 -9999 -9999 -9999 75.54 79.62 77.52 85.31 85.68 81.23 78.59 75.14 66.75 74.77 98.82 85.07 83.67 97.60 85.01 79.90 86.37 93.66 95.88 102.80 103.15 94.05 92.74 109.61 113.26 97.54 106.04 88.88 92.24 96.28 95.11 84.36 82.02 72.77 65.06 72.24 70.30 65.68 69.72 68.39 74.75 88.87 91.80 87.31 83.10 83.84 84.39 88.94 92.88 91.19 93.52 95.92 104.00 103.48 98.19 97.63 92.34 101.13 94.88 87.46 -9999 -9999 89.81 108.46 96.37 88.40 97.21 104.57
-9999 -9999 -9999 -9999 -9999 -9999 -9999 90.86 82.20 84.05 75.11 90.01 87.42 86.91 87.16 95.87 82.41 88.96 91.81 89.15 81.67 135.26 86.13 83.96 80.87 93.52 104.06 104.94 108.09 90.62 85.34 94.25 89.25 90.73 87.61 86.81 98.29 104.31 102.41 90.91 85.81 80.50 77.48 73.66 68.59 64.25 60.26 65.24 66.88 73.61 74.64 79.96 78.06 78.49 -9999 -9999 85.72 89.06 96.86 91.96 91.11 92.87 88.62 -9999 -9999 -9999 -9999 -9999 -9999 -9999 -9999 -9999 -9999 87.21 90.15 94.96
-9999 -9999 -9999 -9999 -9999 -9999 97.22 94.53 107.93 101.70 91.91 85.29 96.96 102.26 110.97 119.48 118.70 119.12 101.02 101.42 89.48 100.55 90.27 77.36 93.77 92.44 112.09 107.95 99.60 80.92 76.89 74.79 75.08 75.63 79.00 93.63 102.40 101.14 100.44 90.69 85.32 76.83 69.80 68.79 66.96 65.39 65.50 60.96 54.60 71.10 78.22 -9999 82.72 86.73 84.16 79.91 80.83 -9999 -9999 -9999 -9999 73.59 -9999 -9999 -9999 -9999 -9999 -9999 -9999 -9999 -9999 -9999 -9999 -9999 -9999 -9999
-9999 -9999 -9999 -9999 -9999 97.58 104.79 118.46 118.98 107.90 105.64 103.04 97.10 84.98 128.31 151.55 160.79 134.31 127.11 130.91 100.71 113.75 93.83 86.19 90.34 89.63 82.10 86.33 72.32 -9999 -9999 -9999 -9999 -9999 60.86 83.51 95.12 83.11 90.82 90.77 84.03 80.43 69.56 74.99 68.61 -9999 -9999 -9999 -9999 -9999 85.06 89.55 99.19 106.52 94.35 85.63 81.94 -9999 -9999 -9999 -9999 -9999 -9999 -9999 -9999 -9999 -9999 -9999 -9999 -9999 -9999 -9999 -9999 -9999 -9999 -9999
-9999 -9999 -9999 -9999 85.03 90.56 89.10 124.70 146.56 124.77 133.67 104.23 115.18 123.87 146.65 160.60 185.96 164.74 155.23 131.63 130.68 104.30 103.29 86.55 79.46 79.94 -9999 -9999 -9999 -9999 -9999 -9999 -9999 -9999 -9999 65.75 72.45 67.41 74.95 86.87 93.36 81.84 75.41 79.12 72.01 -9999 -9999 -9999 -9999 -9999 -9999 -9999 89.42 90.81 91.42 92.74 -9999 -9999 -9999 -9999 -9999 -9999 -9999 -9999 -9999 -9999 -9999 -9999 -9999 -9999 -9999 -9999 -9999 -9999 -9999 -9999
-9999 79.08 82.05 89.92 97.20 110.07 124.42 138.97 157.41 127.19 114.02 113.75 118.59 129.15 143.69 166.82 163.48 153.09 139.48 146.46 121.40 111.63 120.84 91.97 -9999 -9999 -9999 -9999 -9999 -9999 -9999 -9999 -9999 -9999 -9999 -9999 -9999 69.42 -9999 -9999 -9999 -9999 68.54 79.66 73.85 -9999 -9999 -9999 -9999 -9999 -9999 -9999 -9999 75.00 84.43 68.41 -9999 -9999 -9999 -9999 -9999 -9999 -9999 -9999 -9999 -9999 -9999 -9999 -9999 -9999 -9999 -9999 -9999 -9999 -9999 -9999
-9999 87.16 87.45 106.22 108.58 127.74 141.60 144.57 158.49 133.04 116.47 122.97 118.97 111.97 119.69 175.23 172.03 147.10 133.58 134.78 98.73 101.83 100.17 -9999 -9999 -9999 -9999 -9999 -9999 -9999 -9999 -9999 -9999 -9999 -9999 -9999 -9999 53.03 -9999 -9999 -9999 -9999 -9999 -9999 -9999 -9999 -9999 -9999 -9999 -9999 -9999 -9999 -9999 -9999 -9999 -9999 -9999 -9999 -9999 -9999 -9999 -9999 -9999 -9999 -9999 -9999 -9999 -9999 -9999 -9999 -9999 -9999 -9999 -9999 -9999 -9999
-9999 97.26 105.86 111.28 119.96 136.23 142.10 143.02 143.87 133.56 122.80 122.71 107.81 104.37 118.31 118.29 182.10 204.31 151.23 126.74 104.10 107.32 105.53 -9999 -9999 -9999 -9999 -9999 -9999 -9999 -9999 -9999 -9999 -9999 -9999 -9999 -9999 -9999 -9999 -9999 -9999 -9999 -9999 -9999 -9999 -9999 -9999 -9999 -9999 -9999 -9999 -9999 -9999 -9999 -9999 -9999 -9999 -9999 -9999 -9999 -9999 -9999 -9999 -9999 -9999 -9999 -9999 -9999 -9999 -9999 -9999 -9999 -9999 -9999 -9999 -9999
80.97 99.80 131.52 145.86 142.96 145.44 148.34 140.60 146.56 135.45 110.75 94.39 105.15 106.20 112.89 119.64 176.60 167.61 159.02 137.86 109.91 129.24 92.73 -9999 -9999 -9999 -9999 -9999 -9999 -9999 -9999 -9999 -9999 -9999 -9999 -9999 -9999 -9999 -9999 -9999 -9999 -9999 -9999 -9999 -9999 -9999 -9999 -9999 -9999 -9999 -9999 -9999 -9999 -9999 -9999 -9999 -9999 -9999 -9999 -9999 -9999 -9999 -9999 -9999 -9999 -9999 -9999 -9999 -9999 -9999 -9999 -9999 -9999 -9999 -9999 -9999
