Rainfall_2007-2011/Rainfall_2007-02_ACTUAL.txt
ncols         180
nrows         290
xllcorner     -200000
yllcorner     -200000
cellsize      5000
NODATA_value  -9999
[rows 102 to 135 of 290, columns 76 to 151 of 180]
119.10 -9999 127.14 150.46 215.81 199.98 249.83 233.41 258.66 261.18 314.05 272.60 248.35 207.48 191.16 214.84 189.53 146.16 166.39 214.18 240.69 193.76 174.59 175.50 160.66 143.72 126.83 107.20 93.70 129.06 110.62 105.59 154.42 110.16 97.33 85.78 70.01 -9999 -9999 -9999 -9999 -9999 -9999 -9999 -9999 -9999 -9999 -9999 -9999 -9999 -9999 -9999 -9999 -9999 -9999 -9999 -9999 -9999 -9999 -9999 -9999 -9999 -9999 -9999 -9999 -9999 -9999 -9999 -9999 -9999 -9999 -9999 -9999 -9999 -9999 -9999
-9999 115.55 118.05 138.24 135.56 214.29 244.03 201.72 234.20 288.06 324.08 260.43 262.01 244.41 214.62 180.93 183.30 180.59 217.35 226.81 195.32 226.33 215.94 171.62 148.55 129.43 106.33 97.65 119.28 107.64 96.28 99.13 89.48 88.37 86.55 -9999 -9999 -9999 -9999 -9999 -9999 -9999 -9999 -9999 -9999 -9999 -9999 -9999 -9999 -9999 -9999 -9999 -9999 -9999 -9999 -9999 -9999 -9999 -9999 -9999 -9999 -9999 -9999 -9999 -9999 -9999 -9999 -9999 -9999 -9999 -9999 -9999 -9999 -9999 -9999 -9999
133.20 138.41 171.32 195.78 185.86 176.10 159.71 187.58 217.40 272.97 286.00 239.49 212.49 201.07 212.32 227.23 139.17 159.30 170.58 195.86 204.65 177.99 172.93 148.31 127.86 112.59 94.29 96.29 93.20 90.03 89.49 84.90 86.14 73.45 -9999 -9999 -9999 -9999 -9999 -9999 -9999 -9999 -9999 -9999 -9999 -9999 -9999 -9999 -9999 -9999 -9999 -9999 -9999 -9999 -9999 -9999 -9999 -9999 -9999 -9999 -9999 -9999 -9999 -9999 -9999 -9999 -9999 -9999 -9999 -9999 -9999 -9999 -9999 -9999 -9999 -9999
125.40 157.94 202.03 197.38 162.27 174.81 160.32 174.20 249.36 274.98 281.13 248.11 282.36 230.79 215.60 160.70 166.59 193.32 177.20 152.50 129.65 125.77 117.06 101.10 107.02 103.01 84.68 90.50 80.78 82.72 97.43 80.39 73.23 69.13 -9999 -9999 -9999 -9999 -9999 -9999 -9999 -9999 -9999 -9999 -9999 -9999 -9999 -9999 -9999 -9999 -9999 -9999 -9999 -9999 -9999 -9999 -9999 -9999 -9999 -9999 -9999 -9999 -9999 -9999 -9999 -9999 -9999 -9999 -9999 -9999 -9999 -9999 -9999 -9999 -9999 -9999
128.99 137.92 179.96 177.64 182.62 215.45 198.41 208.29 234.91 306.53 297.68 291.34 264.06 340.23 270.31 241.08 264.81 217.62 183.56 193.96 187.78 132.69 108.75 90.60 102.66 102.84 94.23 92.89 86.63 80.68 73.53 83.13 71.72 79.79 79.56 -9999 -9999 -9999 -9999 -9999 -9999 -9999 -9999 -9999 -9999 -9999 -9999 -9999 -9999 -9999 -9999 -9999 -9999 -9999 -9999 -9999 -9999 -9999 -9999 -9999 -9999 -9999 -9999 -9999 -9999 -9999 -9999 -9999 -9999 -9999 -9999 -9999 -9999 -9999 -9999 -9999
119.80 139.16 183.60 182.30 195.44 179.84 170.06 174.38 275.48 370.50 273.07 292.32 280.08 332.58 263.30 286.34 221.05 225.56 239.41 179.32 183.35 132.47 108.41 119.41 162.30 146.15 166.73 134.17 96.69 88.67 79.88 106.37 93.79 100.56 100.16 96.96 -9999 -9999 -9999 -9999 -9999 -9999 -9999 -9999 -9999 -9999 -9999 -9999 -9999 -9999 -9999 -9999 -9999 -9999 -9999 -9999 -9999 -9999 -9999 -9999 -9999 -9999 -9999 -9999 -9999 -9999 -9999 -9999 -9999 -9999 -9999 -9999 -9999 -9999 -9999 -9999
118.25 147.47 172.03 195.32 197.96 191.23 189.35 232.88 290.22 394.78 282.27 289.99 259.59 265.17 200.05 203.67 205.31 162.27 136.81 129.03 149.68 144.77 165.21 184.03 165.04 162.74 148.87 127.00 125.88 93.91 113.20 101.46 116.78 115.76 101.36 79.50 65.55 -9999 -9999 -9999 -9999 -9999 -9999 -9999 -9999 -9999 -9999 -9999 -9999 -9999 -9999 -9999 -9999 -9999 -9999 -9999 -9999 -9999 -9999 -9999 -9999 -9999 -9999 -9999 -9999 -9999 -9999 -9999 -9999 -9999 -9999 -9999 -9999 -9999 -9999 -9999
127.99 139.98 182.69 204.33 183.63 188.55 218.42 294.82 284.32 232.13 257.84 401.23 262.20 220.67 192.95 183.31 151.77 134.58 111.04 108.33 124.25 192.03 224.75 167.76 154.37 135.16 118.18 118.16 124.00 100.96 110.30 104.95 93.36 90.35 82.38 68.31 -9999 -9999 -9999 -9999 -9999 -9999 -9999 -9999 -9999 -9999 -9999 -9999 -9999 -9999 -9999 -9999 -9999 -9999 -9999 -9999 -9999 -9999 -9999 -9999 -9999 -9999 -9999 -9999 -9999 -9999 -9999 -9999 -9999 -9999 -9999 -9999 -9999 -9999 -9999 -9999
104.29 137.52 156.95 161.16 198.79 238.30 218.59 268.77 263.32 255.86 257.07 247.18 261.35 202.12 165.95 135.23 113.27 105.87 111.96 93.98 115.29 107.37 99.55 119.47 136.42 140.41 119.64 116.53 107.33 90.83 95.28 91.46 -9999 -9999 -9999 -9999 -9999 -9999 -9999 -9999 -9999 -9999 -9999 -9999 -9999 -9999 -9999 -9999 -9999 -9999 -9999 -9999 -9999 -9999 -9999 -9999 -9999 -9999 -9999 -9999 -9999 -9999 -9999 -9999 -9999 -9999 -9999 -9999 -9999 -9999 -9999 -9999 -9999 -9999 -9999 -9999
132.78 152.88 130.74 139.16 223.59 230.30 262.39 265.64 184.82 215.13 219.39 186.78 167.04 177.15 134.41 128.45 123.99 135.85 152.98 107.40 103.77 104.43 105.49 105.71 106.46 121.81 112.47 113.61 111.16 88.54 -9999 -9999 -9999 -9999 -9999 -9999 -9999 -9999 -9999 -9999 -9999 -9999 -9999 -9999 -9999 -9999 -9999 -9999 -9999 -9999 -9999 -9999 -9999 -9999 -9999 -9999 -9999 -9999 -9999 -9999 -9999 -9999 -9999 -9999 -9999 -9999 -9999 -9999 -9999 -9999 -9999 -9999 -9999 -9999 -9999 -9999
168.52 173.76 150.26 193.30 212.38 250.41 274.59 249.75 196.35 191.40 176.07 133.39 129.31 118.99 104.79 116.92 151.55 158.19 169.57 141.43 119.55 109.76 97.46 98.55 86.36 95.85 94.23 112.33 101.34 73.41 -9999 -9999 -9999 -9999 -9999 -9999 -9999 -9999 -9999 -9999 -9999 -9999 -9999 -9999 -9999 -9999 -9999 -9999 -9999 -9999 -9999 -9999 -9999 -9999 -9999 -9999 -9999 -9999 -9999 -9999 -9999 -9999 -9999 -9999 -9999 -9999 -9999 -9999 -9999 -9999 -9999 -9999 -9999 -9999 -9999 -9999
160.94 -9999 163.51 199.26 221.71 275.52 251.09 232.57 179.66 132.70 134.28 132.17 131.09 132.54 119.93 166.17 181.56 184.92 187.63 140.57 108.18 102.78 91.27 80.53 69.67 67.79 62.49 77.83 -9999 -9999 -9999 -9999 -9999 87.64 75.86 78.23 88.70 -9999 -9999 -9999 -9999 -9999 -9999 -9999 -9999 -9999 -9999 -9999 -9999 -9999 -9999 -9999 -9999 -9999 -9999 -9999 -9999 -9999 -9999 -9999 -9999 -9999 -9999 -9999 -9999 -9999 -9999 -9999 -9999 -9999 -9999 -9999 -9999 -9999 -9999 -9999
188.30 -9999 156.75 189.18 196.51 197.04 239.74 183.20 182.98 129.66 143.29 136.22 130.84 134.73 124.99 135.32 125.69 123.45 115.86 113.72 99.07 98.96 97.65 80.28 71.30 62.82 55.17 47.13 48.85 46.12 -9999 -9999 62.31 76.24 81.22 71.19 72.49 70.21 72.98 -9999 -9999 -9999 -9999 -9999 -9999 -9999 -9999 -9999 -9999 -9999 -9999 -9999 -9999 -9999 -9999 -9999 -9999 -9999 -9999 -9999 -9999 -9999 -9999 -9999 -9999 -9999 -9999 -9999 -9999 -9999 -9999 -9999 -9999 -9999 -9999 -9999
164.22 138.08 149.48 128.27 157.02 161.08 170.06 154.28 147.44 160.08 163.71 149.45 112.31 102.46 112.32 117.80 107.72 102.69 103.49 97.33 86.61 89.04 76.59 78.63 63.58 50.95 40.84 41.41 43.73 58.77 54.37 61.48 62.30 68.96 67.59 96.91 99.39 105.66 112.89 64.71 -9999 -9999 -9999 -9999 -9999 -9999 -9999 -9999 -9999 -9999 -9999 -9999 -9999 -9999 -9999 -9999 -9999 -9999 -9999 -9999 -9999 -9999 -9999 -9999 -9999 -9999 -9999 -9999 -9999 -9999 -9999 -9999 -9999 -9999 -9999 -9999
134.68 148.38 131.78 148.00 136.18 116.75 134.27 -9999 151.92 197.01 186.63 149.18 120.47 109.04 96.33 84.82 88.20 82.47 80.87 89.69 86.89 86.28 70.26 73.05 61.77 45.53 41.13 46.97 73.85 62.35 83.63 66.59 63.89 68.31 51.35 109.29 103.86 101.05 109.59 99.82 95.39 89.62 54.16 -9999 -9999 -9999 -9999 -9999 -9999 -9999 -9999 -9999 -9999 -9999 -9999 -9999 -9999 -9999 -9999 -9999 -9999 -9999 -9999 -9999 -9999 -9999 -9999 -9999 -9999 -9999 -9999 -9999 -9999 -9999 -9999 -9999
122.95 159.27 126.01 -9999 109.61 98.47 123.21 -9999 144.23 225.79 192.38 158.71 130.77 124.65 94.70 79.85 70.37 63.61 63.70 74.90 82.98 88.52 89.28 68.19 76.84 76.41 65.27 76.00 70.64 54.74 50.53 73.02 72.81 81.48 94.33 131.06 110.28 102.28 116.34 114.18 114.48 83.53 77.27 -9999 -9999 -9999 -9999 -9999 -9999 -9999 -9999 -9999 -9999 -9999 -9999 -9999 -9999 -9999 -9999 -9999 -9999 -9999 -9999 -9999 -9999 -9999 -9999 -9999 -9999 -9999 -9999 -9999 -9999 -9999 -9999 -9999
128.23 136.32 112.63 -9999 -9999 108.77 113.69 126.72 163.79 172.07 162.78 142.10 142.75 129.78 111.60 89.38 82.84 69.12 60.53 69.25 75.48 84.02 92.16 98.51 106.80 109.38 90.65 82.40 64.80 67.01 59.12 72.04 124.64 131.68 116.17 125.01 117.22 101.04 117.62 90.44 85.49 79.96 74.24 70.54 -9999 -9999 -9999 -9999 -9999 -9999 -9999 -9999 -9999 -9999 -9999 -9999 -9999 -9999 -9999 -9999 -9999 -9999 -9999 -9999 -9999 -9999 -9999 -9999 -9999 -9999 -9999 -9999 -9999 -9999 -9999 -9999
128.03 -9999 -9999 -9999 -9999 -9999 114.90 115.90 151.11 156.09 139.29 124.77 137.95 127.08 118.59 98.65 89.95 83.12 67.74 55.19 66.94 69.48 80.18 92.00 100.04 100.51 81.43 80.48 79.45 67.63 82.93 104.49 124.15 126.39 95.99 78.70 90.75 93.75 99.65 74.29 68.90 72.81 82.02 67.78 -9999 -9999 -9999 -9999 -9999 -9999 -9999 -9999 -9999 -9999 -9999 -9999 -9999 -9999 -9999 -9999 -9999 -9999 -9999 -9999 -9999 -9999 -9999 -9999 -9999 -9999 -9999 -9999 -9999 -9999 -9999 -9999
128.59 140.88 148.43 152.64 -9999 -9999 -9999 113.14 130.34 126.45 117.63 114.30 109.52 118.88 114.80 109.98 111.03 95.40 81.21 66.54 52.34 62.90 66.07 62.36 78.89 69.61 70.94 91.24 82.78 108.03 125.07 119.93 108.49 105.61 83.67 66.73 67.81 78.67 87.77 71.26 70.73 68.35 77.31 66.58 65.92 -9999 -9999 -9999 -9999 -9999 -9999 -9999 -9999 -9999 -9999 -9999 -9999 -9999 -9999 -9999 -9999 -9999 -9999 -9999 -9999 -9999 -9999 -9999 -9999 -9999 -9999 -9999 -9999 -9999 -9999 -9999
132.53 138.01 151.08 214.42 201.54 -9999 -9999 -9999 97.17 94.01 88.28 93.63 89.75 92.49 91.99 90.01 87.81 86.10 77.53 64.51 74.43 61.60 62.64 65.05 77.81 70.21 85.22 73.83 89.40 91.03 94.26 105.36 93.27 86.53 76.43 66.58 55.24 56.15 73.25 62.67 70.55 75.98 75.33 71.75 64.18 61.83 -9999 -9999 -9999 -9999 -9999 -9999 -9999 -9999 -9999 -9999 -9999 -9999 -9999 -9999 -9999 -9999 -9999 -9999 -9999 -9999 -9999 -9999 -9999 -9999 -9999 -9999 -9999 -9999 -9999 -9999
126.09 100.55 133.01 220.18 196.46 -9999 -9999 -9999 -9999 -9999 83.54 81.04 80.35 83.29 76.48 84.44 86.79 96.91 96.68 84.86 80.75 67.97 69.61 69.67 67.56 56.97 85.96 85.72 80.57 90.78 86.22 66.21 65.78 59.35 65.40 68.20 59.88 59.81 54.46 52.67 55.32 63.11 63.43 65.69 72.93 66.30 54.62 -9999 -9999 -9999 -9999 -9999 -9999 -9999 -9999 -9999 -9999 -9999 -9999 -9999 -9999 -9999 -9999 -9999 -9999 -9999 -9999 -9999 -9999 -9999 -9999 -9999 -9999 -9999 -9999 -9999
-9999 107.40 114.64 193.10 173.79 -9999 -9999 -9999 -9999 -9999 76.75 72.20 81.16 72.86 82.17 89.15 93.78 102.36 100.71 98.44 92.28 97.09 106.94 72.97 70.37 91.67 85.67 126.09 92.96 116.03 90.76 98.99 89.56 71.78 60.49 52.92 46.48 50.56 53.90 61.96 69.32 60.28 65.75 63.97 68.69 74.14 59.76 60.58 49.57 -9999 -9999 -9999 -9999 -9999 -9999 -9999 -9999 -9999 -9999 -9999 -9999 -9999 -9999 -9999 -9999 -9999 -9999 -9999 -9999 -9999 -9999 -9999 -9999 -9999 -9999 -9999
-9999 -9999 121.88 137.93 121.53 -9999 -9999 -9999 -9999 -9999 59.79 59.92 68.08 62.60 68.40 66.74 79.27 94.51 92.77 109.16 97.74 94.84 103.80 86.08 86.89 99.50 110.33 143.77 132.73 111.52 107.36 88.39 64.33 60.01 60.38 51.30 47.64 47.00 52.55 45.90 61.54 85.74 89.62 71.27 72.57 70.05 67.33 63.89 60.35 -9999 -9999 -9999 -9999 -9999 -9999 -9999 -9999 -9999 -9999 -9999 -9999 -9999 -9999 -9999 -9999 -9999 -9999 -9999 -9999 -9999 -9999 -9999 -9999 -9999 -9999 -9999
-9999 -9999 94.74 96.66 91.83 -9999 -9999 -9999 -9999 -9999 59.07 61.02 66.91 69.81 72.27 75.92 89.92 113.76 125.39 106.10 110.97 89.39 101.00 88.24 96.03 119.22 148.06 143.55 124.98 132.57 116.77 87.06 81.15 60.82 58.79 53.47 36.23 38.35 54.99 59.74 71.15 98.18 102.21 96.91 77.84 78.37 59.79 71.09 67.80 -9999 -9999 -9999 -9999 -9999 -9999 -9999 -9999 -9999 -9999 -9999 -9999 -9999 -9999 -9999 -9999 -9999 -9999 -9999 -9999 -9999 -9999 -9999 -9999 -9999 -9999 -9999
-9999 -9999 -9999 -9999 -9999 -9999 -9999 -9999 -9999 68.44 68.99 78.35 81.37 79.13 84.82 86.32 97.99 105.45 127.58 122.50 116.00 144.41 133.82 134.45 139.20 147.09 162.06 167.47 187.52 133.76 115.80 95.30 73.49 60.83 45.62 44.94 48.37 42.75 55.29 68.95 98.14 89.99 112.85 120.08 79.37 76.98 72.69 76.80 73.98 -9999 -9999 -9999 -9999 -9999 -9999 -9999 -9999 -9999 -9999 -9999 -9999 -9999 -9999 -9999 -9999 -9999 -9999 -9999 -9999 -9999 -9999 -9999 -9999 -9999 -9999 -9999
-9999 -9999 -9999 -9999 -9999 -9999 -9999 -9999 -9999 76.90 70.60 89.40 102.22 114.40 115.79 118.57 114.16 119.01 100.14 125.22 130.37 129.40 152.54 148.42 137.35 113.66 155.70 139.28 151.78 124.35 110.31 92.03 71.49 52.86 54.31 51.48 43.58 46.63 47.78 76.69 86.67 74.67 109.23 101.10 78.43 72.02 76.80 90.22 74.73 -9999 -9999 -9999 -9999 -9999 -9999 -9999 -9999 -9999 -9999 -9999 -9999 -9999 -9999 -9999 -9999 -9999 -9999 -9999 -9999 -9999 -9999 -9999 -9999 -9999 -9999 -9999
-9999 -9999 -9999 -9999 -9999 -9999 -9999 -9999 65.69 75.44 72.05 96.75 113.00 113.11 145.34 174.17 176.36 162.69 160.74 140.95 135.17 136.85 154.03 146.69 139.88 101.10 124.79 146.19 135.62 137.78 118.66 111.29 90.36 74.05 70.75 59.77 50.21 87.73 84.73 106.67 99.64 87.48 75.93 79.19 76.96 91.18 91.52 76.12 66.42 -9999 -9999 -9999 -9999 -9999 -9999 -9999 -9999 -9999 -9999 -9999 -9999 -9999 -9999 -9999 -9999 -9999 -9999 -9999 -9999 -9999 -9999 -9999 -9999 -9999 -9999 -9999
-9999 -9999 -9999 -9999 -9999 -9999 -9999 -9999 68.15 65.82 93.61 100.90 123.85 121.96 168.79 186.58 237.48 206.43 173.09 147.71 145.45 135.57 185.14 169.87 132.55 113.59 115.55 137.23 130.87 130.10 124.93 96.57 99.52 110.37 97.44 96.35 93.38 106.42 98.90 105.06 99.78 89.92 92.45 86.40 76.04 83.25 76.56 70.76 65.09 79.93 -9999 -9999 -9999 -9999 -9999 -9999 -9999 -9999 -9999 -9999 -9999 -9999 -9999 -9999 -9999 -9999 -9999 -9999 -9999 -9999 -9999 -9999 -9999 -9999 -9999 -9999
-9999 -9999 -9999 -9999 -9999 -9999 -9999 60.21 75.32 79.65 105.68 127.82 122.06 140.85 176.21 202.68 209.38 210.14 192.56 162.85 128.80 105.27 120.62 144.31 136.00 114.24 108.83 115.26 124.40 126.86 122.51 116.05 96.25 122.65 112.12 97.58 124.43 107.15 115.02 112.49 82.31 86.35 99.96 102.18 95.71 79.46 74.78 70.39 63.69 60.25 -9999 -9999 -9999 -9999 -9999 -9999 -9999 -9999 -9999 -9999 -9999 -9999 -9999 -9999 -9999 -9999 -9999 -9999 -9999 -9999 -9999 -9999 -9999 -9999 -9999 -9999
-9999 -9999 -9999 -9999 -9999 -9999 -9999 83.30 89.17 101.93 154.02 168.90 188.03 174.46 236.02 192.23 190.27 189.82 182.78 176.42 120.02 106.40 124.89 134.23 142.61 104.93 101.03 99.72 105.38 117.44 141.10 107.13 121.53 121.55 105.38 126.15 110.84 109.09 105.10 86.85 79.92 81.93 85.29 85.36 88.59 79.22 81.86 79.03 63.73 66.36 -9999 -9999 -9999 -9999 -9999 -9999 -9999 -9999 -9999 -9999 -9999 -9999 -9999 -9999 -9999 -9999 -9999 -9999 -9999 -9999 -9999 -9999 -9999 -9999 -9999 -9999
-9999 -9999 -9999 -9999 -9999 -9999 120.26 115.99 119.43 147.59 159.06 164.46 225.50 240.95 286.15 190.09 176.07 168.28 171.63 174.98 132.12 118.91 139.66 122.77 107.29 93.29 89.35 102.42 105.15 129.01 132.36 119.77 132.26 114.19 111.41 121.96 97.79 99.17 84.17 86.20 84.13 92.50 92.36 84.99 82.62 70.20 70.35 73.65 66.37 56.58 -9999 -9999 -9999 -9999 -9999 -9999 -9999 -9999 -9999 -9999 -9999 -9999 -9999 -9999 -9999 -9999 -9999 -9999 -9999 -9999 -9999 -9999 -9999 -9999 -9999 -9999
-9999 -9999 -9999 -9999 -9999 107.72 127.74 143.98 145.53 155.87 147.38 172.34 204.61 219.27 275.76 187.81 144.21 161.42 163.82 149.39 133.27 121.01 115.75 106.01 113.00 109.27 90.55 103.42 106.93 116.84 115.22 109.96 116.38 99.76 103.90 119.77 106.94 113.25 100.32 90.83 90.46 86.39 82.68 80.16 86.51 76.88 71.69 75.53 63.57 59.31 60.31 -9999 -9999 -9999 -9999 -9999 -9999 -9999 -9999 -9999 -9999 -9999 -9999 -9999 -9999 -9999 -9999 -9999 -9999 -9999 -9999 -9999 -9999 -9999 -9999 -9999
-9999 -9999 -9999 -9999 -9999 118.32 131.65 129.69 148.85 149.16 150.99 182.10 235.78 230.26 219.23 209.22 160.57 154.28 152.45 138.45 156.93 115.23 103.33 96.70 92.48 101.75 88.11 102.46 103.87 110.27 102.92 93.14 96.39 99.87 89.20 106.64 99.67 104.61 105.46 82.08 86.72 89.50 82.79 77.47 88.19 79.09 69.17 67.35 68.49 62.17 65.11 -9999 -9999 -9999 -9999 -9999 -9999 -9999 -9999 -9999 -9999 -9999 -9999 -9999 -9999 -9999 -9999 -9999 -9999 -9999 -9999 -9999 -9999 -9999 -9999 -9999
-9999 -9999 -9999 90.98 99.71 118.68 117.60 126.10 146.26 147.63 152.75 173.86 200.77 186.19 226.98 202.85 177.80 141.81 140.07 138.56 129.34 116.02 106.21 81.72 98.56 90.74 77.12 82.83 88.07 90.06 79.43 73.63 79.70 78.02 74.90 88.05 91.68 88.20 84.18 85.30 83.90 86.71 81.49 77.79 82.34 79.52 76.93 70.48 64.23 63.74 64.45 -9999 -9999 -9999 -9999 -9999 -9999 -9999 -9999 -9999 -9999 -9999 -9999 -9999 -9999 -9999 -9999 -9999 -9999 -9999 -9999 -9999 -9999 -9999 -9999 -9999
