Rainfall_2007-2011/Rainfall_2007-07_ACTUAL.txt
ncols         180
nrows         290
xllcorner     -200000
yllcorner     -200000
cellsize      5000
NODATA_value  -9999
[rows 99 to 131 of 290, columns 75 to 149 of 180]
135.80 141.12 134.09 -9999 138.92 227.96 228.49 235.53 200.40 191.63 189.52 153.99 142.79 134.46 130.81 142.85 135.98 136.82 192.61 182.27 129.77 128.56 125.93 123.01 123.72 144.49 160.50 142.65 145.88 160.59 143.58 128.80 126.15 115.95 114.78 120.63 128.16 133.90 126.22 -9999 -9999 -9999 -9999 -9999 -9999 -9999 -9999 -9999 -9999 -9999 -9999 -9999 -9999 -9999 -9999 -9999 -9999 -9999 -9999 -9999 -9999 -9999 -9999 -9999 -9999 -9999 -9999 -9999 -9999 -9999 -9999 -9999 -9999 -9999 -9999
119.45 106.59 -9999 110.97 150.15 186.93 222.70 248.86 242.68 226.71 170.71 165.72 153.64 169.73 171.29 155.92 130.94 92.47 122.49 144.31 149.11 150.65 146.33 149.88 134.84 125.43 148.76 142.37 138.94 147.90 133.62 125.02 133.32 131.29 123.93 128.20 132.23 120.12 118.72 -9999 -9999 -9999 -9999 -9999 -9999 -9999 -9999 -9999 -9999 -9999 -9999 -9999 -9999 -9999 -9999 -9999 -9999 -9999 -9999 -9999 -9999 -9999 -9999 -9999 -9999 -9999 -9999 -9999 -9999 -9999 -9999 -9999 -9999 -9999 -9999
91.14 -9999 88.15 94.69 135.71 244.55 227.90 294.49 216.49 162.75 140.31 171.79 174.33 142.98 168.15 139.22 140.73 149.49 170.87 114.65 167.38 178.39 169.59 134.59 130.79 110.69 138.18 120.75 132.24 140.27 151.95 183.08 170.63 154.64 142.00 143.60 126.56 115.69 107.72 -9999 -9999 -9999 -9999 -9999 -9999 -9999 -9999 -9999 -9999 -9999 -9999 -9999 -9999 -9999 -9999 -9999 -9999 -9999 -9999 -9999 -9999 -9999 -9999 -9999 -9999 -9999 -9999 -9999 -9999 -9999 -9999 -9999 -9999 -9999 -9999
-9999 80.72 -9999 115.05 159.85 246.11 191.67 225.34 191.39 182.76 167.07 213.83 171.06 160.03 127.03 138.60 170.28 118.59 111.62 161.10 172.11 186.79 136.84 137.05 136.31 129.45 123.72 121.58 130.22 134.91 184.18 156.47 149.66 134.70 140.31 133.60 104.71 92.48 -9999 -9999 -9999 -9999 -9999 -9999 -9999 -9999 -9999 -9999 -9999 -9999 -9999 -9999 -9999 -9999 -9999 -9999 -9999 -9999 -9999 -9999 -9999 -9999 -9999 -9999 -9999 -9999 -9999 -9999 -9999 -9999 -9999 -9999 -9999 -9999 -9999
-9999 -9999 90.63 103.74 160.66 168.70 258.79 231.35 146.34 160.21 209.66 181.72 173.01 179.42 167.43 153.11 151.85 153.45 122.38 145.96 128.41 135.44 170.42 166.00 129.49 116.06 114.75 128.72 143.74 162.64 149.09 159.25 122.14 125.36 133.61 122.71 -9999 -9999 -9999 -9999 -9999 -9999 -9999 -9999 -9999 -9999 -9999 -9999 -9999 -9999 -9999 -9999 -9999 -9999 -9999 -9999 -9999 -9999 -9999 -9999 -9999 -9999 -9999 -9999 -9999 -9999 -9999 -9999 -9999 -9999 -9999 -9999 -9999 -9999 -9999
-9999 102.60 114.24 140.97 168.14 162.44 186.68 165.63 115.81 149.53 166.25 164.58 140.70 135.31 141.38 155.49 174.37 120.97 117.44 116.81 143.33 174.91 132.95 131.45 115.05 112.20 125.60 121.53 131.35 126.94 115.42 117.24 116.69 121.01 128.96 -9999 -9999 -9999 -9999 -9999 -9999 -9999 -9999 -9999 -9999 -9999 -9999 -9999 -9999 -9999 -9999 -9999 -9999 -9999 -9999 -9999 -9999 -9999 -9999 -9999 -9999 -9999 -9999 -9999 -9999 -9999 -9999 -9999 -9999 -9999 -9999 -9999 -9999 -9999 -9999
-9999 100.82 127.61 153.19 156.14 122.47 144.09 152.26 166.02 185.61 162.29 157.81 163.90 177.62 146.57 143.05 117.48 119.62 131.62 111.57 110.92 106.33 119.99 101.44 100.98 115.30 118.38 104.88 118.98 105.80 110.39 134.65 116.87 125.06 122.14 -9999 -9999 -9999 -9999 -9999 -9999 -9999 -9999 -9999 -9999 -9999 -9999 -9999 -9999 -9999 -9999 -9999 -9999 -9999 -9999 -9999 -9999 -9999 -9999 -9999 -9999 -9999 -9999 -9999 -9999 -9999 -9999 -9999 -9999 -9999 -9999 -9999 -9999 -9999 -9999
95.29 115.33 103.03 133.26 146.46 149.29 182.94 185.25 176.93 149.63 185.50 142.78 170.29 130.83 167.58 127.94 143.99 182.58 133.49 98.38 130.92 145.65 121.58 142.28 120.27 114.08 112.35 120.13 113.99 113.99 125.72 118.84 113.00 109.27 118.84 110.80 -9999 -9999 -9999 -9999 -9999 -9999 -9999 -9999 -9999 -9999 -9999 -9999 -9999 -9999 -9999 -9999 -9999 -9999 -9999 -9999 -9999 -9999 -9999 -9999 -9999 -9999 -9999 -9999 -9999 -9999 -9999 -9999 -9999 -9999 -9999 -9999 -9999 -9999 -9999
75.07 110.34 114.99 130.48 112.79 156.49 142.77 150.58 153.17 185.51 208.03 152.17 169.93 176.64 139.73 117.15 154.22 143.24 145.16 144.73 113.85 138.01 145.13 125.29 146.94 152.96 144.16 147.59 138.16 124.05 128.19 123.39 141.49 128.91 136.75 129.90 116.39 -9999 -9999 -9999 -9999 -9999 -9999 -9999 -9999 -9999 -9999 -9999 -9999 -9999 -9999 -9999 -9999 -9999 -9999 -9999 -9999 -9999 -9999 -9999 -9999 -9999 -9999 -9999 -9999 -9999 -9999 -9999 -9999 -9999 -9999 -9999 -9999 -9999 -9999
94.89 104.31 125.97 133.62 147.65 152.06 138.82 133.56 166.51 185.78 242.10 164.91 155.32 157.20 140.06 121.18 160.35 149.27 128.42 119.73 117.98 135.49 137.24 172.94 201.14 177.21 160.70 139.41 127.35 135.04 119.88 127.31 121.79 136.69 147.26 143.89 122.21 100.62 -9999 -9999 -9999 -9999 -9999 -9999 -9999 -9999 -9999 -9999 -9999 -9999 -9999 -9999 -9999 -9999 -9999 -9999 -9999 -9999 -9999 -9999 -9999 -9999 -9999 -9999 -9999 -9999 -9999 -9999 -9999 -9999 -9999 -9999 -9999 -9999 -9999
100.95 118.41 125.01 153.19 177.28 133.78 121.46 143.12 183.29 163.65 149.83 145.10 197.34 132.79 128.86 135.53 146.24 127.48 114.92 107.81 115.30 135.57 194.17 197.63 189.96 165.53 156.13 136.66 123.84 109.40 117.11 119.08 100.16 95.52 127.17 136.89 129.33 -9999 -9999 -9999 -9999 -9999 -9999 -9999 -9999 -9999 -9999 -9999 -9999 -9999 -9999 -9999 -9999 -9999 -9999 -9999 -9999 -9999 -9999 -9999 -9999 -9999 -9999 -9999 -9999 -9999 -9999 -9999 -9999 -9999 -9999 -9999 -9999 -9999 -9999
84.80 109.90 131.31 145.00 132.47 122.26 151.23 120.96 160.62 155.81 173.74 148.02 129.69 166.60 150.23 128.07 110.12 96.52 82.25 114.62 106.38 132.75 126.57 124.21 127.45 150.44 163.02 136.29 119.04 114.06 111.92 113.56 98.67 -9999 -9999 -9999 -9999 -9999 -9999 -9999 -9999 -9999 -9999 -9999 -9999 -9999 -9999 -9999 -9999 -9999 -9999 -9999 -9999 -9999 -9999 -9999 -9999 -9999 -9999 -9999 -9999 -9999 -9999 -9999 -9999 -9999 -9999 -9999 -9999 -9999 -9999 -9999 -9999 -9999 -9999
95.26 96.74 129.04 128.31 97.95 151.41 140.91 145.79 149.46 88.30 92.64 136.28 106.39 116.43 148.91 127.49 124.43 111.10 123.45 134.38 96.61 101.24 106.01 109.68 120.97 130.93 157.64 138.53 124.10 128.87 120.19 -9999 -9999 -9999 -9999 -9999 -9999 -9999 -9999 -9999 -9999 -9999 -9999 -9999 -9999 -9999 -9999 -9999 -9999 -9999 -9999 -9999 -9999 -9999 -9999 -9999 -9999 -9999 -9999 -9999 -9999 -9999 -9999 -9999 -9999 -9999 -9999 -9999 -9999 -9999 -9999 -9999 -9999 -9999 -9999
84.49 110.48 117.04 117.94 143.32 138.26 149.88 145.85 126.33 111.46 122.50 122.21 85.52 82.03 97.36 117.49 130.01 116.78 137.18 140.59 127.96 111.03 104.92 97.14 108.24 114.16 140.07 131.69 147.92 137.60 112.77 -9999 -9999 -9999 -9999 -9999 -9999 -9999 -9999 -9999 -9999 -9999 -9999 -9999 -9999 -9999 -9999 -9999 -9999 -9999 -9999 -9999 -9999 -9999 -9999 -9999 -9999 -9999 -9999 -9999 -9999 -9999 -9999 -9999 -9999 -9999 -9999 -9999 -9999 -9999 -9999 -9999 -9999 -9999 -9999
113.70 102.69 -9999 109.25 138.52 143.18 149.60 135.71 126.08 100.81 87.52 96.45 86.75 93.94 102.46 90.02 145.12 154.85 149.44 155.89 129.88 104.77 103.42 92.97 101.07 102.41 111.29 126.76 109.15 -9999 -9999 -9999 -9999 -9999 114.38 109.49 119.67 124.73 -9999 -9999 -9999 -9999 -9999 -9999 -9999 -9999 -9999 -9999 -9999 -9999 -9999 -9999 -9999 -9999 -9999 -9999 -9999 -9999 -9999 -9999 -9999 -9999 -9999 -9999 -9999 -9999 -9999 -9999 -9999 -9999 -9999 -9999 -9999 -9999 -9999
87.04 117.67 -9999 89.69 116.10 121.87 111.03 144.57 106.60 119.03 86.93 98.42 98.00 88.70 107.12 95.36 101.49 107.17 112.88 121.35 117.11 108.14 111.84 117.57 102.88 107.71 116.45 112.71 86.66 103.68 101.05 -9999 -9999 114.55 113.69 119.81 121.70 137.73 135.68 134.65 -9999 -9999 -9999 -9999 -9999 -9999 -9999 -9999 -9999 -9999 -9999 -9999 -9999 -9999 -9999 -9999 -9999 -9999 -9999 -9999 -9999 -9999 -9999 -9999 -9999 -9999 -9999 -9999 -9999 -9999 -9999 -9999 -9999 -9999 -9999
90.29 106.64 77.07 74.31 70.07 91.26 103.44 118.73 112.10 109.03 111.93 104.17 95.67 89.10 80.39 89.35 90.63 93.12 105.93 115.81 116.66 116.68 111.83 130.81 125.14 128.22 112.48 116.94 109.77 106.64 114.99 103.35 127.62 127.51 106.96 110.21 128.41 161.83 169.50 191.27 132.13 -9999 -9999 -9999 -9999 -9999 -9999 -9999 -9999 -9999 -9999 -9999 -9999 -9999 -9999 -9999 -9999 -9999 -9999 -9999 -9999 -9999 -9999 -9999 -9999 -9999 -9999 -9999 -9999 -9999 -9999 -9999 -9999 -9999 -9999
109.46 95.94 88.60 70.05 76.91 83.77 78.47 96.62 -9999 142.30 151.56 138.21 95.02 80.70 71.44 75.32 76.34 89.17 94.32 93.12 100.77 97.59 121.28 138.37 124.90 140.25 119.44 141.38 129.19 138.96 117.35 125.03 125.08 114.76 110.30 104.27 138.92 148.31 163.57 167.64 149.26 160.57 152.77 101.35 -9999 -9999 -9999 -9999 -9999 -9999 -9999 -9999 -9999 -9999 -9999 -9999 -9999 -9999 -9999 -9999 -9999 -9999 -9999 -9999 -9999 -9999 -9999 -9999 -9999 -9999 -9999 -9999 -9999 -9999 -9999
86.86 95.45 110.73 82.97 -9999 72.96 75.46 90.69 -9999 125.66 169.17 131.13 107.59 94.34 78.07 70.86 68.40 72.90 79.32 80.79 100.47 122.99 130.58 140.25 115.02 143.77 127.63 126.80 149.90 147.58 103.74 104.03 126.98 118.57 124.05 145.18 163.33 150.20 145.33 132.48 111.95 156.69 113.25 122.30 -9999 -9999 -9999 -9999 -9999 -9999 -9999 -9999 -9999 -9999 -9999 -9999 -9999 -9999 -9999 -9999 -9999 -9999 -9999 -9999 -9999 -9999 -9999 -9999 -9999 -9999 -9999 -9999 -9999 -9999 -9999
67.69 94.19 96.35 80.34 -9999 -9999 79.43 79.14 86.16 115.65 130.79 113.73 106.02 121.73 96.58 82.17 80.91 94.09 82.33 79.67 96.29 114.95 132.78 144.41 156.38 139.46 144.62 156.64 139.87 127.45 127.30 123.85 141.34 145.89 159.84 142.36 154.11 145.86 137.47 132.36 100.27 108.17 105.30 122.60 116.78 -9999 -9999 -9999 -9999 -9999 -9999 -9999 -9999 -9999 -9999 -9999 -9999 -9999 -9999 -9999 -9999 -9999 -9999 -9999 -9999 -9999 -9999 -9999 -9999 -9999 -9999 -9999 -9999 -9999 -9999
69.71 89.52 -9999 -9999 -9999 -9999 -9999 78.57 77.30 110.07 114.60 102.66 107.10 120.86 123.25 111.02 106.62 100.47 95.87 87.23 85.22 106.49 126.60 140.12 142.70 140.66 150.43 141.26 133.40 135.97 125.47 148.83 142.37 126.21 132.49 117.19 118.65 127.99 125.30 126.60 97.53 102.25 110.30 121.00 106.46 -9999 -9999 -9999 -9999 -9999 -9999 -9999 -9999 -9999 -9999 -9999 -9999 -9999 -9999 -9999 -9999 -9999 -9999 -9999 -9999 -9999 -9999 -9999 -9999 -9999 -9999 -9999 -9999 -9999 -9999
81.44 82.34 71.72 88.13 95.85 -9999 -9999 -9999 81.77 98.94 102.93 100.10 103.51 109.34 126.97 140.07 140.20 131.64 111.09 106.23 97.17 88.12 137.92 133.25 115.95 131.78 126.78 125.06 155.17 135.30 144.62 160.63 153.02 125.89 125.49 79.88 105.86 121.95 125.32 130.62 109.18 124.55 112.28 114.33 109.63 113.46 -9999 -9999 -9999 -9999 -9999 -9999 -9999 -9999 -9999 -9999 -9999 -9999 -9999 -9999 -9999 -9999 -9999 -9999 -9999 -9999 -9999 -9999 -9999 -9999 -9999 -9999 -9999 -9999 -9999
107.97 94.55 98.10 110.46 135.67 105.85 -9999 -9999 -9999 79.30 83.08 85.22 96.86 102.35 105.07 138.27 140.76 147.82 120.53 108.95 98.71 104.46 127.47 116.44 122.43 148.32 139.57 146.69 123.74 141.65 132.24 137.23 155.49 137.65 113.26 111.21 127.11 127.03 107.12 119.87 104.49 104.79 103.61 113.54 117.03 99.36 92.98 -9999 -9999 -9999 -9999 -9999 -9999 -9999 -9999 -9999 -9999 -9999 -9999 -9999 -9999 -9999 -9999 -9999 -9999 -9999 -9999 -9999 -9999 -9999 -9999 -9999 -9999 -9999 -9999
133.88 105.65 82.27 108.98 136.75 101.65 -9999 -9999 -9999 -9999 -9999 74.12 85.44 92.23 104.77 127.09 132.71 150.19 157.90 145.20 122.24 108.76 104.89 107.19 126.81 180.72 117.48 131.51 138.28 141.14 145.75 140.55 107.42 111.17 99.62 120.79 118.38 120.66 105.41 99.73 119.14 105.12 105.48 107.81 121.26 114.31 101.48 105.35 -9999 -9999 -9999 -9999 -9999 -9999 -9999 -9999 -9999 -9999 -9999 -9999 -9999 -9999 -9999 -9999 -9999 -9999 -9999 -9999 -9999 -9999 -9999 -9999 -9999 -9999 -9999
110.89 -9999 81.22 86.79 133.92 103.61 -9999 -9999 -9999 -9999 -9999 74.22 88.62 103.61 106.01 141.28 150.35 160.55 163.12 152.18 140.13 115.20 119.31 120.68 127.00 146.31 152.13 117.31 202.72 160.49 199.66 138.57 142.15 143.27 107.10 117.52 109.40 101.50 98.61 104.40 119.44 129.57 107.89 106.67 95.32 103.79 137.20 121.79 135.36 124.94 -9999 -9999 -9999 -9999 -9999 -9999 -9999 -9999 -9999 -9999 -9999 -9999 -9999 -9999 -9999 -9999 -9999 -9999 -9999 -9999 -9999 -9999 -9999 -9999 -9999
87.97 -9999 -9999 99.69 116.13 102.17 -9999 -9999 -9999 -9999 -9999 78.46 80.45 97.34 101.81 115.12 133.69 134.56 140.62 141.83 143.98 122.06 121.31 130.81 151.33 191.53 179.36 152.36 204.43 189.83 131.84 129.19 108.71 125.55 114.85 110.71 107.67 105.94 103.08 107.72 110.86 133.37 133.52 128.83 101.92 100.72 110.44 140.10 139.25 112.56 -9999 -9999 -9999 -9999 -9999 -9999 -9999 -9999 -9999 -9999 -9999 -9999 -9999 -9999 -9999 -9999 -9999 -9999 -9999 -9999 -9999 -9999 -9999 -9999 -9999
-9999 -9999 -9999 83.78 90.57 97.40 -9999 -9999 -9999 -9999 -9999 84.63 103.56 99.16 95.33 98.12 109.83 127.97 149.05 155.53 125.33 122.83 103.28 112.25 124.47 155.19 138.68 166.54 172.67 154.85 151.66 153.18 129.06 142.86 116.94 122.80 122.01 93.97 96.10 121.41 134.25 131.42 150.91 141.46 121.33 93.44 106.24 117.78 145.41 104.79 -9999 -9999 -9999 -9999 -9999 -9999 -9999 -9999 -9999 -9999 -9999 -9999 -9999 -9999 -9999 -9999 -9999 -9999 -9999 -9999 -9999 -9999 -9999 -9999 -9999
93.24 -9999 -9999 -9999 -9999 -9999 -9999 -9999 -9999 -9999 97.20 94.28 102.24 103.08 99.91 99.34 98.96 108.54 115.02 136.01 127.88 121.09 141.81 133.54 145.24 162.08 173.33 185.18 198.26 197.65 170.50 161.98 154.47 138.89 140.71 126.81 123.03 122.74 103.05 118.16 135.98 159.30 136.45 151.27 136.13 101.98 105.53 102.85 108.15 84.82 -9999 -9999 -9999 -9999 -9999 -9999 -9999 -9999 -9999 -9999 -9999 -9999 -9999 -9999 -9999 -9999 -9999 -9999 -9999 -9999 -9999 -9999 -9999 -9999 -9999
101.15 -9999 -9999 -9999 -9999 -9999 -9999 -9999 -9999 -9999 122.11 98.71 103.81 116.35 113.98 106.43 95.30 89.62 103.32 87.82 114.31 143.37 147.45 154.16 147.90 141.18 122.50 186.36 174.93 192.89 171.00 153.80 147.55 132.71 121.99 145.18 115.23 110.02 104.73 102.75 142.01 146.94 112.88 131.01 122.74 97.75 95.73 101.00 112.82 88.81 -9999 -9999 -9999 -9999 -9999 -9999 -9999 -9999 -9999 -9999 -9999 -9999 -9999 -9999 -9999 -9999 -9999 -9999 -9999 -9999 -9999 -9999 -9999 -9999 -9999
-9999 -9999 -9999 -9999 -9999 -9999 -9999 -9999 -9999 110.62 121.01 99.89 101.63 104.87 95.74 114.31 132.99 125.02 126.21 119.81 104.39 115.46 139.63 164.76 149.56 132.79 105.14 145.55 207.04 183.36 179.30 156.79 162.19 125.88 130.92 137.40 128.94 112.52 122.55 164.99 164.19 144.12 105.86 97.28 102.05 99.89 120.31 118.98 101.80 97.42 -9999 -9999 -9999 -9999 -9999 -9999 -9999 -9999 -9999 -9999 -9999 -9999 -9999 -9999 -9999 -9999 -9999 -9999 -9999 -9999 -9999 -9999 -9999 -9999 -9999
-9999 -9999 -9999 -9999 -9999 -9999 -9999 -9999 -9999 106.89 110.97 120.73 96.91 108.54 93.03 119.33 128.69 170.03 139.59 116.75 107.46 119.70 111.59 169.90 175.42 126.77 98.24 134.97 200.94 181.71 166.60 180.37 152.42 156.87 160.86 146.04 156.12 152.83 180.40 152.37 150.02 126.35 113.43 109.91 88.12 81.11 93.26 95.70 93.72 85.02 97.29 -9999 -9999 -9999 -9999 -9999 -9999 -9999 -9999 -9999 -9999 -9999 -9999 -9999 -9999 -9999 -9999 -9999 -9999 -9999 -9999 -9999 -9999 -9999 -9999
-9999 -9999 -9999 -9999 -9999 -9999 -9999 -9999 79.65 131.63 149.36 124.60 108.66 106.86 96.65 99.26 135.26 143.65 129.81 108.13 102.36 89.48 76.11 95.75 142.62 153.77 132.20 142.75 179.17 175.23 159.14 170.62 186.63 142.47 141.54 142.40 137.94 166.10 133.17 158.58 144.17 106.97 113.73 102.54 88.68 96.78 78.90 77.74 79.77 78.39 77.96 -9999 -9999 -9999 -9999 -9999 -9999 -9999 -9999 -9999 -9999 -9999 -9999 -9999 -9999 -9999 -9999 -9999 -9999 -9999 -9999 -9999 -9999 -9999 -9999
-9999 -9999 -9999 -9999 -9999 -9999 -9999 -9999 107.24 131.23 137.08 142.66 130.81 118.90 101.42 136.46 119.29 125.00 111.91 98.34 92.96 81.33 82.77 108.22 140.68 178.99 139.90 150.89 171.45 163.46 148.80 185.09 156.55 171.59 162.18 143.14 178.00 143.52 137.30 144.38 114.80 110.18 103.89 86.02 85.21 89.96 79.93 81.44 77.28 83.38 74.08 -9999 -9999 -9999 -9999 -9999 -9999 -9999 -9999 -9999 -9999 -9999 -9999 -9999 -9999 -9999 -9999 -9999 -9999 -9999 -9999 -9999 -9999 -9999 -9999
