Rainfall_2007-2011/Rainfall_2010-08_ACTUAL.txt
ncols         180
nrows         290
xllcorner     -200000
yllcorner     -200000
cellsize      5000
NODATA_value  -9999
[rows 204 to 237 of 290, columns 77 to 153 of 180]
52.10 62.57 71.79 89.82 95.81 95.16 96.10 108.67 111.02 113.12 104.06 105.51 122.45 131.33 102.23 108.45 91.92 97.41 110.63 127.95 137.36 111.90 110.72 79.81 92.50 94.74 163.06 174.94 170.27 121.34 119.57 135.49 148.63 142.72 107.55 110.43 99.40 87.49 97.18 100.36 86.18 115.41 99.55 112.53 127.40 159.21 148.48 125.98 145.65 151.79 152.59 133.85 124.12 124.75 125.60 129.15 133.78 135.39 136.86 139.61 129.55 154.37 155.36 128.25 138.25 144.81 136.04 138.40 136.17 148.15 141.33 142.85 137.31 137.27 138.18 115.71 118.99
43.31 64.31 72.44 71.14 95.29 78.26 88.51 90.31 96.22 94.62 99.83 107.67 110.03 107.29 100.56 109.72 140.92 151.79 183.97 234.25 169.51 167.27 173.52 193.86 176.34 105.23 109.44 208.33 159.72 95.78 120.73 141.24 135.91 113.92 91.44 127.64 109.76 98.04 110.00 106.52 120.33 115.86 126.21 154.08 170.23 151.38 126.56 124.04 126.92 115.89 140.30 128.23 120.27 100.30 104.51 113.45 134.46 156.61 136.66 135.83 135.37 129.02 125.14 122.60 113.00 135.26 146.13 135.74 135.62 143.02 159.64 150.74 142.45 125.73 121.69 127.11 114.12
58.12 69.71 72.86 78.00 80.23 85.87 87.57 87.82 89.09 82.02 103.93 102.82 117.21 115.36 132.12 119.83 171.82 201.51 211.26 200.97 210.69 237.47 243.51 337.93 190.81 169.68 142.60 102.51 138.23 146.65 80.79 91.83 91.20 119.15 118.39 140.22 114.58 106.03 104.29 114.34 118.04 125.92 168.33 154.48 148.69 127.54 124.86 128.90 130.15 143.34 134.05 125.40 129.59 108.74 109.13 122.38 140.73 142.89 138.22 136.01 133.30 130.60 136.48 136.74 128.47 116.06 130.03 143.62 146.71 126.70 124.76 130.68 136.54 122.77 114.44 118.14 106.34
64.20 67.58 73.86 76.17 88.12 98.13 100.27 88.10 85.04 91.68 104.10 106.72 121.79 116.69 141.57 129.14 159.41 184.69 198.76 166.96 188.36 213.46 241.27 234.16 219.05 179.74 149.35 132.29 181.94 138.65 114.07 112.41 118.45 112.69 124.93 130.86 137.88 107.18 118.70 131.60 175.54 145.21 124.00 131.30 103.46 112.72 129.27 134.37 121.47 122.02 127.12 128.25 123.50 124.33 121.49 124.47 132.87 136.90 136.31 124.78 123.24 126.63 149.58 113.20 128.01 117.80 114.69 124.84 121.41 121.24 129.62 135.62 130.32 117.91 117.01 114.87 106.20
57.06 47.74 72.79 79.81 96.75 92.04 84.10 76.28 78.54 87.01 98.65 103.76 116.51 147.38 137.25 165.32 198.48 212.19 222.64 217.63 174.01 192.86 182.50 174.17 159.67 182.63 152.19 160.16 151.35 122.34 133.17 103.35 102.13 121.46 120.28 126.33 133.46 122.17 130.52 124.27 140.69 132.12 127.25 118.64 128.73 120.94 127.03 123.87 105.94 108.04 119.49 125.10 147.38 143.94 130.47 115.16 113.40 113.96 121.39 125.09 131.99 141.61 138.85 126.72 130.48 134.59 141.87 133.25 127.04 139.06 134.45 136.81 142.59 104.38 120.69 110.70 105.69
57.39 68.90 78.72 80.21 91.61 89.07 -9999 -9999 -9999 -9999 85.44 97.26 122.41 122.18 136.75 165.46 174.41 242.41 205.54 215.29 279.26 284.45 228.88 178.97 157.02 181.87 178.02 170.80 137.15 140.63 135.54 114.35 122.29 112.84 118.66 121.97 141.19 140.52 136.22 151.75 128.30 150.34 138.54 122.01 123.67 122.26 120.48 109.93 106.39 115.58 116.44 117.19 130.61 128.66 125.79 122.69 115.49 115.35 120.91 123.60 131.80 134.87 140.35 141.96 116.27 133.64 135.38 159.86 144.79 138.58 118.42 118.75 127.36 115.51 110.35 116.22 110.32
67.16 82.58 85.37 76.53 90.43 78.20 -9999 -9999 -9999 -9999 -9999 -9999 -9999 126.50 163.71 166.67 160.73 180.94 204.08 274.66 287.12 275.85 289.75 226.86 179.23 178.35 149.82 177.08 205.13 153.29 130.99 169.37 162.14 146.29 109.88 122.54 153.08 142.93 144.28 148.18 130.13 131.17 119.12 114.12 110.29 109.92 114.10 110.55 108.01 116.10 103.71 104.76 124.88 118.19 116.66 116.99 123.58 115.75 132.53 132.50 137.61 131.53 131.84 128.48 122.78 124.78 130.73 142.97 132.90 121.08 103.14 122.77 105.97 107.15 110.14 100.10 101.10
-9999 -9999 73.49 -9999 -9999 -9999 -9999 -9999 -9999 -9999 -9999 144.14 147.39 160.28 172.42 157.08 156.89 150.99 189.28 246.25 260.69 291.13 257.37 209.53 184.84 199.35 164.11 168.41 157.92 149.92 118.78 152.90 154.04 128.44 115.10 131.21 142.14 122.67 154.75 145.29 128.42 130.61 120.76 115.08 113.21 110.50 114.97 108.93 114.96 105.02 105.97 99.88 112.06 118.53 118.56 110.75 121.16 133.94 121.64 138.59 119.77 115.41 125.23 114.72 122.44 127.16 136.22 130.14 126.56 111.74 107.98 83.05 121.89 125.35 98.63 79.49 91.14
-9999 -9999 -9999 -9999 -9999 -9999 -9999 -9999 -9999 -9999 -9999 151.25 155.04 153.72 166.08 155.24 -9999 -9999 143.13 215.31 192.59 217.94 205.20 204.38 183.24 188.87 152.47 140.82 143.16 127.32 132.67 122.47 118.24 104.81 112.61 128.93 135.84 136.58 151.66 133.71 129.53 149.59 119.22 124.36 116.89 118.76 110.97 107.33 111.06 101.28 126.63 119.15 107.76 101.72 111.56 116.53 118.63 89.72 108.35 103.15 106.92 123.38 113.59 103.48 105.91 104.83 107.90 108.73 124.29 114.29 113.12 100.98 100.45 94.90 90.06 85.13 100.59
-9999 -9999 -9999 -9999 -9999 -9999 -9999 -9999 -9999 -9999 -9999 -9999 -9999 -9999 -9999 -9999 -9999 -9999 118.89 137.66 179.09 175.04 167.10 177.41 143.08 150.76 143.59 125.69 122.32 118.73 119.56 118.12 -9999 107.60 103.01 120.51 132.83 135.04 160.82 149.23 154.89 134.34 122.36 114.03 121.30 112.81 110.85 125.42 127.61 121.36 118.44 124.44 104.54 101.96 102.40 94.40 115.97 112.61 104.31 110.69 108.97 104.40 104.87 114.82 79.63 97.74 98.86 99.05 98.58 87.68 99.38 85.73 78.44 74.95 84.41 81.57 85.33
-9999 -9999 -9999 -9999 -9999 -9999 -9999 -9999 -9999 -9999 -9999 -9999 -9999 -9999 -9999 -9999 -9999 -9999 -9999 132.77 154.73 154.22 168.21 159.19 137.66 144.68 147.49 123.55 -9999 -9999 -9999 -9999 123.13 102.69 120.97 125.04 143.62 139.31 151.71 147.11 139.37 117.71 113.65 126.63 107.77 116.25 107.60 131.76 128.60 131.89 113.32 108.58 97.14 91.92 97.90 91.60 104.92 109.34 91.42 94.92 90.61 95.49 94.36 94.94 89.27 102.45 88.99 82.68 87.08 87.02 84.04 87.48 89.19 82.07 71.96 76.61 77.95
-9999 -9999 -9999 -9999 -9999 -9999 -9999 -9999 -9999 -9999 -9999 -9999 -9999 -9999 -9999 -9999 -9999 -9999 -9999 -9999 145.03 163.74 158.55 139.17 137.09 139.97 138.55 -9999 -9999 -9999 -9999 120.77 154.42 140.01 124.01 110.54 133.19 162.49 151.13 148.01 120.37 118.06 110.20 112.46 117.94 130.24 114.99 122.56 121.79 113.03 106.22 103.08 89.15 95.27 84.90 105.53 94.36 94.47 89.42 88.66 82.98 98.99 105.96 92.87 94.40 99.07 91.35 89.86 87.95 91.18 82.70 90.15 81.03 80.24 80.58 73.95 75.60
-9999 -9999 -9999 -9999 -9999 -9999 -9999 -9999 -9999 -9999 -9999 -9999 -9999 -9999 -9999 -9999 -9999 -9999 -9999 -9999 -9999 133.19 107.53 109.83 121.17 131.95 128.26 -9999 -9999 -9999 135.98 129.29 128.88 125.71 133.64 140.39 133.45 121.53 113.71 129.89 109.79 108.17 119.79 113.56 108.41 98.54 109.19 105.18 97.97 92.90 93.28 103.72 110.44 97.14 94.18 93.61 83.89 85.31 88.78 89.41 93.21 100.21 92.40 90.91 100.92 92.42 88.87 78.87 80.62 80.08 87.18 87.41 90.01 80.91 82.68 81.39 79.65
-9999 -9999 -9999 -9999 -9999 -9999 -9999 -9999 -9999 -9999 -9999 -9999 -9999 -9999 -9999 -9999 -9999 -9999 -9999 -9999 -9999 -9999 -9999 -9999 -9999 -9999 -9999 -9999 -9999 157.30 137.49 128.28 111.72 131.71 136.27 133.18 121.86 113.59 117.44 116.26 87.85 87.02 95.06 90.54 97.07 93.12 96.87 100.07 98.56 90.82 108.79 94.28 103.72 80.13 89.43 74.91 80.29 92.14 90.32 89.40 93.18 87.42 76.77 92.49 98.23 93.53 86.53 80.98 79.69 90.37 97.58 103.65 96.47 74.10 93.23 88.83 94.72
-9999 -9999 -9999 -9999 -9999 -9999 -9999 -9999 -9999 -9999 -9999 -9999 -9999 -9999 -9999 -9999 -9999 -9999 -9999 -9999 -9999 -9999 -9999 -9999 -9999 -9999 -9999 -9999 -9999 100.04 122.01 115.96 156.35 145.02 115.09 115.45 109.16 102.78 121.51 105.80 92.18 90.21 94.79 94.59 92.77 85.20 93.65 97.24 111.47 104.48 103.63 107.45 96.30 84.95 84.23 80.55 78.44 80.61 90.57 98.27 100.76 96.74 93.63 93.98 88.46 97.77 103.00 85.17 88.47 96.31 104.30 105.58 99.40 83.05 91.13 92.97 86.63
-9999 -9999 -9999 -9999 -9999 -9999 -9999 -9999 -9999 -9999 -9999 -9999 -9999 -9999 -9999 -9999 -9999 -9999 -9999 -9999 -9999 -9999 -9999 -9999 -9999 -9999 -9999 -9999 -9999 84.67 89.74 101.92 114.27 135.89 122.96 127.87 119.23 120.02 111.41 101.92 91.71 96.91 92.51 103.00 100.91 95.33 81.64 78.97 88.83 91.91 87.02 89.80 88.46 82.03 84.58 78.59 82.59 88.31 91.54 101.26 105.27 104.90 97.43 92.85 98.22 112.94 96.75 87.18 92.90 98.65 102.94 110.38 129.77 110.36 83.20 86.04 88.61
-9999 -9999 -9999 -9999 -9999 -9999 -9999 -9999 -9999 -9999 -9999 -9999 130.41 170.09 136.70 179.99 174.39 194.05 156.39 161.70 105.16 153.83 106.03 -9999 -9999 -9999 -9999 -9999 -9999 83.98 88.50 75.12 81.06 97.51 112.21 121.94 124.32 106.03 116.97 99.94 109.08 100.79 88.24 84.73 93.52 77.36 71.85 72.70 72.94 67.73 69.67 92.26 90.32 87.24 98.27 107.27 112.07 95.23 100.59 107.85 100.82 105.65 101.32 100.30 106.46 99.47 88.20 78.40 82.84 95.85 103.16 96.87 108.48 94.91 73.29 75.20 77.29
-9999 -9999 -9999 -9999 -9999 -9999 -9999 -9999 -9999 -9999 -9999 -9999 157.65 190.06 195.08 127.15 218.87 225.69 176.71 186.63 173.40 177.86 130.92 77.27 77.81 100.99 100.59 75.27 83.24 76.00 75.65 87.64 80.57 90.41 96.64 100.56 109.65 104.74 92.67 113.33 106.06 85.63 85.19 93.74 75.66 75.30 73.20 74.73 75.21 72.81 80.50 81.26 82.69 92.22 99.35 92.43 112.08 115.02 104.95 110.93 98.64 121.70 110.03 107.64 141.93 111.51 100.68 96.55 98.92 105.80 97.93 110.44 105.62 98.92 79.09 90.80 94.17
-9999 -9999 -9999 -9999 -9999 -9999 -9999 -9999 -9999 -9999 -9999 97.17 129.56 132.93 150.71 150.12 178.07 223.15 225.82 210.16 203.85 172.90 146.78 91.84 102.28 92.80 116.91 79.61 73.07 83.11 88.17 87.90 96.50 86.25 95.83 94.94 98.24 95.09 110.90 99.20 111.74 95.97 83.71 82.80 101.19 79.49 77.78 83.23 81.45 85.20 82.15 85.25 83.78 74.08 86.58 117.96 126.74 107.47 102.14 97.77 116.05 111.41 107.79 114.33 116.21 116.30 116.24 101.52 108.02 101.61 114.61 114.27 98.90 100.77 103.28 104.46 98.07
-9999 -9999 -9999 -9999 -9999 -9999 -9999 -9999 -9999 -9999 -9999 -9999 104.24 113.09 115.48 137.06 162.02 167.82 222.79 187.21 165.12 119.74 127.71 136.69 108.98 92.98 87.23 92.70 84.25 88.23 101.30 83.06 87.26 78.04 84.12 79.17 91.10 97.24 101.88 94.39 98.73 96.37 78.18 76.21 83.90 78.59 88.93 87.13 86.91 81.91 77.51 84.90 80.36 71.69 96.76 115.22 120.33 121.13 114.53 112.42 121.34 121.41 116.08 97.40 106.27 102.37 110.82 103.09 121.76 125.17 122.73 143.55 128.12 119.07 122.45 116.72 101.56
-9999 -9999 -9999 -9999 -9999 -9999 -9999 -9999 122.58 -9999 -9999 93.08 92.65 114.57 104.56 119.56 159.24 129.40 124.51 142.30 135.47 145.85 117.54 115.78 101.33 90.09 80.79 81.12 81.62 91.38 91.88 75.18 87.92 78.94 83.55 91.23 92.92 84.60 80.60 74.09 79.32 73.53 61.73 86.60 84.93 80.83 89.59 91.19 89.41 81.16 95.44 91.80 89.00 101.35 94.08 122.08 124.85 150.33 140.16 123.92 137.48 112.04 119.74 120.17 112.17 112.85 115.43 125.55 116.26 121.81 122.27 137.32 128.34 124.58 124.16 118.78 107.72
-9999 -9999 -9999 -9999 -9999 -9999 -9999 120.84 130.15 144.86 126.50 102.55 107.57 120.76 105.80 94.20 111.89 98.20 105.00 104.29 120.55 99.74 92.48 78.92 84.34 83.34 79.55 86.64 91.98 100.52 82.99 83.48 82.57 79.10 82.83 85.38 76.37 70.64 61.44 75.64 84.75 78.90 78.75 100.37 85.60 86.60 84.09 82.96 95.93 100.10 93.20 97.63 101.81 103.99 104.62 101.98 116.57 114.13 121.50 121.19 121.84 129.66 133.89 130.98 130.89 113.28 114.79 111.31 114.50 133.75 123.23 126.78 131.51 102.09 110.06 124.54 118.30
-9999 -9999 -9999 -9999 -9999 -9999 -9999 121.76 137.50 132.57 122.11 114.29 105.40 103.89 107.71 113.38 108.19 101.10 94.97 87.85 102.68 94.66 86.66 92.02 85.55 101.78 116.38 109.58 94.78 79.82 85.08 80.72 87.30 90.89 82.85 63.08 63.14 71.16 61.34 58.54 61.94 77.42 85.97 85.51 82.20 83.44 83.47 96.90 93.91 88.41 74.70 94.62 90.16 96.18 102.73 117.60 127.31 140.02 132.55 180.09 146.57 149.43 143.97 121.13 142.81 132.32 115.82 117.02 113.48 153.21 120.30 117.45 106.86 102.49 106.23 108.47 104.13
-9999 -9999 -9999 -9999 -9999 -9999 -9999 112.78 139.95 175.34 128.90 119.86 114.56 110.36 94.98 89.34 80.37 74.35 89.15 76.27 90.43 84.56 73.88 76.33 76.85 106.41 111.88 107.94 110.25 96.92 87.98 97.88 75.75 85.05 77.60 77.61 73.02 63.43 64.75 59.67 79.42 70.79 87.23 84.73 85.32 89.16 89.14 94.97 102.85 93.31 81.79 82.91 101.52 106.32 103.11 115.36 127.72 143.88 172.68 175.41 156.95 165.24 182.62 126.55 178.03 149.99 121.27 111.89 154.32 150.72 138.14 100.31 98.74 95.73 94.06 99.15 78.49
-9999 -9999 -9999 -9999 -9999 -9999 -9999 110.11 130.19 126.44 122.42 104.10 108.16 90.50 75.41 94.02 83.54 71.88 80.71 76.67 70.41 75.37 79.14 69.15 81.21 102.20 105.81 116.70 117.82 101.32 106.82 101.37 89.88 93.80 88.07 80.43 82.72 73.48 78.60 83.76 79.92 83.76 82.07 83.80 81.37 87.31 86.74 94.18 95.26 87.90 88.29 95.28 102.90 110.76 118.52 128.77 130.47 130.12 140.68 140.93 131.00 125.02 117.14 122.98 130.21 125.33 119.02 112.06 118.89 116.09 137.30 102.96 87.84 91.16 91.72 73.36 77.72
-9999 -9999 -9999 -9999 -9999 -9999 -9999 82.91 97.02 85.15 105.17 95.50 99.34 91.07 79.54 80.43 77.32 80.63 65.95 63.16 73.68 73.46 71.07 76.82 77.57 80.14 88.67 113.15 104.33 90.06 120.08 123.11 104.89 118.41 101.49 110.98 113.39 105.89 102.48 97.05 85.30 82.07 88.73 89.65 86.00 95.66 90.64 97.37 98.79 100.67 103.56 96.97 93.69 103.29 113.94 110.59 121.00 117.84 109.79 123.05 109.07 100.55 108.35 111.52 107.49 107.88 100.80 -9999 -9999 92.11 83.00 84.20 83.30 84.69 110.68 85.74 -9999
-9999 -9999 -9999 -9999 -9999 -9999 89.69 83.97 86.46 82.96 95.23 100.03 108.44 95.39 89.83 71.70 75.84 67.83 62.31 62.79 62.91 65.21 70.11 73.08 75.59 80.73 105.06 107.31 91.12 97.78 110.08 95.81 104.92 97.99 102.38 129.98 119.36 120.79 102.45 99.52 100.85 104.09 98.47 100.71 93.01 99.41 89.84 99.86 100.40 93.24 96.72 90.61 89.94 -9999 -9999 108.79 114.06 115.31 110.62 107.09 101.92 80.18 -9999 -9999 -9999 -9999 -9999 -9999 -9999 -9999 -9999 -9999 85.58 85.42 93.73 87.31 -9999
-9999 -9999 -9999 -9999 -9999 104.42 109.07 95.49 87.50 76.16 70.58 81.49 107.44 94.70 104.85 91.84 84.61 77.94 72.41 72.94 64.91 69.01 64.51 71.57 71.28 97.06 120.90 110.06 104.39 113.92 88.53 82.30 86.77 99.73 110.32 113.76 109.87 115.12 100.13 108.48 115.71 97.86 91.17 99.39 98.54 89.35 81.42 81.66 101.29 111.46 -9999 91.22 98.83 96.22 104.30 100.85 -9999 -9999 -9999 -9999 91.73 -9999 -9999 -9999 -9999 -9999 -9999 -9999 -9999 -9999 -9999 -9999 -9999 -9999 -9999 -9999 -9999
-9999 -9999 -9999 -9999 110.69 115.50 110.49 93.17 75.46 64.82 69.26 70.54 71.97 126.81 163.72 158.03 103.76 81.69 96.37 82.28 80.91 61.21 61.51 80.24 71.17 82.34 84.06 79.74 -9999 -9999 -9999 -9999 -9999 74.87 100.58 115.26 105.01 109.15 101.69 92.12 113.99 98.03 99.57 95.11 -9999 -9999 -9999 -9999 -9999 85.08 99.17 93.86 115.08 107.30 112.42 95.92 -9999 -9999 -9999 -9999 -9999 -9999 -9999 -9999 -9999 -9999 -9999 -9999 -9999 -9999 -9999 -9999 -9999 -9999 -9999 -9999 -9999
-9999 -9999 -9999 74.56 97.73 137.81 114.63 105.04 77.48 71.41 64.62 83.47 109.71 144.39 177.84 214.71 159.37 111.02 89.22 84.76 81.54 75.45 63.46 68.96 77.45 -9999 -9999 -9999 -9999 -9999 -9999 -9999 -9999 -9999 74.41 93.13 86.51 108.87 116.51 130.38 119.30 153.09 135.29 109.58 -9999 -9999 -9999 -9999 -9999 -9999 -9999 95.46 113.79 96.31 114.66 -9999 -9999 -9999 -9999 -9999 -9999 -9999 -9999 -9999 -9999 -9999 -9999 -9999 -9999 -9999 -9999 -9999 -9999 -9999 -9999 -9999 -9999
60.30 64.74 67.06 75.37 90.00 108.37 119.27 110.61 88.99 83.30 145.25 107.13 118.17 128.05 200.57 197.61 135.54 105.08 120.37 75.26 90.11 105.87 71.53 -9999 -9999 -9999 -9999 -9999 -9999 -9999 -9999 -9999 -9999 -9999 -9999 -9999 69.19 -9999 -9999 -9999 -9999 110.43 120.57 115.19 -9999 -9999 -9999 -9999 -9999 -9999 -9999 -9999 91.41 109.14 75.79 -9999 -9999 -9999 -9999 -9999 -9999 -9999 -9999 -9999 -9999 -9999 -9999 -9999 -9999 -9999 -9999 -9999 -9999 -9999 -9999 -9999 -9999
64.74 64.09 72.04 77.29 101.60 127.58 120.72 120.52 96.10 94.54 106.87 94.75 98.71 129.14 185.33 185.61 147.22 101.48 94.79 76.45 76.85 76.49 -9999 -9999 -9999 -9999 -9999 -9999 -9999 -9999 -9999 -9999 -9999 -9999 -9999 -9999 89.86 -9999 -9999 -9999 -9999 -9999 -9999 -9999 -9999 -9999 -9999 -9999 -9999 -9999 -9999 -9999 -9999 -9999 -9999 -9999 -9999 -9999 -9999 -9999 -9999 -9999 -9999 -9999 -9999 -9999 -9999 -9999 -9999 -9999 -9999 -9999 -9999 -9999 -9999 -9999 -9999
64.48 77.99 80.60 82.99 83.89 110.58 108.44 113.00 96.56 95.91 103.99 83.36 92.02 116.86 166.40 207.27 229.14 144.60 124.36 96.43 90.86 89.79 -9999 -9999 -9999 -9999 -9999 -9999 -9999 -9999 -9999 -9999 -9999 -9999 -9999 -9999 -9999 -9999 -9999 -9999 -9999 -9999 -9999 -9999 -9999 -9999 -9999 -9999 -9999 -9999 -9999 -9999 -9999 -9999 -9999 -9999 -9999 -9999 -9999 -9999 -9999 -9999 -9999 -9999 -9999 -9999 -9999 -9999 -9999 -9999 -9999 -9999 -9999 -9999 -9999 -9999 -9999
61.76 77.16 96.10 96.84 112.74 112.21 106.97 122.19 108.51 93.60 95.14 95.07 97.77 118.51 141.50 188.50 211.92 174.95 132.68 102.29 107.67 67.79 -9999 -9999 -9999 -9999 -9999 -9999 -9999 -9999 -9999 -9999 -9999 -9999 -9999 -9999 -9999 -9999 -9999 -9999 -9999 -9999 -9999 -9999 -9999 -9999 -9999 -9999 -9999 -9999 -9999 -9999 -9999 -9999 -9999 -9999 -9999 -9999 -9999 -9999 -9999 -9999 -9999 -9999 -9999 -9999 -9999 -9999 -9999 -9999 -9999 -9999 -9999 -9999 -9999 -9999 -9999
