Rainfall_2007-2011/Rainfall_2011-05_ACTUAL.txt
ncols         180
nrows         290
xllcorner     -200000
yllcorner     -200000
cellsize      5000
NODATA_value  -9999
[rows 170 to 203 of 290, columns 76 to 151 of 180]
-9999 -9999 -9999 -9999 -9999 -9999 -9999 -9999 -9999 -9999 -9999 -9999 -9999 -9999 -9999 -9999 -9999 -9999 -9999 -9999 -9999 -9999 -9999 -9999 -9999 -9999 -9999 -9999 -9999 -9999 44.08 52.15 49.82 57.64 62.68 68.11 69.53 63.50 66.47 62.30 60.24 69.90 82.51 84.00 85.36 135.25 119.57 102.72 77.26 41.77 46.40 44.11 41.79 35.73 38.06 41.19 48.56 45.14 48.15 44.42 40.26 39.68 37.29 37.57 35.14 32.25 30.47 36.17 36.19 29.90 26.10 25.55 26.96 -9999 -9999 -9999
-9999 -9999 -9999 -9999 -9999 -9999 -9999 -9999 -9999 -9999 59.61 62.59 67.92 75.79 -9999 -9999 -9999 -9999 -9999 -9999 -9999 -9999 -9999 -9999 -9999 -9999 -9999 -9999 -9999 50.90 33.15 45.40 53.05 65.85 59.38 59.53 64.00 64.65 63.18 59.89 63.59 69.90 75.97 82.44 101.31 101.76 120.60 86.38 70.14 60.63 42.75 42.99 39.51 40.08 36.01 35.60 46.52 47.65 47.81 46.17 36.77 37.89 36.92 36.75 35.02 32.85 33.76 35.84 39.62 33.78 26.75 24.91 25.08 23.22 -9999 -9999
-9999 -9999 -9999 -9999 -9999 -9999 -9999 -9999 -9999 -9999 72.47 77.64 75.48 73.03 -9999 -9999 -9999 -9999 -9999 -9999 -9999 -9999 -9999 -9999 -9999 -9999 -9999 -9999 46.96 45.67 46.88 45.89 47.81 45.21 56.27 50.92 57.32 62.06 60.75 66.92 64.54 68.83 79.54 80.01 94.18 138.52 119.05 79.25 52.97 56.57 44.68 39.10 35.07 30.79 34.64 35.59 40.79 44.85 46.33 41.28 33.03 34.47 34.97 37.04 36.76 37.73 33.08 37.27 35.72 30.86 25.82 22.26 21.13 22.01 -9999 -9999
-9999 -9999 -9999 -9999 -9999 -9999 -9999 -9999 60.64 66.59 66.80 79.80 75.41 80.66 76.52 55.38 64.41 -9999 -9999 61.20 59.15 -9999 -9999 -9999 35.14 40.56 39.36 -9999 40.11 42.52 46.35 43.08 44.70 48.42 60.90 61.40 57.44 68.50 61.22 59.72 63.96 65.02 65.85 87.59 92.76 102.09 98.16 71.92 63.59 64.17 44.16 48.62 37.21 35.26 38.73 43.16 41.65 42.41 42.93 39.97 36.33 39.07 31.36 38.14 35.64 34.69 32.32 35.03 34.45 31.24 25.88 24.35 25.42 22.07 20.65 -9999
-9999 -9999 -9999 -9999 -9999 -9999 -9999 -9999 -9999 66.99 80.34 80.06 73.82 84.96 85.39 77.14 63.06 -9999 87.54 69.30 71.74 61.88 57.68 49.48 41.07 45.61 44.78 41.99 -9999 38.65 37.86 38.64 36.46 42.55 50.24 53.72 55.18 60.27 62.07 66.99 59.30 69.60 72.37 102.62 115.61 75.96 85.50 71.26 75.77 70.58 55.22 46.72 43.03 48.01 44.45 44.01 45.12 44.88 40.45 44.82 38.82 38.44 36.15 40.55 37.59 34.46 32.72 32.50 31.59 30.09 33.58 29.29 24.96 22.55 22.35 -9999
-9999 -9999 -9999 -9999 -9999 -9999 -9999 -9999 -9999 -9999 83.88 108.70 90.76 85.87 84.66 90.68 94.64 93.48 128.62 98.13 86.95 80.19 67.64 55.16 47.48 39.44 44.98 47.26 43.44 38.85 31.62 38.36 38.59 50.41 61.15 55.73 58.97 59.66 58.94 63.51 64.40 72.88 93.75 104.35 122.96 110.80 87.92 69.97 60.41 63.08 53.69 44.75 46.74 49.67 43.12 38.11 40.03 41.20 45.62 47.06 42.96 38.14 39.79 35.60 35.94 32.80 31.80 30.55 28.65 30.62 33.48 30.51 26.83 22.96 21.96 20.50
-9999 -9999 -9999 -9999 -9999 -9999 -9999 -9999 -9999 -9999 -9999 113.03 73.06 78.88 90.61 146.41 175.00 199.33 145.62 102.86 106.89 85.31 86.81 74.75 52.65 48.30 56.69 49.61 53.78 45.41 38.63 36.66 34.89 45.20 54.55 40.61 63.07 65.47 59.34 62.32 58.17 65.13 75.91 91.51 111.82 105.93 101.73 92.55 61.26 60.88 63.87 55.77 51.04 50.35 44.73 38.80 39.59 41.31 46.12 45.03 40.65 37.97 33.47 29.00 29.99 31.56 29.35 28.48 28.25 28.97 32.32 28.69 25.50 23.70 20.68 17.92
-9999 -9999 -9999 -9999 -9999 -9999 -9999 -9999 -9999 -9999 -9999 -9999 76.05 72.84 139.28 199.15 221.37 227.22 192.60 149.11 132.12 113.46 102.89 93.50 70.33 53.00 38.60 62.97 53.40 47.34 38.54 33.54 40.22 43.08 47.58 49.31 49.53 49.47 55.24 61.37 60.96 63.26 61.53 83.53 88.51 84.27 82.27 86.62 71.73 49.88 55.07 60.92 51.58 53.79 49.82 45.77 42.23 40.52 44.97 42.28 39.72 36.77 29.22 28.86 28.64 28.00 28.16 27.91 26.62 27.30 27.51 24.87 25.34 23.82 20.75 15.21
-9999 -9999 -9999 -9999 -9999 -9999 -9999 -9999 -9999 -9999 -9999 -9999 78.86 78.91 166.00 218.32 273.07 232.32 185.38 133.40 110.01 128.32 115.98 106.47 76.65 56.58 40.06 51.29 60.77 58.72 52.50 56.24 55.58 47.19 46.79 45.49 39.54 41.60 51.23 64.87 60.63 66.17 73.71 79.28 82.95 82.17 85.17 81.80 75.08 66.15 61.88 54.69 47.62 52.01 53.08 43.48 43.45 42.18 42.49 41.22 39.25 34.61 26.31 30.96 29.75 27.88 27.88 26.46 22.27 25.82 26.48 24.92 24.94 23.92 20.94 -9999
-9999 -9999 -9999 -9999 -9999 -9999 -9999 -9999 -9999 -9999 -9999 -9999 95.91 119.22 166.77 188.54 286.24 241.46 181.06 151.13 111.13 121.84 109.43 104.96 89.18 69.77 53.77 61.65 65.98 60.12 48.01 51.13 52.37 47.49 47.57 46.97 42.29 39.69 53.97 64.62 66.12 68.42 68.87 71.29 81.26 78.16 75.81 69.64 58.20 65.37 64.79 51.31 55.38 50.52 48.78 47.01 45.05 45.32 41.64 41.92 46.90 34.07 23.35 33.48 28.39 27.67 26.28 27.63 27.94 27.62 25.38 25.14 27.99 24.51 -9999 -9999
-9999 -9999 -9999 -9999 -9999 -9999 -9999 -9999 -9999 -9999 -9999 80.41 140.06 114.77 156.27 205.67 181.91 265.17 251.41 186.72 165.32 156.99 121.62 104.00 71.12 67.06 65.70 69.05 65.23 62.85 50.26 46.95 45.54 50.22 50.05 48.12 47.29 50.04 56.39 70.40 77.72 78.45 69.89 76.56 73.59 79.60 77.89 64.95 61.12 58.14 56.69 50.97 47.29 42.22 45.68 50.77 46.64 46.99 37.03 45.88 45.95 38.74 31.84 32.27 28.23 27.56 27.80 28.48 28.84 30.53 33.30 30.40 27.56 -9999 -9999 -9999
-9999 -9999 -9999 -9999 -9999 -9999 -9999 -9999 -9999 62.77 63.86 75.36 99.03 103.75 127.69 145.26 126.29 203.36 191.07 192.10 184.78 187.98 148.77 121.08 80.93 80.66 76.65 62.41 57.70 59.58 52.14 49.31 41.87 52.46 52.29 54.15 52.87 57.76 62.29 73.14 81.26 76.01 71.70 73.34 74.53 67.96 63.30 65.95 62.70 60.19 60.03 53.17 46.69 41.38 45.20 49.57 45.51 46.84 43.23 43.17 43.40 38.70 36.19 38.46 34.10 31.69 30.61 28.03 24.60 29.17 31.50 27.11 -9999 -9999 -9999 -9999
-9999 -9999 -9999 -9999 -9999 -9999 -9999 -9999 61.57 62.08 65.17 69.67 82.49 57.47 86.37 83.19 103.88 141.69 164.48 176.26 217.66 160.77 102.92 104.91 87.13 101.65 95.02 83.22 64.76 57.82 52.77 48.30 45.01 51.36 54.67 52.70 54.01 57.08 60.52 67.61 71.86 64.60 71.45 70.97 69.36 62.92 60.00 60.79 58.29 62.66 57.05 47.99 45.96 42.18 44.22 46.26 48.86 45.97 41.72 41.41 41.83 40.34 39.32 41.71 32.57 36.41 30.47 28.09 26.27 25.37 27.90 25.52 -9999 -9999 -9999 -9999
-9999 -9999 -9999 -9999 -9999 -9999 -9999 63.56 65.91 62.08 69.96 -9999 -9999 -9999 -9999 92.30 118.47 157.93 155.74 170.41 169.59 164.66 139.52 131.99 111.55 135.74 106.84 87.34 69.86 60.95 47.57 45.53 47.04 45.76 46.89 50.50 53.44 55.09 57.25 66.75 64.92 59.55 63.43 64.83 61.63 62.44 60.29 57.15 57.28 53.26 49.19 38.51 41.75 42.32 44.13 48.35 48.40 44.48 44.43 44.59 44.57 37.76 37.47 37.92 29.06 26.54 32.08 27.82 27.54 26.86 27.12 27.35 31.39 -9999 -9999 -9999
-9999 -9999 -9999 -9999 -9999 -9999 -9999 57.19 73.92 70.94 75.19 -9999 -9999 -9999 -9999 71.75 107.12 175.77 177.41 172.75 192.05 189.60 199.62 180.81 122.73 121.11 84.07 69.23 65.13 51.37 45.57 37.65 39.88 46.18 43.25 49.54 51.47 53.33 54.57 56.51 68.26 60.88 61.35 61.77 63.37 61.66 61.03 58.80 53.52 51.81 45.75 42.24 42.55 40.18 41.08 51.48 46.12 45.47 46.03 47.21 43.45 38.25 36.54 36.87 23.90 25.88 27.61 24.96 26.93 27.51 26.79 26.44 29.82 29.81 -9999 -9999
-9999 -9999 -9999 -9999 -9999 -9999 -9999 -9999 -9999 -9999 -9999 -9999 -9999 -9999 -9999 75.96 109.13 145.61 158.28 172.52 167.61 219.71 245.20 156.03 127.54 108.92 80.49 67.91 56.00 39.63 35.72 41.77 42.25 45.25 45.27 44.63 41.53 49.26 50.22 66.39 72.75 61.67 60.91 64.72 61.44 57.88 59.64 54.89 53.13 49.02 50.90 45.71 43.71 44.02 44.35 29.41 36.91 40.62 40.71 43.06 41.01 41.45 38.80 37.72 24.61 22.66 25.72 31.67 27.51 26.92 26.66 26.18 30.31 35.48 24.73 26.99
-9999 -9999 -9999 -9999 -9999 -9999 -9999 -9999 -9999 -9999 -9999 -9999 -9999 -9999 -9999 -9999 93.76 115.55 155.77 173.86 208.95 238.92 231.57 163.12 118.00 76.95 66.59 51.23 51.59 41.74 36.19 41.06 35.92 38.37 40.83 45.44 44.84 47.57 48.44 61.51 67.68 64.88 60.10 72.11 70.61 58.70 58.46 59.59 52.91 46.48 49.38 49.79 48.09 51.13 58.06 39.22 36.64 29.37 33.36 39.53 43.96 41.65 37.97 36.82 22.65 19.69 20.95 20.79 26.13 26.84 26.48 24.62 27.86 33.20 27.78 26.68
-9999 -9999 -9999 -9999 -9999 -9999 -9999 -9999 -9999 -9999 -9999 -9999 -9999 -9999 -9999 -9999 115.95 162.23 229.58 237.66 206.54 193.14 175.85 132.70 101.47 67.63 59.73 61.85 56.00 39.76 36.10 41.40 37.30 37.24 36.79 45.96 49.46 46.21 61.62 66.76 65.17 65.41 67.56 68.78 68.94 56.57 54.36 49.19 48.31 45.67 46.57 47.11 48.33 55.33 49.39 39.72 36.65 32.57 38.30 41.13 50.01 42.97 40.87 33.22 20.63 18.45 22.35 21.83 23.49 24.89 24.50 22.42 23.00 24.96 20.23 22.10
-9999 -9999 -9999 -9999 -9999 -9999 -9999 -9999 -9999 -9999 -9999 -9999 -9999 -9999 -9999 109.85 130.36 144.44 204.34 207.13 171.43 166.61 161.25 130.21 102.65 71.98 61.09 63.31 49.87 63.75 48.30 42.24 41.74 44.48 44.90 49.54 57.14 60.41 70.60 66.25 62.08 63.11 67.05 62.00 54.24 54.10 54.88 48.83 47.24 46.55 48.06 42.92 42.10 45.13 42.74 34.81 37.27 38.05 37.86 40.44 42.17 40.75 37.54 29.87 22.10 19.99 19.54 19.33 22.35 23.19 23.87 23.23 22.04 21.54 18.65 21.71
-9999 -9999 -9999 -9999 -9999 -9999 -9999 -9999 -9999 -9999 -9999 -9999 -9999 -9999 -9999 87.47 108.03 165.08 157.01 138.50 140.68 138.61 147.16 127.32 90.05 67.56 51.25 59.62 45.55 50.82 52.13 54.57 50.73 41.88 39.82 53.66 56.30 59.83 56.25 63.21 62.07 61.18 65.56 60.96 53.30 54.43 53.16 51.50 49.85 45.48 44.34 40.88 40.79 43.18 43.06 42.69 35.35 39.04 42.12 41.06 41.69 49.12 36.87 28.86 19.63 19.54 19.51 20.25 28.09 22.58 20.28 20.64 17.99 17.91 19.82 23.04
-9999 -9999 -9999 -9999 -9999 -9999 -9999 -9999 -9999 -9999 -9999 -9999 -9999 -9999 -9999 57.54 76.84 106.97 150.40 135.21 139.42 125.11 134.67 105.11 89.81 65.80 58.10 59.34 57.06 52.96 59.97 63.58 65.03 51.17 56.50 60.38 60.28 60.50 54.44 56.24 60.60 61.84 65.39 56.61 56.38 59.57 51.70 50.43 50.84 47.57 41.46 40.99 40.42 37.95 39.35 37.79 37.50 38.62 41.07 40.06 37.12 35.90 33.17 30.69 27.65 24.38 22.36 25.92 27.49 21.19 17.83 18.42 17.23 16.68 19.87 20.88
-9999 -9999 -9999 -9999 -9999 -9999 -9999 -9999 -9999 -9999 -9999 -9999 -9999 -9999 -9999 -9999 70.95 114.60 150.08 161.71 154.86 122.72 119.22 89.82 65.03 59.97 57.53 59.17 55.90 61.02 64.91 53.18 61.60 57.22 58.53 53.61 66.74 66.52 55.00 58.57 61.58 62.88 66.60 58.82 54.06 53.78 52.25 49.68 48.89 49.91 46.10 37.66 36.23 31.74 38.75 39.04 38.99 37.42 40.99 38.00 37.01 34.22 34.98 30.41 25.82 20.45 21.60 24.60 27.05 25.12 18.14 16.47 16.09 20.36 20.44 19.33
-9999 -9999 -9999 -9999 -9999 -9999 -9999 -9999 -9999 -9999 -9999 -9999 -9999 -9999 -9999 -9999 77.79 117.80 151.81 209.00 183.68 150.01 112.46 87.94 65.30 80.24 65.59 71.59 73.71 65.58 53.60 56.15 60.49 60.41 58.56 71.48 73.18 62.08 54.76 56.52 59.63 59.46 60.65 62.39 57.42 50.32 49.46 49.74 46.86 49.55 49.17 43.78 39.98 42.02 42.02 40.96 42.72 40.08 46.16 38.67 38.19 39.51 34.32 29.01 25.05 22.72 19.14 21.35 19.00 19.24 15.17 13.35 12.80 18.25 19.73 20.58
-9999 -9999 -9999 -9999 -9999 -9999 -9999 -9999 -9999 -9999 -9999 -9999 -9999 -9999 -9999 58.41 60.86 105.78 180.86 216.11 191.21 146.77 103.47 97.91 102.47 82.75 76.62 78.38 65.10 61.57 63.13 66.49 60.54 58.95 64.43 73.99 86.78 71.01 54.02 54.47 56.54 64.47 68.67 59.35 56.43 55.63 53.89 55.08 48.66 53.50 46.50 55.08 46.03 47.29 38.98 36.80 37.44 43.11 36.02 38.45 36.67 34.55 29.66 27.28 23.83 21.07 16.33 17.91 16.78 15.22 14.31 12.55 12.50 16.14 15.62 15.51
-9999 -9999 -9999 -9999 -9999 -9999 -9999 -9999 -9999 -9999 -9999 -9999 -9999 -9999 -9999 73.31 89.02 104.61 118.25 160.21 173.72 143.57 112.86 93.17 80.32 78.33 75.89 83.50 71.85 72.85 70.27 56.44 67.73 53.25 64.60 72.53 78.40 63.70 56.67 53.27 54.28 60.41 59.46 71.49 58.95 57.03 59.95 58.51 56.25 57.32 42.63 42.06 44.16 38.78 39.94 35.26 37.21 36.43 38.65 38.29 34.07 31.76 26.88 27.09 24.58 24.16 19.16 17.14 18.04 15.87 14.78 14.37 14.97 15.76 15.76 14.90
-9999 -9999 -9999 -9999 -9999 -9999 -9999 -9999 -9999 -9999 -9999 -9999 -9999 -9999 -9999 84.87 103.32 92.35 102.55 132.85 149.85 139.53 114.21 88.29 81.53 81.71 71.77 73.76 84.40 63.37 55.09 49.86 53.42 69.73 58.76 65.06 66.64 59.38 58.31 52.64 48.85 55.14 58.47 59.10 59.19 55.04 63.89 62.33 55.14 47.60 41.42 41.86 43.42 38.60 41.01 39.73 37.83 37.80 37.30 36.76 35.38 30.12 28.71 23.24 21.76 21.23 16.60 14.49 13.48 15.74 14.47 17.65 15.36 16.55 17.56 16.04
-9999 -9999 -9999 -9999 -9999 -9999 -9999 -9999 -9999 -9999 -9999 -9999 -9999 -9999 76.55 89.24 109.17 105.22 106.27 122.24 126.11 134.77 104.92 78.10 80.24 75.89 68.63 77.40 70.06 55.60 59.25 55.03 50.82 58.31 66.23 61.07 58.79 60.75 57.65 53.86 51.40 54.32 52.77 52.73 57.88 57.99 67.65 63.23 57.30 50.98 44.96 43.52 42.65 40.80 36.10 39.14 39.48 39.88 37.83 39.06 33.48 30.40 27.73 23.90 20.35 16.42 16.29 14.88 14.24 17.50 17.26 17.66 17.39 16.06 18.19 16.07
-9999 -9999 -9999 -9999 -9999 -9999 -9999 -9999 -9999 -9999 -9999 -9999 -9999 67.20 82.55 87.27 99.56 110.01 116.14 135.70 137.12 128.33 124.73 93.12 94.06 87.78 76.33 99.88 68.47 55.22 54.42 51.53 47.07 61.29 63.21 63.47 58.24 62.74 67.74 64.00 57.19 55.17 57.60 54.69 58.90 59.78 60.46 58.21 56.83 59.40 51.62 47.16 46.63 41.79 35.69 38.00 38.10 39.97 33.20 28.52 31.53 31.33 27.79 27.38 20.18 17.31 14.96 14.53 14.28 17.88 19.19 19.11 13.70 15.86 16.55 15.83
-9999 -9999 -9999 -9999 -9999 -9999 -9999 -9999 -9999 -9999 -9999 66.09 63.26 67.34 73.43 81.20 95.49 99.50 121.79 138.21 156.30 142.14 116.59 102.68 98.00 90.03 73.08 85.12 62.85 56.58 55.38 48.36 46.58 69.59 69.02 55.84 50.91 60.50 59.80 59.23 59.89 57.44 70.43 60.61 57.63 58.18 52.40 48.81 51.17 59.36 51.69 47.56 48.73 45.07 43.26 41.50 39.21 35.04 36.30 42.57 35.17 33.62 30.05 25.48 20.41 18.24 16.63 11.34 16.74 20.48 21.54 20.76 16.83 16.80 13.79 14.06
-9999 -9999 -9999 -9999 -9999 -9999 -9999 51.43 39.30 52.65 75.02 76.10 84.26 81.60 72.13 90.08 86.24 110.79 118.90 139.03 142.41 127.36 103.81 89.97 74.86 85.55 77.37 94.16 75.88 63.79 55.08 49.65 51.91 65.79 58.70 56.50 59.41 57.53 52.16 54.18 51.99 56.66 61.23 53.49 50.71 48.02 46.34 45.53 44.76 54.81 51.46 45.64 47.72 42.72 39.30 43.98 42.62 39.89 38.61 48.48 38.86 37.05 32.66 25.55 22.57 17.26 16.55 17.43 19.83 20.19 20.02 18.77 16.27 15.92 14.75 15.57
-9999 -9999 -9999 -9999 -9999 -9999 57.52 57.15 62.50 68.51 68.96 72.12 77.74 83.73 80.94 93.74 91.35 101.48 123.02 111.45 126.28 117.10 95.66 106.89 89.21 86.03 95.03 72.70 64.67 53.80 51.05 48.30 54.97 51.02 53.64 54.66 60.55 61.58 56.55 60.24 53.90 53.32 48.44 48.31 45.78 46.12 43.93 42.11 39.58 46.31 51.60 56.31 45.75 40.50 40.16 40.30 40.65 41.47 37.30 41.04 41.60 33.73 30.99 24.72 27.29 18.57 16.88 19.69 18.35 19.03 19.50 17.20 14.99 16.58 15.58 13.81
-9999 -9999 -9999 -9999 -9999 49.10 55.17 54.61 58.54 61.91 62.25 65.22 77.91 78.75 81.34 101.08 84.84 86.08 110.02 84.00 93.16 98.47 111.24 103.49 100.39 86.04 77.78 66.09 55.49 72.21 60.64 45.68 47.47 41.32 49.73 56.90 53.29 53.02 56.25 58.81 51.80 49.37 42.08 41.35 43.19 44.57 42.42 46.68 44.43 42.34 52.01 57.20 46.45 42.82 34.94 40.50 43.92 51.94 42.03 38.56 36.14 31.26 31.23 21.87 16.81 14.12 17.53 18.18 18.72 19.11 19.43 18.59 16.61 14.96 13.72 10.41
-9999 46.08 55.33 55.87 71.98 60.65 64.06 67.34 68.65 64.77 69.90 75.93 86.89 78.84 97.72 93.53 88.28 88.78 96.76 92.96 86.42 102.91 95.73 86.74 78.96 82.85 74.75 82.11 79.53 79.04 52.82 45.61 48.70 51.59 55.33 54.24 62.53 44.44 48.70 42.82 44.96 47.74 45.04 48.60 41.62 43.00 52.72 43.62 46.59 45.55 49.23 52.04 50.16 48.18 48.29 38.54 37.30 39.72 39.73 37.49 33.72 30.71 33.35 33.03 23.13 18.17 17.98 16.56 16.11 20.96 21.04 19.71 18.90 19.43 16.07 12.16
42.02 54.97 56.58 65.00 79.38 85.23 90.47 82.12 75.57 74.77 77.24 81.02 87.17 94.36 94.61 84.18 90.34 86.66 88.58 92.24 108.65 104.09 83.70 80.29 76.10 71.10 75.61 82.68 120.73 83.64 61.14 40.38 51.94 53.59 62.21 56.44 47.63 43.29 43.85 45.15 46.06 48.77 45.29 41.63 38.49 44.87 51.80 48.77 50.60 48.05 56.04 55.18 54.31 49.57 44.13 41.02 39.14 41.25 37.32 35.83 35.19 28.69 32.22 28.04 21.58 18.09 16.38 16.40 16.59 16.21 18.49 17.65 15.31 14.97 14.09 12.39
