Rainfall_2007-2011/Rainfall_2009-07_ACTUAL.txt
ncols         180
nrows         290
xllcorner     -200000
yllcorner     -200000
cellsize      5000
NODATA_value  -9999
[rows 165 to 197 of 290, columns 75 to 149 of 180]
-9999 -9999 -9999 -9999 -9999 -9999 -9999 -9999 -9999 -9999 -9999 -9999 -9999 -9999 -9999 -9999 -9999 -9999 -9999 -9999 -9999 -9999 -9999 -9999 -9999 -9999 -9999 -9999 -9999 -9999 -9999 -9999 119.96 112.18 109.04 120.01 141.02 146.88 164.53 194.28 179.60 166.04 193.60 195.45 194.56 172.86 135.51 122.05 120.24 104.62 108.75 106.31 109.18 108.92 101.07 115.07 107.68 114.62 116.13 116.94 117.86 102.59 97.07 86.52 85.31 103.83 117.80 114.07 -9999 93.75 113.16 98.88 90.81 -9999 -9999
-9999 -9999 -9999 -9999 -9999 -9999 -9999 -9999 -9999 -9999 -9999 -9999 -9999 -9999 -9999 -9999 -9999 -9999 -9999 -9999 -9999 -9999 -9999 -9999 -9999 -9999 -9999 -9999 -9999 -9999 -9999 116.74 119.45 102.98 123.53 133.81 135.91 160.88 165.00 165.97 199.59 197.19 187.04 191.89 218.33 207.31 172.90 133.97 119.21 131.36 110.49 99.83 109.00 109.78 109.28 96.97 109.75 118.24 119.37 118.56 118.60 109.78 110.64 106.06 99.43 116.12 115.24 110.01 112.47 -9999 115.12 105.12 94.29 83.29 -9999
-9999 -9999 -9999 -9999 -9999 -9999 -9999 -9999 -9999 -9999 -9999 -9999 -9999 -9999 -9999 -9999 -9999 -9999 -9999 -9999 -9999 -9999 -9999 -9999 -9999 -9999 -9999 -9999 -9999 -9999 -9999 123.21 161.26 131.14 148.78 166.27 144.46 140.98 156.46 122.46 159.17 190.33 195.62 210.63 190.80 178.87 170.82 136.82 138.23 127.20 113.63 129.89 115.67 118.58 150.48 130.30 118.19 123.29 121.61 119.88 135.15 115.13 106.10 104.02 100.71 86.45 105.88 109.25 107.94 115.17 -9999 -9999 -9999 -9999 -9999
-9999 -9999 -9999 -9999 -9999 -9999 -9999 -9999 -9999 -9999 -9999 -9999 -9999 -9999 -9999 -9999 -9999 -9999 -9999 -9999 -9999 -9999 -9999 -9999 -9999 -9999 -9999 -9999 -9999 -9999 102.13 114.86 121.69 144.19 145.93 118.60 131.95 142.92 148.40 144.71 157.64 161.73 163.37 177.60 201.14 188.98 172.24 152.29 138.88 145.05 154.66 145.19 134.85 135.60 145.10 128.55 120.86 119.37 90.83 116.66 117.78 128.14 108.76 103.51 117.34 106.16 111.46 104.58 104.58 100.36 101.46 116.16 -9999 -9999 -9999
-9999 -9999 -9999 -9999 -9999 -9999 -9999 -9999 -9999 -9999 -9999 -9999 -9999 -9999 -9999 -9999 -9999 -9999 -9999 -9999 -9999 -9999 -9999 -9999 -9999 -9999 -9999 -9999 -9999 -9999 -9999 110.26 137.62 142.53 126.51 135.58 131.19 139.51 133.23 152.20 166.34 175.73 166.51 170.99 181.94 217.04 221.82 193.69 136.08 130.92 135.83 127.11 147.60 125.76 113.04 116.34 113.93 116.80 112.12 102.55 92.43 91.51 103.26 107.49 102.70 97.58 100.49 105.66 115.05 110.90 101.01 109.15 112.15 112.03 -9999
-9999 -9999 -9999 -9999 -9999 -9999 -9999 -9999 -9999 -9999 -9999 -9999 -9999 -9999 -9999 -9999 -9999 -9999 -9999 -9999 -9999 -9999 -9999 -9999 -9999 -9999 -9999 -9999 -9999 -9999 -9999 118.52 165.28 150.03 117.66 122.93 140.01 129.62 124.16 152.76 166.38 148.89 156.08 162.57 192.47 187.50 224.29 214.19 192.26 191.59 140.65 122.48 144.26 135.91 99.92 105.05 109.82 115.99 109.65 107.60 111.24 101.76 108.53 108.97 104.26 107.90 109.09 102.60 116.53 108.07 101.30 111.43 110.24 103.85 -9999
-9999 -9999 -9999 -9999 -9999 -9999 -9999 -9999 -9999 -9999 -9999 125.98 116.56 116.32 117.74 -9999 -9999 -9999 -9999 -9999 -9999 -9999 -9999 -9999 -9999 -9999 -9999 -9999 -9999 -9999 115.92 112.77 126.35 134.16 104.49 123.48 112.32 121.94 124.41 128.82 127.42 146.06 160.29 183.61 192.10 216.18 205.06 214.28 157.25 163.82 143.72 109.68 127.91 117.39 126.36 111.95 102.89 122.98 106.33 110.98 124.96 118.15 97.73 96.59 105.20 106.89 110.69 126.23 120.93 130.61 118.67 114.68 104.88 102.77 108.85
-9999 -9999 -9999 -9999 -9999 -9999 -9999 -9999 -9999 -9999 -9999 124.92 125.03 122.51 112.92 -9999 -9999 -9999 -9999 -9999 -9999 -9999 -9999 -9999 -9999 -9999 -9999 -9999 -9999 125.14 111.82 105.00 137.70 139.84 117.25 122.42 90.73 115.43 120.49 110.53 128.93 129.95 151.84 182.14 209.80 184.03 229.90 229.28 199.66 173.87 153.07 125.38 110.41 118.10 150.68 124.45 124.30 130.82 131.43 102.36 118.00 119.30 93.30 96.24 105.93 108.69 116.50 130.62 142.83 138.17 110.56 138.35 102.13 97.21 100.48
-9999 -9999 -9999 -9999 -9999 -9999 -9999 -9999 -9999 119.57 129.55 114.85 132.65 142.93 129.40 95.51 97.27 117.40 -9999 -9999 99.79 124.45 -9999 -9999 -9999 99.97 110.03 113.71 -9999 107.41 103.98 115.18 112.72 117.10 111.35 129.93 130.97 125.56 119.77 150.89 140.00 145.67 148.60 155.99 238.19 187.41 200.72 216.23 130.42 150.59 164.35 106.38 132.64 124.14 134.47 134.09 152.76 143.03 125.06 111.04 114.90 123.40 98.19 100.37 99.34 116.99 122.41 115.76 123.49 100.63 90.75 128.40 106.62 99.28 87.50
-9999 -9999 -9999 -9999 -9999 -9999 -9999 -9999 -9999 -9999 122.25 111.98 144.00 165.12 157.78 128.85 143.41 140.52 -9999 82.17 128.28 153.56 134.89 101.95 108.91 123.39 139.44 135.20 129.21 -9999 108.23 116.09 97.73 87.60 89.84 98.33 108.88 108.02 122.01 133.51 143.92 142.85 154.77 157.83 217.07 254.24 191.51 181.26 147.75 180.63 151.06 130.11 113.11 112.04 122.07 135.58 134.77 137.54 110.07 117.38 119.75 106.03 105.07 104.23 119.97 117.97 119.94 113.14 107.62 112.72 123.83 131.51 115.83 105.24 100.29
-9999 -9999 -9999 -9999 -9999 -9999 -9999 -9999 -9999 -9999 -9999 113.76 147.34 166.18 151.97 111.25 123.94 150.17 156.26 222.91 147.40 173.44 179.18 151.34 139.60 140.38 122.47 183.09 173.00 138.96 108.88 98.36 107.45 97.92 90.65 86.79 106.29 112.35 126.48 126.47 139.12 150.78 164.04 153.24 224.96 251.52 212.05 162.54 153.70 156.31 136.49 136.13 106.51 111.71 121.66 125.68 132.98 140.84 119.89 121.61 118.25 115.89 109.89 118.62 108.88 109.53 107.60 99.55 96.11 91.33 111.65 126.99 122.19 116.38 105.76
-9999 -9999 -9999 -9999 -9999 -9999 -9999 -9999 -9999 -9999 -9999 -9999 144.65 132.30 203.48 123.07 182.71 238.49 302.32 228.35 131.68 165.20 165.33 184.09 158.26 137.32 124.07 262.03 218.44 161.90 125.03 109.19 108.75 85.82 91.52 97.84 161.79 142.76 181.23 127.42 138.59 145.32 156.74 184.78 201.78 219.28 212.22 204.17 197.31 139.49 145.19 142.12 116.65 113.12 129.41 121.43 122.17 158.43 120.27 129.02 120.35 110.68 113.45 105.75 104.51 101.76 103.70 97.69 93.18 97.59 109.60 124.38 108.87 100.82 98.65
-9999 -9999 -9999 -9999 -9999 -9999 -9999 -9999 -9999 -9999 -9999 -9999 -9999 154.66 155.12 219.03 212.19 365.99 356.43 280.76 224.73 237.43 216.05 212.99 131.17 166.46 145.81 122.56 185.52 143.59 107.58 128.77 106.03 119.30 96.91 90.05 90.24 109.97 113.83 114.76 131.22 134.06 142.14 172.37 207.20 203.88 187.84 178.46 189.04 160.94 230.04 143.97 119.35 111.75 142.29 128.00 122.60 131.81 113.52 127.42 118.39 109.55 115.84 112.79 103.39 98.82 92.70 88.84 79.55 98.56 96.43 90.52 106.05 96.82 94.51
-9999 -9999 -9999 -9999 -9999 -9999 -9999 -9999 -9999 -9999 -9999 -9999 -9999 157.89 171.60 270.65 299.67 455.35 427.90 284.15 236.60 216.21 249.93 219.50 182.90 157.04 143.67 108.27 155.81 149.91 134.82 105.01 104.50 90.99 103.05 99.41 98.53 108.61 92.23 118.58 123.99 127.58 135.72 186.90 214.69 178.84 177.62 190.45 184.92 182.18 133.64 132.24 120.28 101.21 128.41 126.83 134.49 135.49 117.92 120.44 121.75 109.93 103.86 92.86 99.47 97.59 93.41 87.85 73.91 87.80 86.30 89.57 89.62 93.53 95.73
-9999 -9999 -9999 -9999 -9999 -9999 -9999 -9999 -9999 -9999 -9999 -9999 -9999 184.86 222.16 305.35 345.69 502.02 409.08 297.43 298.36 166.64 200.11 246.01 166.69 187.33 144.87 127.44 157.10 129.96 122.75 103.43 107.98 108.41 123.10 115.51 110.52 132.59 116.68 122.74 117.19 143.92 152.44 190.58 195.37 176.00 215.04 200.77 178.98 150.10 145.36 144.25 118.46 137.70 135.75 134.57 152.08 155.54 145.62 112.62 124.27 105.68 94.24 87.61 107.56 102.75 98.89 92.15 82.38 71.02 80.03 87.18 88.32 97.60 98.89
-9999 -9999 -9999 -9999 -9999 -9999 -9999 -9999 -9999 -9999 -9999 -9999 180.81 298.33 255.59 308.11 342.80 279.21 334.52 318.00 291.58 235.51 228.14 202.84 183.57 142.83 157.94 158.80 165.42 140.68 121.37 104.04 106.86 121.33 122.54 110.30 107.70 121.38 126.93 129.03 149.01 164.68 164.02 165.16 189.52 158.56 219.44 208.34 165.00 143.75 137.05 135.88 118.74 119.28 132.94 122.07 147.82 166.37 156.82 116.53 119.54 113.52 107.54 96.12 110.44 101.88 94.27 96.42 84.43 76.61 78.80 86.61 115.62 124.00 -9999
-9999 -9999 -9999 -9999 -9999 -9999 -9999 -9999 -9999 -9999 129.77 146.01 180.99 186.61 187.44 213.56 236.58 209.12 223.36 246.66 275.11 236.98 215.86 194.70 177.89 124.69 140.88 156.74 106.41 108.68 109.92 110.68 111.57 88.63 108.36 93.13 115.06 136.75 140.54 160.45 153.20 165.99 131.62 155.67 179.79 176.06 170.87 164.16 166.63 142.31 133.48 140.63 132.45 127.48 120.55 127.54 144.58 139.67 144.35 119.09 126.09 133.10 108.81 98.56 98.76 91.65 80.26 91.08 85.63 71.75 83.63 84.24 114.04 -9999 -9999
-9999 -9999 -9999 -9999 -9999 -9999 -9999 -9999 -9999 113.88 126.72 131.64 143.57 147.16 143.21 172.50 168.96 189.26 190.53 223.81 233.33 256.43 183.83 120.58 138.47 122.43 170.56 187.67 152.79 115.45 122.93 115.48 107.70 96.43 112.91 115.50 111.86 131.04 137.18 155.57 163.13 132.75 113.44 158.91 167.91 148.23 185.87 172.54 156.01 157.64 157.69 135.13 123.27 126.60 140.02 123.30 135.65 116.07 129.64 124.06 123.92 109.07 97.76 96.24 97.77 93.89 74.28 82.04 84.94 81.31 90.72 101.84 117.82 -9999 -9999
-9999 -9999 -9999 -9999 -9999 -9999 -9999 -9999 164.13 123.45 101.13 129.85 -9999 -9999 -9999 -9999 174.13 261.11 263.82 219.87 216.51 196.41 161.28 174.13 187.72 153.38 226.95 204.14 149.80 134.94 133.84 104.38 116.93 114.46 119.02 128.37 141.39 129.35 149.67 137.49 150.69 132.46 135.71 140.78 145.75 146.70 170.33 161.50 133.03 136.00 150.77 133.46 109.57 111.19 116.29 117.49 119.83 117.67 128.78 131.53 135.80 106.34 86.43 82.16 98.81 89.90 86.24 97.57 92.58 97.19 109.34 103.23 105.87 111.60 -9999
-9999 -9999 -9999 -9999 -9999 -9999 -9999 -9999 118.96 157.12 115.44 120.40 -9999 -9999 -9999 -9999 156.94 231.43 278.24 226.03 222.60 212.39 194.75 214.03 228.72 154.57 201.92 138.44 128.57 128.50 118.08 119.30 111.38 96.33 127.22 132.89 130.35 121.85 136.48 113.53 112.00 125.09 121.64 128.56 115.51 119.64 140.28 151.52 148.09 135.45 148.83 141.99 144.45 132.52 107.39 119.14 131.13 131.45 127.38 120.71 101.91 87.88 82.73 79.20 86.68 69.53 77.45 92.08 92.53 101.89 113.21 102.20 96.03 111.78 98.60
-9999 -9999 -9999 -9999 -9999 -9999 -9999 -9999 -9999 -9999 -9999 -9999 -9999 -9999 -9999 -9999 129.25 229.46 231.74 183.32 203.32 200.93 261.06 227.45 192.21 190.61 174.36 163.74 147.55 123.04 110.57 108.84 119.28 146.23 130.86 118.12 108.36 123.89 103.36 108.53 110.55 100.94 111.07 130.61 115.81 112.10 110.69 122.67 140.09 125.26 165.72 162.70 153.15 134.75 125.61 120.06 132.89 137.93 133.38 107.81 81.19 74.08 85.76 72.65 85.47 66.61 65.32 90.28 83.10 104.15 104.70 108.65 106.84 96.40 80.77
-9999 -9999 -9999 -9999 -9999 -9999 -9999 -9999 -9999 -9999 -9999 -9999 -9999 -9999 -9999 -9999 -9999 257.59 183.34 186.54 218.16 259.52 267.67 254.48 241.54 179.85 145.73 163.75 118.52 120.13 115.87 110.82 133.01 116.28 118.80 118.72 105.72 99.64 104.43 110.40 104.83 105.10 112.85 106.58 138.61 120.40 104.24 107.14 127.13 133.26 139.73 149.48 149.93 139.57 150.08 144.69 136.04 130.99 115.81 101.31 87.16 76.55 81.84 81.17 77.20 72.89 73.09 103.56 96.24 97.41 101.89 115.85 121.95 88.39 83.06
-9999 -9999 -9999 -9999 -9999 -9999 -9999 -9999 -9999 -9999 -9999 -9999 -9999 -9999 -9999 -9999 -9999 198.53 276.89 292.67 264.14 255.37 228.73 240.61 215.52 151.26 102.59 115.44 149.69 114.95 118.48 131.99 124.81 110.12 97.39 109.69 103.28 103.82 106.77 117.33 108.76 108.81 103.96 108.41 147.46 126.19 109.90 135.40 105.74 123.66 140.64 152.33 151.85 143.49 170.16 158.63 129.60 121.96 119.65 113.92 99.28 85.00 83.75 80.28 79.46 77.11 78.20 95.34 91.09 91.35 92.31 103.56 109.03 94.91 85.08
-9999 -9999 -9999 -9999 -9999 -9999 -9999 -9999 -9999 -9999 -9999 -9999 -9999 -9999 -9999 -9999 181.13 200.19 226.30 268.94 245.25 214.22 220.45 193.83 182.09 180.14 121.27 110.71 163.52 141.67 201.40 132.22 116.35 95.79 111.22 106.07 106.20 120.82 123.26 113.67 110.03 111.10 114.73 108.72 107.66 112.17 106.83 104.98 107.69 119.73 139.46 147.80 148.94 141.76 139.34 149.56 143.20 130.36 127.31 110.48 108.41 106.06 88.28 87.93 83.31 89.31 89.56 81.92 78.95 98.86 101.96 104.09 98.64 91.34 84.47
-9999 -9999 -9999 -9999 -9999 -9999 -9999 -9999 -9999 -9999 -9999 -9999 -9999 -9999 -9999 -9999 147.83 167.99 239.62 195.97 177.27 197.57 196.56 199.53 209.06 173.83 138.37 124.60 140.55 112.93 128.63 125.22 87.83 129.43 106.48 104.22 97.76 105.60 125.30 108.97 105.71 118.10 120.10 120.74 111.30 99.99 106.70 125.00 117.50 120.11 130.33 139.23 138.94 139.03 148.40 157.82 143.55 156.46 124.32 128.39 105.70 96.42 99.71 92.84 87.73 64.05 73.06 74.53 84.68 135.27 114.68 96.86 96.05 84.61 79.89
-9999 -9999 -9999 -9999 -9999 -9999 -9999 -9999 -9999 -9999 -9999 -9999 -9999 -9999 -9999 -9999 121.07 166.41 153.07 187.49 167.74 189.15 201.72 226.66 190.89 184.62 156.35 123.38 124.38 137.11 135.66 138.14 141.98 196.11 146.04 129.86 110.09 108.52 114.00 102.67 114.34 116.42 119.33 120.05 96.83 104.68 125.63 142.02 132.91 119.08 138.82 135.85 125.20 134.63 128.35 148.64 148.28 134.60 133.60 127.72 108.20 102.25 89.14 89.05 90.36 77.63 82.46 86.15 120.13 132.99 117.34 127.04 99.07 74.90 78.43
-9999 -9999 -9999 -9999 -9999 -9999 -9999 -9999 -9999 -9999 -9999 -9999 -9999 -9999 -9999 -9999 -9999 85.52 173.34 222.17 242.57 274.00 202.66 190.74 154.36 126.98 120.82 121.14 126.59 163.24 117.64 143.13 145.66 193.86 156.90 119.33 108.06 120.00 123.02 101.57 109.52 114.97 116.72 136.26 114.96 116.17 117.97 123.97 118.89 111.75 137.67 137.91 122.61 124.51 129.43 147.36 141.63 140.59 120.88 130.24 104.98 106.19 90.22 93.84 91.32 78.62 68.94 82.22 105.65 116.77 97.98 102.07 103.38 91.52 76.59
-9999 -9999 -9999 -9999 -9999 -9999 -9999 -9999 -9999 -9999 -9999 -9999 -9999 -9999 -9999 -9999 -9999 156.49 205.31 230.31 272.04 341.31 256.03 194.97 161.59 137.94 145.54 143.35 158.86 169.45 144.52 128.31 136.79 157.50 144.97 140.28 155.65 126.25 135.14 109.31 119.64 119.60 121.47 124.66 133.07 123.17 123.29 119.38 149.58 128.15 141.46 129.99 127.34 133.38 147.90 152.92 142.03 133.53 115.50 144.82 117.49 114.39 99.29 82.72 89.60 79.85 73.17 83.77 91.21 97.39 95.20 84.33 106.97 102.54 92.74
-9999 -9999 -9999 -9999 -9999 -9999 -9999 -9999 -9999 -9999 -9999 -9999 -9999 -9999 -9999 -9999 111.30 146.05 203.48 220.14 229.93 307.78 259.52 195.12 207.27 253.39 202.53 190.09 174.86 142.06 134.60 152.59 171.89 153.55 146.20 146.13 130.56 136.35 121.13 103.06 116.38 111.49 117.07 129.41 115.54 132.58 131.33 136.34 139.44 141.55 122.95 109.28 166.67 137.00 164.73 137.87 136.59 138.03 141.31 117.87 118.82 102.02 101.42 90.76 82.76 82.68 88.81 100.31 91.30 91.92 98.38 94.04 112.32 88.45 88.40
-9999 -9999 -9999 -9999 -9999 -9999 -9999 -9999 -9999 -9999 -9999 -9999 -9999 -9999 -9999 -9999 144.70 172.48 205.27 212.90 234.05 305.80 295.30 236.26 184.62 189.11 205.89 208.42 217.59 158.32 173.02 165.05 139.89 161.16 130.90 147.30 120.25 150.88 111.07 101.33 105.84 94.85 104.11 137.33 143.55 151.66 170.24 153.60 148.19 127.66 105.17 99.85 99.44 121.06 110.84 135.11 130.75 144.69 134.86 118.61 107.49 87.79 95.62 91.32 90.09 88.93 83.66 90.87 91.87 88.20 83.70 95.32 94.75 87.20 106.00
-9999 -9999 -9999 -9999 -9999 -9999 -9999 -9999 -9999 -9999 -9999 -9999 -9999 -9999 -9999 -9999 171.45 197.43 183.63 221.95 224.47 289.13 294.11 245.32 172.70 198.49 206.45 186.53 198.05 173.21 158.50 135.09 155.06 140.76 171.65 131.74 120.53 127.13 110.54 109.41 109.04 106.66 112.13 126.56 131.80 138.78 169.51 138.13 120.46 125.61 107.56 95.51 94.11 108.79 109.79 100.43 134.56 149.90 117.82 100.72 88.47 80.96 85.47 84.20 79.84 90.35 86.61 79.67 76.29 64.42 73.24 77.39 79.40 81.64 89.17
-9999 -9999 -9999 -9999 -9999 -9999 -9999 -9999 -9999 -9999 -9999 -9999 -9999 -9999 -9999 189.97 202.12 227.04 218.94 197.43 267.05 269.72 264.09 208.28 176.17 167.17 204.43 194.74 241.34 199.85 155.36 155.79 151.40 149.77 161.93 121.84 113.45 114.93 126.69 119.14 111.22 109.81 108.99 118.65 142.81 140.33 132.76 129.22 119.12 123.87 118.29 111.13 105.56 103.11 100.75 97.19 116.56 128.01 107.82 92.45 91.76 81.58 70.02 61.62 75.29 94.09 91.81 82.89 81.77 75.90 68.46 71.08 71.24 73.17 69.10
-9999 -9999 -9999 -9999 -9999 -9999 -9999 -9999 -9999 -9999 -9999 -9999 -9999 -9999 213.12 223.66 233.04 204.12 183.15 228.09 288.14 287.97 233.88 242.64 190.98 229.09 231.07 173.44 189.79 161.14 147.63 133.75 148.06 139.31 138.04 114.46 145.42 133.05 146.11 142.72 118.69 108.65 101.48 109.13 137.63 118.52 115.29 126.81 126.30 126.57 131.34 120.43 102.73 100.76 101.70 94.75 110.47 103.74 102.18 84.38 72.76 72.66 71.88 74.08 96.07 86.75 83.81 78.23 89.44 96.05 78.44 66.85 70.81 72.04 79.68
