Rainfall_2007-2011/Rainfall_2008-11_ACTUAL.txt
ncols         180
nrows         290
xllcorner     -200000
yllcorner     -200000
cellsize      5000
NODATA_value  -9999
[rows 170 to 203 of 290, columns 76 to 151 of 180]
-9999 -9999 -9999 -9999 -9999 -9999 -9999 -9999 -9999 -9999 -9999 -9999 -9999 -9999 -9999 -9999 -9999 -9999 -9999 -9999 -9999 -9999 -9999 -9999 -9999 -9999 -9999 -9999 -9999 -9999 54.07 59.26 58.30 60.46 65.54 63.35 57.12 52.60 54.17 53.35 54.54 54.59 68.24 72.62 84.18 131.15 135.37 125.09 101.37 75.61 60.46 48.60 48.84 56.91 62.39 51.88 49.12 47.89 56.75 55.75 58.54 57.29 62.03 64.32 72.72 82.57 82.81 89.21 84.62 79.47 72.87 74.36 80.44 -9999 -9999 -9999
-9999 -9999 -9999 -9999 -9999 -9999 -9999 -9999 -9999 -9999 101.95 90.98 83.40 86.22 -9999 -9999 -9999 -9999 -9999 -9999 -9999 -9999 -9999 -9999 -9999 -9999 -9999 -9999 -9999 36.54 44.46 52.70 60.26 62.25 60.51 56.25 52.00 54.32 53.11 51.90 55.12 56.57 60.07 71.94 95.23 85.12 121.41 110.49 109.08 93.68 59.39 59.74 52.26 66.94 69.28 59.94 60.04 53.09 52.42 59.49 54.26 58.91 61.44 62.73 68.38 77.99 89.31 95.15 99.59 100.09 84.95 82.58 84.67 87.43 -9999 -9999
-9999 -9999 -9999 -9999 -9999 -9999 -9999 -9999 -9999 -9999 93.84 91.49 87.22 87.40 -9999 -9999 -9999 -9999 -9999 -9999 -9999 -9999 -9999 -9999 -9999 -9999 -9999 -9999 42.18 41.64 46.41 55.38 68.97 63.37 54.56 52.84 51.83 56.41 64.26 58.86 57.90 56.23 63.03 74.58 78.93 96.74 139.19 102.21 94.62 82.92 66.46 56.77 53.55 49.36 62.66 61.51 56.50 55.95 52.05 58.64 56.72 54.46 52.68 63.11 66.09 75.81 83.73 105.33 110.19 99.55 96.41 98.26 96.64 91.87 -9999 -9999
-9999 -9999 -9999 -9999 -9999 -9999 -9999 -9999 69.39 89.07 89.46 95.22 96.99 98.70 85.21 64.57 74.84 -9999 -9999 44.28 48.49 -9999 -9999 -9999 40.80 46.25 47.22 -9999 44.96 46.60 48.58 51.34 54.40 55.50 52.85 51.81 56.75 60.52 59.47 54.68 50.96 54.56 56.53 91.81 75.66 84.28 104.66 76.40 82.75 90.21 63.21 68.74 57.83 55.61 57.65 61.49 59.77 60.99 54.22 55.91 53.66 55.44 45.97 67.68 67.64 70.53 75.64 99.35 106.40 99.69 110.44 96.56 93.34 90.67 90.49 -9999
-9999 -9999 -9999 -9999 -9999 -9999 -9999 -9999 -9999 90.02 86.37 100.10 106.50 105.28 92.31 85.33 79.98 -9999 51.68 58.46 62.78 55.28 55.92 48.47 41.24 49.04 52.86 53.61 -9999 46.58 47.71 50.64 44.65 50.71 53.60 51.01 49.93 55.83 56.54 56.55 46.95 63.62 62.71 86.06 98.62 90.07 82.51 65.38 87.45 73.76 67.90 54.94 53.88 76.00 74.43 62.48 62.79 57.58 60.15 59.82 54.68 55.80 57.27 67.82 66.56 69.17 75.97 93.84 107.25 112.99 118.18 108.28 101.38 92.19 86.27 -9999
-9999 -9999 -9999 -9999 -9999 -9999 -9999 -9999 -9999 -9999 87.76 102.19 107.69 102.88 93.97 94.60 94.89 92.00 123.00 83.78 80.48 78.74 75.65 57.92 54.13 50.14 64.44 65.84 61.95 50.82 49.21 54.76 52.09 53.19 57.24 57.48 49.24 53.77 55.99 57.13 64.30 66.01 52.84 87.97 107.99 96.09 81.10 72.22 74.25 69.32 72.70 58.90 56.27 74.88 72.11 61.32 61.36 59.30 62.63 58.54 55.33 58.56 61.97 61.99 64.11 69.26 73.52 88.59 87.92 100.68 114.40 115.12 111.03 93.63 80.42 80.43
-9999 -9999 -9999 -9999 -9999 -9999 -9999 -9999 -9999 -9999 -9999 102.59 99.30 112.69 104.92 130.98 140.01 174.29 162.13 112.91 98.12 88.30 89.40 77.01 65.22 60.10 79.06 57.24 67.71 61.53 61.84 59.74 55.70 53.25 56.85 61.55 56.83 58.64 52.80 57.10 61.35 61.54 74.86 85.37 104.92 96.32 87.11 84.79 68.03 70.55 95.03 79.85 72.42 76.89 78.16 63.52 65.43 59.74 62.31 59.15 57.34 63.87 65.43 74.12 71.19 71.29 72.93 81.11 86.66 94.45 114.28 106.71 97.93 91.83 85.20 84.08
-9999 -9999 -9999 -9999 -9999 -9999 -9999 -9999 -9999 -9999 -9999 -9999 116.07 121.66 154.85 180.23 198.82 224.51 218.98 140.16 120.65 111.58 107.71 79.09 83.18 70.71 66.93 91.22 79.79 67.20 71.54 65.02 61.57 56.02 55.14 60.68 54.75 51.40 51.67 54.34 53.93 59.54 77.65 84.60 82.70 83.45 77.80 87.87 81.63 69.34 90.36 86.14 84.87 85.55 75.73 73.10 69.08 62.93 64.23 57.82 62.76 66.06 66.58 75.51 76.19 73.11 72.05 74.28 82.10 86.21 95.97 88.09 92.35 89.01 89.02 95.53
-9999 -9999 -9999 -9999 -9999 -9999 -9999 -9999 -9999 -9999 -9999 -9999 115.31 132.08 175.33 209.57 295.30 277.09 205.59 129.37 109.16 133.93 123.26 115.16 91.61 86.12 73.67 75.84 93.38 84.80 83.90 63.77 64.30 58.14 55.75 58.37 57.54 50.28 50.19 50.96 52.97 57.17 73.73 66.83 63.09 82.75 90.37 91.39 76.71 71.66 79.95 93.12 87.89 86.39 83.10 73.53 72.95 66.00 66.21 63.91 63.18 65.63 64.83 68.30 78.68 75.09 73.08 70.50 72.07 72.53 78.44 81.51 85.85 85.31 83.06 -9999
-9999 -9999 -9999 -9999 -9999 -9999 -9999 -9999 -9999 -9999 -9999 -9999 112.54 130.37 188.86 248.14 321.77 273.52 191.78 160.36 106.85 128.62 121.19 104.52 108.87 91.64 79.93 100.81 105.43 99.03 76.74 71.59 65.58 61.40 61.76 61.78 61.68 55.42 51.07 47.82 60.15 64.19 71.19 70.45 73.48 76.75 79.27 89.78 66.09 74.96 77.45 69.79 73.91 77.68 77.44 76.09 72.61 75.38 63.58 61.53 75.37 71.14 68.00 82.90 74.46 74.27 71.92 71.36 67.41 75.52 70.48 79.01 86.24 83.37 -9999 -9999
-9999 -9999 -9999 -9999 -9999 -9999 -9999 -9999 -9999 -9999 -9999 106.44 153.21 135.59 211.48 223.52 217.88 264.41 242.27 200.62 177.83 157.28 127.16 107.67 102.07 89.50 94.73 113.43 112.28 115.26 83.37 73.80 59.80 66.10 62.39 60.10 58.62 56.21 53.95 56.75 62.93 59.09 65.92 68.38 59.18 68.65 80.32 64.90 68.76 65.24 70.82 71.57 65.36 68.76 72.72 75.66 75.13 68.41 71.09 71.43 72.97 73.57 68.41 76.79 74.11 72.82 75.53 73.19 72.76 74.38 85.94 87.74 85.41 -9999 -9999 -9999
-9999 -9999 -9999 -9999 -9999 -9999 -9999 -9999 -9999 82.33 92.00 104.48 122.89 135.14 155.10 193.95 160.09 197.23 285.32 222.78 192.50 181.12 136.03 130.12 97.98 101.63 95.76 84.65 93.53 94.74 88.19 79.79 63.59 67.68 69.51 66.17 59.92 57.26 63.18 60.14 63.79 55.86 60.92 61.72 64.13 66.85 61.04 65.75 61.19 59.43 63.71 64.19 64.45 61.51 69.16 68.41 65.86 64.69 67.54 68.44 66.49 75.97 73.18 79.32 80.36 72.32 77.72 74.10 75.04 78.12 82.57 83.07 -9999 -9999 -9999 -9999
-9999 -9999 -9999 -9999 -9999 -9999 -9999 -9999 81.00 80.76 97.85 109.96 117.67 117.28 124.06 136.51 141.10 173.80 203.59 201.27 217.43 166.80 110.44 113.77 98.00 124.61 129.61 117.52 97.76 96.76 91.68 75.19 65.46 66.47 70.82 67.34 64.18 59.56 59.03 63.89 53.77 57.22 63.74 59.71 56.71 55.84 54.15 59.08 56.97 55.17 57.77 60.00 63.44 64.93 59.74 62.56 58.95 64.16 64.34 67.34 79.68 84.27 79.65 87.55 83.78 73.50 74.93 71.72 70.79 73.50 77.58 80.83 -9999 -9999 -9999 -9999
-9999 -9999 -9999 -9999 -9999 -9999 -9999 97.13 99.27 99.11 104.78 -9999 -9999 -9999 -9999 124.48 168.93 216.16 213.45 210.51 189.31 176.72 152.37 149.76 132.54 168.95 153.14 124.37 105.35 86.55 72.49 66.31 65.54 61.29 67.95 67.19 60.94 64.32 50.92 59.39 55.31 55.74 57.93 61.28 55.50 55.77 48.52 57.94 62.86 55.22 53.98 53.64 56.13 59.55 58.81 55.73 57.48 68.69 68.36 74.83 88.79 87.19 84.75 91.04 83.94 79.77 77.41 71.30 70.62 73.37 78.55 77.22 77.52 -9999 -9999 -9999
-9999 -9999 -9999 -9999 -9999 -9999 -9999 84.58 108.35 101.75 102.38 -9999 -9999 -9999 -9999 132.09 163.36 240.89 190.23 224.31 225.85 211.71 199.72 172.11 141.55 161.95 119.56 102.77 92.14 79.87 67.63 62.98 61.45 66.24 74.05 66.43 55.18 58.78 56.80 53.53 60.78 52.32 58.07 61.60 60.40 48.43 55.65 67.62 59.90 57.87 57.54 59.24 59.21 57.79 60.00 45.80 67.59 76.41 76.96 102.18 102.88 95.48 90.61 91.47 91.20 78.97 71.15 70.50 72.55 73.08 77.57 79.58 80.29 81.42 -9999 -9999
-9999 -9999 -9999 -9999 -9999 -9999 -9999 -9999 -9999 -9999 -9999 -9999 -9999 -9999 -9999 106.11 180.36 205.24 206.52 226.45 211.69 230.29 230.71 146.21 149.55 142.61 112.13 95.11 80.34 72.15 59.82 63.46 59.73 62.30 62.93 61.60 59.38 53.64 61.13 63.08 59.15 59.52 61.70 60.48 55.51 31.37 52.91 68.61 56.97 73.59 70.61 59.85 58.02 59.57 68.07 77.65 76.85 80.53 84.60 96.92 101.05 94.81 78.79 86.61 86.08 81.83 70.36 71.18 77.14 74.65 76.74 82.20 83.55 86.76 79.40 85.44
-9999 -9999 -9999 -9999 -9999 -9999 -9999 -9999 -9999 -9999 -9999 -9999 -9999 -9999 -9999 -9999 202.52 179.00 213.72 227.22 235.81 204.63 202.46 163.74 127.31 96.25 89.76 77.89 65.97 57.12 52.36 60.86 58.38 60.38 63.77 58.17 56.90 55.35 60.86 60.35 62.79 68.52 63.63 68.48 63.87 53.61 61.71 66.50 68.71 70.73 71.28 67.68 62.64 68.25 62.25 71.78 74.66 74.20 74.90 81.99 77.95 88.37 85.27 93.32 80.42 77.00 71.71 73.57 71.30 68.95 78.00 88.20 87.27 85.06 82.35 81.01
-9999 -9999 -9999 -9999 -9999 -9999 -9999 -9999 -9999 -9999 -9999 -9999 -9999 -9999 -9999 -9999 189.30 248.89 255.51 234.40 229.21 191.63 169.16 135.70 117.34 93.68 71.64 76.97 61.13 50.55 57.34 57.65 61.45 56.93 65.51 57.68 60.75 58.91 69.98 63.57 67.17 71.16 75.30 76.46 75.45 65.37 58.63 70.86 67.82 67.98 73.50 72.47 68.03 82.54 80.52 73.51 72.63 79.28 82.63 86.22 84.02 87.07 87.32 85.44 76.35 74.08 73.19 70.38 69.38 66.63 76.48 81.73 83.31 78.36 79.46 77.03
-9999 -9999 -9999 -9999 -9999 -9999 -9999 -9999 -9999 -9999 -9999 -9999 -9999 -9999 -9999 146.43 164.28 216.30 243.09 232.36 208.00 164.30 165.94 139.92 123.45 89.75 70.48 72.63 53.37 60.64 59.41 58.44 60.14 68.91 59.24 66.77 74.30 77.06 78.42 72.12 67.27 74.64 77.93 81.85 82.94 73.51 72.84 70.03 67.53 65.71 66.11 69.64 66.71 82.61 79.41 74.02 77.60 82.73 86.89 90.76 89.45 82.63 81.89 78.57 78.07 72.44 72.23 70.12 67.00 65.92 65.66 74.39 79.94 84.78 76.39 76.45
-9999 -9999 -9999 -9999 -9999 -9999 -9999 -9999 -9999 -9999 -9999 -9999 -9999 -9999 -9999 117.26 136.39 208.77 174.74 179.77 152.11 148.97 154.01 140.25 102.32 79.61 65.02 66.74 56.95 56.31 56.88 68.76 78.28 77.54 73.11 74.67 74.16 84.66 83.35 76.09 77.44 83.25 83.21 93.22 78.31 81.09 79.40 70.33 68.03 66.00 68.93 64.03 66.78 78.32 78.69 72.96 77.45 79.16 94.65 85.49 89.82 86.68 81.33 78.75 70.97 67.90 76.42 71.91 57.67 61.58 65.04 74.44 78.68 79.05 72.01 77.20
-9999 -9999 -9999 -9999 -9999 -9999 -9999 -9999 -9999 -9999 -9999 -9999 -9999 -9999 -9999 90.66 115.73 137.13 183.13 176.16 177.54 168.81 166.27 125.05 103.86 72.67 66.45 66.85 62.94 65.08 63.09 75.45 103.55 85.48 86.61 79.27 78.90 88.29 77.01 77.49 77.90 80.04 88.21 92.82 88.10 88.91 79.31 72.80 68.71 79.59 73.67 74.11 77.38 68.33 72.97 71.87 82.74 80.23 84.90 85.06 85.26 77.22 78.36 80.66 80.64 69.46 69.24 72.93 71.56 60.64 83.26 77.66 79.10 76.75 73.54 74.79
-9999 -9999 -9999 -9999 -9999 -9999 -9999 -9999 -9999 -9999 -9999 -9999 -9999 -9999 -9999 -9999 112.12 157.55 197.07 216.58 232.91 196.32 159.01 107.60 68.99 68.08 69.16 70.54 67.22 67.96 78.66 74.95 103.54 85.59 75.42 65.28 85.28 97.48 80.91 87.44 85.77 95.47 98.79 88.28 80.19 79.96 80.85 73.37 72.50 81.25 83.17 76.44 81.22 75.47 72.33 74.85 77.28 71.86 73.58 71.19 86.31 80.12 80.65 80.46 77.95 74.04 75.47 79.19 75.66 72.57 82.85 83.54 76.95 68.13 69.53 73.06
-9999 -9999 -9999 -9999 -9999 -9999 -9999 -9999 -9999 -9999 -9999 -9999 -9999 -9999 -9999 -9999 128.22 164.84 206.30 250.12 287.70 216.95 154.36 103.92 81.01 79.20 87.84 86.97 87.03 76.52 63.03 74.82 90.12 80.30 83.07 93.42 93.34 94.56 93.20 95.20 87.62 109.83 98.21 94.18 77.96 85.14 83.73 78.33 82.00 82.98 82.94 79.70 81.62 85.91 89.05 83.57 73.38 66.19 67.95 85.52 84.69 81.73 79.00 82.32 80.41 78.43 79.82 82.04 82.21 77.86 73.66 83.45 77.62 69.62 67.53 78.65
-9999 -9999 -9999 -9999 -9999 -9999 -9999 -9999 -9999 -9999 -9999 -9999 -9999 -9999 -9999 103.00 107.12 157.19 233.75 256.95 246.73 215.04 128.42 112.94 122.05 100.70 105.20 82.91 69.56 69.70 72.80 90.04 78.87 83.04 92.74 93.30 101.84 95.12 86.82 100.00 94.04 102.71 105.28 94.92 97.24 97.37 86.35 87.09 79.73 86.85 84.17 81.73 82.93 84.99 87.75 88.94 84.59 76.27 76.70 79.67 76.95 80.96 82.99 81.99 74.38 80.39 76.99 82.99 81.15 80.79 76.87 77.56 74.84 70.24 70.55 73.13
-9999 -9999 -9999 -9999 -9999 -9999 -9999 -9999 -9999 -9999 -9999 -9999 -9999 -9999 -9999 114.30 129.81 155.68 181.15 245.01 251.10 191.80 152.03 93.90 88.91 99.61 95.92 93.76 81.21 88.09 81.16 76.46 89.52 76.33 90.33 78.74 108.43 87.99 88.79 100.94 99.82 100.65 90.19 113.39 98.15 87.60 94.69 89.36 88.73 84.47 85.01 80.05 78.51 70.55 78.19 81.62 82.20 87.39 82.33 82.89 79.03 79.49 79.77 74.22 76.35 81.88 80.88 84.14 79.65 75.47 77.91 75.52 72.08 68.60 73.30 68.71
-9999 -9999 -9999 -9999 -9999 -9999 -9999 -9999 -9999 -9999 -9999 -9999 -9999 -9999 -9999 116.84 133.21 139.31 180.51 234.89 234.91 201.92 156.93 101.52 93.16 96.58 85.09 87.81 90.17 80.96 76.19 75.25 69.37 96.67 84.69 82.60 88.43 84.73 87.54 84.00 79.82 86.27 88.50 85.21 83.43 85.98 87.74 81.95 84.77 85.89 78.72 74.83 73.51 74.99 71.38 68.87 75.19 76.96 76.86 76.07 76.10 69.35 76.31 72.70 75.74 77.11 69.85 69.26 74.21 73.26 70.85 70.84 70.27 68.72 71.68 63.97
-9999 -9999 -9999 -9999 -9999 -9999 -9999 -9999 -9999 -9999 -9999 -9999 -9999 -9999 111.75 127.94 150.26 154.05 156.31 199.16 188.81 191.15 137.26 96.75 83.43 77.68 71.09 91.52 80.33 73.26 84.63 81.79 72.14 70.80 73.90 77.18 79.89 95.96 79.07 80.85 92.07 83.05 84.73 85.18 81.20 81.09 80.96 74.45 81.40 82.91 78.47 70.94 61.39 61.61 70.95 78.18 76.77 84.02 79.01 81.44 76.42 77.51 68.12 74.92 75.27 77.50 73.27 68.37 69.06 74.97 70.71 71.08 75.18 70.66 67.57 66.16
-9999 -9999 -9999 -9999 -9999 -9999 -9999 -9999 -9999 -9999 -9999 -9999 -9999 97.42 120.97 145.39 138.82 132.83 167.62 200.61 197.16 189.39 162.40 108.73 89.50 80.95 69.91 92.31 83.10 85.71 75.42 77.98 72.36 77.61 79.54 93.21 88.99 86.45 98.31 85.39 77.48 77.35 81.37 74.23 73.35 82.07 81.06 79.34 85.33 93.66 81.24 71.42 72.06 72.50 72.85 79.02 75.64 85.66 77.00 82.08 71.47 72.88 74.24 81.75 74.77 76.87 75.57 66.87 68.23 77.87 75.65 75.91 72.71 70.90 71.15 77.93
-9999 -9999 -9999 -9999 -9999 -9999 -9999 -9999 -9999 -9999 -9999 106.33 102.49 101.03 99.42 129.13 145.73 136.43 170.77 193.97 205.81 190.39 148.21 102.37 60.39 83.64 71.19 92.51 92.38 80.45 73.15 69.49 71.70 80.50 83.55 92.84 78.75 87.13 80.80 76.84 79.12 76.11 72.62 73.95 75.46 77.96 81.35 87.74 77.50 76.53 76.09 82.23 84.29 86.05 85.47 72.65 73.82 73.57 70.23 77.51 79.48 74.86 82.38 68.35 76.63 80.98 73.61 62.64 69.02 77.04 76.84 80.76 75.40 72.58 73.84 79.19
-9999 -9999 -9999 -9999 -9999 -9999 -9999 91.09 71.22 89.30 122.96 132.09 144.45 135.27 131.06 140.04 124.28 162.48 171.47 191.54 188.02 172.35 138.74 101.30 74.07 80.36 74.55 100.55 100.80 83.61 68.88 68.81 74.24 98.46 83.72 93.98 90.81 87.61 76.34 70.61 73.41 75.02 71.07 70.10 83.12 77.10 78.01 78.37 82.55 82.21 82.03 74.17 76.91 82.79 77.53 76.63 78.70 80.44 76.52 79.61 80.72 80.56 80.37 79.97 67.74 66.80 66.99 68.91 74.29 74.75 79.64 76.84 73.58 78.05 84.20 88.72
-9999 -9999 -9999 -9999 -9999 -9999 109.17 106.83 113.94 115.00 111.30 125.00 137.47 137.28 128.54 131.28 142.72 159.04 188.95 170.80 191.56 157.46 141.85 131.16 97.78 76.31 106.57 93.16 81.95 64.48 64.47 66.03 85.83 77.17 75.81 75.45 82.07 83.73 84.56 80.60 78.04 71.08 76.45 72.66 79.89 79.54 71.40 73.25 81.64 84.86 79.72 91.39 76.45 81.53 83.83 84.68 80.69 78.15 73.71 76.10 83.29 78.27 73.94 68.25 63.75 61.92 67.54 70.56 69.49 76.51 76.04 75.31 74.13 85.75 87.34 87.39
-9999 -9999 -9999 -9999 -9999 105.29 109.77 105.36 110.26 112.55 120.26 112.76 132.35 127.63 132.36 170.17 150.85 151.46 193.46 158.14 170.44 220.69 192.39 144.34 131.79 98.63 93.65 85.40 76.49 98.64 88.05 65.64 73.04 67.74 62.89 72.34 74.60 79.01 72.63 68.93 73.50 75.84 73.80 82.20 82.82 81.61 70.10 83.99 79.40 78.23 84.75 89.44 83.86 81.32 87.29 89.68 90.11 87.26 79.98 73.24 71.08 77.15 70.30 63.24 55.57 61.89 68.92 66.88 73.35 91.32 83.60 74.25 79.18 80.10 80.30 91.32
-9999 77.51 98.59 107.16 126.10 125.65 132.18 138.96 127.18 121.24 130.77 123.71 133.31 125.11 151.32 167.01 157.18 156.85 170.92 161.54 153.06 190.04 157.96 129.85 96.33 112.88 94.74 63.63 88.75 105.36 92.71 84.38 77.88 74.11 64.25 55.09 90.22 64.04 78.48 69.68 73.03 82.97 76.32 96.53 82.64 83.83 94.48 77.62 81.11 82.44 90.07 79.43 79.76 86.57 95.82 86.52 90.99 85.79 75.38 71.67 72.94 75.28 76.11 69.54 76.48 63.76 70.72 68.99 77.52 81.23 94.51 84.12 88.41 88.05 84.38 83.69
85.17 106.18 113.93 120.08 145.83 170.81 190.05 153.50 138.12 146.76 160.66 141.06 126.30 130.32 153.28 160.17 163.35 144.12 145.96 149.63 157.94 176.09 141.05 121.45 111.46 117.38 112.59 108.30 157.92 127.66 104.41 74.94 81.50 78.48 87.16 69.11 69.65 67.07 67.49 74.20 76.42 87.15 81.58 84.71 93.17 114.91 100.23 96.43 83.29 74.63 99.83 82.45 82.37 89.71 86.82 88.91 87.14 79.23 73.72 79.82 85.74 76.12 83.79 76.21 69.10 66.73 69.16 84.21 84.44 94.63 101.43 101.96 85.85 90.67 85.76 90.98
