Rainfall_2007-2011/Rainfall_2007-12_ACTUAL.txt
ncols         180
nrows         290
xllcorner     -200000
yllcorner     -200000
cellsize      5000
NODATA_value  -9999
[rows 99 to 131 of 290, columns 76 to 151 of 180]
274.03 255.64 -9999 241.87 324.25 330.10 356.79 320.04 308.94 311.73 247.04 196.54 155.86 136.38 143.96 147.58 144.49 160.46 130.31 92.22 84.35 80.39 67.98 48.55 59.91 68.84 66.78 68.45 66.91 54.16 49.05 42.36 45.60 42.90 37.25 42.82 50.92 50.95 -9999 -9999 -9999 -9999 -9999 -9999 -9999 -9999 -9999 -9999 -9999 -9999 -9999 -9999 -9999 -9999 -9999 -9999 -9999 -9999 -9999 -9999 -9999 -9999 -9999 -9999 -9999 -9999 -9999 -9999 -9999 -9999 -9999 -9999 -9999 -9999 -9999 -9999
221.93 -9999 167.63 191.63 246.11 286.96 279.94 334.89 343.24 275.97 255.37 219.54 200.06 170.22 139.57 142.13 119.25 110.57 94.10 91.23 85.42 84.14 75.62 64.56 55.86 56.86 56.52 57.77 54.22 43.11 40.85 48.56 50.12 45.30 41.69 48.11 42.79 42.07 -9999 -9999 -9999 -9999 -9999 -9999 -9999 -9999 -9999 -9999 -9999 -9999 -9999 -9999 -9999 -9999 -9999 -9999 -9999 -9999 -9999 -9999 -9999 -9999 -9999 -9999 -9999 -9999 -9999 -9999 -9999 -9999 -9999 -9999 -9999 -9999 -9999 -9999
-9999 160.45 124.61 181.57 300.36 280.47 330.98 285.08 262.09 230.95 250.05 271.41 207.35 205.70 129.50 189.53 191.73 136.16 92.12 102.14 116.93 98.07 70.48 72.70 68.09 59.56 45.78 45.61 44.03 44.70 57.52 55.55 55.23 54.03 50.97 48.46 44.31 35.76 -9999 -9999 -9999 -9999 -9999 -9999 -9999 -9999 -9999 -9999 -9999 -9999 -9999 -9999 -9999 -9999 -9999 -9999 -9999 -9999 -9999 -9999 -9999 -9999 -9999 -9999 -9999 -9999 -9999 -9999 -9999 -9999 -9999 -9999 -9999 -9999 -9999 -9999
160.25 -9999 199.07 178.39 205.22 211.07 277.54 260.30 274.83 254.29 295.09 285.97 270.87 211.33 166.47 191.34 152.40 101.69 108.31 136.44 135.10 88.47 84.53 77.03 71.32 62.19 50.54 46.93 46.45 61.61 49.40 48.62 46.81 49.04 45.27 41.26 34.60 -9999 -9999 -9999 -9999 -9999 -9999 -9999 -9999 -9999 -9999 -9999 -9999 -9999 -9999 -9999 -9999 -9999 -9999 -9999 -9999 -9999 -9999 -9999 -9999 -9999 -9999 -9999 -9999 -9999 -9999 -9999 -9999 -9999 -9999 -9999 -9999 -9999 -9999 -9999
-9999 154.07 174.07 139.61 100.13 243.34 280.61 228.12 250.45 296.91 275.11 319.22 327.42 220.39 180.79 120.97 160.68 146.09 157.34 147.06 140.06 131.26 124.29 93.55 70.25 58.40 53.50 53.01 61.67 48.38 40.92 43.45 40.92 40.26 39.17 -9999 -9999 -9999 -9999 -9999 -9999 -9999 -9999 -9999 -9999 -9999 -9999 -9999 -9999 -9999 -9999 -9999 -9999 -9999 -9999 -9999 -9999 -9999 -9999 -9999 -9999 -9999 -9999 -9999 -9999 -9999 -9999 -9999 -9999 -9999 -9999 -9999 -9999 -9999 -9999 -9999
189.47 200.93 243.23 292.33 230.18 209.01 213.85 209.20 237.39 266.91 259.78 254.26 222.64 187.44 183.66 191.81 134.06 147.10 122.17 123.96 125.93 94.86 108.22 104.96 78.71 68.11 53.85 53.22 50.08 42.16 38.40 37.43 38.68 35.44 -9999 -9999 -9999 -9999 -9999 -9999 -9999 -9999 -9999 -9999 -9999 -9999 -9999 -9999 -9999 -9999 -9999 -9999 -9999 -9999 -9999 -9999 -9999 -9999 -9999 -9999 -9999 -9999 -9999 -9999 -9999 -9999 -9999 -9999 -9999 -9999 -9999 -9999 -9999 -9999 -9999 -9999
220.64 288.54 277.34 329.10 320.50 248.26 240.15 251.32 283.86 308.36 285.77 259.93 271.51 222.45 213.92 156.51 148.14 161.93 135.95 108.73 85.56 85.13 67.92 67.53 68.30 62.49 49.81 55.89 54.77 50.16 52.34 39.39 33.49 30.99 -9999 -9999 -9999 -9999 -9999 -9999 -9999 -9999 -9999 -9999 -9999 -9999 -9999 -9999 -9999 -9999 -9999 -9999 -9999 -9999 -9999 -9999 -9999 -9999 -9999 -9999 -9999 -9999 -9999 -9999 -9999 -9999 -9999 -9999 -9999 -9999 -9999 -9999 -9999 -9999 -9999 -9999
243.48 339.71 301.42 255.14 260.41 290.03 259.03 257.73 232.03 317.18 287.05 293.95 227.47 247.50 197.25 195.88 224.31 182.59 146.20 132.02 113.19 87.24 89.64 65.15 53.83 60.46 60.32 64.19 62.14 53.75 37.91 38.56 31.50 33.46 30.85 -9999 -9999 -9999 -9999 -9999 -9999 -9999 -9999 -9999 -9999 -9999 -9999 -9999 -9999 -9999 -9999 -9999 -9999 -9999 -9999 -9999 -9999 -9999 -9999 -9999 -9999 -9999 -9999 -9999 -9999 -9999 -9999 -9999 -9999 -9999 -9999 -9999 -9999 -9999 -9999 -9999
188.47 256.44 303.67 246.97 264.20 228.05 214.15 245.67 266.58 296.91 263.82 288.28 242.92 202.09 170.97 229.38 181.18 191.65 190.71 134.42 122.45 106.26 96.92 91.92 85.65 82.69 93.54 82.52 65.27 58.65 41.96 52.67 43.42 41.16 41.77 39.67 -9999 -9999 -9999 -9999 -9999 -9999 -9999 -9999 -9999 -9999 -9999 -9999 -9999 -9999 -9999 -9999 -9999 -9999 -9999 -9999 -9999 -9999 -9999 -9999 -9999 -9999 -9999 -9999 -9999 -9999 -9999 -9999 -9999 -9999 -9999 -9999 -9999 -9999 -9999 -9999
194.25 238.39 249.96 257.81 251.27 236.32 231.62 291.71 280.78 344.48 272.15 226.73 213.52 198.37 181.66 196.61 170.53 141.59 113.98 98.65 114.65 114.20 129.43 144.89 122.24 110.16 95.18 78.49 76.43 60.64 61.40 47.26 53.89 54.90 47.28 43.09 33.36 -9999 -9999 -9999 -9999 -9999 -9999 -9999 -9999 -9999 -9999 -9999 -9999 -9999 -9999 -9999 -9999 -9999 -9999 -9999 -9999 -9999 -9999 -9999 -9999 -9999 -9999 -9999 -9999 -9999 -9999 -9999 -9999 -9999 -9999 -9999 -9999 -9999 -9999 -9999
168.40 182.95 215.33 242.27 227.03 214.85 244.62 351.78 313.03 230.93 221.03 276.56 198.39 191.85 175.58 177.34 143.87 122.98 94.70 95.88 114.65 149.26 153.73 148.67 127.96 96.11 87.15 77.79 65.00 61.01 55.34 44.52 38.79 42.88 38.28 34.30 -9999 -9999 -9999 -9999 -9999 -9999 -9999 -9999 -9999 -9999 -9999 -9999 -9999 -9999 -9999 -9999 -9999 -9999 -9999 -9999 -9999 -9999 -9999 -9999 -9999 -9999 -9999 -9999 -9999 -9999 -9999 -9999 -9999 -9999 -9999 -9999 -9999 -9999 -9999 -9999
116.09 152.08 180.43 176.69 208.71 240.52 215.73 295.63 291.45 257.18 224.90 191.37 222.05 186.71 165.89 129.54 104.92 97.10 106.54 89.48 102.78 81.45 69.96 91.27 109.05 103.37 83.94 75.87 67.52 55.50 50.83 40.66 -9999 -9999 -9999 -9999 -9999 -9999 -9999 -9999 -9999 -9999 -9999 -9999 -9999 -9999 -9999 -9999 -9999 -9999 -9999 -9999 -9999 -9999 -9999 -9999 -9999 -9999 -9999 -9999 -9999 -9999 -9999 -9999 -9999 -9999 -9999 -9999 -9999 -9999 -9999 -9999 -9999 -9999 -9999 -9999
135.81 149.41 114.66 137.81 224.66 221.70 244.77 263.07 195.51 209.44 204.17 166.09 159.15 172.22 134.75 127.23 120.40 120.74 137.49 95.40 98.33 86.42 77.02 84.06 83.48 94.57 83.31 80.05 75.50 60.05 -9999 -9999 -9999 -9999 -9999 -9999 -9999 -9999 -9999 -9999 -9999 -9999 -9999 -9999 -9999 -9999 -9999 -9999 -9999 -9999 -9999 -9999 -9999 -9999 -9999 -9999 -9999 -9999 -9999 -9999 -9999 -9999 -9999 -9999 -9999 -9999 -9999 -9999 -9999 -9999 -9999 -9999 -9999 -9999 -9999 -9999
164.21 159.47 135.19 181.16 202.65 229.72 258.51 237.41 176.00 187.01 171.87 132.32 122.32 119.19 107.31 119.71 141.84 145.70 138.87 129.59 123.56 102.46 76.65 79.90 72.19 80.91 74.39 76.96 71.32 53.04 -9999 -9999 -9999 -9999 -9999 -9999 -9999 -9999 -9999 -9999 -9999 -9999 -9999 -9999 -9999 -9999 -9999 -9999 -9999 -9999 -9999 -9999 -9999 -9999 -9999 -9999 -9999 -9999 -9999 -9999 -9999 -9999 -9999 -9999 -9999 -9999 -9999 -9999 -9999 -9999 -9999 -9999 -9999 -9999 -9999 -9999
156.62 -9999 156.84 191.16 204.71 227.79 229.05 220.74 167.55 131.07 135.17 130.98 129.49 137.25 119.27 161.45 170.12 172.77 178.02 146.02 121.06 96.56 71.86 68.82 62.21 62.95 61.37 51.77 -9999 -9999 -9999 -9999 -9999 39.12 34.77 41.78 37.86 -9999 -9999 -9999 -9999 -9999 -9999 -9999 -9999 -9999 -9999 -9999 -9999 -9999 -9999 -9999 -9999 -9999 -9999 -9999 -9999 -9999 -9999 -9999 -9999 -9999 -9999 -9999 -9999 -9999 -9999 -9999 -9999 -9999 -9999 -9999 -9999 -9999 -9999 -9999
188.19 -9999 158.36 192.15 187.13 173.12 216.90 166.99 160.76 127.54 141.65 134.34 121.08 141.48 114.86 117.20 115.44 124.12 123.46 116.83 105.26 97.44 87.72 72.20 70.07 66.49 60.66 49.27 49.87 42.58 -9999 -9999 40.46 39.06 46.88 44.82 46.17 45.01 48.17 -9999 -9999 -9999 -9999 -9999 -9999 -9999 -9999 -9999 -9999 -9999 -9999 -9999 -9999 -9999 -9999 -9999 -9999 -9999 -9999 -9999 -9999 -9999 -9999 -9999 -9999 -9999 -9999 -9999 -9999 -9999 -9999 -9999 -9999 -9999 -9999 -9999
177.87 146.04 152.69 131.69 158.94 153.14 150.18 117.37 113.32 140.10 152.86 139.40 101.67 102.51 103.36 100.30 103.89 110.54 112.92 102.35 94.10 96.62 80.60 78.32 74.16 63.12 59.46 53.66 48.83 51.80 45.03 46.14 46.57 48.64 54.53 57.75 61.09 56.40 74.11 37.51 -9999 -9999 -9999 -9999 -9999 -9999 -9999 -9999 -9999 -9999 -9999 -9999 -9999 -9999 -9999 -9999 -9999 -9999 -9999 -9999 -9999 -9999 -9999 -9999 -9999 -9999 -9999 -9999 -9999 -9999 -9999 -9999 -9999 -9999 -9999 -9999
167.61 166.54 139.65 152.62 135.13 112.57 120.53 -9999 100.46 161.06 190.79 143.15 116.62 122.05 111.05 100.08 100.29 96.82 90.15 88.16 82.41 87.78 72.45 73.78 66.37 67.93 66.36 63.33 69.76 60.04 58.65 54.44 52.48 58.74 59.26 70.13 74.89 76.55 73.16 64.92 61.35 61.19 36.33 -9999 -9999 -9999 -9999 -9999 -9999 -9999 -9999 -9999 -9999 -9999 -9999 -9999 -9999 -9999 -9999 -9999 -9999 -9999 -9999 -9999 -9999 -9999 -9999 -9999 -9999 -9999 -9999 -9999 -9999 -9999 -9999 -9999
170.41 193.35 151.10 -9999 108.21 97.14 111.79 -9999 93.44 189.79 196.98 175.43 156.06 147.45 118.02 101.29 100.83 93.27 93.29 87.10 78.84 91.19 94.77 70.21 85.94 99.58 93.60 94.98 85.26 63.83 50.34 61.07 52.91 72.02 103.54 109.01 95.09 94.37 79.95 81.08 87.72 60.56 52.24 -9999 -9999 -9999 -9999 -9999 -9999 -9999 -9999 -9999 -9999 -9999 -9999 -9999 -9999 -9999 -9999 -9999 -9999 -9999 -9999 -9999 -9999 -9999 -9999 -9999 -9999 -9999 -9999 -9999 -9999 -9999 -9999 -9999
171.07 172.88 146.35 -9999 -9999 104.21 106.32 121.83 142.99 163.10 172.09 159.25 172.48 160.52 139.80 119.28 126.40 109.43 91.84 105.81 93.86 100.23 106.70 109.91 95.39 94.27 107.41 96.16 81.19 90.23 80.46 68.04 65.19 80.49 102.10 123.77 92.94 48.92 72.39 66.37 71.27 67.80 57.18 57.22 -9999 -9999 -9999 -9999 -9999 -9999 -9999 -9999 -9999 -9999 -9999 -9999 -9999 -9999 -9999 -9999 -9999 -9999 -9999 -9999 -9999 -9999 -9999 -9999 -9999 -9999 -9999 -9999 -9999 -9999 -9999 -9999
173.93 -9999 -9999 -9999 -9999 -9999 115.83 112.97 148.09 162.07 156.73 146.15 156.38 157.76 156.35 156.86 168.72 143.71 113.53 99.05 97.44 97.45 106.79 108.09 99.82 101.40 98.11 94.83 88.40 89.58 116.40 100.09 74.74 83.89 91.88 102.18 97.50 59.34 79.40 70.84 72.86 65.45 72.17 58.45 -9999 -9999 -9999 -9999 -9999 -9999 -9999 -9999 -9999 -9999 -9999 -9999 -9999 -9999 -9999 -9999 -9999 -9999 -9999 -9999 -9999 -9999 -9999 -9999 -9999 -9999 -9999 -9999 -9999 -9999 -9999 -9999
169.42 168.34 167.77 167.02 -9999 -9999 -9999 109.89 131.87 143.82 143.10 135.15 128.85 152.69 166.85 173.20 194.24 163.78 136.55 112.11 103.53 101.32 99.96 82.41 93.35 81.09 87.51 114.62 102.94 118.25 133.70 123.56 101.15 98.79 72.35 83.35 77.62 77.64 91.54 76.79 79.63 66.95 65.44 65.35 63.86 -9999 -9999 -9999 -9999 -9999 -9999 -9999 -9999 -9999 -9999 -9999 -9999 -9999 -9999 -9999 -9999 -9999 -9999 -9999 -9999 -9999 -9999 -9999 -9999 -9999 -9999 -9999 -9999 -9999 -9999 -9999
169.29 161.41 171.85 230.89 211.08 -9999 -9999 -9999 107.41 118.34 124.23 127.58 131.31 126.97 138.18 139.09 155.78 140.44 127.52 110.65 119.79 90.88 95.25 80.54 102.97 94.47 113.40 96.95 116.67 106.60 105.33 115.78 104.39 87.27 78.91 76.37 62.39 59.57 79.31 70.98 67.53 65.99 61.64 68.31 47.63 36.88 -9999 -9999 -9999 -9999 -9999 -9999 -9999 -9999 -9999 -9999 -9999 -9999 -9999 -9999 -9999 -9999 -9999 -9999 -9999 -9999 -9999 -9999 -9999 -9999 -9999 -9999 -9999 -9999 -9999 -9999
160.85 113.32 148.98 234.91 204.82 -9999 -9999 -9999 -9999 -9999 116.46 115.42 112.52 121.99 119.30 124.78 139.24 158.35 159.80 143.07 121.98 105.29 101.89 87.33 93.15 83.03 124.05 107.11 111.92 115.16 104.39 83.38 77.01 66.91 73.07 63.46 64.96 67.47 61.78 66.63 57.97 53.53 55.28 57.67 51.43 40.18 37.59 -9999 -9999 -9999 -9999 -9999 -9999 -9999 -9999 -9999 -9999 -9999 -9999 -9999 -9999 -9999 -9999 -9999 -9999 -9999 -9999 -9999 -9999 -9999 -9999 -9999 -9999 -9999 -9999 -9999
-9999 121.84 124.87 211.08 187.39 -9999 -9999 -9999 -9999 -9999 120.89 111.82 122.52 113.34 136.73 155.33 155.91 165.91 159.34 153.65 130.34 129.68 115.30 101.10 105.09 138.38 129.88 179.77 130.30 146.62 105.52 120.87 101.77 69.03 77.01 63.15 55.29 61.02 65.25 73.47 89.77 66.37 58.65 53.54 61.44 54.22 40.20 37.73 31.09 -9999 -9999 -9999 -9999 -9999 -9999 -9999 -9999 -9999 -9999 -9999 -9999 -9999 -9999 -9999 -9999 -9999 -9999 -9999 -9999 -9999 -9999 -9999 -9999 -9999 -9999 -9999
-9999 -9999 142.65 172.57 158.79 -9999 -9999 -9999 -9999 -9999 99.34 99.58 105.98 102.58 116.22 123.49 134.41 149.10 144.06 157.77 134.83 120.11 128.55 127.96 145.99 148.44 152.30 189.99 165.68 119.07 110.07 121.65 75.72 76.97 74.32 63.74 61.12 62.63 64.91 66.51 77.35 89.35 86.98 69.62 64.62 51.32 48.72 37.96 38.20 -9999 -9999 -9999 -9999 -9999 -9999 -9999 -9999 -9999 -9999 -9999 -9999 -9999 -9999 -9999 -9999 -9999 -9999 -9999 -9999 -9999 -9999 -9999 -9999 -9999 -9999 -9999
-9999 -9999 121.94 135.81 138.04 -9999 -9999 -9999 -9999 -9999 89.77 90.72 99.42 104.59 111.65 119.05 139.05 165.76 174.49 145.76 138.62 123.42 124.73 117.28 133.26 145.87 181.71 174.84 152.98 139.53 122.38 97.03 99.18 78.10 79.73 75.99 52.48 56.56 80.32 91.08 87.41 108.34 105.37 92.28 64.66 62.89 59.68 46.04 47.21 -9999 -9999 -9999 -9999 -9999 -9999 -9999 -9999 -9999 -9999 -9999 -9999 -9999 -9999 -9999 -9999 -9999 -9999 -9999 -9999 -9999 -9999 -9999 -9999 -9999 -9999 -9999
-9999 -9999 -9999 -9999 -9999 -9999 -9999 -9999 -9999 108.46 110.43 118.00 117.91 112.36 120.23 123.62 135.28 140.68 166.84 153.10 135.23 148.81 143.19 157.73 172.27 189.88 204.61 206.79 167.87 162.50 141.71 128.28 104.90 95.12 74.47 69.14 77.78 68.85 90.54 105.23 128.70 109.22 122.47 100.18 69.61 60.31 57.33 56.88 44.51 -9999 -9999 -9999 -9999 -9999 -9999 -9999 -9999 -9999 -9999 -9999 -9999 -9999 -9999 -9999 -9999 -9999 -9999 -9999 -9999 -9999 -9999 -9999 -9999 -9999 -9999 -9999
-9999 -9999 -9999 -9999 -9999 -9999 -9999 -9999 -9999 128.02 113.52 130.34 146.04 151.05 151.79 174.43 155.54 148.55 136.06 149.89 151.26 141.88 173.08 172.76 168.63 148.16 217.14 184.38 192.12 160.75 148.96 131.39 104.43 84.84 90.48 88.74 75.23 85.58 97.86 129.62 126.71 108.39 129.85 103.40 67.81 54.14 53.11 63.21 49.00 -9999 -9999 -9999 -9999 -9999 -9999 -9999 -9999 -9999 -9999 -9999 -9999 -9999 -9999 -9999 -9999 -9999 -9999 -9999 -9999 -9999 -9999 -9999 -9999 -9999 -9999 -9999
-9999 -9999 -9999 -9999 -9999 -9999 -9999 -9999 110.29 128.44 121.38 138.80 157.06 147.71 174.10 205.90 196.84 183.83 177.82 145.49 143.48 160.18 186.21 167.24 178.01 156.88 184.69 215.03 194.43 191.70 169.66 156.78 129.48 111.43 112.79 104.62 88.39 142.38 165.72 180.02 156.57 125.14 99.04 89.85 71.20 73.71 67.56 52.95 41.95 -9999 -9999 -9999 -9999 -9999 -9999 -9999 -9999 -9999 -9999 -9999 -9999 -9999 -9999 -9999 -9999 -9999 -9999 -9999 -9999 -9999 -9999 -9999 -9999 -9999 -9999 -9999
-9999 -9999 -9999 -9999 -9999 -9999 -9999 -9999 121.50 124.25 151.83 150.11 174.07 157.79 178.71 192.56 248.37 216.17 182.47 156.43 162.90 164.12 221.55 202.83 177.82 175.29 170.11 211.01 207.57 193.06 188.47 158.83 161.78 156.98 147.22 166.65 168.52 196.83 157.62 162.41 158.42 128.23 113.66 89.76 70.82 69.70 54.18 48.50 38.10 43.60 -9999 -9999 -9999 -9999 -9999 -9999 -9999 -9999 -9999 -9999 -9999 -9999 -9999 -9999 -9999 -9999 -9999 -9999 -9999 -9999 -9999 -9999 -9999 -9999 -9999 -9999
-9999 -9999 -9999 -9999 -9999 -9999 -9999 99.29 148.74 169.07 172.41 192.31 186.23 177.37 156.08 199.13 219.40 210.74 183.00 167.59 149.57 131.03 150.86 177.66 179.45 161.90 161.73 189.34 183.65 173.05 179.51 197.51 149.56 144.93 153.01 169.83 224.24 184.48 187.43 178.30 134.55 127.90 105.98 91.73 89.11 68.45 56.70 48.26 42.19 39.26 -9999 -9999 -9999 -9999 -9999 -9999 -9999 -9999 -9999 -9999 -9999 -9999 -9999 -9999 -9999 -9999 -9999 -9999 -9999 -9999 -9999 -9999 -9999 -9999 -9999 -9999
-9999 -9999 -9999 -9999 -9999 -9999 -9999 133.28 162.20 189.29 208.66 203.25 220.29 202.20 237.53 208.17 198.79 183.73 175.89 166.17 145.18 129.99 152.71 166.93 184.45 144.54 150.41 156.83 155.31 164.60 200.63 159.17 179.76 172.26 160.84 220.73 206.19 190.56 178.07 117.29 100.23 108.67 92.98 83.11 82.91 71.58 65.69 51.03 46.55 47.32 -9999 -9999 -9999 -9999 -9999 -9999 -9999 -9999 -9999 -9999 -9999 -9999 -9999 -9999 -9999 -9999 -9999 -9999 -9999 -9999 -9999 -9999 -9999 -9999 -9999 -9999
