Rainfall_2007-2011/Rainfall_2010-08_ACTUAL.txt
ncols         180
nrows         290
xllcorner     -200000
yllcorner     -200000
cellsize      5000
NODATA_value  -9999
[rows 102 to 135 of 290, columns 77 to 153 of 180]
-9999 140.59 148.56 203.41 176.06 232.35 190.73 173.15 146.63 174.10 130.39 129.64 90.88 93.79 102.47 72.46 62.74 85.53 98.63 108.07 73.14 73.20 73.29 70.71 72.51 42.60 42.26 50.11 71.15 59.26 61.96 59.15 58.90 52.28 40.38 42.65 -9999 -9999 -9999 -9999 -9999 -9999 -9999 -9999 -9999 -9999 -9999 -9999 -9999 -9999 -9999 -9999 -9999 -9999 -9999 -9999 -9999 -9999 -9999 -9999 -9999 -9999 -9999 -9999 -9999 -9999 -9999 -9999 -9999 -9999 -9999 -9999 -9999 -9999 -9999 -9999 -9999
119.68 123.29 126.01 115.13 246.68 274.68 154.26 154.83 194.70 161.56 157.90 161.96 136.96 110.32 68.45 97.71 88.94 100.05 80.52 80.12 100.58 99.07 74.03 66.29 66.29 52.16 49.77 65.68 51.97 41.13 53.80 51.51 53.97 49.54 -9999 -9999 -9999 -9999 -9999 -9999 -9999 -9999 -9999 -9999 -9999 -9999 -9999 -9999 -9999 -9999 -9999 -9999 -9999 -9999 -9999 -9999 -9999 -9999 -9999 -9999 -9999 -9999 -9999 -9999 -9999 -9999 -9999 -9999 -9999 -9999 -9999 -9999 -9999 -9999 -9999 -9999 -9999
135.82 151.06 163.12 145.07 210.25 215.87 99.78 146.84 172.29 150.39 131.67 111.22 109.13 108.34 113.52 66.93 80.21 78.52 95.30 118.14 87.60 81.20 65.68 62.06 65.14 60.16 55.50 53.08 41.62 38.21 42.93 49.37 55.64 -9999 -9999 -9999 -9999 -9999 -9999 -9999 -9999 -9999 -9999 -9999 -9999 -9999 -9999 -9999 -9999 -9999 -9999 -9999 -9999 -9999 -9999 -9999 -9999 -9999 -9999 -9999 -9999 -9999 -9999 -9999 -9999 -9999 -9999 -9999 -9999 -9999 -9999 -9999 -9999 -9999 -9999 -9999 -9999
159.06 162.19 165.31 132.69 157.70 178.08 176.37 173.29 196.80 163.93 137.52 149.92 100.96 97.95 83.77 81.30 97.45 86.98 99.05 94.87 93.11 62.43 55.33 60.18 61.93 51.67 53.21 47.38 47.19 53.64 54.26 52.53 46.32 -9999 -9999 -9999 -9999 -9999 -9999 -9999 -9999 -9999 -9999 -9999 -9999 -9999 -9999 -9999 -9999 -9999 -9999 -9999 -9999 -9999 -9999 -9999 -9999 -9999 -9999 -9999 -9999 -9999 -9999 -9999 -9999 -9999 -9999 -9999 -9999 -9999 -9999 -9999 -9999 -9999 -9999 -9999 -9999
145.61 162.49 178.68 176.06 199.68 186.94 193.98 171.60 207.79 144.28 148.23 116.59 137.16 103.23 112.23 135.17 98.84 70.37 101.79 84.31 69.08 57.26 51.27 58.10 57.82 42.30 48.14 51.35 56.66 64.24 67.82 54.21 63.29 60.78 -9999 -9999 -9999 -9999 -9999 -9999 -9999 -9999 -9999 -9999 -9999 -9999 -9999 -9999 -9999 -9999 -9999 -9999 -9999 -9999 -9999 -9999 -9999 -9999 -9999 -9999 -9999 -9999 -9999 -9999 -9999 -9999 -9999 -9999 -9999 -9999 -9999 -9999 -9999 -9999 -9999 -9999 -9999
146.84 163.82 138.52 173.67 163.32 142.80 174.51 222.26 235.50 136.72 141.39 146.89 108.69 93.10 122.30 104.38 109.26 118.69 88.83 85.42 75.70 57.81 65.25 73.81 62.07 59.83 75.85 55.47 53.14 72.96 89.24 70.36 76.83 68.61 54.07 -9999 -9999 -9999 -9999 -9999 -9999 -9999 -9999 -9999 -9999 -9999 -9999 -9999 -9999 -9999 -9999 -9999 -9999 -9999 -9999 -9999 -9999 -9999 -9999 -9999 -9999 -9999 -9999 -9999 -9999 -9999 -9999 -9999 -9999 -9999 -9999 -9999 -9999 -9999 -9999 -9999 -9999
148.46 158.50 165.32 173.36 161.66 147.59 182.07 209.46 278.32 135.99 146.93 133.66 110.50 95.90 105.19 82.29 82.52 78.40 80.85 72.17 84.71 90.75 102.61 89.01 74.42 70.13 77.18 67.41 52.54 65.36 62.19 72.21 72.13 66.69 59.25 48.11 -9999 -9999 -9999 -9999 -9999 -9999 -9999 -9999 -9999 -9999 -9999 -9999 -9999 -9999 -9999 -9999 -9999 -9999 -9999 -9999 -9999 -9999 -9999 -9999 -9999 -9999 -9999 -9999 -9999 -9999 -9999 -9999 -9999 -9999 -9999 -9999 -9999 -9999 -9999 -9999 -9999
124.64 182.78 240.46 161.92 140.24 158.11 190.31 174.76 148.22 130.45 174.18 108.14 101.10 95.26 97.64 78.96 72.68 67.40 69.93 77.78 128.42 124.33 107.53 86.16 65.36 89.10 70.60 53.06 55.51 59.77 54.67 50.83 59.79 60.70 55.51 -9999 -9999 -9999 -9999 -9999 -9999 -9999 -9999 -9999 -9999 -9999 -9999 -9999 -9999 -9999 -9999 -9999 -9999 -9999 -9999 -9999 -9999 -9999 -9999 -9999 -9999 -9999 -9999 -9999 -9999 -9999 -9999 -9999 -9999 -9999 -9999 -9999 -9999 -9999 -9999 -9999 -9999
140.81 155.64 141.67 140.46 173.91 139.08 172.08 159.69 151.78 132.49 101.72 130.89 105.06 68.07 66.95 59.33 52.46 64.29 61.30 76.50 77.25 84.17 73.99 74.17 76.89 74.78 69.97 57.71 53.44 55.78 51.22 -9999 -9999 -9999 -9999 -9999 -9999 -9999 -9999 -9999 -9999 -9999 -9999 -9999 -9999 -9999 -9999 -9999 -9999 -9999 -9999 -9999 -9999 -9999 -9999 -9999 -9999 -9999 -9999 -9999 -9999 -9999 -9999 -9999 -9999 -9999 -9999 -9999 -9999 -9999 -9999 -9999 -9999 -9999 -9999 -9999 -9999
145.62 151.90 119.18 174.95 161.44 172.73 173.29 107.78 121.07 120.71 82.08 88.68 99.64 71.97 70.23 64.12 72.69 83.13 56.13 59.52 64.16 61.90 66.32 70.55 78.00 70.80 67.45 66.41 58.49 -9999 -9999 -9999 -9999 -9999 -9999 -9999 -9999 -9999 -9999 -9999 -9999 -9999 -9999 -9999 -9999 -9999 -9999 -9999 -9999 -9999 -9999 -9999 -9999 -9999 -9999 -9999 -9999 -9999 -9999 -9999 -9999 -9999 -9999 -9999 -9999 -9999 -9999 -9999 -9999 -9999 -9999 -9999 -9999 -9999 -9999 -9999 -9999
133.04 129.29 165.57 155.04 165.35 179.50 165.58 120.29 119.70 105.00 68.75 64.95 66.51 70.86 83.47 64.14 89.39 86.95 67.81 65.89 62.67 47.52 58.51 62.62 60.96 61.02 69.57 65.86 53.59 -9999 -9999 -9999 -9999 -9999 -9999 -9999 -9999 -9999 -9999 -9999 -9999 -9999 -9999 -9999 -9999 -9999 -9999 -9999 -9999 -9999 -9999 -9999 -9999 -9999 -9999 -9999 -9999 -9999 -9999 -9999 -9999 -9999 -9999 -9999 -9999 -9999 -9999 -9999 -9999 -9999 -9999 -9999 -9999 -9999 -9999 -9999 -9999
-9999 126.00 158.76 154.74 163.42 157.68 152.30 108.45 83.20 84.18 73.70 74.53 75.09 54.70 113.26 116.12 106.64 104.25 80.60 68.20 77.72 75.02 73.48 63.04 57.66 48.31 45.21 -9999 -9999 -9999 -9999 -9999 46.01 46.24 45.22 42.32 -9999 -9999 -9999 -9999 -9999 -9999 -9999 -9999 -9999 -9999 -9999 -9999 -9999 -9999 -9999 -9999 -9999 -9999 -9999 -9999 -9999 -9999 -9999 -9999 -9999 -9999 -9999 -9999 -9999 -9999 -9999 -9999 -9999 -9999 -9999 -9999 -9999 -9999 -9999 -9999 -9999
-9999 115.44 147.71 136.80 120.00 156.64 109.56 110.00 82.38 86.58 89.52 81.27 89.13 91.59 92.67 101.76 86.11 89.10 82.84 70.00 76.91 85.26 75.72 62.38 61.69 54.16 51.86 47.36 49.67 -9999 -9999 57.32 53.35 48.03 40.64 39.69 45.25 35.57 -9999 -9999 -9999 -9999 -9999 -9999 -9999 -9999 -9999 -9999 -9999 -9999 -9999 -9999 -9999 -9999 -9999 -9999 -9999 -9999 -9999 -9999 -9999 -9999 -9999 -9999 -9999 -9999 -9999 -9999 -9999 -9999 -9999 -9999 -9999 -9999 -9999 -9999 -9999
100.74 106.95 100.11 119.51 122.49 126.25 101.75 95.94 100.39 95.00 102.55 88.08 73.62 76.33 76.01 76.01 80.54 86.92 89.78 78.05 71.26 72.33 73.69 69.37 57.02 50.62 47.83 47.08 65.77 68.69 54.20 51.49 38.71 40.57 43.19 37.68 33.09 43.12 29.68 -9999 -9999 -9999 -9999 -9999 -9999 -9999 -9999 -9999 -9999 -9999 -9999 -9999 -9999 -9999 -9999 -9999 -9999 -9999 -9999 -9999 -9999 -9999 -9999 -9999 -9999 -9999 -9999 -9999 -9999 -9999 -9999 -9999 -9999 -9999 -9999 -9999 -9999
111.11 95.63 110.83 109.02 99.39 105.18 -9999 109.14 124.92 106.75 93.60 83.70 65.79 66.64 61.70 71.91 74.60 73.72 91.33 84.51 79.56 74.62 72.70 66.76 56.94 60.05 56.20 53.89 50.22 54.04 53.17 47.25 44.02 44.85 46.37 43.32 44.78 52.39 43.76 42.69 48.93 35.22 -9999 -9999 -9999 -9999 -9999 -9999 -9999 -9999 -9999 -9999 -9999 -9999 -9999 -9999 -9999 -9999 -9999 -9999 -9999 -9999 -9999 -9999 -9999 -9999 -9999 -9999 -9999 -9999 -9999 -9999 -9999 -9999 -9999 -9999 -9999
132.97 100.51 -9999 89.87 93.83 97.25 -9999 106.41 139.76 116.59 102.15 84.20 73.00 63.53 54.64 60.70 60.20 62.06 77.13 83.01 85.16 83.90 75.50 78.51 78.45 77.30 77.88 72.44 54.75 53.76 58.93 41.71 50.95 63.80 63.87 49.77 43.99 57.98 53.74 54.59 47.52 40.44 -9999 -9999 -9999 -9999 -9999 -9999 -9999 -9999 -9999 -9999 -9999 -9999 -9999 -9999 -9999 -9999 -9999 -9999 -9999 -9999 -9999 -9999 -9999 -9999 -9999 -9999 -9999 -9999 -9999 -9999 -9999 -9999 -9999 -9999 -9999
114.92 93.87 -9999 -9999 84.99 73.83 77.86 95.75 107.98 100.74 95.63 98.98 84.69 69.36 63.60 75.75 61.26 53.26 65.68 75.46 82.68 88.31 95.69 98.62 103.19 78.48 71.56 64.12 59.73 54.52 58.25 56.01 67.70 64.07 72.42 66.10 68.12 59.43 45.00 42.96 35.41 45.00 47.96 -9999 -9999 -9999 -9999 -9999 -9999 -9999 -9999 -9999 -9999 -9999 -9999 -9999 -9999 -9999 -9999 -9999 -9999 -9999 -9999 -9999 -9999 -9999 -9999 -9999 -9999 -9999 -9999 -9999 -9999 -9999 -9999 -9999 -9999
-9999 -9999 -9999 -9999 -9999 65.98 55.97 81.08 93.86 90.20 90.59 98.60 98.87 87.14 81.23 75.59 71.21 61.20 59.86 66.02 74.38 80.60 84.64 88.85 86.10 66.83 65.17 61.57 57.08 68.82 64.90 54.76 61.61 58.42 67.75 68.39 63.74 63.77 46.55 46.17 44.44 58.77 40.85 -9999 -9999 -9999 -9999 -9999 -9999 -9999 -9999 -9999 -9999 -9999 -9999 -9999 -9999 -9999 -9999 -9999 -9999 -9999 -9999 -9999 -9999 -9999 -9999 -9999 -9999 -9999 -9999 -9999 -9999 -9999 -9999 -9999 -9999
99.88 104.99 108.29 -9999 -9999 -9999 57.56 71.50 84.06 88.36 87.46 88.96 101.41 104.82 94.82 87.10 74.77 69.64 58.40 41.96 72.89 71.57 65.11 72.92 68.47 61.55 77.40 72.40 69.48 77.71 74.34 62.79 63.50 48.66 61.85 57.64 59.81 77.61 61.43 32.57 45.94 65.19 55.17 59.67 -9999 -9999 -9999 -9999 -9999 -9999 -9999 -9999 -9999 -9999 -9999 -9999 -9999 -9999 -9999 -9999 -9999 -9999 -9999 -9999 -9999 -9999 -9999 -9999 -9999 -9999 -9999 -9999 -9999 -9999 -9999 -9999 -9999
119.36 127.82 148.33 119.26 -9999 -9999 -9999 65.21 75.47 81.11 82.70 82.29 86.93 98.58 85.13 78.09 69.35 63.41 54.19 56.20 68.77 63.12 62.05 73.51 68.27 77.51 63.13 71.69 64.64 64.73 76.23 70.94 59.90 56.62 52.56 46.37 47.51 60.24 49.07 48.01 54.61 72.28 70.55 68.90 69.48 -9999 -9999 -9999 -9999 -9999 -9999 -9999 -9999 -9999 -9999 -9999 -9999 -9999 -9999 -9999 -9999 -9999 -9999 -9999 -9999 -9999 -9999 -9999 -9999 -9999 -9999 -9999 -9999 -9999 -9999 -9999 -9999
87.49 118.09 149.36 118.36 -9999 -9999 -9999 -9999 -9999 75.14 77.27 76.33 77.92 73.99 78.59 63.68 83.39 80.37 67.63 59.61 60.59 60.85 60.50 61.38 57.44 70.48 68.90 68.06 73.55 63.26 50.06 56.04 47.45 60.82 52.68 51.80 45.99 41.61 44.07 48.60 66.37 69.07 101.85 87.53 75.82 74.68 -9999 -9999 -9999 -9999 -9999 -9999 -9999 -9999 -9999 -9999 -9999 -9999 -9999 -9999 -9999 -9999 -9999 -9999 -9999 -9999 -9999 -9999 -9999 -9999 -9999 -9999 -9999 -9999 -9999 -9999 -9999
91.91 100.98 144.16 112.82 -9999 -9999 -9999 -9999 -9999 64.12 77.03 84.43 77.80 83.81 108.64 90.28 88.10 79.73 75.48 66.56 71.56 68.62 62.83 67.15 79.67 62.12 107.58 73.46 73.35 57.22 71.97 75.44 62.38 54.73 52.31 48.93 43.35 43.12 53.05 58.29 54.90 73.41 76.51 84.89 98.07 89.19 87.67 70.07 -9999 -9999 -9999 -9999 -9999 -9999 -9999 -9999 -9999 -9999 -9999 -9999 -9999 -9999 -9999 -9999 -9999 -9999 -9999 -9999 -9999 -9999 -9999 -9999 -9999 -9999 -9999 -9999 -9999
-9999 105.26 108.67 90.42 -9999 -9999 -9999 -9999 -9999 65.16 70.13 71.44 69.02 73.27 80.56 78.15 78.12 70.54 83.88 74.44 74.49 74.64 77.81 94.15 93.11 85.09 112.54 97.20 71.47 75.05 64.48 58.34 59.22 46.49 49.60 50.89 53.91 48.02 47.05 56.79 82.78 93.23 89.79 90.83 102.14 102.88 89.84 87.01 -9999 -9999 -9999 -9999 -9999 -9999 -9999 -9999 -9999 -9999 -9999 -9999 -9999 -9999 -9999 -9999 -9999 -9999 -9999 -9999 -9999 -9999 -9999 -9999 -9999 -9999 -9999 -9999 -9999
-9999 78.39 76.92 74.86 -9999 -9999 -9999 -9999 -9999 50.92 49.26 57.19 61.84 65.39 69.84 75.41 87.26 94.78 80.67 81.60 86.21 67.76 65.40 79.59 87.10 111.61 100.94 76.85 82.70 83.23 63.29 69.55 57.27 59.01 54.88 44.60 53.78 59.20 59.34 69.83 94.74 93.08 114.26 86.78 96.55 104.72 110.49 100.30 -9999 -9999 -9999 -9999 -9999 -9999 -9999 -9999 -9999 -9999 -9999 -9999 -9999 -9999 -9999 -9999 -9999 -9999 -9999 -9999 -9999 -9999 -9999 -9999 -9999 -9999 -9999 -9999 -9999
-9999 -9999 -9999 -9999 -9999 -9999 -9999 -9999 53.95 49.03 53.15 60.52 62.25 67.38 66.51 67.53 71.30 90.99 83.72 79.10 88.29 82.58 86.74 91.33 106.32 115.27 107.08 76.65 79.74 80.99 76.02 66.34 65.93 56.87 65.44 65.11 53.72 60.35 70.24 94.46 91.37 106.81 108.58 80.82 88.89 98.57 105.64 101.67 -9999 -9999 -9999 -9999 -9999 -9999 -9999 -9999 -9999 -9999 -9999 -9999 -9999 -9999 -9999 -9999 -9999 -9999 -9999 -9999 -9999 -9999 -9999 -9999 -9999 -9999 -9999 -9999 -9999
-9999 -9999 -9999 -9999 -9999 -9999 -9999 -9999 63.00 50.71 58.07 74.37 82.97 81.84 81.03 85.35 76.37 71.25 76.92 90.61 92.18 98.50 98.40 86.75 69.94 102.21 86.80 91.37 75.16 75.53 70.96 61.95 56.18 68.50 82.40 72.58 57.09 52.03 78.38 88.36 81.81 96.95 103.02 83.22 80.32 93.48 108.87 92.71 -9999 -9999 -9999 -9999 -9999 -9999 -9999 -9999 -9999 -9999 -9999 -9999 -9999 -9999 -9999 -9999 -9999 -9999 -9999 -9999 -9999 -9999 -9999 -9999 -9999 -9999 -9999 -9999 -9999
-9999 -9999 -9999 -9999 -9999 -9999 -9999 52.31 60.23 57.07 68.54 84.01 80.12 97.04 114.34 104.71 93.49 80.18 67.11 71.93 88.72 107.47 100.40 81.90 53.95 73.93 107.10 96.87 95.24 80.51 78.43 65.52 68.37 76.64 79.10 70.88 70.92 75.85 99.32 91.81 75.22 64.55 80.29 82.85 107.65 116.86 98.05 107.51 -9999 -9999 -9999 -9999 -9999 -9999 -9999 -9999 -9999 -9999 -9999 -9999 -9999 -9999 -9999 -9999 -9999 -9999 -9999 -9999 -9999 -9999 -9999 -9999 -9999 -9999 -9999 -9999 -9999
-9999 -9999 -9999 -9999 -9999 -9999 -9999 57.34 55.67 75.50 73.58 87.44 82.11 108.48 113.25 132.50 106.23 86.79 74.19 81.02 82.19 121.95 112.97 76.07 54.52 73.52 108.63 103.13 94.46 98.44 83.71 89.12 102.31 90.93 94.15 90.53 95.48 78.86 84.60 88.27 81.58 78.69 64.94 65.26 84.82 87.90 90.47 102.74 105.80 -9999 -9999 -9999 -9999 -9999 -9999 -9999 -9999 -9999 -9999 -9999 -9999 -9999 -9999 -9999 -9999 -9999 -9999 -9999 -9999 -9999 -9999 -9999 -9999 -9999 -9999 -9999 -9999
-9999 -9999 -9999 -9999 -9999 -9999 47.35 68.19 79.77 85.27 91.56 82.23 89.58 96.08 118.97 115.25 105.66 92.07 84.69 74.17 64.38 80.20 97.68 92.42 72.42 75.11 96.82 95.86 88.62 95.66 110.67 93.45 113.28 99.05 81.70 104.40 88.90 98.88 98.69 81.48 83.53 76.01 71.02 77.37 64.33 69.14 81.99 89.54 88.81 -9999 -9999 -9999 -9999 -9999 -9999 -9999 -9999 -9999 -9999 -9999 -9999 -9999 -9999 -9999 -9999 -9999 -9999 -9999 -9999 -9999 -9999 -9999 -9999 -9999 -9999 -9999 -9999
-9999 -9999 -9999 -9999 -9999 -9999 64.32 75.73 86.90 115.20 113.58 94.10 94.54 120.54 92.77 96.73 94.53 86.60 84.24 70.17 65.81 77.87 86.59 104.53 75.13 78.57 85.84 88.92 81.02 105.36 87.44 110.38 113.33 90.78 106.04 81.75 86.66 94.45 93.52 97.71 81.44 69.24 73.17 72.91 62.38 79.44 86.51 96.00 94.20 -9999 -9999 -9999 -9999 -9999 -9999 -9999 -9999 -9999 -9999 -9999 -9999 -9999 -9999 -9999 -9999 -9999 -9999 -9999 -9999 -9999 -9999 -9999 -9999 -9999 -9999 -9999 -9999
-9999 -9999 -9999 -9999 -9999 59.27 65.93 79.05 109.04 118.80 118.47 144.59 126.61 132.74 96.94 86.06 86.99 84.07 86.69 78.80 68.45 78.52 74.29 70.19 69.65 78.53 90.13 91.30 102.04 96.79 87.51 119.03 121.96 104.72 106.02 82.93 93.75 90.56 84.20 101.61 94.15 83.77 73.76 72.25 68.21 75.81 79.23 86.88 99.62 -9999 -9999 -9999 -9999 -9999 -9999 -9999 -9999 -9999 -9999 -9999 -9999 -9999 -9999 -9999 -9999 -9999 -9999 -9999 -9999 -9999 -9999 -9999 -9999 -9999 -9999 -9999 -9999
-9999 -9999 -9999 -9999 53.38 60.06 73.73 68.41 92.42 114.06 128.84 142.14 138.78 153.37 91.33 73.14 82.58 86.25 79.94 82.75 83.97 74.10 68.44 76.87 62.23 71.86 87.36 94.40 98.67 96.85 89.16 96.98 97.66 91.66 93.73 87.66 85.51 75.63 66.33 81.66 81.39 87.72 79.57 75.58 72.68 78.85 88.49 84.18 89.47 83.72 -9999 -9999 -9999 -9999 -9999 -9999 -9999 -9999 -9999 -9999 -9999 -9999 -9999 -9999 -9999 -9999 -9999 -9999 -9999 -9999 -9999 -9999 -9999 -9999 -9999 -9999 -9999
-9999 -9999 -9999 -9999 89.36 115.13 94.35 73.95 79.80 101.89 107.73 170.32 166.01 134.76 106.68 80.35 79.60 77.85 70.52 99.77 83.59 71.68 62.65 65.51 77.10 67.81 84.07 97.08 99.89 97.78 87.79 82.29 84.73 70.29 74.13 84.48 65.47 67.76 71.95 77.62 75.92 86.65 61.88 80.21 78.23 78.58 79.10 85.25 76.86 77.88 -9999 -9999 -9999 -9999 -9999 -9999 -9999 -9999 -9999 -9999 -9999 -9999 -9999 -9999 -9999 -9999 -9999 -9999 -9999 -9999 -9999 -9999 -9999 -9999 -9999 -9999 -9999
-9999 -9999 63.06 71.84 91.67 98.21 90.68 80.09 75.69 87.11 75.53 130.04 136.37 123.85 111.33 93.24 71.61 76.10 74.69 78.17 80.53 72.67 54.49 64.97 68.42 60.70 66.16 82.92 85.14 80.29 75.94 74.85 64.64 69.32 86.69 88.86 72.94 71.27 85.96 80.55 76.85 77.48 73.64 74.84 80.31 97.54 84.93 79.61 75.81 74.03 -9999 -9999 -9999 -9999 -9999 -9999 -9999 -9999 -9999 -9999 -9999 -9999 -9999 -9999 -9999 -9999 -9999 -9999 -9999 -9999 -9999 -9999 -9999 -9999 -9999 -9999 -9999
