Rainfall_2007-2011/Rainfall_2008-08_ACTUAL.txt
ncols         180
nrows         290
xllcorner     -200000
yllcorner     -200000
cellsize      5000
NODATA_value  -9999
[rows 99 to 131 of 290, columns 75 to 149 of 180]
187.73 193.06 177.14 -9999 154.86 260.09 271.15 266.96 225.77 226.86 223.39 160.74 140.53 128.31 126.43 140.98 151.42 149.34 181.57 141.88 98.24 96.25 97.10 107.35 111.28 138.83 151.41 138.63 146.69 163.97 140.57 132.84 152.90 124.77 123.47 137.12 161.23 184.95 173.36 -9999 -9999 -9999 -9999 -9999 -9999 -9999 -9999 -9999 -9999 -9999 -9999 -9999 -9999 -9999 -9999 -9999 -9999 -9999 -9999 -9999 -9999 -9999 -9999 -9999 -9999 -9999 -9999 -9999 -9999 -9999 -9999 -9999 -9999 -9999 -9999
194.25 170.07 -9999 144.45 169.73 155.88 238.05 227.48 243.35 279.85 205.71 183.01 154.87 163.72 170.17 157.41 133.07 93.23 108.98 71.36 62.50 113.28 122.03 145.25 136.19 119.93 137.36 148.79 158.40 163.55 140.94 129.47 141.12 141.24 138.00 161.31 182.05 171.15 175.24 -9999 -9999 -9999 -9999 -9999 -9999 -9999 -9999 -9999 -9999 -9999 -9999 -9999 -9999 -9999 -9999 -9999 -9999 -9999 -9999 -9999 -9999 -9999 -9999 -9999 -9999 -9999 -9999 -9999 -9999 -9999 -9999 -9999 -9999 -9999 -9999
159.38 -9999 139.45 122.77 166.94 266.50 234.94 305.27 236.30 201.05 165.47 193.47 189.22 138.50 162.60 120.42 153.65 159.72 172.13 86.78 71.12 150.94 166.71 135.74 144.83 121.33 137.82 139.12 160.15 153.90 157.67 197.86 186.95 177.91 188.09 200.77 176.94 173.54 170.28 -9999 -9999 -9999 -9999 -9999 -9999 -9999 -9999 -9999 -9999 -9999 -9999 -9999 -9999 -9999 -9999 -9999 -9999 -9999 -9999 -9999 -9999 -9999 -9999 -9999 -9999 -9999 -9999 -9999 -9999 -9999 -9999 -9999 -9999 -9999 -9999
-9999 136.05 -9999 147.84 153.81 186.13 175.76 254.26 232.39 229.66 203.30 251.52 193.26 164.86 119.91 106.89 107.03 98.44 119.12 171.78 211.90 211.74 147.72 144.94 151.32 165.96 190.66 154.76 150.96 148.78 203.02 171.99 175.33 170.85 186.09 178.89 133.09 141.93 -9999 -9999 -9999 -9999 -9999 -9999 -9999 -9999 -9999 -9999 -9999 -9999 -9999 -9999 -9999 -9999 -9999 -9999 -9999 -9999 -9999 -9999 -9999 -9999 -9999 -9999 -9999 -9999 -9999 -9999 -9999 -9999 -9999 -9999 -9999 -9999 -9999
-9999 -9999 116.55 122.85 110.45 91.60 245.71 289.96 190.89 210.29 270.29 216.87 229.78 242.66 203.33 132.50 95.52 107.78 187.80 239.96 218.02 182.55 227.47 217.15 166.85 165.33 176.49 152.76 157.15 194.57 161.32 140.26 175.05 161.60 176.61 159.48 -9999 -9999 -9999 -9999 -9999 -9999 -9999 -9999 -9999 -9999 -9999 -9999 -9999 -9999 -9999 -9999 -9999 -9999 -9999 -9999 -9999 -9999 -9999 -9999 -9999 -9999 -9999 -9999 -9999 -9999 -9999 -9999 -9999 -9999 -9999 -9999 -9999 -9999 -9999
-9999 141.05 143.10 155.60 165.72 145.55 216.16 237.24 132.54 208.79 253.28 195.65 163.06 160.00 162.15 109.12 87.89 147.82 195.35 175.94 195.47 238.04 187.60 187.53 143.76 148.04 169.39 162.08 156.62 157.45 133.38 132.59 144.31 162.91 187.57 -9999 -9999 -9999 -9999 -9999 -9999 -9999 -9999 -9999 -9999 -9999 -9999 -9999 -9999 -9999 -9999 -9999 -9999 -9999 -9999 -9999 -9999 -9999 -9999 -9999 -9999 -9999 -9999 -9999 -9999 -9999 -9999 -9999 -9999 -9999 -9999 -9999 -9999 -9999 -9999
-9999 148.59 184.20 173.42 178.57 149.82 183.62 236.25 253.97 244.36 313.84 244.80 199.15 226.08 153.33 135.65 121.65 167.32 220.01 182.59 159.99 141.41 159.09 155.95 132.26 151.64 152.28 139.71 158.65 147.72 154.28 178.03 175.00 176.31 169.24 -9999 -9999 -9999 -9999 -9999 -9999 -9999 -9999 -9999 -9999 -9999 -9999 -9999 -9999 -9999 -9999 -9999 -9999 -9999 -9999 -9999 -9999 -9999 -9999 -9999 -9999 -9999 -9999 -9999 -9999 -9999 -9999 -9999 -9999 -9999 -9999 -9999 -9999 -9999 -9999
135.88 176.95 181.73 191.95 199.01 197.13 253.82 276.77 320.60 264.97 312.43 218.37 239.72 189.83 232.88 177.01 214.02 335.16 234.53 165.38 211.07 196.04 165.68 206.59 163.74 161.90 137.33 156.63 153.70 170.08 196.16 203.82 197.04 165.01 193.09 196.81 -9999 -9999 -9999 -9999 -9999 -9999 -9999 -9999 -9999 -9999 -9999 -9999 -9999 -9999 -9999 -9999 -9999 -9999 -9999 -9999 -9999 -9999 -9999 -9999 -9999 -9999 -9999 -9999 -9999 -9999 -9999 -9999 -9999 -9999 -9999 -9999 -9999 -9999 -9999
116.89 164.29 182.78 197.75 160.51 199.25 175.71 207.59 276.20 359.22 387.40 221.10 236.19 246.44 191.42 169.41 244.68 248.18 262.37 332.71 235.89 204.33 209.70 186.88 203.46 220.02 234.07 276.51 220.17 189.69 191.69 234.48 256.25 209.72 233.90 214.94 183.91 -9999 -9999 -9999 -9999 -9999 -9999 -9999 -9999 -9999 -9999 -9999 -9999 -9999 -9999 -9999 -9999 -9999 -9999 -9999 -9999 -9999 -9999 -9999 -9999 -9999 -9999 -9999 -9999 -9999 -9999 -9999 -9999 -9999 -9999 -9999 -9999 -9999 -9999
141.32 153.03 177.70 183.88 191.17 195.11 159.98 162.97 255.30 312.09 391.97 224.23 221.73 219.72 203.58 180.72 247.35 199.31 202.02 204.30 210.47 184.39 227.82 256.39 283.87 241.80 225.38 229.70 212.95 238.44 192.39 222.24 189.42 210.26 191.51 176.52 135.66 129.56 -9999 -9999 -9999 -9999 -9999 -9999 -9999 -9999 -9999 -9999 -9999 -9999 -9999 -9999 -9999 -9999 -9999 -9999 -9999 -9999 -9999 -9999 -9999 -9999 -9999 -9999 -9999 -9999 -9999 -9999 -9999 -9999 -9999 -9999 -9999 -9999 -9999
145.03 151.94 130.15 186.54 258.07 184.18 163.07 197.55 238.44 222.89 221.50 200.05 232.62 169.28 204.19 206.94 230.40 193.46 189.75 196.33 203.12 206.13 303.29 272.60 274.26 223.84 190.42 189.03 201.19 234.67 212.51 192.83 154.59 145.17 161.33 162.41 148.28 -9999 -9999 -9999 -9999 -9999 -9999 -9999 -9999 -9999 -9999 -9999 -9999 -9999 -9999 -9999 -9999 -9999 -9999 -9999 -9999 -9999 -9999 -9999 -9999 -9999 -9999 -9999 -9999 -9999 -9999 -9999 -9999 -9999 -9999 -9999 -9999 -9999 -9999
120.60 116.49 134.18 143.43 139.23 152.41 207.65 180.38 227.67 219.81 235.36 218.95 173.95 255.30 249.06 175.62 172.43 154.25 159.19 233.83 217.43 214.86 161.02 144.77 162.59 194.50 208.06 201.05 196.18 192.38 188.09 181.04 151.83 -9999 -9999 -9999 -9999 -9999 -9999 -9999 -9999 -9999 -9999 -9999 -9999 -9999 -9999 -9999 -9999 -9999 -9999 -9999 -9999 -9999 -9999 -9999 -9999 -9999 -9999 -9999 -9999 -9999 -9999 -9999 -9999 -9999 -9999 -9999 -9999 -9999 -9999 -9999 -9999 -9999 -9999
135.79 119.16 145.44 150.68 116.26 171.04 174.71 223.78 241.23 160.50 202.12 230.37 178.30 205.35 256.16 212.05 207.10 179.17 230.59 311.49 209.38 173.60 158.53 152.25 167.96 187.81 217.50 204.08 202.48 214.68 199.01 -9999 -9999 -9999 -9999 -9999 -9999 -9999 -9999 -9999 -9999 -9999 -9999 -9999 -9999 -9999 -9999 -9999 -9999 -9999 -9999 -9999 -9999 -9999 -9999 -9999 -9999 -9999 -9999 -9999 -9999 -9999 -9999 -9999 -9999 -9999 -9999 -9999 -9999 -9999 -9999 -9999 -9999 -9999 -9999
134.77 153.04 149.36 132.98 157.71 121.82 140.46 263.25 242.23 182.37 211.68 223.63 164.57 156.26 186.52 205.45 241.23 181.56 267.73 292.26 222.24 181.40 168.75 147.12 162.87 169.88 177.68 190.87 230.90 229.45 191.93 -9999 -9999 -9999 -9999 -9999 -9999 -9999 -9999 -9999 -9999 -9999 -9999 -9999 -9999 -9999 -9999 -9999 -9999 -9999 -9999 -9999 -9999 -9999 -9999 -9999 -9999 -9999 -9999 -9999 -9999 -9999 -9999 -9999 -9999 -9999 -9999 -9999 -9999 -9999 -9999 -9999 -9999 -9999 -9999
173.38 142.01 -9999 134.99 151.42 117.60 137.21 212.81 221.57 167.14 151.10 180.95 176.23 190.15 233.40 203.15 327.49 329.16 308.54 313.31 234.68 175.43 183.10 162.47 164.12 168.47 178.71 168.22 170.55 -9999 -9999 -9999 -9999 -9999 216.37 202.61 185.05 167.03 -9999 -9999 -9999 -9999 -9999 -9999 -9999 -9999 -9999 -9999 -9999 -9999 -9999 -9999 -9999 -9999 -9999 -9999 -9999 -9999 -9999 -9999 -9999 -9999 -9999 -9999 -9999 -9999 -9999 -9999 -9999 -9999 -9999 -9999 -9999 -9999 -9999
131.91 185.86 -9999 137.96 172.84 137.42 117.61 189.63 156.46 175.10 149.53 178.29 193.71 191.75 267.12 259.10 261.62 288.14 246.42 258.10 235.10 192.83 205.79 198.31 181.62 178.85 208.39 211.14 217.12 202.94 199.90 -9999 -9999 239.51 215.71 203.33 169.79 169.67 172.93 157.06 -9999 -9999 -9999 -9999 -9999 -9999 -9999 -9999 -9999 -9999 -9999 -9999 -9999 -9999 -9999 -9999 -9999 -9999 -9999 -9999 -9999 -9999 -9999 -9999 -9999 -9999 -9999 -9999 -9999 -9999 -9999 -9999 -9999 -9999 -9999
142.45 170.74 126.83 138.74 130.79 152.90 160.65 178.49 157.29 155.88 180.03 187.60 197.22 162.96 173.76 208.79 211.11 213.03 231.59 253.45 260.47 223.36 202.26 223.95 225.79 226.47 204.94 209.56 205.75 202.65 226.79 235.20 249.22 230.84 187.79 180.34 175.23 193.18 183.52 231.16 177.90 -9999 -9999 -9999 -9999 -9999 -9999 -9999 -9999 -9999 -9999 -9999 -9999 -9999 -9999 -9999 -9999 -9999 -9999 -9999 -9999 -9999 -9999 -9999 -9999 -9999 -9999 -9999 -9999 -9999 -9999 -9999 -9999 -9999 -9999
188.86 150.41 146.60 126.55 147.53 152.36 146.40 158.98 -9999 177.13 220.12 207.75 183.54 162.53 140.13 157.27 163.47 200.34 217.91 219.29 268.97 248.05 237.31 239.42 221.40 254.39 202.41 225.97 229.66 226.01 200.21 195.19 207.14 191.66 189.42 174.68 184.88 176.41 180.12 218.31 194.89 193.59 200.39 130.32 -9999 -9999 -9999 -9999 -9999 -9999 -9999 -9999 -9999 -9999 -9999 -9999 -9999 -9999 -9999 -9999 -9999 -9999 -9999 -9999 -9999 -9999 -9999 -9999 -9999 -9999 -9999 -9999 -9999 -9999 -9999
156.77 150.65 175.51 131.61 -9999 132.04 140.68 152.75 -9999 179.54 253.77 226.66 207.41 177.92 155.36 152.93 145.06 170.97 184.18 192.75 233.80 256.26 257.64 253.01 217.97 230.94 229.14 230.28 252.37 222.00 177.04 178.01 190.57 125.88 177.71 240.77 230.86 174.65 158.05 192.57 177.60 206.33 186.53 151.27 -9999 -9999 -9999 -9999 -9999 -9999 -9999 -9999 -9999 -9999 -9999 -9999 -9999 -9999 -9999 -9999 -9999 -9999 -9999 -9999 -9999 -9999 -9999 -9999 -9999 -9999 -9999 -9999 -9999 -9999 -9999
154.47 164.66 151.38 122.62 -9999 -9999 139.13 136.45 144.52 189.80 211.77 192.83 180.26 194.80 181.71 163.95 161.63 201.28 194.76 170.04 199.33 226.16 242.84 253.39 261.95 236.94 245.55 254.41 224.45 191.24 186.15 172.44 165.29 114.36 146.88 189.72 210.58 178.62 149.06 166.36 151.35 164.44 150.98 162.86 148.73 -9999 -9999 -9999 -9999 -9999 -9999 -9999 -9999 -9999 -9999 -9999 -9999 -9999 -9999 -9999 -9999 -9999 -9999 -9999 -9999 -9999 -9999 -9999 -9999 -9999 -9999 -9999 -9999 -9999 -9999
154.11 167.39 -9999 -9999 -9999 -9999 -9999 140.90 149.55 197.11 196.23 166.25 146.81 154.56 181.80 188.96 189.73 172.44 183.35 187.73 179.04 188.19 201.08 216.88 226.54 230.59 252.57 230.25 212.07 190.11 181.55 218.30 187.78 125.15 141.75 145.35 147.63 163.52 151.72 178.90 169.81 187.30 159.34 168.89 129.81 -9999 -9999 -9999 -9999 -9999 -9999 -9999 -9999 -9999 -9999 -9999 -9999 -9999 -9999 -9999 -9999 -9999 -9999 -9999 -9999 -9999 -9999 -9999 -9999 -9999 -9999 -9999 -9999 -9999 -9999
157.10 154.27 141.11 142.33 141.51 -9999 -9999 -9999 154.11 176.90 174.97 160.51 137.94 135.41 173.45 213.82 214.33 202.21 177.96 193.46 172.76 118.54 176.62 179.76 174.02 202.72 208.59 201.99 239.32 216.79 221.06 244.93 217.20 170.67 170.23 121.94 131.71 148.88 167.38 217.77 171.77 147.02 157.97 159.35 128.84 142.06 -9999 -9999 -9999 -9999 -9999 -9999 -9999 -9999 -9999 -9999 -9999 -9999 -9999 -9999 -9999 -9999 -9999 -9999 -9999 -9999 -9999 -9999 -9999 -9999 -9999 -9999 -9999 -9999 -9999
176.81 160.24 166.05 168.96 160.40 141.01 -9999 -9999 -9999 140.10 151.02 154.58 142.24 131.71 144.46 194.67 182.25 188.43 169.99 173.04 168.76 176.10 165.59 163.54 166.17 202.19 191.78 213.68 163.06 184.72 184.75 189.55 211.52 187.44 164.22 157.68 148.19 139.31 140.92 179.96 155.87 169.85 192.95 172.70 153.69 130.56 122.14 -9999 -9999 -9999 -9999 -9999 -9999 -9999 -9999 -9999 -9999 -9999 -9999 -9999 -9999 -9999 -9999 -9999 -9999 -9999 -9999 -9999 -9999 -9999 -9999 -9999 -9999 -9999 -9999
202.12 157.79 122.58 162.55 189.89 202.59 -9999 -9999 -9999 -9999 -9999 152.90 144.25 127.45 137.40 144.47 155.13 183.32 206.53 211.35 196.15 170.09 161.60 163.73 162.32 166.61 159.73 196.76 159.13 143.34 177.56 168.20 134.29 146.15 136.93 186.40 154.66 151.73 150.63 141.45 160.04 152.14 145.66 139.36 158.76 148.25 127.43 120.36 -9999 -9999 -9999 -9999 -9999 -9999 -9999 -9999 -9999 -9999 -9999 -9999 -9999 -9999 -9999 -9999 -9999 -9999 -9999 -9999 -9999 -9999 -9999 -9999 -9999 -9999 -9999
152.27 -9999 130.79 146.26 221.12 182.71 -9999 -9999 -9999 -9999 -9999 129.13 131.68 147.18 146.86 171.66 215.83 202.61 210.75 200.27 200.13 177.24 187.57 180.36 169.81 186.13 219.39 177.28 249.29 154.86 171.04 143.68 192.52 207.28 180.35 188.88 136.14 135.74 145.09 148.06 162.91 171.78 144.82 139.87 121.04 137.24 146.64 141.93 151.70 125.43 -9999 -9999 -9999 -9999 -9999 -9999 -9999 -9999 -9999 -9999 -9999 -9999 -9999 -9999 -9999 -9999 -9999 -9999 -9999 -9999 -9999 -9999 -9999 -9999 -9999
73.06 -9999 -9999 173.85 208.15 187.79 -9999 -9999 -9999 -9999 -9999 108.81 104.15 123.89 127.17 142.50 167.76 169.78 181.61 173.61 213.69 191.28 191.93 195.33 213.49 270.02 239.29 187.48 262.30 226.35 165.57 172.35 168.74 154.80 175.37 136.94 136.94 151.86 170.53 146.62 136.99 151.87 184.44 173.39 150.02 125.95 120.76 153.84 153.45 124.33 -9999 -9999 -9999 -9999 -9999 -9999 -9999 -9999 -9999 -9999 -9999 -9999 -9999 -9999 -9999 -9999 -9999 -9999 -9999 -9999 -9999 -9999 -9999 -9999 -9999
-9999 -9999 -9999 150.96 179.00 180.77 -9999 -9999 -9999 -9999 -9999 106.46 100.18 113.02 118.59 125.28 143.94 165.07 203.00 234.12 206.25 209.58 220.71 173.77 171.31 209.23 172.60 206.90 223.72 184.83 191.36 189.17 160.01 188.23 160.82 165.71 155.48 142.95 176.46 171.74 165.80 168.92 187.24 178.32 162.25 109.05 119.95 131.67 136.79 129.31 -9999 -9999 -9999 -9999 -9999 -9999 -9999 -9999 -9999 -9999 -9999 -9999 -9999 -9999 -9999 -9999 -9999 -9999 -9999 -9999 -9999 -9999 -9999 -9999 -9999
145.74 -9999 -9999 -9999 -9999 -9999 -9999 -9999 -9999 -9999 133.04 130.26 128.55 125.49 122.88 131.85 135.90 147.29 168.46 230.65 219.76 205.41 227.24 209.82 215.02 222.68 235.40 246.19 259.75 201.58 201.94 197.94 192.30 173.77 177.31 155.25 177.07 178.55 146.22 153.26 170.22 204.27 175.78 188.71 164.54 111.67 118.48 116.05 123.98 126.45 -9999 -9999 -9999 -9999 -9999 -9999 -9999 -9999 -9999 -9999 -9999 -9999 -9999 -9999 -9999 -9999 -9999 -9999 -9999 -9999 -9999 -9999 -9999 -9999 -9999
177.90 -9999 -9999 -9999 -9999 -9999 -9999 -9999 -9999 -9999 169.74 127.91 135.49 151.22 158.48 156.27 161.42 183.92 183.06 189.53 216.13 240.06 237.07 247.00 227.29 210.95 186.02 262.23 225.44 248.74 198.32 190.96 179.59 156.73 144.08 182.92 215.01 182.94 138.26 120.57 169.14 173.74 149.04 167.39 163.87 121.85 111.61 120.26 126.59 109.99 -9999 -9999 -9999 -9999 -9999 -9999 -9999 -9999 -9999 -9999 -9999 -9999 -9999 -9999 -9999 -9999 -9999 -9999 -9999 -9999 -9999 -9999 -9999 -9999 -9999
-9999 -9999 -9999 -9999 -9999 -9999 -9999 -9999 -9999 152.42 163.44 129.98 136.46 150.76 139.54 170.37 212.30 218.41 224.21 219.94 199.78 209.60 234.49 264.15 228.98 208.54 167.86 209.31 270.53 240.02 235.83 202.75 199.37 164.62 168.63 189.16 196.88 177.44 170.80 186.18 187.37 167.90 129.99 110.82 131.88 125.40 147.07 133.15 99.23 88.72 -9999 -9999 -9999 -9999 -9999 -9999 -9999 -9999 -9999 -9999 -9999 -9999 -9999 -9999 -9999 -9999 -9999 -9999 -9999 -9999 -9999 -9999 -9999 -9999 -9999
-9999 -9999 -9999 -9999 -9999 -9999 -9999 -9999 -9999 138.60 130.02 152.08 128.71 139.82 134.35 176.00 194.62 266.19 250.73 229.99 209.83 225.51 231.95 339.75 286.09 202.22 160.51 194.88 263.68 242.29 224.56 247.16 222.25 235.08 240.27 210.54 220.00 210.30 223.89 155.58 153.90 154.05 140.51 135.11 112.39 102.58 116.07 96.83 90.61 89.30 95.87 -9999 -9999 -9999 -9999 -9999 -9999 -9999 -9999 -9999 -9999 -9999 -9999 -9999 -9999 -9999 -9999 -9999 -9999 -9999 -9999 -9999 -9999 -9999 -9999
-9999 -9999 -9999 -9999 -9999 -9999 -9999 -9999 109.40 154.81 164.43 155.97 154.33 130.14 148.19 148.67 197.93 230.52 255.26 245.72 222.51 180.27 197.75 254.52 267.24 234.61 178.40 179.24 228.60 232.23 224.92 247.07 282.67 223.58 251.42 219.69 182.11 224.52 181.08 195.72 176.11 137.18 141.26 131.63 126.87 123.15 96.65 83.90 85.59 87.24 86.93 -9999 -9999 -9999 -9999 -9999 -9999 -9999 -9999 -9999 -9999 -9999 -9999 -9999 -9999 -9999 -9999 -9999 -9999 -9999 -9999 -9999 -9999 -9999 -9999
-9999 -9999 -9999 -9999 -9999 -9999 -9999 -9999 146.02 162.03 160.65 186.63 180.21 159.49 165.08 211.21 169.08 199.15 241.10 247.65 231.82 160.75 164.34 223.08 228.07 252.07 169.59 172.69 200.08 220.75 242.04 294.77 214.40 245.67 242.71 191.77 232.92 186.41 180.58 186.73 153.88 149.29 133.15 111.39 112.92 113.56 96.29 97.43 86.41 87.59 88.11 -9999 -9999 -9999 -9999 -9999 -9999 -9999 -9999 -9999 -9999 -9999 -9999 -9999 -9999 -9999 -9999 -9999 -9999 -9999 -9999 -9999 -9999 -9999 -9999
