Rainfall_2007-2011/Rainfall_2009-06_ACTUAL.txt
ncols         180
nrows         290
xllcorner     -200000
yllcorner     -200000
cellsize      5000
NODATA_value  -9999
[rows 136 to 169 of 290, columns 77 to 153 of 180]
-9999 -9999 56.83 60.73 63.81 78.58 74.13 75.79 70.59 64.92 66.30 76.02 83.43 104.58 84.05 65.41 47.92 43.48 46.43 47.90 50.68 56.63 54.90 56.33 45.99 41.19 41.67 49.46 51.62 51.57 57.59 51.47 58.87 41.71 42.92 43.66 56.68 55.21 55.27 72.60 70.22 87.91 95.38 88.21 69.76 72.24 82.72 86.29 69.28 55.64 47.85 -9999 -9999 -9999 -9999 -9999 -9999 -9999 -9999 -9999 -9999 -9999 -9999 -9999 -9999 -9999 -9999 -9999 -9999 -9999 -9999 -9999 -9999 -9999 -9999 -9999 -9999
-9999 -9999 51.13 55.88 57.50 69.93 64.98 69.13 66.75 64.84 64.86 68.03 77.94 85.76 76.95 67.92 51.29 44.05 42.90 46.87 52.35 68.50 57.68 -9999 -9999 -9999 46.73 51.06 -9999 49.98 56.82 50.13 49.95 46.84 46.18 53.88 65.16 57.95 66.91 69.74 68.48 69.92 68.35 80.50 97.19 80.76 83.59 68.40 62.55 56.68 55.51 -9999 -9999 -9999 -9999 -9999 -9999 -9999 -9999 -9999 -9999 -9999 -9999 -9999 -9999 -9999 -9999 -9999 -9999 -9999 -9999 -9999 -9999 -9999 -9999 -9999 -9999
-9999 -9999 41.85 50.62 53.31 52.90 60.48 64.53 66.14 65.05 59.02 65.05 66.21 82.71 68.41 66.55 53.21 45.67 50.75 44.29 50.34 52.73 53.77 -9999 -9999 -9999 56.13 52.11 49.03 49.15 51.02 50.08 45.80 44.73 52.36 57.70 53.03 67.84 65.49 66.14 77.07 74.43 77.75 88.24 99.07 87.61 83.94 92.54 74.35 67.49 53.62 -9999 -9999 -9999 -9999 -9999 -9999 -9999 -9999 -9999 -9999 -9999 -9999 -9999 -9999 -9999 -9999 -9999 -9999 -9999 -9999 -9999 -9999 -9999 -9999 -9999 -9999
-9999 -9999 -9999 43.66 54.35 49.37 -9999 61.78 60.62 56.15 54.13 57.70 -9999 59.39 50.80 55.76 50.07 47.24 48.78 43.67 47.46 -9999 -9999 -9999 -9999 41.98 49.09 50.24 42.25 43.95 48.51 45.39 44.70 45.81 58.33 72.10 50.39 75.11 74.84 70.44 74.10 69.69 83.57 122.23 88.79 93.29 88.42 90.65 71.86 72.38 72.10 60.71 -9999 -9999 -9999 -9999 -9999 -9999 -9999 -9999 -9999 -9999 -9999 -9999 -9999 -9999 -9999 -9999 -9999 -9999 -9999 -9999 -9999 -9999 -9999 -9999 -9999
-9999 -9999 -9999 -9999 59.63 -9999 -9999 -9999 45.94 41.21 45.28 51.74 55.76 -9999 -9999 48.43 47.00 45.21 49.34 -9999 -9999 -9999 -9999 -9999 45.61 51.73 57.76 52.46 44.47 44.85 44.28 35.45 40.45 48.14 55.49 65.40 82.48 80.99 85.00 88.06 93.02 83.54 87.02 83.72 89.68 82.86 104.62 100.10 73.63 74.85 73.86 69.68 -9999 -9999 -9999 -9999 -9999 -9999 -9999 -9999 -9999 -9999 -9999 -9999 -9999 -9999 -9999 -9999 -9999 -9999 -9999 -9999 -9999 -9999 -9999 -9999 -9999
-9999 -9999 -9999 -9999 58.85 56.07 -9999 -9999 -9999 36.39 42.23 53.87 52.69 -9999 -9999 -9999 -9999 42.59 -9999 -9999 -9999 -9999 -9999 -9999 48.58 59.01 54.09 47.39 53.58 55.95 46.20 30.76 32.76 48.40 48.28 53.72 69.77 70.83 111.65 100.02 99.42 74.65 78.53 86.59 85.44 115.02 104.13 95.89 71.21 72.05 63.02 46.20 -9999 -9999 -9999 -9999 -9999 -9999 -9999 -9999 -9999 -9999 -9999 -9999 -9999 -9999 -9999 -9999 -9999 -9999 -9999 -9999 -9999 -9999 -9999 -9999 -9999
-9999 -9999 -9999 -9999 -9999 61.38 -9999 -9999 -9999 -9999 41.67 48.37 47.26 -9999 -9999 -9999 -9999 -9999 -9999 -9999 -9999 -9999 -9999 58.57 58.01 71.22 80.72 65.63 68.90 68.58 58.04 41.53 39.88 44.26 52.27 62.24 88.14 94.43 87.54 101.25 78.72 69.78 76.99 72.90 67.78 86.93 96.04 80.23 73.34 66.18 60.89 53.70 53.08 -9999 -9999 -9999 -9999 -9999 -9999 -9999 -9999 -9999 -9999 -9999 -9999 -9999 -9999 -9999 -9999 -9999 -9999 -9999 -9999 -9999 -9999 -9999 -9999
-9999 -9999 -9999 -9999 -9999 64.10 -9999 -9999 -9999 -9999 -9999 -9999 -9999 -9999 -9999 -9999 -9999 -9999 -9999 -9999 -9999 -9999 -9999 65.51 62.45 68.27 78.72 58.74 82.54 80.73 67.22 53.91 39.63 42.89 38.57 43.54 71.42 90.66 92.16 76.09 90.31 99.61 90.55 80.46 82.18 65.42 74.17 76.17 75.31 68.79 65.08 61.61 59.44 56.76 -9999 -9999 -9999 -9999 -9999 -9999 -9999 -9999 -9999 -9999 -9999 -9999 -9999 -9999 -9999 -9999 -9999 -9999 -9999 -9999 -9999 -9999 -9999
-9999 -9999 -9999 -9999 -9999 -9999 -9999 -9999 -9999 -9999 -9999 -9999 -9999 -9999 -9999 -9999 -9999 -9999 -9999 -9999 -9999 -9999 57.53 67.58 69.72 72.87 86.66 64.59 105.63 113.82 77.75 52.27 43.43 38.63 38.44 44.16 62.87 104.42 96.41 71.16 71.47 68.43 74.27 74.03 73.46 66.13 68.24 84.51 77.83 52.29 59.05 65.13 60.15 56.45 -9999 -9999 -9999 -9999 -9999 -9999 -9999 -9999 -9999 -9999 -9999 -9999 -9999 -9999 -9999 -9999 -9999 -9999 -9999 -9999 -9999 -9999 -9999
-9999 -9999 -9999 -9999 -9999 -9999 -9999 -9999 -9999 -9999 -9999 -9999 -9999 -9999 -9999 -9999 -9999 -9999 -9999 -9999 -9999 -9999 56.80 56.61 78.11 102.70 123.37 76.99 70.30 110.08 74.84 66.97 54.77 46.03 52.07 49.54 52.70 77.89 111.70 96.52 76.11 53.51 55.70 62.67 63.30 64.08 65.38 98.48 92.44 97.43 70.61 67.76 60.83 59.11 58.22 57.27 54.91 -9999 -9999 -9999 -9999 -9999 -9999 -9999 -9999 -9999 -9999 -9999 -9999 -9999 -9999 -9999 -9999 -9999 -9999 -9999 -9999
-9999 -9999 -9999 -9999 -9999 -9999 -9999 -9999 -9999 -9999 -9999 -9999 -9999 -9999 -9999 -9999 -9999 -9999 -9999 -9999 -9999 -9999 54.18 63.58 79.07 75.08 72.45 87.52 112.89 145.18 98.87 78.16 80.83 61.66 66.14 62.10 42.00 53.32 73.10 72.25 69.80 55.74 55.08 51.59 62.90 62.05 59.91 71.09 85.20 87.24 80.00 70.86 64.86 64.38 81.40 74.24 67.15 59.15 54.61 -9999 -9999 -9999 -9999 -9999 -9999 -9999 -9999 -9999 -9999 -9999 -9999 -9999 -9999 -9999 -9999 -9999 -9999
-9999 -9999 -9999 -9999 -9999 -9999 -9999 -9999 -9999 -9999 -9999 -9999 -9999 -9999 -9999 -9999 -9999 -9999 -9999 -9999 -9999 -9999 53.53 74.55 94.63 122.18 149.56 135.29 105.93 118.18 104.08 107.35 103.47 82.89 67.09 59.42 45.36 42.55 52.79 56.81 72.35 65.06 64.84 64.60 66.65 64.80 62.39 75.94 79.47 82.63 76.71 72.80 74.93 69.61 79.96 93.62 75.68 78.06 68.83 67.89 50.40 -9999 -9999 -9999 -9999 -9999 -9999 -9999 -9999 -9999 -9999 -9999 -9999 -9999 -9999 -9999 -9999
-9999 -9999 -9999 -9999 -9999 -9999 -9999 -9999 -9999 -9999 -9999 -9999 -9999 -9999 -9999 -9999 -9999 -9999 -9999 -9999 -9999 -9999 57.97 73.41 89.61 111.23 124.51 151.82 145.30 106.47 125.27 96.01 101.59 93.58 68.88 57.60 48.58 45.27 45.43 85.46 81.33 75.19 77.04 82.54 78.33 70.40 71.55 64.83 66.71 64.01 69.35 83.23 79.58 74.06 77.08 90.28 74.54 79.79 68.23 65.42 47.50 50.92 -9999 -9999 -9999 -9999 -9999 -9999 -9999 -9999 -9999 -9999 -9999 -9999 -9999 -9999 -9999
-9999 -9999 -9999 -9999 -9999 -9999 -9999 -9999 -9999 -9999 42.70 39.23 38.07 -9999 -9999 -9999 -9999 -9999 -9999 -9999 -9999 -9999 -9999 63.86 69.31 88.54 83.82 97.34 149.02 100.17 88.93 62.96 93.13 81.46 75.55 60.55 65.85 62.10 61.79 79.34 77.50 86.65 85.99 73.12 68.48 73.35 60.59 58.92 60.04 60.80 58.26 66.29 94.99 109.36 102.26 117.69 110.28 96.40 73.38 53.81 62.95 52.50 42.54 -9999 -9999 -9999 -9999 -9999 -9999 -9999 -9999 -9999 -9999 -9999 -9999 -9999 -9999
-9999 -9999 -9999 -9999 -9999 -9999 -9999 -9999 -9999 -9999 39.10 44.30 -9999 -9999 -9999 -9999 -9999 -9999 -9999 -9999 -9999 -9999 -9999 -9999 67.46 78.86 107.22 100.02 123.59 88.67 78.19 75.12 84.32 79.78 110.13 91.76 103.31 59.16 68.48 88.63 82.67 60.78 66.76 75.95 55.10 75.93 62.59 56.24 54.35 54.37 48.44 60.55 95.14 106.76 100.78 100.90 110.69 92.42 72.66 61.16 66.99 60.22 57.10 -9999 -9999 -9999 -9999 -9999 -9999 -9999 -9999 -9999 -9999 -9999 -9999 -9999 -9999
-9999 -9999 -9999 -9999 -9999 -9999 -9999 -9999 -9999 41.26 53.71 52.29 45.75 -9999 -9999 -9999 -9999 -9999 -9999 -9999 -9999 -9999 -9999 -9999 53.03 75.63 103.39 101.99 88.12 80.51 59.23 60.03 48.62 67.36 88.62 70.78 65.23 88.05 76.59 72.13 97.88 82.82 91.17 74.43 87.38 86.66 63.45 51.53 49.69 42.26 39.18 69.71 85.12 94.64 95.69 102.82 102.68 89.70 67.19 58.97 69.86 55.68 53.53 43.58 -9999 -9999 -9999 -9999 -9999 -9999 -9999 -9999 -9999 -9999 -9999 -9999 -9999
-9999 -9999 -9999 -9999 -9999 -9999 -9999 -9999 45.42 64.13 67.99 65.32 41.62 -9999 -9999 -9999 -9999 -9999 -9999 -9999 -9999 -9999 -9999 -9999 58.50 71.01 83.03 67.05 71.46 68.48 60.57 53.40 44.80 56.54 71.65 61.80 95.99 82.73 94.10 116.85 103.94 70.00 76.79 69.93 92.22 91.50 62.12 58.87 43.64 41.01 50.32 63.01 83.62 104.53 97.02 80.69 76.39 64.51 51.90 59.00 65.97 49.08 38.27 43.21 -9999 -9999 -9999 -9999 -9999 -9999 -9999 -9999 -9999 -9999 -9999 -9999 -9999
-9999 -9999 -9999 -9999 -9999 -9999 -9999 36.25 43.67 71.75 62.03 51.32 -9999 -9999 -9999 -9999 -9999 -9999 -9999 -9999 -9999 -9999 -9999 -9999 -9999 64.46 67.72 55.99 78.77 58.50 47.42 47.87 46.21 46.47 57.66 53.47 59.38 70.76 85.03 108.81 94.81 97.06 91.46 93.91 90.24 108.20 91.89 60.73 52.58 50.58 48.33 52.52 66.03 91.37 89.54 73.73 68.12 62.40 36.23 46.09 49.59 45.19 32.61 32.86 41.54 38.45 -9999 -9999 -9999 -9999 -9999 -9999 -9999 -9999 -9999 -9999 -9999
-9999 -9999 -9999 -9999 -9999 -9999 -9999 46.02 57.59 48.24 45.06 47.60 -9999 -9999 -9999 -9999 -9999 -9999 -9999 -9999 -9999 -9999 -9999 -9999 -9999 -9999 54.33 50.48 53.39 51.49 40.07 47.04 47.96 47.65 56.17 45.87 57.04 44.68 76.84 79.03 85.95 77.78 87.24 99.10 76.43 104.25 87.04 72.86 62.17 60.29 45.12 47.65 67.89 72.63 78.67 68.76 69.72 76.08 57.89 50.30 49.53 43.12 31.31 43.97 49.15 43.15 -9999 -9999 -9999 -9999 -9999 -9999 -9999 -9999 -9999 -9999 -9999
-9999 -9999 -9999 -9999 -9999 -9999 -9999 46.78 47.00 40.80 42.92 -9999 -9999 -9999 -9999 -9999 -9999 -9999 -9999 -9999 -9999 -9999 -9999 -9999 -9999 -9999 43.29 50.61 52.43 -9999 39.19 -9999 45.87 40.32 42.90 40.49 41.73 41.93 33.07 77.44 138.26 81.15 52.07 83.54 72.18 92.61 92.96 71.04 71.90 82.53 68.96 65.82 69.04 73.34 77.25 77.07 65.81 71.14 58.50 48.79 46.99 42.83 37.03 39.66 44.10 35.27 28.88 28.77 -9999 -9999 -9999 -9999 -9999 -9999 -9999 -9999 -9999
-9999 -9999 -9999 -9999 -9999 -9999 38.06 41.95 40.92 -9999 -9999 -9999 -9999 -9999 -9999 -9999 -9999 -9999 -9999 -9999 -9999 -9999 -9999 -9999 -9999 -9999 40.01 47.29 48.95 -9999 -9999 -9999 44.13 44.50 38.35 33.37 41.39 45.47 43.61 55.05 69.83 73.04 62.07 76.01 76.60 71.88 79.58 72.62 73.85 76.99 76.51 72.02 66.08 74.76 78.53 89.21 82.72 68.61 56.97 63.54 38.87 37.76 38.50 36.08 34.56 27.51 23.76 27.73 -9999 -9999 -9999 -9999 -9999 -9999 -9999 -9999 -9999
-9999 -9999 -9999 -9999 -9999 -9999 -9999 -9999 -9999 -9999 -9999 -9999 -9999 -9999 -9999 -9999 -9999 -9999 -9999 -9999 -9999 -9999 -9999 -9999 -9999 -9999 -9999 -9999 -9999 -9999 -9999 41.61 47.09 50.65 53.29 52.63 49.39 53.72 40.94 50.45 68.05 66.74 67.37 67.51 64.30 72.08 74.20 63.28 60.18 64.26 73.22 75.04 78.35 74.53 79.70 105.44 106.36 72.85 67.86 80.13 46.92 36.03 31.73 30.10 26.73 23.46 24.04 -9999 -9999 -9999 -9999 -9999 -9999 -9999 -9999 -9999 -9999
-9999 -9999 -9999 -9999 -9999 -9999 -9999 -9999 -9999 -9999 -9999 -9999 -9999 -9999 -9999 -9999 -9999 -9999 -9999 -9999 -9999 -9999 -9999 -9999 -9999 -9999 -9999 -9999 -9999 -9999 -9999 45.79 53.61 59.35 63.23 72.25 67.11 48.97 52.93 46.09 52.37 52.18 64.22 75.08 68.64 74.32 78.77 61.28 57.12 60.13 66.59 69.86 75.54 72.62 66.65 85.54 88.46 67.79 60.58 67.31 47.15 24.85 26.31 27.13 25.90 20.35 20.77 -9999 -9999 -9999 -9999 -9999 -9999 -9999 -9999 -9999 -9999
-9999 -9999 -9999 -9999 -9999 -9999 -9999 -9999 -9999 -9999 -9999 -9999 -9999 -9999 -9999 -9999 -9999 -9999 -9999 -9999 -9999 -9999 -9999 -9999 -9999 -9999 -9999 -9999 -9999 -9999 -9999 44.83 45.79 49.38 58.86 76.51 70.85 58.38 46.50 44.23 49.73 46.58 62.71 55.28 52.10 93.05 75.73 77.56 58.68 56.24 57.71 61.36 62.61 61.26 55.15 56.49 48.98 42.48 49.00 56.87 56.24 35.70 28.24 27.57 21.84 20.41 20.65 -9999 -9999 -9999 -9999 -9999 -9999 -9999 -9999 -9999 -9999
-9999 -9999 -9999 -9999 -9999 -9999 -9999 -9999 -9999 -9999 -9999 -9999 -9999 -9999 -9999 -9999 -9999 -9999 -9999 -9999 -9999 -9999 -9999 -9999 -9999 -9999 -9999 -9999 -9999 47.54 45.07 44.07 41.44 46.10 68.42 80.75 71.98 63.16 44.77 51.88 58.89 59.50 60.86 50.54 55.25 70.62 60.82 58.20 57.21 51.90 59.84 63.42 63.62 58.63 55.14 54.16 35.72 33.07 40.29 46.24 53.34 34.06 27.92 24.28 18.77 20.84 20.88 20.30 -9999 -9999 -9999 -9999 -9999 -9999 -9999 -9999 -9999
-9999 -9999 -9999 -9999 -9999 -9999 -9999 -9999 -9999 -9999 -9999 -9999 -9999 -9999 -9999 -9999 -9999 -9999 -9999 -9999 -9999 -9999 -9999 -9999 -9999 -9999 -9999 -9999 -9999 50.90 48.40 46.27 47.10 52.96 61.71 55.05 66.52 49.32 44.74 46.52 55.47 58.66 53.91 53.19 38.20 56.37 55.09 64.67 62.41 60.19 59.52 72.79 70.13 53.98 51.87 50.08 41.82 36.82 31.91 26.81 32.88 32.50 28.83 27.99 20.14 21.12 19.97 18.66 -9999 -9999 -9999 -9999 -9999 -9999 -9999 -9999 -9999
-9999 -9999 -9999 -9999 -9999 -9999 -9999 -9999 -9999 -9999 -9999 -9999 -9999 -9999 -9999 -9999 -9999 -9999 -9999 -9999 -9999 -9999 -9999 -9999 -9999 -9999 -9999 -9999 -9999 46.99 47.71 48.91 52.30 55.94 58.09 52.52 69.54 54.86 40.47 43.51 44.53 38.88 47.60 43.33 42.10 44.84 55.82 59.89 57.33 60.28 63.33 67.89 62.34 51.79 47.81 46.66 44.59 38.02 30.17 27.68 27.62 27.60 26.81 24.71 19.01 16.93 18.78 18.89 18.45 -9999 -9999 -9999 -9999 -9999 -9999 -9999 -9999
-9999 -9999 -9999 -9999 -9999 -9999 -9999 -9999 -9999 -9999 -9999 -9999 -9999 -9999 -9999 -9999 -9999 -9999 -9999 -9999 -9999 -9999 -9999 -9999 -9999 -9999 -9999 -9999 -9999 35.89 50.43 53.99 56.12 56.71 54.68 52.64 67.20 98.98 47.26 44.29 42.57 52.50 56.12 53.65 51.02 51.08 56.67 77.58 60.85 64.02 65.37 65.28 58.11 51.00 50.63 46.13 45.15 37.30 28.44 22.74 23.49 25.28 21.82 22.63 18.58 16.41 16.58 17.15 16.71 16.41 -9999 -9999 -9999 -9999 -9999 -9999 -9999
-9999 -9999 -9999 -9999 -9999 -9999 -9999 -9999 -9999 -9999 -9999 -9999 -9999 -9999 -9999 -9999 -9999 -9999 -9999 -9999 -9999 -9999 -9999 -9999 -9999 -9999 -9999 -9999 -9999 58.18 56.65 57.89 65.19 62.21 56.43 52.38 50.57 60.02 53.89 49.07 51.14 56.56 51.88 55.20 43.36 49.77 53.55 60.98 56.91 60.90 59.51 57.66 59.16 59.48 55.85 50.24 47.21 36.73 27.92 17.55 12.61 19.53 20.89 20.55 18.88 18.23 16.51 17.03 15.12 14.16 -9999 -9999 -9999 -9999 -9999 -9999 -9999
-9999 -9999 -9999 -9999 -9999 -9999 -9999 -9999 -9999 -9999 -9999 -9999 -9999 -9999 -9999 -9999 -9999 -9999 -9999 -9999 -9999 -9999 -9999 -9999 -9999 -9999 -9999 -9999 -9999 -9999 56.21 56.61 56.55 44.17 51.84 57.54 55.37 72.51 48.46 53.26 49.79 49.48 46.33 57.68 44.41 45.57 51.86 45.93 49.99 53.83 59.67 60.94 59.21 61.41 60.12 52.53 45.36 36.87 28.30 18.08 12.71 17.37 17.72 17.01 17.16 17.66 -9999 17.18 13.63 12.67 15.51 -9999 -9999 -9999 -9999 -9999 -9999
-9999 -9999 -9999 -9999 -9999 -9999 -9999 -9999 -9999 -9999 -9999 -9999 -9999 -9999 -9999 -9999 -9999 -9999 -9999 -9999 -9999 -9999 -9999 -9999 -9999 -9999 -9999 -9999 -9999 36.77 50.32 37.72 47.24 46.23 43.39 61.75 62.90 75.55 74.66 63.42 56.49 56.19 70.09 67.32 58.53 55.67 52.43 59.54 53.33 50.73 65.16 74.69 65.76 65.94 57.49 50.15 45.61 39.56 31.44 21.35 14.81 17.31 16.88 14.74 17.63 17.09 17.89 -9999 16.37 15.97 18.95 19.14 -9999 -9999 -9999 -9999 -9999
-9999 -9999 -9999 -9999 -9999 -9999 -9999 -9999 -9999 -9999 -9999 -9999 -9999 -9999 -9999 -9999 -9999 -9999 -9999 -9999 -9999 -9999 -9999 -9999 -9999 -9999 -9999 -9999 -9999 35.90 39.59 39.20 32.47 44.42 50.59 59.88 58.31 74.57 66.59 68.06 51.97 53.79 62.71 62.58 61.29 59.62 60.86 62.66 62.20 68.33 72.60 75.42 75.08 67.18 51.72 49.41 45.77 42.80 39.12 21.15 18.93 17.74 18.41 19.95 19.15 18.34 19.53 19.94 -9999 -9999 -9999 -9999 -9999 -9999 -9999 -9999 -9999
-9999 -9999 -9999 -9999 -9999 -9999 -9999 -9999 -9999 -9999 -9999 -9999 -9999 -9999 -9999 -9999 -9999 -9999 -9999 -9999 -9999 -9999 -9999 -9999 -9999 -9999 -9999 -9999 37.68 36.96 39.77 42.42 36.66 36.92 46.97 56.41 60.65 69.43 82.75 75.87 64.87 72.66 86.23 86.92 91.99 81.50 81.42 86.34 67.03 64.13 83.71 80.39 75.24 67.36 49.52 46.76 44.51 42.72 40.14 27.18 26.15 20.80 16.78 17.47 20.78 20.38 21.83 22.82 22.92 29.34 -9999 -9999 -9999 -9999 -9999 -9999 -9999
-9999 -9999 -9999 -9999 -9999 -9999 -9999 -9999 -9999 -9999 -9999 -9999 -9999 -9999 -9999 -9999 -9999 -9999 -9999 -9999 -9999 -9999 -9999 -9999 -9999 -9999 -9999 -9999 -9999 38.95 34.13 40.14 41.45 41.07 45.31 56.75 62.31 71.88 87.76 72.20 67.70 70.33 88.05 80.76 98.39 99.89 79.42 96.06 82.64 76.94 95.09 88.15 77.35 75.15 54.19 39.47 41.16 37.03 32.13 31.24 31.37 27.46 17.76 18.63 19.73 19.66 19.42 17.10 24.90 32.74 35.96 35.74 -9999 -9999 -9999 -9999 -9999
