Rainfall_2007-2011/Rainfall_2010-07_ACTUAL.txt
ncols         180
nrows         290
xllcorner     -200000
yllcorner     -200000
cellsize      5000
NODATA_value  -9999
[rows 68 to 101 of 290, columns 75 to 149 of 180]
-9999 -9999 -9999 -9999 -9999 108.55 211.06 189.40 200.51 182.96 177.64 176.06 199.05 167.43 155.19 145.28 113.14 123.10 115.44 117.70 132.24 122.12 119.44 84.27 -9999 -9999 -9999 -9999 -9999 -9999 -9999 -9999 -9999 -9999 -9999 -9999 -9999 -9999 -9999 -9999 -9999 -9999 -9999 -9999 -9999 -9999 -9999 -9999 -9999 -9999 -9999 -9999 -9999 -9999 -9999 -9999 -9999 -9999 -9999 -9999 -9999 -9999 -9999 -9999 -9999 -9999 -9999 -9999 -9999 -9999 -9999 -9999 -9999 -9999 -9999
-9999 -9999 -9999 -9999 -9999 -9999 143.97 178.64 145.43 159.06 188.63 142.39 150.30 145.11 114.11 143.74 119.10 135.54 144.52 110.64 130.17 108.47 94.30 -9999 -9999 -9999 -9999 -9999 -9999 -9999 -9999 -9999 -9999 -9999 -9999 -9999 -9999 -9999 -9999 -9999 -9999 -9999 -9999 -9999 -9999 -9999 -9999 -9999 -9999 -9999 -9999 -9999 -9999 -9999 -9999 -9999 -9999 -9999 -9999 -9999 -9999 -9999 -9999 -9999 -9999 -9999 -9999 -9999 -9999 -9999 -9999 -9999 -9999 -9999 -9999
-9999 -9999 131.99 -9999 -9999 129.69 134.28 150.68 170.66 169.10 152.48 129.52 144.20 173.96 144.77 128.78 115.99 143.39 147.92 128.58 93.77 92.41 -9999 -9999 -9999 -9999 -9999 -9999 -9999 -9999 -9999 -9999 -9999 -9999 -9999 -9999 -9999 -9999 -9999 -9999 -9999 -9999 -9999 -9999 -9999 -9999 -9999 -9999 -9999 -9999 -9999 -9999 -9999 -9999 -9999 -9999 -9999 -9999 -9999 -9999 -9999 -9999 -9999 -9999 -9999 -9999 -9999 -9999 -9999 -9999 -9999 -9999 -9999 -9999 -9999
140.06 137.88 141.63 121.01 148.77 143.72 165.95 121.69 187.40 170.98 158.92 149.71 154.67 153.34 146.92 99.59 130.88 128.39 158.06 134.38 111.85 100.44 -9999 -9999 -9999 -9999 -9999 -9999 -9999 -9999 -9999 -9999 -9999 -9999 -9999 -9999 -9999 -9999 -9999 -9999 -9999 -9999 -9999 -9999 -9999 -9999 -9999 -9999 -9999 -9999 -9999 -9999 -9999 -9999 -9999 -9999 -9999 -9999 -9999 -9999 -9999 -9999 -9999 -9999 -9999 -9999 -9999 -9999 -9999 -9999 -9999 -9999 -9999 -9999 -9999
174.00 145.05 139.88 153.41 164.27 175.89 207.15 194.31 124.80 180.40 187.73 161.25 153.74 123.17 147.95 185.69 134.47 128.18 111.98 104.98 115.78 -9999 -9999 97.82 -9999 -9999 -9999 -9999 -9999 -9999 -9999 -9999 -9999 -9999 -9999 -9999 -9999 -9999 -9999 -9999 -9999 -9999 -9999 -9999 -9999 -9999 -9999 -9999 -9999 -9999 -9999 -9999 -9999 -9999 -9999 -9999 -9999 -9999 -9999 -9999 -9999 -9999 -9999 -9999 -9999 -9999 -9999 -9999 -9999 -9999 -9999 -9999 -9999 -9999 -9999
165.26 164.60 158.66 178.62 209.69 161.82 232.43 167.53 159.08 186.21 198.99 192.38 153.58 151.12 173.98 153.44 136.87 169.63 119.90 120.49 99.52 94.24 111.94 104.08 -9999 -9999 -9999 -9999 -9999 -9999 -9999 -9999 -9999 -9999 -9999 -9999 -9999 -9999 -9999 -9999 -9999 -9999 -9999 -9999 -9999 -9999 -9999 -9999 -9999 -9999 -9999 -9999 -9999 -9999 -9999 -9999 -9999 -9999 -9999 -9999 -9999 -9999 -9999 -9999 -9999 -9999 -9999 -9999 -9999 -9999 -9999 -9999 -9999 -9999 -9999
147.62 183.34 175.24 196.02 191.21 222.75 183.00 168.49 157.62 156.89 153.61 169.88 140.98 140.24 156.54 114.88 112.54 135.92 114.42 116.57 96.38 94.98 106.09 -9999 -9999 -9999 -9999 -9999 -9999 -9999 -9999 -9999 -9999 -9999 -9999 -9999 -9999 -9999 -9999 -9999 -9999 -9999 -9999 -9999 -9999 -9999 -9999 -9999 -9999 -9999 -9999 -9999 -9999 -9999 -9999 -9999 -9999 -9999 -9999 -9999 -9999 -9999 -9999 -9999 -9999 -9999 -9999 -9999 -9999 -9999 -9999 -9999 -9999 -9999 -9999
156.44 183.98 196.52 158.58 238.38 232.90 221.19 183.33 192.08 227.77 154.62 141.03 133.06 165.15 163.75 122.96 125.17 109.09 117.64 102.04 95.10 121.73 -9999 -9999 -9999 -9999 -9999 -9999 -9999 -9999 -9999 -9999 -9999 -9999 -9999 -9999 -9999 -9999 -9999 -9999 -9999 -9999 -9999 -9999 -9999 -9999 -9999 -9999 -9999 -9999 -9999 -9999 -9999 -9999 -9999 -9999 -9999 -9999 -9999 -9999 -9999 -9999 -9999 -9999 -9999 -9999 -9999 -9999 -9999 -9999 -9999 -9999 -9999 -9999 -9999
183.21 211.25 230.65 193.35 180.34 223.86 211.59 199.35 183.41 163.70 135.75 163.27 127.18 123.45 210.23 140.60 114.52 88.20 108.59 103.48 94.57 -9999 -9999 -9999 -9999 -9999 -9999 129.05 126.61 122.12 116.48 -9999 -9999 108.56 137.12 129.81 128.96 131.43 -9999 -9999 -9999 132.58 -9999 134.81 132.76 -9999 -9999 -9999 -9999 -9999 -9999 -9999 -9999 -9999 -9999 -9999 -9999 -9999 -9999 -9999 -9999 -9999 -9999 -9999 -9999 -9999 -9999 -9999 -9999 -9999 -9999 -9999 -9999 -9999 -9999
168.37 216.14 255.90 219.34 219.32 155.78 193.11 181.93 187.54 136.46 118.92 92.91 129.00 154.72 158.22 122.81 107.22 115.73 121.16 113.11 91.43 -9999 -9999 -9999 111.35 113.53 124.28 134.85 135.91 115.84 120.15 122.09 118.56 121.13 146.34 135.83 135.15 139.39 144.32 169.07 173.66 159.07 147.39 140.04 127.91 134.89 -9999 -9999 -9999 -9999 -9999 -9999 -9999 -9999 -9999 -9999 -9999 -9999 -9999 -9999 -9999 -9999 -9999 -9999 -9999 -9999 -9999 -9999 -9999 -9999 -9999 -9999 -9999 -9999 -9999
126.44 166.02 235.19 323.06 283.10 207.19 170.04 201.49 153.90 150.18 142.45 135.08 110.31 88.31 115.38 118.00 104.12 134.71 110.19 113.90 95.05 98.91 96.76 102.70 116.63 128.13 155.15 173.27 148.32 123.85 160.06 120.88 122.67 135.36 142.17 150.76 131.81 144.50 147.30 155.78 152.52 147.95 137.57 148.56 163.78 141.21 124.76 -9999 -9999 -9999 -9999 -9999 -9999 -9999 -9999 -9999 -9999 -9999 -9999 -9999 -9999 -9999 -9999 -9999 -9999 -9999 -9999 -9999 -9999 -9999 -9999 -9999 -9999 -9999 -9999
162.89 170.03 301.00 283.04 317.29 231.95 222.25 209.36 172.78 151.98 121.44 157.84 136.32 135.06 107.89 99.68 115.76 106.60 95.93 -9999 102.51 114.30 108.79 125.91 136.97 149.22 173.88 155.87 164.14 153.18 152.52 142.72 134.21 119.22 111.33 126.66 150.65 142.20 144.68 139.73 145.26 127.16 128.88 151.10 144.84 125.89 125.88 122.72 -9999 -9999 -9999 -9999 -9999 -9999 -9999 -9999 -9999 -9999 -9999 -9999 -9999 -9999 -9999 -9999 -9999 -9999 -9999 -9999 -9999 -9999 -9999 -9999 -9999 -9999 -9999
217.26 258.31 221.12 273.33 281.90 262.58 249.51 219.10 207.21 180.32 146.65 138.53 148.48 128.32 121.62 85.15 80.81 94.72 95.88 105.75 121.09 138.19 134.03 133.97 151.93 154.15 160.12 127.89 154.91 152.19 140.94 174.10 139.35 130.68 126.78 126.37 123.00 147.80 144.83 139.73 140.14 131.42 121.47 122.51 138.73 117.71 124.33 122.37 -9999 -9999 -9999 -9999 -9999 -9999 -9999 -9999 -9999 -9999 -9999 -9999 -9999 -9999 -9999 -9999 -9999 -9999 -9999 -9999 -9999 -9999 -9999 -9999 -9999 -9999 -9999
357.51 244.03 234.07 188.10 223.43 234.24 216.75 202.49 146.50 163.77 169.80 165.58 138.60 116.78 117.60 99.18 130.67 119.06 101.20 134.68 151.90 168.54 152.24 145.19 157.00 157.35 166.27 158.47 130.98 134.36 126.14 112.09 104.83 115.67 122.70 120.97 121.06 136.39 146.63 111.44 140.77 131.95 136.27 126.94 136.81 130.56 128.68 124.22 -9999 -9999 -9999 -9999 -9999 -9999 -9999 -9999 -9999 -9999 -9999 -9999 -9999 -9999 -9999 -9999 -9999 -9999 -9999 -9999 -9999 -9999 -9999 -9999 -9999 -9999 -9999
277.54 224.71 190.41 216.83 242.98 273.64 210.15 179.75 126.69 105.93 103.25 149.40 154.11 157.62 162.35 143.05 172.66 127.36 133.06 131.25 141.44 177.90 174.58 135.82 138.67 149.19 160.95 145.45 115.17 162.78 140.50 132.20 130.10 125.38 135.80 116.20 140.29 169.34 145.60 132.48 133.56 130.14 121.58 122.36 138.32 131.58 118.84 -9999 -9999 -9999 -9999 -9999 -9999 -9999 -9999 -9999 -9999 -9999 -9999 -9999 -9999 -9999 -9999 -9999 -9999 -9999 -9999 -9999 -9999 -9999 -9999 -9999 -9999 -9999 -9999
184.83 224.77 201.74 252.48 292.85 314.65 246.72 247.18 179.87 135.69 133.62 118.58 117.95 130.82 142.51 161.87 122.95 172.62 107.19 159.35 132.67 124.85 167.55 141.16 134.00 124.07 108.21 129.03 153.39 158.23 154.38 119.63 103.53 118.84 129.47 112.37 149.46 156.75 147.90 138.00 145.56 122.04 116.28 106.35 118.79 127.75 126.34 -9999 -9999 -9999 -9999 -9999 -9999 -9999 -9999 -9999 -9999 -9999 -9999 -9999 -9999 -9999 -9999 -9999 -9999 -9999 -9999 -9999 -9999 -9999 -9999 -9999 -9999 -9999 -9999
212.09 216.49 208.03 259.34 230.63 246.54 246.49 239.81 239.27 202.53 156.61 141.33 141.43 148.31 143.09 109.20 145.36 149.65 144.65 143.38 131.75 115.24 131.67 104.14 103.02 99.51 90.07 149.19 144.53 138.58 169.91 110.81 95.03 99.16 109.91 103.24 118.05 129.65 133.82 134.47 124.23 129.88 114.78 105.04 105.92 114.36 -9999 -9999 -9999 -9999 -9999 -9999 -9999 -9999 -9999 -9999 -9999 -9999 -9999 -9999 -9999 -9999 -9999 -9999 -9999 -9999 -9999 -9999 -9999 -9999 -9999 -9999 -9999 -9999 -9999
288.86 258.46 286.38 297.95 253.24 271.54 299.46 252.59 150.84 190.00 177.05 185.84 176.08 167.70 159.47 126.64 136.55 177.94 170.27 126.72 120.22 111.06 79.49 82.98 98.81 110.32 115.98 104.60 118.54 123.09 139.21 143.79 123.78 146.75 102.12 113.47 120.06 141.74 185.43 133.62 120.16 132.79 126.11 103.34 98.01 -9999 -9999 -9999 -9999 -9999 -9999 -9999 -9999 -9999 -9999 -9999 -9999 -9999 -9999 -9999 -9999 -9999 -9999 -9999 -9999 -9999 -9999 -9999 -9999 -9999 -9999 -9999 -9999 -9999 -9999
246.07 247.21 259.78 316.02 349.52 286.30 268.25 228.07 266.07 230.40 205.45 167.22 132.63 160.35 139.02 134.21 169.68 186.11 138.86 102.18 138.76 98.83 122.46 94.71 92.54 101.36 100.95 113.31 115.36 118.68 133.21 130.62 103.09 125.62 95.69 95.98 95.08 103.59 113.46 109.47 125.27 123.68 118.64 107.94 88.99 -9999 -9999 -9999 -9999 -9999 -9999 -9999 -9999 -9999 -9999 -9999 -9999 -9999 -9999 -9999 -9999 -9999 -9999 -9999 -9999 -9999 -9999 -9999 -9999 -9999 -9999 -9999 -9999 -9999 -9999
248.19 299.22 344.64 359.44 299.23 277.27 248.40 277.97 311.11 195.20 165.22 191.75 226.69 156.16 154.37 170.68 196.78 188.75 159.34 157.97 121.22 128.94 132.81 100.19 139.96 112.90 134.84 122.77 112.01 112.96 104.11 110.11 104.78 112.72 123.48 124.40 98.90 114.02 116.94 112.09 116.17 120.96 110.74 119.97 -9999 -9999 -9999 -9999 -9999 -9999 -9999 -9999 -9999 -9999 -9999 -9999 -9999 -9999 -9999 -9999 -9999 -9999 -9999 -9999 -9999 -9999 -9999 -9999 -9999 -9999 -9999 -9999 -9999 -9999 -9999
319.71 292.74 307.86 267.95 336.73 298.56 317.28 305.30 272.54 283.39 268.51 187.00 150.81 217.34 199.00 169.62 205.95 207.38 174.80 151.10 107.54 82.35 93.59 107.80 128.23 138.06 150.27 125.62 89.52 104.44 97.86 122.55 117.23 118.16 124.14 118.23 114.10 125.50 142.31 123.73 101.74 112.36 133.90 118.86 -9999 -9999 -9999 -9999 -9999 -9999 -9999 -9999 -9999 -9999 -9999 -9999 -9999 -9999 -9999 -9999 -9999 -9999 -9999 -9999 -9999 -9999 -9999 -9999 -9999 -9999 -9999 -9999 -9999 -9999 -9999
287.68 335.85 301.62 304.82 335.31 286.41 284.69 297.65 239.78 197.73 176.25 201.47 244.25 270.25 247.99 215.36 207.91 200.88 151.83 90.50 82.94 89.06 155.32 135.54 200.66 198.93 155.32 140.42 131.08 111.52 88.66 92.65 120.70 110.58 120.26 130.89 109.06 122.58 161.14 135.36 105.25 106.00 116.91 114.84 103.32 -9999 -9999 -9999 -9999 -9999 -9999 -9999 -9999 -9999 -9999 -9999 -9999 -9999 -9999 -9999 -9999 -9999 -9999 -9999 -9999 -9999 -9999 -9999 -9999 -9999 -9999 -9999 -9999 -9999 -9999
310.79 387.03 337.65 310.42 340.60 280.12 337.21 332.72 290.11 283.34 275.89 264.81 244.71 259.77 199.32 174.03 172.37 169.97 131.45 86.09 113.86 108.49 142.69 198.32 153.31 168.82 148.39 154.26 136.29 118.73 116.50 106.00 95.66 104.98 123.64 119.48 112.41 125.22 108.97 109.18 111.19 133.60 134.91 118.24 -9999 -9999 -9999 -9999 -9999 -9999 -9999 -9999 -9999 -9999 -9999 -9999 -9999 -9999 -9999 -9999 -9999 -9999 -9999 -9999 -9999 -9999 -9999 -9999 -9999 -9999 -9999 -9999 -9999 -9999 -9999
278.54 374.02 346.69 360.35 318.64 251.51 265.41 273.03 320.87 331.03 269.15 195.60 194.61 192.30 208.07 157.09 152.00 131.88 102.05 119.46 131.29 134.31 150.90 164.88 164.65 110.16 123.45 130.60 90.00 92.44 120.82 167.91 176.07 149.35 140.32 178.34 148.43 111.35 116.40 131.97 140.25 150.25 131.05 -9999 -9999 -9999 -9999 -9999 -9999 -9999 -9999 -9999 -9999 -9999 -9999 -9999 -9999 -9999 -9999 -9999 -9999 -9999 -9999 -9999 -9999 -9999 -9999 -9999 -9999 -9999 -9999 -9999 -9999 -9999 -9999
248.58 340.34 359.29 347.02 345.07 279.83 229.33 242.61 218.34 219.00 284.83 249.93 246.97 287.51 142.35 156.32 140.52 142.58 123.52 136.25 127.86 144.81 131.52 136.82 137.10 135.53 124.02 179.26 163.21 190.68 220.39 178.60 186.00 213.55 185.36 178.46 150.93 155.31 152.62 153.29 143.12 128.08 115.10 -9999 -9999 -9999 -9999 -9999 -9999 -9999 -9999 -9999 -9999 -9999 -9999 -9999 -9999 -9999 -9999 -9999 -9999 -9999 -9999 -9999 -9999 -9999 -9999 -9999 -9999 -9999 -9999 -9999 -9999 -9999 -9999
235.14 262.44 315.25 333.08 251.42 238.27 282.87 214.61 227.45 193.85 193.49 231.76 194.83 171.92 162.36 204.69 180.56 127.63 196.00 157.01 133.41 159.07 171.47 167.87 165.25 165.41 179.73 184.00 180.41 244.62 182.16 205.13 166.14 116.93 132.06 171.27 152.12 141.50 153.53 124.41 129.62 127.88 124.60 -9999 -9999 -9999 -9999 -9999 -9999 -9999 -9999 -9999 -9999 -9999 -9999 -9999 -9999 -9999 -9999 -9999 -9999 -9999 -9999 -9999 -9999 -9999 -9999 -9999 -9999 -9999 -9999 -9999 -9999 -9999 -9999
331.10 251.58 262.43 266.87 218.90 200.14 192.88 197.02 212.71 194.09 219.61 169.19 196.49 191.04 225.89 186.99 140.86 147.59 202.95 152.48 172.55 132.32 174.38 171.66 144.13 219.45 218.74 204.18 221.33 243.63 232.82 232.45 195.01 159.32 137.51 123.36 141.54 163.28 157.87 116.20 111.91 126.25 108.17 -9999 -9999 -9999 -9999 -9999 -9999 -9999 -9999 -9999 -9999 -9999 -9999 -9999 -9999 -9999 -9999 -9999 -9999 -9999 -9999 -9999 -9999 -9999 -9999 -9999 -9999 -9999 -9999 -9999 -9999 -9999 -9999
290.14 239.48 309.24 259.65 273.15 301.67 235.99 224.91 378.19 313.58 282.40 217.10 247.07 229.02 235.57 224.15 211.10 170.39 178.02 165.94 149.58 105.25 159.31 153.19 199.15 164.65 178.96 149.81 168.38 212.78 212.47 149.23 175.04 189.38 156.68 188.40 139.70 127.37 132.00 126.36 131.93 113.60 -9999 -9999 -9999 -9999 -9999 -9999 -9999 -9999 -9999 -9999 -9999 -9999 -9999 -9999 -9999 -9999 -9999 -9999 -9999 -9999 -9999 -9999 -9999 -9999 -9999 -9999 -9999 -9999 -9999 -9999 -9999 -9999 -9999
274.61 246.68 287.95 298.20 288.33 268.65 307.56 332.05 321.51 328.65 276.46 220.38 181.36 215.40 211.12 199.84 202.19 154.42 152.36 160.92 117.83 116.99 108.94 148.76 184.49 169.70 171.14 155.15 148.24 160.31 165.52 164.32 151.45 178.10 168.10 115.39 118.90 116.72 120.94 135.21 125.99 -9999 -9999 -9999 -9999 -9999 -9999 -9999 -9999 -9999 -9999 -9999 -9999 -9999 -9999 -9999 -9999 -9999 -9999 -9999 -9999 -9999 -9999 -9999 -9999 -9999 -9999 -9999 -9999 -9999 -9999 -9999 -9999 -9999 -9999
256.49 210.25 266.61 274.71 275.21 243.47 290.20 325.33 253.86 317.90 280.06 261.78 197.39 212.02 163.10 157.21 150.48 128.13 205.02 162.29 147.21 125.05 143.87 124.76 189.25 154.82 130.12 141.18 180.73 154.06 154.70 134.48 159.46 162.75 129.34 104.36 117.06 124.91 114.05 105.50 -9999 -9999 -9999 -9999 -9999 -9999 -9999 -9999 -9999 -9999 -9999 -9999 -9999 -9999 -9999 -9999 -9999 -9999 -9999 -9999 -9999 -9999 -9999 -9999 -9999 -9999 -9999 -9999 -9999 -9999 -9999 -9999 -9999 -9999 -9999
260.44 285.94 317.98 228.90 177.29 321.09 280.59 257.15 331.58 310.33 292.90 250.73 243.50 165.38 144.88 120.65 124.82 114.33 135.97 179.05 134.82 148.19 157.80 126.75 151.85 152.13 136.94 133.54 160.75 159.90 147.40 142.40 148.42 126.13 104.44 101.24 122.19 117.20 101.76 104.09 -9999 -9999 -9999 -9999 -9999 -9999 -9999 -9999 -9999 -9999 -9999 -9999 -9999 -9999 -9999 -9999 -9999 -9999 -9999 -9999 -9999 -9999 -9999 -9999 -9999 -9999 -9999 -9999 -9999 -9999 -9999 -9999 -9999 -9999 -9999
262.33 264.77 241.43 -9999 231.49 373.92 369.84 374.31 310.04 288.55 281.62 226.90 208.09 193.16 183.85 191.19 169.36 170.13 236.88 219.96 170.37 186.22 159.27 134.94 124.04 150.40 167.27 147.08 147.15 160.93 142.42 124.60 116.74 110.77 110.44 111.12 117.67 121.95 116.01 -9999 -9999 -9999 -9999 -9999 -9999 -9999 -9999 -9999 -9999 -9999 -9999 -9999 -9999 -9999 -9999 -9999 -9999 -9999 -9999 -9999 -9999 -9999 -9999 -9999 -9999 -9999 -9999 -9999 -9999 -9999 -9999 -9999 -9999 -9999 -9999
260.34 228.98 -9999 187.71 247.58 299.22 347.11 386.24 376.10 346.35 258.32 249.87 230.36 250.42 238.96 208.00 182.28 125.02 150.39 167.31 174.30 210.27 191.39 180.97 160.13 139.18 156.37 153.09 149.01 158.58 142.04 125.02 123.26 122.79 119.26 123.69 124.96 106.88 107.63 -9999 -9999 -9999 -9999 -9999 -9999 -9999 -9999 -9999 -9999 -9999 -9999 -9999 -9999 -9999 -9999 -9999 -9999 -9999 -9999 -9999 -9999 -9999 -9999 -9999 -9999 -9999 -9999 -9999 -9999 -9999 -9999 -9999 -9999 -9999 -9999
216.63 -9999 184.50 161.38 223.27 367.50 329.78 441.14 333.26 251.81 216.60 262.02 261.57 235.99 248.03 194.81 209.14 217.59 185.37 121.94 192.47 230.70 219.15 169.94 166.80 149.41 152.28 133.20 147.84 153.34 162.20 189.14 168.97 152.67 150.65 163.20 137.52 107.80 101.54 -9999 -9999 -9999 -9999 -9999 -9999 -9999 -9999 -9999 -9999 -9999 -9999 -9999 -9999 -9999 -9999 -9999 -9999 -9999 -9999 -9999 -9999 -9999 -9999 -9999 -9999 -9999 -9999 -9999 -9999 -9999 -9999 -9999 -9999 -9999 -9999
