Rainfall_2007-2011/Rainfall_2008-10_ACTUAL.txt
ncols         180
nrows         290
xllcorner     -200000
yllcorner     -200000
cellsize      5000
NODATA_value  -9999
[rows 99 to 131 of 290, columns 76 to 151 of 180]
474.75 423.22 -9999 386.78 514.43 528.01 555.23 501.93 539.64 512.39 401.53 350.32 302.55 282.03 285.50 247.79 236.33 279.37 239.67 165.46 144.23 121.82 111.44 91.81 104.53 107.98 100.73 97.69 93.05 76.35 65.29 52.73 53.68 51.03 51.78 61.56 71.42 67.03 -9999 -9999 -9999 -9999 -9999 -9999 -9999 -9999 -9999 -9999 -9999 -9999 -9999 -9999 -9999 -9999 -9999 -9999 -9999 -9999 -9999 -9999 -9999 -9999 -9999 -9999 -9999 -9999 -9999 -9999 -9999 -9999 -9999 -9999 -9999 -9999 -9999 -9999
376.88 -9999 272.28 312.59 398.09 482.70 470.17 513.27 557.84 461.67 451.94 407.06 393.23 382.55 353.17 276.24 204.19 203.50 189.58 184.92 171.21 149.54 130.60 102.38 81.18 85.25 87.39 79.85 72.53 59.68 52.75 53.80 56.49 54.60 62.18 73.86 68.52 63.40 -9999 -9999 -9999 -9999 -9999 -9999 -9999 -9999 -9999 -9999 -9999 -9999 -9999 -9999 -9999 -9999 -9999 -9999 -9999 -9999 -9999 -9999 -9999 -9999 -9999 -9999 -9999 -9999 -9999 -9999 -9999 -9999 -9999 -9999 -9999 -9999 -9999 -9999
-9999 281.88 221.79 301.71 506.06 494.51 574.83 477.68 445.75 397.06 505.90 507.35 402.46 423.05 306.03 306.37 306.57 246.37 171.87 209.63 234.95 187.50 122.47 104.86 80.01 86.46 74.75 68.85 64.66 63.89 69.76 64.60 70.79 79.85 83.49 75.90 68.44 56.20 -9999 -9999 -9999 -9999 -9999 -9999 -9999 -9999 -9999 -9999 -9999 -9999 -9999 -9999 -9999 -9999 -9999 -9999 -9999 -9999 -9999 -9999 -9999 -9999 -9999 -9999 -9999 -9999 -9999 -9999 -9999 -9999 -9999 -9999 -9999 -9999 -9999 -9999
279.54 -9999 309.37 334.87 455.98 412.32 490.38 452.01 472.09 477.18 594.63 524.16 503.32 391.55 304.77 317.80 260.36 186.44 204.41 259.26 264.94 185.18 131.87 117.10 102.51 97.49 85.54 77.08 70.69 87.26 62.79 63.50 69.12 76.42 74.71 64.90 54.79 -9999 -9999 -9999 -9999 -9999 -9999 -9999 -9999 -9999 -9999 -9999 -9999 -9999 -9999 -9999 -9999 -9999 -9999 -9999 -9999 -9999 -9999 -9999 -9999 -9999 -9999 -9999 -9999 -9999 -9999 -9999 -9999 -9999 -9999 -9999 -9999 -9999 -9999 -9999
-9999 283.57 285.32 314.01 291.06 448.04 494.10 380.79 413.55 497.69 470.19 528.59 540.62 356.13 311.20 218.09 297.06 255.77 290.77 265.61 239.79 243.42 203.15 141.37 106.83 91.28 80.42 75.11 90.09 68.87 50.85 57.31 57.12 57.05 58.59 -9999 -9999 -9999 -9999 -9999 -9999 -9999 -9999 -9999 -9999 -9999 -9999 -9999 -9999 -9999 -9999 -9999 -9999 -9999 -9999 -9999 -9999 -9999 -9999 -9999 -9999 -9999 -9999 -9999 -9999 -9999 -9999 -9999 -9999 -9999 -9999 -9999 -9999 -9999 -9999 -9999
304.14 320.37 352.94 405.80 366.53 377.46 386.04 347.42 379.17 408.63 444.83 412.34 366.17 317.21 315.72 319.92 232.28 258.47 238.24 240.10 242.65 189.12 178.58 139.08 112.84 96.85 81.57 77.70 72.24 57.52 48.77 48.19 52.80 41.03 -9999 -9999 -9999 -9999 -9999 -9999 -9999 -9999 -9999 -9999 -9999 -9999 -9999 -9999 -9999 -9999 -9999 -9999 -9999 -9999 -9999 -9999 -9999 -9999 -9999 -9999 -9999 -9999 -9999 -9999 -9999 -9999 -9999 -9999 -9999 -9999 -9999 -9999 -9999 -9999 -9999 -9999
310.08 378.84 381.87 404.06 368.48 398.34 448.60 484.69 498.79 386.03 409.19 421.40 444.42 378.85 312.50 266.43 270.93 314.72 262.89 204.40 178.15 148.37 141.90 121.62 104.85 79.94 69.52 82.27 72.72 67.38 67.91 51.68 45.84 44.00 -9999 -9999 -9999 -9999 -9999 -9999 -9999 -9999 -9999 -9999 -9999 -9999 -9999 -9999 -9999 -9999 -9999 -9999 -9999 -9999 -9999 -9999 -9999 -9999 -9999 -9999 -9999 -9999 -9999 -9999 -9999 -9999 -9999 -9999 -9999 -9999 -9999 -9999 -9999 -9999 -9999 -9999
358.06 383.47 395.74 398.96 402.67 503.76 497.91 483.84 404.22 447.36 401.87 467.96 381.49 416.41 292.30 279.99 446.57 341.50 317.26 285.52 265.06 187.19 171.99 132.80 92.48 68.61 79.43 90.71 99.76 78.54 59.99 53.94 44.73 47.00 43.97 -9999 -9999 -9999 -9999 -9999 -9999 -9999 -9999 -9999 -9999 -9999 -9999 -9999 -9999 -9999 -9999 -9999 -9999 -9999 -9999 -9999 -9999 -9999 -9999 -9999 -9999 -9999 -9999 -9999 -9999 -9999 -9999 -9999 -9999 -9999 -9999 -9999 -9999 -9999 -9999 -9999
291.00 352.77 413.60 365.66 437.89 452.56 415.30 387.92 462.71 505.81 454.47 467.70 431.19 337.39 303.63 341.18 370.50 368.56 449.30 308.93 265.98 214.34 171.56 167.52 154.49 147.09 168.41 145.09 94.93 79.74 66.75 71.38 62.67 60.07 55.68 47.44 -9999 -9999 -9999 -9999 -9999 -9999 -9999 -9999 -9999 -9999 -9999 -9999 -9999 -9999 -9999 -9999 -9999 -9999 -9999 -9999 -9999 -9999 -9999 -9999 -9999 -9999 -9999 -9999 -9999 -9999 -9999 -9999 -9999 -9999 -9999 -9999 -9999 -9999 -9999 -9999
302.03 357.20 375.06 410.83 447.92 474.72 436.69 436.56 464.67 576.62 509.87 407.37 384.80 354.07 337.38 356.79 278.78 267.63 239.70 217.51 212.45 211.53 232.35 253.80 228.05 204.01 164.15 151.01 136.64 93.30 86.71 70.86 78.52 75.21 68.73 55.12 41.94 -9999 -9999 -9999 -9999 -9999 -9999 -9999 -9999 -9999 -9999 -9999 -9999 -9999 -9999 -9999 -9999 -9999 -9999 -9999 -9999 -9999 -9999 -9999 -9999 -9999 -9999 -9999 -9999 -9999 -9999 -9999 -9999 -9999 -9999 -9999 -9999 -9999 -9999 -9999
272.75 292.48 339.90 387.59 391.08 402.33 434.91 499.98 442.49 394.98 386.91 474.01 345.86 333.41 326.94 331.13 262.12 222.42 179.36 180.04 194.46 280.68 279.02 255.37 242.35 193.70 166.32 142.36 130.99 108.66 86.15 70.32 61.62 63.32 59.95 52.50 -9999 -9999 -9999 -9999 -9999 -9999 -9999 -9999 -9999 -9999 -9999 -9999 -9999 -9999 -9999 -9999 -9999 -9999 -9999 -9999 -9999 -9999 -9999 -9999 -9999 -9999 -9999 -9999 -9999 -9999 -9999 -9999 -9999 -9999 -9999 -9999 -9999 -9999 -9999 -9999
208.88 253.59 280.00 284.12 358.55 441.06 391.06 449.27 436.53 412.76 405.81 342.89 398.95 366.11 319.96 246.81 212.53 176.64 177.17 147.88 186.54 159.69 146.56 164.23 204.42 202.91 158.19 135.58 125.32 99.59 84.56 66.75 -9999 -9999 -9999 -9999 -9999 -9999 -9999 -9999 -9999 -9999 -9999 -9999 -9999 -9999 -9999 -9999 -9999 -9999 -9999 -9999 -9999 -9999 -9999 -9999 -9999 -9999 -9999 -9999 -9999 -9999 -9999 -9999 -9999 -9999 -9999 -9999 -9999 -9999 -9999 -9999 -9999 -9999 -9999 -9999
259.80 286.62 285.66 271.01 381.81 384.39 425.57 432.45 308.26 366.27 384.85 330.22 315.90 342.79 256.88 250.16 280.10 224.73 229.93 164.62 174.01 151.35 155.23 151.13 154.80 179.43 154.77 145.87 130.68 103.21 -9999 -9999 -9999 -9999 -9999 -9999 -9999 -9999 -9999 -9999 -9999 -9999 -9999 -9999 -9999 -9999 -9999 -9999 -9999 -9999 -9999 -9999 -9999 -9999 -9999 -9999 -9999 -9999 -9999 -9999 -9999 -9999 -9999 -9999 -9999 -9999 -9999 -9999 -9999 -9999 -9999 -9999 -9999 -9999 -9999 -9999
307.46 297.79 279.67 344.07 353.83 381.63 446.72 399.08 319.49 340.60 345.23 275.33 269.16 255.68 236.23 245.43 278.13 278.07 255.66 238.87 214.19 183.91 134.01 143.36 133.78 148.46 130.83 124.59 116.08 90.13 -9999 -9999 -9999 -9999 -9999 -9999 -9999 -9999 -9999 -9999 -9999 -9999 -9999 -9999 -9999 -9999 -9999 -9999 -9999 -9999 -9999 -9999 -9999 -9999 -9999 -9999 -9999 -9999 -9999 -9999 -9999 -9999 -9999 -9999 -9999 -9999 -9999 -9999 -9999 -9999 -9999 -9999 -9999 -9999 -9999 -9999
299.07 -9999 293.49 346.92 357.16 370.87 401.74 376.32 302.93 248.63 272.63 284.22 281.52 277.80 256.02 343.64 350.72 336.04 338.69 264.87 212.05 169.11 140.12 128.68 123.56 119.58 99.71 81.06 -9999 -9999 -9999 -9999 -9999 64.13 67.95 68.96 76.83 -9999 -9999 -9999 -9999 -9999 -9999 -9999 -9999 -9999 -9999 -9999 -9999 -9999 -9999 -9999 -9999 -9999 -9999 -9999 -9999 -9999 -9999 -9999 -9999 -9999 -9999 -9999 -9999 -9999 -9999 -9999 -9999 -9999 -9999 -9999 -9999 -9999 -9999 -9999
332.01 -9999 275.10 324.13 324.00 304.00 385.36 319.06 312.22 259.05 293.62 285.99 255.21 272.81 259.12 267.23 248.92 253.31 256.36 236.49 214.85 191.10 166.58 143.10 133.62 127.76 102.98 79.38 81.53 74.37 -9999 -9999 63.28 67.58 71.25 68.04 65.32 60.15 69.22 -9999 -9999 -9999 -9999 -9999 -9999 -9999 -9999 -9999 -9999 -9999 -9999 -9999 -9999 -9999 -9999 -9999 -9999 -9999 -9999 -9999 -9999 -9999 -9999 -9999 -9999 -9999 -9999 -9999 -9999 -9999 -9999 -9999 -9999 -9999 -9999 -9999
291.92 245.59 248.40 218.32 273.78 288.85 318.79 312.26 296.14 310.14 318.57 285.07 223.64 209.90 227.95 229.99 228.57 233.26 238.77 228.62 208.26 205.96 182.43 175.97 171.47 132.70 103.83 95.80 80.39 80.63 72.52 74.62 75.69 72.22 66.21 83.10 86.36 87.78 103.84 57.51 -9999 -9999 -9999 -9999 -9999 -9999 -9999 -9999 -9999 -9999 -9999 -9999 -9999 -9999 -9999 -9999 -9999 -9999 -9999 -9999 -9999 -9999 -9999 -9999 -9999 -9999 -9999 -9999 -9999 -9999 -9999 -9999 -9999 -9999 -9999 -9999
243.02 256.74 230.56 251.64 248.50 225.86 271.17 -9999 346.99 385.69 350.71 299.80 231.68 203.22 210.94 204.52 215.93 203.22 192.21 211.72 194.93 196.59 180.62 173.96 145.89 151.09 132.69 112.11 107.44 90.51 93.26 91.05 80.42 76.06 66.84 98.97 102.05 101.48 98.25 81.90 80.73 86.46 50.47 -9999 -9999 -9999 -9999 -9999 -9999 -9999 -9999 -9999 -9999 -9999 -9999 -9999 -9999 -9999 -9999 -9999 -9999 -9999 -9999 -9999 -9999 -9999 -9999 -9999 -9999 -9999 -9999 -9999 -9999 -9999 -9999 -9999
230.28 287.80 236.45 -9999 210.48 203.27 248.69 -9999 311.75 414.61 367.58 317.43 261.85 236.34 249.38 235.77 198.27 180.80 177.05 187.35 171.27 193.63 206.29 155.46 185.79 168.39 151.55 164.90 159.54 114.59 80.66 104.01 95.21 96.25 110.33 125.97 119.41 116.01 89.16 80.28 100.27 101.73 61.52 -9999 -9999 -9999 -9999 -9999 -9999 -9999 -9999 -9999 -9999 -9999 -9999 -9999 -9999 -9999 -9999 -9999 -9999 -9999 -9999 -9999 -9999 -9999 -9999 -9999 -9999 -9999 -9999 -9999 -9999 -9999 -9999 -9999
242.22 262.08 223.04 -9999 -9999 211.40 213.45 227.49 288.39 319.76 308.55 285.93 299.38 290.63 296.62 255.17 253.51 201.35 179.43 204.87 193.10 204.12 215.89 224.71 204.49 200.54 186.03 163.99 147.07 137.88 118.73 131.67 130.52 141.08 127.23 134.40 119.45 94.49 93.73 71.73 76.84 74.86 65.94 63.07 -9999 -9999 -9999 -9999 -9999 -9999 -9999 -9999 -9999 -9999 -9999 -9999 -9999 -9999 -9999 -9999 -9999 -9999 -9999 -9999 -9999 -9999 -9999 -9999 -9999 -9999 -9999 -9999 -9999 -9999 -9999 -9999
240.21 -9999 -9999 -9999 -9999 -9999 207.27 198.62 259.41 288.47 273.29 274.76 287.69 295.87 310.69 304.63 304.21 259.71 202.54 172.59 184.95 186.93 203.51 207.19 196.33 184.85 154.99 153.16 147.70 139.28 160.75 150.45 126.21 130.47 108.09 98.41 106.49 93.27 99.04 80.63 56.72 68.41 77.30 59.70 -9999 -9999 -9999 -9999 -9999 -9999 -9999 -9999 -9999 -9999 -9999 -9999 -9999 -9999 -9999 -9999 -9999 -9999 -9999 -9999 -9999 -9999 -9999 -9999 -9999 -9999 -9999 -9999 -9999 -9999 -9999 -9999
244.64 244.42 240.47 248.39 -9999 -9999 -9999 202.63 236.98 255.58 255.08 253.83 239.15 285.54 296.17 323.96 351.05 294.98 248.11 194.86 159.14 181.73 181.77 154.95 174.10 150.60 141.86 184.04 160.61 188.91 204.85 173.08 136.12 131.92 95.49 98.81 86.68 90.78 109.51 92.81 65.94 65.91 72.67 63.26 66.39 -9999 -9999 -9999 -9999 -9999 -9999 -9999 -9999 -9999 -9999 -9999 -9999 -9999 -9999 -9999 -9999 -9999 -9999 -9999 -9999 -9999 -9999 -9999 -9999 -9999 -9999 -9999 -9999 -9999 -9999 -9999
267.32 272.56 280.72 362.89 340.38 -9999 -9999 -9999 196.22 203.02 209.72 233.01 241.33 245.10 268.72 264.69 298.41 262.92 231.78 197.75 207.81 163.59 172.69 176.07 189.43 171.83 193.43 165.19 186.21 163.09 159.21 153.19 118.41 118.24 107.79 91.86 66.12 68.66 92.09 77.26 65.34 65.58 73.12 71.53 50.03 43.04 -9999 -9999 -9999 -9999 -9999 -9999 -9999 -9999 -9999 -9999 -9999 -9999 -9999 -9999 -9999 -9999 -9999 -9999 -9999 -9999 -9999 -9999 -9999 -9999 -9999 -9999 -9999 -9999 -9999 -9999
263.29 214.55 258.46 374.87 327.47 -9999 -9999 -9999 -9999 -9999 183.48 200.36 224.17 233.83 243.21 244.75 265.06 300.17 291.82 253.19 212.56 186.45 181.05 174.02 164.95 151.53 199.19 199.04 163.29 172.36 147.96 105.20 87.66 96.34 107.50 89.84 82.98 86.00 75.77 68.97 59.34 63.78 62.50 68.55 55.61 44.31 37.41 -9999 -9999 -9999 -9999 -9999 -9999 -9999 -9999 -9999 -9999 -9999 -9999 -9999 -9999 -9999 -9999 -9999 -9999 -9999 -9999 -9999 -9999 -9999 -9999 -9999 -9999 -9999 -9999 -9999
-9999 200.69 206.16 331.50 298.63 -9999 -9999 -9999 -9999 -9999 169.79 188.62 227.79 224.71 270.25 306.44 296.63 307.44 286.12 268.66 225.16 225.02 202.36 189.24 199.68 232.19 201.90 303.95 187.75 213.24 150.87 176.55 162.95 112.34 97.16 88.42 80.24 83.35 84.76 75.65 73.79 59.09 60.85 56.30 57.86 52.52 42.32 36.73 31.64 -9999 -9999 -9999 -9999 -9999 -9999 -9999 -9999 -9999 -9999 -9999 -9999 -9999 -9999 -9999 -9999 -9999 -9999 -9999 -9999 -9999 -9999 -9999 -9999 -9999 -9999 -9999
-9999 -9999 222.95 253.68 228.64 -9999 -9999 -9999 -9999 -9999 171.64 172.02 208.59 222.20 237.09 245.93 259.65 278.03 265.51 284.92 245.47 223.15 233.57 241.47 283.45 269.49 240.78 313.61 271.20 195.75 185.06 177.29 143.34 124.47 111.75 91.55 93.89 97.34 80.81 66.13 77.15 89.52 85.95 65.61 63.07 58.82 49.63 36.64 33.92 -9999 -9999 -9999 -9999 -9999 -9999 -9999 -9999 -9999 -9999 -9999 -9999 -9999 -9999 -9999 -9999 -9999 -9999 -9999 -9999 -9999 -9999 -9999 -9999 -9999 -9999 -9999
-9999 -9999 190.53 195.33 186.49 -9999 -9999 -9999 -9999 -9999 188.48 187.21 208.63 222.83 225.43 235.59 272.00 315.77 327.37 291.62 266.85 234.99 229.45 220.68 252.50 259.92 299.14 291.79 252.13 237.61 217.37 172.12 175.49 130.42 129.21 125.32 96.07 98.77 95.77 86.24 85.31 106.39 103.10 81.21 61.96 62.89 55.60 42.06 38.34 -9999 -9999 -9999 -9999 -9999 -9999 -9999 -9999 -9999 -9999 -9999 -9999 -9999 -9999 -9999 -9999 -9999 -9999 -9999 -9999 -9999 -9999 -9999 -9999 -9999 -9999 -9999
-9999 -9999 -9999 -9999 -9999 -9999 -9999 -9999 -9999 225.34 232.63 242.36 238.92 231.88 236.49 235.53 267.77 276.82 318.67 296.44 269.00 308.51 286.01 286.19 300.41 323.14 336.98 338.76 334.44 280.49 235.09 210.36 175.34 164.58 132.30 116.11 124.86 100.50 116.03 119.87 136.18 118.43 120.08 90.82 60.79 56.69 50.44 48.84 37.70 -9999 -9999 -9999 -9999 -9999 -9999 -9999 -9999 -9999 -9999 -9999 -9999 -9999 -9999 -9999 -9999 -9999 -9999 -9999 -9999 -9999 -9999 -9999 -9999 -9999 -9999 -9999
-9999 -9999 -9999 -9999 -9999 -9999 -9999 -9999 -9999 255.89 235.61 260.31 291.72 297.05 294.27 312.19 305.65 290.96 263.24 284.71 299.46 299.21 340.62 312.94 286.85 240.02 327.21 296.07 308.18 275.72 238.22 212.12 175.08 145.03 158.86 156.90 112.00 108.81 120.69 155.39 143.53 132.20 131.81 102.66 64.19 51.93 48.56 58.05 36.44 -9999 -9999 -9999 -9999 -9999 -9999 -9999 -9999 -9999 -9999 -9999 -9999 -9999 -9999 -9999 -9999 -9999 -9999 -9999 -9999 -9999 -9999 -9999 -9999 -9999 -9999 -9999
-9999 -9999 -9999 -9999 -9999 -9999 -9999 -9999 222.53 250.31 239.61 272.76 306.92 297.10 346.99 401.55 390.02 367.08 335.85 255.34 260.63 308.59 345.33 307.91 280.17 198.99 247.60 346.97 333.75 320.67 260.84 250.20 207.08 183.46 178.41 145.19 123.73 171.32 181.91 188.33 161.58 113.88 90.02 91.80 71.15 75.24 74.26 62.25 41.32 -9999 -9999 -9999 -9999 -9999 -9999 -9999 -9999 -9999 -9999 -9999 -9999 -9999 -9999 -9999 -9999 -9999 -9999 -9999 -9999 -9999 -9999 -9999 -9999 -9999 -9999 -9999
-9999 -9999 -9999 -9999 -9999 -9999 -9999 -9999 239.14 230.99 287.19 291.37 360.23 324.34 366.02 392.50 481.44 414.93 343.76 282.13 295.14 294.67 393.91 357.49 267.45 229.81 262.84 366.06 371.64 333.97 313.94 263.48 268.62 269.85 233.30 228.57 212.71 233.91 183.75 161.03 153.84 122.71 109.75 84.74 65.48 66.33 60.86 56.66 43.32 48.01 -9999 -9999 -9999 -9999 -9999 -9999 -9999 -9999 -9999 -9999 -9999 -9999 -9999 -9999 -9999 -9999 -9999 -9999 -9999 -9999 -9999 -9999 -9999 -9999 -9999 -9999
-9999 -9999 -9999 -9999 -9999 -9999 -9999 198.89 285.74 312.59 319.42 350.95 375.21 363.79 320.30 392.04 419.93 400.83 355.31 310.88 267.34 234.05 264.27 308.40 289.48 249.85 259.15 328.77 345.60 324.54 320.45 321.25 255.09 286.62 260.29 230.86 282.03 214.51 217.52 190.80 132.00 130.25 106.45 93.21 85.71 63.73 58.33 51.34 46.91 42.66 -9999 -9999 -9999 -9999 -9999 -9999 -9999 -9999 -9999 -9999 -9999 -9999 -9999 -9999 -9999 -9999 -9999 -9999 -9999 -9999 -9999 -9999 -9999 -9999 -9999 -9999
-9999 -9999 -9999 -9999 -9999 -9999 -9999 261.70 303.38 330.21 393.30 397.80 417.68 388.35 461.22 375.60 372.24 351.91 343.03 325.96 252.95 232.05 260.71 284.17 302.23 217.18 221.13 251.20 292.33 322.71 376.92 266.76 295.99 299.53 253.24 305.77 269.01 231.57 215.60 162.55 150.50 122.16 85.92 84.53 80.62 65.82 65.10 53.06 46.24 47.56 -9999 -9999 -9999 -9999 -9999 -9999 -9999 -9999 -9999 -9999 -9999 -9999 -9999 -9999 -9999 -9999 -9999 -9999 -9999 -9999 -9999 -9999 -9999 -9999 -9999 -9999
