Rainfall_2007-2011/Rainfall_2009-12_ACTUAL.txt
ncols         180
nrows         290
xllcorner     -200000
yllcorner     -200000
cellsize      5000
NODATA_value  -9999
[rows 170 to 203 of 290, columns 76 to 151 of 180]
-9999 -9999 -9999 -9999 -9999 -9999 -9999 -9999 -9999 -9999 -9999 -9999 -9999 -9999 -9999 -9999 -9999 -9999 -9999 -9999 -9999 -9999 -9999 -9999 -9999 -9999 -9999 -9999 -9999 -9999 87.73 90.09 88.23 93.61 81.71 76.31 69.54 65.28 75.19 78.63 67.86 67.85 72.67 97.17 106.81 130.82 163.20 147.62 119.90 90.83 76.05 67.08 61.96 50.91 55.99 55.62 61.24 57.10 66.49 68.63 68.29 68.96 68.68 66.50 70.59 76.38 70.86 71.88 85.33 74.90 59.57 60.71 66.82 -9999 -9999 -9999
-9999 -9999 -9999 -9999 -9999 -9999 -9999 -9999 -9999 -9999 99.40 101.91 106.84 110.24 -9999 -9999 -9999 -9999 -9999 -9999 -9999 -9999 -9999 -9999 -9999 -9999 -9999 -9999 -9999 75.90 67.55 78.24 93.01 107.98 89.19 71.64 67.61 67.87 72.16 72.80 71.44 69.89 77.47 92.64 124.16 165.81 178.65 131.72 127.62 107.04 69.12 68.49 51.17 62.97 58.85 53.92 55.88 58.15 59.04 73.96 69.34 66.33 59.26 64.79 66.50 71.83 79.56 87.58 85.78 91.00 69.83 67.02 68.50 70.50 -9999 -9999
-9999 -9999 -9999 -9999 -9999 -9999 -9999 -9999 -9999 -9999 107.57 121.16 116.05 113.85 -9999 -9999 -9999 -9999 -9999 -9999 -9999 -9999 -9999 -9999 -9999 -9999 -9999 -9999 78.42 80.29 75.77 76.99 95.28 88.52 77.53 64.08 62.21 71.21 83.42 79.17 72.95 69.93 77.44 80.48 103.50 139.35 166.94 140.38 120.52 96.83 74.02 63.69 58.85 61.68 58.97 57.81 55.86 55.96 58.76 65.86 64.70 62.20 60.37 62.88 61.96 68.81 75.76 96.59 101.86 84.66 81.38 76.86 74.39 72.10 -9999 -9999
-9999 -9999 -9999 -9999 -9999 -9999 -9999 -9999 72.17 82.69 88.33 122.38 120.27 119.45 113.44 85.10 98.61 -9999 -9999 91.51 98.35 -9999 -9999 -9999 74.68 82.57 82.25 -9999 75.47 85.06 85.38 77.90 78.50 79.19 77.23 69.90 70.18 77.95 87.78 78.66 78.33 70.12 70.83 96.19 91.16 98.82 127.62 100.76 111.66 158.00 82.34 80.91 64.41 61.76 59.34 62.37 56.68 59.56 68.48 63.60 59.28 63.94 56.18 62.31 62.42 60.31 68.23 85.98 83.15 69.91 81.92 73.56 62.12 71.42 75.34 -9999
-9999 -9999 -9999 -9999 -9999 -9999 -9999 -9999 -9999 83.98 91.00 96.37 95.08 107.31 110.18 110.93 101.44 -9999 101.02 103.98 122.82 103.68 88.18 85.29 82.28 101.16 89.83 84.62 -9999 82.23 88.25 79.00 73.18 75.98 72.69 65.15 61.11 65.82 69.91 75.65 77.63 82.15 78.02 99.95 128.29 99.21 103.88 91.45 118.63 74.79 77.16 69.67 63.44 68.97 69.11 58.99 56.96 52.55 60.87 66.03 59.35 60.65 57.79 62.82 58.57 57.81 65.62 75.94 78.91 79.13 88.63 82.49 74.58 69.48 75.20 -9999
-9999 -9999 -9999 -9999 -9999 -9999 -9999 -9999 -9999 -9999 89.99 89.01 96.69 103.32 95.24 99.81 123.23 137.98 180.33 132.59 124.98 124.05 118.22 106.01 96.77 92.31 88.90 101.54 99.26 82.32 75.14 77.76 77.76 73.67 76.84 72.16 61.00 63.69 65.91 66.79 74.12 82.58 87.95 104.12 110.41 113.99 101.09 98.35 89.80 85.59 79.80 70.02 67.37 71.10 65.24 60.22 63.15 58.40 62.71 58.63 55.95 57.70 58.81 59.67 56.95 59.17 64.45 70.35 68.59 78.25 85.71 90.67 91.59 75.92 76.95 76.81
-9999 -9999 -9999 -9999 -9999 -9999 -9999 -9999 -9999 -9999 -9999 91.20 92.63 94.30 102.49 130.05 173.77 224.84 201.27 161.78 134.10 117.07 128.41 115.88 100.93 99.32 108.23 97.27 103.18 90.69 66.08 74.09 77.89 67.22 70.91 52.33 63.87 68.41 61.66 65.66 68.93 72.68 92.13 102.60 119.00 121.04 115.03 114.06 88.65 83.87 86.64 75.81 73.04 77.16 74.04 63.81 68.51 57.48 58.30 56.01 53.58 58.19 56.21 52.79 51.75 58.01 64.54 68.34 69.54 78.09 92.48 84.02 79.63 76.91 73.82 72.76
-9999 -9999 -9999 -9999 -9999 -9999 -9999 -9999 -9999 -9999 -9999 -9999 100.49 103.98 170.60 223.88 263.27 259.66 228.96 199.45 176.19 142.99 149.78 123.70 133.68 120.23 106.53 124.51 103.48 91.81 72.73 67.81 71.81 65.32 60.34 63.41 58.45 54.67 61.84 60.16 57.25 64.76 89.87 98.61 86.98 94.79 93.11 104.12 91.76 82.79 84.19 78.12 76.84 80.82 75.38 72.88 69.33 58.50 59.38 53.16 54.38 59.49 51.70 52.12 54.26 57.56 61.41 62.84 76.43 76.37 78.67 73.18 77.61 74.56 74.23 77.24
-9999 -9999 -9999 -9999 -9999 -9999 -9999 -9999 -9999 -9999 -9999 -9999 108.12 117.45 201.83 271.37 341.67 266.82 219.27 192.39 150.23 174.35 160.57 155.58 138.48 139.88 110.32 109.91 108.75 102.05 82.68 64.50 55.75 60.42 59.28 61.09 59.56 47.90 54.64 51.12 51.45 56.32 83.65 80.92 67.13 95.51 107.76 100.53 86.60 86.75 85.37 79.38 73.41 79.98 77.30 74.94 71.09 62.34 59.12 53.84 52.10 57.17 58.13 60.53 61.65 58.27 61.08 61.43 66.93 71.62 78.39 71.58 71.88 69.68 63.66 -9999
-9999 -9999 -9999 -9999 -9999 -9999 -9999 -9999 -9999 -9999 -9999 -9999 121.57 137.86 210.44 271.89 349.08 280.08 212.85 186.44 142.94 171.95 138.41 133.32 140.43 106.98 107.51 127.42 106.27 100.65 78.85 68.53 61.44 62.67 60.34 60.93 62.83 61.69 54.84 48.76 63.44 68.39 76.01 81.02 86.32 92.96 100.78 95.04 77.86 90.42 91.07 73.10 78.04 79.27 76.63 77.03 76.04 76.05 54.63 51.38 54.95 59.79 58.17 70.41 61.16 61.32 60.15 63.05 61.89 72.09 74.17 69.35 72.52 68.42 -9999 -9999
-9999 -9999 -9999 -9999 -9999 -9999 -9999 -9999 -9999 -9999 -9999 121.86 184.45 154.62 218.46 253.15 229.56 288.02 252.24 201.33 188.38 207.89 166.69 132.84 129.13 111.66 122.74 141.19 113.78 101.49 77.90 61.43 59.74 66.13 61.48 59.32 60.75 58.71 56.61 65.69 78.35 68.74 72.64 80.39 70.55 84.84 98.37 85.68 82.31 75.41 78.48 76.23 72.12 79.66 76.37 76.24 81.46 73.43 63.63 56.99 55.75 59.03 55.86 64.29 59.55 60.56 63.20 62.50 63.64 67.29 79.78 73.20 78.58 -9999 -9999 -9999
-9999 -9999 -9999 -9999 -9999 -9999 -9999 -9999 -9999 87.39 102.76 123.58 132.13 145.22 160.63 176.69 153.46 185.95 183.09 202.46 207.39 222.44 212.75 163.93 118.60 131.08 123.61 104.48 103.37 106.44 93.21 83.12 58.06 67.15 66.46 64.28 61.02 57.27 64.28 71.97 81.84 81.96 71.70 68.21 77.28 76.00 73.09 82.48 73.58 69.15 73.01 73.36 71.35 70.88 73.41 63.77 63.06 62.15 60.25 57.57 60.97 60.87 58.93 65.03 65.64 60.63 65.35 62.42 67.33 65.09 61.21 62.93 -9999 -9999 -9999 -9999
-9999 -9999 -9999 -9999 -9999 -9999 -9999 -9999 88.61 84.98 101.60 115.47 119.69 102.76 123.38 134.42 144.68 159.74 185.95 198.98 247.20 190.43 131.71 136.94 121.68 154.83 162.59 147.18 116.65 112.27 97.57 80.90 62.48 66.43 68.52 60.20 59.99 59.28 66.24 78.56 65.07 77.90 75.37 65.90 67.17 71.01 66.71 65.39 63.08 67.01 66.53 63.07 64.92 67.85 61.76 54.52 58.49 57.45 52.53 54.10 63.49 67.01 63.91 74.27 69.29 63.81 62.56 61.42 59.89 60.97 62.50 59.19 -9999 -9999 -9999 -9999
-9999 -9999 -9999 -9999 -9999 -9999 -9999 122.53 93.13 82.01 107.35 -9999 -9999 -9999 -9999 163.53 208.32 220.28 207.63 207.38 196.10 202.21 175.90 176.34 166.44 206.80 196.29 160.79 113.96 116.69 87.39 71.76 64.74 66.44 63.35 57.23 56.78 60.57 62.72 67.88 61.57 61.25 65.83 65.75 63.51 64.35 57.20 61.83 65.75 62.34 56.73 54.05 55.99 58.22 56.63 54.22 61.40 54.33 53.79 58.21 69.28 64.79 65.88 73.68 67.93 67.04 61.04 62.85 64.06 68.24 68.64 66.43 62.10 -9999 -9999 -9999
-9999 -9999 -9999 -9999 -9999 -9999 -9999 103.79 122.66 92.59 94.85 -9999 -9999 -9999 -9999 137.18 189.27 236.55 183.64 209.60 205.35 218.65 216.32 196.45 167.41 193.22 140.15 114.56 114.24 106.11 82.91 69.37 63.21 63.55 70.98 62.14 55.11 58.35 57.15 58.98 62.23 57.88 60.74 59.78 60.07 57.84 60.31 68.57 63.98 59.69 56.99 58.70 57.27 51.29 53.33 53.64 56.36 57.91 57.31 58.83 55.54 67.44 67.83 72.26 63.81 66.72 62.85 66.16 64.90 68.37 72.21 73.14 70.86 77.20 -9999 -9999
-9999 -9999 -9999 -9999 -9999 -9999 -9999 -9999 -9999 -9999 -9999 -9999 -9999 -9999 -9999 130.93 176.98 181.18 172.11 194.82 184.57 229.56 218.42 169.10 168.37 161.12 145.56 117.73 99.73 95.48 74.70 70.86 63.00 61.55 54.61 52.45 52.09 52.05 51.79 56.94 57.81 55.16 58.43 58.60 59.83 54.75 57.10 63.93 61.86 61.08 65.50 60.75 54.40 52.79 56.85 68.74 44.70 55.07 58.10 51.07 49.77 70.64 72.35 70.55 75.73 71.90 64.07 62.78 63.61 69.16 72.98 76.44 84.97 97.68 77.03 78.91
-9999 -9999 -9999 -9999 -9999 -9999 -9999 -9999 -9999 -9999 -9999 -9999 -9999 -9999 -9999 -9999 163.22 148.58 182.03 197.59 222.48 218.29 231.47 205.11 157.40 140.38 130.98 99.87 93.58 79.94 71.12 64.61 67.10 61.27 53.87 50.46 45.91 46.09 49.37 51.83 53.43 54.97 53.29 60.37 64.96 54.99 55.90 57.50 60.82 63.85 63.76 58.86 55.20 62.11 58.43 55.43 51.28 51.17 52.90 59.44 61.53 69.59 72.80 78.52 68.36 66.09 66.14 66.53 63.27 63.39 73.22 89.42 85.67 90.06 77.86 76.00
-9999 -9999 -9999 -9999 -9999 -9999 -9999 -9999 -9999 -9999 -9999 -9999 -9999 -9999 -9999 -9999 157.98 209.40 236.52 214.28 213.40 186.72 172.55 147.16 137.58 120.44 94.80 106.71 103.10 77.72 77.02 73.91 65.89 62.68 50.36 46.78 43.59 39.84 54.01 50.94 49.84 53.81 51.14 57.56 62.21 58.05 60.83 55.56 56.79 57.11 61.23 55.58 52.01 70.28 64.14 54.31 54.54 55.84 58.71 65.70 69.62 69.52 68.83 71.24 65.45 63.63 63.42 63.25 65.68 73.22 79.21 83.40 80.37 72.38 72.09 73.79
-9999 -9999 -9999 -9999 -9999 -9999 -9999 -9999 -9999 -9999 -9999 -9999 -9999 -9999 -9999 132.70 145.53 187.39 216.55 209.34 163.60 142.40 131.92 150.51 141.91 113.10 94.11 105.34 90.10 112.94 79.17 71.86 67.94 69.03 66.72 55.30 60.21 56.03 54.91 48.43 48.42 51.86 52.45 59.15 62.06 57.31 56.21 54.30 53.44 51.51 47.67 51.06 46.78 42.47 56.07 53.46 57.02 59.48 62.93 68.09 75.06 69.39 66.04 66.10 68.11 67.11 64.80 65.74 64.39 65.64 65.77 73.91 73.02 70.37 67.45 72.67
-9999 -9999 -9999 -9999 -9999 -9999 -9999 -9999 -9999 -9999 -9999 -9999 -9999 -9999 -9999 117.94 134.56 190.39 181.94 161.52 137.76 134.23 138.66 148.48 120.54 100.39 91.06 92.18 82.76 74.33 67.95 72.62 79.00 69.01 65.50 52.82 56.85 55.12 54.63 51.30 51.33 52.85 53.57 66.12 60.84 61.19 59.31 55.10 53.07 47.73 47.79 50.10 51.01 51.29 56.17 50.37 52.46 55.98 68.03 62.99 71.96 67.26 61.54 67.16 60.19 60.07 71.19 67.56 66.75 64.18 65.25 65.23 65.51 67.16 68.29 74.81
-9999 -9999 -9999 -9999 -9999 -9999 -9999 -9999 -9999 -9999 -9999 -9999 -9999 -9999 -9999 104.16 138.25 129.96 156.32 150.46 150.96 139.62 152.59 142.36 129.86 99.16 88.44 78.37 77.70 78.58 73.17 84.73 105.61 85.93 79.88 66.29 61.32 58.40 52.68 53.40 50.78 50.85 56.82 65.03 63.35 65.44 63.38 55.52 51.00 51.51 46.02 52.22 55.21 50.22 48.12 47.09 53.49 53.18 60.70 59.27 58.91 55.82 61.12 67.08 68.29 55.19 57.94 64.72 66.97 63.42 68.88 66.74 66.22 65.86 66.80 67.47
-9999 -9999 -9999 -9999 -9999 -9999 -9999 -9999 -9999 -9999 -9999 -9999 -9999 -9999 -9999 -9999 110.52 140.90 167.19 185.84 201.71 142.81 139.36 120.70 93.49 89.99 95.98 83.63 98.28 72.94 80.69 81.77 105.20 86.19 70.32 59.39 71.61 72.22 57.73 57.00 54.15 54.83 61.32 61.46 59.56 58.68 57.53 52.26 48.85 54.73 52.09 53.39 54.74 52.28 48.14 50.45 52.48 49.73 57.62 55.49 59.82 57.87 63.14 67.23 59.52 55.53 58.21 65.64 64.18 64.04 67.45 67.65 66.01 60.49 63.88 64.84
-9999 -9999 -9999 -9999 -9999 -9999 -9999 -9999 -9999 -9999 -9999 -9999 -9999 -9999 -9999 -9999 124.88 134.06 167.58 206.62 251.72 184.59 139.11 119.24 94.72 95.05 111.25 111.44 102.59 92.51 76.61 83.04 92.21 79.87 78.05 83.16 86.12 81.61 66.89 65.59 58.07 55.17 56.55 62.09 64.29 61.07 58.59 56.05 53.61 56.48 55.38 53.76 56.48 58.62 57.97 57.06 54.79 49.05 59.36 55.16 62.04 62.72 66.42 65.09 62.73 60.57 65.59 63.26 62.72 63.61 64.17 63.57 62.26 66.71 59.86 70.49
-9999 -9999 -9999 -9999 -9999 -9999 -9999 -9999 -9999 -9999 -9999 -9999 -9999 -9999 -9999 90.52 109.02 133.28 161.39 193.37 234.77 186.20 139.87 131.83 137.05 126.53 125.68 118.44 94.57 96.62 100.84 101.77 83.94 82.49 90.07 92.07 96.05 82.80 62.77 63.42 52.88 52.78 56.79 60.53 64.71 68.54 56.56 56.95 54.02 58.28 55.51 56.04 57.41 62.87 56.65 60.62 59.71 60.27 65.23 64.93 63.03 68.59 65.10 64.89 56.46 66.33 68.36 61.79 63.21 66.59 63.06 58.75 58.64 60.02 64.55 67.24
-9999 -9999 -9999 -9999 -9999 -9999 -9999 -9999 -9999 -9999 -9999 -9999 -9999 -9999 -9999 108.52 128.02 137.79 139.06 177.19 219.83 186.04 149.14 113.40 107.48 139.37 136.81 135.54 115.70 121.80 111.37 88.84 94.15 78.06 89.51 83.31 105.14 67.46 62.38 60.51 49.17 49.73 52.66 65.08 65.39 60.88 57.59 54.89 54.77 58.04 56.45 54.53 53.09 49.52 53.47 57.64 61.45 60.31 68.58 69.72 68.95 68.46 62.88 68.75 58.57 64.10 66.91 62.33 65.06 63.18 64.43 57.99 60.27 61.51 70.78 65.22
-9999 -9999 -9999 -9999 -9999 -9999 -9999 -9999 -9999 -9999 -9999 -9999 -9999 -9999 -9999 116.17 133.56 143.68 162.89 171.32 204.87 200.52 163.81 122.21 117.03 129.91 125.72 132.54 143.19 96.78 98.63 99.30 83.27 99.33 85.76 75.55 74.19 64.24 65.50 53.62 43.48 47.36 50.55 55.64 57.89 60.13 59.28 56.28 56.28 57.41 55.40 54.68 53.27 57.22 44.22 60.99 61.90 54.38 59.25 62.57 65.15 70.64 72.48 64.22 66.48 66.22 61.69 59.90 59.55 61.57 62.44 64.57 64.37 64.02 65.56 64.15
-9999 -9999 -9999 -9999 -9999 -9999 -9999 -9999 -9999 -9999 -9999 -9999 -9999 -9999 121.78 129.82 153.68 155.14 159.77 190.39 185.47 173.46 146.52 126.00 109.96 123.28 131.10 162.79 132.49 94.82 111.13 102.04 84.96 82.91 71.27 62.97 64.82 65.91 58.68 48.32 44.09 44.74 47.64 56.45 55.72 54.43 57.76 54.71 55.22 54.96 53.37 50.81 49.67 52.21 55.08 61.43 60.96 52.84 60.46 63.44 66.21 70.04 62.94 67.30 67.83 68.24 70.32 62.61 61.29 70.04 65.22 61.62 63.25 70.98 69.27 64.67
-9999 -9999 -9999 -9999 -9999 -9999 -9999 -9999 -9999 -9999 -9999 -9999 -9999 141.59 136.66 133.75 146.62 145.58 177.58 210.71 209.99 183.11 185.17 146.05 140.83 126.55 109.49 138.60 120.13 124.81 108.72 97.77 89.24 81.98 71.89 73.37 65.77 66.49 62.17 56.27 50.11 46.55 50.39 58.44 55.33 54.99 54.52 53.80 54.33 52.28 52.50 50.24 53.91 55.21 55.90 51.77 56.45 61.04 60.92 61.57 57.99 58.59 67.24 82.39 69.22 70.97 76.45 68.43 67.26 72.79 68.98 68.28 64.45 71.50 67.18 72.14
-9999 -9999 -9999 -9999 -9999 -9999 -9999 -9999 -9999 -9999 -9999 136.45 135.08 150.64 157.01 128.56 160.64 167.73 195.98 234.63 238.76 217.64 186.24 164.11 135.06 137.54 110.34 133.00 125.49 116.71 113.10 92.31 87.29 74.95 73.83 71.10 62.18 64.17 64.32 53.22 53.79 52.83 55.31 55.56 54.40 52.86 51.04 52.66 47.63 47.39 49.52 53.26 55.71 61.24 62.36 57.14 59.74 58.09 56.33 55.50 63.16 60.60 70.41 69.44 71.23 78.38 72.60 67.46 68.83 75.45 73.07 77.10 74.51 74.10 66.99 70.33
-9999 -9999 -9999 -9999 -9999 -9999 -9999 139.50 109.98 136.55 175.73 174.52 172.12 187.81 177.23 178.35 185.79 203.35 207.94 251.86 230.11 218.15 189.68 160.92 134.54 142.14 122.12 172.24 160.00 121.15 95.49 88.86 80.24 87.98 65.88 74.37 68.74 63.23 59.08 54.55 53.33 55.79 52.54 50.30 52.31 46.13 47.58 45.28 48.12 50.75 53.12 49.27 50.35 60.34 59.34 59.55 65.65 65.99 63.39 55.72 66.49 66.88 73.39 79.64 70.06 66.21 72.59 75.94 74.01 76.33 75.05 72.03 69.87 69.35 69.73 78.81
-9999 -9999 -9999 -9999 -9999 -9999 150.59 155.84 178.55 176.21 152.09 178.33 178.11 199.62 207.48 151.01 195.92 204.28 226.97 212.90 227.94 198.46 175.79 180.17 141.90 116.31 153.90 136.44 128.42 97.30 83.68 75.74 77.63 75.28 72.47 62.01 65.35 68.37 61.96 63.74 57.13 57.17 50.86 49.15 51.24 53.63 47.41 45.25 46.66 53.08 55.68 62.63 53.04 57.27 59.37 56.39 61.85 63.40 61.44 66.00 72.06 73.00 74.84 72.45 73.83 65.58 73.35 77.53 66.51 67.67 65.99 62.57 60.19 64.35 65.31 75.95
-9999 -9999 -9999 -9999 -9999 138.52 149.05 148.07 164.04 172.73 181.50 178.08 196.43 189.53 184.74 218.12 185.08 183.29 221.46 198.52 202.03 196.87 188.10 167.63 153.05 134.64 122.70 122.85 112.98 142.84 110.92 79.07 71.18 65.10 65.12 60.39 64.63 67.78 67.49 64.00 59.02 56.26 47.06 50.13 62.59 57.48 52.16 65.47 53.40 50.66 57.41 58.60 61.51 60.64 63.80 65.41 74.11 73.97 72.51 69.82 70.46 74.14 73.07 70.29 70.22 75.52 81.99 82.29 75.05 68.64 70.03 71.91 70.44 72.70 68.86 76.63
-9999 120.38 146.26 163.32 213.96 184.64 182.15 185.83 175.22 176.71 194.78 186.83 214.29 215.78 163.77 226.03 192.60 179.27 172.93 160.76 178.73 185.86 170.83 156.19 142.36 141.55 117.54 103.37 132.33 139.90 110.36 113.68 93.10 75.39 67.59 70.40 83.99 64.86 74.69 61.07 58.81 57.73 51.59 62.16 56.56 55.20 66.58 65.22 60.70 58.44 61.05 67.46 65.48 66.35 71.17 69.62 71.34 73.80 72.55 72.55 75.32 75.52 74.95 79.83 86.13 72.34 89.75 83.94 79.38 75.00 84.51 76.99 77.62 71.80 74.62 73.93
142.45 178.41 181.86 196.67 243.47 265.75 246.02 214.09 183.16 193.43 207.31 210.75 202.42 202.41 189.95 181.42 189.98 160.99 147.89 145.56 160.88 188.54 160.64 147.70 143.62 128.26 127.82 134.15 192.20 144.46 129.95 100.30 107.39 110.73 102.37 77.93 72.62 67.71 66.89 68.92 63.67 60.82 56.82 72.22 52.39 76.56 70.50 77.48 66.77 63.34 78.37 74.65 73.11 73.10 74.03 77.02 75.21 74.13 73.86 80.20 83.40 80.35 91.86 87.53 78.46 85.74 84.48 88.37 88.08 90.76 75.35 65.73 74.08 67.46 76.31 81.11
