Rainfall_2007-2011/Rainfall_2009-07_ACTUAL.txt
ncols         180
nrows         290
xllcorner     -200000
yllcorner     -200000
cellsize      5000
NODATA_value  -9999
[rows 99 to 131 of 290, columns 75 to 149 of 180]
207.35 208.05 179.17 -9999 159.25 261.69 267.83 279.60 235.70 224.69 226.22 186.31 171.02 159.66 158.47 172.99 155.01 152.40 199.03 166.84 112.91 112.88 114.21 109.20 103.44 130.45 149.32 127.70 121.22 129.14 117.77 116.24 135.35 106.99 105.95 116.45 126.22 132.57 126.45 -9999 -9999 -9999 -9999 -9999 -9999 -9999 -9999 -9999 -9999 -9999 -9999 -9999 -9999 -9999 -9999 -9999 -9999 -9999 -9999 -9999 -9999 -9999 -9999 -9999 -9999 -9999 -9999 -9999 -9999 -9999 -9999 -9999 -9999 -9999 -9999
182.40 158.95 -9999 125.61 165.98 213.12 263.14 300.84 295.59 274.11 205.94 197.55 180.17 197.88 199.39 195.00 171.20 116.44 130.17 119.30 115.38 123.43 131.15 141.21 124.06 112.49 130.38 126.14 118.76 122.24 111.54 123.34 155.04 127.85 116.13 127.57 132.88 118.17 118.42 -9999 -9999 -9999 -9999 -9999 -9999 -9999 -9999 -9999 -9999 -9999 -9999 -9999 -9999 -9999 -9999 -9999 -9999 -9999 -9999 -9999 -9999 -9999 -9999 -9999 -9999 -9999 -9999 -9999 -9999 -9999 -9999 -9999 -9999 -9999 -9999
145.44 -9999 126.73 108.90 150.72 275.60 266.51 362.76 275.13 207.92 175.29 201.90 197.79 165.89 193.25 166.60 202.59 211.90 178.89 104.66 133.03 161.48 165.43 136.77 122.48 128.89 125.97 102.93 111.87 120.07 132.34 175.99 180.08 157.49 142.05 145.81 137.27 119.77 111.79 -9999 -9999 -9999 -9999 -9999 -9999 -9999 -9999 -9999 -9999 -9999 -9999 -9999 -9999 -9999 -9999 -9999 -9999 -9999 -9999 -9999 -9999 -9999 -9999 -9999 -9999 -9999 -9999 -9999 -9999 -9999 -9999 -9999 -9999 -9999 -9999
-9999 129.81 -9999 147.83 175.84 252.52 212.89 279.90 252.36 246.43 220.37 260.22 196.23 192.44 150.59 162.94 210.94 167.64 117.85 163.42 173.76 183.51 142.64 141.45 138.96 128.72 108.96 98.38 105.65 117.09 165.73 143.42 141.92 131.85 141.20 136.91 130.22 116.10 -9999 -9999 -9999 -9999 -9999 -9999 -9999 -9999 -9999 -9999 -9999 -9999 -9999 -9999 -9999 -9999 -9999 -9999 -9999 -9999 -9999 -9999 -9999 -9999 -9999 -9999 -9999 -9999 -9999 -9999 -9999 -9999 -9999 -9999 -9999 -9999 -9999
-9999 -9999 126.30 135.54 164.87 160.26 278.29 293.79 200.10 228.58 301.95 255.14 235.28 239.14 217.83 187.20 161.07 197.00 204.06 213.58 141.63 133.32 187.84 180.34 136.23 112.62 102.98 105.07 115.75 143.54 133.38 139.04 108.81 117.64 130.42 127.19 -9999 -9999 -9999 -9999 -9999 -9999 -9999 -9999 -9999 -9999 -9999 -9999 -9999 -9999 -9999 -9999 -9999 -9999 -9999 -9999 -9999 -9999 -9999 -9999 -9999 -9999 -9999 -9999 -9999 -9999 -9999 -9999 -9999 -9999 -9999 -9999 -9999 -9999 -9999
-9999 147.15 155.37 173.47 203.53 186.52 224.03 218.38 160.84 221.37 269.48 246.21 205.94 185.44 186.84 210.09 240.23 138.10 171.70 190.69 169.44 205.68 168.10 158.61 130.77 119.56 124.00 115.35 121.12 117.55 105.02 102.69 104.12 109.87 116.67 -9999 -9999 -9999 -9999 -9999 -9999 -9999 -9999 -9999 -9999 -9999 -9999 -9999 -9999 -9999 -9999 -9999 -9999 -9999 -9999 -9999 -9999 -9999 -9999 -9999 -9999 -9999 -9999 -9999 -9999 -9999 -9999 -9999 -9999 -9999 -9999 -9999 -9999 -9999 -9999
-9999 156.19 190.47 181.95 199.15 164.21 185.46 201.80 225.30 253.58 304.69 269.86 251.23 257.99 206.96 202.96 165.13 162.11 184.68 159.44 143.00 131.25 149.41 135.81 111.86 121.59 120.72 110.37 117.80 99.66 104.84 128.04 109.23 108.95 102.73 -9999 -9999 -9999 -9999 -9999 -9999 -9999 -9999 -9999 -9999 -9999 -9999 -9999 -9999 -9999 -9999 -9999 -9999 -9999 -9999 -9999 -9999 -9999 -9999 -9999 -9999 -9999 -9999 -9999 -9999 -9999 -9999 -9999 -9999 -9999 -9999 -9999 -9999 -9999 -9999
146.01 181.63 194.34 187.84 194.24 197.03 228.56 209.54 219.98 217.88 324.42 261.89 283.64 199.31 250.61 209.88 242.15 274.47 208.41 161.81 191.93 175.15 139.67 125.60 112.59 115.46 113.65 135.70 111.70 102.66 120.97 122.88 105.75 99.23 108.99 107.66 -9999 -9999 -9999 -9999 -9999 -9999 -9999 -9999 -9999 -9999 -9999 -9999 -9999 -9999 -9999 -9999 -9999 -9999 -9999 -9999 -9999 -9999 -9999 -9999 -9999 -9999 -9999 -9999 -9999 -9999 -9999 -9999 -9999 -9999 -9999 -9999 -9999 -9999 -9999
113.79 164.63 181.61 189.90 151.25 206.19 181.93 160.49 214.46 293.73 355.94 241.43 277.15 260.76 206.34 176.64 235.98 207.04 227.67 262.73 192.61 169.63 153.19 114.55 138.10 151.19 148.06 152.90 130.53 117.83 124.60 128.27 130.46 124.41 133.58 128.34 115.67 -9999 -9999 -9999 -9999 -9999 -9999 -9999 -9999 -9999 -9999 -9999 -9999 -9999 -9999 -9999 -9999 -9999 -9999 -9999 -9999 -9999 -9999 -9999 -9999 -9999 -9999 -9999 -9999 -9999 -9999 -9999 -9999 -9999 -9999 -9999 -9999 -9999 -9999
140.65 153.90 181.42 183.18 197.91 202.06 181.31 174.28 237.76 299.64 398.88 243.48 250.64 238.66 211.53 186.53 201.48 184.14 182.24 183.32 168.24 162.23 143.13 166.29 190.75 166.49 152.77 142.01 118.51 136.21 122.68 128.54 124.98 142.10 156.79 152.61 120.39 100.51 -9999 -9999 -9999 -9999 -9999 -9999 -9999 -9999 -9999 -9999 -9999 -9999 -9999 -9999 -9999 -9999 -9999 -9999 -9999 -9999 -9999 -9999 -9999 -9999 -9999 -9999 -9999 -9999 -9999 -9999 -9999 -9999 -9999 -9999 -9999 -9999 -9999
146.44 162.99 156.13 180.98 223.37 180.16 165.89 200.27 272.73 258.75 241.71 238.67 352.50 219.18 195.46 201.16 193.19 163.12 155.13 144.49 148.23 155.58 188.54 169.97 170.18 152.43 127.91 148.74 112.79 113.51 124.35 124.20 111.50 105.86 135.86 146.23 131.10 -9999 -9999 -9999 -9999 -9999 -9999 -9999 -9999 -9999 -9999 -9999 -9999 -9999 -9999 -9999 -9999 -9999 -9999 -9999 -9999 -9999 -9999 -9999 -9999 -9999 -9999 -9999 -9999 -9999 -9999 -9999 -9999 -9999 -9999 -9999 -9999 -9999 -9999
126.36 150.59 145.64 139.30 152.50 167.89 224.46 185.48 250.59 246.05 277.22 240.59 214.47 262.52 225.66 195.05 155.19 133.43 109.74 148.67 137.10 152.77 115.36 99.12 107.32 136.86 147.12 126.06 101.59 107.20 114.12 118.84 107.54 -9999 -9999 -9999 -9999 -9999 -9999 -9999 -9999 -9999 -9999 -9999 -9999 -9999 -9999 -9999 -9999 -9999 -9999 -9999 -9999 -9999 -9999 -9999 -9999 -9999 -9999 -9999 -9999 -9999 -9999 -9999 -9999 -9999 -9999 -9999 -9999 -9999 -9999 -9999 -9999 -9999 -9999
155.51 152.73 163.61 167.24 120.27 226.16 232.28 255.65 258.64 144.20 147.77 216.18 167.40 181.31 224.45 168.21 167.80 157.84 166.75 176.47 127.57 117.55 103.57 100.64 111.87 122.00 147.73 129.27 114.40 124.34 122.32 -9999 -9999 -9999 -9999 -9999 -9999 -9999 -9999 -9999 -9999 -9999 -9999 -9999 -9999 -9999 -9999 -9999 -9999 -9999 -9999 -9999 -9999 -9999 -9999 -9999 -9999 -9999 -9999 -9999 -9999 -9999 -9999 -9999 -9999 -9999 -9999 -9999 -9999 -9999 -9999 -9999 -9999 -9999 -9999
143.24 186.29 167.35 156.61 205.28 228.75 257.69 290.45 244.18 190.43 195.84 191.42 131.70 125.90 150.73 185.52 200.62 172.49 190.05 190.52 167.49 121.58 107.97 91.96 104.01 109.21 133.74 124.48 139.04 136.46 118.09 -9999 -9999 -9999 -9999 -9999 -9999 -9999 -9999 -9999 -9999 -9999 -9999 -9999 -9999 -9999 -9999 -9999 -9999 -9999 -9999 -9999 -9999 -9999 -9999 -9999 -9999 -9999 -9999 -9999 -9999 -9999 -9999 -9999 -9999 -9999 -9999 -9999 -9999 -9999 -9999 -9999 -9999 -9999 -9999
182.21 158.69 -9999 162.12 223.65 241.08 267.28 259.31 237.84 169.93 138.45 149.65 133.47 144.49 157.67 139.15 231.62 235.25 207.68 199.87 150.85 111.84 108.73 89.18 97.31 98.52 107.71 123.38 106.16 -9999 -9999 -9999 -9999 -9999 112.09 115.39 124.89 114.80 -9999 -9999 -9999 -9999 -9999 -9999 -9999 -9999 -9999 -9999 -9999 -9999 -9999 -9999 -9999 -9999 -9999 -9999 -9999 -9999 -9999 -9999 -9999 -9999 -9999 -9999 -9999 -9999 -9999 -9999 -9999 -9999 -9999 -9999 -9999 -9999 -9999
137.16 183.47 -9999 158.50 218.70 213.30 191.39 247.45 174.92 183.41 131.96 149.36 148.34 134.85 164.10 158.19 162.89 163.40 153.49 146.16 127.66 109.12 108.50 111.97 97.41 101.04 112.40 113.67 90.79 120.47 120.26 -9999 -9999 122.20 133.12 137.41 132.26 126.75 115.52 123.12 -9999 -9999 -9999 -9999 -9999 -9999 -9999 -9999 -9999 -9999 -9999 -9999 -9999 -9999 -9999 -9999 -9999 -9999 -9999 -9999 -9999 -9999 -9999 -9999 -9999 -9999 -9999 -9999 -9999 -9999 -9999 -9999 -9999 -9999 -9999
145.13 172.34 133.58 156.38 159.16 177.44 172.08 180.88 147.54 141.05 157.03 153.70 142.39 131.87 122.32 137.82 138.07 137.26 139.46 134.14 123.14 112.48 104.04 105.90 104.88 107.78 102.29 117.05 111.64 118.50 144.06 127.57 113.87 126.22 135.88 140.35 155.47 154.55 151.38 174.33 131.58 -9999 -9999 -9999 -9999 -9999 -9999 -9999 -9999 -9999 -9999 -9999 -9999 -9999 -9999 -9999 -9999 -9999 -9999 -9999 -9999 -9999 -9999 -9999 -9999 -9999 -9999 -9999 -9999 -9999 -9999 -9999 -9999 -9999 -9999
181.12 152.86 143.92 134.69 164.62 150.00 127.35 141.64 -9999 156.35 197.59 198.86 141.10 120.70 111.83 119.13 119.66 128.68 121.64 108.43 107.13 103.26 117.77 110.55 96.00 107.21 101.90 132.25 131.36 149.20 131.84 144.32 133.61 133.68 150.79 161.30 173.30 176.80 183.96 172.02 152.75 162.97 182.22 134.96 -9999 -9999 -9999 -9999 -9999 -9999 -9999 -9999 -9999 -9999 -9999 -9999 -9999 -9999 -9999 -9999 -9999 -9999 -9999 -9999 -9999 -9999 -9999 -9999 -9999 -9999 -9999 -9999 -9999 -9999 -9999
152.88 145.23 147.88 112.38 -9999 119.22 121.91 136.04 -9999 147.31 222.94 182.69 157.32 144.82 123.21 120.40 116.81 105.73 102.86 101.88 114.17 135.26 136.37 129.09 96.95 121.15 136.69 137.79 163.18 176.16 121.45 120.62 147.52 143.82 172.58 219.93 219.43 204.69 198.43 160.59 137.85 219.36 180.89 154.64 -9999 -9999 -9999 -9999 -9999 -9999 -9999 -9999 -9999 -9999 -9999 -9999 -9999 -9999 -9999 -9999 -9999 -9999 -9999 -9999 -9999 -9999 -9999 -9999 -9999 -9999 -9999 -9999 -9999 -9999 -9999
129.79 143.41 119.56 98.50 -9999 -9999 125.93 127.92 143.17 170.74 167.37 150.76 149.89 178.07 147.24 133.54 130.26 129.88 107.67 104.12 120.71 128.77 140.30 145.01 156.96 157.10 166.80 182.07 160.88 154.70 151.68 147.49 169.69 177.96 195.87 190.02 210.58 196.40 166.58 170.59 149.25 186.98 219.06 187.66 177.76 -9999 -9999 -9999 -9999 -9999 -9999 -9999 -9999 -9999 -9999 -9999 -9999 -9999 -9999 -9999 -9999 -9999 -9999 -9999 -9999 -9999 -9999 -9999 -9999 -9999 -9999 -9999 -9999 -9999 -9999
132.28 140.26 -9999 -9999 -9999 -9999 -9999 132.00 133.75 174.13 143.80 134.85 151.37 168.35 168.86 153.33 143.31 128.52 122.28 111.90 105.18 120.21 133.44 146.10 151.66 156.13 172.88 169.10 155.68 156.04 145.41 174.73 170.49 159.07 168.28 153.70 154.66 175.88 162.88 179.21 158.11 175.69 189.84 193.59 167.01 -9999 -9999 -9999 -9999 -9999 -9999 -9999 -9999 -9999 -9999 -9999 -9999 -9999 -9999 -9999 -9999 -9999 -9999 -9999 -9999 -9999 -9999 -9999 -9999 -9999 -9999 -9999 -9999 -9999 -9999
134.84 124.36 107.59 139.98 154.07 -9999 -9999 -9999 137.96 156.25 141.42 136.09 145.72 152.77 162.61 170.43 165.44 154.15 132.70 128.90 117.52 100.39 131.15 135.20 125.47 145.02 143.38 145.46 174.88 147.70 152.67 172.76 179.62 158.59 161.19 103.70 152.45 158.14 168.06 200.47 173.43 189.36 180.30 180.55 171.12 181.60 -9999 -9999 -9999 -9999 -9999 -9999 -9999 -9999 -9999 -9999 -9999 -9999 -9999 -9999 -9999 -9999 -9999 -9999 -9999 -9999 -9999 -9999 -9999 -9999 -9999 -9999 -9999 -9999 -9999
154.60 129.83 130.97 159.52 224.50 183.43 -9999 -9999 -9999 116.22 114.25 114.91 126.33 125.87 128.49 161.62 160.85 169.61 137.31 129.20 122.58 130.25 120.03 133.57 140.36 162.66 148.96 152.16 123.12 139.96 138.82 151.14 185.05 174.08 148.95 143.12 156.77 144.44 135.16 168.58 141.84 178.04 198.20 182.75 185.59 167.35 162.38 -9999 -9999 -9999 -9999 -9999 -9999 -9999 -9999 -9999 -9999 -9999 -9999 -9999 -9999 -9999 -9999 -9999 -9999 -9999 -9999 -9999 -9999 -9999 -9999 -9999 -9999 -9999 -9999
179.81 137.30 103.96 145.58 240.76 191.61 -9999 -9999 -9999 -9999 -9999 102.85 109.43 112.28 124.33 148.98 154.22 169.40 174.83 169.49 148.00 130.54 134.83 143.70 152.56 197.52 119.13 128.65 128.61 116.05 141.24 155.45 127.57 138.45 127.08 153.70 151.08 149.36 128.34 120.51 132.26 164.02 168.92 165.26 200.65 195.16 171.91 153.81 -9999 -9999 -9999 -9999 -9999 -9999 -9999 -9999 -9999 -9999 -9999 -9999 -9999 -9999 -9999 -9999 -9999 -9999 -9999 -9999 -9999 -9999 -9999 -9999 -9999 -9999 -9999
145.68 -9999 104.30 118.65 220.84 179.91 -9999 -9999 -9999 -9999 -9999 100.16 103.30 115.32 121.03 155.38 152.52 162.56 177.40 178.56 169.79 140.98 149.65 151.70 147.13 160.01 156.74 114.91 186.82 132.59 200.27 157.33 159.94 159.32 128.02 147.50 138.11 130.52 119.36 124.19 157.71 206.48 181.83 177.54 163.87 188.14 196.01 166.62 190.22 133.83 -9999 -9999 -9999 -9999 -9999 -9999 -9999 -9999 -9999 -9999 -9999 -9999 -9999 -9999 -9999 -9999 -9999 -9999 -9999 -9999 -9999 -9999 -9999 -9999 -9999
112.05 -9999 -9999 135.04 159.10 137.14 -9999 -9999 -9999 -9999 -9999 82.65 91.85 92.72 114.53 134.90 142.47 144.20 160.92 174.47 184.63 157.16 154.57 161.50 172.13 208.85 192.28 155.42 203.06 193.07 157.77 160.16 118.53 122.57 133.54 133.92 137.71 153.64 158.79 143.11 152.18 207.54 231.96 239.97 200.35 195.21 201.54 206.31 203.64 158.02 -9999 -9999 -9999 -9999 -9999 -9999 -9999 -9999 -9999 -9999 -9999 -9999 -9999 -9999 -9999 -9999 -9999 -9999 -9999 -9999 -9999 -9999 -9999 -9999 -9999
-9999 -9999 -9999 108.26 113.20 120.22 -9999 -9999 -9999 -9999 -9999 72.06 67.91 80.84 103.71 119.86 131.53 154.70 191.28 212.14 173.93 167.84 138.39 147.41 152.17 174.02 142.71 168.58 186.57 177.53 186.35 191.17 148.25 153.71 132.00 145.21 160.34 155.22 166.69 169.62 181.86 202.74 278.92 276.91 243.58 182.33 194.40 196.05 195.71 172.56 -9999 -9999 -9999 -9999 -9999 -9999 -9999 -9999 -9999 -9999 -9999 -9999 -9999 -9999 -9999 -9999 -9999 -9999 -9999 -9999 -9999 -9999 -9999 -9999 -9999
107.77 -9999 -9999 -9999 -9999 -9999 -9999 -9999 -9999 -9999 90.00 80.51 86.67 95.77 113.76 128.11 133.98 151.78 168.28 207.43 192.39 168.77 185.69 179.53 208.09 214.92 202.41 207.63 234.34 239.12 207.31 196.56 182.88 160.08 155.67 138.45 151.90 173.12 149.91 163.86 188.45 241.10 232.23 274.09 251.59 188.62 187.15 185.04 195.02 175.98 -9999 -9999 -9999 -9999 -9999 -9999 -9999 -9999 -9999 -9999 -9999 -9999 -9999 -9999 -9999 -9999 -9999 -9999 -9999 -9999 -9999 -9999 -9999 -9999 -9999
110.43 -9999 -9999 -9999 -9999 -9999 -9999 -9999 -9999 -9999 115.54 90.83 101.17 136.07 155.23 158.06 147.44 142.44 169.62 149.03 197.59 210.41 199.14 221.55 255.64 229.95 189.30 258.85 218.67 233.44 209.37 189.66 179.65 159.33 137.46 160.21 143.91 145.35 140.44 147.91 195.67 215.85 178.84 217.94 212.45 173.43 174.11 182.86 198.80 161.67 -9999 -9999 -9999 -9999 -9999 -9999 -9999 -9999 -9999 -9999 -9999 -9999 -9999 -9999 -9999 -9999 -9999 -9999 -9999 -9999 -9999 -9999 -9999 -9999 -9999
-9999 -9999 -9999 -9999 -9999 -9999 -9999 -9999 -9999 101.71 118.80 112.89 132.34 156.58 155.98 196.08 232.12 220.86 225.38 217.97 195.05 211.65 222.21 276.68 264.01 228.27 192.17 235.77 274.34 240.54 233.18 198.83 198.60 152.51 161.62 167.71 164.52 148.05 152.01 179.83 228.63 210.05 170.93 159.01 173.20 174.77 214.43 199.54 157.32 177.17 -9999 -9999 -9999 -9999 -9999 -9999 -9999 -9999 -9999 -9999 -9999 -9999 -9999 -9999 -9999 -9999 -9999 -9999 -9999 -9999 -9999 -9999 -9999 -9999 -9999
-9999 -9999 -9999 -9999 -9999 -9999 -9999 -9999 -9999 126.76 126.34 158.39 147.24 170.46 162.54 223.39 242.23 321.34 268.10 226.38 205.29 234.28 238.04 350.73 311.94 210.53 167.89 197.05 261.50 253.62 226.69 237.33 207.47 217.43 219.36 191.70 195.97 189.90 207.10 177.57 199.25 179.86 175.15 183.13 161.76 141.51 159.57 155.92 145.12 152.37 182.20 -9999 -9999 -9999 -9999 -9999 -9999 -9999 -9999 -9999 -9999 -9999 -9999 -9999 -9999 -9999 -9999 -9999 -9999 -9999 -9999 -9999 -9999 -9999 -9999
-9999 -9999 -9999 -9999 -9999 -9999 -9999 -9999 111.92 160.26 175.62 176.26 173.27 165.52 174.93 195.51 263.21 284.94 268.59 238.38 227.54 217.41 202.23 254.68 275.67 234.29 176.46 170.59 214.26 216.82 212.96 239.90 254.65 197.43 220.92 201.07 171.35 211.25 175.58 193.37 188.44 149.95 165.29 181.21 172.35 158.68 126.06 138.16 156.23 167.12 166.81 -9999 -9999 -9999 -9999 -9999 -9999 -9999 -9999 -9999 -9999 -9999 -9999 -9999 -9999 -9999 -9999 -9999 -9999 -9999 -9999 -9999 -9999 -9999 -9999
-9999 -9999 -9999 -9999 -9999 -9999 -9999 -9999 148.35 169.61 182.77 232.04 228.38 209.12 190.94 274.79 241.79 256.96 242.13 244.35 224.50 203.68 201.69 241.31 255.22 246.96 164.30 157.98 171.23 192.05 247.93 298.13 200.33 218.88 221.73 182.10 214.73 176.50 167.23 156.31 140.54 139.97 144.37 132.33 127.45 136.02 121.67 153.31 175.00 192.10 171.50 -9999 -9999 -9999 -9999 -9999 -9999 -9999 -9999 -9999 -9999 -9999 -9999 -9999 -9999 -9999 -9999 -9999 -9999 -9999 -9999 -9999 -9999 -9999 -9999
