Rainfall_2007-2011/Rainfall_2007-07_ACTUAL.txt
ncols         180
nrows         290
xllcorner     -200000
yllcorner     -200000
cellsize      5000
NODATA_value  -9999
[rows 165 to 197 of 290, columns 75 to 149 of 180]
-9999 -9999 -9999 -9999 -9999 -9999 -9999 -9999 -9999 -9999 -9999 -9999 -9999 -9999 -9999 -9999 -9999 -9999 -9999 -9999 -9999 -9999 -9999 -9999 -9999 -9999 -9999 -9999 -9999 -9999 -9999 -9999 125.98 133.48 145.23 146.37 180.87 211.08 226.66 235.14 200.83 189.68 215.48 185.30 144.98 158.55 126.41 114.67 111.11 96.21 98.38 89.15 86.58 89.12 84.75 101.41 92.37 95.63 99.81 105.37 113.50 110.08 114.15 93.94 93.21 100.03 98.64 95.46 -9999 116.89 107.51 89.19 83.84 -9999 -9999
-9999 -9999 -9999 -9999 -9999 -9999 -9999 -9999 -9999 -9999 -9999 -9999 -9999 -9999 -9999 -9999 -9999 -9999 -9999 -9999 -9999 -9999 -9999 -9999 -9999 -9999 -9999 -9999 -9999 -9999 -9999 126.70 130.38 125.50 145.18 162.09 168.48 218.55 213.13 230.72 230.18 216.12 201.44 211.88 208.53 190.30 191.15 132.31 109.33 112.49 93.88 84.15 86.07 84.98 84.76 81.60 91.59 96.55 99.88 101.85 106.12 101.69 97.29 99.50 97.33 115.10 107.02 98.34 107.08 -9999 114.52 100.06 90.28 80.83 -9999
-9999 -9999 -9999 -9999 -9999 -9999 -9999 -9999 -9999 -9999 -9999 -9999 -9999 -9999 -9999 -9999 -9999 -9999 -9999 -9999 -9999 -9999 -9999 -9999 -9999 -9999 -9999 -9999 -9999 -9999 -9999 134.02 182.49 149.02 143.53 188.30 185.95 196.56 219.68 170.57 188.95 208.36 187.65 213.49 188.43 199.47 190.27 136.01 122.52 104.08 84.75 103.27 91.29 90.10 100.57 95.97 95.71 98.77 99.79 96.15 110.76 102.13 96.59 99.68 97.86 85.35 102.02 106.60 104.33 113.55 -9999 -9999 -9999 -9999 -9999
-9999 -9999 -9999 -9999 -9999 -9999 -9999 -9999 -9999 -9999 -9999 -9999 -9999 -9999 -9999 -9999 -9999 -9999 -9999 -9999 -9999 -9999 -9999 -9999 -9999 -9999 -9999 -9999 -9999 -9999 122.81 133.08 135.81 155.65 152.66 132.60 167.30 177.43 172.10 171.84 169.60 178.24 166.88 185.16 216.79 206.63 213.44 170.91 150.02 122.23 96.38 110.89 108.04 100.16 104.79 100.73 99.71 96.51 75.18 94.95 99.10 118.89 101.54 95.52 105.78 120.70 112.73 106.92 103.02 101.17 103.04 118.68 -9999 -9999 -9999
-9999 -9999 -9999 -9999 -9999 -9999 -9999 -9999 -9999 -9999 -9999 -9999 -9999 -9999 -9999 -9999 -9999 -9999 -9999 -9999 -9999 -9999 -9999 -9999 -9999 -9999 -9999 -9999 -9999 -9999 -9999 130.51 133.72 142.93 144.93 158.66 155.78 162.84 148.37 165.35 167.17 150.43 162.20 168.16 179.08 231.94 225.74 199.13 163.04 114.48 111.57 102.81 108.82 84.40 98.41 110.93 101.06 96.39 94.90 95.21 98.30 99.76 100.10 101.25 101.08 109.70 97.88 99.02 118.96 117.42 105.22 113.79 114.18 109.84 -9999
-9999 -9999 -9999 -9999 -9999 -9999 -9999 -9999 -9999 -9999 -9999 -9999 -9999 -9999 -9999 -9999 -9999 -9999 -9999 -9999 -9999 -9999 -9999 -9999 -9999 -9999 -9999 -9999 -9999 -9999 -9999 131.36 149.93 147.68 164.10 150.76 166.96 147.86 137.49 162.66 172.96 145.03 146.51 135.89 167.80 170.97 212.85 221.14 200.24 170.43 104.22 102.32 119.82 118.93 127.08 129.40 111.05 105.78 102.04 104.59 108.30 111.60 101.17 104.78 105.03 108.96 101.32 90.28 114.33 109.75 108.24 116.66 112.79 96.68 -9999
-9999 -9999 -9999 -9999 -9999 -9999 -9999 -9999 -9999 -9999 -9999 120.00 112.19 104.75 105.12 -9999 -9999 -9999 -9999 -9999 -9999 -9999 -9999 -9999 -9999 -9999 -9999 -9999 -9999 -9999 116.19 122.81 131.02 176.86 183.07 167.68 139.23 142.71 137.52 144.43 161.18 150.67 151.31 167.58 176.29 211.20 183.50 203.72 153.41 148.94 134.86 98.33 115.41 107.62 141.77 139.84 117.37 117.32 107.42 111.59 119.56 112.22 96.61 96.31 105.69 106.28 104.30 107.46 108.22 128.63 136.96 135.99 124.10 114.29 126.12
-9999 -9999 -9999 -9999 -9999 -9999 -9999 -9999 -9999 -9999 -9999 124.92 136.43 102.72 99.16 -9999 -9999 -9999 -9999 -9999 -9999 -9999 -9999 -9999 -9999 -9999 -9999 -9999 -9999 125.71 114.74 112.47 160.28 207.31 174.65 153.93 121.11 141.30 129.86 120.10 135.19 126.79 138.19 160.67 179.94 166.90 202.37 205.81 179.60 138.01 125.62 124.05 104.14 97.35 121.72 133.47 120.36 106.64 133.18 109.07 112.82 105.91 100.41 95.68 107.52 108.66 112.34 114.82 137.94 168.82 152.78 191.57 160.42 153.18 138.47
-9999 -9999 -9999 -9999 -9999 -9999 -9999 -9999 -9999 112.23 120.91 110.42 139.68 114.93 114.85 106.98 84.42 93.10 -9999 -9999 70.79 96.76 -9999 -9999 -9999 114.04 137.54 110.33 -9999 104.22 108.89 121.98 130.22 149.16 142.69 154.89 157.84 144.13 130.95 124.86 120.59 124.72 128.04 133.09 192.32 149.86 161.41 188.51 119.50 139.35 163.80 99.92 120.41 104.83 112.74 115.28 111.81 102.27 109.67 108.91 112.27 121.51 101.44 95.49 110.00 114.66 110.94 116.77 144.08 156.85 185.85 185.78 157.50 144.68 124.91
-9999 -9999 -9999 -9999 -9999 -9999 -9999 -9999 -9999 -9999 107.84 108.70 125.51 115.62 116.41 120.62 112.41 106.16 -9999 68.30 91.91 122.28 109.83 101.78 101.95 111.24 134.52 124.38 110.76 -9999 106.75 119.74 113.14 111.35 113.85 120.29 129.68 133.02 133.86 129.36 128.81 115.39 129.85 130.19 158.65 169.78 142.00 160.01 140.51 175.72 134.89 115.49 99.17 98.44 105.32 115.56 108.22 109.97 95.10 112.60 119.14 105.32 105.82 108.38 119.79 115.00 108.96 120.09 148.36 175.16 201.39 187.41 165.41 151.69 143.62
-9999 -9999 -9999 -9999 -9999 -9999 -9999 -9999 -9999 -9999 -9999 109.19 129.38 128.64 128.22 123.72 119.59 131.72 155.57 201.49 121.85 143.77 151.66 131.28 117.31 122.29 102.61 123.75 124.24 111.30 100.84 103.15 122.85 132.28 121.05 110.81 125.05 147.50 137.11 125.45 126.39 127.90 141.16 127.98 179.57 191.42 160.55 145.24 149.05 151.45 116.88 110.35 90.65 99.09 106.44 107.98 102.60 111.32 107.31 119.32 118.09 115.93 113.60 125.76 119.04 114.37 114.47 118.54 141.77 145.56 164.61 181.10 171.49 169.82 151.68
-9999 -9999 -9999 -9999 -9999 -9999 -9999 -9999 -9999 -9999 -9999 -9999 131.56 120.77 196.71 139.31 177.37 186.91 266.65 201.91 110.06 137.61 139.25 144.95 125.51 108.50 95.46 146.28 133.69 121.52 102.59 104.07 120.95 125.61 121.02 120.97 174.50 120.23 147.01 123.44 125.18 123.29 139.59 164.40 170.94 183.74 175.82 195.23 194.50 131.66 126.85 126.44 105.24 102.22 115.51 104.90 98.23 129.12 112.68 130.91 122.94 113.76 119.81 118.35 129.89 122.15 122.24 121.76 123.67 131.81 151.51 176.80 153.29 144.87 145.31
-9999 -9999 -9999 -9999 -9999 -9999 -9999 -9999 -9999 -9999 -9999 -9999 -9999 150.13 154.36 212.02 212.30 315.90 323.08 249.48 176.13 184.39 178.67 168.78 102.69 138.39 120.33 125.93 160.60 125.40 110.92 141.73 139.03 156.56 124.19 122.93 125.76 116.84 111.67 115.33 131.05 132.73 136.65 162.31 175.56 177.84 161.34 163.33 177.89 146.54 210.75 139.58 116.64 99.49 127.43 122.02 117.17 124.47 111.39 132.11 123.32 113.55 122.14 129.81 134.28 124.58 115.08 112.72 98.51 112.75 126.37 131.69 155.53 142.73 145.97
-9999 -9999 -9999 -9999 -9999 -9999 -9999 -9999 -9999 -9999 -9999 -9999 -9999 151.56 168.97 235.15 297.92 444.33 416.86 248.11 185.00 165.30 227.01 216.82 193.07 160.11 155.53 113.09 160.22 166.47 160.76 126.24 142.56 139.98 135.50 125.13 118.93 108.75 103.85 125.06 140.46 138.08 143.48 161.17 161.87 159.62 151.40 157.20 161.80 161.62 119.99 126.17 120.24 88.96 116.26 121.86 129.35 130.82 117.38 124.86 137.56 132.44 128.70 130.27 130.20 125.66 117.36 113.40 97.25 109.59 127.23 142.72 138.35 140.38 150.88
-9999 -9999 -9999 -9999 -9999 -9999 -9999 -9999 -9999 -9999 -9999 -9999 -9999 164.25 179.95 271.14 326.19 496.51 423.17 281.44 279.33 190.27 233.72 286.94 201.97 216.90 185.55 150.72 181.22 170.20 153.86 124.98 135.03 151.51 151.98 119.50 112.54 126.60 109.77 129.18 137.68 157.77 155.19 154.69 143.97 171.11 176.15 155.31 147.53 130.81 142.67 138.30 114.67 131.89 134.62 141.51 145.49 148.50 142.51 115.42 128.99 120.24 120.91 129.39 132.40 119.50 121.92 120.10 120.54 124.43 135.74 144.55 137.35 140.96 148.01
-9999 -9999 -9999 -9999 -9999 -9999 -9999 -9999 -9999 -9999 -9999 -9999 173.92 263.33 220.50 293.43 326.36 285.40 385.23 370.50 322.57 266.19 264.79 236.31 216.26 167.98 192.04 189.79 198.64 175.67 158.83 124.54 125.44 147.54 142.62 118.60 112.29 124.20 129.98 133.35 147.65 151.46 160.62 148.04 153.97 123.67 153.82 162.79 121.35 121.47 122.93 128.37 114.91 116.11 144.95 130.61 148.00 159.28 151.64 116.85 120.19 125.52 128.84 123.93 126.35 113.35 120.63 132.99 132.19 131.19 138.79 154.07 152.16 180.26 -9999
-9999 -9999 -9999 -9999 -9999 -9999 -9999 -9999 -9999 -9999 130.66 144.13 173.50 180.01 185.04 230.83 266.00 230.21 271.37 320.90 323.08 287.33 261.26 238.73 218.63 151.96 171.83 192.35 131.66 133.84 137.38 130.05 131.46 106.30 125.15 107.78 123.05 141.89 150.25 169.37 149.51 157.37 166.02 158.15 155.52 143.03 135.94 131.75 130.66 122.56 123.18 132.05 130.13 128.89 128.24 133.81 149.22 139.19 142.64 117.06 112.31 130.32 125.15 127.50 134.13 128.66 129.46 140.97 147.20 143.71 147.19 179.98 131.74 -9999 -9999
-9999 -9999 -9999 -9999 -9999 -9999 -9999 -9999 -9999 123.70 127.74 154.28 160.17 157.18 163.87 186.41 180.89 204.38 221.71 272.58 289.94 337.99 227.13 163.64 182.61 156.61 216.97 239.97 198.82 152.64 157.07 139.25 130.65 119.54 132.20 126.73 112.09 128.02 138.47 153.25 161.46 145.67 160.35 170.34 147.02 126.00 149.67 139.10 130.63 139.25 146.14 129.01 128.49 141.84 142.84 127.77 140.49 138.48 129.39 111.47 117.73 114.70 109.27 129.35 139.29 139.85 137.04 132.92 138.46 147.94 143.34 140.32 120.60 -9999 -9999
-9999 -9999 -9999 -9999 -9999 -9999 -9999 -9999 177.10 157.39 139.94 150.62 -9999 -9999 -9999 -9999 164.44 257.00 303.58 264.77 279.03 273.45 250.53 238.55 243.50 198.12 297.30 263.88 195.81 195.11 186.63 140.31 156.92 154.96 147.05 139.68 117.50 128.60 137.84 130.63 158.49 138.64 135.33 143.16 135.40 124.10 133.41 127.39 111.90 116.49 128.38 125.77 115.64 140.95 133.51 126.40 126.05 123.65 122.86 102.28 124.52 116.25 108.71 110.91 140.60 131.59 126.36 145.15 132.70 132.15 131.26 130.68 128.12 111.92 -9999
-9999 -9999 -9999 -9999 -9999 -9999 -9999 -9999 121.14 180.32 132.82 127.01 -9999 -9999 -9999 -9999 172.42 239.94 330.68 272.97 298.79 311.61 300.30 263.72 258.93 213.99 283.34 177.63 180.75 179.63 166.51 168.84 159.08 140.73 162.06 150.05 143.80 132.30 149.48 123.12 121.59 135.66 125.76 130.24 109.08 108.67 113.36 118.32 130.18 121.91 103.50 123.76 142.19 139.82 125.67 142.35 140.83 132.59 127.59 121.17 136.09 132.54 113.74 115.49 135.86 115.90 122.88 131.43 130.56 131.31 129.95 122.94 126.56 128.08 113.84
-9999 -9999 -9999 -9999 -9999 -9999 -9999 -9999 -9999 -9999 -9999 -9999 -9999 -9999 -9999 -9999 143.14 262.76 286.77 249.87 296.08 296.28 344.05 257.56 207.17 233.01 225.82 209.17 198.11 170.75 166.02 161.73 170.81 210.81 177.36 147.79 135.33 133.95 118.01 131.84 132.17 128.29 125.59 135.93 110.77 100.76 75.05 103.57 126.97 130.85 118.01 143.62 149.79 133.31 130.41 129.21 129.27 123.82 133.57 120.33 120.46 119.76 129.80 120.13 147.72 131.63 120.04 124.45 121.16 129.97 133.24 117.35 113.36 109.75 96.01
-9999 -9999 -9999 -9999 -9999 -9999 -9999 -9999 -9999 -9999 -9999 -9999 -9999 -9999 -9999 -9999 -9999 319.39 221.88 228.82 291.36 347.11 345.64 320.28 289.45 208.08 216.90 210.48 148.67 166.72 164.53 156.46 196.58 204.08 188.54 163.24 145.10 167.87 156.69 142.33 124.24 125.06 131.52 117.44 145.79 123.97 100.15 101.43 113.21 117.57 122.22 133.95 145.00 137.37 147.19 161.82 148.63 128.22 114.31 107.85 112.73 110.35 130.39 138.58 139.03 118.58 106.83 128.67 118.41 125.78 129.90 109.78 106.00 88.58 92.71
-9999 -9999 -9999 -9999 -9999 -9999 -9999 -9999 -9999 -9999 -9999 -9999 -9999 -9999 -9999 -9999 -9999 233.59 334.26 378.34 351.43 336.54 298.64 315.43 292.10 192.40 144.32 154.66 193.74 160.94 168.67 187.72 173.36 201.08 166.82 151.24 149.65 155.95 154.71 151.32 120.43 122.52 125.82 119.59 166.93 153.61 124.05 139.92 110.52 116.81 119.71 136.07 145.95 148.23 182.94 165.95 133.46 120.50 121.69 127.54 125.46 122.83 127.69 134.31 126.87 111.17 109.08 127.61 117.94 112.05 104.04 98.93 93.74 90.63 90.14
-9999 -9999 -9999 -9999 -9999 -9999 -9999 -9999 -9999 -9999 -9999 -9999 -9999 -9999 -9999 -9999 214.59 242.83 289.18 381.27 338.68 280.44 301.11 272.91 240.02 229.38 161.78 153.22 204.47 162.59 211.35 166.78 156.47 147.57 167.27 154.22 158.32 176.57 176.12 157.69 128.00 124.39 131.46 122.59 130.22 154.40 131.48 110.88 109.39 113.87 121.92 146.81 140.70 134.90 133.80 143.03 159.85 133.04 136.77 135.79 135.20 151.59 110.74 111.97 111.15 112.11 108.79 117.24 107.52 102.37 96.54 98.83 92.39 90.63 87.99
-9999 -9999 -9999 -9999 -9999 -9999 -9999 -9999 -9999 -9999 -9999 -9999 -9999 -9999 -9999 -9999 177.78 207.36 316.27 289.67 261.25 240.35 250.33 268.08 270.52 208.70 188.74 188.81 182.59 131.98 151.35 158.26 134.37 175.81 152.09 152.34 159.73 157.11 182.32 166.42 143.00 138.65 137.27 131.56 149.60 147.15 143.91 133.79 113.24 113.51 122.61 130.84 125.66 121.58 144.57 161.44 151.18 154.85 124.99 143.87 123.15 120.96 115.24 104.04 105.84 82.06 94.28 103.31 94.76 104.34 78.42 81.96 84.38 90.70 83.57
-9999 -9999 -9999 -9999 -9999 -9999 -9999 -9999 -9999 -9999 -9999 -9999 -9999 -9999 -9999 -9999 146.23 203.56 200.35 270.02 226.73 226.42 236.26 282.82 248.27 248.56 259.38 185.35 158.55 161.15 157.62 177.65 191.58 209.31 173.40 180.93 167.31 158.47 163.79 150.60 152.85 139.62 137.07 142.88 143.31 145.96 153.07 151.33 134.83 126.55 130.74 115.88 117.71 124.55 127.01 151.03 148.21 113.14 114.60 119.77 113.49 102.06 90.09 96.08 100.31 89.90 92.05 89.19 91.45 92.83 70.12 85.88 79.13 82.10 88.94
-9999 -9999 -9999 -9999 -9999 -9999 -9999 -9999 -9999 -9999 -9999 -9999 -9999 -9999 -9999 -9999 -9999 105.63 220.00 290.40 303.38 321.23 240.24 240.49 203.70 171.61 166.68 149.09 151.43 193.78 135.33 166.26 158.27 218.25 177.32 183.08 166.07 174.93 177.37 143.35 140.46 135.51 137.07 169.93 156.46 154.23 140.79 138.63 130.08 126.94 146.69 136.00 128.92 141.58 135.96 150.89 138.79 119.12 100.54 98.60 92.37 94.04 81.48 89.81 90.74 78.37 65.25 77.59 87.79 88.92 71.67 73.48 74.55 76.11 73.60
-9999 -9999 -9999 -9999 -9999 -9999 -9999 -9999 -9999 -9999 -9999 -9999 -9999 -9999 -9999 -9999 -9999 204.11 260.90 295.30 339.77 392.94 285.37 258.69 207.06 190.46 183.94 166.90 186.33 199.10 168.42 148.27 155.37 190.40 184.75 189.89 225.25 193.77 203.23 158.12 156.44 139.45 139.28 156.44 176.02 178.08 142.94 135.47 168.84 145.21 161.05 149.32 141.47 146.68 156.52 158.34 136.42 108.20 85.91 87.55 96.85 99.00 93.05 81.75 86.73 73.09 70.84 81.48 80.15 80.00 72.07 61.07 63.09 62.43 65.13
-9999 -9999 -9999 -9999 -9999 -9999 -9999 -9999 -9999 -9999 -9999 -9999 -9999 -9999 -9999 -9999 168.54 187.89 247.31 290.16 307.10 360.35 289.93 238.65 248.02 290.19 232.01 216.76 191.48 155.27 154.12 175.43 185.94 180.43 183.94 190.01 178.78 212.41 182.18 155.95 180.55 157.42 153.71 167.72 146.12 178.82 167.48 147.31 149.83 161.57 153.18 144.85 202.63 149.61 173.28 146.63 121.81 115.51 111.00 82.32 89.02 90.89 92.18 90.48 81.32 72.70 83.58 94.63 79.71 76.90 73.36 67.28 58.41 54.36 72.19
-9999 -9999 -9999 -9999 -9999 -9999 -9999 -9999 -9999 -9999 -9999 -9999 -9999 -9999 -9999 -9999 190.59 214.24 218.43 225.85 276.02 350.60 339.96 271.54 192.31 199.32 224.33 229.97 239.45 176.21 198.67 190.94 165.58 203.56 157.02 178.64 160.27 187.65 156.69 167.35 176.34 149.69 149.94 179.16 184.08 182.14 186.98 153.54 149.59 150.27 135.55 135.46 129.84 130.54 110.24 140.98 112.96 117.70 114.04 94.69 93.81 86.29 88.26 89.06 87.86 84.51 80.69 88.30 82.96 75.40 71.12 70.87 64.58 70.35 96.59
-9999 -9999 -9999 -9999 -9999 -9999 -9999 -9999 -9999 -9999 -9999 -9999 -9999 -9999 -9999 -9999 185.68 205.95 187.84 235.33 261.29 317.70 317.71 269.79 178.63 200.16 215.75 199.87 209.23 199.22 189.59 163.50 190.69 177.61 210.35 160.53 181.04 181.71 181.77 200.65 175.92 169.21 162.63 169.33 169.02 174.19 183.84 168.93 155.16 161.44 143.79 136.52 130.18 141.53 140.15 107.35 113.38 104.33 115.77 90.55 85.05 100.61 93.75 90.43 80.24 87.01 85.16 85.88 88.49 99.68 70.89 65.17 64.93 71.02 83.54
-9999 -9999 -9999 -9999 -9999 -9999 -9999 -9999 -9999 -9999 -9999 -9999 -9999 -9999 -9999 175.35 185.95 217.89 207.51 199.76 272.12 275.18 268.14 203.08 166.53 159.23 195.93 200.03 230.48 193.68 187.74 192.10 192.98 182.12 201.01 171.68 206.45 206.85 197.63 193.31 178.19 177.39 151.71 160.22 193.19 185.62 176.52 182.64 170.81 172.75 164.19 154.72 143.77 133.36 117.87 109.63 120.41 111.79 103.92 81.90 82.74 87.35 78.25 70.58 75.26 86.54 82.34 92.67 89.01 85.52 68.41 62.21 60.21 68.80 69.32
-9999 -9999 -9999 -9999 -9999 -9999 -9999 -9999 -9999 -9999 -9999 -9999 -9999 -9999 199.20 178.49 174.51 173.26 170.61 215.87 260.56 275.96 246.41 232.71 181.22 198.02 194.48 177.95 235.11 183.64 183.49 167.83 196.92 200.29 196.42 170.83 213.81 185.22 215.89 223.29 200.98 182.07 167.79 181.15 208.49 182.27 175.34 187.56 185.74 186.68 192.21 175.31 149.62 140.62 127.93 109.56 128.60 113.84 100.90 71.42 58.85 66.65 68.50 70.64 86.96 84.93 83.53 96.10 84.13 74.47 72.35 56.83 59.29 66.73 69.64
