Rainfall_2007-2011/Rainfall_2009-07_ACTUAL.txt
ncols         180
nrows         290
xllcorner     -200000
yllcorner     -200000
cellsize      5000
NODATA_value  -9999
[rows 198 to 230 of 290, columns 75 to 149 of 180]
-9999 -9999 -9999 -9999 -9999 -9999 -9999 -9999 -9999 -9999 -9999 -9999 178.63 173.74 203.51 209.71 224.99 234.31 211.28 256.55 269.13 325.73 286.35 238.54 223.48 150.56 217.02 164.46 167.03 143.68 133.40 140.18 132.96 138.09 103.08 103.95 150.65 128.40 141.05 123.74 110.44 124.91 131.00 126.24 127.20 124.10 131.04 125.55 138.13 114.47 110.80 114.48 98.67 97.83 109.72 105.68 88.55 94.58 90.03 92.14 100.64 72.78 53.50 78.39 84.27 85.25 84.92 85.87 93.54 83.44 76.60 77.01 79.09 98.67 103.49
-9999 -9999 -9999 -9999 -9999 -9999 -9999 -9999 159.75 130.96 139.80 218.30 226.97 221.27 248.09 222.48 252.70 246.42 295.12 272.04 280.69 292.10 277.32 230.99 205.89 168.86 203.86 172.98 197.68 165.81 136.49 134.19 136.27 129.04 130.02 99.79 144.05 147.24 142.47 110.24 102.16 130.09 146.27 123.72 120.47 126.68 129.82 121.30 107.54 119.88 120.72 112.58 93.22 100.32 110.38 99.67 92.52 100.98 89.13 86.01 107.85 87.48 70.53 81.28 111.00 81.90 80.59 87.21 85.74 80.05 87.70 82.12 79.37 94.15 95.82
-9999 -9999 -9999 -9999 -9999 -9999 -9999 206.64 183.41 194.63 192.24 172.04 226.36 222.86 251.93 243.33 248.90 286.54 301.37 341.50 283.80 319.89 289.18 231.44 260.18 186.61 153.56 222.57 158.89 134.12 94.13 116.81 123.75 141.08 134.49 119.97 128.39 142.24 145.14 116.54 124.12 123.23 130.06 121.23 117.53 118.99 121.50 107.92 106.58 112.19 121.07 108.93 113.46 102.42 102.35 99.55 99.02 94.28 78.87 72.29 89.35 95.57 83.75 85.02 89.70 85.24 83.38 78.87 73.53 71.12 87.40 82.93 75.95 82.14 85.53
-9999 -9999 -9999 -9999 -9999 -9999 199.42 205.63 180.82 180.52 198.05 221.05 245.32 277.52 256.07 257.16 350.48 304.53 271.13 341.79 253.44 293.49 284.26 296.86 258.62 233.18 198.23 174.68 156.24 106.89 155.75 160.22 113.80 125.68 121.54 125.85 124.60 155.02 162.40 150.82 140.90 114.57 114.26 112.93 119.21 125.55 117.36 95.36 105.92 105.16 104.94 94.74 87.02 99.04 94.76 104.10 103.70 84.78 79.65 89.73 85.54 78.25 68.52 81.26 79.69 64.52 76.84 90.94 87.46 81.32 90.85 85.33 69.55 83.44 86.41
-9999 -9999 160.65 197.30 188.75 246.84 236.40 254.03 295.36 241.35 224.98 286.33 272.32 325.77 333.34 412.37 366.78 306.99 292.05 313.35 301.37 295.95 316.53 311.30 271.31 209.35 240.16 191.85 148.81 174.55 179.24 141.61 139.13 135.85 133.77 114.92 123.87 159.36 148.96 168.55 121.34 109.39 111.99 113.73 132.31 109.71 97.27 104.64 90.35 97.71 98.45 100.57 89.57 90.08 89.49 94.35 86.00 76.71 77.73 94.25 91.79 76.86 73.45 81.38 80.62 81.13 86.82 89.11 89.12 83.20 79.44 88.84 81.13 91.35 83.45
-9999 193.93 218.74 231.10 239.09 302.92 354.09 355.25 350.73 260.68 271.43 302.50 326.58 289.69 302.41 395.56 358.48 350.85 274.06 266.17 277.82 271.81 312.92 279.76 279.66 247.06 212.09 214.93 213.93 286.75 218.11 155.40 126.78 144.31 148.41 148.81 119.11 132.55 126.83 129.17 118.62 113.66 114.68 115.67 102.12 88.13 116.46 108.59 105.99 90.57 98.26 106.16 89.44 94.18 89.74 93.59 89.58 90.96 76.03 85.78 103.98 75.86 77.27 86.81 85.89 74.83 77.06 77.73 83.88 90.16 94.91 96.46 90.71 91.02 80.76
200.35 208.60 227.33 227.73 240.30 285.10 306.09 289.44 280.21 304.68 264.78 306.35 287.53 283.83 328.18 422.41 326.72 309.33 245.86 277.63 330.20 295.49 312.86 263.78 276.03 200.61 198.31 178.11 270.96 283.27 240.64 174.40 154.86 180.63 180.56 160.49 138.01 134.04 121.18 136.56 114.08 117.23 118.80 127.96 92.45 96.10 108.75 110.96 103.65 86.65 86.71 92.91 94.11 94.60 89.33 86.77 79.70 89.83 79.27 85.54 87.31 83.17 78.66 92.91 85.76 78.47 74.86 78.74 92.32 82.50 94.08 94.77 105.11 86.73 86.49
-9999 192.28 201.49 232.18 232.67 235.88 223.12 258.30 251.75 282.89 314.66 294.23 304.38 267.08 277.96 300.49 300.99 320.47 363.49 366.55 437.37 561.62 414.44 352.70 283.34 335.18 339.85 215.76 187.41 345.65 248.66 191.73 181.79 212.89 184.03 154.58 150.42 160.21 146.61 145.07 114.24 116.18 131.36 114.48 110.39 118.71 125.07 96.62 105.49 98.96 87.27 76.11 89.44 91.24 86.46 78.03 75.66 97.57 76.18 82.69 82.41 84.35 83.73 81.09 78.84 80.66 79.99 79.75 75.17 97.22 73.07 60.80 75.45 73.72 69.28
-9999 -9999 225.95 214.44 215.97 229.41 215.60 216.22 233.07 250.80 257.43 260.01 265.06 241.29 294.95 305.66 382.80 340.61 394.93 423.85 456.84 502.31 515.95 413.03 402.02 452.55 332.36 303.22 222.87 169.42 217.84 227.69 177.19 221.68 174.60 200.70 175.35 175.62 137.25 125.82 115.05 125.16 131.69 132.04 142.03 137.14 126.18 109.17 110.15 112.99 90.23 97.67 90.90 82.07 84.30 81.96 78.16 86.02 75.01 72.43 77.19 85.71 83.81 82.25 88.42 88.78 84.51 72.12 80.08 74.84 58.09 57.72 69.05 66.83 67.97
-9999 196.53 210.33 198.84 200.84 216.69 240.10 267.68 272.63 240.97 240.35 237.71 221.26 232.37 297.49 286.78 353.26 320.49 337.86 356.53 407.92 395.63 415.55 362.79 373.52 332.84 319.56 291.25 213.39 227.60 286.41 206.95 248.59 181.10 220.04 204.48 194.58 171.31 191.62 122.05 118.76 125.88 164.07 161.99 138.74 133.28 100.42 105.66 107.94 121.50 104.98 100.02 88.53 84.10 86.84 85.70 85.37 123.74 81.34 78.44 82.36 79.72 68.71 70.15 93.14 76.72 81.48 74.58 64.32 64.26 62.64 72.85 73.33 69.08 64.30
156.55 169.79 210.66 230.63 225.39 226.79 235.07 234.81 221.42 208.71 206.56 199.41 207.47 190.95 247.97 344.21 332.81 404.54 399.55 407.61 497.52 424.53 321.44 318.52 277.11 254.58 273.34 300.83 236.73 224.08 262.22 181.23 193.65 190.95 188.93 208.49 199.51 179.65 130.17 109.33 110.12 122.05 139.11 152.09 122.16 115.71 102.23 111.09 108.72 108.07 110.48 102.28 92.13 82.54 89.83 74.90 81.75 90.26 83.43 80.46 82.92 76.89 63.71 65.61 90.00 82.10 80.75 76.69 76.24 67.52 65.65 74.95 76.48 70.04 72.50
-9999 -9999 197.25 224.52 236.13 236.04 226.67 234.61 -9999 -9999 -9999 -9999 194.99 200.68 262.82 309.23 342.53 375.46 357.22 349.06 426.33 397.55 486.69 468.01 339.53 266.70 251.96 291.75 274.39 257.38 219.41 191.46 177.56 163.98 178.54 167.75 171.25 151.31 133.04 96.11 110.31 139.96 127.77 137.69 118.61 105.70 89.50 89.57 86.82 84.40 97.76 105.36 106.89 84.28 76.81 77.36 78.23 81.97 90.33 85.93 89.46 132.49 97.87 88.81 97.48 101.47 78.62 71.01 70.56 79.07 74.37 74.17 67.39 67.20 66.12
-9999 -9999 200.40 222.60 224.35 205.97 229.42 181.24 -9999 -9999 -9999 -9999 -9999 -9999 -9999 302.77 391.44 378.19 292.50 310.05 396.51 484.78 476.63 484.52 418.66 335.08 278.23 281.58 193.11 261.74 291.35 211.64 176.51 216.83 197.15 186.89 130.34 120.63 125.27 111.37 122.23 129.89 118.00 119.57 106.77 87.95 85.77 85.18 89.04 78.94 87.27 119.28 109.66 80.13 62.11 66.88 74.81 82.95 94.20 82.04 93.81 92.33 110.73 99.24 98.91 88.57 76.88 66.11 65.95 65.35 71.73 72.05 72.23 64.04 72.92
-9999 -9999 -9999 -9999 197.18 -9999 -9999 -9999 -9999 -9999 -9999 -9999 -9999 203.67 235.49 283.90 315.84 254.26 254.01 268.97 344.47 429.35 467.03 492.60 385.47 298.11 273.61 291.90 228.75 241.05 234.89 182.43 158.93 170.38 162.77 160.33 129.41 115.07 119.75 104.26 123.03 122.66 128.61 123.07 109.46 94.69 91.77 90.08 93.42 84.95 73.77 78.29 79.24 69.73 55.90 76.29 78.33 73.28 83.32 96.56 86.31 102.78 88.93 95.98 87.48 79.48 86.14 66.75 64.35 68.50 77.69 72.91 71.76 98.15 86.04
-9999 -9999 -9999 -9999 -9999 -9999 -9999 -9999 -9999 -9999 -9999 -9999 -9999 200.29 222.90 239.45 247.97 205.90 -9999 -9999 241.89 366.08 355.43 362.98 314.96 297.06 279.10 295.12 230.16 206.71 227.87 185.13 157.03 143.66 183.43 139.85 131.63 130.10 117.66 116.10 120.53 111.42 110.33 104.44 141.18 112.01 97.25 84.41 86.79 84.32 75.29 72.15 88.29 82.28 77.66 73.73 77.91 80.27 88.95 71.32 89.23 85.52 83.07 90.28 85.16 72.89 76.22 78.98 63.97 64.45 74.44 78.97 70.54 67.15 71.24
-9999 -9999 -9999 -9999 -9999 -9999 -9999 -9999 -9999 -9999 -9999 -9999 -9999 -9999 -9999 -9999 -9999 -9999 -9999 -9999 215.90 247.44 311.68 273.09 273.13 263.72 251.98 233.84 210.00 210.27 186.25 175.38 168.28 144.16 -9999 136.48 131.26 139.62 142.48 123.49 116.74 100.72 115.42 110.08 104.01 92.47 101.73 90.36 88.96 97.06 90.32 83.81 86.91 100.26 90.22 82.67 84.71 75.51 78.98 84.35 89.46 81.40 74.98 68.89 63.13 68.85 79.07 87.37 61.89 65.83 64.01 68.53 65.81 63.42 61.37
-9999 -9999 -9999 -9999 -9999 -9999 -9999 -9999 -9999 -9999 -9999 -9999 -9999 -9999 -9999 -9999 -9999 -9999 -9999 -9999 -9999 216.77 242.63 236.99 262.66 241.52 212.58 208.20 195.90 200.08 -9999 -9999 -9999 -9999 152.28 127.73 133.14 141.13 138.48 134.21 134.63 115.19 113.75 114.87 96.86 91.06 108.94 113.94 97.19 105.91 93.75 92.49 92.32 113.99 110.03 86.78 85.40 72.43 73.44 67.93 79.55 80.78 68.72 61.05 52.19 65.35 71.96 73.52 57.23 59.61 64.36 61.10 49.86 70.75 68.25
-9999 -9999 -9999 -9999 -9999 -9999 -9999 -9999 -9999 -9999 -9999 -9999 -9999 -9999 -9999 -9999 -9999 -9999 -9999 -9999 -9999 -9999 229.59 252.59 240.69 229.26 208.91 196.31 192.01 -9999 -9999 -9999 -9999 139.28 181.72 166.84 120.97 126.79 136.80 154.12 136.55 116.97 117.15 112.98 129.65 114.98 118.93 93.11 109.24 108.67 98.18 101.06 87.65 98.41 95.53 82.55 77.01 88.70 70.60 63.36 76.06 72.77 69.20 68.57 64.38 67.13 65.68 69.45 64.73 64.70 65.83 69.15 65.62 67.55 63.34
-9999 -9999 -9999 -9999 -9999 -9999 -9999 -9999 -9999 -9999 -9999 -9999 -9999 -9999 -9999 -9999 -9999 -9999 -9999 -9999 -9999 -9999 -9999 209.22 182.65 219.65 200.84 179.04 169.75 -9999 -9999 -9999 153.32 155.96 162.14 159.44 142.78 131.89 126.58 141.42 112.94 120.67 118.24 106.02 142.44 141.78 129.75 111.82 114.26 117.18 96.77 90.94 86.07 90.02 89.44 73.86 79.09 87.48 93.82 77.04 69.89 69.30 73.88 63.37 74.12 60.37 66.52 67.40 68.64 64.48 69.52 67.58 69.19 67.36 75.31
-9999 -9999 -9999 -9999 -9999 -9999 -9999 -9999 -9999 -9999 -9999 -9999 -9999 -9999 -9999 -9999 -9999 -9999 -9999 -9999 -9999 -9999 -9999 -9999 -9999 -9999 -9999 -9999 -9999 -9999 -9999 176.96 165.15 163.26 149.88 149.47 154.73 133.77 135.11 126.74 117.45 108.64 95.95 96.38 110.83 121.46 109.04 103.26 98.34 104.81 104.81 114.75 103.48 90.42 91.63 88.65 85.71 101.03 104.48 106.99 78.18 64.28 68.13 76.29 79.04 72.34 73.10 71.86 84.77 67.40 84.45 68.90 74.08 82.87 81.83
-9999 -9999 -9999 -9999 -9999 -9999 -9999 -9999 -9999 -9999 -9999 -9999 -9999 -9999 -9999 -9999 -9999 -9999 -9999 -9999 -9999 -9999 -9999 -9999 -9999 -9999 -9999 -9999 -9999 -9999 -9999 135.46 165.69 160.45 202.28 182.00 138.78 132.81 135.17 131.66 120.26 99.87 98.92 93.90 81.98 92.43 89.36 99.54 99.11 114.01 117.74 103.53 100.09 109.48 93.92 82.77 80.25 83.56 80.78 84.00 78.74 77.30 76.70 77.34 76.91 73.52 75.56 76.87 78.47 85.85 81.30 77.57 83.74 104.91 88.83
-9999 -9999 -9999 -9999 -9999 -9999 -9999 -9999 -9999 -9999 -9999 -9999 -9999 -9999 -9999 -9999 -9999 -9999 -9999 -9999 -9999 -9999 -9999 -9999 -9999 -9999 -9999 -9999 -9999 -9999 -9999 108.23 133.84 141.05 156.75 196.23 185.19 165.49 151.66 128.18 122.90 117.35 108.90 127.35 139.47 98.87 105.44 122.50 98.34 92.88 97.15 100.69 108.70 99.14 96.26 81.53 90.71 87.58 81.32 75.61 77.22 75.89 86.52 92.27 70.27 75.10 83.05 87.40 84.37 83.66 97.14 91.72 87.46 93.11 97.15
-9999 -9999 -9999 -9999 -9999 -9999 -9999 -9999 -9999 -9999 -9999 -9999 -9999 -9999 225.33 232.12 246.01 296.29 282.38 287.67 212.69 222.19 132.38 211.11 148.13 -9999 -9999 -9999 -9999 -9999 -9999 125.32 141.68 160.54 139.59 159.86 175.63 196.17 184.74 139.19 130.76 121.57 116.32 162.47 134.62 92.53 99.45 115.86 97.79 84.30 82.82 82.26 85.06 85.89 81.84 89.51 95.72 101.76 95.56 73.45 84.48 88.12 73.78 75.54 79.58 81.26 92.51 91.24 80.66 77.22 100.55 97.81 96.44 77.04 61.64
-9999 -9999 -9999 -9999 -9999 -9999 -9999 -9999 -9999 -9999 -9999 -9999 -9999 -9999 280.14 329.15 309.77 222.49 310.80 359.57 291.48 287.63 259.34 213.62 171.98 122.82 135.43 173.63 154.87 131.41 155.99 146.99 130.15 170.29 146.17 147.15 156.09 185.28 172.59 176.51 133.15 153.61 153.51 129.76 128.92 112.39 98.73 108.32 94.04 84.62 74.55 74.39 78.06 69.39 109.13 97.44 96.59 88.83 108.11 107.81 87.85 85.08 74.90 74.18 81.07 89.64 116.02 104.26 93.50 90.11 92.40 95.20 79.47 78.93 74.31
-9999 -9999 -9999 -9999 -9999 -9999 -9999 -9999 -9999 -9999 -9999 -9999 -9999 218.52 252.33 270.11 253.95 232.89 280.07 346.15 304.23 320.11 279.19 245.62 219.03 163.65 148.49 147.85 242.89 122.89 123.09 126.40 137.47 144.72 157.46 144.88 150.67 149.80 157.30 166.60 191.15 160.77 167.88 141.46 109.90 109.22 102.28 97.14 95.25 79.18 64.36 69.06 68.69 79.01 91.75 92.15 94.98 104.45 104.38 98.52 79.00 78.66 88.04 82.67 60.08 97.68 89.05 99.57 92.67 84.90 94.78 89.45 81.59 81.43 72.85
-9999 -9999 -9999 -9999 -9999 -9999 -9999 -9999 -9999 -9999 -9999 -9999 -9999 -9999 227.55 236.70 190.74 210.21 233.08 279.48 291.26 296.13 255.73 225.86 234.77 229.93 184.68 172.04 122.04 144.15 125.58 117.22 120.76 126.95 151.85 164.91 145.66 129.15 149.30 158.66 168.86 161.63 149.26 136.52 114.97 102.96 111.02 97.46 91.85 79.77 80.76 76.90 82.15 89.51 99.41 94.72 97.86 108.75 111.74 92.70 83.27 83.07 98.40 98.28 85.55 86.04 83.09 78.00 84.08 95.75 91.70 83.37 96.35 97.57 86.85
-9999 -9999 -9999 -9999 -9999 -9999 -9999 -9999 -9999 -9999 201.49 -9999 -9999 213.69 213.90 206.59 184.42 188.60 204.51 210.20 216.42 229.81 241.53 368.89 219.87 213.92 190.93 145.09 131.71 119.73 114.56 106.94 109.49 139.66 137.51 137.10 149.23 127.91 161.77 163.15 147.39 128.57 126.20 121.68 102.56 127.01 110.22 81.66 72.40 74.71 78.81 77.75 97.73 92.03 90.90 100.37 93.95 105.56 100.00 111.89 100.36 89.78 87.71 90.54 86.51 83.77 92.78 84.17 86.10 70.74 79.94 84.94 89.57 78.92 74.27
-9999 -9999 -9999 -9999 -9999 -9999 -9999 -9999 -9999 241.31 276.80 285.78 311.35 240.26 222.66 242.19 198.88 168.40 194.04 179.94 230.26 218.96 227.52 237.18 193.68 181.40 157.17 152.73 138.28 142.66 121.74 101.86 101.53 108.75 121.56 122.07 123.84 134.16 132.63 129.95 137.46 136.78 131.98 127.46 123.78 143.06 99.75 94.21 78.90 65.07 85.44 89.83 85.28 92.17 97.73 93.99 99.06 91.37 86.47 81.81 108.27 90.09 82.98 86.02 84.16 91.65 92.51 81.24 80.42 77.75 78.64 74.94 86.13 70.83 77.07
-9999 -9999 -9999 -9999 -9999 -9999 -9999 -9999 -9999 278.06 295.03 285.86 282.42 272.63 266.64 224.05 207.64 238.25 221.43 211.65 225.42 191.24 228.35 195.80 191.90 185.68 168.68 174.71 211.55 176.07 128.00 125.79 104.56 123.92 132.99 130.30 127.35 127.45 122.15 127.15 124.01 111.85 115.95 105.62 115.99 91.57 87.69 98.37 92.85 81.87 76.96 77.36 65.09 80.22 71.79 80.81 92.11 92.43 89.92 94.34 101.99 107.88 92.07 90.96 88.01 93.43 99.12 90.30 80.94 86.98 83.15 82.23 85.90 81.40 74.15
-9999 -9999 -9999 -9999 -9999 -9999 -9999 -9999 -9999 293.46 320.73 306.00 292.51 265.97 232.52 218.75 220.04 209.12 188.97 190.89 203.32 184.77 202.52 220.86 189.81 185.20 168.01 186.27 185.35 193.80 158.46 144.56 120.97 138.85 120.85 121.53 113.87 123.29 118.22 123.19 123.49 109.81 123.85 93.46 115.95 103.24 96.98 97.35 77.26 85.64 82.24 73.21 64.43 65.34 85.17 82.31 92.29 77.32 85.80 88.92 95.39 100.81 109.14 104.59 116.46 78.09 123.49 105.36 95.58 93.65 122.54 121.60 110.91 64.84 61.50
-9999 -9999 -9999 -9999 -9999 -9999 -9999 -9999 -9999 237.06 298.96 274.94 274.49 228.62 210.39 210.72 181.84 204.32 175.38 174.92 175.09 173.05 181.43 197.31 212.92 143.36 177.94 173.22 179.91 177.48 191.53 164.98 157.88 150.54 141.60 141.16 133.74 129.85 126.62 132.12 124.69 122.31 98.15 117.58 105.16 93.02 96.15 89.95 83.03 84.30 79.94 76.39 74.33 81.57 78.39 78.51 74.78 82.37 68.52 74.18 84.65 63.72 86.68 94.42 98.32 106.09 99.47 104.08 113.37 104.85 116.86 107.74 116.73 82.48 70.98
-9999 -9999 -9999 -9999 -9999 -9999 -9999 -9999 -9999 226.12 259.11 245.93 265.33 232.59 218.29 194.72 178.89 166.20 154.73 148.84 144.65 148.02 171.80 175.12 181.83 181.17 165.07 143.06 161.93 177.27 161.32 152.48 186.94 192.31 178.79 199.49 146.09 147.24 154.06 143.06 109.79 106.19 101.21 122.27 98.19 95.22 88.95 82.28 77.66 88.35 86.75 80.70 78.30 70.47 66.39 68.71 75.26 63.86 58.63 66.94 64.67 72.38 83.98 82.09 82.28 88.95 82.00 87.78 92.01 -9999 -9999 92.51 90.11 82.93 78.05
-9999 -9999 -9999 -9999 -9999 -9999 -9999 -9999 239.92 209.20 255.40 248.50 257.47 235.00 220.44 195.10 186.24 149.47 143.77 138.70 135.33 127.93 144.33 158.49 152.15 151.46 148.79 154.60 192.92 179.81 154.05 161.00 159.28 146.80 149.56 146.92 131.59 157.56 144.30 123.80 108.68 97.56 88.72 97.98 91.17 83.78 78.47 72.11 76.27 74.45 71.59 86.79 66.40 58.68 52.76 -9999 -9999 55.32 52.72 65.79 65.21 71.46 78.99 77.08 -9999 -9999 -9999 -9999 -9999 -9999 -9999 -9999 -9999 -9999 71.65
