Rainfall_2007-2011/Rainfall_2009-01_ACTUAL.txt
ncols         180
nrows         290
xllcorner     -200000
yllcorner     -200000
cellsize      5000
NODATA_value  -9999
[rows 99 to 131 of 290, columns 76 to 151 of 180]
418.58 368.83 -9999 325.33 433.98 441.05 460.17 398.00 411.99 393.16 334.95 301.01 266.81 252.25 263.09 273.43 265.40 291.14 250.34 196.94 191.18 154.05 127.25 103.70 127.33 128.63 114.16 109.04 102.70 84.02 78.09 63.62 65.50 61.78 57.22 69.95 83.16 77.59 -9999 -9999 -9999 -9999 -9999 -9999 -9999 -9999 -9999 -9999 -9999 -9999 -9999 -9999 -9999 -9999 -9999 -9999 -9999 -9999 -9999 -9999 -9999 -9999 -9999 -9999 -9999 -9999 -9999 -9999 -9999 -9999 -9999 -9999 -9999 -9999 -9999 -9999
298.57 -9999 216.47 266.28 341.87 404.73 393.49 417.60 431.41 356.84 366.70 335.41 327.15 319.02 297.62 280.28 212.41 212.05 191.35 193.63 176.61 165.15 153.98 137.79 121.62 112.24 101.05 89.01 75.49 62.04 63.58 73.61 73.10 66.27 64.18 79.70 75.29 70.08 -9999 -9999 -9999 -9999 -9999 -9999 -9999 -9999 -9999 -9999 -9999 -9999 -9999 -9999 -9999 -9999 -9999 -9999 -9999 -9999 -9999 -9999 -9999 -9999 -9999 -9999 -9999 -9999 -9999 -9999 -9999 -9999 -9999 -9999 -9999 -9999 -9999 -9999
-9999 207.32 188.47 261.49 426.38 397.83 486.82 395.51 363.01 313.97 373.67 388.56 331.42 375.20 295.11 262.96 279.32 274.30 206.87 213.44 239.79 200.32 167.41 166.97 139.03 108.91 82.24 70.26 64.72 64.23 75.93 74.55 78.84 78.67 75.87 76.48 75.01 58.38 -9999 -9999 -9999 -9999 -9999 -9999 -9999 -9999 -9999 -9999 -9999 -9999 -9999 -9999 -9999 -9999 -9999 -9999 -9999 -9999 -9999 -9999 -9999 -9999 -9999 -9999 -9999 -9999 -9999 -9999 -9999 -9999 -9999 -9999 -9999 -9999 -9999 -9999
203.29 -9999 256.24 284.87 372.13 320.39 407.43 370.78 396.53 377.06 440.52 397.30 379.82 324.24 288.18 261.80 230.83 215.54 237.80 274.71 260.13 207.54 176.32 163.93 132.16 100.00 80.42 68.10 70.44 87.53 70.20 69.08 72.06 74.37 66.67 60.60 55.53 -9999 -9999 -9999 -9999 -9999 -9999 -9999 -9999 -9999 -9999 -9999 -9999 -9999 -9999 -9999 -9999 -9999 -9999 -9999 -9999 -9999 -9999 -9999 -9999 -9999 -9999 -9999 -9999 -9999 -9999 -9999 -9999 -9999 -9999 -9999 -9999 -9999 -9999 -9999
-9999 201.05 220.25 258.71 248.20 395.64 414.87 322.51 361.72 436.36 416.02 441.30 445.90 354.96 307.50 232.77 277.18 287.46 310.88 298.52 236.22 238.08 219.17 153.77 115.67 93.11 74.84 70.41 87.67 68.88 55.08 64.28 60.87 61.70 59.21 -9999 -9999 -9999 -9999 -9999 -9999 -9999 -9999 -9999 -9999 -9999 -9999 -9999 -9999 -9999 -9999 -9999 -9999 -9999 -9999 -9999 -9999 -9999 -9999 -9999 -9999 -9999 -9999 -9999 -9999 -9999 -9999 -9999 -9999 -9999 -9999 -9999 -9999 -9999 -9999 -9999
225.27 234.42 255.65 313.03 301.92 309.45 306.76 260.49 327.28 392.66 409.19 396.37 358.68 309.78 315.75 333.54 230.36 252.28 250.00 229.18 221.41 177.87 174.28 125.02 106.19 89.41 71.46 72.65 68.63 59.73 54.62 53.11 59.86 49.96 -9999 -9999 -9999 -9999 -9999 -9999 -9999 -9999 -9999 -9999 -9999 -9999 -9999 -9999 -9999 -9999 -9999 -9999 -9999 -9999 -9999 -9999 -9999 -9999 -9999 -9999 -9999 -9999 -9999 -9999 -9999 -9999 -9999 -9999 -9999 -9999 -9999 -9999 -9999 -9999 -9999 -9999
223.94 277.51 267.69 307.12 285.82 301.39 320.48 343.68 364.53 420.33 418.95 394.62 424.81 402.02 309.12 251.81 233.06 239.91 218.46 177.69 148.65 156.04 129.93 99.14 94.13 76.63 62.43 71.77 69.05 65.38 69.40 55.27 53.68 52.33 -9999 -9999 -9999 -9999 -9999 -9999 -9999 -9999 -9999 -9999 -9999 -9999 -9999 -9999 -9999 -9999 -9999 -9999 -9999 -9999 -9999 -9999 -9999 -9999 -9999 -9999 -9999 -9999 -9999 -9999 -9999 -9999 -9999 -9999 -9999 -9999 -9999 -9999 -9999 -9999 -9999 -9999
255.76 284.01 295.21 308.53 309.35 354.51 330.21 335.71 375.36 484.12 424.74 437.65 355.58 390.96 311.55 305.63 265.59 247.95 221.71 202.89 198.03 149.19 128.52 103.01 91.54 76.95 72.39 75.81 75.49 67.30 60.17 57.63 52.59 62.77 63.44 -9999 -9999 -9999 -9999 -9999 -9999 -9999 -9999 -9999 -9999 -9999 -9999 -9999 -9999 -9999 -9999 -9999 -9999 -9999 -9999 -9999 -9999 -9999 -9999 -9999 -9999 -9999 -9999 -9999 -9999 -9999 -9999 -9999 -9999 -9999 -9999 -9999 -9999 -9999 -9999 -9999
220.61 261.37 310.11 279.76 321.98 277.79 267.89 356.51 432.96 524.06 383.64 435.54 378.94 335.40 286.81 330.10 240.96 269.24 283.07 204.72 215.71 162.41 153.48 135.49 127.45 129.12 146.09 119.89 82.32 72.92 63.41 72.22 65.16 74.43 76.16 66.07 -9999 -9999 -9999 -9999 -9999 -9999 -9999 -9999 -9999 -9999 -9999 -9999 -9999 -9999 -9999 -9999 -9999 -9999 -9999 -9999 -9999 -9999 -9999 -9999 -9999 -9999 -9999 -9999 -9999 -9999 -9999 -9999 -9999 -9999 -9999 -9999 -9999 -9999 -9999 -9999
222.74 264.90 281.24 304.94 310.07 283.53 287.93 397.94 446.26 569.40 398.01 340.59 323.23 310.14 271.33 274.55 233.04 198.84 166.84 156.50 141.36 165.40 184.74 190.67 149.54 138.46 123.60 126.38 108.59 77.79 83.35 64.34 72.04 70.24 61.86 52.13 45.95 -9999 -9999 -9999 -9999 -9999 -9999 -9999 -9999 -9999 -9999 -9999 -9999 -9999 -9999 -9999 -9999 -9999 -9999 -9999 -9999 -9999 -9999 -9999 -9999 -9999 -9999 -9999 -9999 -9999 -9999 -9999 -9999 -9999 -9999 -9999 -9999 -9999 -9999 -9999
214.45 223.45 258.28 289.87 294.86 280.25 321.36 416.02 396.31 343.19 327.96 395.99 284.70 274.20 246.01 250.33 199.36 171.89 134.44 129.29 150.67 199.33 205.37 168.76 136.92 115.75 104.65 102.29 99.96 81.13 70.54 58.04 51.31 54.42 50.19 46.90 -9999 -9999 -9999 -9999 -9999 -9999 -9999 -9999 -9999 -9999 -9999 -9999 -9999 -9999 -9999 -9999 -9999 -9999 -9999 -9999 -9999 -9999 -9999 -9999 -9999 -9999 -9999 -9999 -9999 -9999 -9999 -9999 -9999 -9999 -9999 -9999 -9999 -9999 -9999 -9999
168.98 194.71 203.59 211.90 260.24 324.46 309.55 371.58 376.28 349.46 332.00 276.70 309.79 253.87 220.61 165.17 148.45 133.49 130.29 106.98 129.67 104.33 93.06 111.33 110.02 107.66 101.80 100.37 89.81 68.77 62.06 52.20 -9999 -9999 -9999 -9999 -9999 -9999 -9999 -9999 -9999 -9999 -9999 -9999 -9999 -9999 -9999 -9999 -9999 -9999 -9999 -9999 -9999 -9999 -9999 -9999 -9999 -9999 -9999 -9999 -9999 -9999 -9999 -9999 -9999 -9999 -9999 -9999 -9999 -9999 -9999 -9999 -9999 -9999 -9999 -9999
210.74 213.04 210.25 222.01 303.60 305.40 357.62 368.23 266.69 297.37 291.34 238.49 224.91 225.87 163.70 162.09 177.03 161.71 165.02 115.43 107.11 104.24 96.31 97.04 94.36 101.94 92.94 88.66 87.39 64.41 -9999 -9999 -9999 -9999 -9999 -9999 -9999 -9999 -9999 -9999 -9999 -9999 -9999 -9999 -9999 -9999 -9999 -9999 -9999 -9999 -9999 -9999 -9999 -9999 -9999 -9999 -9999 -9999 -9999 -9999 -9999 -9999 -9999 -9999 -9999 -9999 -9999 -9999 -9999 -9999 -9999 -9999 -9999 -9999 -9999 -9999
235.99 201.36 203.21 266.16 281.21 314.92 395.19 351.51 260.74 260.01 241.10 185.69 180.64 161.97 157.31 177.43 199.21 182.16 168.71 141.87 116.61 107.24 89.31 90.80 79.17 78.99 71.08 78.49 72.19 52.79 -9999 -9999 -9999 -9999 -9999 -9999 -9999 -9999 -9999 -9999 -9999 -9999 -9999 -9999 -9999 -9999 -9999 -9999 -9999 -9999 -9999 -9999 -9999 -9999 -9999 -9999 -9999 -9999 -9999 -9999 -9999 -9999 -9999 -9999 -9999 -9999 -9999 -9999 -9999 -9999 -9999 -9999 -9999 -9999 -9999 -9999
223.79 -9999 214.39 261.37 284.47 315.96 347.48 317.19 237.09 181.02 184.20 183.85 180.97 173.81 157.64 206.16 215.45 211.39 195.61 150.13 112.77 92.95 86.91 77.16 65.90 62.66 63.55 48.13 -9999 -9999 -9999 -9999 -9999 31.90 31.88 31.89 25.93 -9999 -9999 -9999 -9999 -9999 -9999 -9999 -9999 -9999 -9999 -9999 -9999 -9999 -9999 -9999 -9999 -9999 -9999 -9999 -9999 -9999 -9999 -9999 -9999 -9999 -9999 -9999 -9999 -9999 -9999 -9999 -9999 -9999 -9999 -9999 -9999 -9999 -9999 -9999
250.10 -9999 192.27 223.57 246.03 246.40 312.40 251.89 192.61 185.21 204.22 194.67 178.14 173.20 158.02 154.53 159.14 146.64 135.75 124.84 110.12 105.36 97.99 76.42 71.09 67.94 62.56 53.62 45.75 40.03 -9999 -9999 32.56 32.48 36.85 33.13 33.08 29.15 32.34 -9999 -9999 -9999 -9999 -9999 -9999 -9999 -9999 -9999 -9999 -9999 -9999 -9999 -9999 -9999 -9999 -9999 -9999 -9999 -9999 -9999 -9999 -9999 -9999 -9999 -9999 -9999 -9999 -9999 -9999 -9999 -9999 -9999 -9999 -9999 -9999 -9999
216.98 172.52 164.44 134.65 182.58 212.94 229.06 209.79 201.86 213.30 229.36 215.12 162.13 134.07 135.82 134.37 126.88 123.32 121.46 110.19 100.79 99.46 79.05 76.71 76.61 63.05 60.73 51.43 46.70 47.32 36.75 37.05 39.76 36.53 38.56 42.81 45.97 47.30 52.82 38.82 -9999 -9999 -9999 -9999 -9999 -9999 -9999 -9999 -9999 -9999 -9999 -9999 -9999 -9999 -9999 -9999 -9999 -9999 -9999 -9999 -9999 -9999 -9999 -9999 -9999 -9999 -9999 -9999 -9999 -9999 -9999 -9999 -9999 -9999 -9999 -9999
189.06 180.53 149.66 159.02 171.65 167.57 190.31 -9999 217.12 258.32 279.31 201.17 159.08 126.83 117.47 107.67 108.45 98.67 97.17 95.53 87.60 94.46 71.05 75.05 76.54 74.77 68.94 61.71 61.50 52.51 44.88 45.37 44.12 48.46 51.24 52.85 52.32 54.33 55.22 53.97 62.76 50.64 31.78 -9999 -9999 -9999 -9999 -9999 -9999 -9999 -9999 -9999 -9999 -9999 -9999 -9999 -9999 -9999 -9999 -9999 -9999 -9999 -9999 -9999 -9999 -9999 -9999 -9999 -9999 -9999 -9999 -9999 -9999 -9999 -9999 -9999
177.12 182.91 144.28 -9999 148.59 143.87 172.82 -9999 196.28 287.57 245.01 194.84 151.88 141.13 125.64 103.85 97.29 85.39 77.77 87.84 90.48 104.19 97.59 82.10 91.59 86.69 80.04 84.72 77.54 56.01 42.85 51.83 52.01 64.84 91.53 82.66 65.23 63.36 52.03 47.70 55.47 38.99 51.99 -9999 -9999 -9999 -9999 -9999 -9999 -9999 -9999 -9999 -9999 -9999 -9999 -9999 -9999 -9999 -9999 -9999 -9999 -9999 -9999 -9999 -9999 -9999 -9999 -9999 -9999 -9999 -9999 -9999 -9999 -9999 -9999 -9999
170.81 155.08 129.49 -9999 -9999 144.66 142.89 153.83 194.90 213.07 196.77 172.28 162.51 163.88 153.42 127.01 127.58 95.80 81.08 92.15 94.08 103.53 109.67 108.04 94.77 92.47 94.39 82.44 72.64 70.46 60.30 52.27 61.32 68.38 77.85 83.07 69.02 54.44 57.26 41.39 42.33 41.34 43.83 39.05 -9999 -9999 -9999 -9999 -9999 -9999 -9999 -9999 -9999 -9999 -9999 -9999 -9999 -9999 -9999 -9999 -9999 -9999 -9999 -9999 -9999 -9999 -9999 -9999 -9999 -9999 -9999 -9999 -9999 -9999 -9999 -9999
178.21 -9999 -9999 -9999 -9999 -9999 139.51 139.28 170.51 190.73 173.73 140.33 141.07 149.03 169.40 152.30 147.18 122.30 96.01 88.13 92.71 93.58 105.29 106.20 96.01 88.56 69.94 73.22 60.86 65.73 82.81 81.40 68.06 69.97 63.80 61.28 63.73 53.28 55.17 38.95 36.82 36.62 44.99 36.09 -9999 -9999 -9999 -9999 -9999 -9999 -9999 -9999 -9999 -9999 -9999 -9999 -9999 -9999 -9999 -9999 -9999 -9999 -9999 -9999 -9999 -9999 -9999 -9999 -9999 -9999 -9999 -9999 -9999 -9999 -9999 -9999
182.17 186.44 194.06 194.76 -9999 -9999 -9999 133.56 150.04 153.86 139.76 121.31 113.37 139.87 145.79 160.44 156.76 132.63 117.83 104.82 93.27 94.03 96.97 81.15 89.32 72.89 66.60 92.07 84.01 98.68 110.32 105.53 90.75 85.52 60.98 62.74 54.07 53.19 56.14 43.40 30.15 31.65 38.14 32.24 34.82 -9999 -9999 -9999 -9999 -9999 -9999 -9999 -9999 -9999 -9999 -9999 -9999 -9999 -9999 -9999 -9999 -9999 -9999 -9999 -9999 -9999 -9999 -9999 -9999 -9999 -9999 -9999 -9999 -9999 -9999 -9999
188.51 179.90 197.08 268.92 247.67 -9999 -9999 -9999 114.85 113.33 109.07 113.87 115.87 117.11 137.06 135.87 142.82 127.17 117.88 104.97 113.13 90.08 98.77 83.53 100.45 88.00 100.58 91.50 108.02 99.92 98.04 110.70 98.29 78.54 69.08 57.32 42.71 41.36 48.43 37.96 29.98 29.78 41.57 37.17 32.55 28.04 -9999 -9999 -9999 -9999 -9999 -9999 -9999 -9999 -9999 -9999 -9999 -9999 -9999 -9999 -9999 -9999 -9999 -9999 -9999 -9999 -9999 -9999 -9999 -9999 -9999 -9999 -9999 -9999 -9999 -9999
182.78 125.83 170.35 269.66 234.18 -9999 -9999 -9999 -9999 -9999 96.81 101.35 103.33 113.99 116.12 127.68 125.21 144.44 148.35 137.55 129.60 115.89 115.28 95.73 91.38 73.31 107.38 116.98 110.05 114.28 106.16 79.87 73.62 58.76 72.59 57.44 51.46 45.59 38.13 35.75 29.05 31.72 34.29 37.01 38.51 32.68 39.70 -9999 -9999 -9999 -9999 -9999 -9999 -9999 -9999 -9999 -9999 -9999 -9999 -9999 -9999 -9999 -9999 -9999 -9999 -9999 -9999 -9999 -9999 -9999 -9999 -9999 -9999 -9999 -9999 -9999
-9999 145.08 164.04 238.53 208.54 -9999 -9999 -9999 -9999 -9999 89.92 96.11 114.70 120.60 124.44 124.66 132.61 150.42 166.83 168.58 150.48 146.76 132.64 119.06 121.40 126.54 106.88 180.43 130.24 149.84 121.08 122.30 110.60 80.29 89.74 62.77 54.50 43.34 40.20 42.45 42.14 35.33 40.61 39.64 50.71 54.21 57.86 45.45 39.02 -9999 -9999 -9999 -9999 -9999 -9999 -9999 -9999 -9999 -9999 -9999 -9999 -9999 -9999 -9999 -9999 -9999 -9999 -9999 -9999 -9999 -9999 -9999 -9999 -9999 -9999 -9999
-9999 -9999 163.44 159.54 128.95 -9999 -9999 -9999 -9999 -9999 82.62 77.21 98.59 97.79 106.98 104.24 119.73 148.32 171.10 190.94 170.34 154.34 156.36 154.06 172.88 173.86 162.58 204.97 187.68 160.77 152.19 96.21 86.15 86.50 80.35 63.61 62.18 60.16 45.41 47.53 45.66 64.95 74.95 63.47 57.51 41.49 52.87 46.51 41.64 -9999 -9999 -9999 -9999 -9999 -9999 -9999 -9999 -9999 -9999 -9999 -9999 -9999 -9999 -9999 -9999 -9999 -9999 -9999 -9999 -9999 -9999 -9999 -9999 -9999 -9999 -9999
-9999 -9999 115.02 95.73 82.69 -9999 -9999 -9999 -9999 -9999 78.98 88.49 95.71 103.99 112.32 118.09 143.14 185.54 217.04 206.17 201.67 176.26 180.78 154.43 171.09 208.72 248.63 225.27 191.98 195.59 176.19 108.49 105.60 90.39 95.23 80.90 56.81 62.57 70.14 75.31 64.31 91.50 94.58 84.81 69.12 55.09 48.95 48.61 46.21 -9999 -9999 -9999 -9999 -9999 -9999 -9999 -9999 -9999 -9999 -9999 -9999 -9999 -9999 -9999 -9999 -9999 -9999 -9999 -9999 -9999 -9999 -9999 -9999 -9999 -9999 -9999
-9999 -9999 -9999 -9999 -9999 -9999 -9999 -9999 -9999 92.15 88.46 100.12 114.27 116.59 132.16 140.11 163.49 182.80 231.26 229.66 212.99 246.56 228.72 229.19 238.55 256.87 276.87 278.70 276.32 226.35 183.90 155.18 126.51 136.84 116.13 88.95 83.22 70.91 88.24 95.23 107.73 94.87 110.03 93.61 67.61 58.49 56.99 58.66 49.71 -9999 -9999 -9999 -9999 -9999 -9999 -9999 -9999 -9999 -9999 -9999 -9999 -9999 -9999 -9999 -9999 -9999 -9999 -9999 -9999 -9999 -9999 -9999 -9999 -9999 -9999 -9999
-9999 -9999 -9999 -9999 -9999 -9999 -9999 -9999 -9999 106.00 95.28 118.08 154.09 170.17 184.92 218.82 209.12 214.76 203.53 244.56 239.87 227.59 271.37 263.91 242.36 194.87 278.80 252.38 277.78 224.35 189.36 159.27 126.43 120.17 135.28 105.88 93.34 96.06 117.67 127.91 121.33 105.29 125.61 100.51 67.35 51.18 54.15 67.42 53.48 -9999 -9999 -9999 -9999 -9999 -9999 -9999 -9999 -9999 -9999 -9999 -9999 -9999 -9999 -9999 -9999 -9999 -9999 -9999 -9999 -9999 -9999 -9999 -9999 -9999 -9999 -9999
-9999 -9999 -9999 -9999 -9999 -9999 -9999 -9999 91.95 108.04 120.11 148.73 175.73 184.57 235.48 285.72 292.62 283.48 295.50 257.87 247.74 249.48 280.71 259.95 256.07 192.58 235.77 276.31 257.09 250.91 208.17 184.25 152.21 138.20 141.56 131.73 109.34 172.04 177.99 155.21 137.33 122.17 109.26 91.89 71.12 71.69 71.34 62.22 49.89 -9999 -9999 -9999 -9999 -9999 -9999 -9999 -9999 -9999 -9999 -9999 -9999 -9999 -9999 -9999 -9999 -9999 -9999 -9999 -9999 -9999 -9999 -9999 -9999 -9999 -9999 -9999
-9999 -9999 -9999 -9999 -9999 -9999 -9999 -9999 107.64 106.89 155.45 173.05 223.49 217.81 266.82 291.62 372.69 340.68 300.15 262.20 255.98 241.08 325.88 297.28 244.56 227.82 223.73 271.46 259.68 247.48 237.28 188.72 192.30 208.23 182.11 183.20 180.57 205.03 161.28 152.09 140.18 122.49 116.62 96.74 72.46 69.09 59.92 57.12 46.40 46.03 -9999 -9999 -9999 -9999 -9999 -9999 -9999 -9999 -9999 -9999 -9999 -9999 -9999 -9999 -9999 -9999 -9999 -9999 -9999 -9999 -9999 -9999 -9999 -9999 -9999 -9999
-9999 -9999 -9999 -9999 -9999 -9999 -9999 100.63 129.71 155.41 183.56 222.52 245.22 257.40 256.92 293.70 317.04 333.99 310.33 265.50 210.47 190.07 218.81 251.30 230.77 204.60 200.26 233.44 238.42 244.45 248.35 244.96 203.37 230.81 205.99 169.95 216.02 199.89 184.25 165.28 120.48 114.16 110.83 102.00 87.34 66.93 56.22 48.35 42.19 37.67 -9999 -9999 -9999 -9999 -9999 -9999 -9999 -9999 -9999 -9999 -9999 -9999 -9999 -9999 -9999 -9999 -9999 -9999 -9999 -9999 -9999 -9999 -9999 -9999 -9999 -9999
-9999 -9999 -9999 -9999 -9999 -9999 -9999 136.17 154.02 183.66 236.31 251.42 279.29 278.82 327.99 268.49 280.63 307.90 291.91 281.00 200.99 182.14 217.74 227.89 224.75 173.02 170.67 179.78 202.28 241.53 287.09 199.97 220.48 225.06 186.12 202.31 155.38 187.41 175.01 124.03 114.94 99.64 87.77 77.94 76.38 68.35 59.77 48.15 43.34 43.86 -9999 -9999 -9999 -9999 -9999 -9999 -9999 -9999 -9999 -9999 -9999 -9999 -9999 -9999 -9999 -9999 -9999 -9999 -9999 -9999 -9999 -9999 -9999 -9999 -9999 -9999
