Rainfall_2007-2011/Rainfall_2007-09_ACTUAL.txt
ncols         180
nrows         290
xllcorner     -200000
yllcorner     -200000
cellsize      5000
NODATA_value  -9999
[rows 136 to 169 of 290, columns 77 to 153 of 180]
-9999 -9999 55.02 60.33 61.09 74.96 81.66 94.11 95.43 66.50 63.07 71.15 86.03 121.24 100.53 79.96 63.34 57.87 59.84 65.37 67.21 75.78 74.19 75.79 61.11 50.12 55.62 66.32 67.83 70.92 65.20 72.30 79.79 76.53 79.36 90.59 81.15 69.33 60.34 43.46 30.92 37.53 37.56 31.03 24.53 28.78 31.27 33.41 30.45 34.01 30.89 -9999 -9999 -9999 -9999 -9999 -9999 -9999 -9999 -9999 -9999 -9999 -9999 -9999 -9999 -9999 -9999 -9999 -9999 -9999 -9999 -9999 -9999 -9999 -9999 -9999 -9999
-9999 -9999 49.00 51.57 45.09 50.05 60.60 80.25 83.40 47.85 56.13 58.78 72.31 91.90 78.46 69.58 64.23 58.70 54.76 59.68 66.54 89.41 86.84 -9999 -9999 -9999 61.55 67.60 -9999 64.46 68.89 73.22 80.11 67.71 72.44 83.76 63.95 58.48 57.57 42.61 31.91 32.17 27.11 23.41 28.66 28.81 34.66 28.48 30.09 32.48 29.59 -9999 -9999 -9999 -9999 -9999 -9999 -9999 -9999 -9999 -9999 -9999 -9999 -9999 -9999 -9999 -9999 -9999 -9999 -9999 -9999 -9999 -9999 -9999 -9999 -9999 -9999
-9999 -9999 43.54 49.87 43.17 43.68 52.64 64.93 62.51 51.65 52.40 59.11 67.05 85.97 73.03 69.78 65.57 60.60 66.25 56.90 64.55 70.04 78.00 -9999 -9999 -9999 63.06 66.70 64.90 62.01 62.31 62.88 65.48 72.13 81.66 101.51 84.89 73.62 49.87 39.12 42.53 34.99 32.37 29.29 34.18 29.78 36.17 42.95 40.12 32.51 33.35 -9999 -9999 -9999 -9999 -9999 -9999 -9999 -9999 -9999 -9999 -9999 -9999 -9999 -9999 -9999 -9999 -9999 -9999 -9999 -9999 -9999 -9999 -9999 -9999 -9999 -9999
-9999 -9999 -9999 44.30 43.57 40.61 -9999 58.05 59.50 55.17 53.15 57.02 -9999 66.96 65.78 72.92 63.02 63.00 67.46 61.48 64.62 -9999 -9999 -9999 -9999 57.12 60.55 64.05 54.32 52.64 52.85 52.54 56.89 71.92 88.96 124.99 109.83 91.04 50.13 55.67 51.62 43.24 45.94 33.17 31.12 34.83 38.87 38.06 35.40 33.36 35.66 32.81 -9999 -9999 -9999 -9999 -9999 -9999 -9999 -9999 -9999 -9999 -9999 -9999 -9999 -9999 -9999 -9999 -9999 -9999 -9999 -9999 -9999 -9999 -9999 -9999 -9999
-9999 -9999 -9999 -9999 35.25 -9999 -9999 -9999 47.97 42.76 49.77 61.16 58.42 -9999 -9999 55.71 59.10 61.65 69.98 -9999 -9999 -9999 -9999 -9999 52.80 63.96 70.75 70.97 58.79 56.36 53.46 51.64 57.59 60.26 78.72 92.51 123.67 106.02 88.70 82.03 77.22 51.14 46.83 43.49 40.42 30.28 29.45 37.55 33.68 37.61 42.92 42.81 -9999 -9999 -9999 -9999 -9999 -9999 -9999 -9999 -9999 -9999 -9999 -9999 -9999 -9999 -9999 -9999 -9999 -9999 -9999 -9999 -9999 -9999 -9999 -9999 -9999
-9999 -9999 -9999 -9999 30.25 29.01 -9999 -9999 -9999 36.91 44.14 61.56 60.94 -9999 -9999 -9999 -9999 61.09 -9999 -9999 -9999 -9999 -9999 -9999 66.63 84.37 91.77 91.31 76.13 72.53 67.63 49.79 48.74 65.66 61.73 66.61 99.79 100.47 109.08 90.44 82.56 54.60 51.39 53.59 42.94 33.54 38.70 32.53 32.40 36.01 46.87 47.98 -9999 -9999 -9999 -9999 -9999 -9999 -9999 -9999 -9999 -9999 -9999 -9999 -9999 -9999 -9999 -9999 -9999 -9999 -9999 -9999 -9999 -9999 -9999 -9999 -9999
-9999 -9999 -9999 -9999 -9999 32.89 -9999 -9999 -9999 -9999 46.20 54.95 53.84 -9999 -9999 -9999 -9999 -9999 -9999 -9999 -9999 -9999 -9999 92.33 92.61 112.75 125.95 119.78 127.01 119.38 99.42 72.27 59.12 53.59 67.15 86.60 122.31 129.31 119.76 90.81 67.99 48.27 53.10 42.40 33.54 39.02 42.93 36.19 36.56 34.37 47.69 43.93 42.48 -9999 -9999 -9999 -9999 -9999 -9999 -9999 -9999 -9999 -9999 -9999 -9999 -9999 -9999 -9999 -9999 -9999 -9999 -9999 -9999 -9999 -9999 -9999 -9999
-9999 -9999 -9999 -9999 -9999 37.38 -9999 -9999 -9999 -9999 -9999 -9999 -9999 -9999 -9999 -9999 -9999 -9999 -9999 -9999 -9999 -9999 -9999 94.09 118.07 125.88 129.27 113.82 169.89 159.25 117.14 84.63 53.79 52.48 50.20 55.57 95.28 122.01 119.52 94.22 107.93 92.64 76.64 59.65 40.31 31.76 37.62 38.64 41.58 38.75 41.89 45.41 47.98 45.35 -9999 -9999 -9999 -9999 -9999 -9999 -9999 -9999 -9999 -9999 -9999 -9999 -9999 -9999 -9999 -9999 -9999 -9999 -9999 -9999 -9999 -9999 -9999
-9999 -9999 -9999 -9999 -9999 -9999 -9999 -9999 -9999 -9999 -9999 -9999 -9999 -9999 -9999 -9999 -9999 -9999 -9999 -9999 -9999 -9999 91.76 92.37 113.27 130.60 151.35 142.78 201.14 164.02 128.61 88.78 65.52 52.85 48.43 44.56 71.11 128.70 117.29 90.80 82.84 70.44 68.02 53.05 44.58 38.95 38.99 33.34 33.51 32.12 36.51 41.06 41.15 39.26 -9999 -9999 -9999 -9999 -9999 -9999 -9999 -9999 -9999 -9999 -9999 -9999 -9999 -9999 -9999 -9999 -9999 -9999 -9999 -9999 -9999 -9999 -9999
-9999 -9999 -9999 -9999 -9999 -9999 -9999 -9999 -9999 -9999 -9999 -9999 -9999 -9999 -9999 -9999 -9999 -9999 -9999 -9999 -9999 -9999 92.08 101.40 124.63 167.43 192.70 176.02 163.30 144.72 122.92 103.83 82.03 64.19 63.07 57.58 69.68 92.69 126.87 102.13 87.78 71.09 58.58 39.03 35.80 37.28 33.61 35.17 30.36 34.47 32.70 37.09 36.80 38.42 44.11 45.77 41.12 -9999 -9999 -9999 -9999 -9999 -9999 -9999 -9999 -9999 -9999 -9999 -9999 -9999 -9999 -9999 -9999 -9999 -9999 -9999 -9999
-9999 -9999 -9999 -9999 -9999 -9999 -9999 -9999 -9999 -9999 -9999 -9999 -9999 -9999 -9999 -9999 -9999 -9999 -9999 -9999 -9999 -9999 82.57 102.93 127.56 143.79 188.11 212.62 187.48 161.95 156.15 127.77 115.79 93.98 79.81 76.02 53.53 61.68 81.62 73.12 78.33 74.63 52.83 36.26 33.20 33.73 29.64 26.64 29.54 30.30 31.26 36.04 39.96 43.47 62.54 62.52 56.16 48.99 46.54 -9999 -9999 -9999 -9999 -9999 -9999 -9999 -9999 -9999 -9999 -9999 -9999 -9999 -9999 -9999 -9999 -9999 -9999
-9999 -9999 -9999 -9999 -9999 -9999 -9999 -9999 -9999 -9999 -9999 -9999 -9999 -9999 -9999 -9999 -9999 -9999 -9999 -9999 -9999 -9999 69.31 114.93 151.96 216.00 255.29 311.57 210.85 183.52 193.29 197.61 142.92 143.00 102.91 90.42 64.51 72.10 68.32 58.22 72.20 60.45 43.01 37.17 29.60 26.01 22.07 25.61 25.50 29.86 32.25 35.05 40.04 50.47 59.03 82.39 69.24 87.40 78.11 49.18 31.47 -9999 -9999 -9999 -9999 -9999 -9999 -9999 -9999 -9999 -9999 -9999 -9999 -9999 -9999 -9999 -9999
-9999 -9999 -9999 -9999 -9999 -9999 -9999 -9999 -9999 -9999 -9999 -9999 -9999 -9999 -9999 -9999 -9999 -9999 -9999 -9999 -9999 -9999 79.87 100.47 120.82 187.55 225.64 312.19 313.60 178.74 170.35 167.08 183.86 164.88 123.08 108.77 96.54 86.08 59.88 97.52 77.85 66.80 57.94 50.76 40.24 24.01 26.08 25.60 28.48 28.96 32.87 35.85 37.33 39.44 58.53 76.20 55.62 86.91 67.77 55.71 33.04 38.09 -9999 -9999 -9999 -9999 -9999 -9999 -9999 -9999 -9999 -9999 -9999 -9999 -9999 -9999 -9999
-9999 -9999 -9999 -9999 -9999 -9999 -9999 -9999 -9999 -9999 44.05 42.57 42.60 -9999 -9999 -9999 -9999 -9999 -9999 -9999 -9999 -9999 -9999 86.00 118.20 148.17 169.85 179.02 250.48 172.57 130.05 126.85 153.26 131.49 119.27 109.19 118.54 98.98 92.70 98.23 73.26 81.46 60.08 42.31 39.10 34.88 26.12 25.89 28.07 26.57 30.98 35.01 38.66 61.77 63.75 83.38 81.62 84.23 79.70 58.07 56.53 46.33 37.27 -9999 -9999 -9999 -9999 -9999 -9999 -9999 -9999 -9999 -9999 -9999 -9999 -9999 -9999
-9999 -9999 -9999 -9999 -9999 -9999 -9999 -9999 -9999 -9999 40.35 47.60 -9999 -9999 -9999 -9999 -9999 -9999 -9999 -9999 -9999 -9999 -9999 -9999 109.53 132.10 165.57 180.11 242.37 175.86 131.30 113.49 108.45 94.25 104.15 95.01 135.85 118.84 117.64 119.02 88.47 65.00 54.77 48.50 32.07 39.70 28.07 25.39 26.75 28.82 29.16 37.83 47.57 67.08 75.32 69.38 75.35 71.65 82.23 76.29 68.72 57.39 60.36 -9999 -9999 -9999 -9999 -9999 -9999 -9999 -9999 -9999 -9999 -9999 -9999 -9999 -9999
-9999 -9999 -9999 -9999 -9999 -9999 -9999 -9999 -9999 49.57 60.93 58.47 57.74 -9999 -9999 -9999 -9999 -9999 -9999 -9999 -9999 -9999 -9999 -9999 87.04 118.21 164.67 151.40 151.25 144.39 123.49 108.46 98.76 91.78 93.03 91.36 95.56 133.26 106.57 102.73 100.64 78.93 77.62 51.92 45.51 33.72 24.92 24.75 27.24 28.76 24.44 42.11 51.23 57.24 67.55 74.97 75.65 71.59 67.51 73.16 73.64 61.71 70.85 57.90 -9999 -9999 -9999 -9999 -9999 -9999 -9999 -9999 -9999 -9999 -9999 -9999 -9999
-9999 -9999 -9999 -9999 -9999 -9999 -9999 -9999 52.31 70.81 73.72 73.58 55.13 -9999 -9999 -9999 -9999 -9999 -9999 -9999 -9999 -9999 -9999 -9999 90.78 96.89 114.79 111.41 114.51 104.87 107.85 108.08 93.43 90.83 99.80 104.92 127.72 120.20 118.80 117.05 111.26 71.08 68.19 46.75 46.80 32.16 22.92 25.37 23.02 23.06 29.92 37.69 48.60 58.81 58.55 57.27 60.42 56.37 59.88 63.98 75.33 65.90 60.56 56.78 -9999 -9999 -9999 -9999 -9999 -9999 -9999 -9999 -9999 -9999 -9999 -9999 -9999
-9999 -9999 -9999 -9999 -9999 -9999 -9999 39.10 50.89 78.09 64.95 50.85 -9999 -9999 -9999 -9999 -9999 -9999 -9999 -9999 -9999 -9999 -9999 -9999 -9999 93.20 94.70 93.74 84.87 95.24 86.27 82.12 89.88 83.81 103.50 109.73 143.77 147.32 157.36 151.28 138.75 107.04 96.11 75.15 53.70 39.04 36.97 27.57 24.94 24.68 26.26 30.92 39.47 56.52 54.83 48.88 45.79 45.49 40.70 45.88 50.16 51.20 56.45 57.97 53.19 44.22 -9999 -9999 -9999 -9999 -9999 -9999 -9999 -9999 -9999 -9999 -9999
-9999 -9999 -9999 -9999 -9999 -9999 -9999 58.14 74.98 56.89 48.01 46.47 -9999 -9999 -9999 -9999 -9999 -9999 -9999 -9999 -9999 -9999 -9999 -9999 -9999 -9999 83.03 73.34 78.94 77.76 79.58 79.32 80.57 87.95 104.62 109.47 145.01 152.06 162.41 137.53 135.21 123.84 118.86 100.39 77.51 53.20 44.35 37.89 28.50 24.84 24.87 25.50 39.21 46.39 46.50 49.36 46.50 42.04 40.54 44.94 51.04 53.33 56.59 96.91 60.43 45.25 -9999 -9999 -9999 -9999 -9999 -9999 -9999 -9999 -9999 -9999 -9999
-9999 -9999 -9999 -9999 -9999 -9999 -9999 52.42 52.33 43.68 46.34 -9999 -9999 -9999 -9999 -9999 -9999 -9999 -9999 -9999 -9999 -9999 -9999 -9999 -9999 -9999 68.32 70.01 81.62 -9999 73.00 -9999 67.86 74.01 86.03 96.32 99.10 111.62 120.50 127.67 182.18 122.61 98.72 103.66 85.80 63.13 44.90 36.40 28.75 22.19 26.37 26.84 35.02 42.48 46.72 53.48 47.13 51.24 47.95 42.66 50.44 57.12 55.78 56.10 43.66 45.71 48.57 47.47 -9999 -9999 -9999 -9999 -9999 -9999 -9999 -9999 -9999
-9999 -9999 -9999 -9999 -9999 -9999 44.10 44.20 39.12 -9999 -9999 -9999 -9999 -9999 -9999 -9999 -9999 -9999 -9999 -9999 -9999 -9999 -9999 -9999 -9999 -9999 67.17 62.21 70.15 -9999 -9999 -9999 68.14 83.92 84.00 86.69 97.14 96.23 88.34 78.05 135.68 131.60 92.05 97.68 106.03 77.95 64.36 40.95 33.50 22.75 26.60 28.01 30.78 33.88 40.67 44.93 45.84 56.29 54.97 40.72 47.35 56.11 54.57 49.13 48.67 43.24 43.34 46.38 -9999 -9999 -9999 -9999 -9999 -9999 -9999 -9999 -9999
-9999 -9999 -9999 -9999 -9999 -9999 -9999 -9999 -9999 -9999 -9999 -9999 -9999 -9999 -9999 -9999 -9999 -9999 -9999 -9999 -9999 -9999 -9999 -9999 -9999 -9999 -9999 -9999 -9999 -9999 -9999 64.72 72.37 90.51 111.21 96.33 123.41 121.51 81.12 89.92 119.35 102.03 92.26 84.05 87.56 72.36 63.29 46.94 38.58 33.05 28.91 30.80 37.35 36.27 38.45 41.51 43.72 50.42 53.21 54.40 50.15 55.42 46.64 45.87 35.80 38.72 41.34 -9999 -9999 -9999 -9999 -9999 -9999 -9999 -9999 -9999 -9999
-9999 -9999 -9999 -9999 -9999 -9999 -9999 -9999 -9999 -9999 -9999 -9999 -9999 -9999 -9999 -9999 -9999 -9999 -9999 -9999 -9999 -9999 -9999 -9999 -9999 -9999 -9999 -9999 -9999 -9999 -9999 66.37 65.46 87.55 135.42 152.60 174.20 134.93 107.09 81.87 93.61 86.79 90.65 95.49 87.27 65.53 62.96 48.29 41.71 39.61 35.62 33.88 36.49 36.14 37.66 38.79 41.58 45.66 48.58 60.14 53.96 46.21 37.59 18.28 27.29 35.91 37.54 -9999 -9999 -9999 -9999 -9999 -9999 -9999 -9999 -9999 -9999
-9999 -9999 -9999 -9999 -9999 -9999 -9999 -9999 -9999 -9999 -9999 -9999 -9999 -9999 -9999 -9999 -9999 -9999 -9999 -9999 -9999 -9999 -9999 -9999 -9999 -9999 -9999 -9999 -9999 -9999 -9999 67.56 74.07 92.69 115.92 172.34 157.39 134.36 98.71 88.10 94.91 84.62 66.63 76.33 62.26 75.32 57.26 55.88 41.27 37.93 34.46 34.35 38.35 36.41 35.81 36.76 33.33 34.44 41.94 48.23 44.33 39.45 31.43 27.68 24.48 31.82 35.40 -9999 -9999 -9999 -9999 -9999 -9999 -9999 -9999 -9999 -9999
-9999 -9999 -9999 -9999 -9999 -9999 -9999 -9999 -9999 -9999 -9999 -9999 -9999 -9999 -9999 -9999 -9999 -9999 -9999 -9999 -9999 -9999 -9999 -9999 -9999 -9999 -9999 -9999 -9999 63.46 64.29 67.58 74.53 83.62 128.87 166.68 136.66 144.06 99.92 96.76 94.87 70.28 76.91 75.80 78.91 64.03 51.02 37.46 41.47 36.89 38.06 35.25 34.99 34.95 36.25 36.27 27.98 27.80 37.22 41.31 42.55 37.49 34.38 28.00 21.24 29.35 33.68 34.46 -9999 -9999 -9999 -9999 -9999 -9999 -9999 -9999 -9999
-9999 -9999 -9999 -9999 -9999 -9999 -9999 -9999 -9999 -9999 -9999 -9999 -9999 -9999 -9999 -9999 -9999 -9999 -9999 -9999 -9999 -9999 -9999 -9999 -9999 -9999 -9999 -9999 -9999 67.26 72.27 71.36 76.64 87.28 111.23 107.08 118.91 113.87 111.36 135.91 106.84 88.76 84.55 90.37 62.27 59.38 53.36 48.07 53.54 50.15 38.78 39.03 36.86 28.68 28.63 30.53 29.70 30.79 36.01 35.24 36.45 37.14 35.33 32.76 36.39 33.17 32.30 31.96 -9999 -9999 -9999 -9999 -9999 -9999 -9999 -9999 -9999
-9999 -9999 -9999 -9999 -9999 -9999 -9999 -9999 -9999 -9999 -9999 -9999 -9999 -9999 -9999 -9999 -9999 -9999 -9999 -9999 -9999 -9999 -9999 -9999 -9999 -9999 -9999 -9999 -9999 74.32 73.29 77.78 82.30 91.32 113.32 120.35 123.08 116.28 106.97 109.68 101.40 83.55 103.18 70.16 64.85 49.92 53.17 48.63 47.01 44.59 40.88 37.15 32.83 26.85 24.62 26.98 29.92 32.56 35.51 37.05 35.10 35.51 37.66 34.31 31.85 28.25 32.04 32.10 32.10 -9999 -9999 -9999 -9999 -9999 -9999 -9999 -9999
-9999 -9999 -9999 -9999 -9999 -9999 -9999 -9999 -9999 -9999 -9999 -9999 -9999 -9999 -9999 -9999 -9999 -9999 -9999 -9999 -9999 -9999 -9999 -9999 -9999 -9999 -9999 -9999 -9999 71.21 79.81 84.84 86.35 91.00 100.65 96.74 104.96 108.83 94.64 97.87 95.26 110.57 123.53 105.75 89.00 62.01 50.91 49.96 40.62 33.22 37.29 36.58 29.65 24.05 26.23 26.98 29.40 30.48 29.78 28.87 29.17 32.56 40.25 32.09 28.70 28.72 30.34 31.45 32.29 32.65 -9999 -9999 -9999 -9999 -9999 -9999 -9999
-9999 -9999 -9999 -9999 -9999 -9999 -9999 -9999 -9999 -9999 -9999 -9999 -9999 -9999 -9999 -9999 -9999 -9999 -9999 -9999 -9999 -9999 -9999 -9999 -9999 -9999 -9999 -9999 -9999 80.04 80.15 80.10 81.76 87.55 99.60 94.37 97.36 104.08 112.94 132.65 114.75 120.83 101.83 95.99 74.81 66.60 48.59 42.72 37.48 33.70 33.44 28.73 26.24 21.12 23.17 25.98 29.21 30.26 30.91 28.60 28.54 33.13 35.86 32.86 27.64 30.55 32.95 35.70 35.07 32.42 -9999 -9999 -9999 -9999 -9999 -9999 -9999
-9999 -9999 -9999 -9999 -9999 -9999 -9999 -9999 -9999 -9999 -9999 -9999 -9999 -9999 -9999 -9999 -9999 -9999 -9999 -9999 -9999 -9999 -9999 -9999 -9999 -9999 -9999 -9999 -9999 -9999 75.31 86.81 84.63 80.05 93.33 112.44 118.36 122.93 116.82 108.09 108.84 100.62 95.88 90.90 69.64 57.23 44.10 29.74 32.68 25.03 22.69 25.79 21.73 16.33 19.01 24.33 27.67 30.44 31.94 30.76 32.68 34.80 33.76 34.42 33.81 36.38 -9999 35.84 38.23 39.74 39.70 -9999 -9999 -9999 -9999 -9999 -9999
-9999 -9999 -9999 -9999 -9999 -9999 -9999 -9999 -9999 -9999 -9999 -9999 -9999 -9999 -9999 -9999 -9999 -9999 -9999 -9999 -9999 -9999 -9999 -9999 -9999 -9999 -9999 -9999 -9999 85.41 78.93 89.13 87.64 85.33 82.26 114.04 135.53 120.29 123.37 108.69 98.17 103.93 119.54 98.01 96.36 61.12 43.86 35.73 25.82 21.78 21.58 20.34 21.28 24.01 21.29 23.79 27.21 30.88 33.13 34.34 39.06 42.70 35.68 38.53 40.50 36.02 32.39 -9999 37.47 35.73 31.98 29.88 -9999 -9999 -9999 -9999 -9999
-9999 -9999 -9999 -9999 -9999 -9999 -9999 -9999 -9999 -9999 -9999 -9999 -9999 -9999 -9999 -9999 -9999 -9999 -9999 -9999 -9999 -9999 -9999 -9999 -9999 -9999 -9999 -9999 -9999 76.50 90.20 89.47 81.78 89.32 95.46 102.37 105.25 104.15 99.96 97.55 93.51 92.38 102.09 110.14 87.83 59.75 47.02 31.88 26.81 29.19 21.68 20.24 19.66 21.29 23.03 22.53 26.40 32.05 32.48 35.08 35.59 43.45 33.87 26.99 33.36 30.42 29.39 30.97 -9999 -9999 -9999 -9999 -9999 -9999 -9999 -9999 -9999
-9999 -9999 -9999 -9999 -9999 -9999 -9999 -9999 -9999 -9999 -9999 -9999 -9999 -9999 -9999 -9999 -9999 -9999 -9999 -9999 -9999 -9999 -9999 -9999 -9999 -9999 -9999 -9999 77.87 86.15 87.39 90.08 86.59 84.77 86.84 98.42 103.38 98.56 85.27 86.75 87.97 93.58 112.60 115.90 129.44 84.19 72.19 39.02 23.26 24.82 20.12 18.01 21.10 22.55 23.58 24.07 27.69 32.31 33.71 34.89 34.77 33.68 30.85 32.38 31.54 29.44 32.75 30.49 28.48 28.87 -9999 -9999 -9999 -9999 -9999 -9999 -9999
-9999 -9999 -9999 -9999 -9999 -9999 -9999 -9999 -9999 -9999 -9999 -9999 -9999 -9999 -9999 -9999 -9999 -9999 -9999 -9999 -9999 -9999 -9999 -9999 -9999 -9999 -9999 -9999 -9999 77.60 89.11 97.47 82.53 84.42 81.91 86.39 83.27 83.02 82.40 83.97 84.68 88.86 98.12 128.60 126.41 116.71 72.58 51.23 42.25 30.74 24.96 17.16 22.99 27.62 25.36 25.64 30.55 31.85 37.21 37.68 40.56 32.97 29.88 31.47 27.77 29.21 34.13 34.76 28.37 24.24 23.61 23.18 -9999 -9999 -9999 -9999 -9999
