Rainfall_2007-2011/Rainfall_2008-07_ACTUAL.txt
ncols         180
nrows         290
xllcorner     -200000
yllcorner     -200000
cellsize      5000
NODATA_value  -9999
[rows 165 to 197 of 290, columns 75 to 149 of 180]
-9999 -9999 -9999 -9999 -9999 -9999 -9999 -9999 -9999 -9999 -9999 -9999 -9999 -9999 -9999 -9999 -9999 -9999 -9999 -9999 -9999 -9999 -9999 -9999 -9999 -9999 -9999 -9999 -9999 -9999 -9999 -9999 98.27 131.41 107.95 107.09 128.91 150.11 164.10 157.46 148.42 136.95 154.70 143.06 155.81 135.99 112.40 100.69 104.93 99.02 99.94 102.73 102.09 98.28 89.95 109.81 96.29 92.23 92.26 94.47 96.83 85.94 81.68 79.47 80.11 80.81 87.38 85.49 -9999 91.38 76.78 63.61 61.74 -9999 -9999
-9999 -9999 -9999 -9999 -9999 -9999 -9999 -9999 -9999 -9999 -9999 -9999 -9999 -9999 -9999 -9999 -9999 -9999 -9999 -9999 -9999 -9999 -9999 -9999 -9999 -9999 -9999 -9999 -9999 -9999 -9999 92.47 101.60 102.83 115.48 120.13 118.76 168.79 197.82 181.44 172.35 143.53 159.92 160.00 161.07 160.20 133.01 104.06 92.74 104.72 95.67 100.60 105.55 108.16 91.33 86.66 94.25 95.91 95.68 95.79 95.56 89.55 99.52 100.85 83.32 81.87 90.76 85.40 88.05 -9999 82.48 70.61 63.00 54.60 -9999
-9999 -9999 -9999 -9999 -9999 -9999 -9999 -9999 -9999 -9999 -9999 -9999 -9999 -9999 -9999 -9999 -9999 -9999 -9999 -9999 -9999 -9999 -9999 -9999 -9999 -9999 -9999 -9999 -9999 -9999 -9999 95.52 134.48 119.51 123.58 149.12 137.19 140.45 157.66 132.27 141.03 151.32 155.90 160.59 137.49 139.95 136.15 100.73 97.30 88.14 74.95 100.91 107.31 111.70 101.29 93.58 94.41 99.48 97.54 97.72 108.85 79.97 87.86 100.28 86.67 67.23 81.87 83.58 78.90 80.61 -9999 -9999 -9999 -9999 -9999
-9999 -9999 -9999 -9999 -9999 -9999 -9999 -9999 -9999 -9999 -9999 -9999 -9999 -9999 -9999 -9999 -9999 -9999 -9999 -9999 -9999 -9999 -9999 -9999 -9999 -9999 -9999 -9999 -9999 -9999 71.35 90.75 93.83 117.30 126.55 122.22 125.50 136.46 140.39 129.70 122.95 129.68 120.99 123.83 135.00 155.17 155.26 116.89 107.34 87.46 83.25 95.69 97.69 108.67 100.40 92.27 93.36 93.64 70.73 95.33 98.07 100.42 86.82 82.97 89.70 98.15 87.75 76.58 67.11 58.89 61.04 68.37 -9999 -9999 -9999
-9999 -9999 -9999 -9999 -9999 -9999 -9999 -9999 -9999 -9999 -9999 -9999 -9999 -9999 -9999 -9999 -9999 -9999 -9999 -9999 -9999 -9999 -9999 -9999 -9999 -9999 -9999 -9999 -9999 -9999 -9999 75.93 92.85 99.66 109.12 120.58 119.66 120.48 106.24 121.98 123.17 128.99 123.34 121.69 128.03 165.31 164.41 160.25 108.01 77.19 85.66 86.44 119.12 106.32 88.44 88.61 83.13 81.79 80.84 84.05 94.62 98.36 83.19 84.00 84.49 88.15 77.62 78.97 64.44 55.96 56.19 57.92 56.97 55.38 -9999
-9999 -9999 -9999 -9999 -9999 -9999 -9999 -9999 -9999 -9999 -9999 -9999 -9999 -9999 -9999 -9999 -9999 -9999 -9999 -9999 -9999 -9999 -9999 -9999 -9999 -9999 -9999 -9999 -9999 -9999 -9999 80.31 100.18 96.48 98.25 106.84 120.77 106.58 97.25 118.01 125.40 113.95 117.45 116.06 129.49 124.90 154.52 165.78 136.76 117.29 77.86 82.22 108.68 106.38 84.64 86.71 80.10 79.99 77.05 80.41 86.31 103.84 74.97 83.28 83.75 86.42 89.40 90.07 71.23 57.76 55.86 54.65 53.28 47.50 -9999
-9999 -9999 -9999 -9999 -9999 -9999 -9999 -9999 -9999 -9999 -9999 77.06 72.73 70.40 72.00 -9999 -9999 -9999 -9999 -9999 -9999 -9999 -9999 -9999 -9999 -9999 -9999 -9999 -9999 -9999 70.02 74.77 81.78 97.47 94.46 102.26 96.93 102.32 101.20 105.70 112.33 113.56 119.42 133.81 130.65 148.84 126.29 149.03 109.34 112.99 104.61 82.93 99.26 86.05 96.92 88.22 76.46 82.47 72.11 73.91 86.27 87.42 76.21 77.05 83.37 82.18 83.22 81.93 68.68 67.48 67.24 62.54 56.31 52.61 57.26
-9999 -9999 -9999 -9999 -9999 -9999 -9999 -9999 -9999 -9999 -9999 78.83 84.17 71.17 68.99 -9999 -9999 -9999 -9999 -9999 -9999 -9999 -9999 -9999 -9999 -9999 -9999 -9999 -9999 77.67 72.26 70.07 94.93 101.16 86.39 92.16 89.43 101.27 98.52 97.34 103.02 96.84 108.76 124.41 133.04 132.86 165.67 158.13 137.82 114.33 114.90 118.35 94.46 84.17 84.56 86.50 79.14 74.35 86.39 69.02 81.41 83.17 81.38 81.42 87.41 84.58 83.10 78.90 84.19 75.92 69.41 84.47 67.34 63.63 55.58
-9999 -9999 -9999 -9999 -9999 -9999 -9999 -9999 -9999 63.39 74.02 71.42 87.22 80.92 80.09 71.19 54.66 63.53 -9999 -9999 51.97 64.14 -9999 -9999 -9999 56.00 73.67 63.34 -9999 66.06 71.33 77.55 78.27 83.95 80.96 85.71 92.38 101.36 98.04 105.72 98.96 97.90 105.43 107.83 133.20 126.84 147.18 155.42 93.36 104.32 103.22 80.53 103.03 88.50 84.25 83.88 79.44 72.55 73.64 73.22 79.60 88.71 81.00 86.06 93.51 93.47 93.28 80.90 80.91 75.63 69.61 74.94 65.02 52.63 44.45
-9999 -9999 -9999 -9999 -9999 -9999 -9999 -9999 -9999 -9999 72.87 74.82 84.93 80.60 80.60 80.37 72.55 67.26 -9999 49.01 68.92 80.06 66.56 50.31 49.48 53.57 69.96 72.79 69.52 -9999 68.17 76.80 67.94 61.80 64.97 73.07 82.18 85.12 96.47 98.76 99.72 89.67 116.82 117.40 152.56 156.97 146.38 145.80 107.95 132.57 110.50 96.02 94.36 90.54 95.80 104.95 71.75 67.99 62.39 74.59 79.13 68.76 75.20 86.57 95.20 92.03 91.65 84.02 84.13 95.49 80.86 72.16 60.88 53.89 50.67
-9999 -9999 -9999 -9999 -9999 -9999 -9999 -9999 -9999 -9999 -9999 74.97 88.06 88.26 86.46 78.10 78.00 89.81 108.48 143.72 107.61 119.54 94.77 71.28 58.79 60.30 58.30 81.92 84.27 73.98 67.21 71.07 74.83 68.31 68.12 71.49 82.77 88.67 94.77 94.09 90.82 87.71 112.14 110.95 160.04 176.55 168.64 125.27 102.41 113.40 111.38 104.23 90.41 93.81 93.09 90.00 66.88 71.10 68.25 75.49 74.54 73.93 77.74 95.66 100.49 90.89 83.85 74.92 80.51 84.87 77.35 65.48 59.79 56.54 52.64
-9999 -9999 -9999 -9999 -9999 -9999 -9999 -9999 -9999 -9999 -9999 -9999 87.78 78.70 127.03 88.35 124.84 142.83 186.66 134.84 77.86 93.60 80.04 82.07 70.44 69.87 68.50 103.16 93.63 88.76 74.14 71.47 71.41 69.99 69.91 78.14 116.90 94.11 117.69 89.67 86.54 81.30 103.20 129.16 139.22 145.88 124.95 111.83 108.70 88.29 96.82 103.04 102.83 87.91 87.06 77.95 63.48 79.21 67.73 80.01 75.52 68.97 79.25 85.02 107.32 96.60 83.02 71.61 66.30 68.38 70.10 68.03 53.84 51.53 52.17
-9999 -9999 -9999 -9999 -9999 -9999 -9999 -9999 -9999 -9999 -9999 -9999 -9999 89.93 87.15 144.13 161.55 239.95 212.45 149.66 107.11 110.01 86.18 93.26 58.56 89.45 84.72 86.48 105.83 81.74 71.62 79.33 75.73 88.97 73.79 72.77 74.58 81.01 82.17 81.70 89.44 90.05 96.44 121.11 123.92 122.75 114.50 103.27 112.88 107.00 155.97 107.13 87.62 79.80 91.76 73.52 65.58 63.21 61.04 79.68 74.59 63.05 85.02 86.11 104.21 89.45 73.08 62.42 50.45 59.18 60.15 55.23 59.29 50.72 51.68
-9999 -9999 -9999 -9999 -9999 -9999 -9999 -9999 -9999 -9999 -9999 -9999 -9999 94.31 97.72 162.26 208.74 294.10 245.97 136.71 105.88 94.41 119.91 111.13 97.03 92.38 96.23 82.93 110.83 115.59 102.93 77.86 81.21 68.70 78.60 77.78 76.26 79.39 75.36 86.68 87.60 90.04 93.97 115.08 103.80 104.22 108.00 116.16 116.16 114.58 98.33 85.77 81.72 70.77 81.37 68.47 60.66 60.39 56.12 58.52 60.47 59.39 69.88 75.02 81.72 81.28 70.10 58.69 47.17 52.91 56.98 60.43 56.95 52.56 52.44
-9999 -9999 -9999 -9999 -9999 -9999 -9999 -9999 -9999 -9999 -9999 -9999 -9999 123.03 165.89 206.80 238.98 314.02 245.95 162.39 156.05 96.51 133.42 134.47 88.12 114.86 92.76 87.81 127.20 140.93 110.28 84.22 87.39 83.71 95.37 84.48 80.13 95.92 85.51 88.25 83.16 101.89 103.07 113.19 110.60 122.61 128.66 123.38 108.32 98.85 109.94 95.91 73.11 81.89 76.27 59.83 61.54 53.13 54.62 48.07 51.98 48.72 54.45 67.31 81.84 73.83 56.78 56.32 55.56 55.84 56.58 59.90 55.89 53.34 53.59
-9999 -9999 -9999 -9999 -9999 -9999 -9999 -9999 -9999 -9999 -9999 -9999 111.88 190.55 166.62 217.40 240.87 194.02 254.28 228.18 168.44 130.14 146.27 124.67 109.80 92.95 106.30 115.09 137.09 127.61 108.93 88.56 90.61 100.25 102.51 88.18 81.78 91.27 93.51 91.64 97.08 99.11 105.68 103.33 112.92 92.00 109.35 116.85 80.67 93.85 90.81 83.09 57.72 62.11 77.79 62.13 60.06 48.48 51.45 50.26 56.96 55.18 60.18 65.95 79.69 72.54 57.35 60.93 59.04 56.47 54.56 57.75 57.02 60.95 -9999
-9999 -9999 -9999 -9999 -9999 -9999 -9999 -9999 -9999 -9999 90.88 89.68 106.40 118.60 121.45 150.50 170.46 152.98 181.25 202.22 176.97 153.80 150.03 135.35 125.19 90.77 106.14 124.93 89.78 96.25 105.43 93.07 92.94 75.83 102.23 93.61 100.98 107.26 105.38 116.71 97.49 98.68 96.83 105.21 120.89 103.17 93.95 89.22 86.86 77.24 59.69 70.19 69.13 70.71 73.07 66.40 54.26 45.36 51.20 46.81 62.03 67.01 62.01 66.89 73.45 67.11 57.70 64.40 65.13 62.55 56.73 48.01 62.88 -9999 -9999
-9999 -9999 -9999 -9999 -9999 -9999 -9999 -9999 -9999 82.96 89.82 88.85 91.77 94.20 86.06 125.75 126.30 138.19 142.68 168.02 168.97 196.84 130.81 90.60 105.80 100.30 140.04 164.18 136.37 101.84 110.03 97.94 91.66 86.15 103.49 110.24 114.56 105.51 94.58 101.22 102.73 85.61 90.19 105.38 114.59 74.87 97.06 90.57 83.06 80.45 70.34 64.81 59.29 66.05 84.74 64.15 48.64 44.74 50.44 49.03 57.57 60.44 55.47 66.69 76.10 75.73 53.85 61.34 63.37 63.94 57.11 56.92 65.44 -9999 -9999
-9999 -9999 -9999 -9999 -9999 -9999 -9999 -9999 118.92 101.94 89.80 86.28 -9999 -9999 -9999 -9999 124.87 189.50 195.55 160.08 162.78 149.38 122.63 132.81 149.71 132.25 191.18 188.07 139.57 118.01 117.90 92.17 106.90 117.76 106.96 100.68 122.71 101.72 85.67 84.15 100.39 76.00 56.59 74.45 65.92 53.86 87.04 83.28 68.82 66.83 71.78 65.11 52.69 59.05 62.81 62.08 56.90 50.22 55.08 56.13 63.13 59.34 47.58 49.34 69.19 73.38 74.79 75.55 69.22 62.91 57.80 58.53 61.87 60.02 -9999
-9999 -9999 -9999 -9999 -9999 -9999 -9999 -9999 82.92 118.42 79.90 72.11 -9999 -9999 -9999 -9999 121.00 172.82 211.15 163.26 171.57 165.76 150.05 178.50 182.93 123.05 165.87 124.72 140.10 118.77 104.53 106.06 100.21 90.01 115.40 85.30 103.43 100.45 109.92 84.01 79.07 81.36 66.25 68.53 58.16 57.69 77.52 81.47 73.94 62.34 64.03 67.51 72.76 67.42 66.64 77.52 70.00 58.84 56.72 57.01 62.17 59.00 44.39 44.16 49.16 50.69 59.73 74.64 81.02 70.17 56.88 62.46 64.60 66.79 60.50
-9999 -9999 -9999 -9999 -9999 -9999 -9999 -9999 -9999 -9999 -9999 -9999 -9999 -9999 -9999 -9999 99.39 177.76 188.52 165.40 173.32 166.91 210.51 214.98 151.06 140.74 144.26 156.05 154.27 121.26 97.08 96.11 108.30 136.50 115.62 89.55 81.51 98.07 89.66 89.47 88.86 84.02 75.11 69.21 59.75 53.01 65.58 68.47 69.39 58.09 77.48 77.63 78.06 64.83 58.70 56.41 54.68 51.29 58.00 53.38 53.32 52.55 48.46 37.35 46.17 55.01 52.70 68.45 75.62 69.84 64.92 66.23 62.66 60.44 52.99
-9999 -9999 -9999 -9999 -9999 -9999 -9999 -9999 -9999 -9999 -9999 -9999 -9999 -9999 -9999 -9999 -9999 211.46 147.95 166.49 186.83 206.60 200.21 195.05 175.37 124.10 136.94 156.70 115.66 121.60 114.08 97.31 119.22 112.83 113.82 102.82 90.91 88.13 89.68 92.18 89.67 95.35 99.52 71.52 87.76 78.38 62.95 57.47 63.65 63.30 64.54 70.03 71.68 62.78 64.53 44.09 52.28 52.56 53.64 48.40 47.99 44.07 45.40 42.08 46.21 49.43 53.36 60.12 56.29 65.77 63.00 60.90 61.09 53.12 51.82
-9999 -9999 -9999 -9999 -9999 -9999 -9999 -9999 -9999 -9999 -9999 -9999 -9999 -9999 -9999 -9999 -9999 154.21 216.05 230.52 196.10 195.66 179.54 187.92 156.37 115.96 91.64 104.41 139.64 123.46 127.96 108.93 103.89 109.69 100.73 96.07 97.96 103.74 96.83 103.64 102.89 111.86 115.11 70.90 105.03 94.12 72.31 74.43 65.95 65.45 68.88 72.42 71.54 66.86 87.21 71.89 49.72 47.38 53.90 56.63 53.77 48.70 47.16 44.48 47.81 56.80 57.88 61.75 58.54 57.63 54.35 60.79 68.51 57.35 50.19
-9999 -9999 -9999 -9999 -9999 -9999 -9999 -9999 -9999 -9999 -9999 -9999 -9999 -9999 -9999 -9999 135.19 151.08 168.75 192.00 177.39 154.45 193.54 167.36 147.80 151.70 105.49 98.00 144.92 124.17 160.47 105.73 95.63 112.67 117.74 107.06 111.53 119.20 115.63 104.61 103.30 106.39 102.22 82.30 86.35 98.59 81.91 66.43 68.22 69.23 69.64 65.91 68.92 64.08 61.10 61.81 49.94 50.88 56.98 60.31 60.39 68.39 50.09 53.54 51.04 53.92 45.51 49.95 55.89 57.08 52.44 53.49 56.26 55.23 49.62
-9999 -9999 -9999 -9999 -9999 -9999 -9999 -9999 -9999 -9999 -9999 -9999 -9999 -9999 -9999 -9999 111.77 126.93 174.70 136.61 122.91 136.88 154.55 168.60 175.07 155.76 123.84 112.34 123.45 98.74 110.25 104.89 79.90 121.96 123.07 116.26 123.98 111.85 125.90 98.20 97.85 105.74 107.64 103.29 109.66 94.99 92.63 100.70 77.60 69.84 67.61 68.55 63.74 60.98 66.05 66.95 58.03 69.56 59.67 66.86 59.12 59.85 64.25 61.78 54.92 42.03 39.91 43.10 58.42 69.72 50.23 46.53 50.96 57.13 52.41
-9999 -9999 -9999 -9999 -9999 -9999 -9999 -9999 -9999 -9999 -9999 -9999 -9999 -9999 -9999 -9999 96.03 133.34 112.17 136.67 121.59 137.35 162.40 183.08 157.02 160.87 143.50 111.13 107.48 123.29 126.48 117.36 128.28 166.57 121.33 125.46 117.49 110.71 118.99 97.59 102.53 101.11 104.92 109.08 111.62 100.08 97.59 96.67 84.73 70.77 77.57 74.66 62.91 63.77 59.35 65.98 66.59 68.96 67.00 65.16 62.36 63.06 59.21 57.87 56.76 48.23 49.58 51.39 67.38 71.41 45.98 49.51 52.25 53.39 54.33
-9999 -9999 -9999 -9999 -9999 -9999 -9999 -9999 -9999 -9999 -9999 -9999 -9999 -9999 -9999 -9999 -9999 65.56 121.58 158.22 175.60 206.92 175.94 148.19 122.67 113.91 106.84 118.99 102.93 125.23 93.12 113.31 122.39 163.59 133.40 110.01 100.81 116.91 118.84 93.63 95.34 93.72 91.50 114.47 103.78 95.87 86.34 83.42 72.60 66.91 81.16 77.40 62.37 59.89 61.96 67.24 66.40 71.11 60.22 58.90 55.71 67.35 63.42 61.53 58.35 49.14 44.10 50.16 60.75 63.84 49.30 58.05 60.95 56.00 49.38
-9999 -9999 -9999 -9999 -9999 -9999 -9999 -9999 -9999 -9999 -9999 -9999 -9999 -9999 -9999 -9999 -9999 107.58 129.64 161.59 200.43 237.60 169.06 124.61 115.37 108.53 124.43 149.93 133.81 129.90 113.54 99.95 106.44 128.74 119.85 122.35 147.59 136.64 135.86 100.43 108.27 97.59 90.27 97.78 107.08 105.81 87.81 82.00 91.57 76.53 89.15 85.94 73.07 68.46 72.36 68.69 66.76 67.35 58.58 52.97 60.05 65.95 65.90 59.29 59.41 50.51 45.65 51.35 54.64 59.68 55.30 50.32 55.88 54.71 59.70
-9999 -9999 -9999 -9999 -9999 -9999 -9999 -9999 -9999 -9999 -9999 -9999 -9999 -9999 -9999 -9999 88.15 97.67 132.70 169.67 181.27 215.63 171.37 124.25 136.32 176.30 154.63 153.82 129.82 103.44 100.28 110.44 115.56 116.75 119.26 122.80 115.42 152.52 123.46 97.27 109.65 88.82 91.39 100.02 85.19 111.33 94.70 92.96 91.07 88.92 94.07 95.97 115.76 77.83 83.56 57.27 63.69 66.65 69.97 59.25 60.06 60.47 63.13 61.07 55.11 52.96 55.39 61.07 52.29 55.82 56.78 52.71 53.71 48.84 62.86
-9999 -9999 -9999 -9999 -9999 -9999 -9999 -9999 -9999 -9999 -9999 -9999 -9999 -9999 -9999 -9999 102.89 115.55 123.18 136.19 189.09 216.30 189.61 149.11 118.27 125.68 154.64 159.12 167.82 124.14 131.63 119.85 95.89 122.26 100.94 115.67 99.48 140.90 103.56 94.67 100.03 68.21 78.73 103.51 99.61 101.70 91.64 103.25 100.74 89.13 81.47 80.25 69.92 70.43 60.36 67.35 62.86 68.42 70.60 63.96 62.37 55.94 59.58 59.47 59.46 57.87 53.39 56.59 52.45 53.77 51.51 52.36 51.38 57.96 82.58
-9999 -9999 -9999 -9999 -9999 -9999 -9999 -9999 -9999 -9999 -9999 -9999 -9999 -9999 -9999 -9999 104.71 113.72 99.59 135.98 181.52 205.21 197.54 161.53 117.03 131.66 145.55 142.80 166.23 173.25 130.09 101.63 107.53 103.44 131.16 103.51 112.60 120.80 103.13 96.33 96.43 90.68 89.65 97.46 97.59 109.74 87.51 101.10 99.69 96.90 80.40 69.61 66.37 71.67 73.06 57.67 64.99 61.44 75.42 64.66 60.47 56.34 53.84 60.18 55.49 59.70 55.83 51.99 51.63 52.93 45.51 44.24 49.41 56.49 70.30
-9999 -9999 -9999 -9999 -9999 -9999 -9999 -9999 -9999 -9999 -9999 -9999 -9999 -9999 -9999 100.46 107.01 125.27 119.66 84.75 151.79 183.25 186.75 148.97 132.04 115.11 137.76 150.25 194.01 163.52 125.84 125.66 115.15 101.69 113.62 104.25 122.92 124.25 135.34 110.97 97.98 95.67 88.42 94.29 107.50 106.59 97.94 121.47 116.78 106.06 94.50 83.61 73.96 63.96 60.21 61.98 68.27 66.30 66.30 62.75 63.77 58.34 51.11 51.37 56.00 60.66 55.71 53.49 50.85 50.71 45.89 43.55 47.26 51.07 53.35
-9999 -9999 -9999 -9999 -9999 -9999 -9999 -9999 -9999 -9999 -9999 -9999 -9999 -9999 105.74 101.77 97.34 100.64 100.85 123.59 178.41 194.03 176.59 175.15 133.94 140.39 140.85 135.69 178.17 139.87 131.37 116.87 114.81 117.83 119.75 106.74 124.80 101.11 123.49 125.22 114.15 101.64 81.94 85.44 106.46 95.04 92.63 109.96 115.11 115.82 123.14 103.09 78.87 71.31 68.31 61.74 71.57 64.63 62.88 60.46 56.15 56.76 57.44 56.32 74.37 68.19 59.65 54.57 51.76 51.04 49.97 44.74 48.04 52.56 55.97
