Rainfall_2007-2011/Rainfall_2011-07_ACTUAL.txt
ncols         180
nrows         290
xllcorner     -200000
yllcorner     -200000
cellsize      5000
NODATA_value  -9999
[rows 204 to 237 of 290, columns 76 to 151 of 180]
61.34 70.44 70.58 73.58 92.52 101.49 111.85 108.58 119.83 98.32 109.08 106.29 115.99 134.21 162.80 127.10 117.89 87.98 91.77 103.07 130.87 114.93 92.41 94.11 51.32 56.46 48.98 72.93 73.41 71.76 46.97 50.47 56.84 50.77 46.25 48.75 49.83 44.41 41.36 34.72 34.10 34.14 38.92 29.18 26.51 37.73 42.25 44.00 40.67 44.79 47.78 48.48 51.48 49.16 49.92 43.25 50.86 43.29 45.88 48.32 47.99 45.12 56.05 52.62 44.69 54.54 65.23 45.00 45.97 48.35 52.49 54.63 55.52 56.97 57.90 51.29
58.59 62.61 70.57 64.93 70.36 75.29 100.03 96.44 100.87 106.55 101.78 113.93 108.01 112.97 112.20 108.22 112.61 120.21 119.09 148.41 197.91 128.64 119.12 108.00 112.70 96.02 55.79 53.57 93.58 73.05 59.69 60.65 70.40 57.15 49.64 56.37 59.62 46.68 43.74 31.51 31.37 40.50 38.98 40.33 46.49 48.74 35.78 46.41 48.19 43.90 39.77 47.32 52.26 48.16 46.78 51.88 60.69 43.36 47.69 44.26 43.11 43.83 47.27 47.15 49.83 52.77 53.91 58.30 70.48 46.28 50.87 52.26 51.69 51.94 56.91 55.01
-9999 69.12 67.71 67.65 73.88 71.99 76.02 83.06 84.66 84.39 87.52 99.64 102.18 121.32 112.37 131.97 114.65 116.12 116.07 148.35 179.54 182.97 146.13 152.24 158.92 102.44 91.71 74.55 52.52 64.46 72.01 61.94 78.75 58.29 65.51 58.84 55.42 37.84 35.45 31.47 33.84 43.47 45.07 52.82 54.98 55.87 51.55 56.74 56.38 50.51 49.06 52.54 50.41 45.09 47.13 50.56 51.31 42.31 41.57 38.10 39.11 39.01 46.30 51.17 50.85 41.83 43.37 61.01 55.14 38.21 42.13 44.53 45.50 49.28 53.61 53.37
60.09 61.71 56.34 65.86 76.72 91.29 101.02 93.50 72.99 78.89 83.00 86.13 108.29 132.26 101.88 103.16 79.88 96.60 109.13 131.26 147.53 154.47 127.59 128.54 111.95 111.71 107.03 76.28 75.83 88.86 67.77 87.94 65.20 72.21 65.69 59.67 46.65 42.51 34.76 39.30 46.12 58.46 52.42 57.53 60.13 46.46 52.59 68.13 65.53 47.10 44.69 45.48 44.00 45.43 47.17 45.60 63.10 41.45 39.86 38.95 38.98 39.28 44.07 56.13 52.46 44.93 39.98 50.35 40.92 38.68 39.89 37.93 42.73 49.37 55.44 55.09
54.68 58.15 68.60 79.70 85.00 93.57 103.17 77.97 58.91 63.53 69.71 78.03 76.21 92.15 99.59 87.25 98.19 112.15 129.89 148.86 136.14 109.00 96.80 90.31 86.43 98.09 110.49 78.49 81.43 81.49 61.14 67.25 67.47 63.93 65.27 55.75 52.79 38.02 37.57 39.60 45.56 51.34 57.16 47.84 51.18 45.49 52.28 53.99 49.28 40.14 40.47 41.84 39.21 48.43 44.26 38.86 39.53 38.10 38.17 40.21 39.10 39.08 43.27 56.64 57.94 53.26 49.82 57.39 41.71 42.28 47.83 43.03 49.69 67.23 56.01 60.28
-9999 57.15 82.66 90.18 86.85 79.95 73.05 -9999 -9999 -9999 -9999 66.71 74.90 78.39 71.43 76.25 90.14 95.63 123.74 128.66 124.04 163.15 160.00 109.93 91.00 88.34 98.07 88.13 87.00 72.66 65.19 55.79 58.15 64.26 55.91 51.78 50.03 43.92 35.79 42.03 56.93 49.05 52.79 45.43 40.93 39.77 38.84 37.96 39.02 38.71 39.00 41.83 39.65 41.15 40.29 36.42 35.44 34.57 39.48 43.17 63.39 49.85 49.59 61.56 70.73 50.92 47.47 48.61 57.95 53.64 54.23 56.13 65.04 64.34 61.56 61.26
-9999 70.18 97.79 100.99 75.64 77.04 56.75 -9999 -9999 -9999 -9999 -9999 -9999 -9999 70.31 74.80 78.04 85.42 104.03 137.53 183.62 174.68 174.11 127.83 118.70 100.65 101.83 59.59 87.41 97.83 70.27 62.11 88.75 80.93 73.53 50.80 47.90 42.24 52.29 70.58 64.11 48.50 48.30 44.52 46.42 41.92 37.66 39.85 37.99 36.52 40.19 38.86 35.71 32.83 33.06 32.05 36.56 37.06 43.24 47.58 43.15 56.13 50.80 58.59 57.92 42.99 44.59 47.66 55.26 54.46 56.42 69.46 69.63 79.23 60.75 52.37
-9999 -9999 -9999 78.51 -9999 -9999 -9999 -9999 -9999 -9999 -9999 -9999 47.09 61.90 78.60 79.66 65.00 68.95 89.09 125.75 165.58 183.98 185.07 137.17 107.35 101.07 108.27 81.57 84.58 76.00 65.84 65.26 83.01 75.20 71.07 60.34 57.67 66.36 64.03 96.16 66.40 50.99 47.18 47.62 45.40 42.98 39.75 40.03 36.35 31.07 30.41 31.25 29.77 28.76 35.26 30.48 36.21 37.70 45.41 41.78 50.38 42.12 44.83 49.04 37.46 42.69 42.62 48.87 55.87 57.65 56.00 59.64 90.89 79.77 74.98 56.52
-9999 -9999 -9999 -9999 -9999 -9999 -9999 -9999 -9999 -9999 -9999 -9999 38.29 51.63 72.72 77.15 78.79 -9999 -9999 94.62 147.32 148.46 151.26 124.65 122.80 109.85 110.23 84.76 75.88 68.53 65.13 62.66 56.82 73.55 66.43 70.86 72.97 67.48 71.30 83.10 61.52 59.57 38.58 61.23 51.74 44.37 36.53 36.41 36.06 32.95 32.01 36.51 30.35 35.87 33.49 34.60 37.48 34.37 31.86 40.53 41.89 43.59 49.92 48.88 39.66 41.11 45.98 55.16 50.66 51.18 60.03 55.07 56.66 61.40 55.68 50.84
-9999 -9999 -9999 -9999 -9999 -9999 -9999 -9999 -9999 -9999 -9999 -9999 -9999 -9999 -9999 -9999 -9999 -9999 -9999 86.05 99.72 128.22 128.04 110.89 109.09 101.08 86.21 76.79 72.96 66.70 64.94 65.37 59.82 -9999 72.18 82.02 86.66 82.68 74.08 80.83 73.01 66.88 55.76 53.63 48.64 50.19 36.65 34.29 41.55 37.67 35.59 36.24 47.61 44.56 38.21 39.64 38.07 36.96 42.36 42.08 41.90 43.83 49.72 43.97 38.74 43.34 48.33 42.56 48.17 46.21 44.71 52.40 50.48 50.67 49.18 46.88
-9999 -9999 -9999 -9999 -9999 -9999 -9999 -9999 -9999 -9999 -9999 -9999 -9999 -9999 -9999 -9999 -9999 -9999 -9999 -9999 82.73 88.57 101.14 106.99 96.81 83.35 82.28 81.39 75.64 -9999 -9999 -9999 -9999 83.91 73.20 81.70 86.15 80.85 82.29 82.20 81.55 76.31 60.08 55.61 55.65 53.97 51.03 41.59 45.46 40.43 41.91 40.84 49.46 47.15 38.98 36.87 33.69 42.27 51.99 44.92 45.18 40.41 46.24 39.01 41.01 50.00 48.02 35.88 44.65 68.76 48.26 47.28 54.28 46.33 44.61 42.13
-9999 -9999 -9999 -9999 -9999 -9999 -9999 -9999 -9999 -9999 -9999 -9999 -9999 -9999 -9999 -9999 -9999 -9999 -9999 -9999 -9999 85.13 89.40 93.41 92.08 80.49 72.80 69.34 -9999 -9999 -9999 -9999 83.48 109.78 100.08 74.51 74.57 80.81 97.98 82.19 73.73 66.42 60.96 50.67 53.90 55.65 42.72 49.00 47.23 42.46 43.60 38.87 44.63 41.67 38.30 32.92 39.69 41.80 47.54 44.97 41.21 36.51 43.35 43.73 38.84 38.56 46.56 45.64 44.92 52.86 40.11 43.05 48.33 41.96 40.31 39.61
-9999 -9999 -9999 -9999 -9999 -9999 -9999 -9999 -9999 -9999 -9999 -9999 -9999 -9999 -9999 -9999 -9999 -9999 -9999 -9999 -9999 -9999 69.41 64.25 82.24 75.59 62.61 57.91 -9999 -9999 -9999 74.28 86.25 92.69 101.80 81.43 71.70 77.86 84.10 80.88 84.04 64.25 56.27 55.51 57.23 53.20 52.45 53.71 52.25 39.48 31.34 35.89 44.67 55.40 38.75 38.07 40.53 42.08 44.63 42.46 41.84 44.10 37.54 47.55 40.96 48.18 45.91 47.93 55.25 53.01 44.74 46.89 47.02 51.13 37.82 34.76
-9999 -9999 -9999 -9999 -9999 -9999 -9999 -9999 -9999 -9999 -9999 -9999 -9999 -9999 -9999 -9999 -9999 -9999 -9999 -9999 -9999 -9999 -9999 -9999 -9999 -9999 -9999 -9999 -9999 -9999 89.34 81.75 84.47 79.54 77.83 66.13 70.40 75.88 71.38 72.31 66.27 47.88 48.13 54.91 49.90 46.91 51.37 51.70 48.06 44.66 43.31 42.92 44.15 51.17 46.48 44.43 47.37 43.12 56.23 45.68 37.99 39.87 42.05 46.06 48.08 49.99 52.93 68.55 64.99 79.64 54.48 51.83 54.39 53.79 44.69 45.78
-9999 -9999 -9999 -9999 -9999 -9999 -9999 -9999 -9999 -9999 -9999 -9999 -9999 -9999 -9999 -9999 -9999 -9999 -9999 -9999 -9999 -9999 -9999 -9999 -9999 -9999 -9999 -9999 -9999 -9999 68.24 85.29 90.20 111.57 93.69 69.31 73.49 82.35 65.85 55.34 49.91 49.02 46.99 48.86 50.80 46.91 50.59 52.07 50.57 52.56 45.97 40.74 51.19 49.21 42.89 41.86 46.63 52.16 47.93 46.84 42.57 39.94 49.54 51.58 53.45 47.98 66.08 76.04 71.64 68.82 75.02 65.65 64.99 55.54 48.46 48.12
-9999 -9999 -9999 -9999 -9999 -9999 -9999 -9999 -9999 -9999 -9999 -9999 -9999 -9999 -9999 -9999 -9999 -9999 -9999 -9999 -9999 -9999 -9999 -9999 -9999 -9999 -9999 -9999 -9999 -9999 67.93 74.31 86.05 99.44 100.21 91.64 83.82 74.12 55.53 55.50 48.84 44.25 53.84 60.43 58.11 53.91 59.31 46.33 41.78 44.46 45.70 46.91 47.38 55.36 47.58 45.84 47.69 50.23 47.02 49.10 46.62 52.31 64.52 54.54 63.86 63.16 72.22 67.51 72.83 84.31 68.92 63.97 58.70 61.77 48.62 44.09
-9999 -9999 -9999 -9999 -9999 -9999 -9999 -9999 -9999 -9999 -9999 -9999 -9999 71.35 71.23 89.35 114.79 114.79 127.04 108.47 102.35 52.05 74.60 50.31 -9999 -9999 -9999 -9999 -9999 -9999 65.50 67.94 80.48 81.42 86.35 95.57 91.44 83.57 65.29 54.89 50.73 48.18 63.28 49.48 44.36 46.89 52.74 44.21 35.86 39.64 40.57 37.57 49.38 48.78 58.23 63.18 61.62 57.10 47.82 55.03 60.23 51.16 54.04 62.92 67.37 71.25 71.02 66.29 66.34 70.93 64.56 60.86 51.70 42.04 43.98 43.66
-9999 -9999 -9999 -9999 -9999 -9999 -9999 -9999 -9999 -9999 -9999 -9999 -9999 85.29 101.10 106.88 87.92 136.82 174.77 143.57 128.20 102.29 67.09 55.53 39.42 47.04 58.82 53.64 52.14 66.56 61.69 56.37 79.65 73.83 69.93 77.73 88.44 78.27 79.28 59.04 70.41 70.21 56.03 54.59 49.04 39.53 48.56 39.67 38.84 39.81 40.75 41.04 44.49 65.03 59.62 58.03 48.27 61.30 60.04 55.67 58.98 56.45 53.92 58.21 59.51 79.77 74.99 75.58 81.88 67.33 71.40 53.80 54.34 50.53 49.28 42.74
-9999 -9999 -9999 -9999 -9999 -9999 -9999 -9999 -9999 -9999 -9999 -9999 63.62 77.68 90.44 96.54 97.41 138.09 157.49 136.35 126.90 102.91 86.65 68.89 42.64 47.03 48.84 83.52 49.06 61.29 53.21 62.92 52.94 60.92 58.52 65.90 67.56 68.20 68.42 83.66 72.71 82.61 63.17 50.10 47.99 41.71 41.57 40.43 38.98 39.79 42.27 41.67 46.95 53.16 60.79 61.78 65.49 71.50 57.56 62.05 77.98 69.91 58.80 41.51 62.23 59.20 70.88 68.86 65.31 66.30 60.67 51.52 51.68 45.13 47.06 49.16
-9999 -9999 -9999 -9999 -9999 -9999 -9999 -9999 -9999 -9999 -9999 -9999 -9999 74.68 81.50 74.53 93.47 107.20 126.43 129.46 109.58 85.99 74.71 78.82 69.96 60.78 50.66 41.41 50.11 43.14 40.76 27.68 28.88 42.75 55.38 48.40 51.06 56.59 59.88 68.94 66.94 64.77 61.36 55.18 47.46 45.21 40.31 40.42 38.14 48.27 47.58 41.45 49.38 55.66 57.76 64.76 70.96 78.12 64.48 51.76 66.01 65.50 63.30 59.50 60.66 59.60 61.20 70.22 58.15 53.12 50.38 49.81 40.72 45.02 48.24 49.01
-9999 -9999 -9999 -9999 -9999 -9999 -9999 -9999 -9999 63.86 -9999 -9999 59.51 60.30 70.94 71.57 82.12 91.43 92.96 97.41 86.18 83.61 122.00 72.03 71.64 69.36 43.32 42.55 36.12 33.23 31.56 22.99 37.90 30.41 36.10 34.74 38.90 50.11 46.94 45.25 39.26 52.21 51.20 39.55 54.67 46.52 37.08 31.28 30.79 39.24 43.96 48.11 48.64 48.36 57.55 56.43 69.17 68.31 75.90 66.65 63.03 61.37 61.78 66.28 64.97 69.92 63.05 57.68 43.08 47.40 46.77 44.03 38.63 37.65 47.58 47.50
-9999 -9999 -9999 -9999 -9999 -9999 -9999 -9999 74.15 83.23 82.05 77.90 65.92 76.69 88.11 79.76 67.93 75.94 72.64 95.14 89.96 78.21 61.55 55.55 58.81 47.94 47.12 40.52 31.71 32.65 26.77 26.55 27.26 27.95 31.48 32.59 40.68 42.36 41.79 44.53 46.40 59.40 53.33 50.09 57.79 40.79 43.78 37.13 28.89 32.61 35.39 34.63 46.57 47.05 51.06 59.49 62.76 58.26 54.69 60.70 61.33 63.88 68.10 71.44 77.93 74.02 59.05 51.64 46.41 42.93 40.78 43.88 35.29 40.71 38.39 48.77
-9999 -9999 -9999 -9999 -9999 -9999 -9999 -9999 85.30 89.19 85.92 80.51 88.29 98.02 91.58 83.92 90.61 72.56 68.53 80.66 77.69 77.00 49.28 49.40 44.05 41.17 44.44 50.85 37.61 32.96 34.69 40.18 28.52 35.73 38.23 39.78 39.92 38.62 43.62 42.57 42.90 42.69 41.99 45.82 36.17 35.29 44.41 42.39 36.34 33.10 32.85 31.47 39.40 41.31 40.82 49.83 67.70 69.76 65.33 66.44 83.70 69.77 71.79 80.08 88.03 74.36 65.23 48.81 46.16 42.55 43.11 44.93 45.93 45.01 41.40 47.67
-9999 -9999 -9999 -9999 -9999 -9999 -9999 -9999 95.24 101.93 93.90 90.62 92.80 103.37 115.39 84.56 65.80 67.52 88.08 81.60 68.58 59.07 44.41 37.08 35.39 36.85 44.57 48.92 51.81 38.76 35.10 30.68 33.98 37.50 42.64 39.01 52.50 45.77 44.44 43.39 41.01 43.40 33.94 42.77 37.47 41.40 44.37 35.44 40.04 40.77 37.95 28.74 29.78 48.60 45.18 53.64 52.70 66.90 67.77 75.23 82.48 79.37 77.31 98.21 61.77 94.09 69.22 49.17 45.39 54.68 53.76 56.47 43.62 44.25 47.89 50.43
-9999 -9999 -9999 -9999 -9999 -9999 -9999 -9999 74.53 91.65 86.69 76.24 78.54 88.08 84.29 64.67 79.93 75.56 100.34 76.85 57.38 47.00 35.29 36.92 31.21 37.54 43.60 43.34 41.28 46.14 37.30 40.26 38.76 41.56 45.04 45.07 43.29 42.66 41.10 42.22 43.80 34.73 41.10 37.97 35.57 47.96 46.68 37.34 40.88 39.22 39.23 33.95 33.68 45.97 48.38 51.12 59.75 55.32 60.14 65.44 62.61 65.90 68.83 67.02 68.13 69.14 59.32 50.60 51.40 47.36 49.29 57.96 47.71 44.84 61.34 54.82
-9999 -9999 -9999 -9999 -9999 -9999 -9999 -9999 66.55 67.63 74.32 78.53 79.91 89.05 80.47 71.56 71.55 69.32 71.37 55.90 46.05 41.36 37.86 33.10 26.03 28.86 33.08 32.04 39.81 33.66 33.17 43.68 43.18 50.61 56.52 49.13 47.05 49.95 49.78 42.29 41.46 37.61 45.45 38.51 43.56 51.79 53.44 39.87 45.22 36.80 30.44 37.61 36.31 42.92 48.10 54.34 47.65 45.55 55.30 52.41 55.22 60.69 56.37 57.68 61.18 55.04 50.01 48.04 -9999 -9999 40.95 42.24 55.86 49.88 50.58 57.17
-9999 -9999 -9999 -9999 -9999 -9999 -9999 64.02 56.20 58.38 57.53 75.48 80.80 105.14 84.84 81.18 68.70 71.55 66.05 45.95 40.18 33.18 35.99 27.62 23.26 28.13 29.21 32.78 34.60 30.68 38.41 36.74 34.48 43.07 43.73 41.42 51.17 49.35 45.02 45.87 41.45 37.44 37.00 32.35 42.23 41.66 39.46 39.85 42.21 40.19 48.56 39.44 41.71 53.00 -9999 -9999 44.28 39.89 55.27 52.32 50.40 56.20 54.07 -9999 -9999 -9999 -9999 -9999 -9999 -9999 -9999 -9999 -9999 45.41 41.94 45.09
-9999 -9999 -9999 -9999 -9999 -9999 69.90 70.05 67.56 65.92 61.58 60.67 69.25 93.69 86.06 99.90 95.31 77.85 60.83 45.25 36.64 23.46 23.64 22.96 24.23 24.99 31.03 33.84 39.83 44.49 36.89 32.46 29.66 33.40 47.72 51.27 52.09 48.54 48.13 44.71 39.29 33.71 33.34 32.39 38.40 39.90 39.63 36.48 30.85 35.69 41.61 -9999 50.73 60.12 54.19 53.56 51.17 -9999 -9999 -9999 -9999 47.30 -9999 -9999 -9999 -9999 -9999 -9999 -9999 -9999 -9999 -9999 -9999 -9999 -9999 -9999
-9999 -9999 -9999 -9999 -9999 58.99 82.58 81.92 77.42 63.71 55.76 54.71 61.18 62.00 101.05 132.46 147.43 90.24 56.85 50.81 25.76 32.34 22.06 25.00 26.65 22.19 23.95 24.70 29.13 -9999 -9999 -9999 -9999 -9999 41.00 51.31 57.33 51.11 52.54 46.06 36.62 33.22 32.91 35.44 37.73 -9999 -9999 -9999 -9999 -9999 57.23 57.59 62.17 76.70 59.42 55.26 51.39 -9999 -9999 -9999 -9999 -9999 -9999 -9999 -9999 -9999 -9999 -9999 -9999 -9999 -9999 -9999 -9999 -9999 -9999 -9999
-9999 -9999 -9999 -9999 51.74 66.06 95.41 92.70 98.06 76.84 73.96 57.09 69.49 84.95 104.76 137.99 147.98 104.29 73.07 45.84 44.73 29.53 26.29 23.97 24.51 25.92 -9999 -9999 -9999 -9999 -9999 -9999 -9999 -9999 -9999 38.97 50.08 46.04 55.32 53.76 48.37 38.40 50.48 56.03 44.75 -9999 -9999 -9999 -9999 -9999 -9999 -9999 48.05 52.86 48.04 55.11 -9999 -9999 -9999 -9999 -9999 -9999 -9999 -9999 -9999 -9999 -9999 -9999 -9999 -9999 -9999 -9999 -9999 -9999 -9999 -9999
-9999 44.55 42.02 47.01 51.99 69.94 81.95 93.93 105.22 85.69 74.29 70.62 78.32 87.39 96.95 130.00 120.86 80.18 50.60 56.54 35.16 30.23 33.16 24.02 -9999 -9999 -9999 -9999 -9999 -9999 -9999 -9999 -9999 -9999 -9999 -9999 -9999 37.54 -9999 -9999 -9999 -9999 41.75 53.78 48.41 -9999 -9999 -9999 -9999 -9999 -9999 -9999 -9999 42.82 53.65 41.65 -9999 -9999 -9999 -9999 -9999 -9999 -9999 -9999 -9999 -9999 -9999 -9999 -9999 -9999 -9999 -9999 -9999 -9999 -9999 -9999
-9999 43.32 45.40 47.72 52.27 79.83 94.88 99.79 97.65 84.40 81.01 90.99 71.36 74.27 93.72 123.48 113.02 82.50 54.30 38.98 31.62 25.19 20.73 -9999 -9999 -9999 -9999 -9999 -9999 -9999 -9999 -9999 -9999 -9999 -9999 -9999 -9999 36.47 -9999 -9999 -9999 -9999 -9999 -9999 -9999 -9999 -9999 -9999 -9999 -9999 -9999 -9999 -9999 -9999 -9999 -9999 -9999 -9999 -9999 -9999 -9999 -9999 -9999 -9999 -9999 -9999 -9999 -9999 -9999 -9999 -9999 -9999 -9999 -9999 -9999 -9999
-9999 43.51 56.00 58.06 49.16 49.33 81.04 86.26 89.31 79.89 74.66 74.94 65.76 72.20 79.46 116.66 122.01 119.19 62.88 47.25 36.31 34.47 31.84 -9999 -9999 -9999 -9999 -9999 -9999 -9999 -9999 -9999 -9999 -9999 -9999 -9999 -9999 -9999 -9999 -9999 -9999 -9999 -9999 -9999 -9999 -9999 -9999 -9999 -9999 -9999 -9999 -9999 -9999 -9999 -9999 -9999 -9999 -9999 -9999 -9999 -9999 -9999 -9999 -9999 -9999 -9999 -9999 -9999 -9999 -9999 -9999 -9999 -9999 -9999 -9999 -9999
39.57 39.82 55.24 65.69 56.49 59.13 73.57 77.88 93.78 83.58 66.32 57.00 64.01 68.53 79.27 91.55 101.61 101.50 79.94 49.69 41.92 40.25 25.88 -9999 -9999 -9999 -9999 -9999 -9999 -9999 -9999 -9999 -9999 -9999 -9999 -9999 -9999 -9999 -9999 -9999 -9999 -9999 -9999 -9999 -9999 -9999 -9999 -9999 -9999 -9999 -9999 -9999 -9999 -9999 -9999 -9999 -9999 -9999 -9999 -9999 -9999 -9999 -9999 -9999 -9999 -9999 -9999 -9999 -9999 -9999 -9999 -9999 -9999 -9999 -9999 -9999
