Rainfall_2007-2011/Rainfall_2009-08_ACTUAL.txt
ncols         180
nrows         290
xllcorner     -200000
yllcorner     -200000
cellsize      5000
NODATA_value  -9999
[rows 136 to 169 of 290, columns 75 to 149 of 180]
-9999 -9999 -9999 -9999 190.51 205.75 210.27 254.21 249.80 265.33 249.77 240.85 259.23 293.72 332.46 498.99 417.54 340.96 272.61 255.31 253.10 278.07 277.08 301.17 281.42 281.57 232.51 225.54 213.30 201.96 205.85 207.80 197.95 180.72 188.13 177.04 154.28 145.76 126.80 118.76 117.46 91.87 64.61 73.93 77.06 59.56 42.78 41.83 31.03 31.05 34.01 38.51 40.27 -9999 -9999 -9999 -9999 -9999 -9999 -9999 -9999 -9999 -9999 -9999 -9999 -9999 -9999 -9999 -9999 -9999 -9999 -9999 -9999 -9999 -9999
-9999 -9999 -9999 -9999 174.89 187.43 180.03 211.83 208.66 236.83 238.67 249.07 245.49 251.36 300.38 402.44 407.38 375.25 297.49 252.57 244.35 288.45 304.99 356.69 299.59 -9999 -9999 -9999 183.93 185.84 -9999 170.22 160.10 162.23 166.41 138.49 135.56 128.67 109.43 99.68 101.54 78.51 63.59 61.96 49.93 35.12 42.12 39.98 37.55 29.95 32.44 36.72 37.33 -9999 -9999 -9999 -9999 -9999 -9999 -9999 -9999 -9999 -9999 -9999 -9999 -9999 -9999 -9999 -9999 -9999 -9999 -9999 -9999 -9999 -9999
-9999 -9999 -9999 -9999 149.21 177.81 185.89 195.24 205.31 223.74 242.84 246.54 234.86 233.71 269.00 399.86 360.13 361.62 310.82 261.97 302.51 275.05 262.85 254.15 253.60 -9999 -9999 -9999 193.91 186.52 176.24 153.21 152.16 145.19 132.12 137.75 143.48 142.69 118.68 118.67 89.92 54.90 69.85 62.41 48.91 42.39 40.33 31.52 39.85 47.31 44.20 39.01 41.25 -9999 -9999 -9999 -9999 -9999 -9999 -9999 -9999 -9999 -9999 -9999 -9999 -9999 -9999 -9999 -9999 -9999 -9999 -9999 -9999 -9999 -9999
-9999 -9999 -9999 -9999 -9999 155.47 193.11 184.26 -9999 221.19 239.94 235.33 236.11 213.83 -9999 279.44 251.15 271.12 264.88 273.81 329.49 297.17 219.39 -9999 -9999 -9999 -9999 160.17 159.53 164.14 136.77 137.51 125.05 116.57 107.65 129.96 152.38 181.21 126.42 135.06 98.79 83.35 70.21 51.19 53.40 37.45 35.73 39.19 42.76 44.61 40.61 42.28 43.55 47.23 -9999 -9999 -9999 -9999 -9999 -9999 -9999 -9999 -9999 -9999 -9999 -9999 -9999 -9999 -9999 -9999 -9999 -9999 -9999 -9999 -9999
-9999 -9999 -9999 -9999 -9999 -9999 153.64 -9999 -9999 -9999 205.69 202.64 215.74 242.15 223.96 -9999 -9999 228.06 220.30 261.48 318.87 -9999 -9999 -9999 -9999 -9999 178.31 175.24 169.17 167.45 144.16 144.44 119.20 110.92 120.75 122.24 137.61 150.14 160.54 136.89 116.44 99.10 84.32 62.78 60.55 52.17 48.55 37.75 47.14 47.33 37.37 44.54 60.83 63.02 -9999 -9999 -9999 -9999 -9999 -9999 -9999 -9999 -9999 -9999 -9999 -9999 -9999 -9999 -9999 -9999 -9999 -9999 -9999 -9999 -9999
-9999 -9999 -9999 -9999 -9999 -9999 134.85 129.18 -9999 -9999 -9999 176.96 205.78 246.11 232.95 -9999 -9999 -9999 -9999 246.14 -9999 -9999 -9999 -9999 -9999 -9999 161.15 186.27 174.88 158.79 166.76 154.20 107.34 99.44 100.55 117.39 114.93 131.75 149.53 128.84 132.58 109.43 95.24 67.57 61.98 60.22 51.34 44.75 47.80 42.52 33.91 40.44 59.95 51.52 -9999 -9999 -9999 -9999 -9999 -9999 -9999 -9999 -9999 -9999 -9999 -9999 -9999 -9999 -9999 -9999 -9999 -9999 -9999 -9999 -9999
-9999 -9999 -9999 -9999 -9999 -9999 -9999 142.99 -9999 -9999 -9999 -9999 198.76 222.56 215.24 -9999 -9999 -9999 -9999 -9999 -9999 -9999 -9999 -9999 -9999 196.95 187.71 219.02 194.07 197.58 202.79 179.37 149.85 106.96 96.36 93.05 107.24 129.08 179.50 173.31 148.85 110.03 84.27 65.65 62.78 49.16 43.29 50.37 51.52 40.91 37.85 43.38 66.30 60.55 46.54 -9999 -9999 -9999 -9999 -9999 -9999 -9999 -9999 -9999 -9999 -9999 -9999 -9999 -9999 -9999 -9999 -9999 -9999 -9999 -9999
-9999 -9999 -9999 -9999 -9999 -9999 -9999 159.36 -9999 -9999 -9999 -9999 -9999 -9999 -9999 -9999 -9999 -9999 -9999 -9999 -9999 -9999 -9999 -9999 -9999 202.71 193.86 224.76 194.56 175.45 249.98 223.42 175.68 143.85 84.35 74.42 67.16 88.35 150.79 183.61 144.26 104.66 134.59 114.66 101.88 76.79 60.40 43.12 47.34 47.83 50.99 48.14 53.82 54.99 47.05 39.20 -9999 -9999 -9999 -9999 -9999 -9999 -9999 -9999 -9999 -9999 -9999 -9999 -9999 -9999 -9999 -9999 -9999 -9999 -9999
-9999 -9999 -9999 -9999 -9999 -9999 -9999 -9999 -9999 -9999 -9999 -9999 -9999 -9999 -9999 -9999 -9999 -9999 -9999 -9999 -9999 -9999 -9999 -9999 166.88 202.13 206.99 231.17 270.27 233.59 347.37 278.87 187.21 130.39 96.66 76.59 69.93 72.19 108.48 185.45 156.13 118.05 103.06 84.87 78.77 64.15 55.03 47.19 43.74 50.50 49.76 44.28 47.42 51.36 48.62 40.18 -9999 -9999 -9999 -9999 -9999 -9999 -9999 -9999 -9999 -9999 -9999 -9999 -9999 -9999 -9999 -9999 -9999 -9999 -9999
-9999 -9999 -9999 -9999 -9999 -9999 -9999 -9999 -9999 -9999 -9999 -9999 -9999 -9999 -9999 -9999 -9999 -9999 -9999 -9999 -9999 -9999 -9999 -9999 209.52 239.83 238.70 286.44 377.55 316.07 270.85 284.93 267.82 194.61 136.80 84.03 112.27 98.32 95.64 120.88 166.29 117.94 89.24 70.89 59.23 45.26 42.19 35.62 34.13 57.09 54.30 50.24 45.11 48.10 45.39 43.86 40.27 34.26 33.30 -9999 -9999 -9999 -9999 -9999 -9999 -9999 -9999 -9999 -9999 -9999 -9999 -9999 -9999 -9999 -9999
105.59 -9999 -9999 -9999 -9999 -9999 -9999 -9999 -9999 -9999 -9999 -9999 -9999 -9999 -9999 -9999 -9999 -9999 -9999 -9999 -9999 -9999 -9999 -9999 220.09 257.48 311.10 334.29 410.46 423.56 411.29 436.86 354.05 257.46 234.33 189.39 160.12 160.15 84.16 83.47 94.21 60.51 78.25 64.04 54.24 35.94 37.79 41.67 46.71 58.29 58.90 46.57 45.45 46.12 45.85 45.75 57.56 43.18 47.64 36.77 27.36 -9999 -9999 -9999 -9999 -9999 -9999 -9999 -9999 -9999 -9999 -9999 -9999 -9999 -9999
-9999 -9999 -9999 -9999 -9999 -9999 -9999 -9999 -9999 -9999 -9999 -9999 -9999 -9999 -9999 -9999 -9999 -9999 -9999 -9999 -9999 -9999 -9999 -9999 185.57 282.15 376.95 478.27 630.35 630.63 444.07 419.33 416.80 372.88 239.12 326.71 280.22 199.67 119.36 116.69 83.18 59.83 76.99 66.14 63.25 48.41 44.59 54.04 51.82 62.37 64.44 44.87 47.27 54.60 52.00 54.14 57.27 70.93 61.47 36.63 35.12 34.06 23.41 -9999 -9999 -9999 -9999 -9999 -9999 -9999 -9999 -9999 -9999 -9999 -9999
-9999 -9999 -9999 -9999 -9999 -9999 -9999 -9999 -9999 -9999 -9999 -9999 -9999 -9999 -9999 -9999 -9999 -9999 -9999 -9999 -9999 -9999 -9999 -9999 183.36 224.60 316.54 388.96 428.38 622.07 504.20 440.80 377.52 307.90 343.93 336.81 265.99 206.57 174.89 141.16 90.88 123.96 109.44 99.10 87.21 73.84 66.27 71.97 66.05 53.29 52.35 47.02 48.97 52.45 50.34 50.10 52.30 70.30 51.03 38.54 39.80 40.16 25.40 28.44 -9999 -9999 -9999 -9999 -9999 -9999 -9999 -9999 -9999 -9999 -9999
-9999 -9999 -9999 -9999 -9999 -9999 -9999 -9999 -9999 -9999 -9999 -9999 160.00 150.37 148.40 -9999 -9999 -9999 -9999 -9999 -9999 -9999 -9999 -9999 -9999 183.28 214.92 285.76 291.18 319.94 435.53 313.37 222.83 232.52 300.41 273.75 245.64 240.99 213.59 161.28 138.26 138.84 119.83 124.85 95.71 70.04 67.23 73.19 62.20 52.03 46.38 45.67 48.47 49.13 52.06 70.54 59.77 80.96 76.09 61.50 61.30 47.76 44.61 30.70 22.63 -9999 -9999 -9999 -9999 -9999 -9999 -9999 -9999 -9999 -9999
-9999 -9999 -9999 -9999 -9999 -9999 -9999 -9999 -9999 -9999 -9999 -9999 145.41 165.97 -9999 -9999 -9999 -9999 -9999 -9999 -9999 -9999 -9999 -9999 -9999 -9999 216.06 247.73 315.53 317.18 389.69 265.26 236.20 203.02 204.79 206.96 175.89 169.55 249.77 188.45 176.45 171.41 125.87 97.12 69.24 81.58 55.86 69.83 62.08 50.51 44.93 47.79 47.34 51.11 56.06 67.01 65.71 65.07 58.21 58.37 65.19 60.06 55.49 42.87 37.85 -9999 -9999 -9999 -9999 -9999 -9999 -9999 -9999 -9999 -9999
-9999 -9999 -9999 -9999 -9999 -9999 -9999 -9999 -9999 -9999 -9999 167.73 194.69 209.08 193.02 -9999 -9999 -9999 -9999 -9999 -9999 -9999 -9999 -9999 -9999 -9999 173.87 229.94 292.63 268.98 239.37 238.93 182.30 184.15 182.73 167.41 165.65 171.91 168.78 213.50 158.76 135.16 115.97 112.12 115.57 80.46 74.72 53.15 47.48 38.77 43.60 50.07 46.31 56.97 61.53 70.44 71.70 67.17 62.48 59.82 56.25 63.77 60.31 45.33 43.73 32.68 -9999 -9999 -9999 -9999 -9999 -9999 -9999 -9999 -9999
-9999 -9999 -9999 -9999 -9999 -9999 -9999 -9999 -9999 -9999 177.93 255.70 265.34 272.27 195.60 -9999 -9999 -9999 -9999 -9999 -9999 -9999 -9999 -9999 -9999 -9999 179.74 192.14 205.88 199.14 205.27 178.17 180.53 172.87 155.83 159.69 168.97 151.90 178.37 169.00 180.67 145.10 144.32 105.56 99.75 66.52 68.37 50.83 38.10 41.45 42.21 43.09 49.12 53.36 63.20 76.97 70.80 58.51 59.12 54.59 59.81 58.82 59.72 51.20 36.79 31.56 -9999 -9999 -9999 -9999 -9999 -9999 -9999 -9999 -9999
-9999 -9999 -9999 -9999 -9999 -9999 -9999 -9999 -9999 137.39 173.96 296.77 248.20 202.30 -9999 -9999 -9999 -9999 -9999 -9999 -9999 -9999 -9999 -9999 -9999 -9999 -9999 168.34 167.03 167.03 184.59 157.94 147.81 131.88 127.79 129.03 155.70 137.28 161.39 173.59 177.49 172.26 185.10 150.41 127.15 85.47 65.88 44.52 50.51 44.07 44.99 45.71 51.40 55.34 52.80 65.40 65.31 57.64 53.87 46.90 48.47 44.92 40.05 35.23 30.11 29.60 33.53 31.99 -9999 -9999 -9999 -9999 -9999 -9999 -9999
-9999 -9999 -9999 -9999 -9999 -9999 -9999 -9999 -9999 187.29 234.94 204.08 178.62 181.70 -9999 -9999 -9999 -9999 -9999 -9999 -9999 -9999 -9999 -9999 -9999 -9999 -9999 -9999 134.48 128.91 133.28 122.25 119.42 120.56 118.02 111.21 138.98 117.91 147.33 157.70 169.52 173.25 164.06 132.80 137.23 108.43 63.03 78.76 67.26 56.67 48.60 49.87 51.83 51.67 56.22 57.77 56.00 66.85 65.97 53.33 36.62 35.69 36.73 34.65 27.97 38.44 39.06 34.73 -9999 -9999 -9999 -9999 -9999 -9999 -9999
-9999 -9999 -9999 -9999 -9999 -9999 -9999 -9999 -9999 168.37 169.10 148.26 164.24 -9999 -9999 -9999 -9999 -9999 -9999 -9999 -9999 -9999 -9999 -9999 -9999 -9999 -9999 -9999 91.37 113.80 132.85 -9999 111.44 -9999 101.47 101.58 108.29 96.92 104.19 106.73 139.28 141.86 178.13 116.70 111.58 137.66 128.01 83.71 68.94 54.72 51.60 57.97 51.46 52.04 54.80 54.36 59.00 72.74 66.77 57.05 45.84 36.31 36.79 38.87 34.57 31.60 35.38 46.75 50.76 46.42 -9999 -9999 -9999 -9999 -9999
-9999 -9999 -9999 -9999 -9999 -9999 -9999 -9999 130.51 128.37 118.95 -9999 -9999 -9999 -9999 -9999 -9999 -9999 -9999 -9999 -9999 -9999 -9999 -9999 -9999 -9999 -9999 -9999 91.94 97.66 110.38 -9999 -9999 -9999 104.09 115.70 104.71 92.94 101.43 101.54 101.13 92.01 148.35 140.86 98.31 114.38 111.48 85.03 71.49 58.08 56.25 52.57 51.85 55.97 59.57 48.59 52.98 54.22 53.81 61.02 46.85 43.03 32.87 38.10 40.23 43.05 51.72 50.37 45.90 41.74 -9999 -9999 -9999 -9999 -9999
-9999 -9999 -9999 -9999 -9999 -9999 -9999 -9999 -9999 -9999 -9999 -9999 -9999 -9999 -9999 -9999 -9999 -9999 -9999 -9999 -9999 -9999 -9999 -9999 -9999 -9999 -9999 -9999 -9999 -9999 -9999 -9999 -9999 98.63 103.39 130.72 152.92 131.29 162.89 145.07 101.02 103.00 128.65 114.15 98.47 92.57 94.99 91.49 78.20 61.91 56.33 54.83 55.94 60.56 54.50 53.98 50.38 45.39 46.44 52.67 52.48 56.59 41.20 37.89 37.87 42.95 40.95 42.05 42.86 -9999 -9999 -9999 -9999 -9999 -9999
-9999 -9999 -9999 -9999 -9999 -9999 -9999 -9999 -9999 -9999 -9999 -9999 -9999 -9999 -9999 -9999 -9999 -9999 -9999 -9999 -9999 -9999 -9999 -9999 -9999 -9999 -9999 -9999 -9999 -9999 -9999 -9999 -9999 96.30 105.45 129.63 191.60 169.09 195.10 158.65 116.61 93.74 94.77 86.40 95.71 114.94 102.22 91.62 84.53 64.12 60.63 62.37 59.26 54.89 51.96 51.12 50.77 47.22 47.84 52.17 52.07 61.17 48.45 30.89 35.87 43.82 42.01 40.08 39.85 -9999 -9999 -9999 -9999 -9999 -9999
-9999 -9999 -9999 -9999 -9999 -9999 -9999 -9999 -9999 -9999 -9999 -9999 -9999 -9999 -9999 -9999 -9999 -9999 -9999 -9999 -9999 -9999 -9999 -9999 -9999 -9999 -9999 -9999 -9999 -9999 -9999 -9999 -9999 91.36 102.77 118.92 135.54 173.79 155.50 127.78 117.20 99.17 97.35 85.74 92.01 88.17 76.66 88.74 74.37 65.09 62.64 58.85 52.16 50.92 51.88 52.73 50.73 47.38 48.71 51.09 51.06 53.82 49.70 41.48 40.69 42.91 47.48 39.73 42.95 -9999 -9999 -9999 -9999 -9999 -9999
-9999 -9999 -9999 -9999 -9999 -9999 -9999 -9999 -9999 -9999 -9999 -9999 -9999 -9999 -9999 -9999 -9999 -9999 -9999 -9999 -9999 -9999 -9999 -9999 -9999 -9999 -9999 -9999 -9999 -9999 -9999 78.03 84.12 90.97 90.77 123.45 144.20 178.55 133.47 135.63 107.18 93.33 96.58 86.01 86.76 77.47 82.79 72.06 61.50 63.50 58.65 49.64 53.40 52.06 53.08 52.77 49.46 46.93 46.69 45.63 49.58 48.20 48.73 47.24 43.04 46.34 49.97 49.48 42.77 40.46 -9999 -9999 -9999 -9999 -9999
-9999 -9999 -9999 -9999 -9999 -9999 -9999 -9999 -9999 -9999 -9999 -9999 -9999 -9999 -9999 -9999 -9999 -9999 -9999 -9999 -9999 -9999 -9999 -9999 -9999 -9999 -9999 -9999 -9999 -9999 -9999 90.97 85.04 85.73 89.48 101.75 118.75 114.35 111.89 97.60 99.03 136.89 113.00 80.49 74.65 80.28 55.97 63.95 57.84 65.56 65.12 59.73 51.90 55.73 53.51 51.33 50.32 48.56 47.16 45.23 47.21 46.21 48.85 51.81 45.97 47.53 42.11 44.94 44.23 42.32 -9999 -9999 -9999 -9999 -9999
-9999 -9999 -9999 -9999 -9999 -9999 -9999 -9999 -9999 -9999 -9999 -9999 -9999 -9999 -9999 -9999 -9999 -9999 -9999 -9999 -9999 -9999 -9999 -9999 -9999 -9999 -9999 -9999 -9999 -9999 -9999 85.52 83.84 83.38 96.16 92.93 94.16 94.07 96.53 78.49 94.49 102.36 89.26 70.56 88.38 72.87 58.36 49.84 58.83 51.67 62.31 54.68 53.46 53.80 53.08 52.40 51.36 49.82 47.87 44.20 49.43 46.70 51.42 54.31 54.23 49.94 46.03 40.67 45.70 45.90 45.15 -9999 -9999 -9999 -9999
-9999 -9999 -9999 -9999 -9999 -9999 -9999 -9999 -9999 -9999 -9999 -9999 -9999 -9999 -9999 -9999 -9999 -9999 -9999 -9999 -9999 -9999 -9999 -9999 -9999 -9999 -9999 -9999 -9999 -9999 -9999 76.93 83.32 74.81 82.15 77.54 79.32 74.89 90.36 89.39 77.14 89.56 77.96 87.72 80.11 78.17 69.11 58.14 53.17 50.45 44.96 40.91 47.61 53.65 51.17 49.66 51.01 44.91 48.65 48.99 45.94 43.06 51.16 54.73 53.90 58.39 46.77 42.94 46.13 50.37 50.43 42.58 -9999 -9999 -9999
-9999 -9999 -9999 -9999 -9999 -9999 -9999 -9999 -9999 -9999 -9999 -9999 -9999 -9999 -9999 -9999 -9999 -9999 -9999 -9999 -9999 -9999 -9999 -9999 -9999 -9999 -9999 -9999 -9999 -9999 -9999 83.91 82.58 70.92 69.31 76.02 72.36 75.89 85.81 91.62 91.67 110.48 96.03 99.36 83.80 78.33 61.40 58.87 50.04 61.78 52.16 46.25 47.40 45.33 50.81 52.37 52.42 50.07 52.35 54.57 50.72 47.70 47.59 48.32 48.18 52.52 49.00 46.85 49.54 50.24 49.48 42.66 -9999 -9999 -9999
-9999 -9999 -9999 -9999 -9999 -9999 -9999 -9999 -9999 -9999 -9999 -9999 -9999 -9999 -9999 -9999 -9999 -9999 -9999 -9999 -9999 -9999 -9999 -9999 -9999 -9999 -9999 -9999 -9999 -9999 -9999 -9999 75.84 75.65 71.39 77.57 77.26 94.91 98.91 99.91 101.01 102.90 102.16 98.74 90.04 76.97 56.53 49.40 48.05 39.54 57.30 46.93 46.21 46.97 50.43 49.37 53.98 53.39 56.49 57.95 56.27 51.38 43.90 56.88 47.10 50.65 45.81 40.22 -9999 48.81 49.43 45.83 44.74 -9999 -9999
-9999 -9999 -9999 -9999 -9999 -9999 -9999 -9999 -9999 -9999 -9999 -9999 -9999 -9999 -9999 -9999 -9999 -9999 -9999 -9999 -9999 -9999 -9999 -9999 -9999 -9999 -9999 -9999 -9999 -9999 -9999 66.07 74.77 70.26 70.39 74.05 67.20 104.75 130.31 128.78 127.71 125.53 110.21 108.87 111.49 83.84 68.15 51.45 40.96 46.69 44.56 40.63 43.35 42.56 44.42 50.75 51.98 56.74 65.37 68.77 67.28 61.46 64.69 60.57 52.83 52.30 47.95 42.90 45.78 -9999 47.92 46.18 44.95 42.50 -9999
-9999 -9999 -9999 -9999 -9999 -9999 -9999 -9999 -9999 -9999 -9999 -9999 -9999 -9999 -9999 -9999 -9999 -9999 -9999 -9999 -9999 -9999 -9999 -9999 -9999 -9999 -9999 -9999 -9999 -9999 -9999 64.25 83.74 73.30 67.19 75.72 79.92 83.58 125.08 95.32 95.32 90.41 85.49 75.18 78.06 78.69 64.93 46.94 41.82 42.58 41.55 46.50 42.10 44.04 42.41 45.28 54.45 55.76 67.44 80.67 84.92 67.96 62.11 62.24 55.70 45.45 49.92 48.93 46.95 47.03 -9999 -9999 -9999 -9999 -9999
-9999 -9999 -9999 -9999 -9999 -9999 -9999 -9999 -9999 -9999 -9999 -9999 -9999 -9999 -9999 -9999 -9999 -9999 -9999 -9999 -9999 -9999 -9999 -9999 -9999 -9999 -9999 -9999 -9999 -9999 58.74 67.35 68.88 69.95 61.02 50.82 72.76 87.87 96.25 84.95 77.09 78.60 77.70 85.33 90.31 87.00 94.46 62.39 53.20 46.10 38.35 38.94 40.93 47.05 44.96 47.30 60.59 55.00 50.59 77.42 77.21 69.89 64.13 54.31 51.01 49.49 52.67 48.48 48.55 43.92 43.20 44.25 -9999 -9999 -9999
-9999 -9999 -9999 -9999 -9999 -9999 -9999 -9999 -9999 -9999 -9999 -9999 -9999 -9999 -9999 -9999 -9999 -9999 -9999 -9999 -9999 -9999 -9999 -9999 -9999 -9999 -9999 -9999 -9999 -9999 -9999 53.65 58.59 63.05 57.29 55.94 60.95 70.21 58.21 70.85 73.01 65.71 69.99 70.78 76.61 99.00 91.21 80.06 54.70 47.07 44.26 40.26 50.00 40.89 41.84 49.55 54.56 55.45 58.64 64.48 62.95 61.25 71.66 59.09 50.70 50.22 47.08 44.32 47.19 43.09 42.75 43.66 43.40 42.76 -9999
