Rainfall_2007-2011/Rainfall_2010-08_ACTUAL.txt
ncols         180
nrows         290
xllcorner     -200000
yllcorner     -200000
cellsize      5000
NODATA_value  -9999
[rows 170 to 203 of 290, columns 77 to 153 of 180]
-9999 -9999 -9999 -9999 -9999 -9999 -9999 -9999 -9999 -9999 -9999 -9999 -9999 -9999 -9999 -9999 -9999 -9999 -9999 -9999 -9999 -9999 -9999 -9999 -9999 -9999 -9999 -9999 -9999 55.91 70.12 73.47 79.57 78.06 78.68 72.75 67.75 71.91 71.71 104.65 89.72 93.27 91.67 90.79 134.90 109.01 98.13 71.04 47.87 48.38 43.15 41.74 40.68 45.35 45.44 45.59 48.85 61.28 61.24 62.98 65.14 77.27 75.52 76.85 79.66 77.83 93.01 85.63 74.26 62.43 66.27 82.89 -9999 -9999 -9999 -9999 -9999
-9999 -9999 -9999 -9999 -9999 -9999 -9999 -9999 -9999 32.20 35.38 43.41 46.65 -9999 -9999 -9999 -9999 -9999 -9999 -9999 -9999 -9999 -9999 -9999 -9999 -9999 -9999 -9999 53.68 66.45 69.62 80.15 82.02 77.61 73.27 74.92 72.22 72.08 76.02 90.32 86.54 86.10 91.70 108.30 96.01 105.84 84.18 81.97 64.41 42.48 46.38 36.18 46.89 41.77 42.34 53.76 58.54 56.86 64.64 77.44 82.52 73.33 80.18 80.48 83.99 103.10 113.21 97.99 97.32 77.68 74.87 80.78 86.32 -9999 -9999 -9999 -9999
-9999 -9999 -9999 -9999 -9999 -9999 -9999 -9999 -9999 42.68 47.26 45.60 43.95 -9999 -9999 -9999 -9999 -9999 -9999 -9999 -9999 -9999 -9999 -9999 -9999 -9999 -9999 47.94 57.55 58.93 66.32 89.37 83.36 75.08 67.67 76.11 74.32 76.25 80.10 86.68 93.03 96.62 82.08 87.60 110.70 117.03 87.58 78.81 59.31 45.19 40.11 39.58 41.31 42.51 44.45 52.18 66.15 61.03 74.59 74.36 72.32 76.71 83.61 83.25 89.23 100.82 107.55 104.07 103.46 99.56 87.61 87.71 85.05 -9999 -9999 -9999 -9999
-9999 -9999 -9999 -9999 -9999 -9999 -9999 32.11 37.19 40.10 49.57 47.31 50.92 46.97 36.22 41.10 -9999 -9999 38.91 45.05 -9999 -9999 -9999 42.53 53.27 49.34 -9999 47.43 57.30 59.68 61.73 68.71 73.19 77.47 77.40 79.75 78.27 77.17 75.27 83.79 109.40 104.98 96.17 82.08 85.87 98.13 61.47 61.35 65.36 44.41 52.22 43.01 43.10 42.87 52.35 53.27 62.13 67.19 75.97 78.22 76.35 72.86 91.99 87.27 83.01 84.46 104.74 117.25 119.18 115.51 93.60 89.42 67.34 90.55 -9999 -9999 -9999
-9999 -9999 -9999 -9999 -9999 -9999 -9999 -9999 38.08 34.48 46.92 50.67 63.03 52.81 50.37 44.06 -9999 42.40 46.78 58.60 55.10 40.21 42.96 48.09 58.84 57.22 52.17 -9999 54.45 57.38 57.58 60.53 66.25 71.47 67.39 62.12 66.91 74.02 79.50 78.26 119.75 114.17 122.74 107.46 77.05 79.52 55.71 68.26 52.05 49.66 46.83 45.76 46.19 46.20 49.10 54.73 70.23 70.71 82.51 88.46 85.23 84.46 105.77 95.57 81.98 90.47 102.01 108.37 116.99 107.39 98.55 90.34 88.65 101.65 -9999 -9999 -9999
-9999 -9999 -9999 -9999 -9999 -9999 -9999 -9999 -9999 35.91 46.37 54.87 61.47 53.38 46.56 53.01 57.55 91.48 63.41 68.72 73.10 71.24 60.19 55.14 46.76 65.27 61.40 61.13 48.52 52.85 61.03 60.33 63.48 76.79 72.04 56.93 62.11 69.32 72.67 76.44 100.28 116.02 132.69 115.07 95.73 73.27 59.05 60.87 54.91 42.87 41.73 47.48 44.71 49.10 54.93 59.50 63.02 73.86 81.99 79.95 87.86 102.90 98.94 99.92 94.07 91.31 100.84 96.84 100.72 99.95 103.43 109.70 104.88 112.48 126.13 -9999 -9999
-9999 -9999 -9999 -9999 -9999 -9999 -9999 -9999 -9999 -9999 47.13 46.82 46.65 57.20 68.55 82.82 119.89 103.40 67.57 77.79 76.62 87.43 73.17 56.20 56.80 81.54 61.89 53.53 49.00 49.11 59.04 65.40 59.67 70.29 73.32 60.19 68.85 61.52 67.21 70.87 86.75 112.96 118.27 91.82 93.84 83.16 80.32 55.44 60.18 59.16 49.36 50.08 56.43 59.64 54.99 64.95 64.03 70.36 72.31 76.97 96.43 108.73 116.24 112.08 105.26 96.29 102.22 116.23 105.53 115.90 98.62 97.49 108.23 120.45 127.70 -9999 -9999
-9999 -9999 -9999 -9999 -9999 -9999 -9999 -9999 -9999 -9999 -9999 48.55 47.78 83.09 100.17 136.57 151.87 131.27 99.81 95.37 103.71 106.63 87.89 71.86 62.95 49.57 65.98 50.95 46.39 86.46 51.20 62.95 57.75 53.93 55.91 57.15 56.86 65.50 69.97 74.81 88.50 114.27 116.06 104.93 86.12 71.71 82.75 64.73 110.66 70.56 57.40 59.60 63.70 62.63 61.36 64.00 65.24 73.47 67.72 77.55 104.85 97.53 115.55 111.04 102.92 100.83 112.42 105.25 113.41 112.46 95.03 91.44 104.60 119.08 122.97 -9999 -9999
-9999 -9999 -9999 -9999 -9999 -9999 -9999 -9999 -9999 -9999 -9999 53.58 54.57 97.94 130.89 208.68 187.07 122.55 103.46 90.18 118.76 109.47 97.86 72.55 60.88 48.75 52.94 61.33 49.97 63.97 44.11 44.83 52.26 51.82 55.63 57.48 50.26 60.71 65.52 72.18 90.14 100.81 99.52 91.71 88.83 84.90 82.22 72.55 63.38 62.79 68.02 58.03 66.58 62.88 62.73 68.72 71.49 73.77 67.16 69.52 108.32 124.12 102.18 108.17 103.21 105.18 108.00 95.10 116.89 128.64 118.27 103.19 105.58 113.05 -9999 -9999 -9999
-9999 -9999 -9999 -9999 -9999 -9999 -9999 -9999 -9999 -9999 -9999 79.43 113.81 132.68 134.31 234.52 193.53 131.81 124.19 83.25 87.10 103.47 95.19 84.05 56.11 51.28 63.06 64.84 57.30 47.78 46.30 45.98 45.94 47.04 48.90 67.58 59.44 60.37 62.12 74.65 83.49 86.75 94.93 91.37 85.44 72.09 73.81 63.38 64.78 85.51 62.00 72.19 76.94 76.22 77.27 77.27 86.36 72.54 74.31 96.80 108.44 127.57 126.04 100.97 109.84 102.18 103.21 108.37 125.18 121.36 118.54 106.74 111.00 -9999 -9999 -9999 -9999
-9999 -9999 -9999 -9999 -9999 -9999 -9999 -9999 -9999 -9999 70.38 129.80 108.01 147.32 162.08 146.58 192.59 166.07 140.50 120.14 109.15 90.74 92.26 59.80 67.46 71.22 67.99 64.24 56.15 42.99 43.79 44.98 48.12 44.84 46.71 55.45 56.04 57.63 68.10 72.06 78.14 86.85 88.31 73.23 88.53 83.64 59.40 67.32 66.92 70.97 75.46 69.85 79.05 86.57 91.93 81.06 82.70 83.55 89.67 95.75 108.66 114.54 114.43 101.55 103.12 106.29 106.29 106.94 124.45 139.64 109.57 100.51 -9999 -9999 -9999 -9999 -9999
-9999 -9999 -9999 -9999 -9999 -9999 -9999 -9999 43.11 59.71 77.40 80.11 80.81 99.18 121.49 107.99 138.90 124.34 139.35 128.70 115.12 96.19 91.45 63.88 73.64 75.00 49.25 51.98 54.05 40.10 36.09 42.43 41.40 34.09 42.01 49.98 51.44 54.20 65.70 73.04 71.39 76.26 72.53 81.79 82.18 69.51 69.96 70.08 68.66 76.73 78.71 83.62 83.50 88.75 94.59 81.66 94.72 97.13 104.00 117.91 106.75 104.20 107.60 109.26 105.48 112.08 115.40 129.22 116.57 119.83 116.94 -9999 -9999 -9999 -9999 -9999 107.04
-9999 -9999 -9999 -9999 -9999 -9999 -9999 37.67 42.70 51.60 58.04 62.10 47.31 74.21 80.33 83.55 94.53 116.50 123.41 151.24 98.62 65.46 74.58 62.00 89.23 93.87 79.26 60.84 63.48 53.59 41.19 46.12 44.31 41.38 39.62 50.73 55.70 57.30 61.46 61.50 72.10 77.09 69.00 77.85 77.67 77.89 79.89 70.54 69.04 74.73 81.40 93.22 92.06 93.04 90.74 94.06 92.83 96.44 99.88 102.09 111.56 104.75 118.43 108.15 120.21 115.16 113.43 111.84 105.40 115.26 116.26 -9999 -9999 -9999 -9999 -9999 97.50
-9999 -9999 -9999 -9999 -9999 -9999 35.57 40.29 39.90 53.57 -9999 -9999 -9999 -9999 77.90 104.27 122.88 119.93 120.37 113.36 102.04 99.46 101.70 79.91 118.52 107.38 85.41 83.78 64.54 54.43 51.15 51.54 45.83 42.39 40.95 50.83 62.16 54.47 56.18 53.39 57.04 65.77 75.47 81.82 83.95 74.22 77.57 83.23 76.88 77.58 86.69 86.59 93.96 97.37 99.69 92.84 104.43 100.13 108.61 114.14 116.86 114.19 108.50 103.64 110.81 119.27 117.14 117.31 120.18 120.91 111.82 106.08 -9999 -9999 -9999 -9999 105.08
-9999 -9999 -9999 -9999 -9999 -9999 36.67 46.53 42.66 44.01 -9999 -9999 -9999 -9999 51.89 84.38 127.93 101.07 119.32 131.29 127.60 140.43 143.57 91.15 105.17 68.25 76.83 69.92 59.05 53.73 57.84 51.70 49.56 47.42 52.63 49.64 53.93 59.94 50.47 61.27 59.07 63.42 65.21 71.10 88.30 89.20 94.00 85.28 80.89 83.03 93.64 92.83 89.75 95.93 100.35 90.11 106.11 111.70 132.05 126.98 129.63 120.73 116.25 127.55 115.26 118.57 117.63 122.38 124.43 122.30 117.50 115.62 128.60 -9999 -9999 123.78 115.37
-9999 -9999 -9999 -9999 -9999 -9999 -9999 -9999 -9999 -9999 -9999 -9999 -9999 -9999 45.55 76.67 94.59 86.30 112.84 118.14 159.49 164.12 115.87 106.37 96.90 70.38 60.74 60.73 55.55 50.45 52.93 51.08 54.85 50.62 49.61 49.36 46.91 53.46 61.24 61.69 61.91 73.61 69.63 70.85 87.22 93.21 99.38 83.93 96.93 105.80 99.94 96.30 99.13 102.13 103.66 86.16 99.57 110.54 121.85 123.69 130.85 114.90 124.99 117.38 114.72 123.57 117.64 130.01 121.10 125.55 128.34 142.73 165.21 119.90 141.07 137.73 140.97
-9999 -9999 -9999 -9999 -9999 -9999 -9999 -9999 -9999 -9999 -9999 -9999 -9999 -9999 -9999 65.54 68.90 87.05 110.04 147.60 168.94 152.61 118.39 94.25 72.52 58.92 40.92 61.06 54.34 53.99 56.54 53.90 55.89 54.83 54.76 53.97 51.31 53.84 58.25 63.35 69.51 60.40 71.37 76.87 81.59 93.81 96.75 100.34 101.57 104.95 110.76 110.49 120.44 135.92 106.69 97.00 91.64 99.77 116.19 117.73 121.47 114.63 131.43 121.47 117.72 138.65 124.01 129.74 130.31 142.21 152.14 159.75 161.46 137.09 136.16 128.25 120.69
-9999 -9999 -9999 -9999 -9999 -9999 -9999 -9999 -9999 -9999 -9999 -9999 -9999 -9999 -9999 59.76 108.32 190.05 138.57 133.76 131.82 120.95 87.35 83.34 68.59 58.85 71.66 87.01 65.30 65.12 59.90 50.76 58.96 52.01 57.35 60.63 56.45 59.79 63.37 67.02 70.74 62.88 68.89 77.79 91.68 95.98 102.30 101.87 100.64 105.58 122.69 130.95 145.16 130.60 104.69 107.35 103.44 113.36 122.15 126.50 120.60 114.15 126.67 127.42 123.60 128.73 125.26 128.72 129.98 157.92 155.19 139.30 122.20 117.23 118.01 114.38 115.40
-9999 -9999 -9999 -9999 -9999 -9999 -9999 -9999 -9999 -9999 -9999 -9999 -9999 -9999 68.06 78.02 101.54 134.37 126.28 110.87 120.96 124.70 92.43 91.61 71.75 58.38 74.19 61.56 84.91 67.32 55.92 61.83 61.99 61.33 62.56 67.09 69.67 54.38 54.30 63.81 70.42 69.23 81.38 97.26 94.66 105.55 108.17 105.74 98.41 97.97 109.25 113.16 136.09 123.77 105.57 117.32 124.56 121.73 132.07 160.65 132.82 127.57 142.15 131.42 138.13 120.13 122.93 129.84 130.76 143.14 132.13 128.17 123.47 122.44 110.83 110.88 116.18
-9999 -9999 -9999 -9999 -9999 -9999 -9999 -9999 -9999 -9999 -9999 -9999 -9999 -9999 57.02 69.22 109.08 90.39 86.44 93.01 99.71 110.72 102.24 77.88 64.45 55.24 67.67 60.64 72.10 74.79 67.96 66.46 56.45 63.86 66.31 66.30 68.44 61.59 50.39 68.99 77.41 84.20 95.72 98.02 99.32 110.77 109.60 107.76 102.56 105.99 116.16 126.20 134.71 128.69 113.70 112.31 134.62 137.89 121.17 140.60 135.42 126.70 132.86 113.13 116.90 124.73 123.99 148.51 128.43 121.51 121.05 117.99 119.65 107.50 119.65 114.86 128.68
-9999 -9999 -9999 -9999 -9999 -9999 -9999 -9999 -9999 -9999 -9999 -9999 -9999 -9999 41.88 52.57 65.08 86.71 80.91 89.31 94.27 108.96 89.37 88.13 70.37 60.03 63.05 69.80 78.09 80.65 88.50 91.76 76.26 78.89 80.15 71.93 69.65 61.48 68.17 68.87 79.37 91.17 92.48 96.44 111.08 116.75 117.97 118.89 124.20 118.59 117.81 133.47 117.88 129.51 126.25 124.45 134.68 133.67 129.70 130.30 121.10 133.67 141.68 143.91 113.76 119.83 131.99 138.35 137.29 113.03 120.52 118.85 118.30 118.09 120.26 130.79 116.72
-9999 -9999 -9999 -9999 -9999 -9999 -9999 -9999 -9999 -9999 -9999 -9999 -9999 -9999 -9999 54.11 78.25 97.83 107.14 116.44 97.70 92.48 71.65 64.64 58.56 47.10 62.54 73.08 59.79 72.12 73.07 98.26 81.32 77.45 70.71 81.63 84.01 71.05 80.72 77.87 88.81 102.68 100.39 96.94 102.76 113.20 125.44 127.85 134.00 121.88 112.47 111.56 122.55 125.74 130.01 139.95 132.04 131.24 117.66 132.26 139.69 151.86 148.64 143.81 143.16 142.87 133.23 130.87 129.64 117.00 127.72 122.72 122.39 121.30 115.30 118.00 130.60
-9999 -9999 -9999 -9999 -9999 -9999 -9999 -9999 -9999 -9999 -9999 -9999 -9999 -9999 -9999 66.02 83.84 101.93 104.18 128.87 103.22 86.31 66.98 52.40 63.38 70.26 88.46 88.89 74.78 61.49 71.18 95.14 88.16 85.29 95.86 87.69 85.72 82.35 93.21 98.29 100.73 105.17 112.11 99.82 110.73 111.30 108.04 116.85 130.06 131.18 121.98 121.57 133.70 136.81 138.99 143.33 130.74 131.24 120.32 135.26 154.57 156.97 151.48 148.63 146.13 154.76 141.56 135.23 131.85 133.49 126.90 123.60 120.57 120.41 105.69 116.49 124.61
-9999 -9999 -9999 -9999 -9999 -9999 -9999 -9999 -9999 -9999 -9999 -9999 -9999 -9999 64.84 54.40 76.17 90.84 97.36 124.72 99.52 74.25 80.65 108.85 90.62 83.01 94.11 75.29 72.94 82.37 92.96 78.70 85.53 95.04 99.65 96.64 92.22 84.18 101.95 104.58 111.91 116.81 115.67 110.42 121.11 121.81 118.53 111.07 137.81 137.83 129.94 133.00 129.96 133.78 143.76 148.75 144.01 129.91 131.87 140.37 147.66 152.10 144.31 135.38 151.90 158.60 124.77 127.91 136.23 126.33 126.76 125.52 111.88 111.87 109.81 117.67 123.60
-9999 -9999 -9999 -9999 -9999 -9999 -9999 -9999 -9999 -9999 -9999 -9999 -9999 -9999 63.67 61.43 64.38 73.06 93.58 122.52 114.92 96.96 89.20 85.64 95.45 101.15 111.98 87.17 98.48 100.17 80.08 89.06 74.85 84.10 81.83 120.00 104.37 91.86 93.87 106.34 115.12 103.34 122.28 128.37 112.22 141.32 138.81 128.08 149.38 114.10 128.55 135.33 135.59 134.04 144.83 159.93 148.80 144.14 144.21 138.31 142.41 142.28 151.87 133.69 140.26 139.86 122.30 112.56 116.44 128.50 124.67 117.96 110.24 121.65 111.73 103.19 129.75
-9999 -9999 -9999 -9999 -9999 -9999 -9999 -9999 -9999 -9999 -9999 -9999 -9999 -9999 56.39 56.05 53.23 53.53 88.56 113.58 112.37 102.73 77.89 88.87 94.54 92.49 104.89 103.12 96.13 85.62 89.76 77.67 103.95 84.63 86.21 98.18 96.28 103.15 98.19 100.95 107.98 121.92 115.68 128.45 113.72 136.40 145.86 150.00 145.48 130.72 138.91 139.07 148.80 152.17 155.01 152.34 153.12 137.64 132.41 139.14 135.22 149.88 132.08 139.40 137.42 129.33 126.50 118.06 127.94 124.56 135.02 125.37 128.68 144.03 122.10 114.66 148.32
-9999 -9999 -9999 -9999 -9999 -9999 -9999 -9999 -9999 -9999 -9999 -9999 -9999 55.83 64.40 75.49 71.00 67.33 90.59 100.37 106.45 81.62 65.70 72.56 82.04 84.53 114.18 92.47 86.56 97.66 94.89 94.44 96.17 85.15 75.28 85.20 99.82 94.67 104.09 113.98 108.15 113.37 113.26 121.49 126.08 154.48 155.96 146.72 138.97 136.64 133.50 123.40 114.50 138.95 154.73 157.08 143.11 131.06 131.89 142.35 150.60 142.03 155.12 138.17 134.13 133.60 133.04 120.38 142.15 130.29 132.40 134.75 132.49 126.90 123.86 125.14 114.04
-9999 -9999 -9999 -9999 -9999 -9999 -9999 -9999 -9999 -9999 -9999 -9999 46.63 60.49 67.26 69.09 67.06 85.83 115.03 114.31 85.22 91.22 75.25 93.74 91.60 83.66 122.16 90.48 97.07 85.92 88.45 88.79 106.19 85.69 107.21 100.30 110.87 96.81 130.23 122.63 117.72 120.71 118.07 128.37 135.38 135.76 141.59 142.65 136.38 141.56 137.51 149.05 138.97 137.04 137.16 136.75 146.75 136.67 143.77 142.78 147.11 150.93 153.94 128.73 128.19 127.64 140.29 122.16 146.19 145.35 143.62 135.19 133.31 118.57 127.07 116.84 111.87
-9999 -9999 -9999 -9999 -9999 -9999 -9999 -9999 -9999 -9999 59.70 55.42 54.12 49.16 59.00 72.79 76.85 107.29 118.11 143.92 125.08 100.41 91.79 81.69 94.38 81.46 115.82 94.42 90.37 90.55 84.68 82.03 87.76 90.79 112.02 96.22 117.98 107.01 120.99 129.86 114.49 111.91 115.93 127.13 127.39 125.45 132.09 127.15 128.53 122.80 136.07 144.94 157.04 157.24 148.67 143.28 159.57 143.43 162.91 165.40 178.92 142.15 124.93 127.19 128.19 134.74 136.13 135.68 146.17 146.34 143.62 136.07 136.89 123.72 126.37 130.67 137.80
-9999 -9999 -9999 -9999 -9999 -9999 39.43 29.05 37.50 61.96 69.37 80.07 81.80 76.99 72.32 73.83 102.50 106.92 115.76 130.50 121.12 98.02 88.05 67.33 86.96 92.30 140.56 117.18 100.03 94.41 86.52 96.18 116.47 94.21 117.59 123.51 125.94 116.50 111.13 106.83 111.20 109.76 116.38 126.70 107.72 116.62 121.91 125.73 136.60 138.74 129.60 160.64 153.99 143.91 158.38 159.62 158.53 151.12 144.01 155.01 150.42 157.39 152.15 133.64 110.29 132.02 134.65 140.70 145.81 141.56 137.21 130.15 130.65 129.58 142.23 139.39 142.70
-9999 -9999 -9999 -9999 -9999 50.98 45.50 49.52 52.93 51.95 66.29 74.88 82.42 79.10 58.32 86.72 102.26 132.71 115.64 127.63 114.24 93.64 117.79 89.10 73.73 128.16 116.08 99.22 84.54 89.07 95.95 137.09 114.96 107.46 102.49 120.61 134.36 126.27 136.05 113.98 106.28 111.41 115.79 129.94 128.72 116.12 116.31 122.01 138.20 145.20 166.92 150.95 153.23 154.04 148.49 142.80 152.71 139.80 132.64 143.95 146.30 150.60 158.65 137.63 104.10 121.12 127.72 107.13 116.83 115.34 118.12 126.80 127.10 126.90 130.23 140.14 143.40
-9999 -9999 -9999 -9999 41.62 51.03 52.15 53.08 52.10 53.72 68.40 85.36 84.06 86.28 107.44 94.53 92.11 126.89 92.97 101.38 105.36 121.35 121.76 118.00 98.57 112.49 121.11 106.13 126.87 130.13 99.48 116.14 106.95 112.33 109.93 115.05 124.41 133.50 134.93 110.48 107.74 107.59 117.39 131.70 126.12 117.21 141.98 140.93 145.66 141.46 141.86 143.36 139.94 214.02 157.59 139.82 150.04 143.80 129.92 145.01 146.30 135.46 145.85 131.14 136.93 123.48 114.16 123.18 119.84 116.47 141.78 138.18 140.39 128.52 129.50 129.70 125.43
42.59 55.15 58.12 80.03 68.85 74.47 80.57 82.15 72.91 75.99 81.21 103.64 108.14 129.67 113.29 102.04 98.02 106.48 96.06 96.17 119.57 122.83 111.67 141.66 112.08 113.88 112.57 135.52 134.16 120.54 164.40 124.69 123.88 101.86 107.91 129.34 115.24 123.58 144.19 103.96 100.28 105.95 130.91 112.52 127.53 137.38 125.07 136.66 143.77 138.68 147.11 137.31 126.30 149.44 118.44 130.57 131.73 132.29 127.65 145.76 134.12 148.31 133.85 132.01 126.49 107.93 112.74 125.60 135.94 157.90 152.62 144.19 126.63 122.88 128.45 112.56 115.61
57.43 65.08 71.15 96.92 117.13 111.95 106.66 103.12 116.01 119.90 99.16 104.11 117.12 130.98 121.17 123.26 97.47 89.29 90.11 104.52 112.62 109.60 100.07 98.45 83.36 117.81 135.22 215.08 154.17 122.64 115.53 123.46 123.46 142.06 107.10 102.20 96.83 100.43 100.94 101.08 99.82 102.37 103.46 91.87 138.90 139.99 147.80 129.52 145.22 168.43 141.65 139.39 129.48 133.45 134.42 132.13 136.00 128.27 139.43 136.21 125.24 157.32 125.23 118.07 137.68 126.28 131.75 140.50 138.74 173.78 181.60 146.33 130.25 118.84 128.31 124.85 117.04
