Rainfall_2007-2011/Rainfall_2007-11_ACTUAL.txt
ncols         180
nrows         290
xllcorner     -200000
yllcorner     -200000
cellsize      5000
NODATA_value  -9999
[rows 204 to 237 of 290, columns 76 to 151 of 180]
62.22 71.34 74.72 78.84 93.94 102.54 74.98 81.88 95.32 89.19 91.47 77.06 77.18 86.48 81.95 70.36 76.83 71.95 77.62 95.31 100.98 105.15 90.20 83.21 63.23 108.62 69.70 97.32 107.48 114.80 78.87 69.83 64.82 53.23 53.22 53.61 53.41 53.85 63.81 53.85 50.97 46.49 51.65 53.78 87.67 91.76 83.07 74.62 70.96 78.64 78.17 74.81 75.31 70.55 66.97 62.43 61.39 65.02 61.58 60.58 59.71 59.29 51.53 47.43 55.74 56.27 59.68 58.56 51.18 57.65 54.44 45.70 51.19 49.27 51.45 41.49
57.81 59.92 71.25 74.46 79.52 78.78 62.39 68.74 74.97 84.26 78.71 73.04 63.61 67.21 67.04 74.37 80.54 89.89 94.60 118.92 148.30 117.47 110.77 101.12 108.38 123.73 90.04 79.53 127.02 100.16 81.55 76.13 72.71 61.47 57.05 56.25 57.58 60.87 69.58 59.76 46.11 43.15 57.80 63.81 90.56 95.77 79.01 81.75 74.54 77.97 72.98 76.07 70.47 67.16 62.56 59.39 53.40 63.69 70.79 63.90 58.05 58.94 55.12 56.82 71.92 74.50 62.61 51.95 50.87 48.34 51.02 42.75 54.75 50.51 50.88 46.49
-9999 64.57 64.01 69.77 73.16 72.00 66.97 71.90 78.75 79.42 76.42 74.46 68.53 78.56 72.76 89.41 85.37 97.38 105.02 115.73 133.32 142.66 107.03 120.57 125.58 101.25 100.70 88.97 79.47 107.08 95.42 55.03 54.14 54.16 70.04 67.02 69.97 65.47 64.37 57.98 53.56 55.13 63.41 87.91 98.56 97.58 83.35 85.60 74.27 92.34 85.84 66.21 62.94 60.73 57.68 56.85 58.88 67.50 67.76 61.25 54.73 58.63 66.17 77.30 82.76 81.48 71.70 67.92 57.84 54.14 49.93 48.17 51.04 51.06 48.15 43.26
57.52 60.95 55.94 63.70 63.88 67.73 68.88 75.35 73.68 73.55 73.50 73.33 76.13 81.80 73.21 84.03 80.20 85.49 89.52 97.76 96.61 105.52 92.88 100.43 92.42 95.67 88.22 65.64 101.19 126.04 85.28 58.59 54.62 70.73 69.75 79.89 71.19 67.18 56.25 58.85 54.77 76.37 77.92 79.65 86.73 73.88 78.09 96.19 83.55 75.62 72.71 63.93 60.97 57.31 57.77 58.68 66.31 66.43 68.01 63.30 56.87 67.13 70.34 85.20 74.76 81.67 83.47 71.69 63.29 58.50 52.52 54.50 52.79 51.56 47.84 48.02
47.39 84.43 71.63 60.62 61.40 63.64 61.95 61.65 63.48 62.28 63.27 65.74 63.78 72.62 83.54 80.79 94.16 92.37 95.24 106.61 101.91 85.79 106.18 92.42 76.94 85.45 88.81 82.04 96.69 123.59 81.27 75.39 60.98 73.36 84.78 97.57 85.74 69.44 56.61 59.80 61.74 66.66 81.14 81.08 76.09 77.87 71.70 73.93 72.93 68.37 60.74 57.13 55.32 65.19 57.10 59.10 52.30 60.19 63.29 65.44 64.84 70.23 77.05 82.60 80.94 81.08 81.74 84.53 69.94 66.57 62.44 58.84 56.10 62.40 49.07 53.66
-9999 77.64 74.72 60.54 57.65 57.14 58.48 -9999 -9999 -9999 -9999 62.36 63.43 72.51 73.16 76.48 83.40 84.71 85.89 93.31 89.38 127.35 145.40 122.56 101.38 86.46 96.12 94.46 100.22 92.16 84.99 71.40 68.59 92.24 83.23 95.29 67.42 52.39 54.31 60.63 78.15 71.31 85.12 80.21 73.55 69.93 66.72 63.13 56.87 61.31 56.82 57.46 57.21 62.83 65.33 63.87 57.35 65.08 74.01 73.90 61.31 75.37 82.16 89.43 85.62 80.25 77.71 76.40 88.59 72.97 63.67 55.79 53.71 61.68 57.35 49.88
-9999 64.36 70.07 73.08 55.73 57.01 49.30 -9999 -9999 -9999 -9999 -9999 -9999 -9999 70.95 88.30 85.52 73.89 76.35 86.58 108.55 140.78 158.35 143.85 119.91 107.50 109.78 94.40 107.19 121.27 97.42 72.64 78.47 85.75 88.16 67.04 57.72 52.49 57.96 68.97 83.91 80.98 82.04 69.12 79.56 67.41 60.90 56.74 52.81 53.54 51.74 56.00 57.09 50.82 57.28 68.72 69.81 77.05 80.44 88.85 77.14 81.47 87.72 90.22 82.52 78.91 80.66 79.20 75.30 73.64 63.21 51.96 54.28 49.62 54.76 50.70
-9999 -9999 -9999 60.77 -9999 -9999 -9999 -9999 -9999 -9999 -9999 -9999 55.29 69.21 81.39 80.64 60.04 63.71 69.60 79.22 107.59 129.84 146.75 137.61 114.08 106.50 119.04 107.46 109.09 97.33 78.55 52.26 64.35 68.26 74.60 62.17 56.21 58.57 59.93 74.37 89.40 84.85 81.04 70.03 68.88 64.07 56.38 51.26 44.98 51.87 47.17 49.78 51.29 52.03 64.00 72.38 66.01 84.64 98.05 91.48 94.49 78.05 82.61 85.44 83.00 69.14 81.11 81.38 84.67 77.79 62.78 57.29 57.63 58.64 53.73 53.38
-9999 -9999 -9999 -9999 -9999 -9999 -9999 -9999 -9999 -9999 -9999 -9999 49.05 63.82 76.51 70.59 69.45 -9999 -9999 71.53 106.05 112.11 121.98 116.85 120.86 117.24 123.54 112.67 101.37 89.63 75.88 60.59 57.74 51.31 58.46 56.73 55.03 57.14 64.47 72.63 84.33 80.51 80.70 67.64 66.26 61.48 56.34 55.39 48.13 51.06 52.78 61.08 60.66 58.62 63.27 68.07 70.85 82.00 90.38 98.41 93.58 78.61 86.29 85.01 83.39 78.97 81.67 80.46 77.46 81.35 58.54 54.14 54.73 55.27 51.05 48.21
-9999 -9999 -9999 -9999 -9999 -9999 -9999 -9999 -9999 -9999 -9999 -9999 -9999 -9999 -9999 -9999 -9999 -9999 -9999 69.33 80.09 96.11 93.68 88.83 104.73 101.08 109.45 102.53 86.81 79.32 69.56 67.44 62.75 -9999 57.84 55.15 60.85 63.13 70.52 83.88 78.67 85.52 75.80 63.19 57.50 72.91 61.88 69.19 65.96 59.11 55.81 56.85 66.93 61.32 67.21 80.10 75.80 84.28 86.82 92.72 84.03 80.80 80.53 82.45 88.76 86.96 84.88 76.65 73.03 72.37 68.40 61.47 54.60 57.40 55.88 46.31
-9999 -9999 -9999 -9999 -9999 -9999 -9999 -9999 -9999 -9999 -9999 -9999 -9999 -9999 -9999 -9999 -9999 -9999 -9999 -9999 69.27 72.26 79.78 97.13 99.84 95.37 109.49 89.94 79.19 -9999 -9999 -9999 -9999 60.57 56.32 59.41 65.39 69.31 70.50 80.87 82.00 80.80 70.09 56.06 55.82 61.95 69.63 69.09 72.61 66.00 64.70 64.16 65.26 60.31 59.94 70.08 69.33 77.30 79.68 72.67 75.10 71.61 75.18 77.89 81.75 85.19 81.49 72.11 71.09 77.17 61.65 62.00 55.32 47.08 48.93 46.53
-9999 -9999 -9999 -9999 -9999 -9999 -9999 -9999 -9999 -9999 -9999 -9999 -9999 -9999 -9999 -9999 -9999 -9999 -9999 -9999 -9999 72.71 83.58 98.67 97.96 88.23 83.40 74.60 -9999 -9999 -9999 -9999 59.75 73.59 71.05 64.78 72.60 68.41 77.55 80.68 80.13 75.04 69.45 66.65 64.46 72.50 78.09 74.08 72.23 68.23 69.99 61.56 60.76 56.50 60.05 55.08 73.64 70.76 68.55 72.74 74.89 74.97 79.71 87.40 84.40 83.03 84.22 74.33 75.31 71.17 68.30 60.75 60.02 45.06 53.78 61.11
-9999 -9999 -9999 -9999 -9999 -9999 -9999 -9999 -9999 -9999 -9999 -9999 -9999 -9999 -9999 -9999 -9999 -9999 -9999 -9999 -9999 -9999 69.64 65.92 81.22 72.28 64.48 59.28 -9999 -9999 -9999 66.82 62.08 64.43 66.01 65.09 76.54 64.35 69.72 61.75 71.90 72.03 67.21 72.54 72.97 74.13 74.32 80.79 73.92 71.59 74.84 70.17 64.84 63.53 58.46 67.18 73.73 74.60 71.39 75.86 80.71 83.67 82.35 88.03 84.99 73.80 91.10 77.47 79.07 75.00 70.28 69.86 64.10 62.49 60.85 67.60
-9999 -9999 -9999 -9999 -9999 -9999 -9999 -9999 -9999 -9999 -9999 -9999 -9999 -9999 -9999 -9999 -9999 -9999 -9999 -9999 -9999 -9999 -9999 -9999 -9999 -9999 -9999 -9999 -9999 -9999 72.96 72.03 66.03 56.99 62.22 68.08 77.14 73.92 69.88 68.01 65.15 60.89 57.02 64.04 63.34 67.35 69.82 79.40 78.67 79.87 75.86 82.01 76.24 70.79 63.82 70.27 82.72 79.15 76.31 78.57 83.96 87.66 79.83 69.49 81.01 79.56 84.30 89.43 93.21 89.17 73.50 76.04 73.93 70.95 61.43 69.00
-9999 -9999 -9999 -9999 -9999 -9999 -9999 -9999 -9999 -9999 -9999 -9999 -9999 -9999 -9999 -9999 -9999 -9999 -9999 -9999 -9999 -9999 -9999 -9999 -9999 -9999 -9999 -9999 -9999 -9999 66.81 72.91 66.06 85.54 83.76 76.40 81.71 80.33 76.80 75.46 64.52 62.49 62.52 69.26 68.72 77.06 73.79 90.54 80.52 90.71 83.23 74.82 86.93 76.14 70.27 72.75 72.27 69.14 70.73 79.79 83.54 83.43 82.08 78.74 88.01 89.22 93.26 101.07 109.48 98.76 73.70 72.11 77.98 72.35 71.21 63.13
-9999 -9999 -9999 -9999 -9999 -9999 -9999 -9999 -9999 -9999 -9999 -9999 -9999 -9999 -9999 -9999 -9999 -9999 -9999 -9999 -9999 -9999 -9999 -9999 -9999 -9999 -9999 -9999 -9999 -9999 61.84 63.85 64.52 76.15 98.58 93.54 96.51 80.80 98.70 86.50 80.21 74.63 86.90 81.79 81.21 83.88 76.35 75.40 72.02 79.94 81.89 78.08 79.82 77.29 67.60 79.48 78.33 74.18 79.10 82.72 85.47 85.06 71.40 90.54 93.42 99.24 109.77 114.97 104.29 96.95 76.54 73.65 64.13 83.90 67.29 61.45
-9999 -9999 -9999 -9999 -9999 -9999 -9999 -9999 -9999 -9999 -9999 -9999 -9999 67.63 81.89 64.50 93.25 106.04 110.66 108.40 115.35 82.03 84.39 64.19 -9999 -9999 -9999 -9999 -9999 -9999 59.45 57.83 56.55 63.82 69.54 69.79 98.14 101.15 92.36 101.75 95.73 87.61 93.03 84.62 80.20 81.40 76.36 71.49 71.39 75.84 78.54 77.01 81.76 73.84 78.68 89.23 96.96 98.21 89.83 93.16 98.77 92.28 96.96 99.13 103.62 107.15 98.68 96.59 95.85 91.92 74.76 76.31 70.86 74.26 64.19 45.19
-9999 -9999 -9999 -9999 -9999 -9999 -9999 -9999 -9999 -9999 -9999 -9999 -9999 80.61 89.02 95.10 87.53 127.08 158.85 137.48 136.89 99.26 97.07 77.13 59.32 60.11 63.61 63.03 63.53 59.73 62.85 58.24 58.34 62.55 70.20 66.16 93.04 100.43 98.85 96.78 120.41 101.53 84.60 84.55 88.41 74.74 78.06 68.83 73.02 79.45 80.51 82.74 73.52 82.48 88.68 94.98 95.74 98.47 99.98 96.49 96.83 93.25 96.15 102.69 104.43 132.87 116.65 111.79 113.18 93.01 86.15 78.62 81.99 80.70 69.20 56.43
-9999 -9999 -9999 -9999 -9999 -9999 -9999 -9999 -9999 -9999 -9999 -9999 53.08 64.68 69.86 82.80 85.83 109.86 135.08 150.60 135.15 108.28 90.06 85.09 75.87 70.38 65.74 75.21 65.42 59.88 55.92 52.78 58.52 65.19 72.23 84.46 86.26 92.35 107.06 105.33 100.73 106.86 99.70 90.74 83.25 79.69 78.97 71.65 74.94 88.02 84.87 81.20 84.21 82.44 79.96 82.90 92.23 86.40 96.81 102.67 108.47 115.59 105.11 114.89 110.97 113.65 119.47 110.90 105.87 99.99 87.71 88.20 93.29 78.01 73.23 80.36
-9999 -9999 -9999 -9999 -9999 -9999 -9999 -9999 -9999 -9999 -9999 -9999 -9999 57.33 64.39 68.66 76.09 89.68 100.78 116.55 103.68 96.22 70.23 73.51 93.26 80.32 77.46 66.29 62.40 66.20 55.25 54.15 54.35 68.84 68.65 78.51 77.74 91.00 104.81 107.43 95.82 108.68 112.04 82.77 84.17 98.27 92.10 82.09 84.85 86.97 81.89 91.78 89.03 79.55 74.99 91.73 99.14 105.72 108.44 103.85 112.64 125.85 115.87 110.61 103.39 112.32 100.75 100.96 104.90 97.31 82.39 91.27 99.38 88.03 83.91 79.22
-9999 -9999 -9999 -9999 -9999 -9999 -9999 -9999 -9999 75.06 -9999 -9999 63.49 63.94 72.38 68.69 77.38 89.26 83.03 90.19 84.18 85.19 80.03 73.76 86.79 82.02 73.39 67.70 62.40 68.27 58.02 58.45 84.79 74.77 74.17 80.39 80.43 92.80 87.48 100.35 89.85 103.15 96.14 95.93 108.33 102.65 87.82 85.09 88.71 90.24 91.24 104.13 96.41 96.42 104.44 99.48 112.38 112.18 127.34 107.38 117.99 125.13 112.27 109.03 108.74 103.94 110.16 110.39 103.02 86.75 69.29 88.75 83.45 75.02 82.18 78.69
-9999 -9999 -9999 -9999 -9999 -9999 -9999 -9999 76.68 82.44 95.28 93.99 77.98 77.95 80.42 76.68 71.06 76.65 73.51 80.29 77.14 84.84 79.42 76.02 76.48 71.21 75.52 72.90 78.01 79.86 73.50 66.71 69.58 77.16 80.26 75.52 87.75 88.52 91.80 103.11 107.15 118.33 103.98 107.11 124.74 109.38 94.03 91.97 96.81 100.93 103.34 98.84 101.73 101.33 107.71 106.86 108.91 113.99 118.41 120.67 117.85 131.32 130.99 118.84 114.93 114.71 106.47 105.59 94.10 86.33 91.13 87.16 82.01 80.15 81.59 76.46
-9999 -9999 -9999 -9999 -9999 -9999 -9999 -9999 79.03 83.84 97.19 100.52 84.66 83.47 73.32 76.35 82.88 79.09 70.59 74.34 70.42 81.59 72.80 71.30 76.23 73.71 82.03 108.98 103.71 87.89 79.68 77.16 87.03 87.90 91.44 88.49 103.84 88.22 108.36 119.19 114.44 118.46 123.76 110.95 110.09 109.44 102.87 101.61 109.21 106.41 102.49 99.32 101.90 107.29 105.75 103.66 116.72 127.29 127.70 128.66 150.29 133.51 134.84 130.37 118.97 126.62 116.59 103.84 96.07 102.24 96.18 86.64 87.41 75.06 73.44 74.85
-9999 -9999 -9999 -9999 -9999 -9999 -9999 -9999 82.54 88.05 95.86 101.94 85.23 77.54 66.64 76.22 77.65 73.14 65.19 69.08 57.44 74.93 80.66 68.76 71.31 72.52 100.97 98.61 88.73 107.32 104.51 91.36 100.64 90.39 102.08 98.04 102.50 104.68 129.09 134.62 121.44 129.93 114.62 116.39 120.42 111.78 113.61 109.90 111.01 121.32 117.02 106.55 105.14 87.28 96.09 103.39 105.19 121.13 122.77 123.07 146.19 141.60 131.19 149.23 117.81 152.94 132.43 102.90 100.35 119.23 111.04 104.62 77.53 69.72 70.42 69.24
-9999 -9999 -9999 -9999 -9999 -9999 -9999 -9999 69.65 85.37 82.92 76.98 77.03 77.02 73.45 70.39 77.23 72.44 60.18 66.05 62.74 58.28 58.79 64.58 62.00 70.54 82.81 103.06 126.32 126.33 117.80 110.51 107.85 105.02 114.46 117.75 114.80 114.85 131.36 134.54 132.45 114.34 119.48 111.25 113.17 111.36 114.88 117.12 114.83 117.58 121.34 107.58 109.63 90.51 93.45 100.31 118.23 106.64 108.45 115.50 110.22 113.12 110.98 107.93 101.41 117.38 113.70 110.17 102.13 98.35 89.17 104.24 80.93 69.89 73.09 73.62
-9999 -9999 -9999 -9999 -9999 -9999 -9999 -9999 75.33 78.38 72.50 79.75 82.16 76.87 74.51 73.11 71.62 70.82 65.59 56.61 52.89 53.86 54.34 57.21 60.78 66.93 72.85 96.17 117.16 113.81 109.37 138.99 133.70 139.44 155.52 142.93 138.33 144.82 150.16 146.53 146.52 126.91 112.95 114.81 116.51 111.12 111.84 110.77 117.98 121.15 114.64 117.56 104.19 93.02 87.84 84.75 92.33 89.08 96.40 101.31 106.73 106.57 100.45 100.29 95.88 105.97 99.94 87.84 -9999 -9999 83.81 79.84 71.08 74.10 73.20 84.49
-9999 -9999 -9999 -9999 -9999 -9999 -9999 100.28 100.20 84.58 84.03 85.20 83.98 78.35 79.93 90.02 88.75 88.08 73.47 52.13 48.16 54.43 49.87 58.45 62.06 79.84 91.86 126.76 122.14 109.29 115.32 127.09 117.68 126.23 133.02 156.93 154.98 151.28 145.77 159.84 162.69 144.57 118.76 105.78 108.96 107.19 110.95 107.53 121.67 117.49 112.24 106.55 95.62 103.04 -9999 -9999 87.91 87.76 94.28 97.02 98.70 95.97 85.13 -9999 -9999 -9999 -9999 -9999 -9999 -9999 -9999 -9999 -9999 72.99 69.09 71.63
-9999 -9999 -9999 -9999 -9999 -9999 118.47 118.28 115.25 97.65 84.34 81.09 84.91 91.22 94.21 104.57 115.50 97.15 78.46 61.39 56.20 56.79 56.43 57.25 68.97 78.40 103.72 90.50 122.85 100.73 110.98 98.03 106.45 123.99 133.33 142.01 146.13 142.49 162.81 153.11 160.54 151.73 119.46 106.60 109.16 107.11 113.30 100.51 114.97 120.38 124.18 -9999 96.25 109.80 103.70 90.53 89.70 -9999 -9999 -9999 -9999 95.68 -9999 -9999 -9999 -9999 -9999 -9999 -9999 -9999 -9999 -9999 -9999 -9999 -9999 -9999
-9999 -9999 -9999 -9999 -9999 94.55 128.32 129.72 129.74 99.78 90.31 79.26 81.51 66.68 109.12 139.61 148.84 108.33 92.43 93.88 59.88 70.82 65.99 61.63 75.52 80.70 75.18 78.26 84.64 -9999 -9999 -9999 -9999 -9999 114.52 136.18 146.88 137.72 155.92 150.62 161.60 150.95 118.26 111.53 109.72 -9999 -9999 -9999 -9999 -9999 103.52 102.85 92.64 120.04 111.07 109.95 92.64 -9999 -9999 -9999 -9999 -9999 -9999 -9999 -9999 -9999 -9999 -9999 -9999 -9999 -9999 -9999 -9999 -9999 -9999 -9999
-9999 -9999 -9999 -9999 84.01 97.06 135.10 128.28 120.83 102.35 93.32 88.29 100.36 88.55 101.70 132.92 161.37 138.34 124.98 87.05 77.80 68.83 73.35 64.72 76.84 78.40 -9999 -9999 -9999 -9999 -9999 -9999 -9999 -9999 -9999 111.39 126.45 137.41 151.24 157.68 173.59 150.50 141.71 134.65 108.89 -9999 -9999 -9999 -9999 -9999 -9999 -9999 99.36 115.02 113.63 99.04 -9999 -9999 -9999 -9999 -9999 -9999 -9999 -9999 -9999 -9999 -9999 -9999 -9999 -9999 -9999 -9999 -9999 -9999 -9999 -9999
-9999 70.63 67.63 83.50 95.60 104.72 129.87 129.41 121.19 105.21 97.36 96.80 101.75 103.57 110.80 150.15 157.83 127.15 108.93 102.16 75.33 72.43 89.21 72.54 -9999 -9999 -9999 -9999 -9999 -9999 -9999 -9999 -9999 -9999 -9999 -9999 -9999 138.70 -9999 -9999 -9999 -9999 121.05 116.61 110.03 -9999 -9999 -9999 -9999 -9999 -9999 -9999 -9999 93.04 102.83 94.25 -9999 -9999 -9999 -9999 -9999 -9999 -9999 -9999 -9999 -9999 -9999 -9999 -9999 -9999 -9999 -9999 -9999 -9999 -9999 -9999
-9999 74.45 74.06 87.60 97.34 105.51 117.30 112.87 125.81 113.94 109.29 104.33 94.41 98.13 109.35 146.69 165.81 132.54 96.37 100.68 76.72 84.13 82.98 -9999 -9999 -9999 -9999 -9999 -9999 -9999 -9999 -9999 -9999 -9999 -9999 -9999 -9999 99.90 -9999 -9999 -9999 -9999 -9999 -9999 -9999 -9999 -9999 -9999 -9999 -9999 -9999 -9999 -9999 -9999 -9999 -9999 -9999 -9999 -9999 -9999 -9999 -9999 -9999 -9999 -9999 -9999 -9999 -9999 -9999 -9999 -9999 -9999 -9999 -9999 -9999 -9999
-9999 82.92 89.49 94.94 90.77 101.77 102.52 99.77 111.89 112.75 102.25 102.76 93.46 99.21 108.75 141.31 154.08 155.87 130.34 108.77 84.37 93.13 98.62 -9999 -9999 -9999 -9999 -9999 -9999 -9999 -9999 -9999 -9999 -9999 -9999 -9999 -9999 -9999 -9999 -9999 -9999 -9999 -9999 -9999 -9999 -9999 -9999 -9999 -9999 -9999 -9999 -9999 -9999 -9999 -9999 -9999 -9999 -9999 -9999 -9999 -9999 -9999 -9999 -9999 -9999 -9999 -9999 -9999 -9999 -9999 -9999 -9999 -9999 -9999 -9999 -9999
75.49 84.24 101.67 115.50 100.47 104.70 106.04 99.91 93.34 93.88 90.70 86.19 93.92 98.61 109.87 120.85 151.93 156.84 132.38 107.70 90.13 117.27 109.16 -9999 -9999 -9999 -9999 -9999 -9999 -9999 -9999 -9999 -9999 -9999 -9999 -9999 -9999 -9999 -9999 -9999 -9999 -9999 -9999 -9999 -9999 -9999 -9999 -9999 -9999 -9999 -9999 -9999 -9999 -9999 -9999 -9999 -9999 -9999 -9999 -9999 -9999 -9999 -9999 -9999 -9999 -9999 -9999 -9999 -9999 -9999 -9999 -9999 -9999 -9999 -9999 -9999
