Rainfall_2007-2011/Rainfall_2010-06_ACTUAL.txt
ncols         180
nrows         290
xllcorner     -200000
yllcorner     -200000
cellsize      5000
NODATA_value  -9999
[rows 102 to 135 of 290, columns 77 to 153 of 180]
-9999 36.79 40.60 56.24 44.96 64.74 61.59 63.70 57.87 66.86 48.33 67.02 66.72 71.22 87.67 59.02 40.95 54.71 55.74 55.56 47.27 44.35 46.64 40.49 34.46 30.42 28.32 26.89 34.02 28.17 26.80 24.14 25.70 25.93 22.03 19.75 -9999 -9999 -9999 -9999 -9999 -9999 -9999 -9999 -9999 -9999 -9999 -9999 -9999 -9999 -9999 -9999 -9999 -9999 -9999 -9999 -9999 -9999 -9999 -9999 -9999 -9999 -9999 -9999 -9999 -9999 -9999 -9999 -9999 -9999 -9999 -9999 -9999 -9999 -9999 -9999 -9999
30.51 32.19 37.13 36.15 60.18 67.57 48.99 56.40 72.71 61.68 60.91 66.47 78.97 80.17 69.05 56.87 61.52 58.70 38.00 36.97 49.91 55.43 43.15 34.94 29.42 28.27 29.07 33.46 29.64 25.74 28.85 22.09 22.21 21.68 -9999 -9999 -9999 -9999 -9999 -9999 -9999 -9999 -9999 -9999 -9999 -9999 -9999 -9999 -9999 -9999 -9999 -9999 -9999 -9999 -9999 -9999 -9999 -9999 -9999 -9999 -9999 -9999 -9999 -9999 -9999 -9999 -9999 -9999 -9999 -9999 -9999 -9999 -9999 -9999 -9999 -9999 -9999
34.00 33.71 41.68 40.53 46.69 46.77 43.13 54.45 60.35 56.52 44.70 51.91 62.88 69.48 79.93 50.39 58.13 52.26 45.76 48.62 39.98 45.62 42.99 34.49 27.16 24.80 26.97 26.24 23.79 25.50 25.49 22.32 21.65 -9999 -9999 -9999 -9999 -9999 -9999 -9999 -9999 -9999 -9999 -9999 -9999 -9999 -9999 -9999 -9999 -9999 -9999 -9999 -9999 -9999 -9999 -9999 -9999 -9999 -9999 -9999 -9999 -9999 -9999 -9999 -9999 -9999 -9999 -9999 -9999 -9999 -9999 -9999 -9999 -9999 -9999 -9999 -9999
34.97 32.02 38.42 36.26 39.34 50.94 63.50 67.66 60.03 58.00 58.80 72.00 56.66 56.32 53.66 53.19 59.92 47.56 33.50 30.27 37.68 40.55 41.12 30.38 23.99 20.90 23.76 22.50 22.62 25.75 23.68 21.78 21.04 -9999 -9999 -9999 -9999 -9999 -9999 -9999 -9999 -9999 -9999 -9999 -9999 -9999 -9999 -9999 -9999 -9999 -9999 -9999 -9999 -9999 -9999 -9999 -9999 -9999 -9999 -9999 -9999 -9999 -9999 -9999 -9999 -9999 -9999 -9999 -9999 -9999 -9999 -9999 -9999 -9999 -9999 -9999 -9999
30.19 34.79 37.30 37.23 49.06 53.33 63.90 59.67 72.94 54.67 65.99 61.96 83.86 61.60 68.93 74.71 58.53 48.77 42.15 40.40 34.69 33.05 31.69 24.06 18.17 21.48 22.83 24.80 24.33 22.45 24.68 19.63 20.24 18.50 -9999 -9999 -9999 -9999 -9999 -9999 -9999 -9999 -9999 -9999 -9999 -9999 -9999 -9999 -9999 -9999 -9999 -9999 -9999 -9999 -9999 -9999 -9999 -9999 -9999 -9999 -9999 -9999 -9999 -9999 -9999 -9999 -9999 -9999 -9999 -9999 -9999 -9999 -9999 -9999 -9999 -9999 -9999
32.81 36.62 30.01 39.96 37.03 35.70 49.96 70.99 77.96 49.57 64.21 66.57 78.90 55.85 69.56 56.98 62.98 67.32 47.42 45.07 39.21 37.09 36.84 35.44 29.31 31.54 32.61 25.45 23.78 24.98 31.65 23.81 23.01 21.74 20.64 -9999 -9999 -9999 -9999 -9999 -9999 -9999 -9999 -9999 -9999 -9999 -9999 -9999 -9999 -9999 -9999 -9999 -9999 -9999 -9999 -9999 -9999 -9999 -9999 -9999 -9999 -9999 -9999 -9999 -9999 -9999 -9999 -9999 -9999 -9999 -9999 -9999 -9999 -9999 -9999 -9999 -9999
37.08 36.54 39.22 39.84 35.72 34.21 55.69 64.98 73.50 45.49 61.99 60.91 66.17 51.86 61.42 56.90 47.74 43.79 40.60 38.94 35.92 45.28 49.52 42.25 40.99 36.87 31.91 30.24 22.89 25.74 23.57 24.57 22.61 21.47 20.54 18.51 -9999 -9999 -9999 -9999 -9999 -9999 -9999 -9999 -9999 -9999 -9999 -9999 -9999 -9999 -9999 -9999 -9999 -9999 -9999 -9999 -9999 -9999 -9999 -9999 -9999 -9999 -9999 -9999 -9999 -9999 -9999 -9999 -9999 -9999 -9999 -9999 -9999 -9999 -9999 -9999 -9999
37.89 43.29 45.23 39.34 34.57 44.29 66.92 59.03 49.39 53.51 96.25 61.16 58.09 52.78 54.81 47.10 40.82 36.11 32.89 43.77 46.90 45.65 44.55 39.20 45.62 36.06 31.78 27.39 25.70 24.28 18.37 17.35 19.61 19.50 20.15 -9999 -9999 -9999 -9999 -9999 -9999 -9999 -9999 -9999 -9999 -9999 -9999 -9999 -9999 -9999 -9999 -9999 -9999 -9999 -9999 -9999 -9999 -9999 -9999 -9999 -9999 -9999 -9999 -9999 -9999 -9999 -9999 -9999 -9999 -9999 -9999 -9999 -9999 -9999 -9999 -9999 -9999
43.85 45.09 43.42 39.59 51.56 45.44 59.68 58.64 55.51 58.41 55.68 72.09 57.08 42.13 38.66 34.12 28.10 33.46 29.19 35.21 26.88 25.44 27.73 31.83 37.92 36.84 33.49 26.83 24.80 24.23 19.18 -9999 -9999 -9999 -9999 -9999 -9999 -9999 -9999 -9999 -9999 -9999 -9999 -9999 -9999 -9999 -9999 -9999 -9999 -9999 -9999 -9999 -9999 -9999 -9999 -9999 -9999 -9999 -9999 -9999 -9999 -9999 -9999 -9999 -9999 -9999 -9999 -9999 -9999 -9999 -9999 -9999 -9999 -9999 -9999 -9999 -9999
56.58 52.55 41.13 54.57 53.08 59.30 60.26 40.16 53.52 61.30 50.65 53.24 55.64 40.86 40.28 37.40 37.89 43.89 30.22 27.19 24.78 29.57 30.25 30.52 37.47 35.83 35.54 32.24 27.01 -9999 -9999 -9999 -9999 -9999 -9999 -9999 -9999 -9999 -9999 -9999 -9999 -9999 -9999 -9999 -9999 -9999 -9999 -9999 -9999 -9999 -9999 -9999 -9999 -9999 -9999 -9999 -9999 -9999 -9999 -9999 -9999 -9999 -9999 -9999 -9999 -9999 -9999 -9999 -9999 -9999 -9999 -9999 -9999 -9999 -9999 -9999 -9999
62.61 51.99 57.63 50.98 56.64 62.59 53.06 43.97 54.08 59.58 46.19 44.06 36.02 38.91 45.16 41.64 43.44 41.06 33.49 26.96 26.10 26.01 27.78 28.07 33.78 35.34 37.96 37.65 29.73 -9999 -9999 -9999 -9999 -9999 -9999 -9999 -9999 -9999 -9999 -9999 -9999 -9999 -9999 -9999 -9999 -9999 -9999 -9999 -9999 -9999 -9999 -9999 -9999 -9999 -9999 -9999 -9999 -9999 -9999 -9999 -9999 -9999 -9999 -9999 -9999 -9999 -9999 -9999 -9999 -9999 -9999 -9999 -9999 -9999 -9999 -9999 -9999
-9999 47.99 55.62 52.29 56.04 55.53 53.34 40.94 37.13 44.53 46.92 44.23 36.05 27.01 43.29 49.00 47.09 46.50 35.81 25.74 23.18 23.94 23.37 27.85 31.86 31.08 35.74 -9999 -9999 -9999 -9999 -9999 25.85 24.35 23.69 19.62 -9999 -9999 -9999 -9999 -9999 -9999 -9999 -9999 -9999 -9999 -9999 -9999 -9999 -9999 -9999 -9999 -9999 -9999 -9999 -9999 -9999 -9999 -9999 -9999 -9999 -9999 -9999 -9999 -9999 -9999 -9999 -9999 -9999 -9999 -9999 -9999 -9999 -9999 -9999 -9999 -9999
-9999 39.99 52.54 47.71 41.58 56.61 42.18 45.66 35.26 42.06 44.24 40.39 41.05 36.18 33.48 34.86 35.05 36.65 32.02 29.10 28.45 27.31 26.29 32.17 36.17 37.00 40.31 39.86 36.38 -9999 -9999 23.14 23.40 26.36 22.94 22.01 18.97 19.99 -9999 -9999 -9999 -9999 -9999 -9999 -9999 -9999 -9999 -9999 -9999 -9999 -9999 -9999 -9999 -9999 -9999 -9999 -9999 -9999 -9999 -9999 -9999 -9999 -9999 -9999 -9999 -9999 -9999 -9999 -9999 -9999 -9999 -9999 -9999 -9999 -9999 -9999 -9999
32.69 38.15 36.30 42.38 40.96 43.55 37.56 36.42 40.57 43.82 47.11 38.82 31.86 31.52 30.42 30.08 31.78 33.27 31.75 31.09 30.62 31.03 35.37 40.31 35.77 35.27 35.15 36.79 34.07 29.48 26.29 27.61 28.20 25.74 21.52 30.49 28.61 29.44 21.99 -9999 -9999 -9999 -9999 -9999 -9999 -9999 -9999 -9999 -9999 -9999 -9999 -9999 -9999 -9999 -9999 -9999 -9999 -9999 -9999 -9999 -9999 -9999 -9999 -9999 -9999 -9999 -9999 -9999 -9999 -9999 -9999 -9999 -9999 -9999 -9999 -9999 -9999
36.13 33.08 40.32 36.90 30.98 34.79 -9999 41.44 50.59 47.40 39.45 35.16 28.15 27.69 25.61 27.89 27.98 27.11 28.35 28.71 33.13 32.87 35.28 51.56 35.94 38.33 38.25 31.48 30.84 29.26 28.63 26.70 27.87 24.21 24.43 25.30 28.03 28.73 24.35 24.40 22.70 13.01 -9999 -9999 -9999 -9999 -9999 -9999 -9999 -9999 -9999 -9999 -9999 -9999 -9999 -9999 -9999 -9999 -9999 -9999 -9999 -9999 -9999 -9999 -9999 -9999 -9999 -9999 -9999 -9999 -9999 -9999 -9999 -9999 -9999 -9999 -9999
37.87 28.35 -9999 29.32 29.64 32.54 -9999 40.53 55.66 47.21 39.97 32.76 31.38 24.73 22.78 23.00 24.40 25.34 29.98 40.18 36.99 37.67 36.33 41.07 36.98 36.32 47.29 47.86 37.32 30.92 29.25 22.04 27.46 36.60 33.00 27.49 27.05 24.24 21.81 24.74 15.30 13.16 -9999 -9999 -9999 -9999 -9999 -9999 -9999 -9999 -9999 -9999 -9999 -9999 -9999 -9999 -9999 -9999 -9999 -9999 -9999 -9999 -9999 -9999 -9999 -9999 -9999 -9999 -9999 -9999 -9999 -9999 -9999 -9999 -9999 -9999 -9999
30.99 24.97 -9999 -9999 29.42 27.38 27.47 37.75 44.19 39.94 35.76 37.04 34.15 28.75 25.07 29.01 26.41 24.34 28.77 33.56 37.11 40.67 44.24 39.13 40.85 56.71 49.76 50.93 34.55 26.36 27.62 26.12 30.99 29.21 29.44 24.40 18.77 21.14 17.19 15.49 14.40 14.36 11.73 -9999 -9999 -9999 -9999 -9999 -9999 -9999 -9999 -9999 -9999 -9999 -9999 -9999 -9999 -9999 -9999 -9999 -9999 -9999 -9999 -9999 -9999 -9999 -9999 -9999 -9999 -9999 -9999 -9999 -9999 -9999 -9999 -9999 -9999
-9999 -9999 -9999 -9999 -9999 27.40 29.11 38.23 39.54 34.72 33.14 34.78 36.37 35.19 31.29 31.00 30.35 27.18 25.61 30.12 33.94 37.17 39.94 40.41 46.02 45.33 43.26 37.70 25.19 29.15 28.46 24.59 26.22 21.74 21.23 22.15 19.15 20.23 15.59 18.16 16.44 12.65 7.63 -9999 -9999 -9999 -9999 -9999 -9999 -9999 -9999 -9999 -9999 -9999 -9999 -9999 -9999 -9999 -9999 -9999 -9999 -9999 -9999 -9999 -9999 -9999 -9999 -9999 -9999 -9999 -9999 -9999 -9999 -9999 -9999 -9999 -9999
36.61 38.80 38.70 -9999 -9999 -9999 29.39 34.39 34.69 32.21 30.55 32.30 36.51 35.34 33.59 32.79 30.57 30.23 27.89 23.58 28.12 31.58 32.84 37.23 36.52 39.49 45.70 32.25 21.94 25.67 28.85 22.92 21.06 16.62 18.77 19.43 20.20 19.50 16.95 25.88 20.26 13.26 13.15 13.24 -9999 -9999 -9999 -9999 -9999 -9999 -9999 -9999 -9999 -9999 -9999 -9999 -9999 -9999 -9999 -9999 -9999 -9999 -9999 -9999 -9999 -9999 -9999 -9999 -9999 -9999 -9999 -9999 -9999 -9999 -9999 -9999 -9999
47.90 49.50 52.10 39.56 -9999 -9999 -9999 25.63 28.16 27.32 29.50 32.19 32.97 31.40 27.98 29.02 27.35 28.50 26.43 28.21 23.12 36.16 38.17 37.98 36.02 41.03 33.49 33.82 25.02 24.46 27.48 25.08 14.49 14.87 16.33 17.32 17.72 21.29 22.40 17.48 13.71 17.08 15.00 13.16 12.57 -9999 -9999 -9999 -9999 -9999 -9999 -9999 -9999 -9999 -9999 -9999 -9999 -9999 -9999 -9999 -9999 -9999 -9999 -9999 -9999 -9999 -9999 -9999 -9999 -9999 -9999 -9999 -9999 -9999 -9999 -9999 -9999
37.85 47.54 53.48 41.95 -9999 -9999 -9999 -9999 -9999 26.54 26.59 24.75 28.75 24.24 24.94 23.63 31.32 34.99 33.19 30.16 40.52 46.76 37.66 27.98 29.26 37.96 33.84 32.62 29.62 25.23 18.50 20.72 9.31 14.05 13.17 16.59 17.17 18.07 29.66 19.08 16.92 17.26 25.40 18.38 14.49 15.81 -9999 -9999 -9999 -9999 -9999 -9999 -9999 -9999 -9999 -9999 -9999 -9999 -9999 -9999 -9999 -9999 -9999 -9999 -9999 -9999 -9999 -9999 -9999 -9999 -9999 -9999 -9999 -9999 -9999 -9999 -9999
35.22 36.11 53.33 40.97 -9999 -9999 -9999 -9999 -9999 24.14 26.71 29.71 28.61 29.11 35.73 31.63 32.79 36.65 37.62 32.99 40.45 39.44 29.16 24.50 34.37 33.27 53.24 33.78 30.81 22.77 27.64 25.81 12.40 16.01 12.89 13.76 15.77 17.11 23.25 23.47 20.28 20.96 21.18 21.94 21.15 16.92 19.90 14.41 -9999 -9999 -9999 -9999 -9999 -9999 -9999 -9999 -9999 -9999 -9999 -9999 -9999 -9999 -9999 -9999 -9999 -9999 -9999 -9999 -9999 -9999 -9999 -9999 -9999 -9999 -9999 -9999 -9999
-9999 39.19 44.78 39.28 -9999 -9999 -9999 -9999 -9999 23.02 24.35 25.97 24.99 26.50 30.60 28.86 30.53 33.97 35.67 31.40 30.50 30.63 27.96 28.97 27.18 24.39 42.53 36.14 21.33 21.33 28.84 26.02 21.77 17.22 14.48 15.47 17.09 21.46 27.02 24.39 30.73 32.14 25.12 23.89 23.19 20.84 21.20 16.30 -9999 -9999 -9999 -9999 -9999 -9999 -9999 -9999 -9999 -9999 -9999 -9999 -9999 -9999 -9999 -9999 -9999 -9999 -9999 -9999 -9999 -9999 -9999 -9999 -9999 -9999 -9999 -9999 -9999
-9999 32.02 36.01 36.08 -9999 -9999 -9999 -9999 -9999 20.22 19.40 22.29 24.08 24.87 27.63 30.34 35.13 37.08 30.78 27.57 22.87 23.27 22.49 24.18 17.61 20.48 27.91 26.25 23.85 23.82 24.28 29.76 22.43 22.42 22.37 15.13 15.36 26.30 32.80 26.74 35.41 37.59 30.46 22.17 22.20 18.24 17.81 17.35 -9999 -9999 -9999 -9999 -9999 -9999 -9999 -9999 -9999 -9999 -9999 -9999 -9999 -9999 -9999 -9999 -9999 -9999 -9999 -9999 -9999 -9999 -9999 -9999 -9999 -9999 -9999 -9999 -9999
-9999 -9999 -9999 -9999 -9999 -9999 -9999 -9999 23.22 22.54 23.38 23.57 25.03 25.92 26.04 28.41 29.00 31.99 28.19 24.73 24.66 24.13 30.51 30.05 27.13 27.55 31.27 27.09 26.47 25.96 25.11 24.21 27.52 25.00 22.27 25.65 20.30 24.11 27.46 31.22 30.25 36.36 25.59 22.45 20.43 17.06 18.35 19.36 -9999 -9999 -9999 -9999 -9999 -9999 -9999 -9999 -9999 -9999 -9999 -9999 -9999 -9999 -9999 -9999 -9999 -9999 -9999 -9999 -9999 -9999 -9999 -9999 -9999 -9999 -9999 -9999 -9999
-9999 -9999 -9999 -9999 -9999 -9999 -9999 -9999 27.36 22.66 24.52 27.61 28.59 28.87 26.26 26.19 27.01 21.34 24.55 29.48 29.09 30.68 39.21 32.46 22.45 31.05 27.23 27.99 25.21 24.25 21.19 19.85 23.10 29.25 35.27 36.34 23.89 22.95 26.44 26.50 27.21 32.44 27.78 20.48 18.90 18.22 22.49 19.77 -9999 -9999 -9999 -9999 -9999 -9999 -9999 -9999 -9999 -9999 -9999 -9999 -9999 -9999 -9999 -9999 -9999 -9999 -9999 -9999 -9999 -9999 -9999 -9999 -9999 -9999 -9999 -9999 -9999
-9999 -9999 -9999 -9999 -9999 -9999 -9999 23.51 26.42 23.42 25.77 24.20 24.87 32.27 37.90 36.63 34.18 28.66 22.71 24.36 30.82 41.10 40.97 29.97 16.01 22.67 33.89 31.04 30.72 24.77 19.98 16.73 22.61 28.73 32.80 37.28 29.23 29.74 24.59 23.83 27.40 26.96 25.39 22.37 25.63 24.14 20.44 20.20 -9999 -9999 -9999 -9999 -9999 -9999 -9999 -9999 -9999 -9999 -9999 -9999 -9999 -9999 -9999 -9999 -9999 -9999 -9999 -9999 -9999 -9999 -9999 -9999 -9999 -9999 -9999 -9999 -9999
-9999 -9999 -9999 -9999 -9999 -9999 -9999 24.41 25.04 30.94 25.40 29.44 26.45 32.81 36.04 48.22 38.30 30.23 25.83 30.77 39.53 60.24 48.25 26.94 16.87 21.71 33.10 35.08 31.58 29.35 21.20 22.64 35.43 31.98 32.67 31.70 33.28 20.89 19.24 17.95 25.66 28.07 23.07 19.74 21.50 20.06 18.97 18.46 18.72 -9999 -9999 -9999 -9999 -9999 -9999 -9999 -9999 -9999 -9999 -9999 -9999 -9999 -9999 -9999 -9999 -9999 -9999 -9999 -9999 -9999 -9999 -9999 -9999 -9999 -9999 -9999 -9999
-9999 -9999 -9999 -9999 -9999 -9999 18.97 28.34 34.84 34.97 27.92 29.80 26.87 25.80 37.46 42.16 36.34 28.35 27.90 25.28 39.23 51.59 46.71 30.94 21.51 20.61 26.71 30.58 29.16 28.67 32.00 32.31 44.33 35.92 22.92 24.02 21.27 24.43 21.19 13.35 20.18 25.63 23.59 24.40 19.35 20.07 22.05 22.97 22.62 -9999 -9999 -9999 -9999 -9999 -9999 -9999 -9999 -9999 -9999 -9999 -9999 -9999 -9999 -9999 -9999 -9999 -9999 -9999 -9999 -9999 -9999 -9999 -9999 -9999 -9999 -9999 -9999
-9999 -9999 -9999 -9999 -9999 -9999 28.66 34.31 40.98 48.93 45.07 37.63 34.15 46.18 36.75 37.84 30.49 23.24 23.37 19.71 25.83 46.35 43.06 31.11 19.55 18.63 21.31 26.27 24.53 28.93 23.75 34.31 39.44 29.46 26.13 15.46 19.00 19.75 22.85 25.28 22.32 22.33 25.35 23.10 19.38 25.69 25.29 25.07 25.93 -9999 -9999 -9999 -9999 -9999 -9999 -9999 -9999 -9999 -9999 -9999 -9999 -9999 -9999 -9999 -9999 -9999 -9999 -9999 -9999 -9999 -9999 -9999 -9999 -9999 -9999 -9999 -9999
-9999 -9999 -9999 -9999 -9999 37.94 38.06 40.72 50.49 48.64 46.37 60.16 55.44 57.23 41.11 34.07 29.87 23.21 26.06 32.37 43.10 53.95 40.13 23.67 18.43 16.95 21.06 24.53 27.72 22.41 18.65 29.76 31.63 29.46 27.42 18.69 13.57 13.70 20.42 26.94 26.35 26.22 26.23 22.03 23.03 27.83 24.93 23.83 25.03 -9999 -9999 -9999 -9999 -9999 -9999 -9999 -9999 -9999 -9999 -9999 -9999 -9999 -9999 -9999 -9999 -9999 -9999 -9999 -9999 -9999 -9999 -9999 -9999 -9999 -9999 -9999 -9999
-9999 -9999 -9999 -9999 33.77 39.89 45.32 40.87 46.40 51.58 51.01 58.14 56.76 71.00 35.96 26.62 31.51 34.27 34.90 42.06 45.65 42.97 35.01 27.68 19.02 19.74 23.78 26.29 25.78 22.22 18.43 22.63 25.32 23.44 22.17 23.12 20.22 16.62 15.39 25.03 25.34 26.94 27.06 21.91 22.86 27.60 27.45 25.89 28.88 27.68 -9999 -9999 -9999 -9999 -9999 -9999 -9999 -9999 -9999 -9999 -9999 -9999 -9999 -9999 -9999 -9999 -9999 -9999 -9999 -9999 -9999 -9999 -9999 -9999 -9999 -9999 -9999
-9999 -9999 -9999 -9999 47.13 59.11 50.13 41.86 42.31 49.60 51.70 69.97 62.24 50.78 40.08 28.70 34.21 38.84 37.78 53.70 44.87 37.98 35.72 31.95 27.33 23.51 27.41 26.53 24.81 24.17 12.79 14.71 21.00 14.55 11.73 25.45 22.11 21.88 20.80 23.09 21.00 21.53 21.96 25.47 27.20 29.49 29.20 29.96 32.02 28.90 -9999 -9999 -9999 -9999 -9999 -9999 -9999 -9999 -9999 -9999 -9999 -9999 -9999 -9999 -9999 -9999 -9999 -9999 -9999 -9999 -9999 -9999 -9999 -9999 -9999 -9999 -9999
-9999 -9999 41.08 43.72 51.53 51.85 48.98 43.81 40.89 56.12 65.03 65.98 50.39 54.44 48.11 41.11 34.29 35.79 40.09 42.17 42.45 36.89 35.50 34.99 29.93 24.93 26.03 27.60 24.54 20.37 16.09 18.98 23.27 22.61 23.64 27.81 24.18 24.12 27.87 26.45 23.39 21.50 26.07 25.09 29.83 32.17 32.00 37.16 39.22 35.30 -9999 -9999 -9999 -9999 -9999 -9999 -9999 -9999 -9999 -9999 -9999 -9999 -9999 -9999 -9999 -9999 -9999 -9999 -9999 -9999 -9999 -9999 -9999 -9999 -9999 -9999 -9999
