Rainfall_2007-2011/Rainfall_2011-07_ACTUAL.txt
ncols         180
nrows         290
xllcorner     -200000
yllcorner     -200000
cellsize      5000
NODATA_value  -9999
[rows 170 to 203 of 290, columns 76 to 151 of 180]
-9999 -9999 -9999 -9999 -9999 -9999 -9999 -9999 -9999 -9999 -9999 -9999 -9999 -9999 -9999 -9999 -9999 -9999 -9999 -9999 -9999 -9999 -9999 -9999 -9999 -9999 -9999 -9999 -9999 -9999 64.44 80.08 77.48 80.83 79.46 87.34 74.24 66.68 76.66 81.30 75.63 71.91 67.50 83.65 77.88 133.28 113.22 87.40 59.57 27.36 31.74 38.76 38.11 30.83 32.72 33.93 35.00 33.93 36.87 44.90 45.97 46.87 46.82 47.08 52.51 58.43 56.81 76.48 73.09 61.07 49.02 48.13 45.76 -9999 -9999 -9999
-9999 -9999 -9999 -9999 -9999 -9999 -9999 -9999 -9999 -9999 47.39 43.68 43.93 48.73 -9999 -9999 -9999 -9999 -9999 -9999 -9999 -9999 -9999 -9999 -9999 -9999 -9999 -9999 -9999 69.05 51.54 62.11 82.57 84.83 81.46 69.60 70.80 65.95 63.77 61.43 73.11 74.31 80.25 82.01 108.67 102.59 111.12 66.32 46.87 34.59 26.80 33.03 34.23 40.25 40.56 35.75 37.99 31.02 27.65 42.05 42.40 38.13 41.06 48.35 53.43 62.90 74.27 73.02 89.31 76.08 57.81 50.93 49.28 55.06 -9999 -9999
-9999 -9999 -9999 -9999 -9999 -9999 -9999 -9999 -9999 -9999 46.74 46.84 39.71 45.75 -9999 -9999 -9999 -9999 -9999 -9999 -9999 -9999 -9999 -9999 -9999 -9999 -9999 -9999 71.93 65.70 57.04 76.26 88.33 75.21 75.42 59.55 69.37 61.48 54.16 63.00 64.86 75.35 86.56 95.36 99.20 123.75 111.00 73.36 43.43 36.67 21.31 23.69 31.25 54.11 44.79 39.96 39.18 38.02 28.15 30.49 32.52 36.06 42.75 50.13 53.62 63.44 74.02 88.01 97.46 75.67 72.65 56.81 55.03 56.14 -9999 -9999
-9999 -9999 -9999 -9999 -9999 -9999 -9999 -9999 33.80 44.77 44.52 48.76 46.87 52.56 50.53 43.72 52.24 -9999 -9999 36.27 56.14 -9999 -9999 -9999 40.67 45.28 52.09 -9999 60.19 61.11 63.46 65.01 74.02 69.51 76.81 78.28 70.80 61.88 68.13 65.45 76.63 77.34 79.39 98.76 97.37 106.63 100.59 44.00 42.63 43.09 26.13 34.28 34.25 45.54 47.85 55.40 56.43 42.20 34.28 37.35 44.34 43.27 49.33 51.29 55.46 58.78 66.07 79.79 77.12 76.18 73.91 59.61 56.45 50.09 53.81 -9999
-9999 -9999 -9999 -9999 -9999 -9999 -9999 -9999 -9999 43.06 51.04 49.91 46.35 50.30 57.36 56.25 51.61 -9999 34.76 46.57 75.66 71.94 44.18 47.04 50.46 60.62 65.32 70.59 -9999 52.03 51.76 56.42 67.03 60.12 59.21 63.85 64.09 64.74 65.16 71.51 77.09 90.58 92.22 130.81 143.68 104.78 90.08 47.57 50.50 46.48 36.34 31.61 35.25 52.44 60.69 57.65 64.77 40.99 39.76 41.80 38.44 42.13 51.43 62.30 61.32 57.16 61.93 70.89 81.78 81.95 71.46 66.54 62.64 58.21 59.88 -9999
-9999 -9999 -9999 -9999 -9999 -9999 -9999 -9999 -9999 -9999 49.73 52.11 51.34 56.26 58.24 59.45 66.58 76.53 100.68 61.84 77.97 83.62 67.69 63.96 60.18 53.43 69.83 91.19 78.73 53.15 39.42 58.47 66.50 56.33 49.92 57.51 69.57 67.76 60.00 65.55 68.02 86.80 96.58 141.94 146.28 113.29 78.02 52.89 49.96 45.71 33.54 27.99 33.88 48.51 48.49 35.80 41.31 39.49 39.80 37.80 38.50 45.59 62.35 70.90 62.96 57.58 55.72 61.81 63.43 67.20 67.90 65.34 74.73 63.26 57.32 56.89
-9999 -9999 -9999 -9999 -9999 -9999 -9999 -9999 -9999 -9999 -9999 54.44 49.51 85.83 65.60 86.77 111.48 142.34 99.32 50.42 63.06 65.64 78.27 69.01 62.02 55.42 101.54 100.34 85.94 63.81 52.45 57.82 63.64 56.32 52.96 76.74 66.88 82.75 60.28 62.47 62.90 77.10 100.87 115.39 119.82 102.28 78.89 71.70 45.15 44.93 38.90 26.02 30.80 39.50 33.81 31.75 42.28 36.50 36.29 35.92 39.04 50.26 53.26 58.52 57.83 58.74 54.89 52.91 56.76 63.08 68.43 56.75 58.25 57.36 52.13 51.18
-9999 -9999 -9999 -9999 -9999 -9999 -9999 -9999 -9999 -9999 -9999 -9999 54.74 51.21 102.23 121.74 188.17 169.76 120.57 71.10 77.73 71.20 86.61 56.39 76.03 67.01 59.83 114.84 93.64 70.50 61.62 61.81 71.49 55.71 52.06 54.29 55.49 52.35 51.73 56.84 57.98 65.99 87.68 98.19 100.37 85.63 70.17 68.15 50.07 71.56 36.10 31.81 34.75 43.89 37.55 35.31 36.77 34.45 32.13 29.49 43.59 52.97 53.82 57.93 63.61 58.62 49.46 39.46 45.77 52.66 54.77 64.99 57.84 51.78 48.25 51.29
-9999 -9999 -9999 -9999 -9999 -9999 -9999 -9999 -9999 -9999 -9999 -9999 56.62 57.02 113.87 154.13 222.55 208.53 119.78 84.18 73.96 92.97 96.32 89.25 75.61 69.68 50.94 85.57 93.94 72.91 58.33 51.36 31.37 49.08 53.77 53.18 54.09 39.27 49.94 45.67 49.40 62.78 83.99 87.66 90.19 82.79 79.31 67.22 60.53 40.91 40.24 36.00 33.06 39.97 36.04 36.44 37.19 38.35 47.72 55.39 45.85 50.65 54.18 61.51 77.56 62.90 47.32 32.58 31.05 48.37 61.12 67.93 61.98 48.46 42.44 -9999
-9999 -9999 -9999 -9999 -9999 -9999 -9999 -9999 -9999 -9999 -9999 -9999 72.62 94.87 136.24 168.39 232.34 186.71 134.42 120.93 67.72 85.17 124.81 89.04 93.27 70.36 63.77 91.19 88.36 78.17 56.12 50.12 43.76 57.03 58.06 55.62 63.97 52.13 49.37 40.35 53.85 65.29 79.78 79.00 108.30 106.95 85.47 67.73 51.63 48.66 47.00 38.54 43.54 40.06 39.38 45.78 45.82 46.80 49.33 58.38 35.99 44.27 53.71 54.09 51.73 50.69 47.04 41.00 40.91 49.18 60.93 67.59 59.66 53.62 -9999 -9999
-9999 -9999 -9999 -9999 -9999 -9999 -9999 -9999 -9999 -9999 -9999 58.92 107.87 93.01 152.60 174.92 148.47 216.32 180.00 134.12 103.79 101.94 99.72 94.43 72.61 78.87 82.64 94.60 87.28 81.03 52.37 45.99 55.41 54.97 51.47 51.13 53.23 50.80 49.15 54.96 59.07 66.32 71.59 86.28 73.11 113.64 85.60 59.23 51.19 47.06 45.04 43.64 40.15 35.13 33.59 48.89 49.45 49.11 44.46 49.59 43.04 46.05 47.00 47.08 42.70 47.09 49.14 44.46 42.37 49.45 58.34 61.80 66.45 -9999 -9999 -9999
-9999 -9999 -9999 -9999 -9999 -9999 -9999 -9999 -9999 38.59 43.46 49.02 68.57 77.55 118.20 146.36 121.57 158.51 150.79 136.73 109.38 103.42 98.35 94.37 66.95 74.98 83.74 57.84 60.46 58.20 52.68 50.39 39.78 43.44 35.50 45.17 50.85 44.83 52.90 54.94 58.89 58.33 68.91 79.89 79.51 74.95 63.44 60.01 49.40 45.88 46.76 42.47 35.81 30.37 35.00 51.85 44.07 48.14 43.92 55.50 55.12 43.81 42.33 41.94 43.03 41.70 47.68 45.06 37.35 50.50 59.47 55.16 -9999 -9999 -9999 -9999
-9999 -9999 -9999 -9999 -9999 -9999 -9999 -9999 36.43 36.45 57.21 59.16 60.06 59.97 84.05 86.19 103.22 112.47 132.01 127.25 120.21 89.66 65.94 77.79 73.24 96.27 103.26 81.25 57.42 75.08 64.24 49.09 41.24 44.50 42.79 38.71 44.21 43.80 48.12 52.43 52.15 53.36 70.89 74.20 60.47 64.17 59.31 53.55 52.08 53.31 43.24 33.70 28.14 32.98 33.37 50.30 44.53 41.03 32.73 41.49 34.45 34.00 39.65 38.78 44.82 40.61 43.88 45.54 42.86 49.51 53.85 52.88 -9999 -9999 -9999 -9999
-9999 -9999 -9999 -9999 -9999 -9999 -9999 52.39 42.11 35.07 55.33 -9999 -9999 -9999 -9999 90.46 138.50 156.79 141.26 139.68 127.45 118.36 102.08 109.47 97.79 131.15 116.22 85.29 53.44 59.18 50.25 49.40 44.57 45.50 46.59 39.51 41.81 45.41 40.68 47.00 46.21 63.18 62.98 62.10 55.53 57.62 54.32 42.43 39.99 42.41 37.00 26.56 20.63 25.33 29.20 33.18 35.14 35.68 29.56 37.17 33.94 36.33 36.82 45.00 44.80 43.39 54.58 52.99 49.27 47.66 49.58 56.57 67.48 -9999 -9999 -9999
-9999 -9999 -9999 -9999 -9999 -9999 -9999 37.22 51.64 41.00 44.11 -9999 -9999 -9999 -9999 67.30 116.57 173.87 147.89 152.44 156.80 144.32 133.52 124.57 84.97 111.13 78.15 67.56 53.96 49.01 48.80 42.10 34.61 48.01 47.72 48.46 42.10 48.92 40.56 39.49 48.12 52.96 54.94 51.65 48.26 44.40 47.43 43.55 37.09 34.17 34.87 27.93 27.59 21.75 23.92 33.57 32.65 33.99 34.19 38.28 37.90 40.00 38.24 47.20 47.44 51.94 58.59 60.48 52.58 46.73 46.43 50.94 65.38 63.46 -9999 -9999
-9999 -9999 -9999 -9999 -9999 -9999 -9999 -9999 -9999 -9999 -9999 -9999 -9999 -9999 -9999 61.83 119.93 155.04 164.17 173.82 171.70 178.66 146.60 98.84 96.97 93.52 87.44 77.82 54.64 39.05 39.60 46.58 56.95 51.97 49.37 45.88 49.28 45.31 43.44 47.93 49.63 46.53 51.50 46.39 40.00 32.89 37.89 41.93 36.43 48.41 39.94 26.02 28.33 28.26 25.36 28.87 28.85 32.48 31.70 32.73 32.71 39.67 37.65 50.34 60.64 56.15 58.23 63.80 44.04 41.05 41.44 50.55 53.59 52.86 46.35 57.33
-9999 -9999 -9999 -9999 -9999 -9999 -9999 -9999 -9999 -9999 -9999 -9999 -9999 -9999 -9999 -9999 126.43 110.57 164.95 183.25 194.97 199.95 163.67 122.37 83.15 85.20 82.94 58.18 51.51 45.76 40.21 52.39 55.07 52.87 49.43 41.31 36.26 40.88 43.75 41.55 43.09 44.55 40.60 41.87 33.82 32.43 33.49 39.27 39.05 37.90 38.69 34.27 34.71 37.28 26.20 26.54 28.38 24.92 26.49 29.96 27.96 37.19 41.79 48.07 55.09 54.30 58.94 53.89 49.22 47.53 49.54 51.63 46.30 50.30 52.75 56.24
-9999 -9999 -9999 -9999 -9999 -9999 -9999 -9999 -9999 -9999 -9999 -9999 -9999 -9999 -9999 -9999 103.17 162.90 238.73 245.06 201.98 154.98 147.05 125.71 79.19 56.60 58.20 65.83 46.44 47.33 41.56 46.50 53.83 45.55 46.04 37.37 34.55 38.30 43.09 37.35 38.27 40.51 43.99 47.86 36.17 35.00 45.89 34.51 35.81 35.27 38.16 35.57 34.35 35.14 31.60 26.92 26.80 26.99 30.64 32.56 30.32 36.47 40.17 49.29 58.98 61.00 69.02 58.97 51.92 46.92 51.18 57.05 49.89 47.42 45.36 51.51
-9999 -9999 -9999 -9999 -9999 -9999 -9999 -9999 -9999 -9999 -9999 -9999 -9999 -9999 -9999 102.28 119.42 161.71 255.11 234.39 181.40 139.10 120.50 104.18 94.20 61.06 52.74 65.95 49.14 56.48 47.33 44.56 47.06 45.12 38.27 36.74 41.36 41.45 38.91 40.07 40.02 47.56 44.39 40.05 38.23 35.44 35.49 34.75 34.33 32.03 31.20 31.54 30.00 29.34 32.00 29.77 28.67 32.68 38.04 36.76 39.32 40.41 44.87 52.40 71.03 75.48 84.61 73.53 57.22 51.43 52.18 49.61 47.42 46.18 46.20 49.49
-9999 -9999 -9999 -9999 -9999 -9999 -9999 -9999 -9999 -9999 -9999 -9999 -9999 -9999 -9999 87.13 105.25 181.56 192.86 180.86 153.25 130.52 122.42 116.97 87.80 68.09 59.48 59.89 41.73 47.02 45.00 32.67 43.97 31.00 32.00 31.90 35.15 40.87 30.75 39.08 49.83 62.63 54.87 45.26 34.12 35.42 37.29 32.64 31.15 28.44 26.87 27.95 27.38 31.98 35.18 31.33 33.82 32.66 40.48 37.01 38.86 51.38 50.67 55.95 53.91 66.90 75.93 66.44 59.74 51.31 45.56 44.29 42.93 41.99 42.67 51.99
-9999 -9999 -9999 -9999 -9999 -9999 -9999 -9999 -9999 -9999 -9999 -9999 -9999 -9999 -9999 70.41 97.78 107.94 157.95 132.95 131.56 128.42 137.22 108.33 94.88 72.28 58.94 56.26 56.46 56.37 48.56 50.36 49.41 36.64 35.51 33.06 35.85 38.98 33.12 41.98 46.94 51.26 51.19 42.25 39.37 39.20 38.58 34.52 29.87 29.43 25.19 26.92 30.61 30.16 36.57 36.45 32.21 36.24 40.20 35.74 36.21 42.65 47.10 54.34 56.88 63.22 59.50 44.85 42.40 46.88 41.51 42.27 38.22 40.55 44.48 46.67
-9999 -9999 -9999 -9999 -9999 -9999 -9999 -9999 -9999 -9999 -9999 -9999 -9999 -9999 -9999 -9999 48.63 101.93 151.87 165.20 175.72 125.41 117.37 96.25 81.56 65.65 74.89 62.72 75.30 35.91 42.19 38.08 43.50 36.71 26.29 26.64 41.57 45.27 41.80 46.08 41.37 36.97 49.08 41.63 36.83 35.23 34.48 29.95 28.37 33.21 30.92 29.24 30.08 31.82 37.02 36.99 38.95 36.95 42.31 37.94 41.24 45.77 51.02 50.92 51.61 54.55 53.64 48.08 46.01 39.73 40.48 43.59 42.87 38.29 40.18 43.10
-9999 -9999 -9999 -9999 -9999 -9999 -9999 -9999 -9999 -9999 -9999 -9999 -9999 -9999 -9999 -9999 75.00 97.61 130.36 173.78 216.64 150.64 115.45 106.24 96.80 86.39 97.03 79.90 73.87 46.19 31.61 33.76 38.00 30.13 35.79 52.61 44.01 55.59 56.36 61.60 46.12 41.26 42.88 41.69 36.06 37.32 34.76 35.10 28.58 36.45 37.51 33.93 33.64 37.43 38.87 41.02 45.00 41.60 41.94 59.06 52.87 53.93 49.04 44.81 47.23 48.25 52.95 44.31 40.57 42.83 35.84 42.39 43.41 45.66 43.04 44.25
-9999 -9999 -9999 -9999 -9999 -9999 -9999 -9999 -9999 -9999 -9999 -9999 -9999 -9999 -9999 58.34 64.05 99.56 138.85 150.82 219.90 164.05 136.89 132.29 134.46 96.45 87.16 62.15 47.61 36.11 35.79 39.81 37.15 35.52 42.51 50.82 63.28 51.99 45.40 47.15 43.45 43.95 46.86 37.50 36.72 32.80 31.75 31.39 33.86 40.01 42.07 53.36 37.67 42.56 32.84 46.44 49.31 51.97 50.51 52.46 47.64 47.80 44.28 39.44 43.94 43.26 37.57 41.71 39.36 45.06 42.62 40.47 37.18 44.09 37.06 36.38
-9999 -9999 -9999 -9999 -9999 -9999 -9999 -9999 -9999 -9999 -9999 -9999 -9999 -9999 -9999 71.97 82.82 97.97 110.11 144.27 203.96 196.81 153.75 88.20 84.15 83.48 83.80 77.37 51.93 46.40 39.91 36.91 40.32 34.35 46.67 47.55 60.56 46.63 42.70 38.96 41.00 41.75 49.77 52.44 44.52 36.33 31.23 30.73 33.33 35.69 38.11 34.31 32.73 30.04 36.46 44.32 46.74 50.37 50.31 49.18 42.92 44.03 45.99 46.77 46.21 41.03 41.79 44.19 37.25 38.13 44.63 43.01 43.12 54.26 42.36 35.71
-9999 -9999 -9999 -9999 -9999 -9999 -9999 -9999 -9999 -9999 -9999 -9999 -9999 -9999 -9999 81.63 89.31 78.15 112.62 142.55 180.38 171.92 139.21 82.88 77.26 82.94 71.69 67.33 52.48 46.34 39.47 46.84 39.41 49.58 41.20 42.93 44.48 48.46 53.54 41.52 35.76 37.75 42.42 43.91 46.20 39.33 32.02 28.70 33.97 36.00 38.01 34.25 28.58 28.08 30.27 37.28 31.98 58.39 48.84 45.80 46.17 49.41 51.35 43.76 45.78 44.05 41.23 43.54 57.47 45.05 43.44 38.79 39.26 43.55 36.29 36.88
-9999 -9999 -9999 -9999 -9999 -9999 -9999 -9999 -9999 -9999 -9999 -9999 -9999 -9999 86.68 94.53 106.28 104.19 103.93 145.46 154.23 157.52 112.78 76.68 65.23 69.91 68.61 81.92 66.66 44.92 46.22 44.47 42.81 45.48 36.36 42.22 43.78 56.23 48.58 38.01 34.73 34.77 38.74 49.30 46.25 40.26 30.89 27.78 33.59 36.97 38.37 35.15 30.83 30.68 37.14 41.16 41.61 46.16 45.45 47.90 46.17 47.65 46.64 41.92 42.65 45.76 41.20 40.47 54.17 48.16 43.51 37.72 36.15 37.16 35.48 37.58
-9999 -9999 -9999 -9999 -9999 -9999 -9999 -9999 -9999 -9999 -9999 -9999 -9999 85.25 97.86 106.30 97.88 92.85 121.90 163.44 163.04 148.53 123.61 77.34 62.63 60.96 57.59 68.08 54.62 47.01 40.89 39.73 42.59 41.68 36.24 51.13 53.56 55.21 47.28 30.88 28.37 28.22 32.35 44.67 49.72 46.87 36.73 33.74 35.94 38.38 38.65 36.01 36.02 37.87 37.33 46.22 42.60 40.80 39.97 35.50 44.45 49.70 47.35 55.00 48.55 45.98 41.51 47.73 61.30 53.72 38.99 38.20 38.64 38.30 36.42 40.76
-9999 -9999 -9999 -9999 -9999 -9999 -9999 -9999 -9999 -9999 -9999 63.14 61.45 83.28 90.62 96.60 104.46 104.95 145.54 159.03 191.12 157.86 106.48 65.76 38.53 61.63 53.39 59.74 48.17 42.07 42.65 38.14 40.34 30.90 30.88 53.00 48.26 39.59 34.29 28.47 29.51 29.25 34.21 35.76 45.67 48.89 39.08 41.80 32.60 29.77 35.57 38.19 39.39 47.48 50.01 52.07 47.51 41.92 43.08 46.10 48.13 46.62 47.91 47.47 49.92 48.22 47.84 52.95 63.77 80.89 41.22 39.76 33.29 34.22 34.93 40.56
-9999 -9999 -9999 -9999 -9999 -9999 -9999 53.87 42.30 50.98 82.25 86.31 85.78 106.73 97.59 99.59 93.89 129.66 135.15 145.47 162.99 131.37 87.12 63.24 42.52 55.45 53.94 65.28 55.78 43.44 41.22 41.29 40.13 44.03 36.65 49.75 47.63 36.23 31.02 29.78 28.25 31.78 31.90 27.40 29.38 35.70 36.45 33.29 34.00 33.86 37.22 36.74 41.16 49.77 46.75 57.07 53.83 44.35 42.04 48.74 45.82 39.38 42.77 52.36 42.09 42.00 53.20 54.47 60.50 77.13 46.79 37.83 34.99 38.25 40.65 52.37
-9999 -9999 -9999 -9999 -9999 -9999 69.01 62.64 66.31 69.45 68.43 86.26 85.72 104.09 102.96 93.59 105.46 128.21 147.86 117.22 125.32 95.26 77.39 87.44 66.65 46.79 68.44 49.89 43.49 29.40 36.36 38.61 44.01 42.97 38.78 37.17 40.32 39.62 32.39 33.95 30.04 31.59 27.80 25.85 25.25 29.51 31.30 31.24 29.14 34.30 38.50 47.83 45.58 47.48 49.60 53.20 49.36 40.12 36.80 42.76 46.07 42.95 43.76 38.83 43.12 42.90 45.44 47.82 55.73 42.81 35.98 35.56 37.04 38.15 43.09 47.44
-9999 -9999 -9999 -9999 -9999 63.97 67.14 63.03 64.56 72.17 81.88 85.28 96.28 95.08 104.08 146.26 133.76 132.28 144.69 89.73 98.76 88.67 95.40 91.21 84.06 64.53 50.38 42.66 32.20 46.93 51.15 37.85 38.82 37.47 38.28 32.91 41.25 41.14 35.32 33.64 29.23 29.30 25.80 25.92 27.80 29.63 27.90 31.66 29.56 27.36 30.82 41.79 44.01 41.33 54.66 55.99 47.13 41.87 42.42 39.80 38.85 37.31 47.15 50.04 35.70 42.36 47.06 49.62 47.37 36.71 34.70 35.79 35.31 32.28 44.91 41.24
-9999 50.90 64.49 63.33 84.24 78.88 86.26 108.31 91.81 82.00 93.68 84.79 96.53 110.19 168.62 174.99 141.80 137.47 111.31 89.93 94.02 106.72 109.89 96.22 73.02 75.20 47.66 34.41 46.59 52.35 48.02 52.51 44.56 41.00 34.91 36.99 44.72 33.31 36.92 30.51 29.13 29.07 29.53 34.24 29.21 28.22 31.78 27.17 30.11 27.87 28.41 45.29 47.35 48.54 54.93 48.11 44.25 41.81 38.67 42.25 40.82 42.55 48.44 47.32 48.82 50.50 46.05 50.69 48.59 32.94 42.56 45.22 48.10 50.60 45.85 47.77
56.74 68.04 74.04 79.21 103.24 118.27 125.93 135.82 105.09 103.56 102.96 106.04 97.92 108.81 159.48 165.93 156.94 107.46 86.77 85.85 106.91 117.24 101.83 98.61 82.33 63.38 52.37 51.26 77.12 64.60 47.73 44.66 46.69 43.49 44.33 36.64 43.06 36.62 33.88 34.36 31.54 29.26 30.64 30.39 26.20 37.20 37.73 38.24 36.50 41.05 46.21 52.69 51.92 49.97 53.06 50.20 51.73 38.94 39.26 54.65 46.42 46.23 53.26 50.92 44.29 48.87 50.33 48.46 53.58 48.72 58.37 59.43 54.27 48.49 46.84 50.16
