Rainfall_2007-2011/Rainfall_2007-05_ACTUAL.txt
ncols         180
nrows         290
xllcorner     -200000
yllcorner     -200000
cellsize      5000
NODATA_value  -9999
[rows 136 to 169 of 290, columns 77 to 153 of 180]
-9999 -9999 72.44 77.08 78.65 96.15 89.61 74.09 51.01 67.22 76.34 84.16 95.74 126.37 106.13 90.75 73.01 66.95 63.43 65.29 73.09 86.50 85.40 86.28 74.07 69.29 65.48 68.65 68.62 58.58 56.45 55.53 53.90 55.93 62.34 69.88 72.80 70.68 65.65 60.19 44.30 46.15 65.32 60.11 51.05 57.48 56.61 60.58 59.44 57.75 50.75 -9999 -9999 -9999 -9999 -9999 -9999 -9999 -9999 -9999 -9999 -9999 -9999 -9999 -9999 -9999 -9999 -9999 -9999 -9999 -9999 -9999 -9999 -9999 -9999 -9999 -9999
-9999 -9999 71.53 73.65 66.54 77.13 71.38 56.38 48.07 59.62 67.06 72.30 84.02 95.03 82.89 84.68 75.90 59.01 59.20 65.28 71.93 97.21 85.23 -9999 -9999 -9999 64.01 68.18 -9999 62.27 65.71 53.95 49.25 63.76 69.41 87.10 74.10 67.10 68.56 59.71 53.75 52.88 48.35 46.52 52.08 52.82 57.30 51.58 55.29 54.91 43.66 -9999 -9999 -9999 -9999 -9999 -9999 -9999 -9999 -9999 -9999 -9999 -9999 -9999 -9999 -9999 -9999 -9999 -9999 -9999 -9999 -9999 -9999 -9999 -9999 -9999 -9999
-9999 -9999 67.66 77.95 63.21 62.75 69.00 62.83 58.32 58.87 57.13 64.11 69.26 86.62 69.70 77.10 75.99 60.41 66.02 61.57 65.15 68.91 75.97 -9999 -9999 -9999 74.98 70.56 68.77 65.94 67.91 64.23 60.98 72.85 89.16 106.90 89.72 82.68 66.79 66.81 65.13 62.52 56.07 53.25 61.74 54.70 49.49 61.06 57.28 48.85 52.48 -9999 -9999 -9999 -9999 -9999 -9999 -9999 -9999 -9999 -9999 -9999 -9999 -9999 -9999 -9999 -9999 -9999 -9999 -9999 -9999 -9999 -9999 -9999 -9999 -9999 -9999
-9999 -9999 -9999 70.18 65.11 58.39 -9999 70.24 63.68 58.45 55.67 51.81 -9999 62.01 56.86 64.45 52.65 53.63 64.65 58.64 60.90 -9999 -9999 -9999 -9999 67.42 79.83 70.29 68.30 75.97 70.33 62.34 63.60 78.19 101.84 126.32 114.63 95.71 74.45 73.80 65.58 59.87 68.42 62.03 57.98 60.70 42.72 52.35 50.45 50.50 49.61 45.61 -9999 -9999 -9999 -9999 -9999 -9999 -9999 -9999 -9999 -9999 -9999 -9999 -9999 -9999 -9999 -9999 -9999 -9999 -9999 -9999 -9999 -9999 -9999 -9999 -9999
-9999 -9999 -9999 -9999 61.68 -9999 -9999 -9999 55.32 49.46 51.22 52.28 43.53 -9999 -9999 54.48 47.52 43.62 61.36 -9999 -9999 -9999 -9999 -9999 71.92 73.11 75.62 72.47 72.94 77.23 67.65 58.19 64.01 67.24 80.53 92.85 103.74 91.43 89.24 89.24 90.97 75.28 69.46 68.99 64.70 55.30 54.34 51.00 44.67 48.31 51.39 50.60 -9999 -9999 -9999 -9999 -9999 -9999 -9999 -9999 -9999 -9999 -9999 -9999 -9999 -9999 -9999 -9999 -9999 -9999 -9999 -9999 -9999 -9999 -9999 -9999 -9999
-9999 -9999 -9999 -9999 57.31 54.81 -9999 -9999 -9999 42.81 49.58 51.78 46.92 -9999 -9999 -9999 -9999 42.52 -9999 -9999 -9999 -9999 -9999 -9999 63.62 68.00 71.95 76.32 84.14 78.45 69.22 55.45 58.92 66.14 64.87 82.25 86.61 86.36 95.59 83.83 100.69 82.13 73.97 75.58 66.03 49.15 52.72 45.29 41.95 46.16 52.08 48.12 -9999 -9999 -9999 -9999 -9999 -9999 -9999 -9999 -9999 -9999 -9999 -9999 -9999 -9999 -9999 -9999 -9999 -9999 -9999 -9999 -9999 -9999 -9999 -9999 -9999
-9999 -9999 -9999 -9999 -9999 60.43 -9999 -9999 -9999 -9999 47.55 47.56 45.56 -9999 -9999 -9999 -9999 -9999 -9999 -9999 -9999 -9999 -9999 68.22 70.66 79.04 87.84 89.98 86.10 84.70 77.94 77.94 62.60 54.32 57.47 71.87 102.09 119.19 119.87 107.02 85.05 79.75 71.65 60.47 52.94 55.39 57.24 47.79 46.73 44.74 55.06 53.62 49.89 -9999 -9999 -9999 -9999 -9999 -9999 -9999 -9999 -9999 -9999 -9999 -9999 -9999 -9999 -9999 -9999 -9999 -9999 -9999 -9999 -9999 -9999 -9999 -9999
-9999 -9999 -9999 -9999 -9999 65.00 -9999 -9999 -9999 -9999 -9999 -9999 -9999 -9999 -9999 -9999 -9999 -9999 -9999 -9999 -9999 -9999 -9999 68.62 83.24 78.84 86.86 82.23 83.83 121.37 91.97 79.12 61.09 60.48 38.99 42.28 74.53 107.55 119.84 112.93 123.15 111.86 75.96 70.57 62.45 47.42 49.64 47.52 46.96 42.79 48.84 52.60 52.56 48.18 -9999 -9999 -9999 -9999 -9999 -9999 -9999 -9999 -9999 -9999 -9999 -9999 -9999 -9999 -9999 -9999 -9999 -9999 -9999 -9999 -9999 -9999 -9999
-9999 -9999 -9999 -9999 -9999 -9999 -9999 -9999 -9999 -9999 -9999 -9999 -9999 -9999 -9999 -9999 -9999 -9999 -9999 -9999 -9999 -9999 62.75 65.66 74.77 78.46 92.19 89.42 132.92 129.18 115.42 86.50 67.39 57.33 52.88 40.77 59.06 107.84 106.53 85.71 100.26 93.52 81.52 68.16 55.88 50.07 42.66 40.81 39.57 39.28 43.97 46.31 43.25 44.61 -9999 -9999 -9999 -9999 -9999 -9999 -9999 -9999 -9999 -9999 -9999 -9999 -9999 -9999 -9999 -9999 -9999 -9999 -9999 -9999 -9999 -9999 -9999
-9999 -9999 -9999 -9999 -9999 -9999 -9999 -9999 -9999 -9999 -9999 -9999 -9999 -9999 -9999 -9999 -9999 -9999 -9999 -9999 -9999 -9999 69.08 77.35 82.16 100.41 127.28 116.44 101.93 118.83 126.95 101.97 85.60 71.85 65.58 55.61 60.68 74.31 110.13 107.42 99.27 78.80 73.43 61.30 47.22 46.71 43.27 38.97 37.60 39.05 40.96 45.16 43.26 49.28 46.61 44.29 46.34 -9999 -9999 -9999 -9999 -9999 -9999 -9999 -9999 -9999 -9999 -9999 -9999 -9999 -9999 -9999 -9999 -9999 -9999 -9999 -9999
-9999 -9999 -9999 -9999 -9999 -9999 -9999 -9999 -9999 -9999 -9999 -9999 -9999 -9999 -9999 -9999 -9999 -9999 -9999 -9999 -9999 -9999 70.59 80.88 84.69 85.04 114.86 136.44 150.15 150.38 139.69 119.22 121.73 95.33 82.30 60.79 53.21 57.23 83.50 84.95 87.42 77.74 61.70 48.97 48.16 45.81 44.76 45.64 41.30 40.01 40.94 50.55 58.57 62.00 68.75 64.50 63.30 62.99 61.69 -9999 -9999 -9999 -9999 -9999 -9999 -9999 -9999 -9999 -9999 -9999 -9999 -9999 -9999 -9999 -9999 -9999 -9999
-9999 -9999 -9999 -9999 -9999 -9999 -9999 -9999 -9999 -9999 -9999 -9999 -9999 -9999 -9999 -9999 -9999 -9999 -9999 -9999 -9999 -9999 65.53 87.63 101.23 139.54 219.63 216.73 161.68 139.35 151.11 158.73 137.04 131.24 98.71 76.56 62.02 71.34 68.26 68.57 83.48 77.77 55.21 53.37 44.67 48.27 48.28 47.45 45.77 42.87 45.35 50.48 55.82 57.50 65.55 91.24 74.85 78.93 80.76 88.21 58.64 -9999 -9999 -9999 -9999 -9999 -9999 -9999 -9999 -9999 -9999 -9999 -9999 -9999 -9999 -9999 -9999
-9999 -9999 -9999 -9999 -9999 -9999 -9999 -9999 -9999 -9999 -9999 -9999 -9999 -9999 -9999 -9999 -9999 -9999 -9999 -9999 -9999 -9999 63.11 73.57 89.72 121.22 147.15 221.77 249.27 141.71 119.57 121.43 130.80 131.35 104.68 110.22 93.05 83.41 65.27 104.73 91.57 88.70 80.44 75.45 65.18 58.86 58.29 50.90 50.52 50.53 49.73 57.58 53.54 47.42 55.82 84.03 66.20 78.00 71.90 72.56 51.43 56.63 -9999 -9999 -9999 -9999 -9999 -9999 -9999 -9999 -9999 -9999 -9999 -9999 -9999 -9999 -9999
-9999 -9999 -9999 -9999 -9999 -9999 -9999 -9999 -9999 -9999 56.35 50.88 48.96 -9999 -9999 -9999 -9999 -9999 -9999 -9999 -9999 -9999 -9999 66.85 71.46 88.24 117.85 147.32 182.60 116.83 84.11 89.59 107.51 108.66 104.70 104.24 110.32 98.31 100.08 107.27 96.91 108.36 89.96 75.36 73.40 70.02 62.70 54.05 53.03 53.16 48.59 49.26 53.36 63.89 58.48 89.25 90.90 87.04 74.63 58.79 68.45 63.13 54.14 -9999 -9999 -9999 -9999 -9999 -9999 -9999 -9999 -9999 -9999 -9999 -9999 -9999 -9999
-9999 -9999 -9999 -9999 -9999 -9999 -9999 -9999 -9999 -9999 54.12 57.21 -9999 -9999 -9999 -9999 -9999 -9999 -9999 -9999 -9999 -9999 -9999 -9999 72.09 89.76 123.28 128.76 159.43 110.83 92.12 87.12 82.30 94.41 105.79 96.98 136.93 124.22 129.62 129.87 105.12 93.70 70.64 97.41 73.99 74.26 59.71 51.02 50.46 49.80 45.25 50.61 57.45 64.78 63.49 76.20 68.15 76.07 72.35 66.36 73.91 66.35 67.90 -9999 -9999 -9999 -9999 -9999 -9999 -9999 -9999 -9999 -9999 -9999 -9999 -9999 -9999
-9999 -9999 -9999 -9999 -9999 -9999 -9999 -9999 -9999 63.97 76.71 78.26 67.66 -9999 -9999 -9999 -9999 -9999 -9999 -9999 -9999 -9999 -9999 -9999 65.17 87.14 97.04 109.62 95.93 104.85 86.19 84.25 87.29 75.98 83.91 94.07 100.19 137.35 111.02 106.38 103.76 89.57 92.25 83.92 81.36 65.19 53.81 49.84 51.84 47.35 46.80 56.96 62.24 62.06 73.77 78.23 75.75 72.90 63.17 66.80 72.93 61.16 68.99 63.58 -9999 -9999 -9999 -9999 -9999 -9999 -9999 -9999 -9999 -9999 -9999 -9999 -9999
-9999 -9999 -9999 -9999 -9999 -9999 -9999 -9999 62.95 87.13 90.21 107.24 64.70 -9999 -9999 -9999 -9999 -9999 -9999 -9999 -9999 -9999 -9999 -9999 67.46 81.90 84.45 77.84 91.55 91.97 88.16 91.52 73.11 76.59 87.10 82.98 105.29 113.08 123.72 103.33 117.64 77.08 82.60 75.72 82.83 63.27 54.91 54.98 49.85 49.60 49.65 53.92 66.30 64.65 67.13 66.17 64.62 60.48 58.52 62.36 68.12 56.84 57.87 56.17 -9999 -9999 -9999 -9999 -9999 -9999 -9999 -9999 -9999 -9999 -9999 -9999 -9999
-9999 -9999 -9999 -9999 -9999 -9999 -9999 53.96 61.98 95.81 77.79 62.37 -9999 -9999 -9999 -9999 -9999 -9999 -9999 -9999 -9999 -9999 -9999 -9999 -9999 69.93 70.89 61.16 66.94 78.45 74.55 68.25 66.63 74.79 91.05 87.25 114.49 135.21 143.29 133.44 133.29 111.39 112.88 102.65 92.99 75.99 73.05 59.76 55.72 52.54 49.30 50.56 58.94 72.97 70.12 62.38 58.87 55.09 48.97 48.50 49.60 53.59 54.75 57.60 57.21 57.11 -9999 -9999 -9999 -9999 -9999 -9999 -9999 -9999 -9999 -9999 -9999
-9999 -9999 -9999 -9999 -9999 -9999 -9999 64.76 82.76 68.44 53.24 56.11 -9999 -9999 -9999 -9999 -9999 -9999 -9999 -9999 -9999 -9999 -9999 -9999 -9999 -9999 63.24 61.13 66.53 62.41 67.03 70.28 72.39 77.21 97.56 106.91 143.41 140.10 149.52 146.77 127.61 121.10 133.29 122.08 95.93 92.50 84.59 75.98 64.27 61.39 53.64 49.54 59.19 64.77 64.49 61.51 62.53 57.97 45.86 41.89 42.76 50.06 46.18 64.90 66.54 62.64 -9999 -9999 -9999 -9999 -9999 -9999 -9999 -9999 -9999 -9999 -9999
-9999 -9999 -9999 -9999 -9999 -9999 -9999 61.07 60.41 54.74 52.48 -9999 -9999 -9999 -9999 -9999 -9999 -9999 -9999 -9999 -9999 -9999 -9999 -9999 -9999 -9999 51.39 58.41 70.11 -9999 69.12 -9999 79.19 77.56 84.39 101.33 107.33 123.22 122.44 128.88 151.35 116.73 116.52 129.54 112.89 109.45 101.65 77.06 72.82 76.99 69.60 62.81 63.02 66.09 66.45 67.46 61.82 61.18 54.75 46.85 50.75 54.60 55.47 59.92 79.05 73.06 67.62 66.46 -9999 -9999 -9999 -9999 -9999 -9999 -9999 -9999 -9999
-9999 -9999 -9999 -9999 -9999 -9999 42.66 49.48 45.50 -9999 -9999 -9999 -9999 -9999 -9999 -9999 -9999 -9999 -9999 -9999 -9999 -9999 -9999 -9999 -9999 -9999 53.58 54.65 64.65 -9999 -9999 -9999 78.93 85.34 96.86 107.37 110.40 109.37 96.39 98.06 127.87 128.39 105.78 114.02 108.31 98.63 94.61 80.42 76.24 71.78 63.32 61.84 63.00 72.21 62.94 60.43 59.75 65.96 57.95 59.53 63.04 55.91 61.64 63.89 74.70 69.78 59.68 61.89 -9999 -9999 -9999 -9999 -9999 -9999 -9999 -9999 -9999
-9999 -9999 -9999 -9999 -9999 -9999 -9999 -9999 -9999 -9999 -9999 -9999 -9999 -9999 -9999 -9999 -9999 -9999 -9999 -9999 -9999 -9999 -9999 -9999 -9999 -9999 -9999 -9999 -9999 -9999 -9999 75.77 79.52 91.23 129.04 127.92 139.47 131.55 104.28 108.68 123.20 109.76 106.40 93.83 92.98 95.39 89.23 79.79 71.56 64.70 65.32 64.45 57.59 58.84 58.56 54.99 57.47 61.24 63.98 73.68 62.59 60.20 60.09 61.86 62.92 66.61 65.24 -9999 -9999 -9999 -9999 -9999 -9999 -9999 -9999 -9999 -9999
-9999 -9999 -9999 -9999 -9999 -9999 -9999 -9999 -9999 -9999 -9999 -9999 -9999 -9999 -9999 -9999 -9999 -9999 -9999 -9999 -9999 -9999 -9999 -9999 -9999 -9999 -9999 -9999 -9999 -9999 -9999 72.36 73.30 103.45 157.42 183.25 182.14 124.20 118.56 95.20 103.02 96.02 97.29 103.12 101.58 85.92 88.10 84.57 72.32 68.75 67.04 64.16 58.76 57.94 56.73 56.36 58.41 60.78 63.60 77.32 69.37 54.79 59.68 66.79 62.85 66.99 62.73 -9999 -9999 -9999 -9999 -9999 -9999 -9999 -9999 -9999 -9999
-9999 -9999 -9999 -9999 -9999 -9999 -9999 -9999 -9999 -9999 -9999 -9999 -9999 -9999 -9999 -9999 -9999 -9999 -9999 -9999 -9999 -9999 -9999 -9999 -9999 -9999 -9999 -9999 -9999 -9999 -9999 68.66 80.16 97.85 125.43 177.24 163.88 134.59 112.01 101.54 103.90 93.18 83.33 83.38 81.99 78.75 84.08 80.00 69.08 66.89 63.65 62.90 64.04 56.69 58.22 56.17 54.33 55.94 61.82 71.36 71.63 65.60 65.70 69.75 62.29 65.76 68.07 -9999 -9999 -9999 -9999 -9999 -9999 -9999 -9999 -9999 -9999
-9999 -9999 -9999 -9999 -9999 -9999 -9999 -9999 -9999 -9999 -9999 -9999 -9999 -9999 -9999 -9999 -9999 -9999 -9999 -9999 -9999 -9999 -9999 -9999 -9999 -9999 -9999 -9999 -9999 48.26 58.00 62.45 83.24 94.54 115.05 156.45 121.47 125.62 100.58 102.91 89.68 87.62 90.77 80.94 87.81 75.86 72.87 65.42 66.47 60.77 64.94 60.57 61.00 61.11 55.24 54.95 51.57 53.03 59.95 65.92 70.89 70.79 71.03 65.68 59.86 75.18 69.66 69.30 -9999 -9999 -9999 -9999 -9999 -9999 -9999 -9999 -9999
-9999 -9999 -9999 -9999 -9999 -9999 -9999 -9999 -9999 -9999 -9999 -9999 -9999 -9999 -9999 -9999 -9999 -9999 -9999 -9999 -9999 -9999 -9999 -9999 -9999 -9999 -9999 -9999 -9999 55.87 78.18 69.81 70.16 79.68 90.42 91.94 94.78 94.83 103.28 124.41 112.20 98.27 90.96 92.63 83.60 69.95 74.46 76.91 73.26 68.98 65.22 60.52 59.92 66.31 65.04 60.64 54.51 48.63 56.86 63.85 69.97 73.70 72.22 70.89 70.53 72.01 69.61 65.14 -9999 -9999 -9999 -9999 -9999 -9999 -9999 -9999 -9999
-9999 -9999 -9999 -9999 -9999 -9999 -9999 -9999 -9999 -9999 -9999 -9999 -9999 -9999 -9999 -9999 -9999 -9999 -9999 -9999 -9999 -9999 -9999 -9999 -9999 -9999 -9999 -9999 -9999 60.83 68.14 69.51 66.55 78.37 99.84 97.61 100.83 96.82 103.92 98.27 105.52 95.73 92.85 84.07 86.57 68.89 72.69 70.96 70.07 72.33 73.59 65.45 66.45 68.25 67.91 67.09 62.04 53.29 55.77 62.68 74.37 79.76 78.08 72.81 73.26 72.65 75.77 76.61 78.80 -9999 -9999 -9999 -9999 -9999 -9999 -9999 -9999
-9999 -9999 -9999 -9999 -9999 -9999 -9999 -9999 -9999 -9999 -9999 -9999 -9999 -9999 -9999 -9999 -9999 -9999 -9999 -9999 -9999 -9999 -9999 -9999 -9999 -9999 -9999 -9999 -9999 62.99 69.24 65.21 70.04 86.92 108.54 124.29 100.43 100.42 93.69 93.54 97.15 106.14 112.38 100.64 88.52 79.62 72.48 73.97 66.95 64.65 75.23 77.22 71.10 66.03 71.82 72.34 67.86 67.49 67.18 69.18 75.62 83.13 84.50 81.09 82.86 76.55 75.27 80.30 84.47 84.21 -9999 -9999 -9999 -9999 -9999 -9999 -9999
-9999 -9999 -9999 -9999 -9999 -9999 -9999 -9999 -9999 -9999 -9999 -9999 -9999 -9999 -9999 -9999 -9999 -9999 -9999 -9999 -9999 -9999 -9999 -9999 -9999 -9999 -9999 -9999 -9999 74.03 70.64 63.52 69.93 83.41 97.34 121.19 98.59 101.32 108.63 133.09 106.83 114.36 100.54 99.21 84.97 84.06 77.30 88.42 82.27 76.11 81.22 69.68 72.53 76.52 79.37 75.83 68.25 81.11 78.90 76.95 78.66 81.16 86.63 86.81 85.85 84.57 77.37 76.64 85.51 88.41 -9999 -9999 -9999 -9999 -9999 -9999 -9999
-9999 -9999 -9999 -9999 -9999 -9999 -9999 -9999 -9999 -9999 -9999 -9999 -9999 -9999 -9999 -9999 -9999 -9999 -9999 -9999 -9999 -9999 -9999 -9999 -9999 -9999 -9999 -9999 -9999 -9999 67.41 79.21 72.81 67.32 87.07 105.92 119.62 125.12 119.98 101.30 104.74 94.79 97.92 97.51 85.36 79.65 81.45 71.96 83.21 81.17 81.50 81.80 77.99 87.86 87.90 79.14 78.48 84.83 85.10 80.18 73.33 81.85 78.87 87.55 87.61 87.25 -9999 77.43 89.96 96.32 99.05 -9999 -9999 -9999 -9999 -9999 -9999
-9999 -9999 -9999 -9999 -9999 -9999 -9999 -9999 -9999 -9999 -9999 -9999 -9999 -9999 -9999 -9999 -9999 -9999 -9999 -9999 -9999 -9999 -9999 -9999 -9999 -9999 -9999 -9999 -9999 68.22 72.86 74.27 79.24 78.91 80.86 113.26 120.39 125.27 138.81 109.82 92.62 102.26 106.37 105.04 123.77 92.77 85.81 93.94 84.53 83.89 89.39 96.51 81.85 83.73 82.43 79.32 78.94 80.15 82.51 86.35 102.47 95.36 88.79 93.59 99.77 92.69 82.48 -9999 86.93 89.01 91.38 85.63 -9999 -9999 -9999 -9999 -9999
-9999 -9999 -9999 -9999 -9999 -9999 -9999 -9999 -9999 -9999 -9999 -9999 -9999 -9999 -9999 -9999 -9999 -9999 -9999 -9999 -9999 -9999 -9999 -9999 -9999 -9999 -9999 -9999 -9999 77.10 84.58 84.23 83.93 78.50 74.01 94.95 94.31 89.95 108.73 108.20 86.14 118.53 121.04 122.63 116.21 98.51 97.12 110.00 98.76 100.51 101.84 104.70 87.65 83.51 80.77 82.29 78.59 75.32 71.15 88.51 96.02 111.57 99.84 90.20 91.39 80.24 80.25 81.92 -9999 -9999 -9999 -9999 -9999 -9999 -9999 -9999 -9999
-9999 -9999 -9999 -9999 -9999 -9999 -9999 -9999 -9999 -9999 -9999 -9999 -9999 -9999 -9999 -9999 -9999 -9999 -9999 -9999 -9999 -9999 -9999 -9999 -9999 -9999 -9999 -9999 73.55 77.12 85.27 86.33 74.77 75.85 73.43 89.96 92.59 96.13 87.65 94.51 92.97 106.17 115.99 151.02 134.68 122.35 130.71 129.84 109.62 101.10 107.90 98.47 88.52 84.16 83.84 79.87 61.15 74.70 78.72 85.94 90.09 103.76 107.26 102.36 93.23 86.68 95.07 104.03 85.07 90.75 -9999 -9999 -9999 -9999 -9999 -9999 -9999
-9999 -9999 -9999 -9999 -9999 -9999 -9999 -9999 -9999 -9999 -9999 -9999 -9999 -9999 -9999 -9999 -9999 -9999 -9999 -9999 -9999 -9999 -9999 -9999 -9999 -9999 -9999 -9999 -9999 80.43 103.09 99.95 86.60 103.64 86.32 85.78 84.49 84.82 80.59 81.62 88.26 92.52 101.42 143.55 152.83 159.64 142.26 131.11 115.73 99.55 102.99 84.46 85.10 87.80 81.67 77.89 78.25 81.05 81.67 81.36 82.29 97.50 105.17 100.24 93.26 106.50 101.53 101.34 91.27 86.25 84.14 81.31 -9999 -9999 -9999 -9999 -9999
