Rainfall_2007-2011/Rainfall_2008-12_ACTUAL.txt
ncols         180
nrows         290
xllcorner     -200000
yllcorner     -200000
cellsize      5000
NODATA_value  -9999
[rows 204 to 237 of 290, columns 76 to 151 of 180]
69.69 86.42 98.48 108.85 126.52 136.10 123.73 114.80 112.35 109.17 117.36 112.27 109.10 117.75 110.81 94.49 94.46 78.19 84.13 102.82 101.25 129.83 93.71 80.91 77.42 80.61 51.89 65.97 61.03 67.01 44.03 45.93 56.16 65.15 58.59 48.15 42.71 43.42 56.31 49.19 47.21 45.99 43.74 43.02 52.59 60.52 63.72 59.64 60.91 52.53 55.93 52.85 52.14 47.08 43.23 39.76 39.36 31.79 31.71 31.24 30.93 30.85 30.21 27.98 28.09 29.63 27.99 26.40 26.48 32.85 30.59 25.03 28.35 28.55 25.01 23.55
66.95 74.33 89.87 92.84 105.10 96.46 99.59 102.26 108.89 109.59 101.69 115.97 93.70 92.07 89.16 93.37 97.00 102.38 105.78 134.00 160.45 109.41 115.23 106.50 106.12 102.51 70.66 58.64 75.66 61.92 48.45 55.27 63.50 63.37 55.34 50.42 54.59 56.41 63.00 62.21 51.39 50.55 46.99 44.98 62.61 69.62 66.02 56.73 52.43 52.08 51.84 50.70 45.41 43.15 38.53 36.22 38.23 28.37 28.10 30.70 31.18 31.98 30.36 30.89 33.11 32.95 32.53 27.72 27.76 26.35 28.25 18.84 27.38 26.60 22.71 22.80
-9999 78.54 79.69 89.99 95.33 90.80 93.81 100.34 104.32 106.28 99.59 99.01 89.22 98.21 92.10 109.97 102.00 112.31 119.40 133.50 143.38 143.14 116.02 117.25 138.34 98.21 89.98 76.20 51.68 59.53 65.58 56.33 62.91 53.02 61.39 59.73 69.27 69.28 58.63 53.33 49.30 47.97 48.94 61.13 58.45 59.70 56.53 56.11 52.36 55.75 55.37 39.48 35.64 35.70 35.65 34.21 33.47 28.83 26.70 26.34 30.22 32.46 35.04 41.09 44.69 41.88 36.50 32.89 32.08 31.48 29.26 27.53 27.64 25.86 22.57 20.42
70.77 73.02 70.80 80.91 86.45 93.00 99.17 100.04 81.71 89.56 92.67 86.88 87.59 99.34 89.54 102.33 98.56 99.99 107.19 124.07 112.75 117.68 102.04 107.91 99.03 96.03 91.32 67.65 67.72 82.06 69.46 73.28 59.81 63.15 60.42 67.57 69.56 73.05 55.45 54.00 54.06 70.12 57.56 50.87 51.82 46.78 49.60 57.35 53.89 43.93 42.57 40.87 36.30 34.30 34.72 32.41 30.73 32.01 31.88 27.09 26.94 35.83 39.08 46.78 40.08 42.66 43.88 29.97 33.19 31.48 31.03 29.97 27.47 23.23 20.59 21.95
66.64 74.76 76.00 81.94 81.76 80.52 92.36 80.91 63.48 67.27 76.57 77.31 77.56 85.08 96.31 92.70 109.62 105.65 117.85 136.43 122.33 99.57 104.86 97.95 84.67 85.39 93.38 70.82 60.53 79.47 69.11 69.00 62.81 68.91 72.24 68.98 67.24 61.12 50.39 53.26 58.84 60.71 55.60 54.26 49.08 55.25 51.09 51.15 46.32 35.21 35.40 35.50 33.05 38.85 36.19 29.66 22.82 30.57 32.88 33.99 33.90 39.11 43.40 45.32 43.86 42.45 39.91 36.11 33.74 31.95 31.62 27.47 27.19 27.04 16.56 17.25
-9999 71.20 76.66 83.53 84.49 84.28 81.50 -9999 -9999 -9999 -9999 72.27 74.45 82.04 78.81 79.21 86.56 90.28 97.76 109.30 111.85 144.05 166.14 125.53 100.22 73.87 78.16 74.15 74.46 82.52 69.70 59.99 60.55 95.60 73.18 68.91 56.37 51.15 48.89 53.53 64.46 54.27 60.34 54.61 49.42 51.08 48.70 46.19 40.22 36.83 37.28 38.71 34.15 34.09 33.37 31.87 26.65 34.20 40.19 40.98 43.73 44.12 44.87 47.21 44.89 41.95 37.20 34.27 35.60 33.10 32.40 28.20 26.72 26.02 21.23 16.87
-9999 70.40 74.48 79.04 75.94 82.76 69.21 -9999 -9999 -9999 -9999 -9999 -9999 -9999 74.15 81.45 80.64 73.95 79.13 97.70 124.02 140.82 160.75 131.94 118.53 90.96 81.98 62.26 77.44 86.89 64.26 57.76 67.57 78.25 76.49 56.58 50.99 50.26 49.07 56.00 53.33 55.08 57.39 49.93 51.25 45.04 43.54 41.66 37.38 37.92 45.07 40.11 33.54 30.04 31.29 34.05 36.04 40.02 48.59 49.40 46.14 44.67 43.63 44.04 42.53 41.67 35.78 35.60 33.04 34.55 32.67 36.74 31.30 24.61 20.28 18.07
-9999 -9999 -9999 71.52 -9999 -9999 -9999 -9999 -9999 -9999 -9999 -9999 56.64 71.03 84.07 79.05 61.44 63.95 69.91 81.86 102.91 124.31 137.08 124.52 106.97 89.44 85.10 76.43 76.39 69.45 50.77 46.80 52.06 56.21 61.17 52.02 47.80 47.30 44.84 56.37 56.57 54.50 56.65 49.62 46.55 45.40 43.75 44.97 41.57 36.87 34.76 33.56 33.56 30.91 33.22 35.38 35.48 41.68 51.58 47.59 48.40 38.33 36.43 41.57 40.81 36.48 41.28 42.63 39.54 35.69 30.09 28.55 27.81 27.67 20.48 20.44
-9999 -9999 -9999 -9999 -9999 -9999 -9999 -9999 -9999 -9999 -9999 -9999 51.66 66.02 77.40 68.49 58.26 -9999 -9999 58.45 86.32 91.42 107.78 100.25 101.22 92.61 87.39 73.46 66.77 62.11 46.66 42.97 42.90 37.59 45.12 46.14 46.11 46.07 49.69 56.12 54.70 56.23 59.15 45.58 45.48 45.84 45.13 45.95 42.25 36.65 36.79 43.71 43.16 38.28 34.79 35.56 36.38 38.53 37.88 38.82 39.32 36.44 41.48 42.40 39.07 41.68 42.54 42.88 34.05 29.31 28.41 26.29 25.98 25.18 23.48 21.68
-9999 -9999 -9999 -9999 -9999 -9999 -9999 -9999 -9999 -9999 -9999 -9999 -9999 -9999 -9999 -9999 -9999 -9999 -9999 56.48 60.57 71.57 78.68 75.01 80.41 71.39 72.21 65.92 53.74 48.56 38.89 47.03 44.17 -9999 45.75 43.24 47.46 51.30 55.54 59.64 54.28 55.62 51.64 42.40 40.79 54.79 50.17 53.31 49.03 43.94 41.95 47.15 47.64 41.80 36.07 35.27 32.55 39.67 40.11 36.15 35.82 38.07 38.81 40.41 44.80 43.98 43.75 38.88 33.74 34.14 31.08 26.29 24.98 23.86 23.98 20.81
-9999 -9999 -9999 -9999 -9999 -9999 -9999 -9999 -9999 -9999 -9999 -9999 -9999 -9999 -9999 -9999 -9999 -9999 -9999 -9999 54.61 59.80 66.04 66.77 65.46 61.56 60.17 66.12 51.62 -9999 -9999 -9999 -9999 51.52 45.49 45.26 50.86 54.78 58.77 60.81 57.22 56.24 50.75 39.53 38.01 51.41 59.71 38.32 51.37 55.46 49.02 46.40 43.19 37.36 35.71 34.16 32.23 37.18 37.77 32.31 34.01 32.66 36.91 40.66 41.42 41.41 39.92 38.27 35.95 36.25 30.58 15.11 26.05 30.64 23.61 20.47
-9999 -9999 -9999 -9999 -9999 -9999 -9999 -9999 -9999 -9999 -9999 -9999 -9999 -9999 -9999 -9999 -9999 -9999 -9999 -9999 -9999 59.37 62.87 60.68 57.63 59.09 58.81 59.04 -9999 -9999 -9999 -9999 54.93 58.21 57.53 43.86 60.22 59.52 66.01 59.97 60.22 57.07 51.81 48.81 48.42 57.07 59.58 46.86 53.07 56.16 50.08 44.27 39.99 34.82 38.30 29.98 32.86 33.35 32.28 32.33 32.14 30.59 39.44 46.08 43.46 41.67 44.00 39.28 39.75 38.18 39.38 40.16 33.17 29.67 27.64 28.12
-9999 -9999 -9999 -9999 -9999 -9999 -9999 -9999 -9999 -9999 -9999 -9999 -9999 -9999 -9999 -9999 -9999 -9999 -9999 -9999 -9999 -9999 53.18 52.30 55.51 50.55 52.34 50.52 -9999 -9999 -9999 50.39 55.08 57.15 57.52 63.92 73.75 59.61 61.44 56.46 62.73 59.09 51.98 53.57 60.93 62.22 56.69 59.76 55.00 53.27 51.67 48.38 45.73 51.65 38.25 35.79 33.62 31.30 34.13 33.48 33.31 37.22 43.71 46.93 43.36 44.44 41.86 41.57 45.55 42.73 42.23 45.55 39.03 34.90 30.60 32.42
-9999 -9999 -9999 -9999 -9999 -9999 -9999 -9999 -9999 -9999 -9999 -9999 -9999 -9999 -9999 -9999 -9999 -9999 -9999 -9999 -9999 -9999 -9999 -9999 -9999 -9999 -9999 -9999 -9999 -9999 60.15 62.34 60.67 64.65 72.90 76.61 73.32 67.61 63.71 59.37 56.42 54.75 55.86 54.91 54.71 56.98 56.65 58.76 60.46 60.82 55.99 59.15 55.23 52.10 39.07 40.34 31.36 30.47 35.21 35.03 36.04 38.73 40.47 47.95 46.62 46.22 46.55 53.41 57.48 53.18 48.48 48.38 44.98 40.18 31.47 33.81
-9999 -9999 -9999 -9999 -9999 -9999 -9999 -9999 -9999 -9999 -9999 -9999 -9999 -9999 -9999 -9999 -9999 -9999 -9999 -9999 -9999 -9999 -9999 -9999 -9999 -9999 -9999 -9999 -9999 -9999 59.53 71.57 68.89 91.57 89.95 85.55 80.77 80.36 70.30 71.25 59.92 51.61 55.35 66.48 60.05 58.57 55.00 64.39 68.30 72.24 61.86 57.82 60.80 51.38 50.36 44.39 38.32 36.48 37.02 40.48 43.79 43.52 49.29 51.07 53.37 50.62 56.05 62.10 57.78 58.21 55.50 46.65 42.78 42.22 35.72 35.58
-9999 -9999 -9999 -9999 -9999 -9999 -9999 -9999 -9999 -9999 -9999 -9999 -9999 -9999 -9999 -9999 -9999 -9999 -9999 -9999 -9999 -9999 -9999 -9999 -9999 -9999 -9999 -9999 -9999 -9999 60.56 63.29 64.04 75.89 86.67 86.04 85.26 81.34 80.75 73.99 69.01 63.41 68.45 65.67 72.56 64.56 56.80 55.50 55.39 59.89 58.15 56.11 54.11 49.84 46.12 45.16 42.55 39.19 43.79 44.90 50.24 48.09 54.23 58.83 61.24 60.31 69.12 65.68 61.03 53.75 48.12 48.16 45.43 48.67 35.20 35.89
-9999 -9999 -9999 -9999 -9999 -9999 -9999 -9999 -9999 -9999 -9999 -9999 -9999 65.20 73.96 67.56 90.46 103.86 129.06 107.99 118.52 91.96 90.63 64.51 -9999 -9999 -9999 -9999 -9999 -9999 57.13 58.13 64.04 67.83 82.52 118.41 94.40 85.23 77.16 79.45 76.65 80.46 71.66 64.68 56.54 59.28 51.36 48.87 49.32 50.74 52.03 49.05 49.75 46.02 48.06 51.95 54.58 52.76 50.58 51.33 50.69 48.16 54.53 62.60 66.97 67.00 62.86 66.12 57.23 48.30 42.94 46.42 42.53 40.38 38.19 33.30
-9999 -9999 -9999 -9999 -9999 -9999 -9999 -9999 -9999 -9999 -9999 -9999 -9999 81.10 81.51 91.92 80.57 118.34 158.66 126.72 129.71 114.31 100.74 82.14 72.31 66.13 70.50 66.91 55.77 45.94 57.28 55.98 61.99 70.48 84.23 91.25 79.93 77.51 78.37 73.52 87.39 73.28 64.70 61.72 62.78 55.94 52.04 53.34 49.82 48.14 51.23 51.11 43.82 48.76 52.18 54.06 52.32 55.34 55.09 52.60 53.65 48.97 54.39 60.05 60.76 80.05 68.93 64.60 62.84 54.23 52.18 46.44 47.70 46.58 41.86 37.86
-9999 -9999 -9999 -9999 -9999 -9999 -9999 -9999 -9999 -9999 -9999 -9999 53.34 72.42 76.81 90.16 101.54 123.51 151.55 157.04 147.89 131.44 117.90 98.21 73.95 77.82 81.24 76.66 60.92 54.28 55.41 54.79 60.26 86.72 77.06 81.06 70.00 68.79 69.45 84.61 72.63 73.02 70.86 62.26 60.26 57.29 54.87 55.56 50.22 51.13 51.23 49.99 49.80 49.89 50.45 51.06 56.45 51.99 54.23 56.08 60.55 62.28 56.17 59.87 64.95 66.00 69.37 64.59 58.78 58.50 60.00 60.09 63.64 48.46 45.83 50.05
-9999 -9999 -9999 -9999 -9999 -9999 -9999 -9999 -9999 -9999 -9999 -9999 -9999 64.37 71.03 79.96 101.08 110.64 122.88 140.44 136.79 120.19 97.70 95.33 100.04 94.03 79.13 62.80 65.55 63.30 55.28 49.67 55.53 70.41 68.02 68.05 61.27 64.25 69.08 75.22 68.57 71.61 63.96 58.28 56.68 60.44 56.20 51.37 47.21 50.49 48.72 49.16 50.50 55.61 43.79 52.52 58.25 58.66 59.31 57.56 59.79 62.53 63.52 62.02 57.01 62.47 67.16 65.03 65.38 62.94 65.68 62.05 69.52 57.84 54.11 55.17
-9999 -9999 -9999 -9999 -9999 -9999 -9999 -9999 -9999 82.57 -9999 -9999 74.83 74.19 81.18 75.87 86.19 86.52 95.27 102.97 114.66 123.22 102.23 89.60 104.38 99.87 84.73 73.38 64.19 70.53 58.40 65.94 56.60 75.06 68.25 64.82 68.47 68.88 70.71 59.63 48.22 64.36 59.65 68.50 67.70 61.44 51.63 42.28 38.17 48.92 48.60 52.16 46.33 49.01 54.90 50.89 55.83 57.75 66.87 62.75 61.26 68.23 61.19 61.88 59.81 58.55 69.12 67.02 61.14 54.92 52.28 55.85 58.12 51.56 53.14 57.72
-9999 -9999 -9999 -9999 -9999 -9999 -9999 -9999 87.78 106.72 109.68 98.71 84.53 105.28 94.77 79.07 78.15 84.29 80.41 101.04 102.01 107.06 94.94 89.38 86.61 81.12 86.69 76.96 64.39 75.07 74.18 70.49 70.84 77.56 84.67 69.46 65.06 66.50 61.50 55.87 59.74 76.09 63.70 64.86 67.40 56.75 52.30 41.52 40.90 50.45 50.83 46.00 48.88 46.49 51.94 53.92 55.15 55.79 54.81 58.64 56.74 77.21 78.34 77.24 59.55 54.02 56.31 60.47 55.89 50.71 56.05 54.40 51.93 52.50 44.33 48.15
-9999 -9999 -9999 -9999 -9999 -9999 -9999 -9999 89.81 92.88 101.86 107.05 90.38 109.02 89.11 78.25 88.64 87.37 91.04 100.93 91.00 98.56 83.98 85.58 84.04 78.94 83.16 91.44 79.81 80.28 77.40 73.30 87.25 82.35 81.83 75.44 92.98 61.91 63.85 61.38 60.27 64.22 61.94 60.45 54.40 53.45 49.00 43.55 49.82 49.26 48.82 42.69 44.87 51.26 47.18 46.03 46.90 53.09 54.38 55.56 65.19 64.62 70.22 60.83 64.14 48.86 52.31 54.35 51.41 58.86 56.71 51.90 50.83 44.76 41.38 42.71
-9999 -9999 -9999 -9999 -9999 -9999 -9999 -9999 92.00 99.18 102.47 111.72 95.43 87.45 87.10 83.79 86.78 80.84 79.00 87.71 83.10 84.65 82.60 77.27 74.54 75.58 89.80 85.42 93.49 97.19 91.09 87.48 93.88 76.69 81.48 76.65 67.16 66.29 68.95 64.90 65.56 70.98 61.37 60.14 58.17 53.24 50.39 48.48 49.74 56.31 56.45 49.83 43.13 40.23 38.85 44.10 39.42 46.43 49.30 51.74 59.62 66.39 56.51 66.45 53.81 63.54 56.42 44.13 44.23 59.37 52.83 49.87 44.67 40.68 37.88 36.45
-9999 -9999 -9999 -9999 -9999 -9999 -9999 -9999 74.76 97.94 100.17 86.26 88.80 90.19 83.16 71.75 77.14 74.59 76.02 78.48 78.01 74.28 72.48 79.99 73.01 78.00 89.00 91.92 113.19 101.39 90.88 91.88 85.67 79.52 73.24 77.39 66.66 66.99 75.66 67.47 69.79 62.37 61.51 56.62 54.02 51.28 51.00 50.60 49.33 50.00 47.12 43.17 44.51 38.75 39.17 40.96 44.54 36.13 31.79 43.59 48.13 49.02 42.69 42.28 37.28 47.61 47.06 39.16 35.48 40.06 37.77 46.81 42.93 36.49 37.35 35.82
-9999 -9999 -9999 -9999 -9999 -9999 -9999 -9999 72.55 89.64 89.29 90.93 104.76 89.63 85.34 78.35 69.21 68.89 68.97 67.19 60.32 73.57 76.53 71.64 78.80 79.82 74.80 87.54 98.82 91.71 79.36 97.14 90.23 72.46 71.22 75.92 75.82 78.91 73.15 66.33 64.61 60.60 57.54 52.27 50.67 49.04 50.33 47.65 49.05 46.50 43.89 44.15 39.40 38.65 37.76 38.37 36.49 33.17 37.85 48.38 51.59 46.32 39.13 39.20 36.34 40.45 36.95 29.97 -9999 -9999 34.69 49.78 44.32 34.25 29.11 39.88
-9999 -9999 -9999 -9999 -9999 -9999 -9999 85.78 88.93 91.38 87.43 95.01 111.15 102.50 94.54 95.75 78.19 78.38 75.80 83.86 60.66 76.78 79.34 70.00 71.58 82.55 85.95 87.24 99.57 87.61 75.66 82.93 72.33 65.44 62.09 58.92 76.18 72.50 66.29 65.56 58.99 52.59 50.76 47.20 45.08 43.88 44.44 43.61 46.60 42.90 40.45 40.22 38.97 44.25 -9999 -9999 36.13 32.59 37.72 42.02 41.10 41.17 35.38 -9999 -9999 -9999 -9999 -9999 -9999 -9999 -9999 -9999 -9999 32.74 30.44 32.67
-9999 -9999 -9999 -9999 -9999 -9999 100.50 92.19 106.45 95.91 87.06 83.26 100.73 109.57 96.98 113.42 127.34 98.56 78.60 76.50 76.40 83.15 74.10 66.69 71.03 73.31 88.61 80.66 89.17 61.42 67.06 58.80 59.39 56.26 58.20 61.20 54.77 61.71 61.63 56.57 52.79 47.05 42.52 43.59 44.85 42.08 38.85 37.24 39.37 41.84 37.87 -9999 39.63 46.88 43.83 42.50 41.25 -9999 -9999 -9999 -9999 33.81 -9999 -9999 -9999 -9999 -9999 -9999 -9999 -9999 -9999 -9999 -9999 -9999 -9999 -9999
-9999 -9999 -9999 -9999 -9999 99.59 109.86 108.14 116.09 92.18 86.29 87.59 95.56 83.03 119.84 153.04 161.11 120.19 91.53 91.48 81.98 87.65 81.31 80.64 78.88 60.28 64.52 65.48 58.56 -9999 -9999 -9999 -9999 -9999 51.58 56.00 57.84 54.34 56.43 52.21 42.50 44.61 37.62 36.19 38.66 -9999 -9999 -9999 -9999 -9999 46.32 44.28 36.93 53.47 47.78 49.90 44.29 -9999 -9999 -9999 -9999 -9999 -9999 -9999 -9999 -9999 -9999 -9999 -9999 -9999 -9999 -9999 -9999 -9999 -9999 -9999
-9999 -9999 -9999 -9999 82.10 102.87 109.69 112.86 121.03 96.00 93.01 81.80 94.18 97.71 113.33 166.08 204.17 153.88 130.10 91.14 96.37 74.00 74.56 70.16 67.36 62.44 -9999 -9999 -9999 -9999 -9999 -9999 -9999 -9999 -9999 43.43 48.27 44.32 46.51 51.99 51.64 45.00 39.61 41.18 34.24 -9999 -9999 -9999 -9999 -9999 -9999 -9999 33.99 43.86 40.21 47.10 -9999 -9999 -9999 -9999 -9999 -9999 -9999 -9999 -9999 -9999 -9999 -9999 -9999 -9999 -9999 -9999 -9999 -9999 -9999 -9999
-9999 65.52 70.77 86.58 91.44 88.21 105.12 114.84 111.68 100.20 89.49 90.15 97.70 106.16 118.84 148.78 172.88 138.01 122.09 115.65 76.70 71.34 78.15 60.83 -9999 -9999 -9999 -9999 -9999 -9999 -9999 -9999 -9999 -9999 -9999 -9999 -9999 44.26 -9999 -9999 -9999 -9999 36.72 36.56 33.37 -9999 -9999 -9999 -9999 -9999 -9999 -9999 -9999 38.61 43.77 37.94 -9999 -9999 -9999 -9999 -9999 -9999 -9999 -9999 -9999 -9999 -9999 -9999 -9999 -9999 -9999 -9999 -9999 -9999 -9999 -9999
-9999 68.83 74.60 89.83 90.63 92.16 101.85 110.48 120.11 116.89 94.05 96.33 97.93 93.65 100.67 141.37 156.36 135.12 114.71 81.91 60.18 62.67 66.54 -9999 -9999 -9999 -9999 -9999 -9999 -9999 -9999 -9999 -9999 -9999 -9999 -9999 -9999 39.19 -9999 -9999 -9999 -9999 -9999 -9999 -9999 -9999 -9999 -9999 -9999 -9999 -9999 -9999 -9999 -9999 -9999 -9999 -9999 -9999 -9999 -9999 -9999 -9999 -9999 -9999 -9999 -9999 -9999 -9999 -9999 -9999 -9999 -9999 -9999 -9999 -9999 -9999
-9999 69.29 85.79 89.77 85.89 85.55 102.57 105.31 110.05 106.60 98.59 106.29 97.57 92.42 99.62 113.39 154.71 167.33 118.06 91.78 74.87 70.72 68.81 -9999 -9999 -9999 -9999 -9999 -9999 -9999 -9999 -9999 -9999 -9999 -9999 -9999 -9999 -9999 -9999 -9999 -9999 -9999 -9999 -9999 -9999 -9999 -9999 -9999 -9999 -9999 -9999 -9999 -9999 -9999 -9999 -9999 -9999 -9999 -9999 -9999 -9999 -9999 -9999 -9999 -9999 -9999 -9999 -9999 -9999 -9999 -9999 -9999 -9999 -9999 -9999 -9999
57.50 65.43 75.67 90.84 94.55 98.18 102.69 96.64 100.47 93.49 90.01 93.32 99.37 85.68 93.68 107.50 135.26 142.64 112.42 93.84 75.85 76.07 51.94 -9999 -9999 -9999 -9999 -9999 -9999 -9999 -9999 -9999 -9999 -9999 -9999 -9999 -9999 -9999 -9999 -9999 -9999 -9999 -9999 -9999 -9999 -9999 -9999 -9999 -9999 -9999 -9999 -9999 -9999 -9999 -9999 -9999 -9999 -9999 -9999 -9999 -9999 -9999 -9999 -9999 -9999 -9999 -9999 -9999 -9999 -9999 -9999 -9999 -9999 -9999 -9999 -9999
