Rainfall_2007-2011/Rainfall_2011-02_ACTUAL.txt
ncols         180
nrows         290
xllcorner     -200000
yllcorner     -200000
cellsize      5000
NODATA_value  -9999
[rows 204 to 237 of 290, columns 75 to 149 of 180]
73.01 76.62 91.02 101.60 109.32 136.23 152.07 132.58 117.03 121.66 116.37 124.99 119.76 145.78 159.51 152.95 135.29 132.04 107.80 102.38 109.02 140.34 151.21 142.57 137.60 81.40 90.23 67.11 84.84 86.80 107.64 69.30 65.29 71.96 63.28 56.29 44.19 44.57 44.37 58.74 48.68 46.33 39.49 41.11 45.77 54.39 63.55 65.75 59.30 49.60 47.56 49.63 54.53 57.74 55.71 59.34 57.09 51.97 48.23 48.33 49.92 53.12 50.38 44.84 41.65 40.64 43.07 45.55 43.10 40.75 46.05 47.25 44.58 44.42 42.86
-9999 74.66 83.35 94.53 94.38 105.21 114.09 104.87 101.63 91.98 98.66 93.57 111.72 116.72 128.53 131.73 129.86 129.30 137.61 147.33 197.39 267.28 282.61 226.38 223.86 181.76 136.59 100.12 83.86 107.80 97.01 84.57 76.53 75.14 65.81 49.66 42.80 46.99 58.15 61.52 49.01 45.12 45.69 52.48 58.87 71.61 74.23 72.96 64.66 56.09 55.14 55.64 58.46 55.74 53.62 53.98 56.70 46.64 47.38 50.28 48.70 47.74 47.50 43.46 43.66 44.21 40.28 45.06 46.30 45.59 43.59 44.62 44.33 46.97 45.21
-9999 -9999 85.91 84.48 89.63 100.37 95.00 97.54 101.51 96.57 99.69 93.36 102.94 109.46 140.60 137.42 145.27 132.38 155.27 175.06 210.56 245.80 258.28 214.68 254.21 250.02 152.99 138.09 131.22 84.04 89.29 95.41 68.29 64.61 54.62 64.67 59.28 71.18 68.25 58.60 51.37 48.87 50.71 60.32 83.77 79.89 82.93 69.86 63.77 53.51 66.07 65.63 55.36 53.96 50.26 50.12 50.83 48.11 48.66 47.28 43.38 42.92 44.78 46.19 47.68 48.24 50.61 44.63 50.52 50.14 55.87 46.76 44.53 39.67 41.82
-9999 78.99 76.41 74.23 88.50 93.32 100.96 104.94 107.35 99.65 95.30 94.12 96.21 105.70 122.52 118.90 127.54 114.09 140.95 166.60 191.69 171.31 181.12 180.09 192.46 180.83 177.35 141.04 144.80 122.03 129.96 101.57 84.45 61.15 71.11 71.03 77.93 77.43 80.90 59.80 50.69 45.94 72.80 76.87 86.69 89.23 66.92 65.51 66.37 62.69 58.73 58.11 54.38 53.17 49.56 48.54 46.12 45.75 49.25 50.38 45.09 40.87 46.90 51.48 55.39 49.51 52.62 49.19 43.04 42.79 42.62 43.31 42.97 40.95 39.39
76.50 80.27 71.86 67.04 82.19 91.13 114.19 100.48 86.97 84.66 82.16 82.54 87.13 90.03 106.90 132.72 119.19 134.44 143.36 180.59 212.59 190.68 157.30 169.87 155.99 148.60 132.73 140.33 127.69 100.57 145.38 97.38 90.81 69.98 66.32 75.92 80.05 89.95 65.44 54.14 52.62 67.36 66.39 79.98 78.95 80.78 81.54 63.93 61.40 58.63 52.35 50.09 48.37 46.96 55.81 48.13 47.72 44.43 43.66 43.81 46.83 49.10 52.31 59.58 60.55 57.73 54.77 48.75 42.68 40.50 45.15 46.66 42.75 42.71 51.88
-9999 -9999 68.93 73.74 86.46 84.07 83.89 75.08 -9999 -9999 -9999 -9999 75.77 84.67 113.85 116.57 108.15 118.23 127.18 137.58 148.76 189.43 239.23 268.50 202.01 176.19 146.97 143.94 134.23 123.25 130.69 103.29 86.36 72.81 85.21 71.64 79.43 63.48 44.64 49.80 53.50 74.80 63.64 77.36 75.11 66.18 70.14 57.62 53.84 49.70 48.44 45.49 46.77 46.22 49.99 51.86 50.66 44.50 41.59 48.24 53.44 49.17 61.00 62.32 62.18 57.21 57.87 46.52 42.66 43.50 43.72 46.71 39.62 39.56 43.33
-9999 -9999 70.25 74.53 71.96 71.86 78.84 62.90 -9999 -9999 -9999 -9999 -9999 -9999 -9999 102.34 98.57 102.61 111.73 115.18 152.74 221.77 249.96 296.82 262.06 217.44 177.68 165.17 111.26 128.63 140.51 110.21 86.86 91.52 86.36 83.59 66.68 57.37 48.01 52.32 61.78 68.58 67.26 72.21 64.78 57.44 52.44 50.97 48.14 46.41 45.29 45.91 44.07 45.35 45.80 44.13 43.40 42.35 45.23 54.56 64.15 64.90 66.96 64.65 58.34 53.71 51.91 45.22 46.54 42.45 45.08 42.79 45.00 38.21 37.20
-9999 -9999 -9999 -9999 64.78 -9999 -9999 -9999 -9999 -9999 -9999 -9999 -9999 84.12 92.60 99.94 103.36 95.82 98.00 103.64 127.95 179.19 205.73 231.69 223.07 191.04 168.07 167.02 125.64 117.95 105.82 90.24 77.61 83.98 77.92 73.96 62.89 60.24 61.98 57.95 74.11 72.75 67.53 68.96 59.20 53.78 53.54 51.46 52.40 48.04 47.26 40.90 40.08 42.19 42.60 43.96 39.26 38.01 49.94 63.38 63.16 69.40 54.80 57.82 54.40 50.83 42.99 48.66 49.95 49.68 48.20 40.21 38.22 34.39 40.95
-9999 -9999 -9999 -9999 -9999 -9999 -9999 -9999 -9999 -9999 -9999 -9999 -9999 79.52 84.11 88.25 90.42 83.91 -9999 -9999 102.75 150.26 151.89 174.72 172.13 184.95 162.75 145.15 113.51 101.30 93.38 80.90 78.08 66.09 59.60 59.21 55.51 57.72 62.14 62.92 71.87 69.04 67.19 64.64 47.56 57.75 57.44 51.73 52.11 47.80 41.16 52.08 52.38 55.19 50.57 44.81 42.55 45.34 57.83 55.14 60.88 58.64 51.25 54.34 49.68 49.40 46.01 47.11 46.64 45.88 50.65 35.54 34.02 35.86 38.22
-9999 -9999 -9999 -9999 -9999 -9999 -9999 -9999 -9999 -9999 -9999 -9999 -9999 -9999 -9999 -9999 -9999 -9999 -9999 -9999 86.89 99.68 121.07 119.43 122.37 147.52 127.15 112.74 101.62 89.42 81.61 70.07 66.76 60.60 -9999 54.15 50.41 54.92 58.04 63.91 81.70 79.31 62.83 63.52 64.24 58.91 65.64 55.57 59.83 60.11 48.58 44.24 55.15 66.13 55.43 53.76 57.04 51.73 54.51 56.19 55.71 49.91 48.06 42.09 44.52 50.33 44.63 46.50 42.36 43.60 46.20 45.33 36.38 35.45 38.40
-9999 -9999 -9999 -9999 -9999 -9999 -9999 -9999 -9999 -9999 -9999 -9999 -9999 -9999 -9999 -9999 -9999 -9999 -9999 -9999 -9999 86.53 96.53 94.50 103.40 100.40 95.23 92.43 83.45 74.63 -9999 -9999 -9999 -9999 53.86 50.68 51.60 56.71 61.12 61.65 74.06 73.27 71.02 62.63 64.80 66.84 61.21 66.39 64.05 73.56 67.58 60.75 59.82 63.37 59.57 57.31 57.17 50.51 54.99 54.64 46.21 46.59 41.70 41.99 42.43 41.65 42.90 43.73 37.83 37.90 41.05 38.05 33.41 37.46 38.49
-9999 -9999 -9999 -9999 -9999 -9999 -9999 -9999 -9999 -9999 -9999 -9999 -9999 -9999 -9999 -9999 -9999 -9999 -9999 -9999 -9999 -9999 88.79 89.18 89.37 80.52 81.01 76.52 69.25 -9999 -9999 -9999 -9999 45.85 60.30 59.37 53.03 61.25 57.71 65.42 73.35 75.73 67.29 61.27 60.25 60.21 66.16 71.46 67.93 71.57 69.65 64.95 57.15 58.91 56.93 62.92 54.01 57.26 49.35 45.12 44.43 45.22 43.54 45.39 48.16 42.10 39.73 39.55 39.03 43.77 39.01 38.67 35.74 39.84 35.91
-9999 -9999 -9999 -9999 -9999 -9999 -9999 -9999 -9999 -9999 -9999 -9999 -9999 -9999 -9999 -9999 -9999 -9999 -9999 -9999 -9999 -9999 -9999 73.16 72.23 71.13 63.31 58.35 57.74 -9999 -9999 -9999 45.10 49.72 49.56 54.96 65.04 59.97 52.90 61.17 58.49 67.68 63.50 55.32 62.68 66.16 68.69 67.42 71.26 68.35 64.27 62.08 60.44 60.27 66.63 57.96 58.47 53.64 44.81 45.16 46.22 44.30 45.40 47.89 47.45 42.47 35.10 38.05 36.56 36.79 36.07 38.21 42.25 41.06 40.90
-9999 -9999 -9999 -9999 -9999 -9999 -9999 -9999 -9999 -9999 -9999 -9999 -9999 -9999 -9999 -9999 -9999 -9999 -9999 -9999 -9999 -9999 -9999 -9999 -9999 -9999 -9999 -9999 -9999 -9999 -9999 59.04 55.13 52.26 55.03 64.17 62.61 59.39 57.52 59.59 61.87 59.40 53.34 44.80 48.42 55.50 61.14 67.38 70.14 69.37 66.99 61.98 74.99 70.33 66.93 58.89 58.82 53.67 44.17 46.69 46.24 42.42 46.60 46.29 40.95 38.60 36.29 39.45 43.85 42.36 42.53 48.94 49.10 51.84 47.85
-9999 -9999 -9999 -9999 -9999 -9999 -9999 -9999 -9999 -9999 -9999 -9999 -9999 -9999 -9999 -9999 -9999 -9999 -9999 -9999 -9999 -9999 -9999 -9999 -9999 -9999 -9999 -9999 -9999 -9999 -9999 50.30 56.82 56.35 77.93 77.94 79.19 69.90 67.09 61.26 63.41 54.00 48.65 48.25 53.91 59.67 62.69 64.92 75.20 72.49 76.99 67.41 78.48 78.18 65.04 61.66 59.09 50.81 45.28 41.37 43.99 44.18 46.43 43.61 39.76 35.12 35.01 43.21 46.83 49.44 50.58 58.59 52.87 53.68 54.15
-9999 -9999 -9999 -9999 -9999 -9999 -9999 -9999 -9999 -9999 -9999 -9999 -9999 -9999 -9999 -9999 -9999 -9999 -9999 -9999 -9999 -9999 -9999 -9999 -9999 -9999 -9999 -9999 -9999 -9999 -9999 42.00 43.85 45.12 64.90 71.79 73.40 75.40 70.92 73.40 64.19 59.79 52.15 66.96 64.31 68.65 69.86 60.32 61.23 59.54 66.43 68.88 72.14 66.76 59.96 58.62 58.41 53.87 47.85 45.56 47.88 43.64 41.25 46.92 40.08 40.77 41.96 55.13 53.62 48.44 58.68 58.34 56.88 54.79 62.27
-9999 -9999 -9999 -9999 -9999 -9999 -9999 -9999 -9999 -9999 -9999 -9999 -9999 -9999 65.92 81.45 62.15 92.35 98.79 124.30 112.72 103.48 80.48 84.96 59.78 -9999 -9999 -9999 -9999 -9999 -9999 41.17 37.94 41.30 45.98 57.71 78.19 63.17 76.75 68.21 62.00 64.19 68.83 72.30 72.71 69.59 68.47 58.66 55.43 60.46 59.27 55.84 50.32 58.53 55.32 60.79 62.82 68.03 62.42 57.51 57.07 41.81 44.44 48.68 45.47 45.54 52.31 51.32 52.22 48.90 46.53 48.92 48.84 48.03 45.05
-9999 -9999 -9999 -9999 -9999 -9999 -9999 -9999 -9999 -9999 -9999 -9999 -9999 -9999 73.80 82.55 92.17 84.59 150.24 184.59 119.70 115.48 98.06 90.97 75.10 55.09 51.76 49.40 52.84 42.25 32.05 36.80 34.06 37.06 44.36 54.16 56.53 55.44 66.09 61.85 63.69 79.26 79.59 69.46 69.76 71.03 58.06 59.81 54.79 58.04 58.75 57.27 57.46 51.29 55.80 63.39 66.50 67.41 68.09 67.65 59.22 57.07 49.16 52.39 52.47 50.46 67.81 57.77 55.97 57.19 49.51 50.84 50.50 48.84 51.61
-9999 -9999 -9999 -9999 -9999 -9999 -9999 -9999 -9999 -9999 -9999 -9999 -9999 47.90 54.22 63.45 78.97 89.52 110.00 166.21 164.54 147.94 135.82 128.16 102.05 71.43 74.82 59.65 59.41 44.76 40.37 33.00 36.05 41.08 45.41 44.25 48.84 49.61 54.29 56.64 77.26 74.94 85.14 81.97 75.35 67.79 63.12 61.85 57.89 57.11 54.34 58.28 60.20 67.10 62.83 59.33 63.76 71.04 75.90 69.49 64.27 57.79 67.18 58.50 55.15 54.19 55.65 57.78 55.87 52.61 54.24 57.56 59.27 64.49 53.48
-9999 -9999 -9999 -9999 -9999 -9999 -9999 -9999 -9999 -9999 -9999 -9999 -9999 -9999 55.51 61.16 63.60 69.36 92.21 112.93 128.67 131.51 121.77 109.30 107.92 96.47 84.35 64.77 51.93 46.33 43.85 35.99 32.70 40.66 39.52 36.76 41.58 41.27 48.65 64.53 70.30 68.58 79.28 88.56 78.73 72.49 74.25 68.62 66.05 62.01 59.49 56.16 57.67 66.91 67.93 61.48 69.60 76.42 78.18 78.76 75.79 67.98 73.89 66.17 63.57 54.22 55.71 49.26 40.68 50.55 62.02 66.90 73.80 71.05 67.57
-9999 -9999 -9999 -9999 -9999 -9999 -9999 -9999 -9999 -9999 65.95 -9999 -9999 55.48 52.96 68.44 60.13 64.47 72.45 83.19 93.29 96.38 102.97 107.90 94.06 92.27 92.30 59.86 47.82 44.46 41.86 34.46 33.55 31.27 40.29 38.40 36.66 42.79 57.10 60.82 61.31 52.58 69.24 68.64 75.19 80.42 76.22 67.96 66.47 64.68 65.50 63.09 67.19 62.28 65.69 76.98 72.03 78.69 81.91 91.89 75.65 74.11 71.69 62.07 62.67 60.42 56.18 54.70 55.99 58.03 59.30 60.94 69.78 66.10 63.30
-9999 -9999 -9999 -9999 -9999 -9999 -9999 -9999 -9999 75.46 87.52 95.40 93.59 75.82 70.51 72.51 57.10 48.81 59.43 69.83 80.12 83.38 95.55 95.44 86.99 76.75 73.73 56.67 51.05 50.28 45.88 41.05 36.51 35.07 40.62 44.08 39.07 46.48 52.79 55.91 55.31 61.04 76.81 70.88 74.75 85.32 81.48 72.22 69.98 70.66 72.87 71.41 54.60 65.76 65.52 74.77 75.91 86.60 85.64 84.51 81.16 76.61 78.88 76.16 67.15 62.96 61.31 57.15 59.51 58.78 61.87 70.70 65.72 62.81 66.17
-9999 -9999 -9999 -9999 -9999 -9999 -9999 -9999 -9999 84.37 90.45 85.93 91.53 85.80 73.70 65.17 53.79 60.59 59.45 68.41 75.68 68.48 89.15 93.02 83.42 79.27 71.39 67.16 78.88 66.35 56.13 47.05 37.66 45.70 49.50 49.93 50.81 59.34 51.98 58.99 55.44 53.96 63.85 81.86 68.69 76.50 79.18 71.32 69.52 82.62 79.51 70.37 67.13 74.00 72.53 71.36 72.03 79.48 88.16 87.94 85.08 99.51 90.00 90.51 82.86 64.56 70.85 65.62 69.93 66.90 71.78 79.63 65.78 68.96 73.71
-9999 -9999 -9999 -9999 -9999 -9999 -9999 -9999 -9999 84.75 90.25 89.28 92.00 78.65 69.34 63.02 59.21 52.44 54.88 56.86 66.51 60.38 78.15 76.30 75.33 65.84 65.55 79.75 77.95 79.48 72.59 60.08 53.00 54.91 53.42 61.02 57.20 62.95 61.23 64.22 59.33 59.95 68.22 66.27 63.45 52.83 67.59 76.92 82.57 77.86 83.74 80.88 76.62 75.86 73.01 71.26 74.02 77.34 82.38 77.42 83.59 95.22 95.78 104.17 99.82 72.71 88.06 81.26 65.05 75.59 104.34 100.32 93.94 68.61 64.20
-9999 -9999 -9999 -9999 -9999 -9999 -9999 -9999 -9999 79.25 84.40 78.92 74.13 73.39 69.63 61.49 48.85 63.56 54.64 50.20 65.71 63.39 70.03 67.17 74.82 65.97 67.16 86.01 80.49 80.71 79.64 74.22 69.72 66.54 64.84 70.84 70.25 66.41 67.01 68.24 68.24 70.01 66.13 65.49 63.97 54.08 68.37 78.14 78.69 76.96 81.04 82.87 73.98 71.83 73.71 71.50 65.83 77.99 68.38 56.94 67.80 68.51 70.75 75.56 62.66 62.83 70.72 75.73 86.51 77.71 85.71 79.48 94.21 69.38 59.88
-9999 -9999 -9999 -9999 -9999 -9999 -9999 -9999 -9999 77.93 79.14 74.13 76.61 75.74 72.32 70.10 66.39 56.55 59.95 49.53 53.85 59.60 70.29 72.63 66.46 65.49 68.41 67.20 81.09 91.97 74.05 66.51 78.55 91.14 75.50 93.21 82.35 87.18 91.14 83.59 75.59 74.89 69.03 62.64 70.75 72.70 76.52 81.18 77.93 72.22 82.88 84.42 74.43 68.32 65.89 59.52 56.72 59.02 57.20 55.36 56.86 60.41 67.31 62.35 62.81 58.06 62.95 65.74 62.64 -9999 -9999 63.70 64.97 58.76 62.22
-9999 -9999 -9999 -9999 -9999 -9999 -9999 -9999 75.64 80.61 86.58 82.18 78.40 74.45 76.13 78.61 92.34 71.90 61.84 54.12 56.85 59.28 69.83 77.02 68.84 61.55 70.02 76.26 90.27 84.09 72.59 74.68 71.63 62.74 66.39 72.36 81.87 93.25 90.26 92.14 79.84 78.25 79.56 75.89 73.30 76.69 74.69 76.52 72.97 67.85 68.58 68.20 66.91 63.07 65.38 -9999 -9999 55.86 53.76 53.52 54.68 56.67 56.90 55.19 -9999 -9999 -9999 -9999 -9999 -9999 -9999 -9999 -9999 -9999 55.06
-9999 -9999 -9999 -9999 -9999 -9999 -9999 97.41 99.21 88.93 89.93 77.60 66.46 74.68 86.17 102.46 119.27 104.33 98.63 81.98 70.06 84.43 102.97 101.85 73.19 69.30 72.82 85.75 77.31 81.79 76.27 76.07 60.03 59.88 71.35 69.71 80.63 89.19 83.60 82.21 74.88 77.37 67.27 63.86 69.85 72.89 73.79 74.81 65.50 60.60 64.33 58.41 -9999 65.77 69.76 66.93 58.04 58.86 -9999 -9999 -9999 -9999 55.63 -9999 -9999 -9999 -9999 -9999 -9999 -9999 -9999 -9999 -9999 -9999 -9999
-9999 -9999 -9999 -9999 -9999 -9999 79.34 104.86 112.18 105.33 91.18 75.32 72.03 74.68 86.97 140.10 185.40 193.28 136.44 104.83 112.89 98.09 106.29 105.34 84.37 78.31 70.78 67.27 66.14 58.25 -9999 -9999 -9999 -9999 -9999 53.94 66.93 77.80 71.72 70.35 63.47 63.04 74.09 61.22 77.75 69.90 -9999 -9999 -9999 -9999 -9999 66.73 71.90 76.65 77.89 75.46 75.83 66.71 -9999 -9999 -9999 -9999 -9999 -9999 -9999 -9999 -9999 -9999 -9999 -9999 -9999 -9999 -9999 -9999 -9999
-9999 -9999 -9999 -9999 -9999 80.17 94.77 123.57 124.01 123.58 107.42 100.07 87.69 98.96 134.97 166.64 203.59 245.93 194.77 153.91 120.30 112.64 89.50 89.34 75.06 65.53 67.12 -9999 -9999 -9999 -9999 -9999 -9999 -9999 -9999 -9999 50.31 62.11 59.66 59.94 66.03 74.22 71.67 86.01 85.48 64.93 -9999 -9999 -9999 -9999 -9999 -9999 -9999 68.48 80.93 73.03 78.21 -9999 -9999 -9999 -9999 -9999 -9999 -9999 -9999 -9999 -9999 -9999 -9999 -9999 -9999 -9999 -9999 -9999 -9999
-9999 -9999 71.99 65.15 70.07 85.46 93.36 107.86 126.76 130.67 117.32 110.85 121.26 121.21 131.55 151.21 208.99 214.06 177.04 151.10 137.95 106.17 91.50 83.87 71.95 -9999 -9999 -9999 -9999 -9999 -9999 -9999 -9999 -9999 -9999 -9999 -9999 -9999 47.57 -9999 -9999 -9999 -9999 68.68 70.47 63.68 -9999 -9999 -9999 -9999 -9999 -9999 -9999 -9999 70.90 82.43 65.73 -9999 -9999 -9999 -9999 -9999 -9999 -9999 -9999 -9999 -9999 -9999 -9999 -9999 -9999 -9999 -9999 -9999 -9999
-9999 -9999 71.72 71.21 75.93 89.02 109.25 122.40 141.71 147.14 134.33 122.98 126.09 136.64 127.11 144.99 216.63 227.50 192.38 155.71 122.46 92.99 88.27 77.32 -9999 -9999 -9999 -9999 -9999 -9999 -9999 -9999 -9999 -9999 -9999 -9999 -9999 -9999 42.51 -9999 -9999 -9999 -9999 -9999 -9999 -9999 -9999 -9999 -9999 -9999 -9999 -9999 -9999 -9999 -9999 -9999 -9999 -9999 -9999 -9999 -9999 -9999 -9999 -9999 -9999 -9999 -9999 -9999 -9999 -9999 -9999 -9999 -9999 -9999 -9999
-9999 -9999 73.91 83.06 91.25 102.47 122.13 119.71 127.03 138.55 130.23 120.89 136.40 124.72 119.19 139.92 194.86 238.12 270.07 178.47 133.67 106.81 94.77 85.37 -9999 -9999 -9999 -9999 -9999 -9999 -9999 -9999 -9999 -9999 -9999 -9999 -9999 -9999 -9999 -9999 -9999 -9999 -9999 -9999 -9999 -9999 -9999 -9999 -9999 -9999 -9999 -9999 -9999 -9999 -9999 -9999 -9999 -9999 -9999 -9999 -9999 -9999 -9999 -9999 -9999 -9999 -9999 -9999 -9999 -9999 -9999 -9999 -9999 -9999 -9999
-9999 66.27 70.33 84.92 104.58 120.35 130.17 122.26 129.43 128.72 114.79 116.45 127.41 129.34 121.09 133.66 160.75 194.35 233.60 167.26 132.66 108.13 103.65 72.17 -9999 -9999 -9999 -9999 -9999 -9999 -9999 -9999 -9999 -9999 -9999 -9999 -9999 -9999 -9999 -9999 -9999 -9999 -9999 -9999 -9999 -9999 -9999 -9999 -9999 -9999 -9999 -9999 -9999 -9999 -9999 -9999 -9999 -9999 -9999 -9999 -9999 -9999 -9999 -9999 -9999 -9999 -9999 -9999 -9999 -9999 -9999 -9999 -9999 -9999 -9999
