Rainfall_2007-2011/Rainfall_2011-12_ACTUAL.txt
ncols         180
nrows         290
xllcorner     -200000
yllcorner     -200000
cellsize      5000
NODATA_value  -9999
[rows 198 to 230 of 290, columns 76 to 151 of 180]
-9999 -9999 -9999 -9999 -9999 -9999 -9999 -9999 -9999 -9999 -9999 170.44 169.38 193.62 214.54 190.60 232.52 245.25 278.71 323.41 352.83 347.06 308.23 269.15 222.48 201.12 155.02 190.64 158.95 128.69 119.04 95.02 87.65 73.82 71.56 71.60 60.51 61.74 65.82 61.63 61.23 58.22 56.21 57.74 54.13 51.83 53.39 56.00 47.16 43.72 49.36 57.53 59.65 63.95 62.65 54.26 59.64 59.73 55.62 56.17 54.67 49.91 51.79 53.50 51.52 48.70 50.27 47.31 49.26 53.35 46.30 48.51 44.78 48.38 45.69 48.75
-9999 -9999 -9999 -9999 -9999 -9999 -9999 144.58 111.29 138.56 191.03 197.66 205.95 239.19 226.15 231.80 238.62 277.10 294.08 358.43 327.07 321.49 289.44 234.85 183.43 191.26 162.03 206.99 181.73 136.35 102.05 92.78 82.30 88.83 66.43 74.84 66.68 59.19 59.99 58.79 57.77 59.91 55.20 57.92 59.14 49.55 51.99 49.16 50.56 49.69 55.25 54.53 57.95 64.83 55.62 55.80 62.94 61.45 57.82 57.07 60.72 60.65 60.04 67.96 56.00 50.24 52.66 55.24 60.44 56.08 53.10 48.35 44.62 47.73 49.87 56.64
-9999 -9999 -9999 -9999 -9999 -9999 168.64 162.56 181.85 181.90 169.50 196.58 200.14 242.69 259.12 190.11 244.44 262.05 304.85 282.52 324.08 309.38 268.98 256.38 194.05 157.51 195.58 158.56 144.17 107.72 90.57 79.85 80.44 77.25 73.91 62.80 65.12 67.55 64.59 68.05 63.37 63.19 58.49 56.88 57.00 57.08 52.24 49.85 50.46 58.10 61.17 70.56 61.61 63.35 61.17 55.27 59.49 57.38 52.65 61.53 66.44 61.98 62.43 64.74 60.05 50.78 54.18 59.52 60.25 56.48 55.63 49.75 45.36 47.99 49.95 52.09
-9999 -9999 -9999 -9999 -9999 162.63 170.14 154.32 169.79 183.45 197.64 190.12 203.50 203.34 215.43 264.71 223.43 222.34 286.28 235.70 250.14 304.79 286.08 243.38 220.75 180.38 147.77 133.63 120.71 153.42 118.68 82.32 73.15 66.55 66.59 60.75 64.06 66.77 65.53 61.67 61.98 62.65 54.61 57.54 66.11 61.76 56.54 69.67 63.46 65.37 65.30 64.11 64.86 63.41 64.17 63.97 72.67 69.32 66.94 66.20 62.85 62.27 60.60 58.84 56.67 58.54 54.16 55.53 59.70 57.73 58.91 56.35 54.12 52.44 54.11 53.41
-9999 115.39 145.43 162.85 208.36 195.54 189.97 190.41 191.01 189.60 204.59 192.59 202.90 215.50 189.04 273.44 236.75 224.91 253.71 250.01 230.71 270.14 247.82 230.63 205.29 183.54 140.67 107.91 135.31 150.86 115.68 116.65 93.96 77.29 67.06 68.03 82.22 62.86 71.25 60.00 63.09 71.54 63.93 72.20 63.69 61.59 71.33 67.76 69.85 69.03 66.10 63.80 62.51 69.67 74.05 59.60 72.24 66.99 57.49 68.59 63.89 62.18 62.34 62.98 71.67 55.87 56.92 55.40 58.19 64.65 73.20 65.30 67.27 68.18 67.47 52.18
119.77 161.66 174.89 192.02 229.81 272.95 250.26 234.45 217.36 214.20 216.09 216.56 209.65 220.75 233.56 237.26 238.69 210.65 212.86 203.60 224.86 257.53 225.77 219.84 200.67 153.83 153.14 153.00 207.91 160.38 132.22 98.06 104.60 97.79 93.60 73.87 70.28 66.44 66.81 72.80 70.29 74.72 73.78 88.29 63.67 87.82 78.91 85.00 73.89 69.21 81.53 65.56 65.62 74.02 73.14 66.90 67.03 63.32 57.04 65.81 67.40 63.19 71.49 67.61 62.05 62.38 58.06 61.14 63.09 74.87 77.29 74.52 70.89 66.58 72.46 78.71
116.86 145.25 160.87 170.39 205.67 227.85 229.44 214.98 219.87 199.62 208.34 206.20 200.42 217.61 228.02 193.91 196.22 174.69 195.16 214.02 245.35 294.57 229.94 191.57 148.34 170.85 131.67 174.41 165.34 193.85 137.67 121.21 116.14 110.90 99.32 78.85 77.20 78.33 92.74 87.94 78.70 73.54 69.41 64.20 74.09 87.34 93.73 90.31 85.12 76.85 81.93 76.86 88.05 83.85 77.92 74.57 69.06 60.04 65.38 67.86 70.68 70.02 67.91 67.22 65.12 67.16 66.60 69.78 63.40 80.66 80.86 70.41 72.62 73.56 78.82 71.81
113.00 124.06 145.65 133.83 161.06 175.16 186.77 188.51 189.64 174.27 166.18 209.46 174.09 176.14 183.76 175.40 179.33 218.41 245.72 316.90 399.06 320.72 311.09 305.50 265.37 251.22 176.50 150.54 198.44 153.97 121.51 128.77 127.78 113.95 94.75 79.15 86.79 90.99 94.54 90.66 78.41 84.11 81.70 85.48 106.93 106.04 93.03 94.96 83.78 77.37 72.40 78.25 83.38 79.97 71.73 69.36 73.61 70.34 76.88 71.88 71.94 73.08 66.59 67.55 69.82 63.45 70.44 64.74 66.21 70.48 62.46 69.28 75.56 75.37 73.55 71.40
-9999 136.72 142.61 143.63 158.64 164.99 170.83 183.41 176.48 159.31 154.19 175.48 172.85 196.85 187.88 200.69 186.05 243.73 282.53 317.98 356.41 375.55 315.30 336.77 356.96 253.96 235.70 204.41 121.10 121.30 141.70 114.16 118.16 93.81 103.92 99.12 114.38 113.52 95.67 86.05 80.53 80.07 87.82 122.04 115.90 116.76 98.07 93.96 82.07 85.42 88.22 72.99 71.73 71.20 67.83 65.78 67.04 72.18 72.83 69.67 73.29 77.33 71.75 78.04 81.95 78.71 66.23 67.38 68.90 71.92 61.71 61.06 66.87 67.29 67.98 63.60
116.65 137.32 141.11 146.33 158.96 179.22 187.99 195.32 174.33 158.93 157.73 155.79 169.06 197.01 177.71 195.04 183.80 214.50 244.30 273.00 257.60 275.57 274.22 291.96 274.40 253.73 244.36 193.93 169.38 182.63 150.41 139.37 108.55 106.31 99.16 111.34 115.68 120.20 91.95 88.67 84.03 101.49 97.17 105.07 112.68 94.43 94.55 96.82 93.50 89.88 90.10 80.63 74.57 69.77 68.30 66.64 66.16 69.03 72.12 72.14 65.88 67.99 67.81 85.82 73.40 79.31 68.13 62.61 65.61 64.12 56.95 60.15 64.71 58.90 60.49 68.44
91.39 131.50 141.43 152.57 158.57 161.30 177.53 159.56 143.74 138.04 140.27 135.64 132.19 163.63 197.15 183.43 211.36 206.17 250.38 286.95 268.59 233.65 247.88 244.68 227.73 229.70 248.27 184.89 160.99 213.78 148.74 135.36 113.70 101.16 110.52 109.19 110.59 103.69 83.87 84.64 93.16 97.15 109.08 112.27 105.25 109.56 100.22 98.93 92.15 82.31 78.13 73.54 76.37 78.81 69.38 72.01 65.85 63.28 62.71 67.03 65.10 65.94 71.54 82.00 80.69 78.19 72.35 64.50 61.64 65.92 70.21 64.28 64.25 65.01 62.90 60.78
-9999 122.16 139.91 159.62 160.58 165.36 162.26 -9999 -9999 -9999 -9999 132.43 130.00 165.74 172.66 161.63 171.44 171.53 206.30 234.05 237.28 330.54 378.88 324.45 268.19 216.32 217.58 199.16 185.19 166.43 145.94 121.68 107.89 124.68 103.68 111.41 97.80 91.95 86.73 88.31 114.56 102.42 119.48 113.75 104.73 103.05 107.83 103.59 88.47 79.36 73.27 74.46 70.25 68.96 75.95 75.56 69.66 64.64 66.00 68.22 73.54 79.37 80.19 84.16 81.82 75.81 69.83 66.40 72.05 69.90 73.01 62.08 59.98 62.34 63.30 58.91
-9999 120.96 130.99 137.99 140.79 157.71 105.71 -9999 -9999 -9999 -9999 -9999 -9999 -9999 149.67 152.66 153.34 157.42 172.77 210.33 253.90 330.69 406.01 358.58 325.59 246.39 217.06 165.38 189.17 207.12 162.90 124.94 135.05 131.05 128.21 101.46 95.64 91.17 99.88 118.94 107.48 110.06 114.26 101.65 101.04 89.20 92.08 90.33 84.83 77.15 77.04 71.74 67.21 67.67 68.58 69.80 67.35 69.67 66.99 78.45 74.28 81.92 80.76 74.47 75.76 70.16 66.42 68.31 67.09 69.96 68.13 77.54 66.12 58.23 57.79 56.04
-9999 -9999 -9999 126.73 -9999 -9999 -9999 -9999 -9999 -9999 -9999 -9999 87.85 113.43 138.67 144.50 126.05 131.10 153.16 186.00 239.68 314.68 349.41 322.86 285.24 239.37 225.05 180.61 180.39 172.51 139.51 112.02 116.98 120.12 119.53 101.10 98.51 107.19 108.79 126.23 120.15 106.27 107.10 97.13 90.90 86.49 82.45 88.73 83.50 73.47 73.45 68.93 66.01 68.19 69.50 71.19 63.49 71.76 80.50 78.80 86.31 73.03 71.53 71.93 67.74 57.80 68.02 70.38 73.21 71.43 60.09 59.05 63.42 66.11 52.88 58.61
-9999 -9999 -9999 -9999 -9999 -9999 -9999 -9999 -9999 -9999 -9999 -9999 71.55 90.93 120.50 124.75 111.35 -9999 -9999 138.23 213.27 250.35 275.00 251.17 251.10 243.36 224.46 174.94 156.30 150.44 116.71 103.07 110.88 94.96 93.38 91.81 96.13 106.96 110.96 123.49 113.72 107.40 106.64 94.82 89.76 81.16 79.81 81.74 82.85 72.88 73.55 84.65 79.71 75.09 69.30 69.40 67.14 69.52 63.79 89.40 82.93 68.90 76.21 71.99 64.17 66.40 67.60 69.23 63.19 67.98 55.52 52.97 56.96 59.04 57.53 57.41
-9999 -9999 -9999 -9999 -9999 -9999 -9999 -9999 -9999 -9999 -9999 -9999 -9999 -9999 -9999 -9999 -9999 -9999 -9999 132.84 150.12 189.63 188.39 185.03 199.56 202.85 187.22 168.04 150.60 117.25 93.15 107.41 102.45 -9999 90.84 85.54 95.16 106.91 112.33 128.58 119.30 106.42 97.09 86.01 77.57 89.60 80.28 82.21 93.92 89.26 86.84 88.96 92.43 83.62 72.28 77.43 71.60 77.27 81.01 85.93 78.08 73.04 71.51 67.84 74.48 69.71 68.26 60.69 60.63 62.94 54.50 55.99 54.86 56.83 58.60 56.04
-9999 -9999 -9999 -9999 -9999 -9999 -9999 -9999 -9999 -9999 -9999 -9999 -9999 -9999 -9999 -9999 -9999 -9999 -9999 -9999 133.02 143.94 155.55 174.89 173.99 159.91 155.10 148.79 127.15 -9999 -9999 -9999 -9999 94.98 86.94 90.82 100.77 109.48 105.64 111.27 108.95 103.96 85.59 79.03 78.40 80.78 91.74 91.23 113.83 107.99 100.79 90.32 83.83 74.33 68.73 73.31 70.61 79.60 83.49 73.04 73.79 65.11 67.85 66.81 61.06 63.22 60.35 52.12 53.79 59.63 54.87 54.26 56.89 57.78 54.51 53.01
-9999 -9999 -9999 -9999 -9999 -9999 -9999 -9999 -9999 -9999 -9999 -9999 -9999 -9999 -9999 -9999 -9999 -9999 -9999 -9999 -9999 143.19 155.13 165.75 158.66 145.85 132.02 121.12 -9999 -9999 -9999 -9999 79.80 110.27 105.76 93.41 112.28 100.27 113.24 106.28 107.01 98.21 88.79 89.11 85.32 92.78 99.44 98.18 109.14 107.66 94.61 86.58 75.06 61.58 70.41 64.14 79.32 74.73 73.73 74.03 72.90 66.93 69.75 69.75 58.83 58.36 62.55 56.63 54.90 54.99 53.73 56.33 60.90 55.89 60.53 66.58
-9999 -9999 -9999 -9999 -9999 -9999 -9999 -9999 -9999 -9999 -9999 -9999 -9999 -9999 -9999 -9999 -9999 -9999 -9999 -9999 -9999 -9999 129.63 137.08 150.47 118.84 104.77 95.69 -9999 -9999 -9999 70.75 83.48 95.96 95.07 102.59 108.99 91.49 99.27 94.09 106.96 101.03 90.49 95.62 95.11 95.56 92.19 101.59 95.67 90.62 87.88 86.89 79.70 79.12 69.86 73.29 76.55 76.60 76.18 74.38 72.27 74.96 77.18 72.13 68.46 62.76 61.04 56.48 58.83 60.03 64.57 64.89 65.60 69.15 69.28 77.21
-9999 -9999 -9999 -9999 -9999 -9999 -9999 -9999 -9999 -9999 -9999 -9999 -9999 -9999 -9999 -9999 -9999 -9999 -9999 -9999 -9999 -9999 -9999 -9999 -9999 -9999 -9999 -9999 -9999 -9999 77.10 87.48 93.67 98.96 110.23 113.91 105.92 97.36 96.71 93.00 104.96 92.87 95.79 83.13 79.70 84.71 91.73 91.50 92.80 89.58 85.38 100.41 95.87 89.37 87.06 83.19 70.30 79.60 75.12 68.10 71.53 75.33 73.60 70.93 65.85 63.94 63.91 68.23 67.32 69.45 77.56 74.83 78.57 82.38 69.97 81.77
-9999 -9999 -9999 -9999 -9999 -9999 -9999 -9999 -9999 -9999 -9999 -9999 -9999 -9999 -9999 -9999 -9999 -9999 -9999 -9999 -9999 -9999 -9999 -9999 -9999 -9999 -9999 -9999 -9999 -9999 89.25 109.43 110.61 142.37 132.87 114.94 108.33 103.69 101.02 100.90 92.32 82.41 86.10 85.29 89.12 94.06 87.06 98.15 95.92 99.90 82.57 100.96 107.63 94.54 97.92 84.12 74.91 74.94 70.61 71.39 75.55 75.17 71.53 68.91 69.04 64.46 69.38 73.60 78.46 84.62 94.17 85.13 96.67 92.90 77.74 85.13
-9999 -9999 -9999 -9999 -9999 -9999 -9999 -9999 -9999 -9999 -9999 -9999 -9999 -9999 -9999 -9999 -9999 -9999 -9999 -9999 -9999 -9999 -9999 -9999 -9999 -9999 -9999 -9999 -9999 -9999 89.53 95.87 98.82 124.11 117.19 132.68 125.99 118.65 109.69 99.67 91.65 83.98 100.75 98.53 106.87 101.12 93.01 90.86 86.17 92.23 95.11 102.11 96.50 89.52 82.69 82.10 78.93 78.17 74.51 75.37 81.47 80.37 72.27 69.23 66.92 76.06 87.90 89.60 89.82 100.51 91.86 97.94 99.04 111.20 88.29 90.49
-9999 -9999 -9999 -9999 -9999 -9999 -9999 -9999 -9999 -9999 -9999 -9999 -9999 153.42 170.21 156.06 210.71 228.13 301.28 279.88 273.76 212.70 197.94 130.01 -9999 -9999 -9999 -9999 -9999 -9999 86.78 90.34 101.25 102.33 101.60 109.88 136.44 135.24 117.20 92.96 91.53 98.05 104.38 102.19 90.42 96.50 95.59 88.43 92.12 88.28 85.63 79.99 86.86 81.66 86.14 83.80 94.93 91.58 85.66 83.11 77.87 73.20 78.75 75.90 75.75 85.85 82.00 87.99 86.37 79.33 82.92 89.27 88.86 96.43 94.15 82.85
-9999 -9999 -9999 -9999 -9999 -9999 -9999 -9999 -9999 -9999 -9999 -9999 -9999 187.51 194.79 222.04 178.87 297.15 365.79 327.55 436.54 271.09 212.65 158.67 125.00 104.90 104.37 98.73 91.84 74.79 93.61 87.86 94.47 101.19 105.68 102.60 104.91 121.89 123.29 100.58 110.84 108.24 97.31 96.85 100.75 90.50 96.83 95.62 88.73 80.41 83.93 84.22 76.81 85.43 90.05 93.59 97.06 91.12 88.39 78.29 80.71 75.25 81.20 82.50 81.09 109.16 95.45 90.77 90.01 86.49 87.85 89.16 99.08 107.07 111.61 94.99
-9999 -9999 -9999 -9999 -9999 -9999 -9999 -9999 -9999 -9999 -9999 -9999 122.31 173.98 189.67 214.56 239.24 292.47 360.36 389.55 381.07 291.74 192.18 181.96 120.70 120.18 124.76 119.30 99.89 88.74 87.83 88.13 85.38 105.53 102.70 112.25 111.38 112.63 110.86 128.97 112.49 122.71 113.90 104.44 100.08 93.09 94.66 98.13 87.15 85.58 87.03 80.99 83.78 85.92 84.80 86.82 97.11 95.38 88.39 86.30 82.48 93.85 85.79 86.91 87.37 91.35 98.26 93.13 86.45 94.91 107.91 108.44 114.83 103.17 109.80 124.31
-9999 -9999 -9999 -9999 -9999 -9999 -9999 -9999 -9999 -9999 -9999 -9999 -9999 161.96 178.57 188.24 229.69 267.91 288.86 325.73 287.99 240.44 206.38 201.92 164.75 142.82 134.58 105.33 100.66 94.72 79.97 77.23 74.23 92.45 100.39 98.57 90.53 96.93 106.66 118.34 111.16 116.46 107.87 100.83 97.47 103.58 97.32 92.25 86.02 88.12 85.40 85.86 91.91 89.79 75.06 83.55 90.70 93.95 96.76 93.26 93.05 100.63 93.47 93.82 84.56 91.07 93.52 93.79 107.20 112.32 118.01 123.49 111.12 117.22 124.88 130.00
-9999 -9999 -9999 -9999 -9999 -9999 -9999 -9999 -9999 162.27 -9999 -9999 172.59 172.20 218.03 180.14 196.77 213.88 221.99 235.18 240.57 250.88 206.94 172.11 169.25 150.21 112.82 85.70 86.99 94.28 77.80 73.38 57.56 87.53 89.94 92.64 94.40 101.64 106.12 119.32 101.97 105.14 102.53 113.60 116.01 106.31 93.63 81.61 80.29 90.34 90.36 97.80 93.37 90.08 97.86 88.36 93.27 98.40 115.03 106.71 100.86 105.04 90.21 94.35 94.57 90.92 96.75 102.17 102.80 104.82 121.98 120.17 124.96 109.47 125.00 130.48
-9999 -9999 -9999 -9999 -9999 -9999 -9999 -9999 184.44 230.00 212.28 212.50 182.96 217.73 217.72 186.88 161.37 181.72 191.81 222.75 217.20 215.38 170.77 152.08 137.38 122.47 101.02 84.03 75.03 84.50 79.85 74.36 73.70 86.10 91.00 86.73 83.54 93.45 99.45 116.97 111.59 114.40 102.66 108.75 115.56 100.10 93.46 76.32 81.08 92.94 94.26 88.33 94.74 88.02 102.93 100.37 97.09 100.41 97.99 102.57 99.25 104.27 104.77 105.23 97.31 93.36 93.71 102.64 100.79 102.75 120.49 119.09 114.12 116.95 115.29 125.58
-9999 -9999 -9999 -9999 -9999 -9999 -9999 -9999 193.10 209.71 221.72 233.88 207.53 213.14 195.08 184.66 201.35 185.52 193.09 211.62 190.97 192.22 153.83 139.43 130.25 114.94 108.60 112.26 92.62 91.27 83.32 73.02 82.54 87.12 91.85 91.12 116.39 82.35 96.24 98.06 84.30 91.32 97.22 99.74 94.13 94.57 91.20 84.01 100.09 97.68 91.33 83.79 92.14 93.11 104.32 100.78 104.05 114.77 109.94 104.99 129.25 114.38 120.62 110.72 111.43 89.30 99.08 109.27 106.91 116.17 121.31 120.33 125.38 113.46 113.20 125.37
-9999 -9999 -9999 -9999 -9999 -9999 -9999 -9999 171.54 207.75 229.24 255.65 226.01 228.21 207.14 201.65 206.30 183.58 166.88 179.96 163.13 151.80 136.73 125.91 109.45 104.21 113.73 112.37 125.10 110.56 94.91 90.06 96.19 71.32 85.06 89.14 102.49 96.29 89.49 88.80 88.24 99.91 97.03 100.86 97.67 94.26 94.94 93.11 96.48 106.00 104.16 90.82 91.08 96.98 87.45 99.59 98.55 110.22 113.66 112.48 122.40 123.75 127.22 135.43 107.06 121.65 121.44 113.15 113.75 144.85 139.26 141.64 115.36 111.35 118.79 124.12
-9999 -9999 -9999 -9999 -9999 -9999 -9999 -9999 121.39 204.32 211.13 216.58 207.40 220.69 204.54 185.08 181.75 170.12 159.32 157.36 140.86 122.34 109.83 118.09 96.91 95.66 107.43 109.57 110.26 107.63 100.39 99.99 90.06 82.81 89.44 92.73 88.84 92.36 103.37 98.11 100.18 91.16 97.89 96.37 91.16 91.95 93.84 95.15 97.14 103.30 100.76 99.76 133.84 92.45 92.34 93.15 107.17 101.43 100.25 110.39 102.63 103.33 106.66 110.73 102.69 109.06 119.39 116.86 118.22 117.45 114.03 136.92 116.41 114.68 137.98 138.15
-9999 -9999 -9999 -9999 -9999 -9999 -9999 -9999 137.43 193.50 214.79 217.44 224.50 204.32 196.59 179.62 158.11 154.52 154.20 134.81 106.44 105.58 107.47 96.48 92.09 89.33 86.16 92.42 109.54 102.38 87.46 100.36 95.83 87.85 98.30 93.92 102.71 109.69 112.19 101.74 99.94 93.92 93.80 93.13 95.44 89.92 87.45 94.43 100.06 101.60 99.80 112.08 99.22 89.71 84.39 83.49 94.01 101.38 97.39 100.78 99.29 104.26 103.34 104.43 92.84 98.20 98.45 99.08 -9999 -9999 95.82 110.48 117.85 130.36 136.30 193.43
-9999 -9999 -9999 -9999 -9999 -9999 -9999 185.67 188.32 190.92 190.86 210.52 229.82 223.46 210.56 208.23 163.00 163.37 166.67 157.05 105.36 102.80 104.59 89.12 85.57 88.79 92.87 102.70 102.85 88.61 73.62 86.27 73.98 81.46 84.08 82.61 106.58 106.57 99.53 98.72 94.24 93.12 93.97 89.78 97.19 93.65 92.42 91.08 97.15 94.35 93.14 94.02 90.39 96.85 -9999 -9999 98.96 113.94 90.79 94.14 95.78 95.83 94.65 -9999 -9999 -9999 -9999 -9999 -9999 -9999 -9999 -9999 -9999 130.59 156.37 184.47
