Rainfall_2007-2011/Rainfall_2010-02_ACTUAL.txt
ncols         180
nrows         290
xllcorner     -200000
yllcorner     -200000
cellsize      5000
NODATA_value  -9999
[rows 170 to 203 of 290, columns 77 to 153 of 180]
-9999 -9999 -9999 -9999 -9999 -9999 -9999 -9999 -9999 -9999 -9999 -9999 -9999 -9999 -9999 -9999 -9999 -9999 -9999 -9999 -9999 -9999 -9999 -9999 -9999 -9999 -9999 -9999 -9999 52.72 67.19 68.10 63.94 64.24 56.39 54.48 53.70 63.64 68.13 55.36 57.11 73.02 73.39 78.85 106.92 112.58 110.63 97.59 79.77 68.52 61.45 56.65 53.59 58.88 58.01 64.67 55.59 63.95 62.48 66.06 67.91 69.10 63.13 64.75 76.40 82.57 82.58 70.25 68.23 66.79 69.41 77.78 -9999 -9999 -9999 -9999 -9999
-9999 -9999 -9999 -9999 -9999 -9999 -9999 -9999 -9999 37.39 38.29 44.76 48.65 -9999 -9999 -9999 -9999 -9999 -9999 -9999 -9999 -9999 -9999 -9999 -9999 -9999 -9999 -9999 39.72 42.23 59.33 65.84 69.21 59.39 50.41 46.76 52.51 60.41 67.96 58.56 57.84 62.37 73.80 89.71 69.96 97.08 94.89 105.67 87.39 58.18 61.27 50.97 63.32 58.08 53.97 66.47 55.38 53.48 60.03 57.26 63.74 64.13 63.50 63.69 68.59 59.87 81.51 88.31 87.54 76.56 75.27 77.51 77.44 -9999 -9999 -9999 -9999
-9999 -9999 -9999 -9999 -9999 -9999 -9999 -9999 -9999 38.72 38.79 42.10 43.03 -9999 -9999 -9999 -9999 -9999 -9999 -9999 -9999 -9999 -9999 -9999 -9999 -9999 -9999 40.87 42.21 41.79 53.79 63.92 56.91 50.87 45.07 47.35 53.87 62.48 62.04 57.59 55.92 61.35 69.63 70.18 83.16 109.63 98.49 91.26 84.39 58.83 53.74 48.25 60.29 58.16 53.70 51.93 49.92 52.80 58.42 57.32 56.50 59.73 62.30 63.37 69.78 65.21 85.29 88.75 82.52 79.76 83.83 77.08 74.97 -9999 -9999 -9999 -9999
-9999 -9999 -9999 -9999 -9999 -9999 -9999 31.22 34.58 35.99 40.44 41.33 45.55 42.56 36.37 41.73 -9999 -9999 33.54 34.53 -9999 -9999 -9999 34.92 43.34 46.27 -9999 38.67 43.48 44.63 48.82 54.00 52.23 49.71 50.28 54.49 61.27 73.63 65.86 56.95 57.13 59.45 98.57 67.45 73.33 97.30 78.39 77.23 73.68 61.96 66.70 55.40 58.38 57.53 49.44 43.13 52.04 50.79 56.28 55.82 56.17 53.87 60.46 61.69 58.85 63.82 78.34 83.19 73.25 87.80 78.15 66.71 77.66 72.40 -9999 -9999 -9999
-9999 -9999 -9999 -9999 -9999 -9999 -9999 -9999 32.43 38.21 43.12 44.40 47.11 45.02 48.09 47.78 -9999 36.75 42.64 47.86 41.96 38.12 34.08 31.60 43.09 40.96 42.06 -9999 40.46 44.16 49.11 51.55 48.08 44.60 45.20 50.33 54.98 58.02 60.80 55.36 64.37 61.96 87.92 99.48 77.75 97.81 67.82 84.33 56.09 59.22 57.30 54.36 65.60 64.46 48.00 49.31 53.61 58.30 61.56 55.18 60.54 58.57 67.13 63.01 57.69 63.45 70.76 73.92 75.66 86.84 77.87 68.59 70.53 71.97 -9999 -9999 -9999
-9999 -9999 -9999 -9999 -9999 -9999 -9999 -9999 -9999 37.54 41.20 44.57 45.09 45.50 52.01 55.15 57.75 78.39 52.23 54.31 50.45 46.41 37.52 35.59 30.90 37.22 47.93 50.11 42.51 43.82 49.04 54.86 43.02 45.61 49.57 53.46 55.32 52.43 53.14 58.04 62.56 59.62 88.02 90.49 90.98 86.66 72.23 69.88 69.83 61.36 59.71 56.20 61.11 61.88 58.25 59.59 55.02 62.86 65.20 60.77 59.14 63.96 68.19 68.83 63.83 65.38 64.08 65.75 72.93 82.99 75.90 78.64 69.56 69.65 71.74 -9999 -9999
-9999 -9999 -9999 -9999 -9999 -9999 -9999 -9999 -9999 -9999 39.16 37.43 42.92 48.59 81.96 81.22 99.68 83.81 63.04 58.60 47.91 48.02 42.13 29.69 29.10 48.22 44.59 48.69 44.79 43.99 53.20 51.47 39.94 43.83 34.15 56.66 63.49 50.09 51.78 56.87 56.41 70.63 81.64 79.82 91.70 89.32 85.75 65.55 68.79 80.37 65.40 61.65 61.03 64.35 64.62 63.74 54.59 57.94 59.12 58.82 63.77 66.26 71.62 70.60 68.47 63.21 57.65 59.61 69.50 84.16 71.99 69.56 69.56 68.11 69.45 -9999 -9999
-9999 -9999 -9999 -9999 -9999 -9999 -9999 -9999 -9999 -9999 -9999 38.40 40.47 65.04 80.90 107.00 112.90 91.62 71.61 69.94 72.62 58.08 49.97 41.17 36.81 34.02 51.18 48.18 47.41 45.90 38.62 49.31 43.37 43.88 49.04 46.09 45.67 47.65 49.88 50.36 56.11 70.18 78.88 72.90 74.27 75.55 83.25 67.73 59.42 76.25 60.88 60.20 62.89 61.01 60.24 56.17 51.33 58.47 54.32 55.67 60.98 67.89 68.22 64.67 60.68 62.45 62.43 67.46 66.90 69.77 56.89 67.86 65.98 63.60 66.23 -9999 -9999
-9999 -9999 -9999 -9999 -9999 -9999 -9999 -9999 -9999 -9999 -9999 40.86 43.47 75.75 99.18 132.67 121.79 98.79 61.91 51.77 72.13 62.65 60.15 46.19 38.33 32.08 35.38 46.76 43.75 51.35 38.74 43.18 41.52 44.78 46.81 44.00 40.07 45.14 51.29 48.69 56.59 66.73 63.07 56.11 76.36 81.64 78.62 66.65 63.01 65.45 60.53 55.26 58.74 50.88 56.03 56.13 52.05 51.05 50.08 51.70 55.08 50.57 47.71 64.12 61.99 64.86 61.51 61.19 61.03 65.03 59.92 62.09 62.78 61.94 -9999 -9999 -9999
-9999 -9999 -9999 -9999 -9999 -9999 -9999 -9999 -9999 -9999 -9999 50.27 60.16 80.04 103.88 144.33 123.35 86.01 82.10 56.46 59.38 54.51 50.58 49.66 37.95 34.70 45.34 43.36 46.50 38.97 38.65 44.98 49.87 47.29 47.35 45.73 46.29 45.48 50.49 54.60 58.53 56.43 58.93 64.21 70.44 68.37 72.10 54.45 63.41 67.63 52.05 53.53 54.14 53.50 56.77 47.43 52.14 45.61 45.77 51.11 52.58 49.90 67.84 63.48 76.20 67.86 58.91 54.36 57.83 60.15 58.29 61.76 60.28 -9999 -9999 -9999 -9999
-9999 -9999 -9999 -9999 -9999 -9999 -9999 -9999 -9999 -9999 47.20 84.70 77.36 89.53 102.80 99.90 125.69 106.22 94.60 83.14 75.37 58.38 47.55 41.51 35.70 41.68 51.82 49.07 47.37 39.09 31.47 35.21 46.08 43.89 44.01 43.82 43.06 43.11 46.67 50.11 46.96 51.97 54.24 51.83 59.04 68.57 58.19 55.22 52.34 59.80 53.21 46.27 44.43 52.88 51.52 44.33 39.53 44.77 49.92 51.03 53.15 52.30 65.74 62.11 65.63 71.37 60.17 57.91 58.47 64.09 59.73 52.44 -9999 -9999 -9999 -9999 -9999
-9999 -9999 -9999 -9999 -9999 -9999 -9999 -9999 39.46 38.16 46.44 56.09 63.82 68.50 85.88 69.38 101.45 111.96 93.74 88.04 76.32 56.45 57.13 41.41 45.54 46.23 41.65 43.39 39.31 40.91 36.15 30.52 43.34 41.37 42.55 42.00 45.46 52.62 46.61 49.23 44.77 44.12 42.47 52.35 49.55 50.89 56.76 52.05 49.86 54.55 48.87 45.06 41.80 49.11 47.12 44.51 45.71 49.61 49.16 46.45 53.48 54.20 60.08 64.34 56.68 64.13 57.55 52.68 58.94 61.67 61.32 -9999 -9999 -9999 -9999 -9999 69.04
-9999 -9999 -9999 -9999 -9999 -9999 -9999 38.09 40.04 40.18 44.10 49.12 48.36 46.27 45.34 54.35 75.01 86.13 85.39 104.17 68.31 40.53 44.65 38.38 51.02 51.46 50.36 46.52 44.32 40.25 35.69 31.64 40.13 44.68 39.46 40.31 45.57 48.25 51.87 41.24 38.96 45.22 39.44 40.16 47.14 46.96 48.90 46.59 49.31 51.50 46.67 47.32 45.52 45.77 43.24 38.19 44.13 42.81 44.15 51.20 54.23 59.01 66.66 60.31 55.80 56.74 56.07 54.22 54.74 60.63 59.67 -9999 -9999 -9999 -9999 -9999 61.41
-9999 -9999 -9999 -9999 -9999 -9999 43.35 43.27 42.28 43.72 -9999 -9999 -9999 -9999 43.35 63.81 82.23 83.75 88.68 77.76 68.72 57.44 57.01 51.21 67.35 54.84 46.00 44.04 43.33 34.99 32.79 30.17 33.31 38.22 38.51 34.54 42.30 42.52 43.80 39.96 40.69 43.01 44.68 43.97 41.22 41.23 47.42 49.66 46.63 45.73 43.46 43.12 45.49 45.96 45.68 43.72 45.64 41.19 43.93 56.11 60.77 64.05 71.00 62.30 58.15 56.82 57.65 59.65 62.91 63.35 59.09 65.19 -9999 -9999 -9999 -9999 73.52
-9999 -9999 -9999 -9999 -9999 -9999 43.90 49.79 40.06 38.52 -9999 -9999 -9999 -9999 47.85 60.96 90.46 88.06 94.46 89.52 83.72 81.93 79.96 56.08 63.72 45.67 39.61 42.00 37.41 31.33 28.95 29.60 32.86 41.31 36.82 32.12 33.50 38.19 40.91 41.44 39.47 40.50 43.88 46.08 48.04 48.66 52.89 47.12 44.96 45.83 50.19 48.38 42.11 43.68 46.63 43.52 50.37 48.37 52.09 50.19 69.05 67.28 72.44 72.43 66.83 57.40 57.83 59.18 63.27 59.97 55.19 66.97 68.48 -9999 -9999 80.31 88.09
-9999 -9999 -9999 -9999 -9999 -9999 -9999 -9999 -9999 -9999 -9999 -9999 -9999 -9999 44.00 65.29 71.44 78.79 91.32 85.86 89.70 88.55 69.86 58.86 55.64 49.20 43.50 37.89 35.31 28.42 29.75 29.30 31.76 28.56 27.20 30.48 29.19 32.93 37.93 40.65 41.06 42.21 45.07 45.99 45.04 47.78 50.78 44.12 54.76 53.84 51.67 49.91 48.32 48.69 47.28 36.22 49.54 53.07 49.74 48.60 64.82 66.42 72.09 76.13 74.28 56.84 54.40 58.91 64.72 63.28 60.42 68.33 68.82 73.28 72.53 85.08 95.14
-9999 -9999 -9999 -9999 -9999 -9999 -9999 -9999 -9999 -9999 -9999 -9999 -9999 -9999 -9999 71.09 56.11 76.65 88.99 96.28 86.62 92.56 76.43 56.95 51.64 46.50 36.56 31.84 29.20 29.60 29.47 32.54 27.84 29.13 29.32 25.44 29.69 32.44 36.31 39.21 40.90 41.75 46.39 50.87 46.41 47.87 47.90 49.36 51.05 52.83 52.35 53.20 61.02 63.63 50.85 43.19 41.25 47.08 54.37 54.47 65.77 64.97 66.34 63.72 64.28 56.03 56.79 57.51 59.04 63.05 68.79 74.20 70.59 68.73 72.65 78.59 91.28
-9999 -9999 -9999 -9999 -9999 -9999 -9999 -9999 -9999 -9999 -9999 -9999 -9999 -9999 -9999 51.62 79.14 109.85 107.79 98.58 82.05 81.82 78.02 59.58 47.94 38.98 41.26 34.45 29.18 32.75 30.08 32.65 22.09 28.02 29.97 29.42 33.93 39.87 41.53 40.24 39.51 36.71 43.87 51.61 50.85 54.99 50.98 48.55 48.30 52.16 50.51 51.95 71.28 65.78 52.12 47.58 45.67 50.47 60.93 61.63 63.92 67.20 66.89 62.57 61.21 59.51 58.11 57.45 50.93 75.35 70.66 68.48 67.36 66.57 74.04 78.04 82.53
-9999 -9999 -9999 -9999 -9999 -9999 -9999 -9999 -9999 -9999 -9999 -9999 -9999 -9999 55.47 60.98 68.91 93.07 92.83 83.23 84.86 83.98 72.41 66.94 52.06 39.88 42.15 33.16 48.35 31.20 29.21 27.62 29.58 30.29 29.57 40.52 40.11 45.51 37.80 39.38 37.22 38.67 46.90 61.55 56.38 54.08 51.00 48.26 45.80 44.08 46.52 47.88 40.07 58.71 49.78 47.41 50.48 49.23 63.78 74.38 66.98 67.82 67.23 67.55 67.18 65.03 63.96 62.58 61.47 60.07 68.39 67.06 67.98 65.23 74.65 82.40 84.79
-9999 -9999 -9999 -9999 -9999 -9999 -9999 -9999 -9999 -9999 -9999 -9999 -9999 -9999 52.08 61.78 79.60 70.44 69.46 66.68 70.72 76.15 70.11 58.38 47.97 39.35 38.51 41.82 34.69 32.40 41.00 34.71 27.26 23.86 28.37 34.83 40.48 39.18 35.25 34.56 33.56 36.30 42.61 58.94 60.92 54.43 49.54 48.19 44.28 45.41 44.04 52.84 48.94 54.85 52.53 49.20 55.15 63.33 60.50 75.37 72.36 66.43 71.83 70.51 63.69 69.98 67.91 69.75 64.19 59.93 66.24 60.56 65.27 67.40 81.84 88.57 86.26
-9999 -9999 -9999 -9999 -9999 -9999 -9999 -9999 -9999 -9999 -9999 -9999 -9999 -9999 47.63 61.99 52.66 63.46 64.94 73.97 70.46 71.81 58.52 57.75 48.96 42.03 37.34 36.51 35.90 34.60 41.64 47.47 34.07 36.24 33.11 35.82 41.35 37.32 34.84 32.18 33.05 37.01 34.03 43.31 53.35 48.41 49.87 45.14 50.09 48.23 51.13 54.32 47.22 42.10 44.10 52.44 53.32 60.59 60.59 60.62 62.29 64.54 72.05 76.78 62.84 61.68 71.68 78.36 70.33 74.49 68.46 61.90 63.96 72.48 77.17 91.01 80.19
-9999 -9999 -9999 -9999 -9999 -9999 -9999 -9999 -9999 -9999 -9999 -9999 -9999 -9999 -9999 51.59 62.69 70.85 82.59 90.45 71.84 66.46 50.85 39.31 40.61 31.87 37.13 44.31 34.77 38.94 37.69 51.53 41.72 30.88 27.60 39.21 41.25 36.10 35.61 30.56 34.06 39.28 37.80 41.47 41.30 44.30 45.80 43.94 50.42 51.70 53.26 55.10 51.34 43.69 49.15 55.22 53.35 60.97 55.53 60.22 60.75 67.43 71.11 67.34 62.49 64.24 72.87 77.64 73.70 74.52 75.56 70.92 67.91 75.31 74.80 73.21 75.95
-9999 -9999 -9999 -9999 -9999 -9999 -9999 -9999 -9999 -9999 -9999 -9999 -9999 -9999 -9999 48.13 59.64 75.17 95.08 108.10 83.33 65.41 51.66 39.96 43.02 49.40 50.70 50.32 42.09 35.24 36.72 41.41 33.72 35.30 42.90 49.10 49.93 39.89 39.29 32.41 34.40 38.75 42.60 44.33 41.18 42.17 44.08 41.08 49.43 50.90 52.84 56.06 56.84 56.65 59.99 67.50 66.61 62.10 59.52 66.13 67.16 67.55 74.85 69.69 66.35 69.34 78.98 68.66 70.18 76.91 76.67 75.62 75.46 75.80 86.27 78.77 74.28
-9999 -9999 -9999 -9999 -9999 -9999 -9999 -9999 -9999 -9999 -9999 -9999 -9999 -9999 37.02 38.68 55.68 83.24 104.02 62.47 85.77 65.83 60.06 63.75 53.09 52.21 46.33 38.59 38.67 39.38 41.99 35.40 34.78 39.44 45.30 54.47 47.82 39.24 41.54 35.20 37.65 43.37 44.24 42.69 49.01 43.38 46.74 44.07 50.71 53.03 59.91 56.21 58.18 56.63 63.86 64.53 70.75 70.91 69.42 66.30 72.47 71.37 75.13 67.24 72.80 73.56 74.51 68.65 72.12 70.38 76.08 71.82 74.37 77.70 81.07 80.18 70.84
-9999 -9999 -9999 -9999 -9999 -9999 -9999 -9999 -9999 -9999 -9999 -9999 -9999 -9999 42.30 46.99 52.75 56.35 75.06 88.01 87.77 77.28 56.70 51.96 56.51 54.60 51.66 46.10 47.92 43.02 37.47 40.13 33.01 37.59 38.55 55.34 42.92 42.34 42.02 30.12 35.73 38.27 47.94 47.32 48.51 45.80 45.29 47.35 51.62 39.09 51.31 53.75 58.44 56.56 59.35 65.88 71.42 73.11 76.76 73.75 67.38 68.89 71.16 71.18 78.93 77.90 73.17 81.12 74.33 77.26 78.34 72.05 71.39 83.01 76.71 75.46 63.88
-9999 -9999 -9999 -9999 -9999 -9999 -9999 -9999 -9999 -9999 -9999 -9999 -9999 -9999 41.55 47.98 53.87 54.49 67.41 84.91 90.03 83.21 58.38 53.40 55.36 48.07 45.59 55.64 46.04 41.28 41.99 38.05 43.48 34.85 39.74 42.26 40.82 42.97 39.08 37.99 36.81 40.05 43.92 45.32 46.82 52.51 52.66 53.58 50.76 46.12 48.74 62.10 67.41 56.59 59.30 63.43 57.75 66.69 73.09 75.00 71.62 75.60 73.78 76.10 79.45 73.69 71.48 71.64 72.05 70.19 69.98 68.07 64.90 65.82 68.21 72.49 80.05
-9999 -9999 -9999 -9999 -9999 -9999 -9999 -9999 -9999 -9999 -9999 -9999 -9999 40.68 45.52 57.56 59.79 55.77 61.87 69.60 78.58 64.65 55.70 52.12 46.89 44.87 46.00 42.11 37.89 44.05 41.66 39.49 37.70 35.83 36.28 36.19 39.52 37.30 37.82 41.70 35.63 37.40 44.14 46.45 49.16 54.05 52.04 54.96 52.11 49.05 49.15 52.63 54.52 52.16 60.44 65.44 64.80 68.49 76.74 73.52 82.56 74.19 78.81 76.54 80.38 81.30 74.48 70.49 75.12 67.69 65.82 73.46 69.18 65.71 65.77 64.12 61.85
-9999 -9999 -9999 -9999 -9999 -9999 -9999 -9999 -9999 -9999 -9999 -9999 45.53 46.13 46.64 51.86 52.72 68.20 81.34 80.50 80.71 73.34 59.51 52.05 46.36 42.58 58.67 44.09 45.44 36.38 35.85 34.04 39.68 43.69 41.90 37.52 43.02 42.48 43.46 39.60 39.97 44.20 46.68 56.52 57.11 52.41 51.15 52.95 51.93 52.41 51.65 54.78 55.16 51.72 48.43 59.43 67.87 63.92 69.72 78.39 73.15 77.88 88.29 74.46 79.91 84.97 78.69 73.01 77.22 68.42 70.23 71.98 69.70 68.05 72.25 73.73 65.95
-9999 -9999 -9999 -9999 -9999 -9999 -9999 -9999 -9999 -9999 41.55 41.06 47.16 53.53 45.14 52.42 52.97 73.68 93.61 94.97 86.99 70.44 57.96 38.21 48.76 44.17 56.72 46.57 42.49 40.38 35.08 34.35 44.35 47.02 42.02 37.31 46.21 44.92 40.88 41.72 44.52 54.06 53.20 54.57 53.02 50.52 50.80 45.54 47.33 47.32 57.58 62.03 61.77 62.99 58.43 58.08 62.99 59.48 64.45 81.74 74.52 82.22 71.84 74.53 84.31 77.74 75.66 73.68 82.63 76.36 79.63 67.34 69.83 71.60 67.35 64.52 77.70
-9999 -9999 -9999 -9999 -9999 -9999 43.65 33.34 44.05 53.14 51.43 59.70 61.67 53.78 55.65 49.84 64.85 73.15 90.84 88.21 77.22 62.03 52.14 41.45 46.77 44.25 60.44 55.47 45.89 37.93 35.94 36.86 48.31 41.22 46.19 45.74 46.75 43.19 40.95 43.90 45.81 50.25 49.03 56.96 49.14 44.58 47.35 46.53 49.17 52.14 54.17 63.78 58.44 58.96 60.54 60.63 67.91 66.38 62.44 78.48 78.18 84.55 83.31 69.97 63.04 69.90 70.87 74.48 79.27 78.35 74.68 64.61 66.94 68.60 71.38 68.84 74.53
-9999 -9999 -9999 -9999 -9999 49.41 49.13 56.20 58.07 42.83 51.93 57.28 66.71 66.88 48.26 55.37 63.21 71.54 69.99 78.68 59.93 54.46 58.30 45.13 42.90 57.29 46.38 45.60 37.46 34.67 34.60 43.63 40.66 41.08 36.08 41.73 47.06 44.60 51.37 46.96 50.46 49.27 47.79 52.89 49.24 42.42 41.92 45.28 48.79 51.96 64.14 55.97 54.74 59.48 69.75 66.55 67.47 63.20 68.72 75.98 77.63 80.11 72.15 72.95 63.75 78.77 70.51 63.77 69.57 65.95 66.25 62.44 66.97 64.93 67.50 74.57 79.64
-9999 -9999 -9999 -9999 46.33 49.88 47.61 51.32 50.68 48.46 50.96 57.07 59.54 60.09 66.24 58.36 59.79 72.03 61.31 64.93 61.67 66.63 59.37 57.03 51.84 46.50 43.15 35.54 49.58 46.86 38.47 39.61 37.97 39.87 38.54 41.06 45.91 46.63 46.41 48.90 49.91 46.31 49.60 50.54 48.36 42.18 53.68 47.31 46.22 51.11 56.71 55.40 55.63 61.24 65.00 76.10 77.23 73.53 69.08 72.27 78.60 77.54 76.26 81.10 68.30 66.28 61.74 65.33 68.88 70.72 66.56 66.56 64.65 64.23 68.68 71.02 78.17
43.34 53.22 54.86 71.15 59.05 60.26 58.52 58.94 54.44 54.16 53.98 61.36 75.06 66.56 67.10 62.89 61.09 59.78 55.58 54.63 62.20 63.24 59.84 50.83 53.77 49.90 40.67 45.92 56.99 49.57 50.53 48.96 45.62 41.63 44.66 51.84 42.35 49.38 48.90 45.30 49.45 45.74 54.97 46.38 45.41 59.08 53.61 51.38 49.18 50.11 52.71 54.07 53.45 57.60 66.17 69.21 73.84 70.19 67.42 72.14 69.42 70.60 73.45 72.96 61.95 63.15 60.12 70.06 67.06 79.65 77.17 82.19 70.39 70.91 75.44 78.07 100.89
53.68 60.15 60.81 81.84 81.68 85.40 56.41 73.18 63.73 68.53 61.39 65.12 71.82 72.74 72.34 68.68 54.71 50.98 51.47 52.62 56.42 60.67 60.40 56.60 46.07 50.94 54.06 83.66 66.05 50.62 45.13 52.02 55.95 54.91 45.50 42.18 42.75 44.42 51.57 48.42 50.50 47.62 48.21 41.35 60.46 59.15 61.64 50.15 47.66 60.58 57.54 57.16 57.84 58.46 67.54 69.20 66.85 66.04 73.64 77.10 66.94 84.87 79.07 67.27 63.09 59.25 63.24 64.49 69.57 74.77 70.85 75.62 73.50 80.85 85.87 92.74 93.66
