Rainfall_2007-2011/Rainfall_2007-04_ACTUAL.txt
ncols         180
nrows         290
xllcorner     -200000
yllcorner     -200000
cellsize      5000
NODATA_value  -9999
[rows 102 to 135 of 290, columns 77 to 153 of 180]
-9999 90.63 114.20 157.23 134.27 179.17 144.24 135.70 117.61 147.69 117.23 115.25 77.50 61.11 62.81 42.33 30.25 37.98 49.74 52.71 35.74 32.00 29.29 23.12 17.09 16.43 15.48 15.29 20.38 15.14 14.82 15.26 16.83 15.79 12.62 11.76 -9999 -9999 -9999 -9999 -9999 -9999 -9999 -9999 -9999 -9999 -9999 -9999 -9999 -9999 -9999 -9999 -9999 -9999 -9999 -9999 -9999 -9999 -9999 -9999 -9999 -9999 -9999 -9999 -9999 -9999 -9999 -9999 -9999 -9999 -9999 -9999 -9999 -9999 -9999 -9999 -9999
68.21 74.52 92.17 89.42 180.80 204.09 120.62 118.42 144.33 129.36 121.44 123.53 92.54 62.40 50.91 50.35 53.76 57.08 48.25 42.29 48.33 42.83 29.33 20.97 16.60 18.55 19.77 20.96 14.42 10.41 13.54 13.39 13.05 12.68 -9999 -9999 -9999 -9999 -9999 -9999 -9999 -9999 -9999 -9999 -9999 -9999 -9999 -9999 -9999 -9999 -9999 -9999 -9999 -9999 -9999 -9999 -9999 -9999 -9999 -9999 -9999 -9999 -9999 -9999 -9999 -9999 -9999 -9999 -9999 -9999 -9999 -9999 -9999 -9999 -9999 -9999 -9999
88.32 101.88 120.22 111.63 163.94 135.40 111.68 114.94 125.93 113.72 93.28 84.89 72.68 63.79 65.40 40.01 46.85 44.92 45.77 47.34 34.23 33.66 27.63 21.86 18.11 16.50 18.29 15.49 11.58 10.73 10.91 12.29 10.10 -9999 -9999 -9999 -9999 -9999 -9999 -9999 -9999 -9999 -9999 -9999 -9999 -9999 -9999 -9999 -9999 -9999 -9999 -9999 -9999 -9999 -9999 -9999 -9999 -9999 -9999 -9999 -9999 -9999 -9999 -9999 -9999 -9999 -9999 -9999 -9999 -9999 -9999 -9999 -9999 -9999 -9999 -9999 -9999
129.79 114.52 114.94 94.01 109.63 113.13 125.88 148.05 121.12 114.18 99.72 112.24 74.32 58.52 53.42 52.56 58.72 46.65 29.02 25.10 27.26 23.54 21.47 18.84 12.78 10.64 14.06 13.37 12.47 14.06 11.42 10.84 10.18 -9999 -9999 -9999 -9999 -9999 -9999 -9999 -9999 -9999 -9999 -9999 -9999 -9999 -9999 -9999 -9999 -9999 -9999 -9999 -9999 -9999 -9999 -9999 -9999 -9999 -9999 -9999 -9999 -9999 -9999 -9999 -9999 -9999 -9999 -9999 -9999 -9999 -9999 -9999 -9999 -9999 -9999 -9999 -9999
134.30 129.62 110.42 111.52 135.67 123.54 126.12 119.38 149.53 111.62 124.75 87.77 104.68 75.84 80.32 95.68 64.44 55.75 45.13 32.20 24.62 17.05 16.16 15.38 10.26 9.62 13.08 14.37 13.86 11.76 11.44 9.55 8.59 6.78 -9999 -9999 -9999 -9999 -9999 -9999 -9999 -9999 -9999 -9999 -9999 -9999 -9999 -9999 -9999 -9999 -9999 -9999 -9999 -9999 -9999 -9999 -9999 -9999 -9999 -9999 -9999 -9999 -9999 -9999 -9999 -9999 -9999 -9999 -9999 -9999 -9999 -9999 -9999 -9999 -9999 -9999 -9999
135.20 139.49 104.29 119.71 113.17 93.29 87.19 133.70 150.15 101.99 123.89 104.22 83.57 77.08 92.68 73.25 69.35 84.84 54.68 37.68 33.88 24.03 23.25 26.56 21.88 25.58 19.60 15.33 13.50 12.03 14.20 11.25 9.87 8.57 8.24 -9999 -9999 -9999 -9999 -9999 -9999 -9999 -9999 -9999 -9999 -9999 -9999 -9999 -9999 -9999 -9999 -9999 -9999 -9999 -9999 -9999 -9999 -9999 -9999 -9999 -9999 -9999 -9999 -9999 -9999 -9999 -9999 -9999 -9999 -9999 -9999 -9999 -9999 -9999 -9999 -9999 -9999
131.70 126.23 134.05 119.89 114.50 100.33 110.31 131.49 170.01 108.30 102.27 91.54 82.63 72.06 76.04 53.43 49.58 43.04 41.62 34.37 33.32 40.74 49.33 38.94 28.75 23.15 17.30 21.12 15.06 15.42 12.91 12.98 10.83 9.47 8.56 6.43 -9999 -9999 -9999 -9999 -9999 -9999 -9999 -9999 -9999 -9999 -9999 -9999 -9999 -9999 -9999 -9999 -9999 -9999 -9999 -9999 -9999 -9999 -9999 -9999 -9999 -9999 -9999 -9999 -9999 -9999 -9999 -9999 -9999 -9999 -9999 -9999 -9999 -9999 -9999 -9999 -9999
106.99 131.89 149.66 102.13 100.17 111.20 126.91 113.83 95.51 92.56 128.59 83.04 76.43 69.94 69.65 52.81 42.57 28.29 27.00 34.46 51.29 57.54 59.96 45.10 22.90 17.41 22.70 22.53 18.03 15.05 11.95 10.40 8.84 7.84 7.08 -9999 -9999 -9999 -9999 -9999 -9999 -9999 -9999 -9999 -9999 -9999 -9999 -9999 -9999 -9999 -9999 -9999 -9999 -9999 -9999 -9999 -9999 -9999 -9999 -9999 -9999 -9999 -9999 -9999 -9999 -9999 -9999 -9999 -9999 -9999 -9999 -9999 -9999 -9999 -9999 -9999 -9999
100.64 111.22 104.29 113.66 136.04 103.71 114.98 107.84 102.27 96.72 80.08 103.25 82.58 52.74 48.84 38.70 26.27 20.38 19.55 31.08 28.61 30.15 32.97 29.38 24.25 22.36 25.35 19.78 15.23 12.86 10.52 -9999 -9999 -9999 -9999 -9999 -9999 -9999 -9999 -9999 -9999 -9999 -9999 -9999 -9999 -9999 -9999 -9999 -9999 -9999 -9999 -9999 -9999 -9999 -9999 -9999 -9999 -9999 -9999 -9999 -9999 -9999 -9999 -9999 -9999 -9999 -9999 -9999 -9999 -9999 -9999 -9999 -9999 -9999 -9999 -9999 -9999
101.71 104.84 101.35 136.82 127.04 132.45 124.67 82.62 80.98 94.57 72.11 74.89 76.86 55.99 53.68 47.11 39.00 35.10 28.22 26.26 24.03 23.32 24.12 23.24 23.17 20.29 20.08 17.71 13.51 -9999 -9999 -9999 -9999 -9999 -9999 -9999 -9999 -9999 -9999 -9999 -9999 -9999 -9999 -9999 -9999 -9999 -9999 -9999 -9999 -9999 -9999 -9999 -9999 -9999 -9999 -9999 -9999 -9999 -9999 -9999 -9999 -9999 -9999 -9999 -9999 -9999 -9999 -9999 -9999 -9999 -9999 -9999 -9999 -9999 -9999 -9999 -9999
80.45 90.32 124.84 122.22 132.75 134.52 115.22 84.99 91.71 88.03 68.79 62.15 54.21 47.68 56.74 56.82 52.34 46.14 41.33 31.57 26.18 16.56 17.53 16.46 15.72 13.61 12.53 12.63 9.95 -9999 -9999 -9999 -9999 -9999 -9999 -9999 -9999 -9999 -9999 -9999 -9999 -9999 -9999 -9999 -9999 -9999 -9999 -9999 -9999 -9999 -9999 -9999 -9999 -9999 -9999 -9999 -9999 -9999 -9999 -9999 -9999 -9999 -9999 -9999 -9999 -9999 -9999 -9999 -9999 -9999 -9999 -9999 -9999 -9999 -9999 -9999 -9999
-9999 88.22 116.47 120.44 119.80 118.63 107.28 78.65 61.03 64.31 64.55 63.88 66.97 55.03 92.93 87.59 67.24 55.06 38.97 30.16 27.16 14.32 13.81 12.59 11.39 10.56 8.06 -9999 -9999 -9999 -9999 -9999 5.74 5.12 5.31 4.68 -9999 -9999 -9999 -9999 -9999 -9999 -9999 -9999 -9999 -9999 -9999 -9999 -9999 -9999 -9999 -9999 -9999 -9999 -9999 -9999 -9999 -9999 -9999 -9999 -9999 -9999 -9999 -9999 -9999 -9999 -9999 -9999 -9999 -9999 -9999 -9999 -9999 -9999 -9999 -9999 -9999
-9999 82.18 107.08 102.41 92.12 123.53 87.49 97.94 59.56 59.79 56.73 55.97 75.02 70.47 78.36 71.66 47.71 35.29 30.03 23.76 21.64 17.34 14.02 11.49 9.72 7.69 7.03 7.99 7.79 -9999 -9999 4.42 5.13 5.56 4.89 3.93 3.05 3.26 -9999 -9999 -9999 -9999 -9999 -9999 -9999 -9999 -9999 -9999 -9999 -9999 -9999 -9999 -9999 -9999 -9999 -9999 -9999 -9999 -9999 -9999 -9999 -9999 -9999 -9999 -9999 -9999 -9999 -9999 -9999 -9999 -9999 -9999 -9999 -9999 -9999 -9999 -9999
71.16 79.46 69.39 84.46 90.33 95.94 79.85 76.35 74.10 64.69 51.79 41.12 45.32 60.36 64.51 51.06 37.91 29.53 25.07 21.38 20.15 14.12 13.81 9.82 7.08 5.08 5.22 7.22 10.48 8.56 4.70 5.02 4.28 4.40 6.40 5.21 4.00 5.47 3.59 -9999 -9999 -9999 -9999 -9999 -9999 -9999 -9999 -9999 -9999 -9999 -9999 -9999 -9999 -9999 -9999 -9999 -9999 -9999 -9999 -9999 -9999 -9999 -9999 -9999 -9999 -9999 -9999 -9999 -9999 -9999 -9999 -9999 -9999 -9999 -9999 -9999 -9999
79.45 68.24 79.70 75.67 66.53 74.70 -9999 91.17 102.04 80.31 51.80 40.73 30.28 31.88 33.13 33.90 24.40 21.36 23.52 22.23 19.35 13.32 11.34 6.92 6.01 4.65 5.86 8.91 8.92 9.55 6.49 5.43 4.60 4.00 7.35 7.36 7.94 8.25 6.72 7.05 6.84 4.31 -9999 -9999 -9999 -9999 -9999 -9999 -9999 -9999 -9999 -9999 -9999 -9999 -9999 -9999 -9999 -9999 -9999 -9999 -9999 -9999 -9999 -9999 -9999 -9999 -9999 -9999 -9999 -9999 -9999 -9999 -9999 -9999 -9999 -9999 -9999
88.12 65.55 -9999 60.03 59.07 68.89 -9999 90.60 116.81 82.65 58.06 40.92 32.15 20.53 18.83 24.75 17.13 14.09 17.66 18.29 19.15 16.66 9.72 9.77 8.70 7.76 10.69 10.00 7.95 5.79 6.84 5.95 5.71 6.46 9.25 9.95 10.57 10.46 9.69 9.08 5.60 5.27 -9999 -9999 -9999 -9999 -9999 -9999 -9999 -9999 -9999 -9999 -9999 -9999 -9999 -9999 -9999 -9999 -9999 -9999 -9999 -9999 -9999 -9999 -9999 -9999 -9999 -9999 -9999 -9999 -9999 -9999 -9999 -9999 -9999 -9999 -9999
74.91 61.52 -9999 -9999 61.15 63.38 70.87 90.30 89.07 71.91 56.08 54.58 39.73 27.69 22.78 25.26 15.87 11.33 14.11 17.01 18.58 17.76 16.00 15.91 16.77 16.15 12.34 9.39 8.50 7.12 7.71 7.56 7.95 8.25 9.96 9.37 8.13 8.72 6.67 5.65 5.18 5.26 4.38 -9999 -9999 -9999 -9999 -9999 -9999 -9999 -9999 -9999 -9999 -9999 -9999 -9999 -9999 -9999 -9999 -9999 -9999 -9999 -9999 -9999 -9999 -9999 -9999 -9999 -9999 -9999 -9999 -9999 -9999 -9999 -9999 -9999 -9999
-9999 -9999 -9999 -9999 -9999 64.70 68.37 87.66 81.31 61.52 54.29 58.89 51.39 40.16 32.96 29.00 25.23 14.61 12.18 16.05 16.45 16.47 15.84 15.47 16.51 16.46 12.93 9.49 8.22 9.54 9.48 7.76 7.83 7.82 8.02 8.02 7.48 7.48 6.35 5.80 4.79 5.18 3.09 -9999 -9999 -9999 -9999 -9999 -9999 -9999 -9999 -9999 -9999 -9999 -9999 -9999 -9999 -9999 -9999 -9999 -9999 -9999 -9999 -9999 -9999 -9999 -9999 -9999 -9999 -9999 -9999 -9999 -9999 -9999 -9999 -9999 -9999
62.72 65.94 69.40 -9999 -9999 -9999 66.60 75.35 64.76 53.59 51.21 50.72 53.29 44.22 42.28 37.18 30.24 22.53 17.61 16.32 14.16 14.29 12.47 13.80 12.98 12.97 14.61 11.74 11.69 12.72 11.52 9.43 8.92 5.73 7.62 6.08 6.12 6.94 5.38 3.30 3.91 4.67 4.53 4.51 -9999 -9999 -9999 -9999 -9999 -9999 -9999 -9999 -9999 -9999 -9999 -9999 -9999 -9999 -9999 -9999 -9999 -9999 -9999 -9999 -9999 -9999 -9999 -9999 -9999 -9999 -9999 -9999 -9999 -9999 -9999 -9999 -9999
71.70 77.43 96.95 78.94 -9999 -9999 -9999 48.36 41.95 38.02 42.51 44.87 45.07 45.59 44.83 45.85 33.55 24.75 17.99 18.83 12.20 13.32 12.85 14.90 12.98 14.48 10.20 10.86 10.18 10.22 11.61 9.98 7.38 6.78 5.93 4.04 4.30 5.26 4.06 3.70 3.38 4.16 4.39 5.11 5.86 -9999 -9999 -9999 -9999 -9999 -9999 -9999 -9999 -9999 -9999 -9999 -9999 -9999 -9999 -9999 -9999 -9999 -9999 -9999 -9999 -9999 -9999 -9999 -9999 -9999 -9999 -9999 -9999 -9999 -9999 -9999 -9999
52.43 70.57 93.98 71.65 -9999 -9999 -9999 -9999 -9999 30.09 32.25 35.14 39.05 40.74 42.36 42.97 44.62 34.83 24.21 18.98 14.49 14.58 13.67 13.32 11.29 14.35 9.54 9.19 10.95 10.67 8.59 7.51 5.40 6.24 5.53 5.07 4.28 3.42 2.76 3.55 3.26 2.44 5.77 6.69 6.45 6.68 -9999 -9999 -9999 -9999 -9999 -9999 -9999 -9999 -9999 -9999 -9999 -9999 -9999 -9999 -9999 -9999 -9999 -9999 -9999 -9999 -9999 -9999 -9999 -9999 -9999 -9999 -9999 -9999 -9999 -9999 -9999
55.37 59.15 88.28 69.51 -9999 -9999 -9999 -9999 -9999 27.05 26.82 34.14 35.87 44.51 53.64 48.53 46.81 40.57 31.72 22.05 20.12 17.19 15.88 17.18 18.04 13.44 16.27 10.81 14.81 11.95 13.09 11.86 7.95 6.24 4.48 4.69 3.96 3.48 4.60 5.50 4.56 5.34 6.02 7.32 9.19 8.29 8.62 9.15 -9999 -9999 -9999 -9999 -9999 -9999 -9999 -9999 -9999 -9999 -9999 -9999 -9999 -9999 -9999 -9999 -9999 -9999 -9999 -9999 -9999 -9999 -9999 -9999 -9999 -9999 -9999 -9999 -9999
-9999 65.38 71.31 61.29 -9999 -9999 -9999 -9999 -9999 22.33 21.07 26.73 28.84 35.65 39.72 40.58 41.04 38.04 34.34 27.49 23.71 22.20 21.58 24.89 22.69 18.95 22.11 19.30 14.62 13.78 11.74 9.36 9.26 7.65 5.31 5.82 5.84 4.99 4.50 5.34 7.70 9.50 8.31 7.63 6.79 9.34 9.00 8.34 -9999 -9999 -9999 -9999 -9999 -9999 -9999 -9999 -9999 -9999 -9999 -9999 -9999 -9999 -9999 -9999 -9999 -9999 -9999 -9999 -9999 -9999 -9999 -9999 -9999 -9999 -9999 -9999 -9999
-9999 50.45 51.65 50.66 -9999 -9999 -9999 -9999 -9999 21.78 24.34 26.45 30.18 32.90 36.78 40.63 45.87 44.56 34.59 33.86 33.07 25.26 20.80 21.34 21.12 27.36 25.08 21.59 18.11 15.25 11.90 12.00 9.44 9.50 8.46 5.49 5.48 6.90 5.50 7.74 11.80 11.55 11.84 8.34 7.76 8.93 10.06 9.47 -9999 -9999 -9999 -9999 -9999 -9999 -9999 -9999 -9999 -9999 -9999 -9999 -9999 -9999 -9999 -9999 -9999 -9999 -9999 -9999 -9999 -9999 -9999 -9999 -9999 -9999 -9999 -9999 -9999
-9999 -9999 -9999 -9999 -9999 -9999 -9999 -9999 28.25 21.81 25.84 29.05 32.90 34.83 34.62 38.29 37.68 41.45 36.43 34.92 41.71 36.23 33.77 32.09 34.51 37.30 35.68 36.44 25.10 20.50 17.62 13.50 11.66 8.79 9.68 10.30 8.80 11.10 11.14 14.60 13.31 13.90 12.66 8.99 8.67 8.01 8.31 10.41 -9999 -9999 -9999 -9999 -9999 -9999 -9999 -9999 -9999 -9999 -9999 -9999 -9999 -9999 -9999 -9999 -9999 -9999 -9999 -9999 -9999 -9999 -9999 -9999 -9999 -9999 -9999 -9999 -9999
-9999 -9999 -9999 -9999 -9999 -9999 -9999 -9999 42.69 25.69 30.10 35.66 42.29 43.23 45.37 45.48 37.17 30.45 33.61 39.92 41.99 41.69 38.76 35.93 33.88 46.37 32.75 30.92 26.86 24.90 21.73 16.60 11.12 11.41 13.80 11.61 12.17 12.81 16.42 15.85 15.83 16.53 13.70 9.74 8.61 8.83 10.90 10.38 -9999 -9999 -9999 -9999 -9999 -9999 -9999 -9999 -9999 -9999 -9999 -9999 -9999 -9999 -9999 -9999 -9999 -9999 -9999 -9999 -9999 -9999 -9999 -9999 -9999 -9999 -9999 -9999 -9999
-9999 -9999 -9999 -9999 -9999 -9999 -9999 40.33 45.78 34.03 38.06 42.10 39.89 51.39 62.11 57.31 44.29 39.63 31.16 30.61 35.78 42.08 38.81 39.03 36.58 43.27 45.10 37.54 37.12 30.05 26.48 20.61 20.10 19.28 15.81 12.61 20.35 20.46 20.25 18.32 15.00 12.81 12.69 10.73 11.99 11.91 9.99 9.42 -9999 -9999 -9999 -9999 -9999 -9999 -9999 -9999 -9999 -9999 -9999 -9999 -9999 -9999 -9999 -9999 -9999 -9999 -9999 -9999 -9999 -9999 -9999 -9999 -9999 -9999 -9999 -9999 -9999
-9999 -9999 -9999 -9999 -9999 -9999 -9999 43.43 46.05 48.59 43.21 47.87 39.47 58.52 61.19 69.54 53.51 41.59 34.33 32.99 27.60 42.57 45.59 37.97 35.34 40.24 45.43 42.86 39.08 38.45 33.94 36.50 38.51 31.06 27.40 24.80 26.12 18.52 18.34 18.72 16.31 14.56 10.58 9.99 10.98 9.82 9.11 8.38 9.24 -9999 -9999 -9999 -9999 -9999 -9999 -9999 -9999 -9999 -9999 -9999 -9999 -9999 -9999 -9999 -9999 -9999 -9999 -9999 -9999 -9999 -9999 -9999 -9999 -9999 -9999 -9999 -9999
-9999 -9999 -9999 -9999 -9999 -9999 35.68 49.88 53.80 55.00 56.12 47.82 40.53 59.16 65.52 59.52 52.20 41.97 34.71 23.37 18.52 22.90 32.30 32.70 31.09 31.91 40.42 39.96 36.82 36.74 45.68 37.52 46.04 39.28 28.23 35.53 31.62 27.87 24.54 16.44 17.38 13.43 11.17 12.62 10.10 9.18 7.68 6.56 6.26 -9999 -9999 -9999 -9999 -9999 -9999 -9999 -9999 -9999 -9999 -9999 -9999 -9999 -9999 -9999 -9999 -9999 -9999 -9999 -9999 -9999 -9999 -9999 -9999 -9999 -9999 -9999 -9999
-9999 -9999 -9999 -9999 -9999 -9999 47.97 53.26 56.21 74.82 75.13 62.47 52.36 68.64 48.07 49.81 44.42 40.58 35.52 21.09 18.77 23.40 29.49 30.44 27.76 29.47 31.10 34.16 30.99 38.17 32.36 45.44 48.83 38.37 38.72 25.29 30.40 33.16 26.26 25.23 18.14 13.42 13.74 11.98 9.89 9.71 6.84 5.78 5.40 -9999 -9999 -9999 -9999 -9999 -9999 -9999 -9999 -9999 -9999 -9999 -9999 -9999 -9999 -9999 -9999 -9999 -9999 -9999 -9999 -9999 -9999 -9999 -9999 -9999 -9999 -9999 -9999
-9999 -9999 -9999 -9999 -9999 53.56 51.45 53.06 66.71 78.01 83.78 89.45 73.25 72.77 46.39 45.59 41.97 36.75 35.50 27.80 21.71 24.07 28.66 27.89 26.21 28.87 31.40 33.06 37.65 34.44 29.50 49.11 61.23 48.03 44.08 31.30 37.68 32.64 31.91 26.57 21.20 16.68 13.71 11.09 10.45 9.49 6.26 5.72 5.44 -9999 -9999 -9999 -9999 -9999 -9999 -9999 -9999 -9999 -9999 -9999 -9999 -9999 -9999 -9999 -9999 -9999 -9999 -9999 -9999 -9999 -9999 -9999 -9999 -9999 -9999 -9999 -9999
-9999 -9999 -9999 -9999 49.53 57.82 60.35 48.10 53.14 59.08 67.00 81.91 82.21 87.50 47.47 35.91 35.15 39.62 35.23 30.81 26.28 22.96 23.78 30.28 27.98 25.58 31.22 33.91 36.36 33.26 29.13 36.60 39.78 41.41 47.35 43.59 47.31 41.11 41.23 23.87 16.36 16.92 14.38 11.52 11.08 9.90 7.18 5.99 6.20 5.22 -9999 -9999 -9999 -9999 -9999 -9999 -9999 -9999 -9999 -9999 -9999 -9999 -9999 -9999 -9999 -9999 -9999 -9999 -9999 -9999 -9999 -9999 -9999 -9999 -9999 -9999 -9999
-9999 -9999 -9999 -9999 64.65 80.01 68.01 54.69 50.13 52.83 58.10 102.69 107.40 85.17 58.53 39.13 39.55 41.78 35.85 39.86 26.22 22.51 22.57 23.64 29.56 25.21 31.76 32.25 35.39 32.81 32.42 29.19 28.19 34.48 41.75 49.48 50.29 47.50 30.84 17.82 12.56 13.38 12.75 14.88 12.95 10.48 7.06 5.00 7.24 5.54 -9999 -9999 -9999 -9999 -9999 -9999 -9999 -9999 -9999 -9999 -9999 -9999 -9999 -9999 -9999 -9999 -9999 -9999 -9999 -9999 -9999 -9999 -9999 -9999 -9999 -9999 -9999
-9999 -9999 39.77 47.40 62.69 68.76 64.71 61.15 57.25 56.22 59.58 83.65 86.14 93.58 64.47 51.64 39.74 40.17 40.34 35.25 30.58 27.05 20.08 24.48 27.64 27.20 28.32 29.02 30.29 26.26 25.72 27.84 26.64 28.57 44.71 54.92 47.97 37.19 27.99 17.57 13.33 14.76 16.83 15.26 15.01 11.64 8.72 7.42 7.97 7.52 -9999 -9999 -9999 -9999 -9999 -9999 -9999 -9999 -9999 -9999 -9999 -9999 -9999 -9999 -9999 -9999 -9999 -9999 -9999 -9999 -9999 -9999 -9999 -9999 -9999 -9999 -9999
