Rainfall_2007-2011/Rainfall_2009-12_ACTUAL.txt
ncols         180
nrows         290
xllcorner     -200000
yllcorner     -200000
cellsize      5000
NODATA_value  -9999
[rows 102 to 135 of 290, columns 76 to 151 of 180]
68.73 -9999 75.96 71.76 94.46 89.20 114.45 109.75 126.79 135.36 191.48 206.49 182.04 111.15 84.29 92.44 91.94 84.85 105.51 209.83 179.66 104.63 109.14 101.62 88.97 72.77 49.07 43.77 46.20 69.53 61.28 63.15 62.48 65.38 60.48 56.22 47.41 -9999 -9999 -9999 -9999 -9999 -9999 -9999 -9999 -9999 -9999 -9999 -9999 -9999 -9999 -9999 -9999 -9999 -9999 -9999 -9999 -9999 -9999 -9999 -9999 -9999 -9999 -9999 -9999 -9999 -9999 -9999 -9999 -9999 -9999 -9999 -9999 -9999 -9999 -9999
-9999 59.64 66.25 63.45 59.19 99.77 118.00 98.45 114.63 140.06 125.49 228.92 265.66 159.13 100.08 74.73 106.83 219.87 278.42 277.73 200.47 155.90 135.35 97.74 76.27 65.89 46.12 42.11 59.83 57.66 53.37 58.57 60.25 62.23 59.90 -9999 -9999 -9999 -9999 -9999 -9999 -9999 -9999 -9999 -9999 -9999 -9999 -9999 -9999 -9999 -9999 -9999 -9999 -9999 -9999 -9999 -9999 -9999 -9999 -9999 -9999 -9999 -9999 -9999 -9999 -9999 -9999 -9999 -9999 -9999 -9999 -9999 -9999 -9999 -9999 -9999
69.53 70.86 77.44 85.64 76.57 85.20 89.31 89.69 105.44 108.43 81.70 76.51 133.64 131.25 118.38 118.78 75.02 130.20 194.62 176.07 150.10 107.27 109.84 85.30 69.51 65.07 48.90 47.15 50.62 50.86 49.94 51.55 66.83 70.69 -9999 -9999 -9999 -9999 -9999 -9999 -9999 -9999 -9999 -9999 -9999 -9999 -9999 -9999 -9999 -9999 -9999 -9999 -9999 -9999 -9999 -9999 -9999 -9999 -9999 -9999 -9999 -9999 -9999 -9999 -9999 -9999 -9999 -9999 -9999 -9999 -9999 -9999 -9999 -9999 -9999 -9999
76.86 91.79 85.33 85.80 77.04 86.79 95.73 108.56 128.41 115.77 108.92 106.82 142.76 132.02 128.21 95.60 96.88 123.62 121.22 99.97 81.52 94.39 74.17 56.42 58.21 55.60 47.12 53.23 55.20 60.41 74.94 63.62 68.43 69.69 -9999 -9999 -9999 -9999 -9999 -9999 -9999 -9999 -9999 -9999 -9999 -9999 -9999 -9999 -9999 -9999 -9999 -9999 -9999 -9999 -9999 -9999 -9999 -9999 -9999 -9999 -9999 -9999 -9999 -9999 -9999 -9999 -9999 -9999 -9999 -9999 -9999 -9999 -9999 -9999 -9999 -9999
98.28 96.05 96.50 88.50 90.29 102.02 96.14 106.63 112.20 138.93 119.05 123.62 111.77 139.07 110.24 107.68 136.67 105.67 85.36 87.78 77.71 71.49 76.78 55.26 46.49 51.98 60.67 59.79 59.86 64.54 62.60 67.05 63.13 82.38 82.31 -9999 -9999 -9999 -9999 -9999 -9999 -9999 -9999 -9999 -9999 -9999 -9999 -9999 -9999 -9999 -9999 -9999 -9999 -9999 -9999 -9999 -9999 -9999 -9999 -9999 -9999 -9999 -9999 -9999 -9999 -9999 -9999 -9999 -9999 -9999 -9999 -9999 -9999 -9999 -9999 -9999
89.22 99.86 107.22 86.23 91.17 70.68 70.18 98.06 123.54 133.77 105.42 116.67 112.88 113.84 103.03 132.11 107.79 110.46 94.94 75.00 89.79 86.41 78.33 75.95 71.04 69.94 82.43 78.71 69.56 66.96 68.85 91.32 81.56 97.92 104.16 107.15 -9999 -9999 -9999 -9999 -9999 -9999 -9999 -9999 -9999 -9999 -9999 -9999 -9999 -9999 -9999 -9999 -9999 -9999 -9999 -9999 -9999 -9999 -9999 -9999 -9999 -9999 -9999 -9999 -9999 -9999 -9999 -9999 -9999 -9999 -9999 -9999 -9999 -9999 -9999 -9999
86.91 101.75 101.82 98.45 85.36 71.55 73.94 110.93 126.29 164.87 108.02 100.45 100.71 110.85 104.97 114.29 100.60 85.89 67.58 63.33 85.24 92.15 106.24 113.03 84.85 80.97 86.18 74.87 80.30 72.25 87.01 74.17 93.72 110.53 98.98 98.79 79.04 -9999 -9999 -9999 -9999 -9999 -9999 -9999 -9999 -9999 -9999 -9999 -9999 -9999 -9999 -9999 -9999 -9999 -9999 -9999 -9999 -9999 -9999 -9999 -9999 -9999 -9999 -9999 -9999 -9999 -9999 -9999 -9999 -9999 -9999 -9999 -9999 -9999 -9999 -9999
91.13 97.82 109.02 110.22 88.93 75.63 87.50 125.67 119.24 105.15 99.53 131.09 100.84 103.51 96.73 101.68 85.19 78.16 64.78 68.21 86.01 121.21 129.28 105.83 77.84 69.68 82.30 66.48 68.29 72.06 75.41 66.42 60.42 83.48 77.86 75.11 -9999 -9999 -9999 -9999 -9999 -9999 -9999 -9999 -9999 -9999 -9999 -9999 -9999 -9999 -9999 -9999 -9999 -9999 -9999 -9999 -9999 -9999 -9999 -9999 -9999 -9999 -9999 -9999 -9999 -9999 -9999 -9999 -9999 -9999 -9999 -9999 -9999 -9999 -9999 -9999
78.59 103.29 108.45 101.37 103.32 109.62 96.97 126.51 125.79 121.29 111.29 97.88 117.15 95.61 84.28 68.21 62.28 64.65 78.66 66.45 76.08 68.11 65.93 73.35 76.59 75.92 69.15 60.47 63.65 63.66 67.61 59.70 -9999 -9999 -9999 -9999 -9999 -9999 -9999 -9999 -9999 -9999 -9999 -9999 -9999 -9999 -9999 -9999 -9999 -9999 -9999 -9999 -9999 -9999 -9999 -9999 -9999 -9999 -9999 -9999 -9999 -9999 -9999 -9999 -9999 -9999 -9999 -9999 -9999 -9999 -9999 -9999 -9999 -9999 -9999 -9999
96.81 128.06 119.04 99.77 132.85 120.33 132.66 139.98 100.64 107.71 105.53 87.21 85.62 92.09 68.97 69.09 72.88 80.05 95.87 63.35 67.13 65.15 60.86 66.46 65.93 77.24 71.74 71.96 76.12 69.82 -9999 -9999 -9999 -9999 -9999 -9999 -9999 -9999 -9999 -9999 -9999 -9999 -9999 -9999 -9999 -9999 -9999 -9999 -9999 -9999 -9999 -9999 -9999 -9999 -9999 -9999 -9999 -9999 -9999 -9999 -9999 -9999 -9999 -9999 -9999 -9999 -9999 -9999 -9999 -9999 -9999 -9999 -9999 -9999 -9999 -9999
112.37 133.76 121.20 138.18 128.37 130.84 146.33 135.89 99.00 102.31 91.05 68.49 64.78 69.78 61.06 72.44 91.98 95.95 87.00 77.20 74.66 67.97 54.76 58.30 57.93 71.69 71.06 78.84 79.02 63.67 -9999 -9999 -9999 -9999 -9999 -9999 -9999 -9999 -9999 -9999 -9999 -9999 -9999 -9999 -9999 -9999 -9999 -9999 -9999 -9999 -9999 -9999 -9999 -9999 -9999 -9999 -9999 -9999 -9999 -9999 -9999 -9999 -9999 -9999 -9999 -9999 -9999 -9999 -9999 -9999 -9999 -9999 -9999 -9999 -9999 -9999
116.99 -9999 124.01 138.81 134.20 134.86 130.47 127.92 99.00 75.76 75.16 70.44 72.14 81.41 82.39 124.93 121.85 118.10 117.56 93.62 75.45 60.04 43.03 43.82 50.46 59.72 63.95 58.37 -9999 -9999 -9999 -9999 -9999 63.38 57.99 73.88 71.17 -9999 -9999 -9999 -9999 -9999 -9999 -9999 -9999 -9999 -9999 -9999 -9999 -9999 -9999 -9999 -9999 -9999 -9999 -9999 -9999 -9999 -9999 -9999 -9999 -9999 -9999 -9999 -9999 -9999 -9999 -9999 -9999 -9999 -9999 -9999 -9999 -9999 -9999 -9999
137.50 -9999 112.81 134.50 129.19 114.52 138.12 108.10 106.15 80.24 85.19 81.13 73.65 78.18 82.72 94.95 86.36 87.56 87.60 86.47 83.34 78.29 58.17 51.31 63.65 67.32 65.28 57.62 60.69 51.53 -9999 -9999 61.17 65.30 78.76 82.15 88.82 86.74 87.73 -9999 -9999 -9999 -9999 -9999 -9999 -9999 -9999 -9999 -9999 -9999 -9999 -9999 -9999 -9999 -9999 -9999 -9999 -9999 -9999 -9999 -9999 -9999 -9999 -9999 -9999 -9999 -9999 -9999 -9999 -9999 -9999 -9999 -9999 -9999 -9999 -9999
124.64 100.48 105.22 91.56 112.86 115.06 115.53 97.44 92.42 98.22 97.06 90.34 68.60 63.41 71.64 75.69 74.86 78.15 83.12 80.91 82.00 88.35 73.01 77.01 80.05 67.36 62.15 58.57 58.13 58.74 52.18 59.02 64.57 82.54 90.87 119.21 123.41 113.18 123.02 69.10 -9999 -9999 -9999 -9999 -9999 -9999 -9999 -9999 -9999 -9999 -9999 -9999 -9999 -9999 -9999 -9999 -9999 -9999 -9999 -9999 -9999 -9999 -9999 -9999 -9999 -9999 -9999 -9999 -9999 -9999 -9999 -9999 -9999 -9999 -9999 -9999
112.85 106.43 93.11 105.79 100.52 92.01 100.09 -9999 99.08 125.09 124.09 90.46 72.69 60.28 61.51 61.21 66.01 67.37 66.17 69.74 66.81 74.09 69.10 79.74 80.12 75.25 72.91 66.27 70.04 62.00 67.20 68.61 73.29 85.39 74.27 139.61 139.93 116.65 118.78 111.71 120.65 117.66 73.12 -9999 -9999 -9999 -9999 -9999 -9999 -9999 -9999 -9999 -9999 -9999 -9999 -9999 -9999 -9999 -9999 -9999 -9999 -9999 -9999 -9999 -9999 -9999 -9999 -9999 -9999 -9999 -9999 -9999 -9999 -9999 -9999 -9999
110.87 106.69 83.82 -9999 81.59 79.25 91.05 -9999 88.16 145.02 128.69 105.33 80.48 67.74 62.65 55.61 62.77 64.60 66.56 65.05 60.11 73.50 89.05 75.07 96.52 98.37 89.96 93.01 79.49 63.09 55.08 73.72 67.75 91.65 129.63 163.04 129.84 114.25 116.36 115.45 150.18 115.76 117.03 -9999 -9999 -9999 -9999 -9999 -9999 -9999 -9999 -9999 -9999 -9999 -9999 -9999 -9999 -9999 -9999 -9999 -9999 -9999 -9999 -9999 -9999 -9999 -9999 -9999 -9999 -9999 -9999 -9999 -9999 -9999 -9999 -9999
113.31 89.85 75.99 -9999 -9999 76.65 73.58 79.12 97.33 106.49 108.26 100.31 102.15 86.23 75.86 66.38 77.78 76.15 64.65 75.44 71.11 81.31 96.51 112.66 115.73 116.49 88.93 85.68 74.21 91.90 86.80 79.05 79.99 100.40 128.46 157.42 149.10 132.84 130.23 102.75 121.93 128.02 108.21 86.70 -9999 -9999 -9999 -9999 -9999 -9999 -9999 -9999 -9999 -9999 -9999 -9999 -9999 -9999 -9999 -9999 -9999 -9999 -9999 -9999 -9999 -9999 -9999 -9999 -9999 -9999 -9999 -9999 -9999 -9999 -9999 -9999
122.06 -9999 -9999 -9999 -9999 -9999 70.98 70.59 90.56 95.02 95.77 101.62 112.21 102.89 93.36 89.21 93.52 91.19 78.59 70.03 72.77 78.23 90.88 101.30 103.67 92.02 68.94 76.75 83.11 94.17 125.00 113.20 89.82 101.59 105.92 105.91 124.61 123.15 131.53 111.41 120.39 107.63 100.90 71.42 -9999 -9999 -9999 -9999 -9999 -9999 -9999 -9999 -9999 -9999 -9999 -9999 -9999 -9999 -9999 -9999 -9999 -9999 -9999 -9999 -9999 -9999 -9999 -9999 -9999 -9999 -9999 -9999 -9999 -9999 -9999 -9999
123.93 110.60 106.26 108.95 -9999 -9999 -9999 69.09 82.23 87.28 92.19 96.42 94.40 105.61 107.16 102.75 102.94 94.37 90.31 75.99 74.21 85.15 81.64 68.18 80.74 65.75 65.38 92.61 93.40 117.84 140.60 136.01 115.71 114.67 85.07 103.83 101.22 111.41 118.41 96.17 118.79 101.74 88.04 86.52 87.92 -9999 -9999 -9999 -9999 -9999 -9999 -9999 -9999 -9999 -9999 -9999 -9999 -9999 -9999 -9999 -9999 -9999 -9999 -9999 -9999 -9999 -9999 -9999 -9999 -9999 -9999 -9999 -9999 -9999 -9999 -9999
131.22 120.54 121.26 156.22 142.64 -9999 -9999 -9999 68.46 76.47 82.89 87.71 90.90 87.99 91.16 90.00 97.71 87.73 83.77 71.85 78.48 76.17 65.82 58.45 79.84 71.50 84.40 75.16 97.50 97.94 105.85 123.21 113.97 97.09 91.87 98.10 86.56 82.81 110.48 105.70 105.19 105.76 93.76 97.87 78.18 68.25 -9999 -9999 -9999 -9999 -9999 -9999 -9999 -9999 -9999 -9999 -9999 -9999 -9999 -9999 -9999 -9999 -9999 -9999 -9999 -9999 -9999 -9999 -9999 -9999 -9999 -9999 -9999 -9999 -9999 -9999
130.74 89.29 109.70 158.22 138.04 -9999 -9999 -9999 -9999 -9999 78.97 79.28 77.52 83.08 78.66 84.21 85.55 99.81 105.66 95.16 81.63 61.18 56.02 58.22 67.73 55.75 79.54 77.40 89.64 99.36 101.11 86.46 80.92 67.97 86.63 78.05 84.89 93.12 89.33 111.03 92.22 95.94 100.33 105.47 91.66 74.32 69.36 -9999 -9999 -9999 -9999 -9999 -9999 -9999 -9999 -9999 -9999 -9999 -9999 -9999 -9999 -9999 -9999 -9999 -9999 -9999 -9999 -9999 -9999 -9999 -9999 -9999 -9999 -9999 -9999 -9999
-9999 96.94 92.39 145.42 127.97 -9999 -9999 -9999 -9999 -9999 82.36 79.28 86.92 75.91 81.53 76.67 86.01 102.36 106.87 106.48 89.54 82.86 72.86 71.83 78.55 94.02 81.18 129.79 103.86 127.15 101.26 123.89 107.07 73.58 101.57 68.15 67.00 83.97 90.78 110.20 126.81 98.44 98.50 94.69 106.33 86.86 76.94 86.77 79.32 -9999 -9999 -9999 -9999 -9999 -9999 -9999 -9999 -9999 -9999 -9999 -9999 -9999 -9999 -9999 -9999 -9999 -9999 -9999 -9999 -9999 -9999 -9999 -9999 -9999 -9999 -9999
-9999 -9999 106.29 127.91 118.92 -9999 -9999 -9999 -9999 -9999 71.88 70.97 79.85 72.18 71.31 68.14 77.05 94.93 100.71 117.42 103.46 92.40 97.66 96.41 111.35 112.47 109.16 147.30 138.94 109.96 107.78 123.81 80.02 80.48 85.63 74.59 91.96 106.88 92.63 92.70 108.56 135.87 145.07 114.27 120.35 110.94 95.77 88.68 74.17 -9999 -9999 -9999 -9999 -9999 -9999 -9999 -9999 -9999 -9999 -9999 -9999 -9999 -9999 -9999 -9999 -9999 -9999 -9999 -9999 -9999 -9999 -9999 -9999 -9999 -9999 -9999
-9999 -9999 91.58 103.75 106.44 -9999 -9999 -9999 -9999 -9999 69.71 75.42 79.58 77.57 75.89 76.63 90.29 114.73 131.35 119.15 122.27 116.14 112.96 94.20 101.71 110.98 138.25 139.39 124.51 127.26 118.94 96.08 103.49 85.76 94.88 99.56 97.04 113.44 114.21 117.38 119.65 176.36 183.71 148.50 115.99 124.10 112.08 92.23 80.41 -9999 -9999 -9999 -9999 -9999 -9999 -9999 -9999 -9999 -9999 -9999 -9999 -9999 -9999 -9999 -9999 -9999 -9999 -9999 -9999 -9999 -9999 -9999 -9999 -9999 -9999 -9999
-9999 -9999 -9999 -9999 -9999 -9999 -9999 -9999 -9999 82.02 86.81 93.48 92.70 85.46 88.24 89.16 98.53 106.86 135.49 132.87 125.17 161.38 151.10 135.09 135.79 145.85 155.29 154.71 123.11 129.30 125.72 120.72 108.69 119.09 99.80 87.38 106.85 94.94 108.18 124.12 160.57 154.42 189.72 160.18 118.77 109.49 105.03 105.44 74.37 -9999 -9999 -9999 -9999 -9999 -9999 -9999 -9999 -9999 -9999 -9999 -9999 -9999 -9999 -9999 -9999 -9999 -9999 -9999 -9999 -9999 -9999 -9999 -9999 -9999 -9999 -9999
-9999 -9999 -9999 -9999 -9999 -9999 -9999 -9999 -9999 91.12 87.74 101.89 114.18 118.14 118.10 135.62 121.52 119.69 115.62 134.08 135.30 133.19 171.32 132.47 129.66 111.13 161.57 132.33 135.90 117.98 120.70 112.56 97.33 101.08 117.58 105.04 91.98 90.18 104.33 135.18 134.01 116.40 154.69 146.85 109.38 98.27 99.12 114.77 68.72 -9999 -9999 -9999 -9999 -9999 -9999 -9999 -9999 -9999 -9999 -9999 -9999 -9999 -9999 -9999 -9999 -9999 -9999 -9999 -9999 -9999 -9999 -9999 -9999 -9999 -9999 -9999
-9999 -9999 -9999 -9999 -9999 -9999 -9999 -9999 74.22 89.90 92.07 107.96 123.49 117.22 140.67 167.64 160.48 151.85 153.37 132.18 131.40 146.00 153.95 124.11 133.21 114.21 135.38 147.66 126.34 132.49 130.23 125.30 106.08 104.96 118.44 113.89 106.63 132.10 151.19 171.03 147.83 108.64 92.62 115.82 106.54 123.41 125.97 108.46 84.86 -9999 -9999 -9999 -9999 -9999 -9999 -9999 -9999 -9999 -9999 -9999 -9999 -9999 -9999 -9999 -9999 -9999 -9999 -9999 -9999 -9999 -9999 -9999 -9999 -9999 -9999 -9999
-9999 -9999 -9999 -9999 -9999 -9999 -9999 -9999 87.73 90.48 117.41 118.04 139.27 120.96 149.06 162.45 205.04 178.08 153.31 136.62 143.14 145.98 192.76 161.78 134.08 127.61 121.83 137.12 117.51 122.97 140.42 110.60 114.31 150.68 144.71 154.60 150.86 171.62 142.55 149.39 126.58 112.92 127.39 138.46 103.06 104.94 97.27 97.65 74.86 83.58 -9999 -9999 -9999 -9999 -9999 -9999 -9999 -9999 -9999 -9999 -9999 -9999 -9999 -9999 -9999 -9999 -9999 -9999 -9999 -9999 -9999 -9999 -9999 -9999 -9999 -9999
-9999 -9999 -9999 -9999 -9999 -9999 -9999 73.97 105.43 127.13 138.30 154.52 149.53 125.05 142.85 170.57 180.24 170.53 144.75 134.70 127.23 120.11 138.86 152.68 141.28 121.31 114.33 117.42 123.33 133.34 147.79 136.65 117.94 177.32 161.25 138.62 165.53 137.39 159.50 147.18 90.68 112.48 154.15 159.36 117.41 85.34 85.65 81.00 72.65 68.85 -9999 -9999 -9999 -9999 -9999 -9999 -9999 -9999 -9999 -9999 -9999 -9999 -9999 -9999 -9999 -9999 -9999 -9999 -9999 -9999 -9999 -9999 -9999 -9999 -9999 -9999
-9999 -9999 -9999 -9999 -9999 -9999 -9999 107.63 130.96 162.22 179.98 171.70 178.84 158.51 189.16 165.45 161.86 146.22 131.21 126.08 121.52 120.65 141.31 146.52 148.89 111.76 110.57 109.57 111.98 161.45 194.97 134.56 157.76 172.13 145.85 169.62 144.64 140.08 139.99 113.58 107.31 108.86 113.97 108.49 96.77 82.52 92.86 81.79 79.24 81.11 -9999 -9999 -9999 -9999 -9999 -9999 -9999 -9999 -9999 -9999 -9999 -9999 -9999 -9999 -9999 -9999 -9999 -9999 -9999 -9999 -9999 -9999 -9999 -9999 -9999 -9999
-9999 -9999 -9999 -9999 -9999 -9999 140.22 148.48 168.76 210.47 170.54 145.40 220.67 192.16 217.20 161.94 147.40 134.47 122.58 131.10 132.02 133.92 156.88 133.76 111.30 98.83 109.08 115.23 119.90 164.83 164.00 146.60 164.47 149.10 145.68 161.15 128.46 137.50 108.48 117.02 112.02 118.44 113.42 103.47 90.85 86.20 84.56 84.88 78.49 67.21 -9999 -9999 -9999 -9999 -9999 -9999 -9999 -9999 -9999 -9999 -9999 -9999 -9999 -9999 -9999 -9999 -9999 -9999 -9999 -9999 -9999 -9999 -9999 -9999 -9999 -9999
-9999 -9999 -9999 -9999 -9999 123.43 142.27 180.37 199.91 238.93 283.86 236.19 218.39 180.07 217.76 167.15 140.21 133.09 139.24 132.45 128.97 113.99 118.14 111.10 116.61 102.38 100.59 117.30 122.84 128.19 133.25 138.38 136.34 124.92 136.25 156.31 136.96 142.94 131.29 130.80 111.83 98.66 99.15 91.72 90.72 83.59 80.89 89.59 75.61 67.42 66.21 -9999 -9999 -9999 -9999 -9999 -9999 -9999 -9999 -9999 -9999 -9999 -9999 -9999 -9999 -9999 -9999 -9999 -9999 -9999 -9999 -9999 -9999 -9999 -9999 -9999
-9999 -9999 -9999 -9999 -9999 158.41 206.93 195.17 237.68 247.59 226.48 187.09 218.27 171.05 181.25 192.80 152.50 144.22 147.81 131.71 152.80 106.89 98.92 99.10 96.91 108.34 93.85 116.73 116.96 103.58 98.94 94.50 100.94 116.99 116.61 134.40 117.07 120.65 123.51 118.37 103.95 97.42 93.41 79.07 90.97 83.01 74.04 72.13 71.40 73.50 65.03 -9999 -9999 -9999 -9999 -9999 -9999 -9999 -9999 -9999 -9999 -9999 -9999 -9999 -9999 -9999 -9999 -9999 -9999 -9999 -9999 -9999 -9999 -9999 -9999 -9999
-9999 -9999 -9999 127.42 144.37 175.60 184.22 195.76 265.95 273.31 147.57 96.26 188.80 155.82 185.00 186.15 167.75 139.24 138.83 139.43 130.21 116.10 103.74 88.21 100.84 99.26 88.58 98.52 105.87 98.27 100.45 96.95 98.83 109.09 110.93 119.68 97.38 89.90 104.37 112.76 97.00 90.56 77.70 88.66 75.75 80.87 81.49 78.95 71.32 72.51 76.68 -9999 -9999 -9999 -9999 -9999 -9999 -9999 -9999 -9999 -9999 -9999 -9999 -9999 -9999 -9999 -9999 -9999 -9999 -9999 -9999 -9999 -9999 -9999 -9999 -9999
