Rainfall_2007-2011/Rainfall_2010-10_ACTUAL.txt
ncols         180
nrows         290
xllcorner     -200000
yllcorner     -200000
cellsize      5000
NODATA_value  -9999
[rows 204 to 237 of 290, columns 76 to 151 of 180]
85.78 100.23 114.69 126.70 157.83 178.51 131.29 130.48 130.44 130.67 144.20 137.45 142.30 156.77 156.70 132.20 123.98 110.32 117.29 139.04 132.84 156.18 119.74 117.36 93.57 101.40 82.45 121.07 110.47 114.18 78.47 69.95 59.48 45.98 44.84 48.04 44.40 42.13 68.98 59.58 52.81 47.48 40.79 57.61 58.44 73.53 61.14 54.18 54.62 56.10 59.76 57.36 58.21 54.15 54.05 53.96 52.62 59.54 48.37 50.65 51.74 50.29 52.94 47.42 52.03 55.51 55.71 60.74 61.50 69.94 73.53 64.36 66.87 66.72 65.83 63.96
83.01 91.60 113.13 109.59 120.22 118.02 113.18 114.67 113.39 125.37 117.41 124.95 125.76 124.80 129.30 120.45 122.88 141.04 151.34 186.59 226.39 173.64 164.45 154.03 144.25 128.84 94.76 91.76 134.57 100.30 79.92 76.43 71.46 52.55 49.84 52.01 52.69 58.42 63.36 56.09 45.83 44.79 50.63 58.04 66.58 69.70 57.06 57.23 56.98 55.03 50.59 55.38 53.96 51.31 47.90 46.18 49.28 46.17 50.82 51.25 53.65 55.03 49.95 53.89 58.57 48.09 67.02 67.23 65.12 64.29 68.08 70.05 68.78 67.60 61.74 61.77
-9999 104.24 117.62 121.73 118.12 109.06 124.71 116.57 119.66 101.37 119.49 124.60 128.73 141.46 138.30 140.41 128.19 155.85 179.74 193.07 203.19 210.44 170.03 181.27 189.06 129.18 126.30 117.44 78.17 82.54 78.96 50.74 52.84 49.45 63.34 61.23 69.80 64.87 58.97 52.14 50.24 51.09 55.70 82.65 61.02 65.66 60.11 61.83 66.07 59.59 61.77 49.16 51.39 47.21 44.95 44.12 45.77 47.78 47.61 53.34 57.00 60.42 59.01 65.09 68.40 65.00 66.77 64.07 66.30 79.90 69.41 65.47 66.51 67.17 64.21 54.38
98.44 106.32 104.98 118.81 110.58 106.36 119.08 120.50 109.19 110.51 115.03 122.89 137.94 150.35 127.63 133.08 119.24 137.83 160.97 174.15 156.87 166.96 159.29 155.21 137.14 136.49 128.74 116.07 100.34 104.31 78.11 57.26 60.20 59.59 62.83 69.66 68.21 72.67 55.20 57.22 59.71 81.10 68.80 58.26 62.30 52.86 57.06 66.85 63.03 56.29 56.14 52.44 47.65 44.89 43.67 43.12 46.01 46.60 50.82 55.52 54.22 58.07 58.96 72.87 64.09 68.98 74.34 70.55 69.69 68.84 67.14 69.36 70.90 66.59 68.04 67.85
91.82 108.98 110.87 114.20 104.44 90.56 105.87 99.58 92.24 92.95 99.72 107.10 108.54 121.30 135.62 123.02 139.79 143.71 164.46 168.13 163.35 133.65 131.03 124.71 113.17 116.33 133.78 107.59 87.39 99.18 75.01 72.02 54.79 58.50 66.21 65.27 73.91 61.13 54.01 58.69 61.02 62.70 63.16 59.49 52.31 57.58 53.15 55.39 54.92 50.00 46.54 44.56 41.75 48.48 43.63 42.14 37.50 40.58 43.66 50.48 53.65 56.79 63.15 73.90 73.32 74.55 77.53 78.60 69.97 75.28 76.25 68.50 72.57 81.60 64.11 66.18
-9999 102.50 109.99 118.36 99.78 100.53 96.00 -9999 -9999 -9999 -9999 94.14 107.97 113.36 113.62 109.13 119.73 123.31 140.49 149.36 143.96 187.99 197.37 162.38 130.04 111.39 124.27 123.40 104.54 88.86 75.00 72.03 62.45 69.09 61.56 62.29 51.88 41.56 49.19 57.84 70.87 57.02 63.34 59.43 53.09 51.58 52.19 50.59 46.78 45.86 43.01 43.98 42.15 45.76 45.50 43.54 40.85 41.34 45.17 52.06 53.41 64.91 71.40 80.42 77.19 75.41 79.24 74.69 71.41 72.03 78.72 72.29 72.37 75.48 73.99 71.13
-9999 99.15 106.78 106.07 93.82 98.83 90.66 -9999 -9999 -9999 -9999 -9999 -9999 -9999 102.95 103.49 106.20 109.36 116.31 137.33 183.47 204.53 206.72 197.48 158.85 114.01 107.57 102.24 108.54 106.13 81.42 70.35 81.82 76.31 71.84 53.93 47.79 41.87 49.41 58.68 67.35 58.74 60.50 49.46 51.50 47.71 45.66 45.02 44.55 42.90 43.33 40.93 39.27 37.22 38.59 40.95 43.04 44.08 46.28 56.54 67.20 66.91 76.11 82.91 75.97 82.85 77.41 77.85 64.60 73.91 73.04 84.22 81.47 68.95 70.84 64.54
-9999 -9999 -9999 92.37 -9999 -9999 -9999 -9999 -9999 -9999 -9999 -9999 100.86 102.01 98.02 99.01 94.69 97.06 102.40 127.44 164.85 188.97 200.83 178.84 147.51 113.08 110.84 101.67 101.94 89.79 74.22 62.87 72.32 67.79 63.33 54.10 52.53 60.21 50.69 64.11 68.72 61.84 60.82 51.12 47.83 46.25 41.98 42.34 38.21 39.00 38.45 38.52 37.77 38.74 38.54 41.48 41.17 46.46 60.38 59.71 72.52 67.19 68.06 77.57 81.22 75.64 78.96 80.43 79.36 80.24 72.91 71.69 75.71 76.61 72.83 69.76
-9999 -9999 -9999 -9999 -9999 -9999 -9999 -9999 -9999 -9999 -9999 -9999 99.45 100.48 82.23 84.02 83.08 -9999 -9999 102.68 173.94 152.04 167.08 146.24 142.42 123.74 120.90 97.08 98.53 77.28 66.61 70.07 58.17 52.04 52.29 50.93 49.50 61.83 57.95 58.37 62.31 62.28 52.16 53.31 50.79 46.46 37.58 40.29 38.44 30.30 30.21 42.69 45.38 42.63 40.33 41.25 45.87 59.28 54.10 62.96 65.78 63.04 74.49 75.32 75.51 71.60 75.46 75.97 78.31 87.25 74.82 69.98 69.65 69.51 67.31 66.19
-9999 -9999 -9999 -9999 -9999 -9999 -9999 -9999 -9999 -9999 -9999 -9999 -9999 -9999 -9999 -9999 -9999 -9999 -9999 104.38 127.92 151.28 146.51 121.51 117.03 94.00 99.70 90.80 110.51 88.23 60.93 62.98 55.64 -9999 51.74 49.35 53.98 57.04 54.13 61.02 57.28 57.62 47.72 50.72 46.32 51.39 41.92 46.53 52.26 45.06 40.44 45.48 51.66 44.72 44.73 49.29 46.71 60.39 60.50 60.09 60.26 68.35 67.84 72.46 74.41 67.71 73.49 79.76 79.50 76.82 73.32 72.48 67.07 64.72 61.76 60.50
-9999 -9999 -9999 -9999 -9999 -9999 -9999 -9999 -9999 -9999 -9999 -9999 -9999 -9999 -9999 -9999 -9999 -9999 -9999 -9999 96.68 106.66 128.63 118.14 110.26 88.49 87.86 83.03 89.29 -9999 -9999 -9999 -9999 54.83 49.74 53.38 57.11 57.75 57.29 64.01 58.95 55.24 47.45 49.11 53.12 44.47 51.02 58.54 65.41 57.89 45.91 47.74 48.51 43.86 42.06 43.58 43.15 54.38 59.81 59.66 62.14 60.50 67.55 66.69 75.16 75.06 76.48 82.58 78.93 85.24 74.58 68.86 74.27 70.75 61.48 59.50
-9999 -9999 -9999 -9999 -9999 -9999 -9999 -9999 -9999 -9999 -9999 -9999 -9999 -9999 -9999 -9999 -9999 -9999 -9999 -9999 -9999 101.53 120.26 113.12 105.56 87.99 78.94 74.12 -9999 -9999 -9999 -9999 59.65 68.88 64.66 56.80 56.56 57.08 64.12 64.90 59.53 54.29 51.56 53.57 52.47 55.22 56.89 59.83 61.37 57.41 51.00 44.81 42.17 42.00 43.95 36.96 47.58 50.11 53.42 58.19 61.70 59.71 72.36 75.46 89.78 79.94 88.13 82.76 82.04 79.69 80.59 70.85 71.94 67.02 65.42 70.75
-9999 -9999 -9999 -9999 -9999 -9999 -9999 -9999 -9999 -9999 -9999 -9999 -9999 -9999 -9999 -9999 -9999 -9999 -9999 -9999 -9999 -9999 96.54 70.55 81.14 72.65 68.08 64.28 -9999 -9999 -9999 55.78 62.08 58.52 53.15 51.38 60.20 53.25 52.18 51.58 60.62 55.52 51.69 58.95 59.88 58.75 53.87 60.42 56.34 53.72 51.51 48.77 47.00 47.65 45.16 47.63 50.56 52.87 51.75 59.32 67.32 78.08 83.08 85.30 76.14 83.69 91.93 84.66 84.95 77.68 84.47 85.04 76.17 74.43 73.18 76.81
-9999 -9999 -9999 -9999 -9999 -9999 -9999 -9999 -9999 -9999 -9999 -9999 -9999 -9999 -9999 -9999 -9999 -9999 -9999 -9999 -9999 -9999 -9999 -9999 -9999 -9999 -9999 -9999 -9999 -9999 61.41 61.83 65.10 72.82 70.55 61.92 61.68 63.19 57.55 57.39 59.78 46.53 45.05 47.19 48.51 49.79 49.76 57.01 59.62 59.55 56.10 61.96 54.77 56.11 57.82 58.46 65.63 55.27 62.61 65.96 73.40 81.75 86.12 83.36 87.14 85.16 87.40 96.06 98.83 98.66 89.87 95.23 91.92 83.07 67.50 80.58
-9999 -9999 -9999 -9999 -9999 -9999 -9999 -9999 -9999 -9999 -9999 -9999 -9999 -9999 -9999 -9999 -9999 -9999 -9999 -9999 -9999 -9999 -9999 -9999 -9999 -9999 -9999 -9999 -9999 -9999 57.50 69.90 70.84 103.09 93.41 69.12 71.26 71.15 64.53 66.41 56.17 46.40 45.34 46.42 51.68 53.27 54.03 60.81 63.69 70.41 61.61 58.10 71.09 65.80 63.31 63.06 64.61 63.18 64.02 72.64 79.06 80.94 87.45 92.42 104.18 88.16 95.63 104.75 104.80 105.53 110.97 93.37 96.88 85.79 80.68 79.33
-9999 -9999 -9999 -9999 -9999 -9999 -9999 -9999 -9999 -9999 -9999 -9999 -9999 -9999 -9999 -9999 -9999 -9999 -9999 -9999 -9999 -9999 -9999 -9999 -9999 -9999 -9999 -9999 -9999 -9999 51.33 58.02 60.54 77.30 82.67 82.76 90.73 80.08 75.87 66.69 57.08 46.72 60.02 60.71 60.27 61.41 55.72 53.79 53.94 60.88 65.95 66.56 67.54 65.63 63.08 72.25 69.97 68.97 73.21 80.15 79.05 87.78 91.50 97.90 105.54 92.93 110.19 107.39 106.69 104.42 79.00 65.11 93.98 101.20 80.93 73.73
-9999 -9999 -9999 -9999 -9999 -9999 -9999 -9999 -9999 -9999 -9999 -9999 -9999 95.84 119.64 96.27 112.79 101.17 104.02 93.80 95.89 63.77 80.19 56.00 -9999 -9999 -9999 -9999 -9999 -9999 49.40 53.32 48.57 56.56 61.09 81.78 82.58 80.88 72.57 66.57 59.86 62.10 65.58 62.25 64.08 60.84 52.97 50.38 52.74 55.83 56.09 56.68 74.94 67.48 73.11 80.91 90.66 86.79 88.97 92.78 90.93 85.05 95.29 106.74 113.80 113.36 105.49 106.76 96.91 82.38 80.31 88.21 80.78 80.50 72.96 63.82
-9999 -9999 -9999 -9999 -9999 -9999 -9999 -9999 -9999 -9999 -9999 -9999 -9999 110.70 128.79 126.68 85.77 124.86 138.83 114.54 104.83 89.52 77.48 64.12 57.11 62.46 58.11 54.03 58.71 60.28 47.03 46.96 48.77 54.61 62.84 65.48 59.50 72.40 80.77 61.71 71.67 66.39 62.06 62.97 62.13 50.52 54.01 54.21 55.00 63.72 63.24 76.79 71.51 77.30 84.96 90.21 89.05 105.21 110.14 96.37 91.88 88.01 96.70 103.46 103.46 135.33 115.27 106.66 105.17 88.73 90.27 85.28 90.79 89.20 75.78 71.18
-9999 -9999 -9999 -9999 -9999 -9999 -9999 -9999 -9999 -9999 -9999 -9999 71.04 106.03 105.41 102.34 105.95 135.13 143.03 135.26 111.13 106.67 92.51 76.29 68.37 69.55 67.19 68.77 59.93 52.19 48.30 46.63 53.51 55.22 55.42 67.82 71.90 63.49 66.84 76.61 66.02 74.18 73.28 61.79 58.43 59.28 58.78 57.99 58.46 53.24 61.28 71.63 75.07 79.21 80.52 86.21 101.59 109.31 110.58 106.53 105.31 111.88 95.38 91.29 109.93 111.96 112.67 107.44 101.06 93.83 99.34 106.69 99.21 86.84 82.98 90.84
-9999 -9999 -9999 -9999 -9999 -9999 -9999 -9999 -9999 -9999 -9999 -9999 -9999 88.29 91.56 82.47 91.43 106.94 106.35 121.94 106.39 91.50 77.95 79.67 86.15 74.87 65.69 61.94 59.79 56.17 51.89 59.88 51.67 57.20 61.38 57.63 55.37 58.32 62.09 67.60 61.25 73.13 87.16 65.99 60.20 73.96 68.93 64.87 62.97 65.51 65.15 70.74 82.39 79.19 83.75 101.26 114.60 117.66 117.46 119.77 114.24 125.07 108.32 104.20 102.28 99.30 114.65 99.76 78.62 108.75 116.27 126.19 120.16 103.19 98.23 98.93
-9999 -9999 -9999 -9999 -9999 -9999 -9999 -9999 -9999 102.23 -9999 -9999 76.25 76.57 84.96 75.57 82.23 84.44 84.57 85.09 81.98 82.23 77.24 80.39 75.39 69.91 63.92 55.27 54.37 55.58 56.93 47.88 54.72 61.94 58.71 59.09 61.02 65.46 61.63 61.61 54.80 65.18 61.43 62.03 72.77 75.10 67.50 65.23 67.12 70.58 73.46 82.21 73.74 84.16 99.60 98.84 120.38 121.92 136.14 117.34 116.63 114.85 107.48 109.82 109.75 109.21 106.87 106.44 112.97 104.45 114.63 110.94 93.33 88.62 97.95 102.44
-9999 -9999 -9999 -9999 -9999 -9999 -9999 -9999 108.61 121.53 122.55 95.31 80.55 97.63 92.00 85.54 76.28 81.66 78.72 87.34 82.67 85.11 83.25 72.92 67.14 60.32 59.37 54.90 58.06 63.78 62.00 55.43 57.84 62.31 67.16 64.15 64.77 59.70 58.21 59.76 62.03 71.25 66.93 70.62 84.02 74.64 74.92 75.32 71.69 78.95 81.96 79.28 82.31 83.14 96.47 104.23 109.06 120.81 119.98 136.11 116.54 118.42 126.28 118.17 117.26 115.47 105.21 105.72 100.26 100.68 107.67 101.78 92.22 96.13 90.51 97.99
-9999 -9999 -9999 -9999 -9999 -9999 -9999 -9999 111.68 131.56 104.51 95.83 83.96 90.71 79.49 88.68 89.18 84.35 81.33 88.46 79.50 86.79 84.28 66.91 73.92 70.62 76.56 78.33 72.39 66.18 61.46 58.06 68.47 66.63 68.63 65.17 66.15 61.06 63.18 57.43 53.74 59.69 97.23 70.09 72.80 78.41 69.85 67.93 81.30 79.44 76.54 78.16 78.92 82.24 91.61 100.24 121.27 135.19 133.91 120.35 144.76 125.29 134.74 138.17 131.46 122.36 117.01 103.05 97.97 108.54 117.40 97.60 99.63 87.80 95.86 96.99
-9999 -9999 -9999 -9999 -9999 -9999 -9999 -9999 91.15 96.84 110.12 103.96 86.86 71.64 76.46 78.47 71.89 69.69 75.39 83.11 78.80 80.76 75.07 71.34 69.90 67.96 81.43 83.09 98.32 78.62 73.40 70.42 88.28 70.05 80.51 68.24 71.01 69.14 66.44 61.16 58.41 64.26 65.95 78.65 85.54 77.69 73.23 70.62 77.78 86.03 81.39 85.93 82.46 99.75 86.58 103.32 114.86 126.96 124.66 119.00 137.75 124.76 127.43 159.83 118.62 147.79 130.09 100.45 100.22 130.24 128.94 113.19 90.19 91.37 90.41 86.78
-9999 -9999 -9999 -9999 -9999 -9999 -9999 -9999 74.47 94.49 93.95 95.85 82.64 78.89 72.31 64.51 72.36 71.09 72.55 76.98 75.39 69.12 74.02 77.78 71.25 70.02 82.60 83.64 81.45 85.48 83.22 96.62 86.95 84.27 85.02 96.87 72.97 74.26 73.82 70.35 68.44 64.40 69.31 73.26 83.28 76.51 74.39 74.01 77.76 84.94 86.22 86.76 94.99 83.05 89.54 106.96 126.10 109.01 111.29 109.17 110.17 104.22 109.89 108.39 103.98 120.43 109.23 98.59 94.01 97.36 94.50 108.88 86.88 83.10 100.54 95.14
-9999 -9999 -9999 -9999 -9999 -9999 -9999 -9999 72.79 82.90 81.04 90.28 80.96 79.57 74.39 70.53 66.11 74.51 66.43 67.89 65.14 66.53 68.83 65.69 68.68 69.91 74.57 78.73 82.38 79.77 77.36 96.47 107.07 104.16 103.03 95.60 91.32 93.08 88.33 73.94 70.95 66.99 67.05 69.30 73.28 70.41 68.53 66.90 78.41 81.81 80.33 92.71 88.52 85.52 94.32 113.47 97.22 95.82 94.35 84.51 91.00 87.67 94.94 97.32 102.24 101.36 92.66 82.67 -9999 -9999 79.18 79.93 80.73 84.73 82.50 102.99
-9999 -9999 -9999 -9999 -9999 -9999 -9999 91.81 81.67 84.32 79.47 88.52 82.60 86.87 80.76 85.58 73.81 79.65 74.08 63.48 62.22 66.79 66.48 66.48 63.09 67.86 71.18 85.58 89.42 78.66 81.74 82.45 75.39 87.47 78.10 82.23 93.44 90.03 75.20 69.40 69.06 72.19 67.13 60.31 67.77 67.11 65.46 67.35 77.34 77.61 75.49 84.53 86.29 105.82 -9999 -9999 93.37 95.75 96.41 87.30 86.40 85.63 88.72 -9999 -9999 -9999 -9999 -9999 -9999 -9999 -9999 -9999 -9999 80.10 79.09 84.67
-9999 -9999 -9999 -9999 -9999 -9999 102.13 107.07 97.28 89.88 79.70 82.74 78.91 92.84 90.30 101.34 98.42 104.17 78.19 79.43 88.67 65.33 68.18 62.46 71.12 69.34 80.21 76.99 87.02 77.51 78.61 63.80 67.38 62.18 70.92 79.70 84.49 80.79 77.16 76.00 75.92 74.81 67.74 63.80 69.11 68.30 70.98 67.88 69.13 75.69 73.02 -9999 91.59 112.24 104.58 96.71 94.06 -9999 -9999 -9999 -9999 78.52 -9999 -9999 -9999 -9999 -9999 -9999 -9999 -9999 -9999 -9999 -9999 -9999 -9999 -9999
-9999 -9999 -9999 -9999 -9999 91.92 114.14 116.41 105.99 84.75 74.26 74.20 74.15 72.74 120.89 141.79 156.03 123.50 98.89 125.01 114.67 94.83 85.22 79.72 80.68 77.45 65.42 64.77 58.39 -9999 -9999 -9999 -9999 -9999 57.44 72.75 77.72 72.48 73.05 77.66 81.51 81.42 73.41 81.83 74.76 -9999 -9999 -9999 -9999 -9999 91.70 94.36 99.69 121.82 107.22 110.03 92.19 -9999 -9999 -9999 -9999 -9999 -9999 -9999 -9999 -9999 -9999 -9999 -9999 -9999 -9999 -9999 -9999 -9999 -9999 -9999
-9999 -9999 -9999 -9999 77.34 102.24 131.22 121.61 121.17 89.47 84.46 66.82 81.33 96.31 126.90 165.48 180.88 150.66 138.23 125.28 128.81 97.41 85.01 68.78 61.16 67.24 -9999 -9999 -9999 -9999 -9999 -9999 -9999 -9999 -9999 55.52 65.96 60.95 58.17 75.75 90.73 83.19 92.42 86.97 88.35 -9999 -9999 -9999 -9999 -9999 -9999 -9999 84.02 107.97 91.29 116.35 -9999 -9999 -9999 -9999 -9999 -9999 -9999 -9999 -9999 -9999 -9999 -9999 -9999 -9999 -9999 -9999 -9999 -9999 -9999 -9999
-9999 66.09 67.78 71.54 69.40 96.87 111.33 119.91 114.78 97.81 89.27 83.53 99.44 111.82 114.36 171.73 179.81 153.27 136.25 122.56 98.64 110.51 94.73 74.13 -9999 -9999 -9999 -9999 -9999 -9999 -9999 -9999 -9999 -9999 -9999 -9999 -9999 58.30 -9999 -9999 -9999 -9999 78.64 98.16 94.31 -9999 -9999 -9999 -9999 -9999 -9999 -9999 -9999 87.12 99.48 86.73 -9999 -9999 -9999 -9999 -9999 -9999 -9999 -9999 -9999 -9999 -9999 -9999 -9999 -9999 -9999 -9999 -9999 -9999 -9999 -9999
-9999 74.38 69.87 76.67 86.33 92.68 112.47 115.88 116.91 106.62 96.70 102.78 99.19 103.94 119.83 170.30 198.27 158.75 138.73 114.18 77.92 83.68 82.81 -9999 -9999 -9999 -9999 -9999 -9999 -9999 -9999 -9999 -9999 -9999 -9999 -9999 -9999 47.51 -9999 -9999 -9999 -9999 -9999 -9999 -9999 -9999 -9999 -9999 -9999 -9999 -9999 -9999 -9999 -9999 -9999 -9999 -9999 -9999 -9999 -9999 -9999 -9999 -9999 -9999 -9999 -9999 -9999 -9999 -9999 -9999 -9999 -9999 -9999 -9999 -9999 -9999
-9999 75.14 79.07 87.88 88.19 98.05 103.78 105.27 109.41 93.42 95.01 105.13 92.97 102.69 114.33 169.46 198.28 211.34 147.71 119.89 92.88 84.63 83.41 -9999 -9999 -9999 -9999 -9999 -9999 -9999 -9999 -9999 -9999 -9999 -9999 -9999 -9999 -9999 -9999 -9999 -9999 -9999 -9999 -9999 -9999 -9999 -9999 -9999 -9999 -9999 -9999 -9999 -9999 -9999 -9999 -9999 -9999 -9999 -9999 -9999 -9999 -9999 -9999 -9999 -9999 -9999 -9999 -9999 -9999 -9999 -9999 -9999 -9999 -9999 -9999 -9999
77.84 77.71 89.48 104.99 103.49 98.10 98.83 99.68 117.43 109.76 91.67 92.52 93.10 97.12 114.03 130.88 190.01 195.27 153.22 124.49 95.20 90.06 65.72 -9999 -9999 -9999 -9999 -9999 -9999 -9999 -9999 -9999 -9999 -9999 -9999 -9999 -9999 -9999 -9999 -9999 -9999 -9999 -9999 -9999 -9999 -9999 -9999 -9999 -9999 -9999 -9999 -9999 -9999 -9999 -9999 -9999 -9999 -9999 -9999 -9999 -9999 -9999 -9999 -9999 -9999 -9999 -9999 -9999 -9999 -9999 -9999 -9999 -9999 -9999 -9999 -9999
