Rainfall_2007-2011/Rainfall_2010-07_ACTUAL.txt
ncols         180
nrows         290
xllcorner     -200000
yllcorner     -200000
cellsize      5000
NODATA_value  -9999
[rows 136 to 169 of 290, columns 75 to 149 of 180]
-9999 -9999 -9999 -9999 101.66 104.57 102.67 124.30 129.56 143.26 131.35 118.42 127.94 147.02 187.57 264.66 221.94 185.29 159.19 152.82 144.45 155.87 158.57 179.88 173.22 174.35 148.00 143.43 140.15 130.94 122.52 98.19 107.27 114.15 125.48 128.95 122.51 122.72 111.84 101.39 103.21 91.54 69.99 79.84 90.94 79.25 68.01 80.94 84.84 78.94 75.78 70.27 73.55 -9999 -9999 -9999 -9999 -9999 -9999 -9999 -9999 -9999 -9999 -9999 -9999 -9999 -9999 -9999 -9999 -9999 -9999 -9999 -9999 -9999 -9999
-9999 -9999 -9999 -9999 92.94 91.90 82.75 98.98 97.61 134.76 117.36 105.50 114.27 122.88 157.66 214.85 211.67 201.87 171.30 134.68 136.54 157.13 169.57 215.12 208.38 -9999 -9999 -9999 130.36 120.80 -9999 102.99 97.88 112.48 118.70 100.98 111.53 109.94 89.92 81.21 97.02 86.43 77.16 75.73 67.40 60.89 64.77 72.27 84.47 67.33 65.38 68.19 64.14 -9999 -9999 -9999 -9999 -9999 -9999 -9999 -9999 -9999 -9999 -9999 -9999 -9999 -9999 -9999 -9999 -9999 -9999 -9999 -9999 -9999 -9999
-9999 -9999 -9999 -9999 83.38 95.55 75.62 71.03 84.32 109.98 119.72 109.75 113.74 126.81 136.94 206.10 189.01 193.58 175.95 142.89 160.02 145.49 154.21 155.34 175.88 -9999 -9999 -9999 147.54 124.92 113.23 106.83 103.21 103.83 109.96 120.62 127.43 122.54 92.11 92.07 87.64 96.86 89.30 73.70 72.60 69.68 78.19 67.23 70.28 80.38 66.12 52.68 54.54 -9999 -9999 -9999 -9999 -9999 -9999 -9999 -9999 -9999 -9999 -9999 -9999 -9999 -9999 -9999 -9999 -9999 -9999 -9999 -9999 -9999 -9999
-9999 -9999 -9999 -9999 -9999 86.84 77.34 65.61 -9999 104.22 116.37 113.51 114.46 110.12 -9999 134.75 126.89 137.95 130.35 137.07 151.77 131.82 129.09 -9999 -9999 -9999 -9999 115.74 125.64 129.85 108.31 112.63 103.83 99.40 109.42 119.86 147.43 146.52 91.97 102.83 99.57 89.10 90.97 78.32 89.59 77.86 72.05 76.87 68.17 70.04 58.67 53.43 49.79 50.40 -9999 -9999 -9999 -9999 -9999 -9999 -9999 -9999 -9999 -9999 -9999 -9999 -9999 -9999 -9999 -9999 -9999 -9999 -9999 -9999 -9999
-9999 -9999 -9999 -9999 -9999 -9999 64.30 -9999 -9999 -9999 95.68 92.16 96.35 98.05 78.93 -9999 -9999 112.80 114.20 134.84 154.84 -9999 -9999 -9999 -9999 -9999 112.09 130.49 139.75 148.95 117.04 113.88 98.75 87.22 97.92 116.79 123.15 126.73 121.52 94.67 112.83 107.65 104.19 98.20 100.43 97.36 89.55 77.60 78.47 75.39 58.47 56.96 59.41 56.64 -9999 -9999 -9999 -9999 -9999 -9999 -9999 -9999 -9999 -9999 -9999 -9999 -9999 -9999 -9999 -9999 -9999 -9999 -9999 -9999 -9999
-9999 -9999 -9999 -9999 -9999 -9999 54.16 51.91 -9999 -9999 -9999 81.07 91.59 97.72 83.59 -9999 -9999 -9999 -9999 125.81 -9999 -9999 -9999 -9999 -9999 -9999 132.94 143.93 149.49 151.92 143.58 126.89 85.95 73.26 83.80 107.00 103.47 112.48 124.95 103.69 124.45 114.10 111.22 99.16 103.07 108.13 91.75 88.10 78.89 66.08 54.42 58.99 60.46 51.61 -9999 -9999 -9999 -9999 -9999 -9999 -9999 -9999 -9999 -9999 -9999 -9999 -9999 -9999 -9999 -9999 -9999 -9999 -9999 -9999 -9999
-9999 -9999 -9999 -9999 -9999 -9999 -9999 60.21 -9999 -9999 -9999 -9999 86.34 89.05 86.47 -9999 -9999 -9999 -9999 -9999 -9999 -9999 -9999 -9999 -9999 168.75 161.07 185.19 159.27 169.66 171.92 145.03 120.14 104.42 96.53 79.66 88.74 115.54 156.35 156.74 133.45 115.97 92.27 99.46 96.64 85.32 84.96 98.06 89.13 65.36 61.17 57.80 60.57 53.14 55.73 -9999 -9999 -9999 -9999 -9999 -9999 -9999 -9999 -9999 -9999 -9999 -9999 -9999 -9999 -9999 -9999 -9999 -9999 -9999 -9999
-9999 -9999 -9999 -9999 -9999 -9999 -9999 73.36 -9999 -9999 -9999 -9999 -9999 -9999 -9999 -9999 -9999 -9999 -9999 -9999 -9999 -9999 -9999 -9999 -9999 173.03 182.13 170.00 166.74 120.04 209.39 190.14 136.75 128.26 88.42 85.55 62.96 80.61 133.10 173.91 154.54 115.94 145.23 153.02 135.42 116.45 131.23 89.51 83.38 70.20 69.05 62.14 58.84 58.04 65.09 63.86 -9999 -9999 -9999 -9999 -9999 -9999 -9999 -9999 -9999 -9999 -9999 -9999 -9999 -9999 -9999 -9999 -9999 -9999 -9999
-9999 -9999 -9999 -9999 -9999 -9999 -9999 -9999 -9999 -9999 -9999 -9999 -9999 -9999 -9999 -9999 -9999 -9999 -9999 -9999 -9999 -9999 -9999 -9999 154.11 178.22 177.59 187.40 261.82 206.71 303.43 242.77 149.90 105.03 102.76 84.80 71.36 71.12 109.35 194.91 175.26 125.49 117.77 114.22 120.34 110.65 107.44 92.37 101.57 75.66 58.89 41.92 54.39 56.86 54.53 51.50 -9999 -9999 -9999 -9999 -9999 -9999 -9999 -9999 -9999 -9999 -9999 -9999 -9999 -9999 -9999 -9999 -9999 -9999 -9999
-9999 -9999 -9999 -9999 -9999 -9999 -9999 -9999 -9999 -9999 -9999 -9999 -9999 -9999 -9999 -9999 -9999 -9999 -9999 -9999 -9999 -9999 -9999 -9999 166.38 196.25 228.59 254.28 312.76 260.28 218.13 250.14 204.86 164.45 141.21 101.28 108.75 98.02 106.25 142.71 201.16 165.07 133.50 99.92 101.98 91.47 86.30 86.06 95.62 81.37 63.70 46.78 48.03 52.74 46.51 39.31 32.17 25.51 30.94 -9999 -9999 -9999 -9999 -9999 -9999 -9999 -9999 -9999 -9999 -9999 -9999 -9999 -9999 -9999 -9999
103.12 -9999 -9999 -9999 -9999 -9999 -9999 -9999 -9999 -9999 -9999 -9999 -9999 -9999 -9999 -9999 -9999 -9999 -9999 -9999 -9999 -9999 -9999 -9999 151.01 188.39 249.00 287.04 326.14 323.81 332.11 325.40 273.31 221.60 218.17 172.75 143.52 118.50 86.65 95.22 133.71 123.57 121.28 97.81 94.82 74.81 78.92 83.60 77.94 70.94 58.83 49.65 50.19 51.14 40.19 39.36 46.43 39.94 49.24 37.86 33.41 -9999 -9999 -9999 -9999 -9999 -9999 -9999 -9999 -9999 -9999 -9999 -9999 -9999 -9999
-9999 -9999 -9999 -9999 -9999 -9999 -9999 -9999 -9999 -9999 -9999 -9999 -9999 -9999 -9999 -9999 -9999 -9999 -9999 -9999 -9999 -9999 -9999 -9999 133.45 215.63 303.47 427.43 580.58 594.16 377.07 361.42 362.70 385.86 289.89 309.76 230.62 168.97 121.30 118.53 108.77 92.38 110.16 87.61 83.14 79.54 83.54 80.05 82.05 67.50 56.36 52.62 58.98 54.26 51.98 43.68 40.93 46.03 63.15 48.33 43.55 43.07 31.33 -9999 -9999 -9999 -9999 -9999 -9999 -9999 -9999 -9999 -9999 -9999 -9999
-9999 -9999 -9999 -9999 -9999 -9999 -9999 -9999 -9999 -9999 -9999 -9999 -9999 -9999 -9999 -9999 -9999 -9999 -9999 -9999 -9999 -9999 -9999 -9999 156.93 179.63 262.30 338.30 404.75 600.11 536.89 367.08 380.39 357.99 398.77 356.90 271.41 232.87 193.61 141.48 106.37 160.75 134.25 116.49 114.08 104.24 99.07 84.56 89.04 70.39 70.73 71.39 68.89 61.93 55.76 47.08 32.75 43.09 42.77 46.14 43.97 46.89 33.37 40.55 -9999 -9999 -9999 -9999 -9999 -9999 -9999 -9999 -9999 -9999 -9999
-9999 -9999 -9999 -9999 -9999 -9999 -9999 -9999 -9999 -9999 -9999 -9999 90.60 85.23 82.06 -9999 -9999 -9999 -9999 -9999 -9999 -9999 -9999 -9999 -9999 127.52 192.60 249.95 279.13 320.28 426.31 339.49 298.30 316.64 347.50 320.21 292.38 305.80 246.40 188.58 147.15 163.85 130.74 144.34 130.82 98.26 92.12 93.21 76.54 69.96 73.89 82.59 76.30 64.40 51.24 60.11 46.76 64.24 60.63 54.76 55.19 43.67 46.18 42.87 31.93 -9999 -9999 -9999 -9999 -9999 -9999 -9999 -9999 -9999 -9999
-9999 -9999 -9999 -9999 -9999 -9999 -9999 -9999 -9999 -9999 -9999 -9999 83.01 96.02 -9999 -9999 -9999 -9999 -9999 -9999 -9999 -9999 -9999 -9999 -9999 -9999 188.36 240.08 309.96 319.29 433.37 323.99 320.71 297.71 282.48 231.23 278.74 218.46 303.11 237.29 178.28 199.69 147.02 109.80 133.15 115.79 79.31 95.24 78.49 72.24 70.34 77.76 76.88 67.91 59.02 63.34 56.64 54.90 53.92 50.93 56.95 52.38 51.80 41.42 39.10 -9999 -9999 -9999 -9999 -9999 -9999 -9999 -9999 -9999 -9999
-9999 -9999 -9999 -9999 -9999 -9999 -9999 -9999 -9999 -9999 -9999 98.88 115.03 130.78 116.59 -9999 -9999 -9999 -9999 -9999 -9999 -9999 -9999 -9999 -9999 -9999 160.73 233.17 300.49 286.32 304.88 307.98 274.79 253.67 246.16 220.51 238.48 221.53 213.83 264.34 191.73 181.41 150.11 133.14 139.07 105.09 114.59 87.47 73.54 72.20 72.91 81.47 74.33 71.97 64.44 55.02 58.80 57.78 54.99 52.32 51.05 51.07 51.12 38.73 40.20 31.86 -9999 -9999 -9999 -9999 -9999 -9999 -9999 -9999 -9999
-9999 -9999 -9999 -9999 -9999 -9999 -9999 -9999 -9999 -9999 114.31 148.10 135.22 162.26 105.69 -9999 -9999 -9999 -9999 -9999 -9999 -9999 -9999 -9999 -9999 -9999 194.29 232.18 296.55 223.16 264.49 239.96 251.05 230.62 210.79 214.35 236.61 212.82 251.58 229.75 216.83 189.36 182.10 118.15 117.20 99.47 133.39 82.30 64.88 71.07 68.70 66.24 64.05 64.71 62.09 54.33 51.09 49.09 49.53 43.98 49.43 49.93 50.64 38.00 32.31 36.51 -9999 -9999 -9999 -9999 -9999 -9999 -9999 -9999 -9999
-9999 -9999 -9999 -9999 -9999 -9999 -9999 -9999 -9999 91.70 115.71 174.62 137.07 125.07 -9999 -9999 -9999 -9999 -9999 -9999 -9999 -9999 -9999 -9999 -9999 -9999 -9999 224.66 234.76 196.79 340.66 228.93 213.12 196.06 174.89 193.67 234.34 219.49 255.20 240.35 237.06 224.47 198.18 175.70 148.71 157.53 134.96 91.94 89.85 69.67 68.14 57.96 49.94 50.89 53.33 66.14 58.35 47.58 43.23 37.81 39.68 39.90 38.75 40.38 27.47 25.34 29.34 25.78 -9999 -9999 -9999 -9999 -9999 -9999 -9999
-9999 -9999 -9999 -9999 -9999 -9999 -9999 -9999 -9999 129.00 156.75 138.49 108.17 111.53 -9999 -9999 -9999 -9999 -9999 -9999 -9999 -9999 -9999 -9999 -9999 -9999 -9999 -9999 198.56 171.44 182.77 169.40 186.01 183.81 190.92 185.76 215.12 192.71 244.13 213.50 208.15 186.40 176.99 151.12 159.32 139.85 68.68 119.03 101.44 90.22 66.86 57.24 47.33 46.66 55.23 51.62 55.61 50.06 40.39 36.90 37.36 38.47 37.85 37.05 28.16 30.84 30.70 25.87 -9999 -9999 -9999 -9999 -9999 -9999 -9999
-9999 -9999 -9999 -9999 -9999 -9999 -9999 -9999 -9999 122.58 127.72 155.32 112.51 -9999 -9999 -9999 -9999 -9999 -9999 -9999 -9999 -9999 -9999 -9999 -9999 -9999 -9999 -9999 164.43 174.49 179.09 -9999 162.86 -9999 158.28 168.43 162.30 140.39 156.86 171.82 154.32 166.01 195.06 144.14 112.28 164.41 150.55 127.12 150.24 78.79 66.52 62.55 55.79 54.85 53.96 51.81 53.72 53.01 42.97 49.50 50.35 41.46 40.65 41.04 33.19 30.55 30.00 31.41 32.34 31.21 -9999 -9999 -9999 -9999 -9999
-9999 -9999 -9999 -9999 -9999 -9999 -9999 -9999 96.44 88.95 85.77 -9999 -9999 -9999 -9999 -9999 -9999 -9999 -9999 -9999 -9999 -9999 -9999 -9999 -9999 -9999 -9999 -9999 168.79 161.30 165.19 -9999 -9999 -9999 154.03 185.63 160.59 143.56 138.47 129.35 125.35 128.92 165.76 158.76 116.14 140.01 150.55 141.36 116.78 84.16 72.59 59.06 65.38 56.74 51.05 43.22 50.20 52.47 49.97 55.30 61.01 48.25 39.54 40.83 38.36 36.93 35.01 30.80 29.67 29.18 -9999 -9999 -9999 -9999 -9999
-9999 -9999 -9999 -9999 -9999 -9999 -9999 -9999 -9999 -9999 -9999 -9999 -9999 -9999 -9999 -9999 -9999 -9999 -9999 -9999 -9999 -9999 -9999 -9999 -9999 -9999 -9999 -9999 -9999 -9999 -9999 -9999 -9999 148.21 151.62 184.72 215.38 174.05 218.44 193.69 129.12 130.87 159.85 141.11 137.45 119.76 132.72 175.15 144.20 85.24 74.92 70.68 65.08 55.44 52.60 49.73 49.47 52.96 53.28 53.31 56.63 59.85 42.74 38.18 35.36 38.76 34.16 34.28 32.52 -9999 -9999 -9999 -9999 -9999 -9999
-9999 -9999 -9999 -9999 -9999 -9999 -9999 -9999 -9999 -9999 -9999 -9999 -9999 -9999 -9999 -9999 -9999 -9999 -9999 -9999 -9999 -9999 -9999 -9999 -9999 -9999 -9999 -9999 -9999 -9999 -9999 -9999 -9999 141.47 159.16 209.34 265.22 242.77 246.71 205.18 160.50 116.38 138.16 120.54 137.00 140.35 120.81 103.05 102.16 82.93 82.20 79.84 63.58 59.40 51.69 48.79 45.32 47.13 50.56 52.56 51.65 57.78 44.74 29.73 31.66 32.74 32.97 38.61 38.12 -9999 -9999 -9999 -9999 -9999 -9999
-9999 -9999 -9999 -9999 -9999 -9999 -9999 -9999 -9999 -9999 -9999 -9999 -9999 -9999 -9999 -9999 -9999 -9999 -9999 -9999 -9999 -9999 -9999 -9999 -9999 -9999 -9999 -9999 -9999 -9999 -9999 -9999 -9999 129.15 150.82 175.69 189.90 219.44 203.14 169.13 138.22 118.95 114.04 95.78 109.31 113.65 86.53 101.80 80.24 78.50 86.64 79.15 61.94 52.73 42.13 51.68 43.17 45.68 48.50 52.65 49.03 49.31 45.24 33.60 29.51 26.38 26.94 35.25 38.22 -9999 -9999 -9999 -9999 -9999 -9999
-9999 -9999 -9999 -9999 -9999 -9999 -9999 -9999 -9999 -9999 -9999 -9999 -9999 -9999 -9999 -9999 -9999 -9999 -9999 -9999 -9999 -9999 -9999 -9999 -9999 -9999 -9999 -9999 -9999 -9999 -9999 108.97 123.98 129.88 142.62 202.47 207.46 230.93 183.82 183.54 138.79 125.92 99.69 103.32 109.17 105.47 112.53 85.00 78.39 78.43 76.36 67.59 66.36 55.33 54.07 51.06 42.07 41.11 49.01 50.47 47.38 43.94 43.20 31.23 24.68 23.20 19.57 26.42 33.95 34.74 -9999 -9999 -9999 -9999 -9999
-9999 -9999 -9999 -9999 -9999 -9999 -9999 -9999 -9999 -9999 -9999 -9999 -9999 -9999 -9999 -9999 -9999 -9999 -9999 -9999 -9999 -9999 -9999 -9999 -9999 -9999 -9999 -9999 -9999 -9999 -9999 121.05 128.55 130.12 146.75 163.55 198.41 161.54 158.01 142.43 152.64 156.41 116.84 100.10 102.46 112.23 88.78 83.42 78.13 87.19 90.42 84.59 64.73 54.28 51.41 47.22 45.91 44.83 46.90 52.27 44.46 45.29 34.60 30.93 25.41 20.76 21.34 23.66 28.76 34.50 -9999 -9999 -9999 -9999 -9999
-9999 -9999 -9999 -9999 -9999 -9999 -9999 -9999 -9999 -9999 -9999 -9999 -9999 -9999 -9999 -9999 -9999 -9999 -9999 -9999 -9999 -9999 -9999 -9999 -9999 -9999 -9999 -9999 -9999 -9999 -9999 126.95 127.35 134.60 160.95 161.38 171.01 171.33 147.11 140.93 163.92 123.40 123.72 87.12 114.55 93.71 79.74 68.37 78.96 83.64 87.18 74.44 70.17 56.13 50.84 45.63 46.27 47.00 45.25 50.64 40.16 42.60 37.72 34.17 28.40 26.48 21.76 18.65 23.76 27.14 27.45 -9999 -9999 -9999 -9999
-9999 -9999 -9999 -9999 -9999 -9999 -9999 -9999 -9999 -9999 -9999 -9999 -9999 -9999 -9999 -9999 -9999 -9999 -9999 -9999 -9999 -9999 -9999 -9999 -9999 -9999 -9999 -9999 -9999 -9999 -9999 115.55 132.14 132.85 149.53 170.31 162.90 158.79 149.44 144.00 127.91 102.98 105.35 121.00 107.61 112.24 89.19 79.40 72.34 89.12 72.41 65.24 71.59 63.47 50.92 44.95 51.91 38.16 39.28 40.47 38.75 38.33 35.07 35.25 28.32 21.70 22.83 20.22 23.23 28.47 28.76 26.29 -9999 -9999 -9999
-9999 -9999 -9999 -9999 -9999 -9999 -9999 -9999 -9999 -9999 -9999 -9999 -9999 -9999 -9999 -9999 -9999 -9999 -9999 -9999 -9999 -9999 -9999 -9999 -9999 -9999 -9999 -9999 -9999 -9999 -9999 136.73 133.41 128.31 130.76 170.71 162.47 172.50 135.42 132.85 128.23 150.22 133.25 135.06 105.79 95.64 64.84 76.60 72.65 88.78 82.06 71.95 69.28 50.95 46.92 40.38 44.43 40.88 35.99 41.49 39.67 34.12 31.24 28.28 26.73 24.91 24.28 23.63 29.09 36.16 30.88 26.89 -9999 -9999 -9999
-9999 -9999 -9999 -9999 -9999 -9999 -9999 -9999 -9999 -9999 -9999 -9999 -9999 -9999 -9999 -9999 -9999 -9999 -9999 -9999 -9999 -9999 -9999 -9999 -9999 -9999 -9999 -9999 -9999 -9999 -9999 -9999 123.31 124.93 128.77 136.29 162.77 159.51 171.44 165.55 144.31 125.31 130.44 119.25 105.01 90.76 63.18 63.96 73.64 69.95 96.68 67.72 61.97 56.13 41.93 38.97 36.56 39.96 39.59 38.48 37.63 32.18 30.55 25.19 24.66 24.08 27.06 26.13 -9999 35.87 30.98 25.44 23.31 -9999 -9999
-9999 -9999 -9999 -9999 -9999 -9999 -9999 -9999 -9999 -9999 -9999 -9999 -9999 -9999 -9999 -9999 -9999 -9999 -9999 -9999 -9999 -9999 -9999 -9999 -9999 -9999 -9999 -9999 -9999 -9999 -9999 138.51 130.63 135.45 146.49 166.05 190.44 170.39 185.08 145.87 155.82 132.23 135.04 115.58 121.65 105.17 98.05 73.40 65.52 74.24 66.25 53.26 59.82 57.10 44.11 34.06 38.16 40.51 39.41 36.92 36.87 33.14 23.71 23.14 22.80 22.87 28.24 26.11 28.69 -9999 31.78 27.37 23.93 20.78 -9999
-9999 -9999 -9999 -9999 -9999 -9999 -9999 -9999 -9999 -9999 -9999 -9999 -9999 -9999 -9999 -9999 -9999 -9999 -9999 -9999 -9999 -9999 -9999 -9999 -9999 -9999 -9999 -9999 -9999 -9999 -9999 147.84 192.51 161.87 181.84 199.61 183.60 147.52 151.07 117.88 119.00 108.36 82.29 114.82 104.62 94.51 97.30 74.14 68.91 60.44 57.66 66.53 59.43 58.11 45.80 42.37 41.03 41.10 39.07 33.50 38.58 44.23 29.92 22.37 22.99 19.34 24.88 26.61 27.59 30.59 -9999 -9999 -9999 -9999 -9999
-9999 -9999 -9999 -9999 -9999 -9999 -9999 -9999 -9999 -9999 -9999 -9999 -9999 -9999 -9999 -9999 -9999 -9999 -9999 -9999 -9999 -9999 -9999 -9999 -9999 -9999 -9999 -9999 -9999 -9999 130.53 141.63 145.93 170.77 175.66 150.74 163.54 145.54 138.20 114.61 102.81 106.14 90.39 97.52 115.34 125.36 111.46 89.59 88.78 73.82 72.34 69.11 57.15 56.38 46.82 43.42 42.44 39.95 29.08 32.16 32.40 43.70 33.08 24.40 25.16 26.78 29.09 29.47 29.22 27.73 26.74 29.70 -9999 -9999 -9999
-9999 -9999 -9999 -9999 -9999 -9999 -9999 -9999 -9999 -9999 -9999 -9999 -9999 -9999 -9999 -9999 -9999 -9999 -9999 -9999 -9999 -9999 -9999 -9999 -9999 -9999 -9999 -9999 -9999 -9999 -9999 138.18 166.92 168.74 146.01 149.87 140.31 116.90 84.98 100.98 97.99 90.17 91.26 94.16 103.46 139.85 136.84 135.08 100.31 73.12 70.98 62.46 63.72 51.17 48.25 47.83 41.40 38.76 36.15 30.63 26.66 25.68 28.98 26.15 23.70 24.68 29.88 34.91 33.63 31.90 26.72 28.16 28.49 27.78 -9999
