Rainfall_2007-2011/Rainfall_2010-03_ACTUAL.txt
ncols         180
nrows         290
xllcorner     -200000
yllcorner     -200000
cellsize      5000
NODATA_value  -9999
[rows 170 to 203 of 290, columns 76 to 151 of 180]
-9999 -9999 -9999 -9999 -9999 -9999 -9999 -9999 -9999 -9999 -9999 -9999 -9999 -9999 -9999 -9999 -9999 -9999 -9999 -9999 -9999 -9999 -9999 -9999 -9999 -9999 -9999 -9999 -9999 -9999 56.56 62.93 59.96 54.40 49.92 52.13 50.65 48.83 52.29 53.33 54.42 57.89 70.11 70.59 70.58 93.62 103.19 98.05 77.57 67.77 57.84 50.77 50.90 43.72 43.39 38.89 38.01 34.07 38.56 39.95 43.09 41.75 41.33 37.24 36.66 36.87 36.40 43.83 46.82 39.59 29.57 28.96 26.57 -9999 -9999 -9999
-9999 -9999 -9999 -9999 -9999 -9999 -9999 -9999 -9999 -9999 121.07 103.99 91.11 90.28 -9999 -9999 -9999 -9999 -9999 -9999 -9999 -9999 -9999 -9999 -9999 -9999 -9999 -9999 -9999 41.95 51.97 58.67 57.81 54.04 51.45 42.67 40.52 44.86 46.74 47.85 54.21 56.34 63.60 70.93 82.71 85.56 98.58 85.39 85.12 73.10 53.83 57.04 47.06 49.73 39.93 36.82 39.24 35.09 33.31 38.96 46.59 42.52 42.16 40.98 38.69 35.96 37.88 43.84 50.58 46.52 34.64 32.42 31.82 33.36 -9999 -9999
-9999 -9999 -9999 -9999 -9999 -9999 -9999 -9999 -9999 -9999 104.69 99.84 106.97 95.71 -9999 -9999 -9999 -9999 -9999 -9999 -9999 -9999 -9999 -9999 -9999 -9999 -9999 -9999 45.47 43.28 46.20 54.40 61.18 54.46 43.54 34.52 40.46 42.90 44.32 48.62 47.81 49.81 54.54 56.33 61.73 77.58 105.32 92.14 82.91 72.78 62.04 53.83 50.95 46.98 41.88 38.55 39.35 36.03 33.81 41.14 46.52 41.84 43.04 46.23 40.50 41.05 36.86 46.51 45.24 42.58 35.45 37.67 36.08 36.36 -9999 -9999
-9999 -9999 -9999 -9999 -9999 -9999 -9999 -9999 86.60 96.42 91.89 101.64 102.09 103.23 100.47 67.51 70.98 -9999 -9999 35.28 45.16 -9999 -9999 -9999 39.21 46.97 46.74 -9999 40.48 47.48 46.09 45.33 45.06 46.12 40.62 41.95 47.10 45.68 46.56 44.47 49.29 48.86 48.76 64.90 59.17 69.85 90.72 76.77 77.79 80.79 61.54 64.04 55.35 48.23 45.64 48.30 47.65 39.24 37.12 41.22 40.44 46.79 38.73 51.08 42.18 40.77 39.26 43.57 41.39 40.38 39.45 38.01 34.56 36.62 37.50 -9999
-9999 -9999 -9999 -9999 -9999 -9999 -9999 -9999 -9999 91.14 82.90 88.82 88.26 94.19 83.97 76.93 74.96 -9999 46.16 53.30 60.26 51.91 40.02 39.33 38.07 46.50 42.93 41.90 -9999 40.44 41.80 42.05 41.70 43.20 42.33 39.62 41.55 42.60 42.74 47.57 48.36 55.92 52.95 65.42 79.30 80.05 77.26 67.39 84.77 70.02 63.42 49.22 45.10 51.45 50.52 50.16 51.96 45.03 44.03 46.29 42.44 43.50 42.19 46.20 42.89 39.69 40.48 40.81 39.22 38.61 44.13 39.90 37.31 37.27 36.92 -9999
-9999 -9999 -9999 -9999 -9999 -9999 -9999 -9999 -9999 -9999 80.78 79.41 85.83 84.55 66.41 70.11 77.11 82.28 107.21 68.33 68.61 63.43 55.68 43.78 42.99 40.61 46.84 50.62 46.73 42.81 40.21 43.00 44.32 38.49 41.65 46.29 42.35 41.57 39.55 44.66 47.40 53.43 44.30 66.19 79.29 79.11 75.29 72.62 67.49 69.11 72.56 52.87 46.60 49.19 47.63 50.09 51.49 46.73 46.75 45.49 41.79 41.00 40.74 40.34 44.12 41.22 39.52 37.67 36.41 39.01 41.79 33.83 34.98 36.65 37.58 39.57
-9999 -9999 -9999 -9999 -9999 -9999 -9999 -9999 -9999 -9999 -9999 73.74 68.33 78.32 74.68 74.79 96.08 134.40 125.04 93.66 77.76 64.59 64.04 55.14 47.94 46.43 64.49 51.37 51.06 47.86 45.59 40.86 35.11 34.85 42.65 48.62 37.66 39.07 38.79 41.60 43.30 46.24 57.77 66.83 93.97 71.13 80.06 80.15 67.82 69.14 84.34 74.61 61.60 53.82 51.60 50.57 53.59 46.35 45.65 43.31 38.64 39.86 43.74 42.19 40.45 40.12 37.96 34.03 34.59 38.41 42.69 35.37 35.00 37.66 39.39 39.42
-9999 -9999 -9999 -9999 -9999 -9999 -9999 -9999 -9999 -9999 -9999 -9999 75.08 80.77 107.01 120.84 135.34 162.41 153.83 111.70 106.22 95.68 77.79 68.37 66.82 58.65 49.41 63.29 52.09 46.81 50.46 42.75 40.10 38.30 37.08 38.49 37.57 36.42 39.47 41.54 40.00 43.27 57.05 67.59 71.69 69.68 69.56 80.42 83.27 66.59 77.25 73.50 62.12 58.24 56.47 57.22 57.63 47.66 47.49 42.86 35.95 38.83 32.59 41.05 39.50 37.35 36.65 34.52 36.48 37.31 38.13 30.42 34.84 37.05 39.62 38.11
-9999 -9999 -9999 -9999 -9999 -9999 -9999 -9999 -9999 -9999 -9999 -9999 78.42 87.07 127.47 154.95 212.44 197.65 146.53 111.52 100.42 102.11 83.81 76.71 72.62 76.68 50.43 49.61 56.56 59.51 54.94 43.59 49.28 41.99 38.63 39.26 39.53 36.54 38.19 42.75 39.61 44.25 58.28 53.13 52.21 72.86 82.60 84.55 67.38 69.41 71.53 74.57 56.35 57.72 55.27 61.85 59.54 47.09 43.97 40.34 37.82 39.17 38.67 39.07 40.41 38.02 36.16 33.69 36.17 33.43 33.20 36.59 35.19 38.00 38.68 -9999
-9999 -9999 -9999 -9999 -9999 -9999 -9999 -9999 -9999 -9999 -9999 -9999 91.21 108.27 133.86 162.47 233.98 192.72 134.31 108.44 84.69 82.90 61.17 59.63 69.09 60.54 52.18 61.64 51.50 54.79 48.63 48.24 48.17 44.07 43.08 42.75 40.22 38.68 39.16 42.87 45.32 48.74 52.37 61.38 74.06 69.86 75.28 79.22 65.96 69.03 62.57 56.66 55.68 51.75 51.66 55.93 49.15 49.94 40.94 38.75 40.22 39.89 36.91 46.52 41.34 37.51 35.04 34.05 33.48 30.96 29.81 35.90 36.74 36.79 -9999 -9999
-9999 -9999 -9999 -9999 -9999 -9999 -9999 -9999 -9999 -9999 -9999 101.70 149.49 112.96 153.29 170.09 156.04 179.48 138.42 111.67 101.21 102.89 72.16 58.95 50.06 56.01 62.08 70.75 65.84 64.02 52.24 44.35 42.76 47.84 46.81 42.76 40.60 39.44 40.11 46.40 51.18 46.26 58.22 54.41 52.41 61.44 71.66 60.98 66.35 59.73 60.39 58.87 51.76 36.01 50.92 47.89 47.32 47.79 44.25 39.23 38.98 39.66 37.98 44.56 41.62 36.81 36.15 35.15 34.06 31.34 36.32 35.79 34.87 -9999 -9999 -9999
-9999 -9999 -9999 -9999 -9999 -9999 -9999 -9999 -9999 94.52 87.95 107.07 114.17 110.06 106.19 125.62 103.24 126.00 120.19 116.06 108.50 115.29 67.87 78.09 60.26 66.37 67.03 57.20 62.57 67.04 60.79 52.73 44.91 53.71 56.28 47.07 41.86 40.06 45.50 48.53 51.51 53.58 54.35 57.24 57.70 52.14 55.02 59.70 53.39 48.90 52.49 53.43 41.86 30.63 44.59 43.15 37.48 35.69 38.96 37.11 34.97 38.07 37.96 41.69 42.54 37.75 38.52 38.43 39.04 36.48 33.73 33.55 -9999 -9999 -9999 -9999
-9999 -9999 -9999 -9999 -9999 -9999 -9999 -9999 92.31 93.88 89.48 92.46 100.19 85.25 89.13 97.99 87.95 95.17 112.01 111.91 129.91 98.74 63.31 67.51 59.66 79.27 87.45 83.15 73.31 77.00 65.48 54.25 47.00 50.28 49.83 43.19 44.41 44.72 45.95 50.63 49.01 51.26 55.58 56.71 54.81 58.65 52.96 47.99 44.88 45.64 45.67 42.55 42.09 45.87 40.16 39.28 33.38 35.60 34.50 36.03 35.01 37.94 41.02 46.22 46.65 37.87 38.27 36.86 37.55 34.00 33.58 31.89 -9999 -9999 -9999 -9999
-9999 -9999 -9999 -9999 -9999 -9999 -9999 84.82 91.46 85.61 92.99 -9999 -9999 -9999 -9999 80.45 107.73 124.81 118.21 116.38 101.39 92.36 87.46 89.02 76.73 108.19 104.59 85.83 79.18 74.56 53.87 49.12 45.99 45.27 46.53 43.09 41.84 48.44 42.31 48.21 45.29 43.58 46.32 47.94 46.54 50.25 45.92 44.03 44.16 40.97 38.60 39.23 35.19 38.38 38.16 35.74 36.35 37.23 34.45 38.32 37.90 42.85 42.83 47.78 46.71 44.79 36.00 36.06 34.76 34.98 34.81 32.47 33.46 -9999 -9999 -9999
-9999 -9999 -9999 -9999 -9999 -9999 -9999 85.48 100.27 89.06 90.90 -9999 -9999 -9999 -9999 94.37 106.18 134.19 118.91 117.70 108.47 106.04 119.74 120.10 92.02 110.20 83.50 74.44 69.53 60.57 50.38 44.49 45.64 45.15 50.56 44.55 42.45 47.54 41.84 48.56 45.84 42.07 41.12 39.87 40.23 41.05 43.85 45.60 40.58 39.99 37.67 39.29 37.64 35.31 35.94 31.64 32.31 39.04 40.27 48.52 47.70 51.06 46.09 42.83 39.09 38.61 36.59 38.21 36.22 35.18 34.00 32.45 33.97 36.58 -9999 -9999
-9999 -9999 -9999 -9999 -9999 -9999 -9999 -9999 -9999 -9999 -9999 -9999 -9999 -9999 -9999 76.18 102.62 102.01 92.31 106.94 101.35 128.61 132.14 105.11 94.28 88.04 78.24 62.35 57.22 51.17 41.96 43.76 41.74 40.21 37.27 35.80 39.06 40.92 42.55 43.04 38.58 40.23 38.88 39.80 39.25 37.41 39.06 39.91 36.40 43.47 43.75 40.71 36.61 35.61 36.06 42.14 34.81 35.62 42.77 45.40 47.23 48.38 45.51 41.76 38.26 38.08 37.58 38.58 36.26 35.24 33.19 33.19 36.91 39.32 39.05 43.89
-9999 -9999 -9999 -9999 -9999 -9999 -9999 -9999 -9999 -9999 -9999 -9999 -9999 -9999 -9999 -9999 96.51 94.54 100.55 108.19 126.53 140.84 136.53 105.61 85.64 63.04 61.13 41.39 45.01 39.50 40.21 36.65 33.67 33.68 35.07 33.99 32.02 37.11 42.82 39.72 39.26 38.92 32.89 40.77 44.43 37.50 37.12 33.45 36.87 39.65 40.21 40.70 37.43 41.33 47.53 39.82 37.15 35.86 38.29 43.68 41.34 44.74 41.88 40.77 36.19 35.50 38.67 39.20 35.50 33.85 32.02 35.45 35.60 39.62 41.47 45.81
-9999 -9999 -9999 -9999 -9999 -9999 -9999 -9999 -9999 -9999 -9999 -9999 -9999 -9999 -9999 -9999 111.95 141.77 168.18 160.04 129.37 106.89 96.94 80.32 74.37 57.78 43.63 50.51 54.97 35.63 49.57 38.02 40.77 30.67 34.16 31.62 30.96 36.94 42.92 40.72 38.51 39.34 36.34 38.54 42.42 38.11 37.90 36.96 36.75 36.78 39.53 39.60 37.73 49.93 46.13 40.27 39.44 38.45 39.79 42.57 44.69 44.31 43.20 40.49 34.64 32.88 32.02 34.75 34.47 33.31 33.39 32.57 34.18 35.43 38.05 48.26
-9999 -9999 -9999 -9999 -9999 -9999 -9999 -9999 -9999 -9999 -9999 -9999 -9999 -9999 -9999 85.46 91.54 121.83 136.57 132.91 101.69 86.44 80.47 79.89 75.14 59.28 46.09 52.01 41.28 48.28 41.15 33.54 26.11 32.18 30.81 33.86 40.37 39.98 40.46 37.52 37.75 38.68 37.70 40.09 42.71 38.69 37.36 37.24 36.82 34.10 31.22 38.86 37.01 33.80 41.79 39.55 39.65 40.00 37.91 43.23 45.79 45.40 41.04 38.89 38.51 33.35 34.87 34.15 32.68 31.68 31.32 31.87 33.53 36.69 37.39 40.89
-9999 -9999 -9999 -9999 -9999 -9999 -9999 -9999 -9999 -9999 -9999 -9999 -9999 -9999 -9999 80.74 91.54 120.63 99.25 95.04 78.52 74.75 77.20 77.18 59.33 50.81 44.95 44.43 28.46 32.03 35.21 37.07 38.00 30.55 36.94 33.42 37.36 37.10 35.87 36.44 38.86 40.35 38.97 41.28 41.14 41.79 41.87 39.20 37.75 33.40 33.53 37.39 37.58 36.40 40.41 41.49 36.61 39.11 43.28 38.41 45.11 42.47 37.43 37.22 34.10 30.67 35.79 35.25 29.09 31.10 29.60 29.96 32.42 33.08 34.73 42.46
-9999 -9999 -9999 -9999 -9999 -9999 -9999 -9999 -9999 -9999 -9999 -9999 -9999 -9999 -9999 72.70 93.89 65.79 93.92 82.85 74.73 78.91 82.13 68.28 67.42 50.31 44.27 37.99 31.72 30.54 36.85 43.11 48.43 39.51 40.87 37.20 37.88 41.44 35.43 36.38 36.92 38.03 40.27 37.22 39.29 42.83 40.71 38.47 38.12 38.15 34.62 36.90 37.43 36.68 40.51 39.08 38.23 39.71 40.51 35.66 35.89 36.40 36.65 38.07 37.17 30.19 31.45 38.07 37.74 34.09 29.58 31.55 32.42 31.58 34.40 37.42
-9999 -9999 -9999 -9999 -9999 -9999 -9999 -9999 -9999 -9999 -9999 -9999 -9999 -9999 -9999 -9999 82.94 93.55 101.04 107.95 114.65 90.47 78.04 61.83 53.42 46.54 42.59 37.11 32.83 26.05 30.24 37.77 47.68 40.30 35.50 30.48 39.13 42.63 35.27 38.70 36.94 36.72 39.64 37.83 36.41 35.96 39.39 40.10 37.57 40.92 39.23 39.17 40.32 39.56 38.58 39.34 38.90 38.35 38.62 33.61 35.99 35.85 40.04 39.76 33.79 31.63 32.82 35.82 36.25 34.03 31.87 34.47 32.06 30.77 30.91 33.05
-9999 -9999 -9999 -9999 -9999 -9999 -9999 -9999 -9999 -9999 -9999 -9999 -9999 -9999 -9999 -9999 91.28 94.43 106.17 127.51 128.57 105.44 78.95 59.37 48.64 48.66 55.34 49.13 44.94 37.90 33.29 38.29 44.56 37.48 42.62 51.80 42.91 43.63 38.65 38.65 39.32 36.93 37.48 38.94 33.45 38.51 38.75 39.16 40.95 41.92 42.94 41.50 41.87 42.60 41.65 42.14 42.46 40.00 38.28 36.22 39.14 39.82 39.05 38.45 34.78 35.32 36.85 36.37 35.11 34.65 31.85 33.04 31.84 29.12 30.23 33.46
-9999 -9999 -9999 -9999 -9999 -9999 -9999 -9999 -9999 -9999 -9999 -9999 -9999 -9999 -9999 70.35 77.47 95.30 105.26 112.32 101.79 96.75 70.45 66.03 72.82 60.33 56.16 41.18 33.39 40.94 43.94 52.34 38.70 37.75 42.36 40.60 44.97 44.14 38.08 39.83 36.74 37.60 40.59 44.52 38.68 39.36 42.19 42.90 38.43 46.32 49.43 51.78 44.33 43.82 39.50 46.15 45.49 42.56 43.01 42.03 37.84 38.66 36.58 37.75 33.49 36.68 35.54 35.76 34.97 37.26 35.65 32.85 31.29 30.21 30.85 31.70
-9999 -9999 -9999 -9999 -9999 -9999 -9999 -9999 -9999 -9999 -9999 -9999 -9999 -9999 -9999 81.55 99.88 93.37 98.49 108.43 114.71 87.05 72.14 61.09 56.00 62.78 57.87 50.22 46.02 53.34 49.61 44.90 38.00 30.52 40.77 36.62 49.82 41.22 37.95 36.60 34.70 37.21 36.29 49.57 46.32 43.29 47.90 45.39 41.52 44.71 50.03 45.03 42.30 39.72 40.24 43.02 42.93 42.32 41.88 41.62 39.73 40.46 33.87 35.08 33.39 37.22 36.18 35.71 37.11 34.63 41.38 44.81 31.11 27.30 31.67 29.78
-9999 -9999 -9999 -9999 -9999 -9999 -9999 -9999 -9999 -9999 -9999 -9999 -9999 -9999 -9999 80.14 93.03 86.64 99.90 103.74 114.32 95.15 73.85 63.99 57.78 60.59 54.84 58.91 67.83 52.82 45.25 46.63 37.52 43.88 37.96 37.56 40.50 38.69 38.01 34.05 33.44 34.39 36.25 38.55 41.71 42.33 42.55 41.16 42.62 46.65 50.50 46.88 44.99 45.90 37.39 35.48 33.83 34.92 35.13 35.13 38.08 37.42 34.44 32.67 34.02 35.42 32.30 30.94 30.44 31.53 31.54 30.14 26.26 26.69 29.29 27.88
-9999 -9999 -9999 -9999 -9999 -9999 -9999 -9999 -9999 -9999 -9999 -9999 -9999 -9999 77.69 83.70 95.79 93.58 91.76 107.66 101.27 92.10 76.38 71.03 59.59 52.84 49.69 62.79 54.18 45.31 50.30 45.83 41.45 37.70 34.55 32.77 35.04 41.65 35.60 35.04 36.16 28.41 29.84 34.54 38.81 40.18 39.70 36.53 39.99 43.75 44.44 41.28 39.05 38.34 34.07 37.54 37.03 36.40 33.30 32.82 35.35 33.08 28.19 32.34 33.59 34.85 35.92 31.52 31.47 30.07 27.84 26.11 26.32 26.70 27.05 25.74
-9999 -9999 -9999 -9999 -9999 -9999 -9999 -9999 -9999 -9999 -9999 -9999 -9999 89.22 87.95 90.78 89.38 74.90 102.73 130.71 121.64 108.97 90.13 74.23 63.84 54.45 51.37 71.96 51.28 43.59 43.99 41.65 37.16 37.83 36.69 42.05 46.05 46.58 46.56 43.40 37.14 32.12 33.11 35.56 35.72 36.38 39.15 38.39 41.13 47.39 40.28 38.70 37.60 37.33 34.45 32.94 35.71 37.13 32.18 30.71 31.66 31.18 29.70 35.05 30.51 32.42 39.36 34.61 36.48 32.13 28.06 27.78 26.63 26.63 23.36 24.11
-9999 -9999 -9999 -9999 -9999 -9999 -9999 -9999 -9999 -9999 -9999 84.93 81.33 88.98 91.89 86.89 101.07 88.45 117.34 141.65 153.02 128.98 95.30 79.95 60.41 59.01 51.98 68.40 55.59 42.89 39.64 36.26 36.17 37.29 37.41 41.49 37.14 46.27 41.30 39.52 39.24 36.07 36.33 36.38 35.94 35.70 39.86 42.16 35.86 35.78 36.18 42.48 43.21 41.90 41.25 36.04 36.02 36.51 33.48 36.37 37.36 34.82 29.72 29.90 29.69 28.98 33.20 34.71 31.61 31.30 27.73 27.06 23.01 21.65 19.36 22.93
-9999 -9999 -9999 -9999 -9999 -9999 -9999 79.69 56.16 74.16 113.03 114.91 113.97 118.62 109.75 112.00 110.25 124.90 127.90 153.86 144.02 122.85 93.22 68.23 49.91 55.07 48.27 58.84 57.56 46.47 36.74 35.17 35.64 42.49 35.62 43.14 44.21 47.38 38.74 35.36 34.71 34.88 34.07 32.14 37.56 39.07 39.77 40.67 37.47 38.69 41.22 40.47 45.55 41.09 37.14 33.45 37.16 39.96 38.98 39.06 37.53 35.48 34.46 33.28 28.11 24.14 31.31 32.98 30.24 30.45 27.66 25.55 22.49 22.71 21.46 27.91
-9999 -9999 -9999 -9999 -9999 -9999 93.31 98.59 103.37 106.67 102.53 122.62 119.74 126.57 113.03 92.14 119.69 129.07 158.69 176.27 167.63 110.93 93.07 87.95 74.32 52.51 66.27 50.49 45.97 37.33 34.30 33.45 39.14 33.02 35.44 33.98 39.54 48.06 44.04 42.81 34.67 33.78 33.49 31.71 35.71 37.57 35.98 36.30 36.32 41.24 43.26 48.55 42.38 39.66 38.68 37.29 39.30 40.13 37.80 35.41 37.71 37.33 35.30 31.68 27.55 24.31 30.70 30.75 25.04 24.38 20.04 21.73 22.25 23.06 22.90 25.27
-9999 -9999 -9999 -9999 -9999 83.56 88.30 97.18 106.32 119.74 127.94 127.67 143.19 131.87 122.62 137.44 112.60 119.84 154.03 132.51 125.25 106.59 106.41 86.09 78.48 63.91 54.02 45.14 34.86 48.83 46.65 34.79 29.64 27.00 32.13 33.64 35.91 42.67 41.26 36.95 34.93 35.02 32.29 34.29 41.25 39.52 37.50 47.21 44.55 45.69 42.09 43.77 44.55 43.92 39.65 41.48 42.39 43.16 39.58 36.82 42.05 36.96 34.08 31.15 27.05 23.89 26.65 25.65 25.96 23.95 22.51 22.63 22.07 18.81 25.85 32.86
-9999 91.76 111.18 111.38 138.05 116.26 119.08 132.89 131.56 134.21 159.40 156.43 175.05 174.61 160.97 147.82 131.94 123.82 123.60 115.16 102.22 106.96 95.70 81.67 64.83 68.72 51.38 35.55 45.58 55.32 50.25 47.60 33.12 35.53 36.07 39.14 47.47 38.25 45.71 38.88 34.25 33.92 33.09 42.95 38.75 39.15 49.99 45.96 46.77 46.37 42.11 44.64 45.46 41.82 41.72 42.70 39.64 39.41 37.30 34.62 43.57 37.24 37.78 28.46 31.51 25.51 26.38 24.63 24.06 26.66 30.84 28.09 29.66 26.34 28.31 29.40
98.60 120.15 132.17 136.41 164.94 186.24 182.78 171.80 150.16 153.98 168.60 170.87 171.71 178.51 157.86 156.91 147.84 112.64 101.71 97.26 104.50 109.13 88.60 78.18 71.65 66.95 57.74 56.67 89.77 70.70 58.90 42.74 45.39 44.54 50.20 41.88 42.01 39.25 40.07 44.87 40.24 33.74 34.00 51.44 39.37 48.93 53.14 54.32 44.82 47.75 54.21 49.67 50.53 46.48 43.48 45.36 43.11 41.37 37.04 39.71 43.66 39.05 39.08 32.39 29.91 32.47 28.71 26.79 27.76 31.02 34.81 34.44 33.69 29.70 30.47 34.44
