Rainfall_2007-2011/Rainfall_2007-07_ACTUAL.txt
ncols         180
nrows         290
xllcorner     -200000
yllcorner     -200000
cellsize      5000
NODATA_value  -9999
[rows 198 to 230 of 290, columns 75 to 149 of 180]
-9999 -9999 -9999 -9999 -9999 -9999 -9999 -9999 -9999 -9999 -9999 -9999 182.52 179.25 180.55 162.78 154.18 179.43 182.97 217.65 224.69 275.11 261.44 227.85 212.45 143.53 199.54 167.13 211.75 173.49 162.83 171.69 174.76 194.33 162.57 167.54 198.24 168.34 214.63 194.56 185.19 194.95 191.76 202.11 205.37 196.37 205.09 197.74 225.08 175.05 162.70 172.95 163.51 158.80 151.24 144.05 126.35 123.21 102.26 83.11 69.26 69.29 62.94 71.02 75.95 85.74 87.53 83.31 80.86 73.65 65.40 61.64 62.53 65.84 66.04
-9999 -9999 -9999 -9999 -9999 -9999 -9999 -9999 155.59 131.94 162.77 216.66 215.08 204.37 207.85 186.53 182.17 170.95 232.06 228.20 237.33 246.05 239.86 210.22 199.75 165.17 202.64 175.59 228.99 202.39 163.63 165.19 175.36 178.66 213.56 184.36 205.13 206.92 220.78 185.16 173.43 173.36 201.24 201.60 207.92 224.61 222.16 202.37 184.18 187.35 181.33 174.94 158.24 165.60 146.75 136.30 143.12 147.98 124.97 108.71 102.87 92.92 78.85 78.85 96.38 74.84 75.04 72.95 69.40 67.05 71.51 64.92 61.28 65.24 65.90
-9999 -9999 -9999 -9999 -9999 -9999 -9999 150.75 165.63 198.55 204.47 164.84 207.36 196.58 210.42 198.76 170.88 192.10 226.48 274.52 229.65 265.06 234.68 195.73 256.99 207.14 154.24 225.68 175.10 156.85 108.90 140.78 154.99 179.44 179.16 170.77 171.39 200.31 212.58 185.30 206.66 197.46 207.94 220.03 213.87 218.27 221.45 188.92 176.13 164.83 183.67 173.65 184.52 154.23 130.31 143.89 159.01 148.00 127.93 122.14 107.97 112.50 95.96 86.73 78.65 69.18 61.09 59.22 54.62 55.41 63.37 70.70 59.93 56.33 58.51
-9999 -9999 -9999 -9999 -9999 -9999 131.77 139.22 142.95 160.86 179.97 195.25 196.56 224.62 215.87 207.27 260.23 220.96 205.78 265.59 201.96 238.73 253.74 261.14 232.44 214.17 188.87 170.37 156.70 112.64 175.35 194.42 147.32 154.42 149.76 160.75 175.76 219.37 216.24 198.61 193.85 185.38 195.40 215.17 236.68 238.76 218.04 186.97 204.15 165.13 149.31 151.23 149.68 152.39 144.04 164.17 168.15 143.33 128.61 132.19 119.94 98.81 82.80 92.96 86.54 59.33 63.84 59.17 54.50 60.74 65.07 65.74 58.41 56.92 55.76
-9999 -9999 103.54 127.57 122.46 161.13 155.34 173.04 219.75 187.90 179.31 207.28 183.02 252.21 300.35 340.14 279.42 229.22 217.92 227.12 216.08 229.65 258.08 227.46 205.77 173.11 214.29 181.63 140.45 175.81 186.96 176.63 208.61 174.72 164.10 150.71 172.85 214.12 180.90 203.90 169.54 180.01 219.09 220.80 249.35 209.58 204.54 223.50 182.25 174.33 151.16 151.12 148.81 144.66 142.92 153.51 144.52 140.33 133.19 136.73 132.39 103.77 94.67 109.31 106.64 88.25 74.59 53.75 53.77 59.24 67.19 73.80 68.06 69.46 80.50
-9999 123.08 140.06 148.08 153.17 196.49 215.10 233.98 259.84 196.15 205.88 222.01 234.94 250.70 281.14 304.10 256.05 253.07 199.52 190.94 199.38 209.71 208.33 187.48 203.82 187.44 179.27 201.99 201.99 262.91 209.45 160.91 149.82 176.08 182.72 194.03 161.19 169.93 160.17 160.02 182.51 198.30 241.41 233.71 209.02 192.02 254.98 222.41 210.11 184.33 206.11 188.19 148.24 149.48 145.96 155.01 153.10 154.02 121.93 124.55 143.63 99.44 100.44 111.59 108.57 84.71 74.65 66.90 62.37 65.38 68.43 77.67 75.95 66.62 52.50
124.70 132.41 145.70 145.75 154.07 176.62 182.32 185.79 207.88 227.50 195.90 226.70 221.14 225.96 263.71 290.38 222.85 213.39 174.55 201.97 248.39 235.95 228.78 190.50 208.49 142.59 176.36 157.32 235.37 227.39 229.02 161.50 165.28 204.07 222.33 198.21 162.53 166.48 153.98 189.70 212.51 207.18 211.67 238.38 208.60 238.16 257.16 236.06 204.34 186.42 182.52 188.56 165.63 155.09 145.27 143.04 142.10 146.53 118.18 118.47 116.75 105.91 101.95 107.73 95.57 95.66 76.91 77.41 70.47 67.27 61.66 66.65 67.36 66.39 63.45
-9999 122.20 129.17 148.24 150.07 152.48 148.46 154.74 173.74 199.43 219.04 208.88 227.63 208.60 214.88 206.14 196.53 209.16 247.84 261.58 324.63 428.63 298.93 256.42 229.51 264.36 287.65 190.99 160.66 285.13 221.14 189.93 188.60 219.61 206.54 177.32 169.15 184.55 182.12 182.03 169.33 180.08 210.60 201.70 199.79 235.37 264.88 222.51 193.71 182.98 175.41 149.26 169.08 155.43 141.67 125.12 105.92 144.29 102.03 106.59 106.52 109.40 107.94 97.60 99.92 104.64 88.07 77.71 60.85 79.20 57.25 49.54 63.88 61.25 55.06
-9999 -9999 142.79 136.38 137.43 146.26 143.27 139.63 152.78 168.26 176.13 180.18 190.40 177.53 212.43 204.87 245.11 219.42 259.65 287.61 326.47 421.36 446.23 293.33 320.50 341.41 268.31 262.15 186.95 143.13 178.88 207.70 164.42 212.54 170.33 196.75 189.73 200.31 158.76 161.89 158.35 176.92 192.16 196.45 241.90 220.35 234.02 213.02 208.02 189.41 190.56 186.52 171.76 161.28 139.37 129.80 113.47 124.88 100.14 93.74 90.82 106.91 108.92 101.47 100.12 94.98 93.41 72.09 73.16 65.14 47.77 46.72 51.47 49.52 53.46
-9999 118.26 132.21 130.28 124.06 128.89 142.13 165.27 169.92 147.71 157.60 163.63 157.50 166.57 207.71 188.93 222.45 194.62 205.19 220.82 248.60 249.63 280.34 249.90 293.01 293.37 277.78 241.56 170.57 194.72 243.38 189.64 240.49 178.33 201.04 183.33 186.79 183.16 208.63 149.14 163.00 168.30 223.40 216.94 192.94 200.67 188.37 204.06 221.97 228.19 182.55 168.73 149.41 137.78 139.77 134.89 126.53 172.43 110.54 101.03 89.90 86.23 93.72 96.10 108.32 98.15 93.00 71.82 63.42 56.81 52.54 51.70 51.84 54.88 53.43
91.02 99.36 123.99 140.27 124.57 127.75 131.73 146.15 135.99 124.56 129.33 140.25 148.98 137.10 171.04 214.13 190.89 219.76 220.53 241.76 284.89 282.61 232.16 262.14 226.27 217.07 230.13 251.53 204.81 199.19 221.33 169.47 193.15 182.51 165.89 188.06 171.39 175.05 151.72 152.01 171.48 167.09 189.52 201.46 173.48 175.26 181.23 216.26 215.21 198.48 181.28 154.26 143.09 126.72 145.55 112.55 108.36 104.51 108.16 103.52 102.67 108.35 101.04 94.75 108.25 106.66 95.16 79.82 81.54 68.74 58.53 67.61 61.84 57.71 69.12
-9999 -9999 114.06 123.28 121.21 125.38 136.21 138.84 -9999 -9999 -9999 -9999 142.46 142.91 173.73 171.56 163.97 184.97 195.81 213.07 282.94 281.94 345.02 349.33 269.63 217.59 208.79 247.75 242.43 223.64 189.27 180.53 194.51 164.18 168.79 157.82 156.49 163.74 179.53 134.67 167.61 199.53 175.35 195.57 193.79 191.64 168.51 199.69 198.10 174.49 171.44 174.09 173.51 138.49 127.35 117.40 109.90 97.10 111.08 108.60 108.39 149.16 98.86 97.69 104.10 103.98 85.36 74.27 72.97 61.06 65.94 69.71 63.25 62.05 62.68
-9999 -9999 111.96 120.16 121.64 116.07 136.65 115.81 -9999 -9999 -9999 -9999 -9999 -9999 -9999 156.22 163.73 171.03 172.39 197.28 267.79 339.02 348.85 370.05 333.67 268.17 235.97 248.17 173.31 229.49 258.49 185.33 171.65 202.52 193.25 189.37 137.28 144.42 171.32 153.57 172.90 186.22 174.67 177.81 184.25 186.18 173.41 179.45 191.61 171.03 167.77 206.26 189.92 141.56 123.88 116.83 111.08 111.68 122.55 106.76 114.11 102.21 93.73 92.97 100.45 89.68 80.34 80.14 83.28 56.04 72.34 74.42 74.42 65.24 60.39
-9999 -9999 -9999 -9999 108.65 -9999 -9999 -9999 -9999 -9999 -9999 -9999 -9999 149.69 158.53 165.01 166.77 160.95 163.41 177.04 233.24 296.32 336.52 375.14 304.93 240.85 233.39 256.16 195.91 205.64 196.93 165.58 132.80 161.79 161.82 164.51 138.86 133.76 146.29 146.24 175.09 173.47 184.72 180.42 173.04 170.62 169.22 170.12 190.68 179.07 150.79 150.59 150.75 128.15 110.80 128.51 104.70 97.83 113.52 135.02 116.59 121.69 81.29 80.81 88.15 68.22 82.03 78.43 90.55 81.95 89.51 85.96 82.27 98.90 84.31
-9999 -9999 -9999 -9999 -9999 -9999 -9999 -9999 -9999 -9999 -9999 -9999 -9999 152.68 159.99 144.91 147.09 153.07 -9999 -9999 163.02 237.12 230.72 271.11 253.85 252.48 227.05 249.41 195.96 174.99 179.66 158.80 134.47 143.20 201.44 141.56 134.72 142.86 140.00 150.11 171.20 156.50 152.16 149.39 212.50 173.63 163.80 160.12 166.64 174.73 174.52 173.32 174.68 153.26 137.22 117.83 108.90 106.24 108.16 105.72 125.38 116.17 100.52 107.30 101.39 77.10 72.71 79.15 92.79 83.59 84.97 99.07 87.66 77.10 77.64
-9999 -9999 -9999 -9999 -9999 -9999 -9999 -9999 -9999 -9999 -9999 -9999 -9999 -9999 -9999 -9999 -9999 -9999 -9999 -9999 145.99 157.23 192.70 205.54 221.02 221.63 185.56 201.62 182.02 168.76 158.34 152.45 150.07 141.48 -9999 130.23 125.41 139.65 157.48 145.23 170.87 157.17 154.39 152.44 154.94 140.03 161.31 155.77 155.24 184.57 188.86 179.69 185.43 183.16 139.08 141.59 152.81 138.34 116.90 125.70 125.96 116.87 112.76 121.31 102.89 77.50 79.34 84.78 82.74 87.18 87.26 94.12 93.23 81.76 75.26
-9999 -9999 -9999 -9999 -9999 -9999 -9999 -9999 -9999 -9999 -9999 -9999 -9999 -9999 -9999 -9999 -9999 -9999 -9999 -9999 -9999 145.05 159.55 166.46 203.46 191.16 183.83 206.19 172.33 172.06 -9999 -9999 -9999 -9999 128.39 113.92 126.43 139.96 148.19 131.26 141.03 132.21 132.64 145.22 138.66 136.23 138.87 139.36 158.83 187.11 169.92 195.87 196.42 201.98 188.84 156.97 151.34 127.83 128.13 127.00 111.75 120.94 115.26 114.77 95.04 98.52 115.77 100.03 89.20 93.89 108.68 93.19 92.80 96.14 73.25
-9999 -9999 -9999 -9999 -9999 -9999 -9999 -9999 -9999 -9999 -9999 -9999 -9999 -9999 -9999 -9999 -9999 -9999 -9999 -9999 -9999 -9999 157.38 181.06 179.98 178.29 184.57 199.10 209.73 -9999 -9999 -9999 -9999 116.34 137.37 139.34 115.56 121.16 129.24 136.94 133.37 125.91 135.02 135.87 135.70 141.75 148.41 122.69 166.31 184.65 173.81 197.33 202.86 189.91 153.82 166.64 147.54 156.08 126.80 117.74 120.76 125.73 124.47 124.32 116.16 111.69 97.40 101.55 93.44 103.45 106.14 109.78 105.73 92.32 68.83
-9999 -9999 -9999 -9999 -9999 -9999 -9999 -9999 -9999 -9999 -9999 -9999 -9999 -9999 -9999 -9999 -9999 -9999 -9999 -9999 -9999 -9999 -9999 150.40 143.22 185.04 180.28 194.09 194.52 -9999 -9999 -9999 124.78 128.68 133.00 142.35 126.45 120.90 115.96 133.30 111.54 122.35 128.62 122.61 135.44 144.25 138.28 140.32 162.36 180.18 155.88 154.41 159.29 167.49 167.13 178.19 161.64 149.12 145.93 129.30 124.89 132.43 150.85 131.38 133.65 105.71 111.52 105.81 106.64 124.91 125.74 108.35 108.25 95.50 92.31
-9999 -9999 -9999 -9999 -9999 -9999 -9999 -9999 -9999 -9999 -9999 -9999 -9999 -9999 -9999 -9999 -9999 -9999 -9999 -9999 -9999 -9999 -9999 -9999 -9999 -9999 -9999 -9999 -9999 -9999 -9999 143.61 137.07 140.33 126.61 125.71 127.84 116.76 126.06 119.19 114.08 109.78 99.28 101.47 119.41 128.27 120.86 125.03 149.21 148.98 146.51 162.00 155.28 153.96 171.26 153.30 149.14 158.82 155.07 172.36 136.76 131.26 140.56 161.45 155.63 131.98 118.16 112.02 133.03 121.55 158.40 110.11 110.21 108.60 96.20
-9999 -9999 -9999 -9999 -9999 -9999 -9999 -9999 -9999 -9999 -9999 -9999 -9999 -9999 -9999 -9999 -9999 -9999 -9999 -9999 -9999 -9999 -9999 -9999 -9999 -9999 -9999 -9999 -9999 -9999 -9999 132.78 157.57 156.52 184.61 153.71 107.72 112.74 123.68 115.97 109.46 94.92 99.84 99.07 98.07 103.40 110.99 129.30 153.21 145.40 155.00 140.23 140.75 163.05 152.93 131.14 124.30 128.84 124.52 136.29 134.06 132.44 129.16 142.90 151.99 158.71 137.43 123.76 127.57 125.02 122.56 118.39 113.14 110.03 98.57
-9999 -9999 -9999 -9999 -9999 -9999 -9999 -9999 -9999 -9999 -9999 -9999 -9999 -9999 -9999 -9999 -9999 -9999 -9999 -9999 -9999 -9999 -9999 -9999 -9999 -9999 -9999 -9999 -9999 -9999 -9999 135.32 144.66 149.85 170.61 181.51 143.11 131.22 115.87 105.47 110.81 109.54 103.39 122.41 136.01 104.91 122.46 147.34 127.77 124.11 132.80 138.50 136.41 138.24 151.24 126.42 131.37 130.02 126.17 140.69 137.18 130.61 152.06 163.33 140.47 131.60 140.67 132.23 133.10 114.88 112.12 116.89 114.74 107.31 128.85
-9999 -9999 -9999 -9999 -9999 -9999 -9999 -9999 -9999 -9999 -9999 -9999 -9999 -9999 128.81 126.45 149.68 194.52 203.25 237.09 200.74 232.79 123.38 187.63 141.17 -9999 -9999 -9999 -9999 -9999 -9999 137.68 135.32 140.36 139.95 149.50 156.29 148.05 131.12 112.01 123.72 121.29 110.72 146.73 119.20 111.32 115.06 115.65 112.68 122.37 123.08 119.83 107.86 127.83 126.19 144.30 133.59 148.94 148.16 142.88 142.96 144.18 129.90 128.48 140.46 135.05 143.62 127.71 108.66 100.91 113.85 117.41 127.35 108.05 121.99
-9999 -9999 -9999 -9999 -9999 -9999 -9999 -9999 -9999 -9999 -9999 -9999 -9999 -9999 158.48 184.31 190.37 151.51 205.29 259.90 211.87 235.28 212.96 187.06 168.90 145.46 160.57 226.14 196.20 155.35 186.11 145.08 120.30 153.33 136.11 129.88 137.80 154.11 124.58 134.31 121.18 152.50 139.76 112.38 112.71 122.42 111.72 106.87 102.46 114.98 119.32 120.87 132.68 106.90 160.20 132.25 137.89 135.20 150.30 149.99 123.93 122.95 118.51 117.50 123.56 119.57 156.37 134.42 122.91 131.47 115.99 116.00 108.86 120.73 123.96
-9999 -9999 -9999 -9999 -9999 -9999 -9999 -9999 -9999 -9999 -9999 -9999 -9999 127.77 147.42 160.57 176.20 172.81 170.89 239.10 231.47 241.92 221.88 204.07 211.32 179.82 175.49 172.48 268.07 145.26 164.36 146.31 122.95 125.95 124.10 120.38 140.15 150.20 131.91 131.60 162.25 140.35 146.50 127.11 108.95 119.94 115.09 108.18 105.67 106.21 112.04 117.78 115.37 123.04 123.53 113.89 122.61 144.27 148.90 138.06 126.32 126.47 132.84 118.39 83.42 122.14 114.45 127.07 118.60 112.04 121.84 123.62 129.21 136.91 114.03
-9999 -9999 -9999 -9999 -9999 -9999 -9999 -9999 -9999 -9999 -9999 -9999 -9999 -9999 131.22 140.47 142.91 173.15 188.59 209.34 231.96 224.63 201.57 169.37 183.98 228.35 172.53 164.44 118.30 154.44 126.56 114.01 115.52 97.65 115.47 113.31 112.38 117.25 123.74 128.43 143.51 142.71 137.45 126.19 139.67 118.49 119.38 107.04 112.88 107.59 112.80 105.13 108.19 113.38 120.92 124.50 131.01 142.86 152.08 137.51 129.22 130.01 137.28 113.37 109.97 116.39 112.28 105.66 109.78 132.52 131.41 127.79 152.04 162.49 140.52
-9999 -9999 -9999 -9999 -9999 -9999 -9999 -9999 -9999 -9999 146.22 -9999 -9999 134.86 137.62 109.54 130.62 154.91 165.82 164.19 168.27 170.90 171.65 265.20 167.62 173.36 156.53 119.27 109.87 112.09 101.20 102.25 82.79 120.26 107.90 100.88 100.46 100.34 126.04 123.15 123.65 110.51 122.33 116.09 95.19 135.44 121.83 93.81 93.07 102.61 106.49 106.30 124.00 110.16 120.78 148.52 144.01 145.06 139.71 167.11 148.19 130.64 120.64 102.55 120.04 118.86 126.06 114.16 121.06 112.93 119.09 126.10 144.05 150.30 141.81
-9999 -9999 -9999 -9999 -9999 -9999 -9999 -9999 -9999 148.58 153.31 175.01 160.95 133.54 124.50 150.16 156.17 150.13 157.19 144.90 164.27 154.53 162.48 163.18 140.13 135.53 121.47 119.11 110.91 121.42 103.11 96.86 79.08 84.24 99.00 114.13 102.22 109.27 109.44 107.70 116.87 124.58 130.56 131.17 125.01 161.96 122.50 110.24 98.86 88.44 108.67 113.64 103.00 126.34 130.15 147.47 152.29 141.01 139.85 136.10 144.33 127.26 130.64 138.36 152.89 133.09 115.16 107.07 113.28 114.09 115.20 118.36 150.83 141.64 144.64
-9999 -9999 -9999 -9999 -9999 -9999 -9999 -9999 -9999 153.90 149.41 181.11 181.57 164.49 138.07 149.05 165.08 187.02 157.86 155.96 156.96 136.53 161.85 143.50 122.13 121.52 115.79 123.16 164.86 148.05 103.87 103.27 71.85 90.44 99.00 102.96 103.66 117.00 113.06 114.07 120.07 116.44 122.81 126.58 130.56 110.04 113.20 129.86 125.96 115.30 108.56 105.73 92.21 129.42 132.17 136.86 137.05 142.17 143.59 141.08 140.10 154.47 128.15 128.38 123.32 110.46 102.58 109.46 105.50 112.91 106.78 118.52 139.66 141.58 124.72
-9999 -9999 -9999 -9999 -9999 -9999 -9999 -9999 -9999 172.86 201.93 210.69 201.14 174.36 192.70 172.52 179.57 162.89 149.07 157.70 152.10 136.32 138.80 123.23 103.02 108.84 106.39 118.16 123.92 141.49 117.71 99.25 76.87 86.94 82.60 80.63 85.27 134.80 122.15 101.70 122.91 119.95 141.46 103.09 132.05 118.18 124.63 135.77 109.12 124.69 136.43 131.28 109.89 104.61 129.32 126.42 130.68 120.25 134.05 125.07 125.50 144.48 131.23 132.23 150.89 90.85 136.23 127.94 119.64 114.16 138.17 135.60 132.01 118.64 116.95
-9999 -9999 -9999 -9999 -9999 -9999 -9999 -9999 -9999 131.90 202.01 218.46 187.18 165.44 167.30 175.33 161.67 173.68 153.00 164.23 139.56 125.06 119.25 108.42 116.24 86.06 109.42 108.24 119.94 129.21 138.47 99.34 90.61 95.90 94.63 95.93 95.97 105.23 110.28 108.13 117.69 133.71 111.31 129.83 117.27 114.43 132.18 132.22 129.40 126.72 120.37 115.91 111.23 103.55 123.78 124.47 113.96 138.00 106.58 96.18 88.49 91.70 107.16 115.40 107.54 107.57 115.13 128.90 139.69 132.07 110.75 104.11 128.02 109.11 98.69
-9999 -9999 -9999 -9999 -9999 -9999 -9999 -9999 -9999 128.78 164.11 151.06 178.56 173.62 176.11 161.94 153.28 148.14 139.54 117.15 105.15 103.18 110.04 103.43 103.19 96.28 92.91 89.38 99.49 113.89 111.04 99.67 117.05 109.65 112.12 132.24 111.79 105.30 125.90 127.23 105.88 111.93 113.06 138.04 115.30 127.51 126.46 116.70 124.16 136.85 123.70 111.18 136.94 113.69 109.35 108.02 110.49 99.08 90.16 91.42 81.11 82.53 88.82 87.34 91.30 97.73 96.34 108.84 117.80 -9999 -9999 96.14 111.00 96.95 96.24
-9999 -9999 -9999 -9999 -9999 -9999 -9999 -9999 127.81 115.81 153.91 149.54 172.87 175.62 198.89 167.74 173.64 143.26 139.59 118.29 88.94 87.06 108.41 95.70 90.18 82.49 80.58 84.38 115.91 117.41 107.40 123.33 109.29 93.24 99.82 104.70 98.62 114.28 118.64 109.59 104.88 104.25 110.78 110.17 97.71 133.38 123.38 113.86 120.83 132.03 119.45 135.90 111.02 105.92 127.65 -9999 -9999 90.56 85.81 88.54 82.81 77.83 81.81 82.02 -9999 -9999 -9999 -9999 -9999 -9999 -9999 -9999 -9999 -9999 89.53
