Rainfall_2007-2011/Rainfall_2008-02_ACTUAL.txt
ncols         180
nrows         290
xllcorner     -200000
yllcorner     -200000
cellsize      5000
NODATA_value  -9999
[rows 136 to 169 of 290, columns 76 to 151 of 180]
-9999 -9999 -9999 59.90 64.50 66.55 81.53 86.02 99.46 95.01 89.86 88.46 97.06 122.99 180.47 157.43 137.09 114.99 109.03 99.83 99.97 100.91 118.26 118.99 117.96 73.77 54.84 53.14 53.00 50.06 44.69 45.21 41.86 46.18 41.21 42.24 50.61 50.22 46.34 42.99 41.40 31.40 35.67 32.37 24.41 22.02 18.69 15.27 15.78 14.08 13.87 13.08 -9999 -9999 -9999 -9999 -9999 -9999 -9999 -9999 -9999 -9999 -9999 -9999 -9999 -9999 -9999 -9999 -9999 -9999 -9999 -9999 -9999 -9999 -9999 -9999
-9999 -9999 -9999 53.80 58.92 54.92 62.45 64.87 76.22 75.58 73.80 77.56 82.40 98.84 126.76 111.68 106.48 105.67 103.90 86.94 102.22 104.23 131.51 122.53 -9999 -9999 -9999 48.07 44.36 -9999 37.33 34.75 35.80 37.26 29.84 39.46 51.56 45.78 38.82 44.40 39.74 38.82 37.70 25.98 21.47 23.58 19.15 19.96 14.31 13.80 12.51 10.56 -9999 -9999 -9999 -9999 -9999 -9999 -9999 -9999 -9999 -9999 -9999 -9999 -9999 -9999 -9999 -9999 -9999 -9999 -9999 -9999 -9999 -9999 -9999 -9999
-9999 -9999 -9999 43.84 53.32 54.63 60.26 62.64 67.31 70.33 71.47 67.52 70.34 83.60 113.04 92.89 96.17 98.04 97.00 103.02 94.54 91.17 88.10 93.83 -9999 -9999 -9999 48.45 43.23 40.54 35.14 28.27 30.74 33.78 34.23 45.55 61.83 56.52 52.24 45.41 29.41 42.46 34.62 31.33 26.34 25.27 18.98 19.26 19.84 17.45 11.81 10.71 -9999 -9999 -9999 -9999 -9999 -9999 -9999 -9999 -9999 -9999 -9999 -9999 -9999 -9999 -9999 -9999 -9999 -9999 -9999 -9999 -9999 -9999 -9999 -9999
-9999 -9999 -9999 -9999 44.16 54.51 54.22 -9999 62.11 63.06 65.83 65.75 64.60 -9999 81.54 79.22 90.05 74.54 75.45 79.26 76.72 74.26 -9999 -9999 -9999 -9999 53.31 45.48 45.08 35.97 34.99 25.29 27.95 33.28 38.64 53.27 79.73 70.06 83.66 55.85 51.35 46.44 38.47 39.20 30.85 26.08 23.15 19.52 17.48 16.46 14.25 12.88 10.41 -9999 -9999 -9999 -9999 -9999 -9999 -9999 -9999 -9999 -9999 -9999 -9999 -9999 -9999 -9999 -9999 -9999 -9999 -9999 -9999 -9999 -9999 -9999
-9999 -9999 -9999 -9999 -9999 48.24 -9999 -9999 -9999 53.06 52.10 57.69 64.91 55.48 -9999 -9999 68.20 53.86 66.18 82.46 -9999 -9999 -9999 -9999 -9999 58.12 55.40 47.84 49.10 42.57 39.42 32.43 37.79 44.39 48.97 53.56 64.58 94.18 93.09 78.25 70.32 71.76 58.57 50.59 44.48 38.34 19.22 17.80 19.99 15.65 14.93 13.59 11.97 -9999 -9999 -9999 -9999 -9999 -9999 -9999 -9999 -9999 -9999 -9999 -9999 -9999 -9999 -9999 -9999 -9999 -9999 -9999 -9999 -9999 -9999 -9999
-9999 -9999 -9999 -9999 -9999 44.41 41.32 -9999 -9999 -9999 44.91 52.02 60.90 61.15 -9999 -9999 -9999 -9999 63.11 -9999 -9999 -9999 -9999 -9999 -9999 52.45 54.10 60.03 60.67 61.33 61.11 57.25 45.54 45.23 54.85 45.88 46.29 54.65 88.43 119.83 89.67 83.09 60.66 55.16 52.70 36.00 22.74 22.24 20.00 15.23 14.33 12.77 7.82 -9999 -9999 -9999 -9999 -9999 -9999 -9999 -9999 -9999 -9999 -9999 -9999 -9999 -9999 -9999 -9999 -9999 -9999 -9999 -9999 -9999 -9999 -9999
-9999 -9999 -9999 -9999 -9999 -9999 45.62 -9999 -9999 -9999 -9999 49.13 52.70 57.14 -9999 -9999 -9999 -9999 -9999 -9999 -9999 -9999 -9999 -9999 61.70 60.11 65.98 55.43 74.39 82.26 88.82 82.79 63.38 58.22 53.78 60.43 65.37 87.86 118.66 124.17 98.84 74.24 73.58 57.00 40.59 30.07 30.70 27.12 18.05 14.82 14.05 14.29 10.26 11.03 -9999 -9999 -9999 -9999 -9999 -9999 -9999 -9999 -9999 -9999 -9999 -9999 -9999 -9999 -9999 -9999 -9999 -9999 -9999 -9999 -9999 -9999
-9999 -9999 -9999 -9999 -9999 -9999 49.81 -9999 -9999 -9999 -9999 -9999 -9999 -9999 -9999 -9999 -9999 -9999 -9999 -9999 -9999 -9999 -9999 -9999 64.91 60.47 78.22 59.49 60.32 102.97 124.58 115.50 85.82 63.09 61.13 43.78 39.87 78.60 121.29 112.88 92.34 98.43 103.36 92.61 67.07 42.17 28.30 25.69 19.78 16.42 13.11 15.20 14.15 13.69 11.72 -9999 -9999 -9999 -9999 -9999 -9999 -9999 -9999 -9999 -9999 -9999 -9999 -9999 -9999 -9999 -9999 -9999 -9999 -9999 -9999 -9999
-9999 -9999 -9999 -9999 -9999 -9999 -9999 -9999 -9999 -9999 -9999 -9999 -9999 -9999 -9999 -9999 -9999 -9999 -9999 -9999 -9999 -9999 -9999 59.46 66.82 83.21 87.03 103.93 99.17 160.48 148.26 119.51 84.18 80.39 60.94 55.14 39.98 61.14 115.01 105.76 92.26 83.96 95.24 71.90 48.61 31.51 30.99 26.63 18.52 15.34 13.57 13.85 14.67 13.59 12.57 -9999 -9999 -9999 -9999 -9999 -9999 -9999 -9999 -9999 -9999 -9999 -9999 -9999 -9999 -9999 -9999 -9999 -9999 -9999 -9999 -9999
-9999 -9999 -9999 -9999 -9999 -9999 -9999 -9999 -9999 -9999 -9999 -9999 -9999 -9999 -9999 -9999 -9999 -9999 -9999 -9999 -9999 -9999 -9999 56.11 67.54 85.01 110.13 156.46 147.23 133.77 145.81 136.57 118.73 112.20 82.55 78.57 62.32 64.18 72.42 104.07 85.59 81.87 63.29 61.90 33.17 27.33 27.42 20.45 16.39 13.74 13.88 13.40 14.57 13.79 12.68 14.49 14.66 12.71 -9999 -9999 -9999 -9999 -9999 -9999 -9999 -9999 -9999 -9999 -9999 -9999 -9999 -9999 -9999 -9999 -9999 -9999
-9999 -9999 -9999 -9999 -9999 -9999 -9999 -9999 -9999 -9999 -9999 -9999 -9999 -9999 -9999 -9999 -9999 -9999 -9999 -9999 -9999 -9999 -9999 43.88 58.57 91.98 115.25 142.17 210.07 221.13 177.50 160.36 159.53 178.31 142.10 107.80 97.40 58.53 51.09 66.01 44.29 71.95 78.11 52.68 42.08 33.55 26.98 21.61 16.03 14.29 12.60 12.79 14.88 13.56 13.88 20.72 20.51 22.40 15.72 15.95 -9999 -9999 -9999 -9999 -9999 -9999 -9999 -9999 -9999 -9999 -9999 -9999 -9999 -9999 -9999 -9999
-9999 -9999 -9999 -9999 -9999 -9999 -9999 -9999 -9999 -9999 -9999 -9999 -9999 -9999 -9999 -9999 -9999 -9999 -9999 -9999 -9999 -9999 -9999 35.12 67.32 110.00 188.18 261.85 348.54 246.19 204.12 240.71 267.89 212.52 225.79 194.55 140.08 98.71 93.86 71.49 58.77 76.41 65.33 45.04 43.53 32.75 23.27 25.86 16.91 13.00 12.71 11.30 14.47 15.76 16.59 23.79 32.83 30.98 30.54 28.71 32.01 26.47 -9999 -9999 -9999 -9999 -9999 -9999 -9999 -9999 -9999 -9999 -9999 -9999 -9999 -9999
-9999 -9999 -9999 -9999 -9999 -9999 -9999 -9999 -9999 -9999 -9999 -9999 -9999 -9999 -9999 -9999 -9999 -9999 -9999 -9999 -9999 -9999 -9999 43.38 50.29 63.24 125.46 159.63 336.67 388.29 244.51 220.69 208.94 234.35 237.61 182.72 179.72 146.17 113.22 100.02 116.90 101.66 98.79 85.31 75.34 49.82 21.62 25.31 22.83 20.71 19.13 17.70 15.63 17.15 26.23 27.37 33.35 26.03 34.83 31.14 34.50 31.04 33.59 -9999 -9999 -9999 -9999 -9999 -9999 -9999 -9999 -9999 -9999 -9999 -9999 -9999
-9999 -9999 -9999 -9999 -9999 -9999 -9999 -9999 -9999 -9999 -9999 65.93 54.13 44.32 -9999 -9999 -9999 -9999 -9999 -9999 -9999 -9999 -9999 -9999 42.24 57.16 81.85 120.21 180.76 209.88 193.66 164.79 184.41 178.77 157.11 150.18 157.00 167.22 129.28 137.14 139.90 158.35 159.67 119.42 93.29 68.88 44.23 32.33 26.89 22.59 20.32 19.10 18.93 22.54 36.19 31.36 47.65 44.22 43.50 43.45 31.98 38.05 33.95 25.84 -9999 -9999 -9999 -9999 -9999 -9999 -9999 -9999 -9999 -9999 -9999 -9999
-9999 -9999 -9999 -9999 -9999 -9999 -9999 -9999 -9999 -9999 -9999 71.81 75.02 -9999 -9999 -9999 -9999 -9999 -9999 -9999 -9999 -9999 -9999 -9999 -9999 61.99 89.23 120.87 145.81 206.10 170.42 162.20 141.08 124.85 125.74 109.49 127.21 174.93 149.40 166.15 173.06 162.98 138.51 124.10 109.90 75.92 59.07 35.61 28.28 24.95 22.63 18.87 20.14 29.16 35.90 40.78 43.19 35.05 39.33 42.63 36.17 41.64 37.60 36.43 -9999 -9999 -9999 -9999 -9999 -9999 -9999 -9999 -9999 -9999 -9999 -9999
-9999 -9999 -9999 -9999 -9999 -9999 -9999 -9999 -9999 -9999 65.68 100.57 84.10 69.26 -9999 -9999 -9999 -9999 -9999 -9999 -9999 -9999 -9999 -9999 -9999 54.76 82.89 108.23 123.45 109.70 143.31 130.77 122.50 114.25 111.68 107.43 112.50 128.45 165.33 130.11 147.19 150.66 133.51 128.64 94.10 81.60 52.11 36.22 26.73 27.87 27.43 21.57 24.83 27.37 29.83 37.77 44.15 40.95 42.53 38.35 36.08 43.15 35.27 37.39 25.91 -9999 -9999 -9999 -9999 -9999 -9999 -9999 -9999 -9999 -9999 -9999
-9999 -9999 -9999 -9999 -9999 -9999 -9999 -9999 -9999 54.29 75.82 78.97 104.76 70.65 -9999 -9999 -9999 -9999 -9999 -9999 -9999 -9999 -9999 -9999 -9999 62.33 68.17 64.39 88.64 127.67 115.30 123.55 133.57 104.73 102.46 104.20 104.95 150.52 151.28 138.25 160.38 175.37 120.98 111.48 81.94 85.04 47.23 36.94 32.33 24.04 21.60 27.35 27.00 33.25 30.53 32.96 37.01 38.23 38.96 44.48 40.40 41.11 30.36 30.37 24.95 -9999 -9999 -9999 -9999 -9999 -9999 -9999 -9999 -9999 -9999 -9999
-9999 -9999 -9999 -9999 -9999 -9999 -9999 -9999 42.91 49.38 78.74 69.50 64.25 -9999 -9999 -9999 -9999 -9999 -9999 -9999 -9999 -9999 -9999 -9999 -9999 -9999 56.18 50.51 69.84 104.69 96.56 90.57 80.92 86.13 85.27 92.95 90.31 120.96 153.00 195.25 181.20 177.54 156.65 151.28 138.55 110.97 87.84 70.11 44.47 33.59 37.78 27.84 28.79 28.17 31.78 34.84 35.37 33.01 31.32 30.96 30.91 28.69 23.74 31.16 33.19 27.56 24.09 -9999 -9999 -9999 -9999 -9999 -9999 -9999 -9999 -9999
-9999 -9999 -9999 -9999 -9999 -9999 -9999 -9999 51.34 58.20 58.71 50.03 51.80 -9999 -9999 -9999 -9999 -9999 -9999 -9999 -9999 -9999 -9999 -9999 -9999 -9999 -9999 56.73 56.14 59.43 56.73 70.17 69.81 75.01 78.00 92.64 87.63 121.02 131.15 154.68 149.97 159.06 146.94 153.24 129.51 70.35 86.44 72.64 60.33 44.75 35.88 26.92 25.96 28.96 29.54 29.23 34.59 34.53 28.65 29.38 28.94 33.07 29.04 33.63 38.51 34.64 28.88 -9999 -9999 -9999 -9999 -9999 -9999 -9999 -9999 -9999
-9999 -9999 -9999 -9999 -9999 -9999 -9999 -9999 47.66 48.87 52.38 50.08 -9999 -9999 -9999 -9999 -9999 -9999 -9999 -9999 -9999 -9999 -9999 -9999 -9999 -9999 -9999 40.93 46.82 60.53 -9999 62.06 -9999 57.77 59.78 73.95 76.58 89.57 97.91 122.76 130.36 165.73 137.72 125.87 157.48 155.37 109.27 89.15 70.12 51.09 36.81 29.95 26.64 27.29 29.00 30.99 36.98 33.34 33.29 31.15 27.98 32.31 34.74 34.02 33.84 31.75 31.50 31.22 29.60 -9999 -9999 -9999 -9999 -9999 -9999 -9999
-9999 -9999 -9999 -9999 -9999 -9999 -9999 39.63 41.70 42.21 -9999 -9999 -9999 -9999 -9999 -9999 -9999 -9999 -9999 -9999 -9999 -9999 -9999 -9999 -9999 -9999 -9999 40.24 42.60 52.30 -9999 -9999 -9999 57.76 74.49 68.90 77.42 85.66 97.77 99.05 78.15 130.34 137.49 113.30 127.44 140.22 103.05 95.93 71.91 53.67 35.67 29.87 25.28 23.88 25.04 28.36 29.68 29.93 41.47 32.48 29.91 31.98 35.98 37.40 36.91 33.52 29.35 28.44 27.53 -9999 -9999 -9999 -9999 -9999 -9999 -9999
-9999 -9999 -9999 -9999 -9999 -9999 -9999 -9999 -9999 -9999 -9999 -9999 -9999 -9999 -9999 -9999 -9999 -9999 -9999 -9999 -9999 -9999 -9999 -9999 -9999 -9999 -9999 -9999 -9999 -9999 -9999 -9999 58.44 56.13 70.72 83.90 86.26 143.96 132.46 97.12 101.06 120.52 105.60 105.45 110.63 106.76 107.31 96.39 67.74 51.47 37.44 31.44 25.38 25.15 24.46 26.05 26.12 26.94 32.59 34.60 39.19 34.40 37.68 33.43 32.20 28.34 25.96 25.25 -9999 -9999 -9999 -9999 -9999 -9999 -9999 -9999
-9999 -9999 -9999 -9999 -9999 -9999 -9999 -9999 -9999 -9999 -9999 -9999 -9999 -9999 -9999 -9999 -9999 -9999 -9999 -9999 -9999 -9999 -9999 -9999 -9999 -9999 -9999 -9999 -9999 -9999 -9999 -9999 49.62 51.44 54.34 93.45 106.60 145.00 156.87 128.03 88.74 96.97 82.86 91.25 93.35 100.40 94.95 85.74 68.45 54.36 46.11 37.72 27.48 24.67 24.47 24.88 24.68 26.43 29.61 31.81 41.17 37.83 32.37 30.28 27.69 25.95 21.12 19.91 -9999 -9999 -9999 -9999 -9999 -9999 -9999 -9999
-9999 -9999 -9999 -9999 -9999 -9999 -9999 -9999 -9999 -9999 -9999 -9999 -9999 -9999 -9999 -9999 -9999 -9999 -9999 -9999 -9999 -9999 -9999 -9999 -9999 -9999 -9999 -9999 -9999 -9999 -9999 -9999 41.85 49.64 62.25 83.53 118.66 129.58 120.31 104.21 89.04 93.88 82.38 81.72 74.63 70.63 69.34 60.28 55.76 47.51 41.51 34.23 28.94 27.30 25.38 25.50 21.87 24.51 27.46 29.54 34.03 32.37 31.07 29.09 35.76 23.16 22.67 19.73 -9999 -9999 -9999 -9999 -9999 -9999 -9999 -9999
-9999 -9999 -9999 -9999 -9999 -9999 -9999 -9999 -9999 -9999 -9999 -9999 -9999 -9999 -9999 -9999 -9999 -9999 -9999 -9999 -9999 -9999 -9999 -9999 -9999 -9999 -9999 -9999 -9999 -9999 41.08 42.77 39.47 49.63 61.02 91.13 123.00 119.57 122.48 93.73 80.37 87.46 81.10 79.74 71.34 75.80 61.25 54.23 50.93 41.04 30.31 31.18 27.94 26.74 25.07 22.96 21.75 24.48 24.88 27.84 29.83 30.74 29.20 27.95 25.15 22.65 24.19 22.06 21.42 -9999 -9999 -9999 -9999 -9999 -9999 -9999
-9999 -9999 -9999 -9999 -9999 -9999 -9999 -9999 -9999 -9999 -9999 -9999 -9999 -9999 -9999 -9999 -9999 -9999 -9999 -9999 -9999 -9999 -9999 -9999 -9999 -9999 -9999 -9999 -9999 -9999 45.02 45.84 45.29 58.49 65.15 80.37 82.84 97.89 92.02 95.98 109.24 75.74 80.49 73.78 75.23 58.74 60.05 51.95 52.97 38.07 32.95 29.49 30.63 28.19 23.71 22.02 22.05 22.96 23.49 26.96 28.17 26.58 28.29 27.33 26.57 24.81 23.34 21.24 19.68 -9999 -9999 -9999 -9999 -9999 -9999 -9999
-9999 -9999 -9999 -9999 -9999 -9999 -9999 -9999 -9999 -9999 -9999 -9999 -9999 -9999 -9999 -9999 -9999 -9999 -9999 -9999 -9999 -9999 -9999 -9999 -9999 -9999 -9999 -9999 -9999 -9999 46.25 45.10 47.45 59.54 65.57 78.21 81.09 87.96 86.46 73.38 83.45 74.61 56.59 75.11 58.31 63.60 51.93 52.25 39.49 28.86 31.15 30.52 29.35 27.24 24.22 21.08 22.11 22.01 22.37 27.69 27.58 26.03 26.67 28.37 24.36 22.96 21.28 21.28 20.17 19.85 -9999 -9999 -9999 -9999 -9999 -9999
-9999 -9999 -9999 -9999 -9999 -9999 -9999 -9999 -9999 -9999 -9999 -9999 -9999 -9999 -9999 -9999 -9999 -9999 -9999 -9999 -9999 -9999 -9999 -9999 -9999 -9999 -9999 -9999 -9999 -9999 43.46 45.70 43.33 47.38 51.98 65.38 66.37 71.61 75.61 68.49 68.30 78.64 81.10 67.63 77.44 69.79 59.95 50.90 36.06 29.84 24.05 26.49 27.24 23.98 22.56 22.08 20.20 21.32 22.01 21.93 21.39 22.09 25.05 29.61 21.45 21.85 20.94 20.11 22.64 22.95 21.38 -9999 -9999 -9999 -9999 -9999
-9999 -9999 -9999 -9999 -9999 -9999 -9999 -9999 -9999 -9999 -9999 -9999 -9999 -9999 -9999 -9999 -9999 -9999 -9999 -9999 -9999 -9999 -9999 -9999 -9999 -9999 -9999 -9999 -9999 -9999 46.26 44.69 40.32 43.30 51.14 56.96 60.78 64.31 76.44 72.69 75.83 85.11 93.28 79.88 77.22 56.79 54.03 41.40 36.30 29.34 25.72 24.99 22.11 19.96 17.96 18.33 19.07 20.85 21.88 22.80 22.52 23.58 24.17 24.90 23.02 23.64 20.92 20.49 21.55 20.19 22.49 -9999 -9999 -9999 -9999 -9999
-9999 -9999 -9999 -9999 -9999 -9999 -9999 -9999 -9999 -9999 -9999 -9999 -9999 -9999 -9999 -9999 -9999 -9999 -9999 -9999 -9999 -9999 -9999 -9999 -9999 -9999 -9999 -9999 -9999 -9999 -9999 46.26 45.72 42.23 47.71 53.95 69.33 75.06 83.95 90.77 85.18 100.36 90.96 77.03 76.25 56.84 47.41 36.70 23.83 24.68 22.01 20.99 21.50 17.81 15.04 15.44 16.95 17.02 20.54 21.89 21.01 18.28 23.17 23.49 22.87 21.64 21.39 -9999 21.27 19.91 20.90 20.68 -9999 -9999 -9999 -9999
-9999 -9999 -9999 -9999 -9999 -9999 -9999 -9999 -9999 -9999 -9999 -9999 -9999 -9999 -9999 -9999 -9999 -9999 -9999 -9999 -9999 -9999 -9999 -9999 -9999 -9999 -9999 -9999 -9999 -9999 36.97 44.92 41.88 45.19 51.55 55.95 74.54 91.20 101.78 105.22 105.49 99.60 86.32 88.64 80.50 79.72 58.39 41.31 33.70 26.05 22.41 20.56 20.15 17.43 16.36 15.93 15.81 17.18 18.52 19.18 18.72 21.68 22.40 22.85 26.11 22.99 21.89 21.04 -9999 20.09 20.24 19.34 20.26 -9999 -9999 -9999
-9999 -9999 -9999 -9999 -9999 -9999 -9999 -9999 -9999 -9999 -9999 -9999 -9999 -9999 -9999 -9999 -9999 -9999 -9999 -9999 -9999 -9999 -9999 -9999 -9999 -9999 -9999 -9999 -9999 -9999 36.15 44.69 44.85 45.62 53.89 57.08 62.71 84.96 63.91 79.79 85.28 78.04 75.64 77.07 79.82 70.66 58.25 51.62 33.75 31.71 30.91 22.26 20.46 18.00 16.80 16.03 14.46 16.49 17.76 16.50 16.36 17.86 20.29 23.39 17.90 22.44 24.06 22.26 20.88 -9999 -9999 -9999 -9999 -9999 -9999 -9999
-9999 -9999 -9999 -9999 -9999 -9999 -9999 -9999 -9999 -9999 -9999 -9999 -9999 -9999 -9999 -9999 -9999 -9999 -9999 -9999 -9999 -9999 -9999 -9999 -9999 -9999 -9999 -9999 -9999 35.25 38.48 38.64 43.83 46.14 42.30 55.51 63.01 63.68 65.95 65.70 68.21 66.10 69.17 81.70 100.37 109.40 78.41 83.54 75.08 33.38 29.84 23.52 18.49 18.14 17.44 18.23 15.27 15.28 17.52 18.51 20.32 19.85 22.14 25.97 26.23 24.94 25.27 23.81 21.86 21.72 22.88 -9999 -9999 -9999 -9999 -9999
-9999 -9999 -9999 -9999 -9999 -9999 -9999 -9999 -9999 -9999 -9999 -9999 -9999 -9999 -9999 -9999 -9999 -9999 -9999 -9999 -9999 -9999 -9999 -9999 -9999 -9999 -9999 -9999 -9999 -9999 31.99 38.02 40.40 44.19 49.33 49.08 57.85 53.68 55.71 58.31 53.95 55.80 56.78 64.21 78.94 91.09 102.83 86.71 68.85 52.01 35.00 24.98 16.38 17.58 21.40 20.06 18.20 19.09 18.96 20.17 20.40 24.40 26.21 25.05 25.22 27.98 26.96 23.28 22.28 21.46 24.22 26.08 26.07 -9999 -9999 -9999
