Rainfall_2007-2011/Rainfall_2007-10_ACTUAL.txt
ncols         180
nrows         290
xllcorner     -200000
yllcorner     -200000
cellsize      5000
NODATA_value  -9999
[rows 102 to 135 of 290, columns 77 to 153 of 180]
-9999 180.86 186.69 237.85 208.27 247.31 232.93 243.62 236.61 270.46 221.88 211.36 147.87 111.71 113.15 93.32 71.46 77.03 85.80 84.73 65.11 54.22 49.14 45.74 44.27 41.80 37.87 34.17 42.91 32.06 31.13 29.01 23.90 19.94 26.91 23.38 -9999 -9999 -9999 -9999 -9999 -9999 -9999 -9999 -9999 -9999 -9999 -9999 -9999 -9999 -9999 -9999 -9999 -9999 -9999 -9999 -9999 -9999 -9999 -9999 -9999 -9999 -9999 -9999 -9999 -9999 -9999 -9999 -9999 -9999 -9999 -9999 -9999 -9999 -9999 -9999 -9999
166.64 158.83 159.85 146.68 207.77 235.11 194.88 217.39 253.17 218.36 236.33 233.46 165.30 114.33 84.13 103.47 91.10 98.42 83.80 70.64 80.36 79.39 58.98 46.43 40.94 39.50 38.04 42.49 34.81 30.42 32.80 26.32 22.06 21.19 -9999 -9999 -9999 -9999 -9999 -9999 -9999 -9999 -9999 -9999 -9999 -9999 -9999 -9999 -9999 -9999 -9999 -9999 -9999 -9999 -9999 -9999 -9999 -9999 -9999 -9999 -9999 -9999 -9999 -9999 -9999 -9999 -9999 -9999 -9999 -9999 -9999 -9999 -9999 -9999 -9999 -9999 -9999
173.84 158.51 195.46 184.56 169.39 182.51 179.46 208.15 226.82 206.02 180.84 169.19 151.07 125.60 117.96 82.72 91.66 82.72 79.95 81.92 73.39 73.54 62.64 48.30 41.81 36.46 34.90 31.04 27.40 28.81 27.06 24.73 18.24 -9999 -9999 -9999 -9999 -9999 -9999 -9999 -9999 -9999 -9999 -9999 -9999 -9999 -9999 -9999 -9999 -9999 -9999 -9999 -9999 -9999 -9999 -9999 -9999 -9999 -9999 -9999 -9999 -9999 -9999 -9999 -9999 -9999 -9999 -9999 -9999 -9999 -9999 -9999 -9999 -9999 -9999 -9999 -9999
206.06 140.96 189.10 192.89 196.29 213.52 230.30 271.73 242.08 226.23 204.74 210.22 176.05 140.99 113.65 104.19 115.53 93.84 71.61 65.99 62.34 58.29 51.19 43.54 36.81 30.30 32.12 26.33 26.24 29.53 22.83 20.86 20.68 -9999 -9999 -9999 -9999 -9999 -9999 -9999 -9999 -9999 -9999 -9999 -9999 -9999 -9999 -9999 -9999 -9999 -9999 -9999 -9999 -9999 -9999 -9999 -9999 -9999 -9999 -9999 -9999 -9999 -9999 -9999 -9999 -9999 -9999 -9999 -9999 -9999 -9999 -9999 -9999 -9999 -9999 -9999 -9999
220.87 204.30 220.28 218.12 250.17 246.57 259.90 247.73 278.57 229.72 243.77 179.75 197.46 144.34 151.94 168.49 123.64 110.56 97.23 84.62 63.97 58.39 46.24 36.38 34.19 33.63 32.07 31.02 27.80 24.39 20.84 19.17 20.52 18.78 -9999 -9999 -9999 -9999 -9999 -9999 -9999 -9999 -9999 -9999 -9999 -9999 -9999 -9999 -9999 -9999 -9999 -9999 -9999 -9999 -9999 -9999 -9999 -9999 -9999 -9999 -9999 -9999 -9999 -9999 -9999 -9999 -9999 -9999 -9999 -9999 -9999 -9999 -9999 -9999 -9999 -9999 -9999
211.24 228.99 194.70 220.96 204.31 202.43 205.52 271.40 233.86 187.85 227.87 175.49 172.86 124.67 158.58 147.12 132.93 148.02 102.59 89.13 70.44 52.08 56.36 55.46 54.35 60.35 45.63 31.75 28.86 26.92 26.82 25.49 25.56 25.26 28.30 -9999 -9999 -9999 -9999 -9999 -9999 -9999 -9999 -9999 -9999 -9999 -9999 -9999 -9999 -9999 -9999 -9999 -9999 -9999 -9999 -9999 -9999 -9999 -9999 -9999 -9999 -9999 -9999 -9999 -9999 -9999 -9999 -9999 -9999 -9999 -9999 -9999 -9999 -9999 -9999 -9999 -9999
213.03 213.89 218.46 214.86 203.63 193.89 213.92 233.23 327.49 204.22 167.98 154.04 160.86 150.79 153.02 117.60 102.24 84.39 75.80 74.70 73.02 78.32 86.62 73.72 66.47 54.80 45.26 37.69 29.48 31.71 28.24 32.68 32.99 30.95 27.68 21.41 -9999 -9999 -9999 -9999 -9999 -9999 -9999 -9999 -9999 -9999 -9999 -9999 -9999 -9999 -9999 -9999 -9999 -9999 -9999 -9999 -9999 -9999 -9999 -9999 -9999 -9999 -9999 -9999 -9999 -9999 -9999 -9999 -9999 -9999 -9999 -9999 -9999 -9999 -9999 -9999 -9999
184.68 214.46 224.17 199.10 186.99 195.33 200.94 185.74 182.80 166.46 207.35 148.84 137.67 132.35 137.91 108.60 87.21 68.12 67.31 72.90 110.48 115.40 93.66 73.27 62.38 52.19 44.32 27.55 28.46 31.25 29.80 26.06 27.47 26.50 24.86 -9999 -9999 -9999 -9999 -9999 -9999 -9999 -9999 -9999 -9999 -9999 -9999 -9999 -9999 -9999 -9999 -9999 -9999 -9999 -9999 -9999 -9999 -9999 -9999 -9999 -9999 -9999 -9999 -9999 -9999 -9999 -9999 -9999 -9999 -9999 -9999 -9999 -9999 -9999 -9999 -9999 -9999
170.09 196.48 180.64 197.46 220.83 181.88 188.83 182.55 181.00 175.63 146.73 164.36 135.88 110.50 94.24 83.08 68.61 69.82 57.76 72.75 69.08 68.95 68.91 68.43 64.95 50.99 43.54 37.24 30.78 30.91 27.31 -9999 -9999 -9999 -9999 -9999 -9999 -9999 -9999 -9999 -9999 -9999 -9999 -9999 -9999 -9999 -9999 -9999 -9999 -9999 -9999 -9999 -9999 -9999 -9999 -9999 -9999 -9999 -9999 -9999 -9999 -9999 -9999 -9999 -9999 -9999 -9999 -9999 -9999 -9999 -9999 -9999 -9999 -9999 -9999 -9999 -9999
182.13 182.91 170.33 214.96 201.82 207.65 199.97 136.89 159.13 162.53 135.34 125.91 127.87 93.69 90.16 104.54 85.95 89.75 63.71 66.38 61.50 65.71 61.92 57.81 63.33 54.78 52.46 47.45 37.73 -9999 -9999 -9999 -9999 -9999 -9999 -9999 -9999 -9999 -9999 -9999 -9999 -9999 -9999 -9999 -9999 -9999 -9999 -9999 -9999 -9999 -9999 -9999 -9999 -9999 -9999 -9999 -9999 -9999 -9999 -9999 -9999 -9999 -9999 -9999 -9999 -9999 -9999 -9999 -9999 -9999 -9999 -9999 -9999 -9999 -9999 -9999 -9999
176.97 171.31 202.49 199.86 210.23 210.41 185.71 144.41 146.88 142.18 109.60 106.28 94.71 78.37 82.77 101.27 104.40 96.70 88.12 74.44 67.23 54.60 58.44 52.99 58.26 56.10 60.90 53.92 37.35 -9999 -9999 -9999 -9999 -9999 -9999 -9999 -9999 -9999 -9999 -9999 -9999 -9999 -9999 -9999 -9999 -9999 -9999 -9999 -9999 -9999 -9999 -9999 -9999 -9999 -9999 -9999 -9999 -9999 -9999 -9999 -9999 -9999 -9999 -9999 -9999 -9999 -9999 -9999 -9999 -9999 -9999 -9999 -9999 -9999 -9999 -9999 -9999
-9999 168.33 194.24 200.98 206.86 193.98 174.43 135.09 105.59 111.09 112.78 110.31 106.20 89.09 123.33 128.53 125.00 126.20 95.49 71.45 58.51 60.31 54.96 50.83 49.71 45.91 42.81 -9999 -9999 -9999 -9999 -9999 26.10 26.99 24.76 27.37 -9999 -9999 -9999 -9999 -9999 -9999 -9999 -9999 -9999 -9999 -9999 -9999 -9999 -9999 -9999 -9999 -9999 -9999 -9999 -9999 -9999 -9999 -9999 -9999 -9999 -9999 -9999 -9999 -9999 -9999 -9999 -9999 -9999 -9999 -9999 -9999 -9999 -9999 -9999 -9999 -9999
-9999 148.69 171.56 173.14 160.89 188.25 143.24 132.46 106.79 118.80 114.58 101.01 107.69 95.30 99.22 91.53 93.85 95.09 86.05 76.12 69.72 69.55 60.72 56.35 54.43 46.66 37.75 35.14 31.03 -9999 -9999 25.08 27.28 26.58 22.60 22.05 22.75 19.03 -9999 -9999 -9999 -9999 -9999 -9999 -9999 -9999 -9999 -9999 -9999 -9999 -9999 -9999 -9999 -9999 -9999 -9999 -9999 -9999 -9999 -9999 -9999 -9999 -9999 -9999 -9999 -9999 -9999 -9999 -9999 -9999 -9999 -9999 -9999 -9999 -9999 -9999 -9999
132.00 129.42 111.87 136.65 134.90 137.92 120.05 111.05 121.21 127.05 116.63 92.55 80.04 84.69 84.88 83.03 86.41 88.49 81.65 71.63 69.59 80.60 77.79 75.97 55.95 46.84 46.38 36.72 31.84 28.34 28.59 28.70 27.13 23.34 24.33 26.33 27.01 26.21 14.02 -9999 -9999 -9999 -9999 -9999 -9999 -9999 -9999 -9999 -9999 -9999 -9999 -9999 -9999 -9999 -9999 -9999 -9999 -9999 -9999 -9999 -9999 -9999 -9999 -9999 -9999 -9999 -9999 -9999 -9999 -9999 -9999 -9999 -9999 -9999 -9999 -9999 -9999
136.21 119.02 127.15 115.70 95.97 109.24 -9999 115.49 143.20 136.29 118.96 90.92 67.32 67.96 65.47 76.37 76.47 72.08 74.25 67.62 76.67 81.32 77.72 69.13 63.98 51.72 50.64 50.24 37.57 35.52 33.34 28.26 25.70 19.69 28.60 29.35 28.54 27.02 22.54 22.54 26.29 16.93 -9999 -9999 -9999 -9999 -9999 -9999 -9999 -9999 -9999 -9999 -9999 -9999 -9999 -9999 -9999 -9999 -9999 -9999 -9999 -9999 -9999 -9999 -9999 -9999 -9999 -9999 -9999 -9999 -9999 -9999 -9999 -9999 -9999 -9999 -9999
155.16 125.41 -9999 93.86 85.36 100.35 -9999 107.46 156.95 140.75 118.54 89.54 74.75 68.89 64.32 72.23 70.77 67.55 72.66 76.09 80.12 86.64 67.81 82.07 69.71 60.95 62.61 52.13 39.52 27.41 34.26 28.84 27.75 32.02 36.42 32.33 29.78 26.75 25.31 31.69 34.75 21.50 -9999 -9999 -9999 -9999 -9999 -9999 -9999 -9999 -9999 -9999 -9999 -9999 -9999 -9999 -9999 -9999 -9999 -9999 -9999 -9999 -9999 -9999 -9999 -9999 -9999 -9999 -9999 -9999 -9999 -9999 -9999 -9999 -9999 -9999 -9999
142.14 120.11 -9999 -9999 90.17 90.09 98.26 116.15 127.85 120.54 107.05 106.33 95.93 88.46 83.15 119.79 83.07 67.13 76.04 75.39 79.89 85.61 90.97 79.38 77.06 65.88 57.99 45.61 41.16 34.38 39.15 34.83 35.46 34.52 36.20 32.95 28.39 28.05 22.41 25.65 26.51 23.57 23.97 -9999 -9999 -9999 -9999 -9999 -9999 -9999 -9999 -9999 -9999 -9999 -9999 -9999 -9999 -9999 -9999 -9999 -9999 -9999 -9999 -9999 -9999 -9999 -9999 -9999 -9999 -9999 -9999 -9999 -9999 -9999 -9999 -9999 -9999
-9999 -9999 -9999 -9999 -9999 86.92 78.77 103.35 115.06 106.60 104.40 108.75 107.17 112.46 125.50 149.31 111.35 76.08 63.57 67.13 66.99 74.40 78.58 74.94 69.22 58.85 55.21 46.58 38.21 44.17 42.78 33.93 33.53 28.17 25.06 28.33 27.01 29.22 25.02 18.42 23.86 29.34 23.93 -9999 -9999 -9999 -9999 -9999 -9999 -9999 -9999 -9999 -9999 -9999 -9999 -9999 -9999 -9999 -9999 -9999 -9999 -9999 -9999 -9999 -9999 -9999 -9999 -9999 -9999 -9999 -9999 -9999 -9999 -9999 -9999 -9999 -9999
116.13 111.82 120.89 -9999 -9999 -9999 79.21 92.47 99.14 96.46 95.82 90.54 103.65 111.08 124.36 121.56 104.52 92.18 68.15 53.88 60.38 60.65 54.44 63.53 55.45 52.60 65.40 49.34 45.43 50.21 49.34 40.11 37.21 25.64 25.86 23.36 24.88 28.74 23.97 22.43 23.25 28.14 25.03 26.37 -9999 -9999 -9999 -9999 -9999 -9999 -9999 -9999 -9999 -9999 -9999 -9999 -9999 -9999 -9999 -9999 -9999 -9999 -9999 -9999 -9999 -9999 -9999 -9999 -9999 -9999 -9999 -9999 -9999 -9999 -9999 -9999 -9999
118.67 131.21 190.44 168.56 -9999 -9999 -9999 75.18 75.53 76.35 82.43 80.10 83.30 100.39 102.14 112.91 96.98 83.57 66.49 69.25 53.60 51.78 56.73 65.39 60.95 69.23 58.55 61.82 47.03 44.51 47.42 43.03 33.52 29.37 24.97 17.81 18.73 24.52 20.37 21.99 26.70 28.69 27.99 20.19 18.22 -9999 -9999 -9999 -9999 -9999 -9999 -9999 -9999 -9999 -9999 -9999 -9999 -9999 -9999 -9999 -9999 -9999 -9999 -9999 -9999 -9999 -9999 -9999 -9999 -9999 -9999 -9999 -9999 -9999 -9999 -9999 -9999
88.50 111.57 181.25 135.51 -9999 -9999 -9999 -9999 -9999 66.49 69.70 74.69 80.58 90.75 90.94 104.13 114.77 105.25 85.62 68.99 52.23 49.32 53.12 53.91 52.84 71.81 74.38 56.34 56.13 44.44 32.43 33.07 25.26 29.64 25.19 22.95 23.37 20.41 17.27 18.19 27.01 26.04 24.02 21.89 18.65 12.98 -9999 -9999 -9999 -9999 -9999 -9999 -9999 -9999 -9999 -9999 -9999 -9999 -9999 -9999 -9999 -9999 -9999 -9999 -9999 -9999 -9999 -9999 -9999 -9999 -9999 -9999 -9999 -9999 -9999 -9999 -9999
83.11 88.54 148.27 129.35 -9999 -9999 -9999 -9999 -9999 60.34 61.96 73.98 76.31 103.50 134.01 121.77 118.15 103.19 91.26 72.48 67.68 59.76 57.03 58.99 76.67 72.24 112.07 64.58 69.52 45.31 46.63 39.87 29.40 28.12 25.41 22.72 22.69 23.12 21.84 22.14 19.27 22.33 20.12 21.22 18.48 12.05 14.00 12.12 -9999 -9999 -9999 -9999 -9999 -9999 -9999 -9999 -9999 -9999 -9999 -9999 -9999 -9999 -9999 -9999 -9999 -9999 -9999 -9999 -9999 -9999 -9999 -9999 -9999 -9999 -9999 -9999 -9999
-9999 96.01 113.06 101.68 -9999 -9999 -9999 -9999 -9999 53.85 54.04 62.39 67.41 80.23 97.92 102.63 103.65 93.57 95.54 78.85 69.39 71.10 70.21 78.63 78.04 74.91 103.61 88.29 63.76 60.63 43.69 28.26 31.47 29.62 25.64 26.16 27.24 24.01 22.02 24.30 27.75 27.08 25.10 21.55 16.61 17.18 14.83 14.38 -9999 -9999 -9999 -9999 -9999 -9999 -9999 -9999 -9999 -9999 -9999 -9999 -9999 -9999 -9999 -9999 -9999 -9999 -9999 -9999 -9999 -9999 -9999 -9999 -9999 -9999 -9999 -9999 -9999
-9999 82.05 87.79 83.64 -9999 -9999 -9999 -9999 -9999 52.18 47.93 57.52 66.66 70.19 82.02 97.53 110.35 110.06 94.54 84.16 73.06 69.78 64.41 71.76 75.27 86.96 85.75 73.89 76.32 71.81 45.65 39.89 31.24 31.93 32.55 26.59 27.81 28.44 29.17 27.03 30.55 28.33 32.62 22.66 20.67 21.84 16.97 16.65 -9999 -9999 -9999 -9999 -9999 -9999 -9999 -9999 -9999 -9999 -9999 -9999 -9999 -9999 -9999 -9999 -9999 -9999 -9999 -9999 -9999 -9999 -9999 -9999 -9999 -9999 -9999 -9999 -9999
-9999 -9999 -9999 -9999 -9999 -9999 -9999 -9999 65.77 61.89 64.12 66.78 68.97 72.94 75.95 88.19 90.88 102.61 93.59 84.56 96.13 87.73 83.03 84.16 90.53 94.08 89.06 83.93 73.80 64.33 52.23 40.89 37.95 30.45 27.98 31.53 25.55 29.53 33.44 39.91 35.70 37.58 32.20 22.25 20.92 21.01 20.47 13.72 -9999 -9999 -9999 -9999 -9999 -9999 -9999 -9999 -9999 -9999 -9999 -9999 -9999 -9999 -9999 -9999 -9999 -9999 -9999 -9999 -9999 -9999 -9999 -9999 -9999 -9999 -9999 -9999 -9999
-9999 -9999 -9999 -9999 -9999 -9999 -9999 -9999 81.87 65.59 72.15 83.63 87.06 88.15 95.81 95.24 91.31 83.24 91.16 94.76 94.24 102.58 87.81 77.86 61.19 81.42 71.31 75.38 66.50 54.90 45.50 37.01 32.73 36.55 36.65 26.51 24.33 27.38 38.28 39.63 41.26 43.43 35.38 23.31 19.93 19.37 23.35 16.01 -9999 -9999 -9999 -9999 -9999 -9999 -9999 -9999 -9999 -9999 -9999 -9999 -9999 -9999 -9999 -9999 -9999 -9999 -9999 -9999 -9999 -9999 -9999 -9999 -9999 -9999 -9999 -9999 -9999
-9999 -9999 -9999 -9999 -9999 -9999 -9999 74.59 82.67 73.84 79.52 86.36 82.49 98.96 118.64 117.49 111.58 104.70 83.87 84.81 93.00 98.01 85.99 73.61 48.75 58.54 74.81 70.66 68.04 54.23 47.67 38.91 37.31 38.94 33.34 29.21 32.82 39.42 46.21 43.17 39.22 31.23 31.97 25.73 28.75 30.29 25.91 20.11 -9999 -9999 -9999 -9999 -9999 -9999 -9999 -9999 -9999 -9999 -9999 -9999 -9999 -9999 -9999 -9999 -9999 -9999 -9999 -9999 -9999 -9999 -9999 -9999 -9999 -9999 -9999 -9999 -9999
-9999 -9999 -9999 -9999 -9999 -9999 -9999 80.86 81.50 92.94 84.00 97.48 80.75 101.69 114.74 142.17 121.77 101.59 86.50 87.34 80.83 106.00 94.27 65.88 54.86 56.54 70.33 73.46 65.47 61.87 51.62 51.55 44.50 44.02 50.61 48.36 51.01 40.50 38.66 42.09 39.22 38.30 32.12 23.90 24.50 24.40 23.77 20.34 22.49 -9999 -9999 -9999 -9999 -9999 -9999 -9999 -9999 -9999 -9999 -9999 -9999 -9999 -9999 -9999 -9999 -9999 -9999 -9999 -9999 -9999 -9999 -9999 -9999 -9999 -9999 -9999 -9999
-9999 -9999 -9999 -9999 -9999 -9999 59.75 102.54 118.52 107.36 102.45 101.19 79.98 98.13 116.90 124.49 114.82 98.24 83.57 66.62 62.03 70.95 76.68 65.10 51.33 48.05 56.12 60.78 57.52 57.29 63.65 41.76 31.96 40.50 50.85 68.23 56.99 52.44 49.52 37.64 38.37 39.01 37.79 30.62 22.40 22.38 21.53 20.63 18.55 -9999 -9999 -9999 -9999 -9999 -9999 -9999 -9999 -9999 -9999 -9999 -9999 -9999 -9999 -9999 -9999 -9999 -9999 -9999 -9999 -9999 -9999 -9999 -9999 -9999 -9999 -9999 -9999
-9999 -9999 -9999 -9999 -9999 -9999 84.98 107.48 119.32 132.75 128.68 121.68 108.96 135.43 113.07 111.66 99.43 93.13 87.09 60.82 56.68 64.78 65.76 62.35 40.88 39.24 41.96 49.80 46.24 56.89 52.62 56.70 49.31 49.81 68.53 58.55 56.62 51.34 43.16 41.47 35.33 29.05 30.59 27.90 22.93 24.91 23.69 21.21 20.62 -9999 -9999 -9999 -9999 -9999 -9999 -9999 -9999 -9999 -9999 -9999 -9999 -9999 -9999 -9999 -9999 -9999 -9999 -9999 -9999 -9999 -9999 -9999 -9999 -9999 -9999 -9999 -9999
-9999 -9999 -9999 -9999 -9999 93.52 97.60 107.33 123.29 128.28 131.38 156.10 148.29 165.21 123.99 102.68 93.79 89.33 89.10 65.74 50.01 53.71 54.62 43.09 31.82 35.98 42.28 47.85 54.81 59.81 57.14 71.59 73.32 68.48 71.22 55.20 55.84 42.53 44.30 42.52 35.94 30.69 30.30 22.04 20.78 23.21 22.70 20.14 16.60 -9999 -9999 -9999 -9999 -9999 -9999 -9999 -9999 -9999 -9999 -9999 -9999 -9999 -9999 -9999 -9999 -9999 -9999 -9999 -9999 -9999 -9999 -9999 -9999 -9999 -9999 -9999 -9999
-9999 -9999 -9999 -9999 90.68 95.93 109.92 110.30 105.52 89.58 104.80 145.14 157.90 169.99 117.76 93.75 88.61 87.55 75.98 65.04 55.00 50.18 46.87 44.65 39.08 33.83 44.40 50.43 52.33 55.94 57.68 65.28 62.55 68.45 78.87 68.52 67.89 52.03 45.49 34.00 28.89 27.29 25.25 20.92 19.73 20.92 22.73 17.87 16.34 15.29 -9999 -9999 -9999 -9999 -9999 -9999 -9999 -9999 -9999 -9999 -9999 -9999 -9999 -9999 -9999 -9999 -9999 -9999 -9999 -9999 -9999 -9999 -9999 -9999 -9999 -9999 -9999
-9999 -9999 -9999 -9999 110.13 128.86 117.72 128.48 123.93 93.27 98.20 182.94 201.98 161.26 133.13 100.94 89.24 78.74 68.99 79.35 54.32 48.07 45.09 41.69 42.63 38.60 48.08 50.91 47.64 44.84 56.48 54.01 57.31 62.31 70.36 76.16 70.97 64.57 42.25 33.66 32.29 25.91 20.51 21.84 21.35 19.67 17.29 16.47 12.87 15.19 -9999 -9999 -9999 -9999 -9999 -9999 -9999 -9999 -9999 -9999 -9999 -9999 -9999 -9999 -9999 -9999 -9999 -9999 -9999 -9999 -9999 -9999 -9999 -9999 -9999 -9999 -9999
-9999 -9999 84.38 95.98 112.85 115.00 117.88 144.20 146.02 111.83 122.63 165.87 169.45 172.40 135.97 108.66 78.82 75.14 71.70 67.58 59.36 50.89 35.71 42.47 43.34 40.50 43.81 47.79 46.43 45.61 47.08 52.08 54.42 56.69 81.07 80.71 80.79 58.15 45.33 33.38 29.86 23.71 19.62 17.98 21.80 21.29 19.20 17.66 16.93 15.97 -9999 -9999 -9999 -9999 -9999 -9999 -9999 -9999 -9999 -9999 -9999 -9999 -9999 -9999 -9999 -9999 -9999 -9999 -9999 -9999 -9999 -9999 -9999 -9999 -9999 -9999 -9999
