Rainfall_2007-2011/Rainfall_2008-03_ACTUAL.txt
ncols         180
nrows         290
xllcorner     -200000
yllcorner     -200000
cellsize      5000
NODATA_value  -9999
[rows 198 to 230 of 290, columns 76 to 151 of 180]
-9999 -9999 -9999 -9999 -9999 -9999 -9999 -9999 -9999 -9999 -9999 112.83 109.84 120.39 129.54 128.83 151.22 133.23 161.18 185.92 248.48 238.30 208.24 174.68 129.56 150.72 120.45 139.96 130.17 113.99 97.93 87.54 87.36 92.26 92.48 87.60 75.32 84.43 85.22 82.70 84.26 78.01 68.60 70.05 64.75 63.58 69.70 69.61 65.69 69.91 67.86 77.84 79.57 80.05 81.83 76.02 72.98 74.27 70.97 75.59 86.98 84.28 80.90 79.92 76.02 74.12 71.00 67.03 65.84 72.83 70.38 71.77 71.64 71.02 69.08 74.72
-9999 -9999 -9999 -9999 -9999 -9999 -9999 91.15 65.70 91.07 131.80 135.87 144.29 159.22 148.79 162.78 164.45 188.28 190.99 235.69 236.27 220.27 191.59 159.57 137.32 148.85 118.77 149.85 154.29 120.15 92.40 87.78 89.22 102.99 81.87 96.74 89.13 84.65 89.36 83.49 81.50 80.55 66.98 65.22 73.64 73.52 68.32 62.82 69.56 74.91 76.48 74.34 84.05 80.40 75.47 71.82 75.56 79.91 79.70 80.21 84.60 84.48 85.33 82.07 74.86 71.39 70.62 71.11 70.97 75.33 73.74 70.09 68.41 71.98 79.25 89.14
-9999 -9999 -9999 -9999 -9999 -9999 100.88 109.45 120.79 126.72 116.59 138.90 141.45 164.82 153.28 135.48 179.04 194.23 240.12 260.48 278.55 208.66 181.39 194.47 162.56 126.99 163.91 133.19 125.80 101.61 87.86 85.91 110.12 91.99 90.84 87.10 90.98 103.15 103.03 103.53 80.87 76.01 68.23 64.08 68.75 69.69 66.04 65.95 76.37 80.10 76.70 83.85 75.23 77.26 80.95 77.62 79.42 79.79 77.77 82.63 89.04 88.52 87.55 76.01 78.43 77.94 80.85 72.89 64.78 73.98 66.63 64.83 65.63 72.73 83.89 81.15
-9999 -9999 -9999 -9999 -9999 92.77 96.78 101.37 114.77 132.26 141.42 136.04 153.79 151.78 155.17 191.27 163.99 179.12 229.72 185.32 197.60 218.00 217.18 188.44 175.99 146.32 134.25 125.53 115.61 147.90 118.56 88.14 93.95 84.37 85.23 83.39 87.55 93.38 97.73 94.37 81.62 77.96 65.86 68.18 71.69 72.58 73.50 95.60 83.25 82.10 74.04 70.70 71.97 69.42 78.69 85.27 86.17 88.18 85.30 82.31 96.14 86.16 85.80 83.49 75.92 76.43 74.83 69.88 70.30 72.96 73.04 69.93 70.03 66.63 74.92 79.00
-9999 73.54 93.50 98.78 126.98 112.07 116.38 126.65 127.20 135.65 160.39 154.13 168.34 173.53 179.38 183.56 179.28 182.83 189.51 176.33 174.06 209.04 193.01 174.84 144.48 153.15 126.63 104.53 130.99 147.28 120.87 112.45 85.94 98.32 82.34 78.28 103.91 78.15 89.97 82.35 75.19 80.16 74.23 87.14 75.02 73.37 98.84 95.24 87.29 85.91 82.46 75.20 76.60 80.22 86.01 77.28 81.97 80.71 80.62 76.83 94.26 82.06 80.00 89.35 86.59 70.27 72.60 68.52 64.19 73.81 84.71 78.82 83.88 83.42 83.20 75.59
72.29 93.06 107.26 117.47 151.29 144.80 152.45 155.46 139.25 146.41 165.64 166.86 161.72 172.42 163.85 171.96 182.30 161.92 162.74 166.04 197.86 206.69 178.43 168.42 158.80 139.31 137.43 143.83 217.58 167.43 137.54 100.21 104.18 95.70 101.84 82.99 87.42 79.75 69.97 79.15 81.78 84.31 80.87 109.14 86.49 98.52 101.69 102.28 84.42 85.90 92.39 82.82 86.93 85.32 80.49 77.58 78.70 80.42 75.26 81.83 88.31 80.85 92.03 90.45 77.70 83.47 74.92 72.46 65.94 73.92 79.38 75.02 87.39 78.62 84.85 94.34
74.44 90.50 101.98 108.87 124.40 126.26 113.98 121.68 141.13 138.16 152.65 144.99 138.95 154.79 158.88 139.61 145.72 129.75 157.90 216.42 231.83 240.49 193.10 190.61 159.98 148.61 122.01 168.25 170.13 205.67 148.00 127.71 125.56 108.45 102.11 97.09 91.32 86.96 94.59 91.22 85.82 79.95 69.32 89.09 102.70 115.88 108.80 99.21 83.42 74.53 74.06 86.25 82.45 76.80 75.42 69.44 72.73 68.19 75.01 82.11 90.29 85.39 79.69 83.76 77.20 89.79 93.08 77.53 77.84 78.59 84.30 60.49 84.00 88.78 98.65 91.11
71.07 76.83 93.80 96.11 107.38 112.61 96.47 105.79 120.67 140.07 133.79 131.85 118.65 124.17 128.84 136.35 143.92 167.75 193.36 267.55 326.28 240.81 227.86 197.04 221.30 233.19 193.08 143.71 199.91 171.16 161.17 136.46 127.97 107.01 84.39 106.36 112.56 102.26 95.86 95.18 82.94 87.00 85.38 88.78 122.18 122.83 118.06 99.15 85.29 79.53 81.43 86.70 79.14 73.99 69.61 73.08 67.90 71.18 75.94 77.63 77.83 79.95 81.02 84.26 88.71 92.22 90.32 82.52 81.79 69.67 86.81 91.95 87.96 89.18 99.58 100.68
-9999 86.65 86.20 93.80 106.02 110.44 103.56 114.29 124.99 120.43 122.92 120.23 116.42 129.88 134.78 166.89 153.05 182.23 198.84 237.29 254.42 266.18 228.69 254.50 261.68 217.44 222.96 175.40 115.64 145.57 151.66 98.58 92.60 89.35 111.12 110.96 120.82 106.00 99.80 87.84 81.43 85.23 93.96 123.13 124.52 124.04 104.02 96.57 83.55 88.98 93.56 83.05 78.11 81.19 74.14 70.45 71.39 72.48 71.88 70.09 70.69 76.51 84.44 93.19 97.57 91.30 85.42 86.34 80.90 89.75 96.77 88.64 80.65 83.16 92.68 89.27
94.50 86.77 80.80 86.58 97.82 107.40 107.79 119.65 114.29 114.20 115.72 110.42 115.40 137.90 132.05 159.56 155.91 161.08 163.27 185.09 197.73 208.54 201.68 224.35 222.03 211.72 175.22 166.02 164.38 189.11 145.35 112.23 99.15 117.15 119.00 124.70 102.97 106.19 89.28 91.13 98.37 124.36 123.26 109.98 111.99 96.13 95.47 98.05 90.83 80.75 78.17 78.75 79.67 76.94 77.65 74.17 75.61 74.60 75.89 70.33 70.09 79.92 85.43 99.88 80.48 90.73 90.26 77.60 80.27 82.18 86.55 85.21 84.29 79.09 89.84 83.07
106.88 108.16 85.21 90.02 91.49 92.94 84.44 90.70 92.63 91.99 99.82 107.16 108.62 117.96 147.13 149.04 182.45 171.89 179.84 204.56 193.19 156.55 214.96 190.06 170.57 180.81 179.22 151.00 149.92 181.61 116.99 121.78 94.49 100.49 120.71 126.01 132.94 101.22 83.72 89.09 99.51 103.81 114.04 114.64 99.49 114.60 91.69 87.28 87.28 85.97 76.92 73.83 75.02 89.40 84.79 81.11 67.25 72.76 72.92 78.18 85.77 88.47 93.78 95.89 87.78 89.42 87.79 86.14 82.02 83.72 86.29 83.96 85.43 95.67 78.25 79.28
-9999 102.05 91.69 88.00 91.96 87.21 86.39 -9999 -9999 -9999 -9999 97.73 102.56 116.86 124.84 134.40 148.19 152.80 155.55 176.75 177.11 247.21 289.38 220.17 176.57 152.81 169.98 164.03 155.33 129.44 124.85 108.87 100.78 118.23 107.07 124.77 96.36 74.86 86.05 90.24 116.44 93.06 112.02 110.64 93.34 100.29 76.77 69.23 75.72 78.03 74.76 74.24 74.75 82.78 80.40 78.78 76.20 78.78 80.61 83.79 79.55 92.93 96.27 98.66 90.81 89.75 77.34 77.91 87.44 79.08 78.53 77.36 78.24 90.25 81.15 74.72
-9999 87.71 80.62 81.55 78.86 86.57 74.73 -9999 -9999 -9999 -9999 -9999 -9999 -9999 118.95 147.83 145.66 133.34 138.59 163.40 209.69 252.73 284.87 258.69 201.15 165.86 162.35 137.64 158.85 170.77 134.19 110.79 125.14 123.38 120.81 97.22 88.67 84.78 89.92 96.12 105.17 100.44 107.28 97.47 84.92 79.51 73.59 69.14 74.08 72.33 74.01 67.00 70.58 73.66 72.90 75.19 80.54 89.89 88.40 93.31 85.19 87.86 97.22 98.60 85.15 82.93 76.41 80.03 69.75 80.73 76.48 79.13 78.04 74.40 73.32 70.48
-9999 -9999 -9999 73.34 -9999 -9999 -9999 -9999 -9999 -9999 -9999 -9999 83.32 104.17 120.77 132.87 120.14 124.08 127.08 152.62 163.63 207.83 242.14 224.49 188.75 158.42 167.89 139.55 142.44 129.61 106.51 93.41 111.85 109.32 102.35 90.51 88.45 93.76 94.31 112.49 110.04 103.57 105.06 94.77 83.99 84.11 81.98 87.01 82.12 78.91 75.51 72.19 71.09 72.34 73.52 72.87 68.03 93.41 103.85 101.36 105.29 77.14 88.40 89.87 89.21 77.74 78.22 81.67 79.55 79.73 72.82 72.45 78.60 81.78 70.20 76.60
-9999 -9999 -9999 -9999 -9999 -9999 -9999 -9999 -9999 -9999 -9999 -9999 77.64 96.10 103.96 106.46 112.86 -9999 -9999 105.01 148.31 153.70 179.47 163.07 146.81 154.60 159.49 131.41 122.36 111.76 101.02 92.00 82.34 89.30 82.08 82.13 81.52 91.28 97.65 110.40 101.78 99.55 95.16 98.23 94.52 94.24 88.96 90.27 85.03 76.51 77.27 97.65 93.43 84.88 75.45 75.47 81.77 78.90 96.18 95.70 101.09 77.87 86.02 77.94 73.30 71.99 76.08 76.13 73.36 81.09 70.60 63.93 69.44 72.83 70.96 71.18
-9999 -9999 -9999 -9999 -9999 -9999 -9999 -9999 -9999 -9999 -9999 -9999 -9999 -9999 -9999 -9999 -9999 -9999 -9999 95.58 104.21 125.52 126.79 122.39 124.55 131.40 130.29 120.20 104.19 101.20 96.76 96.42 83.86 -9999 80.95 80.86 85.23 72.79 96.69 110.18 102.41 100.77 96.38 92.59 84.31 98.20 97.44 105.20 107.67 104.17 99.25 104.66 111.69 99.48 88.37 86.70 80.79 90.46 90.54 87.26 79.60 77.96 71.81 71.58 66.64 69.06 75.85 70.74 73.15 74.15 66.75 68.53 65.73 65.30 65.72 69.67
-9999 -9999 -9999 -9999 -9999 -9999 -9999 -9999 -9999 -9999 -9999 -9999 -9999 -9999 -9999 -9999 -9999 -9999 -9999 -9999 90.54 91.79 96.63 110.73 109.04 108.79 110.99 101.08 93.57 -9999 -9999 -9999 -9999 87.89 76.78 81.67 86.71 80.86 85.53 99.70 104.95 103.03 96.22 90.03 88.02 94.33 107.35 108.91 121.85 113.87 118.36 106.76 103.40 93.47 88.70 85.53 78.16 83.13 80.45 72.15 72.14 67.30 70.44 71.60 71.12 70.33 72.07 60.99 65.23 71.30 71.52 72.60 67.91 58.52 63.92 65.38
-9999 -9999 -9999 -9999 -9999 -9999 -9999 -9999 -9999 -9999 -9999 -9999 -9999 -9999 -9999 -9999 -9999 -9999 -9999 -9999 -9999 91.90 105.08 98.79 85.79 102.57 103.95 105.50 -9999 -9999 -9999 -9999 92.53 94.94 90.25 86.84 86.36 68.73 87.81 95.91 98.62 102.08 97.04 91.41 93.48 105.75 111.80 113.80 119.30 117.44 118.23 99.31 93.23 87.75 94.33 75.30 77.92 74.26 73.79 71.09 70.21 67.72 74.91 78.67 72.64 70.00 73.30 70.74 72.71 75.80 84.34 82.83 86.75 59.28 75.59 87.36
-9999 -9999 -9999 -9999 -9999 -9999 -9999 -9999 -9999 -9999 -9999 -9999 -9999 -9999 -9999 -9999 -9999 -9999 -9999 -9999 -9999 -9999 91.15 88.42 73.92 92.16 89.09 93.01 -9999 -9999 -9999 98.51 90.37 90.13 90.86 105.46 98.78 89.24 87.43 86.71 99.24 105.60 94.69 98.39 107.72 110.81 106.55 119.65 116.66 109.29 106.82 101.38 97.82 113.50 91.70 85.99 82.13 84.09 70.34 74.48 70.82 74.96 78.98 78.54 74.46 68.91 72.81 71.60 79.77 85.71 85.58 91.41 84.68 83.77 84.09 96.34
-9999 -9999 -9999 -9999 -9999 -9999 -9999 -9999 -9999 -9999 -9999 -9999 -9999 -9999 -9999 -9999 -9999 -9999 -9999 -9999 -9999 -9999 -9999 -9999 -9999 -9999 -9999 -9999 -9999 -9999 102.38 96.84 85.48 96.88 110.94 117.54 99.70 89.47 92.25 91.49 87.64 100.91 98.48 86.28 92.85 99.86 107.17 105.62 113.14 111.47 101.95 120.71 110.14 107.24 93.81 95.00 94.76 90.46 82.62 76.88 69.48 74.82 76.05 70.74 75.05 72.71 77.09 87.24 85.42 91.83 97.61 103.69 105.28 98.23 81.94 96.32
-9999 -9999 -9999 -9999 -9999 -9999 -9999 -9999 -9999 -9999 -9999 -9999 -9999 -9999 -9999 -9999 -9999 -9999 -9999 -9999 -9999 -9999 -9999 -9999 -9999 -9999 -9999 -9999 -9999 -9999 90.95 108.32 109.13 145.33 140.19 128.51 113.08 107.46 95.92 102.03 86.58 86.92 90.45 85.84 92.33 107.60 107.99 123.31 122.45 127.79 111.68 116.78 123.48 106.27 103.86 97.66 100.48 96.76 83.53 78.04 79.11 78.91 81.03 79.91 88.86 74.34 86.83 94.17 95.90 99.67 115.27 102.86 108.74 106.72 93.60 96.67
-9999 -9999 -9999 -9999 -9999 -9999 -9999 -9999 -9999 -9999 -9999 -9999 -9999 -9999 -9999 -9999 -9999 -9999 -9999 -9999 -9999 -9999 -9999 -9999 -9999 -9999 -9999 -9999 -9999 -9999 82.18 91.75 109.94 123.70 130.18 132.48 128.17 111.70 111.27 105.63 100.68 95.89 109.73 106.70 105.13 113.06 115.09 113.20 113.63 114.64 118.29 115.95 110.81 99.07 101.74 101.00 97.02 99.17 87.20 85.29 83.79 77.06 97.04 86.73 85.75 83.32 115.31 109.06 102.78 98.45 98.55 106.37 103.91 122.97 100.76 97.96
-9999 -9999 -9999 -9999 -9999 -9999 -9999 -9999 -9999 -9999 -9999 -9999 -9999 96.06 122.14 90.11 132.43 157.11 163.26 183.96 175.35 106.64 110.95 91.89 -9999 -9999 -9999 -9999 -9999 -9999 85.36 89.06 89.84 96.67 110.96 125.58 110.01 111.40 102.76 110.37 107.32 104.80 118.33 108.10 99.07 109.35 107.80 103.00 112.81 106.78 109.66 110.04 115.94 103.64 107.78 106.33 113.74 106.62 93.92 95.67 99.18 89.06 93.72 94.13 94.35 104.31 107.03 108.54 100.28 112.94 98.81 101.40 96.74 100.34 95.61 91.75
-9999 -9999 -9999 -9999 -9999 -9999 -9999 -9999 -9999 -9999 -9999 -9999 -9999 110.64 116.04 126.37 108.84 180.75 213.87 186.87 196.06 164.58 143.08 121.26 99.61 99.83 122.68 113.94 95.31 79.97 89.39 89.19 88.47 91.99 103.61 104.46 116.75 102.56 102.08 104.00 125.94 120.62 110.14 110.86 112.08 93.45 107.39 107.19 105.63 104.41 104.21 118.07 107.46 105.81 105.32 107.11 104.74 111.50 104.51 96.53 96.45 90.33 95.00 99.29 102.23 130.87 111.30 104.13 93.76 103.07 104.15 100.83 105.72 108.37 97.83 99.80
-9999 -9999 -9999 -9999 -9999 -9999 -9999 -9999 -9999 -9999 -9999 -9999 59.19 105.76 104.54 124.33 135.88 165.80 204.49 211.58 208.03 185.09 169.02 155.33 118.95 139.94 123.83 132.48 105.43 95.24 79.54 88.56 85.25 87.36 101.92 117.65 118.79 107.41 93.00 117.94 109.54 124.57 125.08 108.49 107.70 96.24 105.47 108.87 99.79 100.77 103.21 100.07 102.15 98.82 96.62 99.25 112.79 109.79 106.54 100.65 100.46 108.10 98.47 131.31 106.33 109.45 111.78 104.11 99.43 104.75 99.95 115.73 114.04 101.31 106.99 118.46
-9999 -9999 -9999 -9999 -9999 -9999 -9999 -9999 -9999 -9999 -9999 -9999 -9999 89.74 102.45 108.16 110.90 146.61 176.02 202.31 175.31 161.06 148.41 149.26 156.78 146.06 120.79 112.46 108.83 94.14 79.49 75.48 75.84 89.81 88.56 99.46 99.08 100.07 105.59 106.58 108.87 125.14 130.64 113.24 108.53 120.24 115.23 101.23 103.72 105.78 101.44 95.86 104.03 100.69 96.46 98.86 105.97 111.02 114.70 106.64 104.30 106.34 101.68 102.51 97.65 95.47 103.63 98.63 101.35 113.41 110.90 112.16 128.18 116.38 115.37 121.16
-9999 -9999 -9999 -9999 -9999 -9999 -9999 -9999 -9999 84.00 -9999 -9999 105.91 107.62 127.64 107.48 111.56 123.49 130.19 140.38 135.71 132.93 131.84 143.75 154.09 150.39 115.73 98.79 91.45 98.80 79.38 73.69 90.00 102.00 91.09 91.22 83.77 105.90 109.82 117.82 109.26 113.60 116.91 151.90 136.21 125.47 113.94 102.00 96.88 105.49 109.16 111.35 96.53 97.85 97.92 87.29 107.31 111.22 121.22 100.35 103.91 106.12 99.75 101.69 100.56 96.57 101.80 109.14 115.07 104.10 114.25 113.21 116.06 95.40 110.65 124.97
-9999 -9999 -9999 -9999 -9999 -9999 -9999 -9999 105.70 131.59 121.59 131.77 112.46 121.21 132.60 117.97 94.97 109.58 118.38 131.53 128.30 138.42 132.52 129.07 126.55 110.37 102.96 100.34 91.15 106.65 104.40 81.56 84.67 93.30 93.50 89.43 118.06 103.66 103.28 111.85 115.29 118.83 115.61 128.92 161.29 127.15 114.35 104.30 104.88 108.31 113.77 109.13 97.96 96.93 91.60 91.10 90.58 102.56 101.08 98.50 96.86 107.11 118.77 123.64 106.16 98.81 95.68 104.41 101.37 98.89 97.47 110.98 108.54 96.38 87.40 101.07
-9999 -9999 -9999 -9999 -9999 -9999 -9999 -9999 124.58 140.01 127.91 115.09 132.16 136.15 123.00 121.28 125.14 115.82 111.70 122.90 123.96 133.36 120.95 123.35 130.58 119.82 127.27 134.91 118.28 111.34 147.97 82.28 98.69 95.72 99.30 97.99 96.64 101.85 108.89 113.95 108.81 119.84 127.63 114.16 119.66 118.84 108.12 102.82 112.51 107.95 100.60 88.15 87.66 84.83 81.49 84.40 87.09 97.76 105.73 98.92 110.41 102.15 112.91 102.17 118.89 104.94 98.46 101.82 94.36 94.60 109.22 101.05 106.06 84.97 85.07 90.00
-9999 -9999 -9999 -9999 -9999 -9999 -9999 -9999 126.31 149.57 144.52 136.92 136.61 136.61 130.60 122.56 105.51 103.28 109.68 120.07 114.08 125.82 124.34 115.05 120.82 109.01 139.01 128.66 137.21 124.11 117.55 99.97 108.60 85.33 91.69 97.15 124.20 114.92 109.28 119.98 120.94 123.94 117.67 114.17 118.42 111.95 111.76 105.84 106.57 113.25 110.52 81.58 82.65 81.03 73.90 84.70 72.40 87.46 91.61 93.13 102.91 96.10 97.82 116.30 103.15 127.78 111.46 91.55 92.02 118.26 110.14 107.31 94.89 89.02 82.33 78.31
-9999 -9999 -9999 -9999 -9999 -9999 -9999 -9999 96.77 141.03 143.67 141.93 129.94 136.24 122.42 109.38 101.06 103.59 108.39 116.32 112.74 111.83 112.61 114.71 102.58 102.50 123.45 131.25 145.70 143.59 135.37 121.15 110.17 98.87 99.28 116.71 102.31 105.58 127.05 116.89 123.20 108.68 107.84 106.26 113.09 107.51 109.59 110.00 102.57 102.55 96.71 86.92 86.06 85.33 84.70 81.47 85.33 78.71 69.71 73.88 79.34 78.65 80.34 82.00 75.98 94.17 92.24 93.76 88.53 84.82 84.99 104.54 91.60 80.94 83.48 81.34
-9999 -9999 -9999 -9999 -9999 -9999 -9999 -9999 97.48 124.60 122.96 135.37 135.67 132.91 126.16 114.45 98.85 104.17 111.65 108.19 99.68 107.73 101.58 94.75 98.73 101.77 109.55 120.46 133.99 123.51 111.03 133.11 129.53 98.82 102.51 111.28 111.01 120.51 113.40 106.81 111.97 105.99 98.75 101.28 103.95 101.53 105.71 101.27 95.34 89.89 84.61 89.76 82.04 78.64 76.73 79.77 73.36 72.48 72.33 74.81 73.46 71.31 70.63 72.66 70.87 76.56 78.17 73.85 -9999 -9999 75.01 92.37 77.53 85.25 84.43 100.34
-9999 -9999 -9999 -9999 -9999 -9999 -9999 121.62 111.89 132.96 138.04 137.77 139.67 146.35 139.06 144.99 125.42 125.99 115.71 109.85 98.03 108.98 92.47 94.11 92.05 100.92 107.10 120.00 131.59 110.50 114.31 120.26 101.70 93.30 87.81 97.73 114.27 113.18 108.05 101.22 97.90 98.02 99.48 96.08 101.28 96.43 95.05 91.14 87.03 81.80 80.12 79.43 75.16 82.16 -9999 -9999 71.91 75.29 72.31 70.59 67.88 64.74 59.53 -9999 -9999 -9999 -9999 -9999 -9999 -9999 -9999 -9999 -9999 74.76 80.02 85.28
