Rainfall_2007-2011/Rainfall_2011-02_ACTUAL.txt
ncols         180
nrows         290
xllcorner     -200000
yllcorner     -200000
cellsize      5000
NODATA_value  -9999
[rows 170 to 203 of 290, columns 75 to 149 of 180]
-9999 -9999 -9999 -9999 -9999 -9999 -9999 -9999 -9999 -9999 -9999 -9999 -9999 -9999 -9999 -9999 -9999 -9999 -9999 -9999 -9999 -9999 -9999 -9999 -9999 -9999 -9999 -9999 -9999 -9999 -9999 92.42 102.90 104.30 99.50 118.61 105.64 101.04 92.87 116.84 121.46 127.00 119.45 141.11 146.80 158.59 214.56 235.53 229.74 190.72 119.08 107.01 87.51 73.74 62.12 66.94 65.47 67.80 56.08 60.75 56.22 56.52 61.54 67.03 62.61 61.16 63.32 63.12 62.98 51.60 51.13 49.75 50.77 56.97 -9999
-9999 -9999 -9999 -9999 -9999 -9999 -9999 -9999 -9999 -9999 -9999 103.74 107.42 120.20 125.00 -9999 -9999 -9999 -9999 -9999 -9999 -9999 -9999 -9999 -9999 -9999 -9999 -9999 -9999 -9999 83.04 76.86 96.73 97.46 94.10 92.67 84.48 82.33 96.40 111.05 124.37 117.54 118.34 123.11 147.45 195.04 192.04 215.36 195.65 194.53 154.37 97.43 96.08 70.34 76.57 73.05 65.47 73.61 56.64 48.79 53.43 51.00 59.17 60.59 60.43 59.52 62.09 56.54 71.27 68.88 67.96 56.27 53.19 54.57 53.81
-9999 -9999 -9999 -9999 -9999 -9999 -9999 -9999 -9999 -9999 -9999 111.50 118.15 113.57 111.34 -9999 -9999 -9999 -9999 -9999 -9999 -9999 -9999 -9999 -9999 -9999 -9999 -9999 -9999 80.05 84.96 74.02 84.96 94.51 82.71 78.16 71.01 76.25 94.58 112.49 108.71 111.27 113.11 122.73 136.21 163.69 218.17 240.45 192.63 168.38 141.51 113.88 91.85 70.88 71.86 72.21 66.71 62.01 52.08 51.72 52.04 48.65 53.73 57.04 60.26 61.21 66.28 61.60 74.38 72.94 65.14 56.38 53.13 47.98 53.13
-9999 -9999 -9999 -9999 -9999 -9999 -9999 -9999 -9999 81.77 91.34 97.42 119.58 109.29 115.70 109.36 83.73 93.05 -9999 -9999 70.58 73.22 -9999 -9999 -9999 70.56 97.27 85.15 -9999 63.09 86.57 71.49 67.00 70.08 71.73 75.04 75.56 85.66 98.26 98.63 96.32 115.23 115.15 117.35 178.75 149.21 177.95 207.81 148.44 139.35 133.22 97.74 104.82 79.94 73.08 70.76 73.66 68.24 60.59 50.47 53.15 53.22 55.73 51.79 63.92 63.84 62.13 59.31 67.09 69.06 59.51 64.20 53.79 50.86 59.35
-9999 -9999 -9999 -9999 -9999 -9999 -9999 -9999 -9999 -9999 88.26 89.76 106.43 105.49 110.06 104.44 100.73 96.37 -9999 80.75 89.72 101.38 86.84 82.15 72.41 65.26 81.81 68.07 55.20 -9999 56.55 55.37 56.51 50.06 54.52 61.18 65.19 73.50 85.44 94.15 106.43 117.51 137.81 130.72 186.36 215.40 182.18 211.14 130.00 155.81 108.42 93.39 87.58 78.83 76.61 71.91 73.99 83.13 65.94 58.41 57.26 54.40 58.00 58.30 68.51 64.22 62.21 59.33 60.74 61.06 60.28 65.73 60.49 53.69 53.70
-9999 -9999 -9999 -9999 -9999 -9999 -9999 -9999 -9999 -9999 -9999 88.62 99.34 105.73 102.29 90.80 98.58 109.84 123.99 179.37 126.89 128.86 115.46 105.17 88.50 76.62 55.14 55.98 55.35 52.17 51.22 51.04 52.82 53.65 57.32 57.66 66.92 74.10 83.10 91.04 99.20 116.14 128.64 134.24 192.24 200.62 194.31 182.74 132.29 118.67 105.11 84.64 85.49 80.70 72.46 69.31 57.51 61.75 59.68 59.30 49.23 46.65 53.60 60.36 62.81 63.45 59.05 58.20 54.96 54.84 58.43 62.83 66.75 63.20 54.84
-9999 -9999 -9999 -9999 -9999 -9999 -9999 -9999 -9999 -9999 -9999 -9999 93.22 86.51 93.40 95.29 126.19 148.02 220.04 227.21 194.84 172.19 123.61 111.03 93.66 65.08 58.24 69.63 53.53 51.77 47.25 46.93 47.34 48.79 51.66 58.36 59.89 64.61 71.36 76.43 96.07 112.92 109.94 143.99 172.11 166.87 184.22 154.11 141.73 105.81 100.76 113.87 89.34 83.81 77.56 74.03 63.73 61.31 56.16 55.27 49.52 46.94 54.35 56.54 55.77 56.31 57.83 54.16 49.49 50.79 58.16 70.05 62.20 57.73 57.80
-9999 -9999 -9999 -9999 -9999 -9999 -9999 -9999 -9999 -9999 -9999 -9999 -9999 84.80 84.55 140.83 186.34 229.91 308.37 318.61 262.12 237.97 183.59 137.70 111.23 91.41 77.76 71.98 80.50 60.68 55.06 50.62 45.57 50.37 49.73 51.18 53.12 55.42 57.31 66.91 78.42 84.30 98.84 132.20 154.53 147.92 141.20 132.62 141.89 115.76 96.59 113.50 87.65 83.74 86.24 77.13 69.64 62.95 53.65 56.37 50.39 50.04 49.69 54.77 52.29 50.74 49.32 52.69 54.01 57.80 57.74 60.86 49.93 58.69 57.58
-9999 -9999 -9999 -9999 -9999 -9999 -9999 -9999 -9999 -9999 -9999 -9999 -9999 91.01 91.51 176.85 213.29 333.78 427.18 436.56 243.77 194.10 211.76 176.77 165.59 112.72 88.92 76.49 67.81 72.51 61.25 67.15 46.67 46.14 47.42 51.41 53.08 50.92 53.81 58.49 63.32 70.43 91.77 118.35 122.61 115.38 139.39 143.05 140.65 126.65 106.73 102.47 88.09 77.09 81.76 72.44 68.10 64.35 56.25 52.39 47.18 48.05 48.28 43.78 39.58 51.84 49.75 54.28 53.44 50.52 53.24 57.39 59.31 56.93 55.97
-9999 -9999 -9999 -9999 -9999 -9999 -9999 -9999 -9999 -9999 -9999 -9999 -9999 118.09 150.65 194.25 269.07 380.41 341.92 313.79 314.77 254.92 218.60 173.49 156.99 134.00 101.92 79.31 87.44 81.28 74.91 56.62 51.53 51.43 58.42 50.93 49.96 50.46 51.03 57.13 57.06 71.50 90.27 98.79 100.07 108.39 121.24 115.61 126.11 100.89 103.76 105.76 75.23 73.75 72.32 68.17 69.03 61.05 61.36 48.33 46.41 45.52 46.55 43.50 55.11 49.81 62.15 55.24 52.72 52.44 52.45 52.42 58.21 55.26 52.23
-9999 -9999 -9999 -9999 -9999 -9999 -9999 -9999 -9999 -9999 -9999 -9999 107.91 189.75 173.20 214.18 262.31 260.51 343.33 292.49 336.75 313.78 274.36 193.72 146.22 115.82 91.85 95.11 101.85 86.74 80.74 61.08 47.28 47.21 56.28 48.92 48.41 51.91 52.62 56.55 68.45 80.93 77.40 92.32 96.32 88.35 102.56 117.47 100.63 96.50 85.58 89.62 77.30 64.35 62.47 66.57 62.93 59.84 47.87 46.59 49.30 46.45 46.70 44.30 51.60 47.22 53.53 58.61 54.40 54.58 53.85 58.64 54.54 43.55 -9999
-9999 -9999 -9999 -9999 -9999 -9999 -9999 -9999 -9999 -9999 80.79 85.76 106.63 123.41 136.86 152.70 195.33 175.74 274.21 266.42 307.39 317.06 277.11 208.86 203.35 129.84 126.61 114.25 89.57 79.15 68.26 65.16 55.10 43.32 50.71 43.58 51.51 53.67 52.19 63.17 72.51 81.42 86.98 86.01 90.62 92.62 84.21 84.79 94.63 80.87 68.70 74.11 66.46 59.97 56.27 60.29 54.87 47.63 48.82 50.94 49.65 43.85 46.24 44.16 46.09 52.16 48.56 54.69 54.23 52.96 55.41 56.31 57.53 -9999 -9999
-9999 -9999 -9999 -9999 -9999 -9999 -9999 -9999 -9999 75.87 80.46 90.04 92.24 102.58 92.40 87.57 84.95 127.24 193.93 231.53 272.46 370.13 250.94 223.95 204.14 141.66 164.95 155.04 135.85 98.64 83.73 69.64 56.36 48.48 52.52 53.42 51.54 55.72 58.83 63.68 76.31 74.05 80.54 89.17 88.72 73.87 82.04 77.33 73.42 65.40 66.22 65.68 56.01 55.20 52.89 52.28 49.07 44.36 46.89 45.44 43.11 43.57 44.70 46.06 47.79 49.98 49.08 48.02 50.72 52.15 50.36 56.23 56.46 -9999 -9999
-9999 -9999 -9999 -9999 -9999 -9999 -9999 -9999 77.60 80.59 77.79 90.62 -9999 -9999 -9999 -9999 93.21 139.09 199.46 205.97 248.45 279.54 300.29 288.61 249.26 197.15 236.61 190.16 154.02 93.62 97.35 67.06 57.81 53.17 52.16 54.11 51.23 55.51 60.63 58.42 76.50 77.62 76.41 77.01 77.80 72.19 73.38 68.41 64.06 60.84 54.48 52.24 49.21 47.10 49.51 49.40 47.52 46.05 47.95 44.79 43.35 47.22 47.41 49.21 54.52 51.57 48.56 46.88 48.49 52.34 56.68 56.01 51.93 55.67 -9999
-9999 -9999 -9999 -9999 -9999 -9999 -9999 -9999 71.18 89.20 76.55 75.17 -9999 -9999 -9999 -9999 90.56 124.65 205.21 201.24 233.24 307.13 344.88 349.90 345.69 238.01 237.64 147.95 110.15 100.91 85.48 63.63 52.25 51.73 52.94 57.92 58.61 58.25 56.47 58.47 71.71 72.25 68.51 66.54 65.50 63.84 64.75 63.37 60.43 53.87 47.16 46.93 48.17 48.69 46.75 47.70 45.37 44.69 50.96 48.44 52.78 48.78 51.94 50.56 55.19 53.44 50.07 46.66 46.09 49.23 56.86 52.91 52.82 55.65 53.04
-9999 -9999 -9999 -9999 -9999 -9999 -9999 -9999 -9999 -9999 -9999 -9999 -9999 -9999 -9999 -9999 81.33 120.34 146.04 144.04 212.61 224.19 346.54 383.05 311.98 292.52 255.68 153.23 115.23 87.53 76.24 57.79 52.99 49.82 51.92 50.45 47.90 53.65 49.87 43.81 57.74 61.50 61.50 61.88 62.27 59.66 55.86 54.59 51.73 51.73 49.62 52.14 46.29 45.69 45.62 46.48 50.46 43.71 50.32 51.27 50.26 48.50 51.42 49.92 53.87 52.32 50.96 46.83 47.46 46.80 51.24 49.64 52.11 53.21 49.60
-9999 -9999 -9999 -9999 -9999 -9999 -9999 -9999 -9999 -9999 -9999 -9999 -9999 -9999 -9999 -9999 -9999 110.00 109.19 145.74 184.42 284.29 392.68 385.60 331.02 264.23 160.88 130.63 92.97 65.80 55.31 50.31 48.20 53.25 46.73 44.36 46.38 38.67 42.96 41.70 51.34 56.07 57.18 58.19 61.81 64.58 54.75 50.28 45.32 45.83 48.94 50.65 49.24 46.37 50.96 56.46 46.14 44.68 43.54 45.69 47.19 39.89 48.53 47.65 49.63 48.05 47.99 45.98 46.07 44.92 45.58 50.14 53.78 52.70 48.69
-9999 -9999 -9999 -9999 -9999 -9999 -9999 -9999 -9999 -9999 -9999 -9999 -9999 -9999 -9999 -9999 -9999 97.80 157.21 229.79 216.31 251.69 293.13 286.55 266.76 222.01 150.95 107.40 92.54 62.56 50.16 46.84 46.23 51.80 41.10 37.99 43.88 42.36 47.73 54.72 55.07 52.86 53.44 52.35 57.34 59.85 53.10 48.49 44.69 44.06 47.74 50.59 48.42 46.96 59.60 54.75 47.76 45.49 46.40 48.48 52.05 43.42 46.32 47.79 49.02 47.47 45.27 42.72 42.09 41.20 36.57 52.59 45.28 45.47 45.63
-9999 -9999 -9999 -9999 -9999 -9999 -9999 -9999 -9999 -9999 -9999 -9999 -9999 -9999 -9999 -9999 103.86 118.61 146.93 219.67 201.71 195.26 234.90 232.75 217.38 183.52 129.65 88.91 82.21 56.76 68.83 50.54 44.16 40.60 44.16 43.94 41.54 56.02 53.61 60.40 49.57 50.86 50.56 52.45 56.49 59.66 54.10 46.89 44.37 43.67 45.97 45.67 46.16 48.31 46.95 48.73 42.68 44.36 47.74 50.47 54.97 55.96 51.86 49.83 47.97 46.67 46.59 40.96 39.69 40.63 41.98 41.55 44.93 43.45 45.26
-9999 -9999 -9999 -9999 -9999 -9999 -9999 -9999 -9999 -9999 -9999 -9999 -9999 -9999 -9999 -9999 84.87 104.53 162.73 165.45 166.81 133.37 152.42 204.81 182.29 124.21 99.20 74.73 70.80 66.51 52.52 49.20 55.57 50.83 43.93 34.83 38.21 45.42 49.65 49.53 47.20 48.91 47.97 46.84 55.74 55.19 57.66 54.47 49.73 48.28 45.50 46.46 44.05 51.62 49.87 51.72 47.08 41.09 48.24 57.35 50.07 57.82 54.38 48.17 49.85 44.03 40.86 43.44 40.31 41.59 43.45 41.01 41.25 39.14 41.06
-9999 -9999 -9999 -9999 -9999 -9999 -9999 -9999 -9999 -9999 -9999 -9999 -9999 -9999 -9999 -9999 62.30 78.97 94.83 116.12 130.44 155.77 163.83 188.33 146.30 130.60 95.44 79.62 63.36 51.48 45.81 47.85 52.89 63.34 46.85 49.33 43.48 45.15 48.68 45.40 45.06 44.51 45.92 49.64 51.29 52.96 57.14 51.74 51.47 47.50 52.39 50.08 49.81 50.67 45.82 48.74 46.23 47.62 48.78 50.54 49.53 47.65 47.09 47.66 50.79 50.47 40.68 38.27 38.31 39.47 44.13 41.58 39.64 40.02 39.29
-9999 -9999 -9999 -9999 -9999 -9999 -9999 -9999 -9999 -9999 -9999 -9999 -9999 -9999 -9999 -9999 -9999 70.46 106.15 133.79 177.79 242.55 222.83 204.03 129.13 93.94 84.21 50.88 53.45 58.60 40.35 44.75 50.10 67.03 52.45 40.07 34.64 46.99 48.93 42.77 44.75 43.06 45.81 51.06 49.66 50.08 46.31 48.11 49.41 46.40 51.88 51.68 49.43 48.25 46.68 45.23 46.77 48.89 46.40 46.90 43.10 46.49 49.23 54.52 52.63 46.43 43.51 40.53 41.37 43.32 40.82 38.17 38.78 39.66 37.28
-9999 -9999 -9999 -9999 -9999 -9999 -9999 -9999 -9999 -9999 -9999 -9999 -9999 -9999 -9999 -9999 -9999 71.74 92.61 130.88 195.64 308.08 267.84 262.84 135.05 90.39 83.37 71.19 72.71 67.70 57.01 47.53 49.54 57.60 48.22 46.23 51.11 49.82 53.92 42.63 41.96 45.76 45.40 49.47 54.26 52.84 44.82 45.17 49.85 46.39 51.22 50.64 49.14 49.24 49.04 48.38 48.12 49.80 45.91 45.13 43.33 48.80 56.08 57.41 56.34 47.66 42.84 41.71 45.23 38.33 38.44 38.93 40.40 39.92 40.20
-9999 -9999 -9999 -9999 -9999 -9999 -9999 -9999 -9999 -9999 -9999 -9999 -9999 -9999 -9999 -9999 55.59 52.96 89.15 149.62 193.92 174.68 247.13 186.87 145.99 125.88 94.85 84.72 71.04 56.91 58.63 58.86 56.76 46.10 47.84 51.60 51.67 53.72 50.13 42.85 44.52 45.13 48.50 55.50 60.80 53.85 54.95 53.04 55.62 48.14 53.03 54.23 56.28 46.54 45.19 43.40 42.49 43.22 50.27 44.92 47.20 46.71 53.32 55.12 55.33 44.73 43.33 39.83 41.42 37.64 38.31 35.96 37.78 36.28 39.44
-9999 -9999 -9999 -9999 -9999 -9999 -9999 -9999 -9999 -9999 -9999 -9999 -9999 -9999 -9999 -9999 65.45 71.26 85.67 103.80 179.44 220.96 211.20 162.58 104.63 90.91 90.15 84.17 78.91 67.34 71.38 63.20 49.74 57.17 49.80 51.25 47.22 62.24 47.27 45.33 42.02 43.19 47.82 50.07 68.25 60.92 56.63 60.14 56.71 50.89 53.56 40.17 48.52 40.56 41.29 41.94 40.21 45.71 53.10 51.06 54.82 55.22 48.94 49.19 49.13 45.76 46.21 42.43 40.32 41.52 37.42 36.37 34.56 35.22 37.13
-9999 -9999 -9999 -9999 -9999 -9999 -9999 -9999 -9999 -9999 -9999 -9999 -9999 -9999 -9999 -9999 69.62 73.76 72.28 101.30 165.99 192.42 162.77 116.33 103.50 89.31 90.98 76.28 68.83 74.96 61.68 54.90 53.10 49.55 59.01 46.76 48.21 45.89 44.70 43.18 43.53 44.87 44.91 49.66 54.34 51.18 51.18 56.69 54.92 54.82 52.14 48.73 46.84 44.86 46.21 43.35 44.85 46.11 50.74 50.22 51.96 61.23 53.35 49.80 49.08 49.19 46.44 40.32 37.78 35.73 35.54 34.18 33.66 32.52 34.15
-9999 -9999 -9999 -9999 -9999 -9999 -9999 -9999 -9999 -9999 -9999 -9999 -9999 -9999 -9999 75.24 81.71 97.21 95.02 117.92 125.62 144.16 151.37 118.23 91.03 87.67 78.02 71.77 70.42 60.77 48.79 56.84 52.88 43.76 44.02 44.78 42.96 42.03 51.93 42.51 44.10 47.67 43.58 45.43 54.37 49.14 48.34 54.08 50.69 54.04 51.64 47.80 44.27 42.44 43.71 42.69 47.67 51.18 53.22 48.77 48.88 55.88 53.46 43.46 52.25 52.21 44.13 43.43 38.68 35.52 34.56 32.26 31.34 33.24 32.69
-9999 -9999 -9999 -9999 -9999 -9999 -9999 -9999 -9999 -9999 -9999 -9999 -9999 -9999 84.27 85.81 85.65 92.17 84.78 124.38 160.95 164.25 167.27 133.41 103.58 88.13 75.04 67.29 88.26 62.84 59.46 47.78 46.07 43.14 42.97 45.55 52.77 54.05 54.79 50.55 54.49 47.84 45.62 47.46 47.07 43.80 44.22 49.11 49.47 52.82 52.45 49.91 45.69 46.34 46.17 42.17 38.69 47.19 53.93 48.07 49.35 56.54 51.83 49.84 57.89 51.06 47.34 45.26 39.71 37.40 37.10 33.42 33.12 29.17 30.52
-9999 -9999 -9999 -9999 -9999 -9999 -9999 -9999 -9999 -9999 -9999 -9999 72.06 70.42 86.82 97.18 82.15 98.58 98.98 144.81 183.27 196.58 174.71 133.53 103.63 65.70 79.92 69.22 83.41 66.77 57.90 53.70 44.09 40.83 40.28 40.67 54.79 47.80 51.33 52.60 49.97 47.92 46.08 47.83 46.54 43.46 42.17 46.63 49.19 46.41 50.05 45.48 48.33 51.12 54.41 54.60 44.80 45.24 48.42 44.97 48.44 60.01 51.71 52.01 47.83 52.88 49.10 43.05 37.40 38.06 42.01 36.39 36.04 31.22 32.91
-9999 -9999 -9999 -9999 -9999 -9999 -9999 -9999 66.38 46.00 65.59 86.84 88.00 106.72 115.02 99.75 108.09 97.74 128.49 146.41 183.41 180.41 161.65 126.85 95.61 68.97 76.04 69.54 89.11 78.74 62.47 48.90 43.85 41.62 48.58 42.05 55.49 53.81 48.71 51.75 50.43 45.60 45.93 43.77 39.73 45.59 41.20 41.92 45.09 44.36 48.94 48.35 44.58 51.92 52.58 53.43 45.27 46.99 51.03 48.52 46.21 56.11 53.18 56.59 59.85 47.58 42.31 42.95 42.12 44.10 40.79 37.82 34.70 30.08 30.77
-9999 -9999 -9999 -9999 -9999 -9999 -9999 90.82 79.03 81.71 87.29 72.51 85.25 105.28 123.43 123.22 94.18 105.77 131.09 152.50 145.00 169.25 157.10 129.23 113.82 87.46 72.48 88.82 66.60 63.18 50.38 44.10 40.70 44.88 39.44 43.19 40.73 46.66 52.18 52.39 59.20 48.37 47.76 40.76 37.66 41.30 40.61 39.18 39.74 41.86 45.48 46.75 55.37 50.22 50.38 52.03 56.96 52.35 49.95 44.79 48.58 52.67 53.13 54.96 53.85 48.56 43.59 50.29 44.11 44.55 36.32 30.04 30.80 28.99 30.40
-9999 -9999 -9999 -9999 -9999 -9999 86.79 92.76 84.20 85.59 85.42 85.01 100.96 120.96 120.47 119.85 137.12 125.77 138.55 162.50 120.05 129.44 131.43 139.08 117.23 111.04 88.29 67.25 55.66 49.87 66.28 58.86 44.14 35.12 31.93 38.59 43.10 44.62 49.24 49.53 48.51 48.81 46.39 37.67 38.27 41.41 41.19 39.51 50.05 46.14 46.07 44.99 46.33 52.74 53.48 53.08 52.97 59.18 58.25 53.11 48.50 49.65 52.72 50.77 48.20 53.88 48.61 43.74 38.86 39.22 34.82 32.71 30.99 29.80 26.68
-9999 -9999 77.69 97.08 103.81 137.06 112.07 112.53 111.27 115.35 104.15 118.09 129.93 146.01 163.21 143.58 153.67 144.64 144.74 149.28 141.61 115.10 130.26 114.72 101.60 87.08 86.65 61.95 44.82 53.52 73.62 61.36 58.74 50.12 42.30 40.81 45.47 53.94 44.31 50.18 48.71 44.39 46.27 41.44 48.58 41.63 42.36 55.71 48.79 49.53 47.48 46.19 45.64 47.36 52.43 56.44 52.92 53.11 55.38 51.56 46.90 49.03 44.82 43.15 46.17 48.72 41.60 39.84 35.94 41.06 37.14 42.11 37.82 40.11 36.59
-9999 75.90 95.31 105.80 111.94 155.24 171.85 164.37 113.09 158.01 127.60 141.73 136.30 142.00 151.88 154.20 160.10 158.40 128.02 119.45 108.74 125.60 129.49 103.10 96.12 90.77 75.19 62.08 61.28 105.34 87.76 68.93 53.08 55.79 54.16 54.02 45.02 42.11 43.10 43.95 47.70 46.32 46.05 43.51 49.56 43.62 62.64 60.17 60.48 49.33 46.14 55.73 49.20 46.69 53.73 54.21 55.98 53.62 50.88 48.95 51.34 51.81 43.55 52.75 48.04 42.37 41.81 37.32 37.89 38.64 42.94 42.37 39.18 39.96 37.48
