Rainfall_2007-2011/Rainfall_2008-02_ACTUAL.txt
ncols         180
nrows         290
xllcorner     -200000
yllcorner     -200000
cellsize      5000
NODATA_value  -9999
[rows 102 to 135 of 290, columns 76 to 151 of 180]
240.22 -9999 255.73 302.27 422.99 374.97 452.36 415.17 451.18 450.95 541.75 460.66 436.25 339.71 286.61 269.56 192.75 177.43 189.66 191.94 218.19 157.80 101.54 86.49 74.77 62.44 50.41 41.73 37.82 49.66 38.42 34.76 48.48 29.76 23.22 20.57 17.66 -9999 -9999 -9999 -9999 -9999 -9999 -9999 -9999 -9999 -9999 -9999 -9999 -9999 -9999 -9999 -9999 -9999 -9999 -9999 -9999 -9999 -9999 -9999 -9999 -9999 -9999 -9999 -9999 -9999 -9999 -9999 -9999 -9999 -9999 -9999 -9999 -9999 -9999 -9999
-9999 228.88 228.67 271.87 267.61 383.12 433.14 359.80 405.72 493.06 587.62 541.60 501.01 429.44 324.16 264.41 253.68 194.17 193.78 177.66 182.77 192.63 152.07 104.49 74.40 57.15 46.06 41.44 48.87 38.98 28.86 29.35 28.13 26.39 23.59 -9999 -9999 -9999 -9999 -9999 -9999 -9999 -9999 -9999 -9999 -9999 -9999 -9999 -9999 -9999 -9999 -9999 -9999 -9999 -9999 -9999 -9999 -9999 -9999 -9999 -9999 -9999 -9999 -9999 -9999 -9999 -9999 -9999 -9999 -9999 -9999 -9999 -9999 -9999 -9999 -9999
238.48 249.55 298.59 369.13 357.35 310.67 297.95 353.18 382.70 444.54 515.73 443.68 362.89 339.87 302.30 300.11 213.80 214.12 168.42 177.41 178.19 135.86 122.83 105.87 77.85 55.36 42.59 42.20 39.74 33.21 26.80 25.31 28.36 24.17 -9999 -9999 -9999 -9999 -9999 -9999 -9999 -9999 -9999 -9999 -9999 -9999 -9999 -9999 -9999 -9999 -9999 -9999 -9999 -9999 -9999 -9999 -9999 -9999 -9999 -9999 -9999 -9999 -9999 -9999 -9999 -9999 -9999 -9999 -9999 -9999 -9999 -9999 -9999 -9999 -9999 -9999
226.70 281.13 318.21 371.96 323.50 328.85 348.54 387.29 478.80 415.12 432.62 393.02 410.27 311.51 287.27 234.74 241.79 256.96 201.13 145.23 105.80 98.92 77.06 74.08 65.22 40.91 34.06 41.30 37.31 34.46 35.20 27.50 26.03 24.24 -9999 -9999 -9999 -9999 -9999 -9999 -9999 -9999 -9999 -9999 -9999 -9999 -9999 -9999 -9999 -9999 -9999 -9999 -9999 -9999 -9999 -9999 -9999 -9999 -9999 -9999 -9999 -9999 -9999 -9999 -9999 -9999 -9999 -9999 -9999 -9999 -9999 -9999 -9999 -9999 -9999 -9999
232.54 273.70 315.62 332.71 338.75 398.07 377.50 412.15 374.54 486.91 433.29 400.22 323.40 336.55 276.42 309.69 405.68 301.90 228.80 198.64 146.52 107.03 96.48 75.49 60.95 33.39 36.18 44.90 42.89 35.30 27.45 28.56 24.99 26.89 25.15 -9999 -9999 -9999 -9999 -9999 -9999 -9999 -9999 -9999 -9999 -9999 -9999 -9999 -9999 -9999 -9999 -9999 -9999 -9999 -9999 -9999 -9999 -9999 -9999 -9999 -9999 -9999 -9999 -9999 -9999 -9999 -9999 -9999 -9999 -9999 -9999 -9999 -9999 -9999 -9999 -9999
206.23 248.27 323.78 329.10 351.04 320.73 303.89 346.69 405.82 456.05 377.99 376.00 331.55 246.03 230.67 316.35 295.05 299.74 283.31 199.75 161.99 123.73 117.24 103.89 111.94 80.00 90.24 73.09 45.99 37.68 29.79 35.78 30.74 32.49 30.91 25.28 -9999 -9999 -9999 -9999 -9999 -9999 -9999 -9999 -9999 -9999 -9999 -9999 -9999 -9999 -9999 -9999 -9999 -9999 -9999 -9999 -9999 -9999 -9999 -9999 -9999 -9999 -9999 -9999 -9999 -9999 -9999 -9999 -9999 -9999 -9999 -9999 -9999 -9999 -9999 -9999
195.97 241.98 277.53 322.80 338.91 337.65 324.68 365.79 400.39 521.07 400.35 327.81 295.04 256.27 227.21 245.05 248.58 197.02 159.42 138.76 143.64 134.54 151.21 167.07 137.39 115.94 92.34 71.36 61.35 41.44 43.57 33.03 35.96 32.87 28.34 27.28 20.12 -9999 -9999 -9999 -9999 -9999 -9999 -9999 -9999 -9999 -9999 -9999 -9999 -9999 -9999 -9999 -9999 -9999 -9999 -9999 -9999 -9999 -9999 -9999 -9999 -9999 -9999 -9999 -9999 -9999 -9999 -9999 -9999 -9999 -9999 -9999 -9999 -9999 -9999 -9999
184.29 195.25 249.36 293.66 284.44 302.50 326.21 351.23 337.47 304.68 317.48 399.37 273.68 254.83 229.73 220.26 181.73 159.07 128.59 117.02 121.57 177.56 204.49 175.23 145.36 108.86 89.05 74.08 53.74 44.85 41.55 31.17 27.09 25.72 22.80 20.98 -9999 -9999 -9999 -9999 -9999 -9999 -9999 -9999 -9999 -9999 -9999 -9999 -9999 -9999 -9999 -9999 -9999 -9999 -9999 -9999 -9999 -9999 -9999 -9999 -9999 -9999 -9999 -9999 -9999 -9999 -9999 -9999 -9999 -9999 -9999 -9999 -9999 -9999 -9999 -9999
133.48 173.89 190.25 206.16 270.61 332.10 295.75 330.79 320.84 327.59 317.02 284.68 308.30 261.04 220.14 168.91 135.65 126.01 136.41 107.50 115.61 99.07 90.25 110.94 119.35 110.18 83.53 74.64 58.81 43.44 37.96 29.04 -9999 -9999 -9999 -9999 -9999 -9999 -9999 -9999 -9999 -9999 -9999 -9999 -9999 -9999 -9999 -9999 -9999 -9999 -9999 -9999 -9999 -9999 -9999 -9999 -9999 -9999 -9999 -9999 -9999 -9999 -9999 -9999 -9999 -9999 -9999 -9999 -9999 -9999 -9999 -9999 -9999 -9999 -9999 -9999
151.97 189.56 176.33 175.35 277.26 283.73 329.51 334.92 234.22 275.47 281.05 242.07 214.94 226.67 171.43 158.64 148.16 159.49 177.63 117.76 109.11 93.84 80.12 81.25 84.42 90.28 74.18 67.44 60.93 44.37 -9999 -9999 -9999 -9999 -9999 -9999 -9999 -9999 -9999 -9999 -9999 -9999 -9999 -9999 -9999 -9999 -9999 -9999 -9999 -9999 -9999 -9999 -9999 -9999 -9999 -9999 -9999 -9999 -9999 -9999 -9999 -9999 -9999 -9999 -9999 -9999 -9999 -9999 -9999 -9999 -9999 -9999 -9999 -9999 -9999 -9999
178.44 193.52 185.09 235.00 245.84 280.75 341.43 307.68 243.62 243.03 231.02 180.72 172.68 150.57 131.43 143.65 181.16 182.90 187.04 159.25 142.06 112.09 64.12 68.54 66.08 68.56 52.31 47.68 48.15 37.84 -9999 -9999 -9999 -9999 -9999 -9999 -9999 -9999 -9999 -9999 -9999 -9999 -9999 -9999 -9999 -9999 -9999 -9999 -9999 -9999 -9999 -9999 -9999 -9999 -9999 -9999 -9999 -9999 -9999 -9999 -9999 -9999 -9999 -9999 -9999 -9999 -9999 -9999 -9999 -9999 -9999 -9999 -9999 -9999 -9999 -9999
178.46 -9999 191.69 232.70 250.88 273.52 298.70 281.33 217.27 165.39 174.21 175.77 171.10 164.41 144.22 206.16 220.37 216.38 210.72 160.38 132.71 117.96 68.56 59.99 56.13 51.82 34.87 31.01 -9999 -9999 -9999 -9999 -9999 22.92 20.08 21.62 22.45 -9999 -9999 -9999 -9999 -9999 -9999 -9999 -9999 -9999 -9999 -9999 -9999 -9999 -9999 -9999 -9999 -9999 -9999 -9999 -9999 -9999 -9999 -9999 -9999 -9999 -9999 -9999 -9999 -9999 -9999 -9999 -9999 -9999 -9999 -9999 -9999 -9999 -9999 -9999
213.56 -9999 183.61 220.30 219.64 212.57 268.53 211.48 213.86 157.01 182.03 178.74 170.04 167.06 160.78 173.01 155.35 146.69 130.84 124.30 106.15 100.04 82.40 67.88 67.21 58.96 47.42 38.12 35.57 29.43 -9999 -9999 20.31 20.62 23.61 19.66 17.70 16.16 18.71 -9999 -9999 -9999 -9999 -9999 -9999 -9999 -9999 -9999 -9999 -9999 -9999 -9999 -9999 -9999 -9999 -9999 -9999 -9999 -9999 -9999 -9999 -9999 -9999 -9999 -9999 -9999 -9999 -9999 -9999 -9999 -9999 -9999 -9999 -9999 -9999 -9999
184.49 156.97 175.79 151.41 179.17 177.11 186.98 171.40 164.79 186.63 205.22 202.27 153.66 129.81 142.19 148.96 133.36 123.87 117.47 102.32 88.03 88.86 94.56 92.98 75.76 61.22 47.62 44.07 35.83 30.04 25.97 26.83 24.77 23.07 22.31 24.95 22.85 23.05 29.84 19.08 -9999 -9999 -9999 -9999 -9999 -9999 -9999 -9999 -9999 -9999 -9999 -9999 -9999 -9999 -9999 -9999 -9999 -9999 -9999 -9999 -9999 -9999 -9999 -9999 -9999 -9999 -9999 -9999 -9999 -9999 -9999 -9999 -9999 -9999 -9999 -9999
146.06 159.91 148.93 171.42 150.48 124.77 143.28 -9999 165.53 218.81 223.90 195.02 157.77 123.74 112.85 102.38 109.57 103.86 95.67 91.99 85.57 90.03 90.44 91.46 85.90 61.12 61.42 51.15 62.83 39.69 45.44 31.49 26.37 26.99 24.53 29.33 27.50 29.44 30.69 28.48 29.63 25.25 13.75 -9999 -9999 -9999 -9999 -9999 -9999 -9999 -9999 -9999 -9999 -9999 -9999 -9999 -9999 -9999 -9999 -9999 -9999 -9999 -9999 -9999 -9999 -9999 -9999 -9999 -9999 -9999 -9999 -9999 -9999 -9999 -9999 -9999
128.62 156.14 123.35 -9999 116.23 104.23 126.83 -9999 152.17 240.15 215.64 187.54 151.00 136.09 109.35 92.08 91.23 87.43 86.76 85.30 80.60 91.43 104.63 83.76 94.67 91.90 78.13 79.20 64.36 45.52 34.90 38.47 30.58 35.83 44.66 48.90 38.46 34.83 31.25 27.88 32.16 23.39 19.09 -9999 -9999 -9999 -9999 -9999 -9999 -9999 -9999 -9999 -9999 -9999 -9999 -9999 -9999 -9999 -9999 -9999 -9999 -9999 -9999 -9999 -9999 -9999 -9999 -9999 -9999 -9999 -9999 -9999 -9999 -9999 -9999 -9999
133.57 128.98 105.24 -9999 -9999 106.66 100.53 104.37 149.04 180.45 175.33 154.98 158.04 147.18 131.30 111.05 129.32 99.54 89.02 99.48 86.98 93.58 105.47 113.62 115.91 115.68 99.40 83.23 59.40 62.95 53.71 40.34 44.93 46.96 51.52 57.98 49.38 41.76 40.03 25.01 24.93 23.78 19.31 16.79 -9999 -9999 -9999 -9999 -9999 -9999 -9999 -9999 -9999 -9999 -9999 -9999 -9999 -9999 -9999 -9999 -9999 -9999 -9999 -9999 -9999 -9999 -9999 -9999 -9999 -9999 -9999 -9999 -9999 -9999 -9999 -9999
134.00 -9999 -9999 -9999 -9999 -9999 94.31 89.36 124.39 159.73 147.90 126.05 136.35 137.68 147.21 152.63 190.04 148.65 101.99 77.99 83.13 81.23 92.03 103.35 106.92 98.92 78.89 79.55 70.60 61.13 74.34 65.68 51.72 52.26 52.11 44.36 49.11 39.51 36.95 23.28 19.93 20.02 20.02 16.13 -9999 -9999 -9999 -9999 -9999 -9999 -9999 -9999 -9999 -9999 -9999 -9999 -9999 -9999 -9999 -9999 -9999 -9999 -9999 -9999 -9999 -9999 -9999 -9999 -9999 -9999 -9999 -9999 -9999 -9999 -9999 -9999
126.15 138.54 145.23 143.56 -9999 -9999 -9999 88.46 107.38 122.00 119.09 112.38 105.43 121.90 138.63 162.38 211.02 173.94 119.54 87.17 64.75 72.81 75.36 69.83 85.24 71.70 71.21 86.99 67.57 69.36 80.17 81.85 69.49 65.68 54.57 50.29 44.52 38.59 34.31 26.50 18.89 17.27 16.89 17.45 15.17 -9999 -9999 -9999 -9999 -9999 -9999 -9999 -9999 -9999 -9999 -9999 -9999 -9999 -9999 -9999 -9999 -9999 -9999 -9999 -9999 -9999 -9999 -9999 -9999 -9999 -9999 -9999 -9999 -9999 -9999 -9999
117.07 124.70 139.17 196.60 184.34 -9999 -9999 -9999 86.67 87.55 82.41 90.67 84.53 89.70 105.63 108.46 114.85 121.43 105.05 82.77 93.55 71.05 71.62 73.22 84.77 72.85 83.74 67.65 74.25 67.42 68.35 81.96 77.36 62.74 54.36 46.05 37.68 30.00 28.60 20.96 17.00 15.23 17.54 17.68 12.72 10.30 -9999 -9999 -9999 -9999 -9999 -9999 -9999 -9999 -9999 -9999 -9999 -9999 -9999 -9999 -9999 -9999 -9999 -9999 -9999 -9999 -9999 -9999 -9999 -9999 -9999 -9999 -9999 -9999 -9999 -9999
106.29 88.09 116.80 201.64 179.25 -9999 -9999 -9999 -9999 -9999 68.89 73.90 76.86 84.56 87.40 92.21 105.70 120.90 123.31 107.18 99.30 79.73 80.00 79.62 75.71 58.18 82.63 79.32 63.20 73.65 70.47 55.47 56.90 45.56 55.08 52.21 38.24 29.91 23.39 16.59 13.80 12.84 13.38 11.65 13.76 11.23 11.65 -9999 -9999 -9999 -9999 -9999 -9999 -9999 -9999 -9999 -9999 -9999 -9999 -9999 -9999 -9999 -9999 -9999 -9999 -9999 -9999 -9999 -9999 -9999 -9999 -9999 -9999 -9999 -9999 -9999
-9999 91.71 99.46 173.98 157.20 -9999 -9999 -9999 -9999 -9999 64.60 71.18 83.96 81.20 105.41 146.74 127.00 127.37 124.27 120.56 110.88 114.29 124.34 88.21 89.53 99.72 82.69 116.00 73.71 98.89 79.37 86.02 77.21 61.56 63.31 38.76 31.41 25.49 24.86 21.03 14.47 13.08 16.18 14.16 18.33 17.40 12.83 14.65 13.84 -9999 -9999 -9999 -9999 -9999 -9999 -9999 -9999 -9999 -9999 -9999 -9999 -9999 -9999 -9999 -9999 -9999 -9999 -9999 -9999 -9999 -9999 -9999 -9999 -9999 -9999 -9999
-9999 -9999 104.35 125.19 112.13 -9999 -9999 -9999 -9999 -9999 63.49 63.78 73.49 70.60 87.11 94.54 106.76 117.21 111.17 128.68 114.29 110.26 122.30 110.34 120.90 125.92 123.29 137.80 119.04 101.48 97.04 79.08 56.36 53.65 52.43 39.30 33.33 29.13 23.29 14.72 18.14 25.97 29.51 25.20 21.74 16.52 17.33 15.63 16.62 -9999 -9999 -9999 -9999 -9999 -9999 -9999 -9999 -9999 -9999 -9999 -9999 -9999 -9999 -9999 -9999 -9999 -9999 -9999 -9999 -9999 -9999 -9999 -9999 -9999 -9999 -9999
-9999 -9999 81.25 89.65 85.19 -9999 -9999 -9999 -9999 -9999 66.62 69.40 74.07 77.58 85.22 93.65 110.08 134.17 144.35 120.85 126.66 101.32 115.33 106.74 123.10 147.44 180.14 135.71 110.16 121.67 106.09 79.38 73.14 55.05 52.84 43.87 26.55 26.55 27.02 19.19 26.21 36.23 35.58 36.86 24.88 21.66 18.91 23.06 19.83 -9999 -9999 -9999 -9999 -9999 -9999 -9999 -9999 -9999 -9999 -9999 -9999 -9999 -9999 -9999 -9999 -9999 -9999 -9999 -9999 -9999 -9999 -9999 -9999 -9999 -9999 -9999
-9999 -9999 -9999 -9999 -9999 -9999 -9999 -9999 -9999 80.76 80.14 88.42 89.63 86.55 94.13 97.13 110.43 117.17 139.46 135.21 132.32 162.11 149.28 154.92 162.79 173.24 185.74 170.31 178.70 128.79 111.08 92.65 72.17 63.68 48.31 42.09 41.84 35.51 42.54 40.97 50.90 40.52 44.86 44.82 27.15 25.13 23.99 25.22 25.46 -9999 -9999 -9999 -9999 -9999 -9999 -9999 -9999 -9999 -9999 -9999 -9999 -9999 -9999 -9999 -9999 -9999 -9999 -9999 -9999 -9999 -9999 -9999 -9999 -9999 -9999 -9999
-9999 -9999 -9999 -9999 -9999 -9999 -9999 -9999 -9999 91.93 82.74 99.87 111.39 122.39 122.73 124.71 120.51 125.17 103.78 127.44 145.46 148.85 172.83 179.18 158.83 125.77 170.40 152.76 167.28 133.25 116.61 99.95 77.37 56.29 57.38 52.64 45.56 50.64 51.14 65.03 60.02 46.01 58.81 44.26 29.54 24.21 24.21 30.81 27.70 -9999 -9999 -9999 -9999 -9999 -9999 -9999 -9999 -9999 -9999 -9999 -9999 -9999 -9999 -9999 -9999 -9999 -9999 -9999 -9999 -9999 -9999 -9999 -9999 -9999 -9999 -9999
-9999 -9999 -9999 -9999 -9999 -9999 -9999 -9999 78.45 89.15 83.01 109.31 127.48 122.01 148.25 173.40 175.75 163.15 160.15 135.14 129.46 146.54 176.56 179.55 160.13 109.42 134.74 174.27 180.12 171.09 135.03 131.47 105.86 80.05 73.40 63.52 53.77 104.32 110.49 88.99 76.48 62.51 50.61 40.15 32.30 33.63 33.08 28.20 24.53 -9999 -9999 -9999 -9999 -9999 -9999 -9999 -9999 -9999 -9999 -9999 -9999 -9999 -9999 -9999 -9999 -9999 -9999 -9999 -9999 -9999 -9999 -9999 -9999 -9999 -9999 -9999
-9999 -9999 -9999 -9999 -9999 -9999 -9999 -9999 82.58 84.01 110.15 118.50 154.76 135.17 163.24 176.51 228.29 198.60 166.39 141.69 138.72 129.84 183.53 184.21 144.11 122.61 126.33 169.32 191.88 172.18 143.58 116.15 118.28 118.80 101.00 102.97 105.54 129.26 97.55 87.75 85.01 65.78 56.93 44.08 34.85 33.92 28.67 26.21 23.46 27.02 -9999 -9999 -9999 -9999 -9999 -9999 -9999 -9999 -9999 -9999 -9999 -9999 -9999 -9999 -9999 -9999 -9999 -9999 -9999 -9999 -9999 -9999 -9999 -9999 -9999 -9999
-9999 -9999 -9999 -9999 -9999 -9999 -9999 65.67 100.34 115.32 124.93 146.30 155.76 155.66 153.68 185.72 197.80 195.04 173.39 147.42 115.01 94.94 108.05 138.22 136.75 116.12 115.35 136.75 140.90 139.46 131.92 134.22 109.90 129.52 114.92 104.77 140.44 122.73 111.92 99.69 76.67 65.25 54.35 52.06 47.00 37.52 27.34 21.52 19.74 18.18 -9999 -9999 -9999 -9999 -9999 -9999 -9999 -9999 -9999 -9999 -9999 -9999 -9999 -9999 -9999 -9999 -9999 -9999 -9999 -9999 -9999 -9999 -9999 -9999 -9999 -9999
-9999 -9999 -9999 -9999 -9999 -9999 -9999 89.58 110.30 130.06 154.52 160.18 193.77 172.45 219.96 184.40 182.94 173.28 156.44 151.59 105.04 93.69 113.19 124.97 135.30 97.09 93.60 104.22 120.67 120.02 139.16 99.57 120.57 124.56 104.72 131.81 121.74 117.62 96.28 73.42 66.04 54.72 43.02 38.20 44.43 39.76 27.47 16.02 23.03 20.04 -9999 -9999 -9999 -9999 -9999 -9999 -9999 -9999 -9999 -9999 -9999 -9999 -9999 -9999 -9999 -9999 -9999 -9999 -9999 -9999 -9999 -9999 -9999 -9999 -9999 -9999
-9999 -9999 -9999 -9999 -9999 -9999 105.09 105.88 117.32 142.31 138.82 139.56 206.90 221.81 257.83 196.34 170.58 155.42 147.91 151.47 119.74 110.24 128.19 113.62 99.55 81.38 76.39 94.09 107.31 124.53 105.63 82.07 116.66 118.05 107.49 113.47 95.31 90.61 74.03 70.22 65.23 52.57 42.05 36.63 29.07 24.66 21.14 16.27 14.85 14.08 -9999 -9999 -9999 -9999 -9999 -9999 -9999 -9999 -9999 -9999 -9999 -9999 -9999 -9999 -9999 -9999 -9999 -9999 -9999 -9999 -9999 -9999 -9999 -9999 -9999 -9999
-9999 -9999 -9999 -9999 -9999 92.10 109.73 120.93 124.68 134.84 126.59 148.24 185.69 200.80 248.60 181.89 136.86 149.20 146.81 134.51 126.13 119.28 109.90 99.29 105.59 102.92 80.76 93.55 96.40 92.31 82.90 76.27 92.12 88.16 88.45 96.67 88.14 93.56 83.05 74.47 57.77 40.90 35.44 28.11 27.66 23.91 20.63 17.89 14.25 14.72 14.78 -9999 -9999 -9999 -9999 -9999 -9999 -9999 -9999 -9999 -9999 -9999 -9999 -9999 -9999 -9999 -9999 -9999 -9999 -9999 -9999 -9999 -9999 -9999 -9999 -9999
-9999 -9999 -9999 -9999 -9999 93.93 95.44 95.55 117.18 129.62 137.23 151.31 213.13 215.29 201.47 196.94 150.93 140.75 136.83 124.96 148.78 114.53 100.10 93.69 86.75 93.28 78.59 89.81 85.98 74.10 65.64 73.93 72.86 72.40 69.04 81.24 74.88 82.20 81.16 58.78 47.89 44.58 29.65 23.63 26.81 23.68 18.51 15.82 14.30 15.16 15.74 -9999 -9999 -9999 -9999 -9999 -9999 -9999 -9999 -9999 -9999 -9999 -9999 -9999 -9999 -9999 -9999 -9999 -9999 -9999 -9999 -9999 -9999 -9999 -9999 -9999
-9999 -9999 -9999 65.55 73.52 87.60 84.22 90.89 111.15 122.49 128.66 140.91 160.74 166.23 201.05 180.12 159.03 127.35 125.21 122.63 116.15 107.70 99.45 80.57 89.80 79.31 63.07 67.99 72.37 67.12 58.93 57.65 60.14 54.22 56.15 67.29 65.73 62.47 61.66 56.25 45.77 42.95 32.32 23.01 18.56 23.77 16.52 14.70 15.10 14.72 13.80 -9999 -9999 -9999 -9999 -9999 -9999 -9999 -9999 -9999 -9999 -9999 -9999 -9999 -9999 -9999 -9999 -9999 -9999 -9999 -9999 -9999 -9999 -9999 -9999 -9999
