Rainfall_2007-2011/Rainfall_2007-04_ACTUAL.txt
ncols         180
nrows         290
xllcorner     -200000
yllcorner     -200000
cellsize      5000
NODATA_value  -9999
[rows 136 to 169 of 290, columns 77 to 153 of 180]
-9999 -9999 34.86 38.45 40.20 51.96 54.50 62.54 60.80 47.22 53.34 58.33 67.87 84.62 63.92 51.10 38.45 35.49 34.33 37.16 33.45 35.34 35.00 35.28 26.53 26.71 24.34 22.94 22.24 18.30 19.51 24.09 24.76 22.25 25.51 38.44 30.35 24.93 19.75 17.36 11.46 11.99 17.32 16.28 13.15 12.28 9.00 8.82 8.28 8.54 7.88 -9999 -9999 -9999 -9999 -9999 -9999 -9999 -9999 -9999 -9999 -9999 -9999 -9999 -9999 -9999 -9999 -9999 -9999 -9999 -9999 -9999 -9999 -9999 -9999 -9999 -9999
-9999 -9999 29.56 31.99 30.01 35.15 38.56 51.67 52.85 31.25 43.45 48.34 58.86 63.32 56.14 51.18 38.96 31.75 28.73 36.14 38.51 46.20 39.29 -9999 -9999 -9999 20.96 19.73 -9999 19.99 23.38 21.62 20.73 22.02 21.77 21.67 20.53 20.52 19.87 16.20 14.95 14.23 12.38 12.96 13.91 11.87 11.14 8.30 8.13 8.74 9.16 -9999 -9999 -9999 -9999 -9999 -9999 -9999 -9999 -9999 -9999 -9999 -9999 -9999 -9999 -9999 -9999 -9999 -9999 -9999 -9999 -9999 -9999 -9999 -9999 -9999 -9999
-9999 -9999 23.49 28.65 27.82 27.64 32.85 41.05 40.14 33.22 35.05 42.99 45.48 58.29 52.39 51.25 39.02 32.71 36.91 34.16 39.24 36.07 34.22 -9999 -9999 -9999 19.47 19.36 18.60 20.25 22.52 21.52 21.57 23.48 22.64 23.36 21.71 24.07 15.46 13.02 17.11 14.50 14.61 13.70 12.92 10.85 11.90 12.92 11.66 10.60 8.99 -9999 -9999 -9999 -9999 -9999 -9999 -9999 -9999 -9999 -9999 -9999 -9999 -9999 -9999 -9999 -9999 -9999 -9999 -9999 -9999 -9999 -9999 -9999 -9999 -9999 -9999
-9999 -9999 -9999 24.05 27.66 25.40 -9999 35.73 36.98 34.08 33.37 34.41 -9999 38.85 35.11 37.41 33.12 33.46 38.87 35.38 30.80 -9999 -9999 -9999 -9999 16.52 15.60 19.30 18.40 17.81 13.58 17.76 24.03 19.33 24.22 31.29 23.25 23.11 13.98 16.31 17.38 18.12 18.35 15.63 11.79 11.69 13.09 12.10 11.16 12.02 10.77 7.23 -9999 -9999 -9999 -9999 -9999 -9999 -9999 -9999 -9999 -9999 -9999 -9999 -9999 -9999 -9999 -9999 -9999 -9999 -9999 -9999 -9999 -9999 -9999 -9999 -9999
-9999 -9999 -9999 -9999 22.78 -9999 -9999 -9999 27.93 25.21 28.22 32.54 28.31 -9999 -9999 27.16 28.18 30.45 38.26 -9999 -9999 -9999 -9999 -9999 21.93 21.31 19.22 21.12 17.22 18.66 15.59 18.62 22.48 18.73 22.11 25.42 27.41 19.74 20.50 22.16 25.90 21.63 20.59 18.10 16.00 10.26 14.14 12.51 11.26 11.27 10.80 9.61 -9999 -9999 -9999 -9999 -9999 -9999 -9999 -9999 -9999 -9999 -9999 -9999 -9999 -9999 -9999 -9999 -9999 -9999 -9999 -9999 -9999 -9999 -9999 -9999 -9999
-9999 -9999 -9999 -9999 19.58 18.62 -9999 -9999 -9999 21.41 25.52 31.86 30.37 -9999 -9999 -9999 -9999 28.09 -9999 -9999 -9999 -9999 -9999 -9999 24.52 27.09 23.66 24.49 22.18 22.77 21.83 19.70 19.31 20.70 17.96 18.96 29.57 23.58 26.36 25.28 26.90 20.93 19.60 19.98 16.73 11.22 12.52 10.95 11.73 11.15 9.98 8.39 -9999 -9999 -9999 -9999 -9999 -9999 -9999 -9999 -9999 -9999 -9999 -9999 -9999 -9999 -9999 -9999 -9999 -9999 -9999 -9999 -9999 -9999 -9999 -9999 -9999
-9999 -9999 -9999 -9999 -9999 21.25 -9999 -9999 -9999 -9999 25.27 28.98 28.22 -9999 -9999 -9999 -9999 -9999 -9999 -9999 -9999 -9999 -9999 31.04 24.88 35.09 33.96 33.39 34.61 30.67 27.34 24.16 20.06 16.68 17.49 22.90 34.52 33.48 31.42 31.80 23.80 17.81 20.18 15.94 13.72 14.98 14.62 12.10 11.76 11.94 9.71 8.22 6.09 -9999 -9999 -9999 -9999 -9999 -9999 -9999 -9999 -9999 -9999 -9999 -9999 -9999 -9999 -9999 -9999 -9999 -9999 -9999 -9999 -9999 -9999 -9999 -9999
-9999 -9999 -9999 -9999 -9999 24.85 -9999 -9999 -9999 -9999 -9999 -9999 -9999 -9999 -9999 -9999 -9999 -9999 -9999 -9999 -9999 -9999 -9999 38.65 30.03 35.14 35.37 32.85 36.61 39.51 32.52 31.08 16.80 15.44 11.87 14.83 28.68 38.99 41.71 35.38 35.91 34.26 32.18 25.53 18.75 13.52 13.50 12.81 15.35 14.84 11.09 8.81 5.28 3.33 -9999 -9999 -9999 -9999 -9999 -9999 -9999 -9999 -9999 -9999 -9999 -9999 -9999 -9999 -9999 -9999 -9999 -9999 -9999 -9999 -9999 -9999 -9999
-9999 -9999 -9999 -9999 -9999 -9999 -9999 -9999 -9999 -9999 -9999 -9999 -9999 -9999 -9999 -9999 -9999 -9999 -9999 -9999 -9999 -9999 36.20 41.98 44.90 44.41 56.45 45.20 70.64 56.03 36.28 25.46 21.00 15.27 14.24 12.73 21.21 44.73 42.35 34.99 29.94 27.31 27.63 21.00 15.54 14.44 13.48 12.22 11.40 9.62 10.82 8.58 6.25 5.14 -9999 -9999 -9999 -9999 -9999 -9999 -9999 -9999 -9999 -9999 -9999 -9999 -9999 -9999 -9999 -9999 -9999 -9999 -9999 -9999 -9999 -9999 -9999
-9999 -9999 -9999 -9999 -9999 -9999 -9999 -9999 -9999 -9999 -9999 -9999 -9999 -9999 -9999 -9999 -9999 -9999 -9999 -9999 -9999 -9999 33.80 38.72 52.38 69.17 92.22 69.83 48.57 63.70 51.51 45.18 32.66 10.31 26.32 22.10 22.41 26.77 44.21 39.78 35.79 32.23 24.45 17.45 13.13 11.44 11.33 12.45 11.27 11.05 9.71 8.64 7.26 6.24 5.50 4.84 5.22 -9999 -9999 -9999 -9999 -9999 -9999 -9999 -9999 -9999 -9999 -9999 -9999 -9999 -9999 -9999 -9999 -9999 -9999 -9999 -9999
-9999 -9999 -9999 -9999 -9999 -9999 -9999 -9999 -9999 -9999 -9999 -9999 -9999 -9999 -9999 -9999 -9999 -9999 -9999 -9999 -9999 -9999 26.34 41.15 73.70 81.31 115.43 98.75 112.96 114.71 81.15 72.37 66.60 52.18 41.27 33.08 21.62 18.38 29.72 29.86 31.05 29.95 21.71 15.71 13.84 12.31 10.79 11.41 11.31 10.75 10.39 8.80 7.85 6.94 8.85 7.10 7.45 6.76 5.87 -9999 -9999 -9999 -9999 -9999 -9999 -9999 -9999 -9999 -9999 -9999 -9999 -9999 -9999 -9999 -9999 -9999 -9999
-9999 -9999 -9999 -9999 -9999 -9999 -9999 -9999 -9999 -9999 -9999 -9999 -9999 -9999 -9999 -9999 -9999 -9999 -9999 -9999 -9999 -9999 22.56 48.83 88.66 135.50 222.30 211.03 135.00 127.81 123.45 134.84 99.39 97.78 75.45 58.39 36.93 33.41 27.58 21.26 26.92 21.95 21.46 18.49 16.46 14.19 12.18 11.30 10.86 11.21 10.32 8.83 9.23 7.98 9.54 11.92 9.12 8.13 7.49 5.72 3.23 -9999 -9999 -9999 -9999 -9999 -9999 -9999 -9999 -9999 -9999 -9999 -9999 -9999 -9999 -9999 -9999
-9999 -9999 -9999 -9999 -9999 -9999 -9999 -9999 -9999 -9999 -9999 -9999 -9999 -9999 -9999 -9999 -9999 -9999 -9999 -9999 -9999 -9999 30.60 45.54 71.19 102.79 132.55 208.24 209.02 140.51 104.20 118.41 145.35 117.37 93.26 88.11 69.16 40.40 32.14 43.11 29.76 27.22 28.23 23.69 20.15 14.81 14.38 11.66 10.95 10.33 10.25 9.07 9.28 8.30 8.82 12.29 9.89 10.56 7.61 6.08 2.68 2.73 -9999 -9999 -9999 -9999 -9999 -9999 -9999 -9999 -9999 -9999 -9999 -9999 -9999 -9999 -9999
-9999 -9999 -9999 -9999 -9999 -9999 -9999 -9999 -9999 -9999 26.01 20.83 20.84 -9999 -9999 -9999 -9999 -9999 -9999 -9999 -9999 -9999 -9999 32.66 48.23 73.74 80.78 91.48 120.27 108.09 97.14 117.40 121.24 115.65 103.89 117.18 87.39 63.07 52.61 47.44 34.56 36.04 27.62 18.85 17.90 17.08 13.50 11.71 10.77 10.57 10.59 9.92 9.24 12.31 11.39 15.11 14.12 11.90 9.09 6.49 6.18 4.41 3.25 -9999 -9999 -9999 -9999 -9999 -9999 -9999 -9999 -9999 -9999 -9999 -9999 -9999 -9999
-9999 -9999 -9999 -9999 -9999 -9999 -9999 -9999 -9999 -9999 24.85 23.36 -9999 -9999 -9999 -9999 -9999 -9999 -9999 -9999 -9999 -9999 -9999 -9999 44.21 58.72 69.15 86.72 135.33 107.55 104.44 106.23 94.62 84.04 93.52 75.69 106.38 99.89 64.87 62.52 38.82 26.68 21.28 19.11 13.46 17.17 13.32 11.21 10.49 10.61 10.85 10.84 11.62 12.89 13.33 13.31 11.96 10.76 9.88 8.97 8.31 5.95 4.50 -9999 -9999 -9999 -9999 -9999 -9999 -9999 -9999 -9999 -9999 -9999 -9999 -9999 -9999
-9999 -9999 -9999 -9999 -9999 -9999 -9999 -9999 -9999 25.33 35.98 26.78 23.37 -9999 -9999 -9999 -9999 -9999 -9999 -9999 -9999 -9999 -9999 -9999 43.34 55.92 64.69 74.50 107.72 105.79 94.66 85.90 81.28 81.97 75.70 74.17 59.19 91.08 57.75 55.98 34.02 33.01 32.91 21.91 18.98 13.15 11.52 9.95 10.66 11.19 10.43 11.26 11.75 12.51 13.37 12.55 11.44 9.83 8.88 9.11 7.62 4.10 3.52 2.51 -9999 -9999 -9999 -9999 -9999 -9999 -9999 -9999 -9999 -9999 -9999 -9999 -9999
-9999 -9999 -9999 -9999 -9999 -9999 -9999 -9999 23.51 33.73 35.20 32.01 22.06 -9999 -9999 -9999 -9999 -9999 -9999 -9999 -9999 -9999 -9999 -9999 42.95 44.12 49.28 58.94 81.34 71.34 86.14 68.99 65.96 70.88 70.69 63.85 87.36 80.98 61.28 47.04 48.48 35.57 30.05 19.59 18.26 11.97 11.20 10.55 10.76 10.78 10.50 10.43 13.79 13.20 12.38 8.93 6.61 4.72 4.44 5.22 5.07 1.73 1.92 2.38 -9999 -9999 -9999 -9999 -9999 -9999 -9999 -9999 -9999 -9999 -9999 -9999 -9999
-9999 -9999 -9999 -9999 -9999 -9999 -9999 19.10 22.80 37.12 31.21 23.26 -9999 -9999 -9999 -9999 -9999 -9999 -9999 -9999 -9999 -9999 -9999 -9999 -9999 40.30 37.90 42.40 74.29 63.09 64.41 57.10 54.89 57.41 52.16 55.90 66.55 67.82 66.68 70.95 62.61 49.53 39.86 28.09 19.90 15.23 14.38 11.06 10.10 9.46 9.09 9.52 12.15 12.82 10.56 6.68 4.21 2.46 2.70 3.49 3.71 2.82 2.10 1.90 1.96 2.13 -9999 -9999 -9999 -9999 -9999 -9999 -9999 -9999 -9999 -9999 -9999
-9999 -9999 -9999 -9999 -9999 -9999 -9999 23.60 31.09 26.06 21.28 20.55 -9999 -9999 -9999 -9999 -9999 -9999 -9999 -9999 -9999 -9999 -9999 -9999 -9999 -9999 35.29 32.45 39.60 39.76 46.71 47.53 49.01 50.13 51.42 42.91 54.78 48.53 64.04 56.05 55.13 46.81 42.20 38.40 26.59 17.84 14.59 12.63 9.68 8.15 8.01 8.34 9.39 9.92 8.85 5.85 4.76 3.19 3.11 3.75 3.84 3.39 2.03 2.26 2.72 2.93 -9999 -9999 -9999 -9999 -9999 -9999 -9999 -9999 -9999 -9999 -9999
-9999 -9999 -9999 -9999 -9999 -9999 -9999 20.64 20.43 20.50 20.02 -9999 -9999 -9999 -9999 -9999 -9999 -9999 -9999 -9999 -9999 -9999 -9999 -9999 -9999 -9999 22.52 31.20 41.59 -9999 40.21 -9999 31.21 33.96 35.00 28.60 30.89 27.92 35.08 43.31 53.18 41.43 30.25 37.01 34.28 20.44 15.93 10.88 9.29 7.76 6.57 6.33 7.03 7.85 7.65 6.54 5.26 4.82 4.20 3.81 4.03 4.08 3.06 2.94 3.20 3.73 3.80 3.18 -9999 -9999 -9999 -9999 -9999 -9999 -9999 -9999 -9999
-9999 -9999 -9999 -9999 -9999 -9999 15.13 15.87 12.82 -9999 -9999 -9999 -9999 -9999 -9999 -9999 -9999 -9999 -9999 -9999 -9999 -9999 -9999 -9999 -9999 -9999 23.85 29.22 34.83 -9999 -9999 -9999 31.09 39.00 28.70 23.81 23.90 32.61 29.36 29.80 40.38 40.00 28.39 27.88 24.45 16.39 15.27 11.32 9.38 7.20 5.68 4.82 5.03 5.36 5.76 5.47 4.95 4.46 4.41 4.22 4.30 4.77 4.81 4.96 3.94 3.43 3.44 2.72 -9999 -9999 -9999 -9999 -9999 -9999 -9999 -9999 -9999
-9999 -9999 -9999 -9999 -9999 -9999 -9999 -9999 -9999 -9999 -9999 -9999 -9999 -9999 -9999 -9999 -9999 -9999 -9999 -9999 -9999 -9999 -9999 -9999 -9999 -9999 -9999 -9999 -9999 -9999 -9999 31.46 33.47 35.31 38.64 32.21 43.76 41.07 27.21 29.27 34.39 32.48 23.12 18.26 18.99 17.98 13.69 10.22 8.27 6.59 5.72 4.45 6.51 6.01 5.17 4.69 4.56 4.43 4.65 5.23 4.60 4.86 4.79 6.08 4.55 3.39 2.59 -9999 -9999 -9999 -9999 -9999 -9999 -9999 -9999 -9999 -9999
-9999 -9999 -9999 -9999 -9999 -9999 -9999 -9999 -9999 -9999 -9999 -9999 -9999 -9999 -9999 -9999 -9999 -9999 -9999 -9999 -9999 -9999 -9999 -9999 -9999 -9999 -9999 -9999 -9999 -9999 -9999 29.79 28.87 32.59 47.93 47.82 51.99 48.54 28.58 19.78 20.76 15.18 15.16 17.07 12.54 15.04 14.02 9.52 8.30 7.45 6.01 5.56 6.07 5.48 4.36 4.42 4.38 4.28 4.58 5.87 5.10 3.28 4.23 4.58 4.21 1.78 0.99 -9999 -9999 -9999 -9999 -9999 -9999 -9999 -9999 -9999 -9999
-9999 -9999 -9999 -9999 -9999 -9999 -9999 -9999 -9999 -9999 -9999 -9999 -9999 -9999 -9999 -9999 -9999 -9999 -9999 -9999 -9999 -9999 -9999 -9999 -9999 -9999 -9999 -9999 -9999 -9999 -9999 27.10 28.63 32.05 38.05 49.71 45.79 37.22 23.26 18.40 17.40 11.90 7.92 10.45 7.06 8.53 9.88 11.95 8.53 7.23 5.53 4.91 4.62 4.67 3.61 4.76 3.40 2.88 4.17 5.39 5.03 4.62 4.62 4.56 3.77 2.52 1.34 -9999 -9999 -9999 -9999 -9999 -9999 -9999 -9999 -9999 -9999
-9999 -9999 -9999 -9999 -9999 -9999 -9999 -9999 -9999 -9999 -9999 -9999 -9999 -9999 -9999 -9999 -9999 -9999 -9999 -9999 -9999 -9999 -9999 -9999 -9999 -9999 -9999 -9999 -9999 19.54 25.16 26.25 26.81 33.59 38.40 50.14 34.98 33.56 22.07 13.05 14.94 17.09 11.73 8.58 9.10 8.01 6.57 2.67 5.52 5.07 5.04 4.38 4.17 4.30 4.23 4.45 2.49 1.99 4.09 5.01 4.85 5.73 5.81 4.68 3.08 3.53 3.16 2.97 -9999 -9999 -9999 -9999 -9999 -9999 -9999 -9999 -9999
-9999 -9999 -9999 -9999 -9999 -9999 -9999 -9999 -9999 -9999 -9999 -9999 -9999 -9999 -9999 -9999 -9999 -9999 -9999 -9999 -9999 -9999 -9999 -9999 -9999 -9999 -9999 -9999 -9999 21.19 26.49 25.41 26.26 28.99 34.55 30.51 26.73 20.29 17.34 22.91 14.69 11.42 10.32 10.88 6.84 6.68 5.81 4.48 5.64 5.32 4.46 4.33 3.86 3.79 3.41 3.52 3.14 3.11 5.13 5.78 5.26 5.99 5.87 5.59 4.60 4.27 4.05 3.87 -9999 -9999 -9999 -9999 -9999 -9999 -9999 -9999 -9999
-9999 -9999 -9999 -9999 -9999 -9999 -9999 -9999 -9999 -9999 -9999 -9999 -9999 -9999 -9999 -9999 -9999 -9999 -9999 -9999 -9999 -9999 -9999 -9999 -9999 -9999 -9999 -9999 -9999 26.24 25.99 25.96 26.65 27.57 28.75 26.36 23.12 19.52 15.64 15.15 11.94 8.02 13.16 8.34 8.39 5.75 5.18 4.89 4.16 4.22 4.12 4.11 3.97 4.00 2.73 3.06 3.56 4.12 5.53 5.66 6.11 6.58 6.70 6.29 5.15 4.15 4.31 4.01 3.81 -9999 -9999 -9999 -9999 -9999 -9999 -9999 -9999
-9999 -9999 -9999 -9999 -9999 -9999 -9999 -9999 -9999 -9999 -9999 -9999 -9999 -9999 -9999 -9999 -9999 -9999 -9999 -9999 -9999 -9999 -9999 -9999 -9999 -9999 -9999 -9999 -9999 22.67 26.09 28.72 28.90 25.86 25.69 24.36 23.27 23.28 17.23 15.42 15.12 15.47 12.96 13.03 10.05 6.63 5.17 3.86 3.14 2.48 3.19 3.60 3.31 3.25 2.89 2.75 3.65 4.65 5.30 5.53 6.50 6.87 7.91 6.45 5.26 4.37 4.13 3.71 3.93 4.12 -9999 -9999 -9999 -9999 -9999 -9999 -9999
-9999 -9999 -9999 -9999 -9999 -9999 -9999 -9999 -9999 -9999 -9999 -9999 -9999 -9999 -9999 -9999 -9999 -9999 -9999 -9999 -9999 -9999 -9999 -9999 -9999 -9999 -9999 -9999 -9999 28.11 26.06 26.78 25.49 26.93 25.12 25.17 24.91 22.79 19.43 24.36 22.16 20.47 14.61 12.16 5.60 7.10 5.49 4.30 3.55 3.11 3.37 2.88 2.55 2.32 2.40 2.96 3.89 5.13 5.95 6.67 7.19 7.24 7.52 6.41 5.39 4.91 3.73 2.02 3.93 5.14 -9999 -9999 -9999 -9999 -9999 -9999 -9999
-9999 -9999 -9999 -9999 -9999 -9999 -9999 -9999 -9999 -9999 -9999 -9999 -9999 -9999 -9999 -9999 -9999 -9999 -9999 -9999 -9999 -9999 -9999 -9999 -9999 -9999 -9999 -9999 -9999 -9999 22.00 25.67 24.52 22.38 25.05 29.00 28.98 26.02 23.86 21.70 22.38 20.72 14.10 10.91 6.83 6.75 4.87 1.95 3.08 3.43 3.39 3.03 2.32 1.48 1.61 3.07 4.52 5.99 6.70 7.12 7.09 7.10 7.07 7.08 6.90 6.27 -9999 2.00 4.72 4.87 4.13 -9999 -9999 -9999 -9999 -9999 -9999
-9999 -9999 -9999 -9999 -9999 -9999 -9999 -9999 -9999 -9999 -9999 -9999 -9999 -9999 -9999 -9999 -9999 -9999 -9999 -9999 -9999 -9999 -9999 -9999 -9999 -9999 -9999 -9999 -9999 22.07 22.57 26.73 25.29 25.45 27.14 33.66 34.83 29.73 28.90 24.02 19.84 20.02 15.88 10.25 10.48 8.16 5.67 3.95 2.57 3.58 3.53 3.58 2.44 1.87 2.30 3.41 4.98 7.20 7.94 7.99 8.57 8.04 7.57 7.53 7.78 6.90 5.43 -9999 3.58 4.16 3.91 3.40 -9999 -9999 -9999 -9999 -9999
-9999 -9999 -9999 -9999 -9999 -9999 -9999 -9999 -9999 -9999 -9999 -9999 -9999 -9999 -9999 -9999 -9999 -9999 -9999 -9999 -9999 -9999 -9999 -9999 -9999 -9999 -9999 -9999 -9999 19.39 23.91 25.76 26.56 28.67 30.61 30.32 37.87 24.04 23.42 20.52 17.21 15.04 15.09 16.01 9.89 7.32 5.55 3.50 3.61 4.07 3.83 3.53 1.95 1.98 3.24 3.18 4.93 9.32 9.38 8.85 7.97 7.89 8.51 7.33 7.16 6.37 5.71 4.58 -9999 -9999 -9999 -9999 -9999 -9999 -9999 -9999 -9999
-9999 -9999 -9999 -9999 -9999 -9999 -9999 -9999 -9999 -9999 -9999 -9999 -9999 -9999 -9999 -9999 -9999 -9999 -9999 -9999 -9999 -9999 -9999 -9999 -9999 -9999 -9999 -9999 16.45 18.92 21.86 27.34 28.55 30.87 30.16 29.88 30.39 22.66 17.19 16.56 15.61 17.02 21.24 22.00 19.91 14.58 9.54 5.83 3.17 3.39 2.82 2.60 2.02 2.11 3.26 3.35 5.42 9.36 9.09 8.60 7.93 8.88 9.81 11.06 7.18 6.07 5.36 3.84 3.38 3.02 -9999 -9999 -9999 -9999 -9999 -9999 -9999
-9999 -9999 -9999 -9999 -9999 -9999 -9999 -9999 -9999 -9999 -9999 -9999 -9999 -9999 -9999 -9999 -9999 -9999 -9999 -9999 -9999 -9999 -9999 -9999 -9999 -9999 -9999 -9999 -9999 17.65 26.22 28.50 30.97 38.29 28.83 25.87 26.08 20.55 16.12 12.17 15.76 16.88 19.03 28.12 23.30 18.92 12.69 7.54 5.75 4.24 3.36 2.38 2.27 2.50 3.14 4.05 5.99 7.33 6.66 6.18 7.30 8.35 8.98 8.93 6.34 6.02 3.99 3.01 3.17 2.22 1.62 1.28 -9999 -9999 -9999 -9999 -9999
