Rainfall_2007-2011/Rainfall_2009-09_ACTUAL.txt
ncols         180
nrows         290
xllcorner     -200000
yllcorner     -200000
cellsize      5000
NODATA_value  -9999
[rows 170 to 203 of 290, columns 77 to 153 of 180]
-9999 -9999 -9999 -9999 -9999 -9999 -9999 -9999 -9999 -9999 -9999 -9999 -9999 -9999 -9999 -9999 -9999 -9999 -9999 -9999 -9999 -9999 -9999 -9999 -9999 -9999 -9999 -9999 -9999 35.49 38.21 37.60 36.02 37.75 40.71 42.11 39.67 41.17 40.32 43.46 43.30 47.19 58.25 59.33 71.34 68.45 61.99 41.15 29.36 27.54 27.95 24.80 16.46 19.16 19.89 19.03 19.87 23.31 24.75 26.09 25.00 26.03 26.15 26.66 30.64 29.71 32.64 34.63 26.46 21.24 22.53 27.01 -9999 -9999 -9999 -9999 -9999
-9999 -9999 -9999 -9999 -9999 -9999 -9999 -9999 -9999 33.85 33.88 35.29 40.96 -9999 -9999 -9999 -9999 -9999 -9999 -9999 -9999 -9999 -9999 -9999 -9999 -9999 -9999 -9999 21.95 29.10 34.68 33.94 33.38 34.73 35.62 36.58 37.07 36.81 38.13 40.98 42.71 44.31 54.37 69.45 69.67 71.45 54.80 49.15 41.86 26.02 29.31 24.14 23.40 22.39 20.87 23.50 22.66 20.38 22.30 22.24 22.11 23.41 24.19 24.67 27.64 34.11 30.40 29.72 28.97 23.03 22.64 25.38 24.27 -9999 -9999 -9999 -9999
-9999 -9999 -9999 -9999 -9999 -9999 -9999 -9999 -9999 37.62 38.65 36.51 38.76 -9999 -9999 -9999 -9999 -9999 -9999 -9999 -9999 -9999 -9999 -9999 -9999 -9999 -9999 31.45 35.24 32.82 35.03 31.75 29.08 34.42 28.91 31.40 34.34 36.57 38.56 40.20 44.81 48.77 46.97 59.27 78.62 80.25 54.61 49.71 36.90 30.34 25.96 26.14 27.01 23.06 23.10 23.58 23.05 22.11 21.93 22.66 20.90 21.16 21.20 21.48 24.66 26.63 33.29 30.92 26.64 23.03 22.72 21.40 20.38 -9999 -9999 -9999 -9999
-9999 -9999 -9999 -9999 -9999 -9999 -9999 23.86 31.14 35.26 40.53 42.22 48.21 51.41 41.59 46.66 -9999 -9999 28.28 30.35 -9999 -9999 -9999 28.79 33.59 39.56 -9999 33.26 46.43 40.86 33.23 31.45 32.37 36.58 34.41 34.43 32.43 35.67 33.89 38.82 50.76 49.39 47.72 53.56 64.72 72.68 51.65 47.95 51.51 29.95 32.85 28.09 24.64 21.38 26.63 26.18 24.05 25.40 23.18 21.50 26.51 20.94 19.12 21.20 21.80 22.88 28.72 28.74 26.19 27.32 22.04 20.04 14.88 19.77 -9999 -9999 -9999
-9999 -9999 -9999 -9999 -9999 -9999 -9999 -9999 29.84 31.03 42.32 47.51 48.07 52.43 52.40 45.12 -9999 29.91 36.00 38.72 34.76 29.33 27.60 25.60 34.29 36.67 31.92 -9999 36.00 39.79 32.38 30.54 30.58 29.69 28.66 27.81 30.21 32.24 35.63 34.79 46.16 46.03 61.51 74.45 54.40 62.21 44.69 62.24 37.39 34.56 28.54 23.95 20.89 17.78 21.62 22.34 23.51 23.16 24.06 21.71 22.73 18.99 20.54 20.13 20.99 21.75 22.96 22.40 24.70 25.52 22.40 20.72 19.70 19.84 -9999 -9999 -9999
-9999 -9999 -9999 -9999 -9999 -9999 -9999 -9999 -9999 31.45 45.54 50.67 45.91 39.90 41.95 50.98 53.23 69.82 46.02 46.79 44.76 40.82 33.39 29.25 26.62 35.99 43.52 32.75 31.13 26.98 29.71 31.84 26.19 28.21 27.88 25.93 28.87 30.96 34.21 37.86 46.30 52.36 65.07 74.89 74.85 57.87 47.36 45.29 42.80 37.64 30.19 23.74 20.91 18.31 19.72 20.70 21.62 24.79 25.45 23.91 21.07 19.96 20.82 19.28 19.31 19.68 19.86 18.02 21.91 24.02 24.01 24.40 20.84 18.08 17.37 -9999 -9999
-9999 -9999 -9999 -9999 -9999 -9999 -9999 -9999 -9999 -9999 48.23 42.69 40.40 41.04 54.08 68.23 91.24 77.25 53.10 52.16 42.93 39.42 33.05 30.68 30.48 41.57 38.38 36.83 27.74 27.52 20.58 22.44 22.79 26.42 31.74 26.11 26.51 28.18 32.92 35.00 40.67 53.34 60.26 52.93 60.72 53.71 53.24 39.69 42.53 40.03 21.70 22.77 23.41 22.24 21.21 21.15 21.32 24.42 23.07 21.28 20.23 17.56 17.41 17.09 17.02 17.61 19.04 18.43 20.37 24.39 21.38 19.11 18.29 16.08 14.84 -9999 -9999
-9999 -9999 -9999 -9999 -9999 -9999 -9999 -9999 -9999 -9999 -9999 43.37 40.44 68.84 84.97 82.80 110.18 92.28 73.47 66.00 52.91 46.40 27.88 38.24 34.09 27.67 41.46 32.89 27.11 29.31 20.35 21.97 21.73 20.54 22.31 23.90 24.69 25.44 31.77 32.23 35.99 49.87 60.05 52.91 43.69 43.33 48.76 37.63 26.86 23.74 27.15 23.66 23.50 22.21 22.41 22.69 21.09 24.99 22.31 21.99 18.77 17.37 17.53 15.13 14.39 15.61 16.16 16.70 16.92 17.27 16.17 17.40 16.84 15.84 15.43 -9999 -9999
-9999 -9999 -9999 -9999 -9999 -9999 -9999 -9999 -9999 -9999 -9999 47.28 46.14 93.25 101.10 145.04 138.36 110.74 65.61 55.93 67.54 59.10 51.80 40.17 35.79 29.73 33.16 34.20 26.47 22.12 18.56 18.52 20.83 22.14 22.56 24.83 24.97 28.65 35.04 32.51 33.76 48.32 55.75 42.04 52.40 53.29 46.47 38.81 33.35 30.06 30.58 25.37 23.03 22.31 25.15 23.80 21.27 21.83 19.05 16.99 17.08 14.01 15.53 12.61 13.26 15.00 14.72 16.05 14.95 14.50 15.93 16.05 16.20 16.35 -9999 -9999 -9999
-9999 -9999 -9999 -9999 -9999 -9999 -9999 -9999 -9999 -9999 -9999 73.95 98.07 113.54 140.16 170.37 134.55 97.74 78.88 55.84 64.34 70.59 46.91 47.89 38.97 31.10 36.85 34.59 29.53 21.30 20.54 18.79 19.89 25.22 24.07 23.72 26.37 29.18 34.79 36.77 37.56 42.72 48.38 39.75 42.40 47.87 42.76 31.35 29.38 32.78 22.95 24.35 24.42 23.66 24.89 25.59 25.64 20.70 20.02 19.00 17.05 13.16 16.61 14.98 15.53 14.80 14.70 13.46 14.92 12.95 15.65 14.69 15.33 -9999 -9999 -9999 -9999
-9999 -9999 -9999 -9999 -9999 -9999 -9999 -9999 -9999 -9999 69.03 129.51 102.00 123.89 155.18 122.83 150.80 129.43 109.69 104.33 82.49 65.97 45.14 40.40 35.30 35.05 38.12 32.48 29.11 21.00 19.25 18.10 22.44 23.06 22.53 24.15 25.93 26.91 28.79 28.69 31.03 35.10 36.14 26.64 33.85 43.37 35.06 33.14 27.53 27.56 21.91 20.46 24.74 24.03 25.69 29.33 24.80 23.58 19.17 19.31 18.06 14.99 16.88 15.30 15.07 15.89 15.47 14.91 16.00 16.84 14.61 13.41 -9999 -9999 -9999 -9999 -9999
-9999 -9999 -9999 -9999 -9999 -9999 -9999 -9999 50.44 58.53 72.20 73.20 74.95 85.76 102.45 89.95 119.12 123.59 117.27 108.59 79.18 64.13 57.54 42.19 40.52 35.65 27.81 24.49 21.90 19.58 18.10 18.30 23.58 18.79 23.03 24.75 30.05 31.44 26.65 26.69 21.68 26.59 27.99 29.44 27.29 28.17 33.41 26.06 20.72 23.06 20.92 21.14 20.49 22.49 22.29 19.88 22.48 18.91 15.83 19.25 17.43 16.33 17.11 17.14 15.35 16.69 16.74 16.27 16.66 15.74 20.37 -9999 -9999 -9999 -9999 -9999 15.97
-9999 -9999 -9999 -9999 -9999 -9999 -9999 50.89 48.62 46.71 55.72 54.87 44.05 53.78 56.63 73.26 90.94 105.67 103.44 122.60 69.84 44.81 47.92 39.13 50.30 46.56 37.75 24.94 25.51 21.95 18.16 19.31 22.31 23.88 21.73 23.51 27.81 29.17 28.89 21.28 19.23 24.26 26.03 24.65 22.96 22.04 22.79 20.47 18.55 19.53 15.88 17.38 21.47 19.43 20.18 19.58 20.24 17.90 16.66 14.34 16.49 16.57 22.18 18.35 15.53 16.20 16.33 16.32 15.58 19.28 22.15 -9999 -9999 -9999 -9999 -9999 15.10
-9999 -9999 -9999 -9999 -9999 -9999 64.26 52.45 46.04 49.91 -9999 -9999 -9999 -9999 69.39 96.20 115.55 122.95 115.59 91.63 75.57 65.38 64.56 52.04 66.24 51.06 38.24 37.05 25.63 20.68 19.62 20.56 19.55 19.54 22.49 20.46 24.92 26.04 22.54 17.92 15.84 20.27 24.63 23.63 24.39 19.56 19.87 18.89 18.33 15.98 14.27 13.47 16.68 19.01 19.68 18.81 20.40 18.76 18.21 15.17 16.20 16.07 19.19 19.03 17.21 20.20 17.36 16.40 17.05 16.54 16.65 18.64 -9999 -9999 -9999 -9999 15.42
-9999 -9999 -9999 -9999 -9999 -9999 57.71 66.32 48.50 48.84 -9999 -9999 -9999 -9999 69.08 90.76 128.48 118.06 132.70 105.07 91.54 87.11 89.01 59.62 62.69 38.52 30.34 27.80 22.75 20.68 19.25 18.84 19.55 18.06 20.32 18.06 20.87 22.46 19.57 19.64 17.55 20.11 22.62 23.26 21.63 20.80 19.36 15.59 13.79 14.61 17.11 17.12 16.92 18.21 18.82 18.41 18.97 17.61 17.15 15.15 18.30 16.34 19.27 19.27 19.09 18.92 19.06 16.98 17.32 14.29 12.96 14.02 13.15 -9999 -9999 14.05 16.91
-9999 -9999 -9999 -9999 -9999 -9999 -9999 -9999 -9999 -9999 -9999 -9999 -9999 -9999 56.76 99.07 106.19 103.01 118.02 108.66 107.43 79.07 73.56 65.97 56.88 40.06 30.67 25.44 21.96 19.49 18.86 17.48 17.77 17.13 17.03 17.55 19.11 18.63 19.24 19.20 19.52 20.22 22.19 21.83 21.03 19.64 15.65 14.57 14.54 17.69 18.81 17.48 18.59 17.80 21.89 18.42 17.01 17.71 15.04 14.05 18.44 14.54 18.53 23.00 20.87 17.46 19.42 16.09 13.46 12.63 12.65 11.72 10.30 7.81 9.54 13.65 14.87
-9999 -9999 -9999 -9999 -9999 -9999 -9999 -9999 -9999 -9999 -9999 -9999 -9999 -9999 -9999 124.84 88.90 109.46 116.03 121.19 108.50 98.92 86.38 64.00 35.92 34.29 24.51 21.98 19.88 17.83 16.33 16.57 15.69 15.19 15.27 14.43 16.78 18.00 18.82 18.96 19.58 19.26 21.23 22.65 18.47 16.84 16.17 15.21 14.16 15.83 18.91 19.82 22.78 29.91 18.67 17.53 13.20 14.90 18.41 19.68 21.12 20.76 16.65 15.78 15.14 16.35 15.67 15.37 12.64 10.55 11.14 11.24 10.62 9.98 12.67 14.04 13.42
-9999 -9999 -9999 -9999 -9999 -9999 -9999 -9999 -9999 -9999 -9999 -9999 -9999 -9999 -9999 93.13 126.34 153.77 126.35 118.42 93.63 90.93 80.12 58.33 39.45 30.24 29.95 26.24 20.39 18.68 15.05 15.44 14.45 13.85 13.98 13.51 16.78 20.20 21.73 21.25 19.38 16.64 19.13 21.00 18.15 18.01 14.29 13.96 13.64 15.24 19.30 21.38 27.26 23.24 17.70 15.83 14.60 16.41 20.79 23.43 21.39 21.48 16.46 14.86 14.06 16.23 14.14 13.03 11.46 9.11 9.22 10.29 11.06 10.69 15.27 14.60 12.96
-9999 -9999 -9999 -9999 -9999 -9999 -9999 -9999 -9999 -9999 -9999 -9999 -9999 -9999 79.84 87.63 107.88 138.37 122.92 110.47 89.58 81.62 67.02 57.80 42.20 30.05 28.29 21.62 19.02 15.97 12.75 12.00 16.14 16.79 15.97 18.57 19.55 20.91 20.11 20.34 20.43 18.99 19.78 20.59 18.13 16.05 14.45 13.92 13.20 13.18 17.47 18.58 18.39 18.91 17.83 15.72 16.90 16.26 20.54 26.21 20.03 19.00 16.72 15.17 14.54 12.37 11.52 10.62 8.95 8.81 9.35 10.68 11.62 10.84 11.84 12.82 13.66
-9999 -9999 -9999 -9999 -9999 -9999 -9999 -9999 -9999 -9999 -9999 -9999 -9999 -9999 62.59 72.83 110.41 102.55 96.56 83.39 79.22 78.54 68.05 46.83 35.99 29.06 25.64 16.42 16.26 15.90 16.61 18.43 20.86 18.17 15.79 16.96 19.94 19.26 19.35 22.16 23.90 24.03 21.10 20.06 19.54 17.46 15.65 15.24 14.66 15.54 18.44 18.23 17.91 19.20 18.51 16.71 17.90 21.05 20.73 23.54 21.26 18.62 16.17 15.88 14.33 12.51 10.30 9.02 7.12 7.48 8.36 10.81 10.69 10.89 12.62 13.07 14.14
-9999 -9999 -9999 -9999 -9999 -9999 -9999 -9999 -9999 -9999 -9999 -9999 -9999 -9999 50.34 64.63 68.53 87.54 79.97 79.35 73.84 79.26 58.67 48.74 33.24 27.39 21.82 17.18 17.57 16.34 20.72 28.29 22.99 19.83 16.26 17.06 18.98 17.18 17.96 19.91 22.50 21.93 18.93 19.03 19.15 17.10 15.90 16.90 18.48 17.92 19.19 21.08 17.47 17.14 15.36 14.02 18.25 21.99 22.02 21.61 18.99 17.27 16.66 16.79 14.64 10.82 7.14 6.50 5.67 4.94 8.19 9.73 10.20 10.71 10.25 8.27 12.52
-9999 -9999 -9999 -9999 -9999 -9999 -9999 -9999 -9999 -9999 -9999 -9999 -9999 -9999 -9999 60.38 79.56 92.40 96.07 99.25 76.41 68.23 48.40 33.85 28.57 21.12 18.65 16.49 12.90 16.00 20.06 29.58 23.99 14.09 12.54 17.59 20.31 16.75 16.55 14.06 16.80 20.59 18.85 17.44 15.28 16.62 16.96 14.35 18.08 18.95 22.16 24.56 20.49 16.70 17.54 18.16 18.74 23.16 21.47 22.31 19.46 18.69 15.58 11.87 9.03 9.30 8.67 8.04 7.23 7.69 8.56 10.02 11.00 9.60 10.05 9.09 12.49
-9999 -9999 -9999 -9999 -9999 -9999 -9999 -9999 -9999 -9999 -9999 -9999 -9999 -9999 -9999 59.93 86.56 95.74 97.86 117.91 98.54 72.81 47.43 37.65 33.94 26.44 26.56 23.78 20.58 18.87 22.08 26.63 25.32 20.13 18.14 18.48 27.20 20.88 20.10 13.12 14.89 16.95 18.85 17.06 16.94 16.57 17.62 18.90 17.60 17.42 19.68 22.78 22.08 20.72 20.52 21.94 21.92 27.24 26.47 23.89 23.24 14.50 14.37 11.97 8.58 9.21 8.85 6.79 7.41 7.98 11.97 11.77 8.97 9.69 12.24 11.54 11.36
-9999 -9999 -9999 -9999 -9999 -9999 -9999 -9999 -9999 -9999 -9999 -9999 -9999 -9999 35.55 47.80 69.08 85.11 92.88 99.23 99.84 61.74 53.55 60.80 42.62 36.68 28.61 23.44 23.86 26.98 32.86 25.22 24.05 22.03 17.60 19.21 19.05 16.79 18.63 15.57 15.76 17.07 18.86 19.46 21.21 18.91 21.47 17.96 15.95 13.51 16.06 19.16 22.83 18.74 21.47 21.40 24.19 29.94 26.22 16.69 12.83 13.21 12.10 13.53 10.86 10.45 9.15 7.43 7.95 10.38 13.17 11.36 9.65 12.26 12.30 12.07 11.44
-9999 -9999 -9999 -9999 -9999 -9999 -9999 -9999 -9999 -9999 -9999 -9999 -9999 -9999 43.65 52.27 58.28 60.41 89.33 103.50 92.76 71.81 64.79 47.36 38.46 36.55 33.93 27.92 31.58 31.74 27.09 23.46 18.39 20.45 15.22 21.06 15.68 15.89 17.72 14.76 15.52 15.23 19.46 19.69 17.63 21.39 20.16 22.17 15.20 17.08 16.98 16.87 15.17 18.76 21.04 24.14 25.47 24.23 20.27 13.48 12.49 11.78 12.64 11.43 11.06 11.18 9.92 13.02 12.13 12.79 10.97 9.95 9.02 12.74 11.52 11.30 11.78
-9999 -9999 -9999 -9999 -9999 -9999 -9999 -9999 -9999 -9999 -9999 -9999 -9999 -9999 45.91 54.35 54.37 67.55 84.80 94.38 85.01 67.77 52.07 45.42 44.87 35.98 32.97 32.50 27.33 26.67 28.57 21.67 24.38 18.43 16.49 18.65 17.99 16.96 15.45 14.78 14.17 16.23 15.84 19.31 18.02 17.97 16.43 17.37 18.04 19.21 18.76 14.54 12.56 19.70 23.06 29.74 22.93 17.65 13.19 11.03 10.81 11.93 10.98 11.15 10.86 10.41 10.49 12.32 11.61 11.63 10.11 9.68 9.68 10.00 9.97 12.11 13.53
-9999 -9999 -9999 -9999 -9999 -9999 -9999 -9999 -9999 -9999 -9999 -9999 -9999 40.78 46.04 59.19 62.17 67.77 80.87 78.64 84.47 68.83 42.89 36.53 41.17 38.91 38.90 31.04 23.81 26.81 24.45 23.58 22.27 16.28 13.89 15.39 24.51 17.99 15.79 15.85 12.86 13.71 14.89 16.29 15.69 16.37 15.13 16.38 17.52 17.82 17.10 15.79 18.48 23.24 24.37 23.94 21.85 14.71 13.12 11.51 11.38 11.51 11.09 10.05 9.13 11.85 11.24 12.06 11.72 11.52 10.57 10.54 10.02 9.05 9.62 15.15 11.34
-9999 -9999 -9999 -9999 -9999 -9999 -9999 -9999 -9999 -9999 -9999 -9999 34.68 39.86 42.44 44.70 47.12 69.73 89.76 84.27 67.35 80.91 49.52 44.53 37.28 27.97 35.39 28.97 36.03 22.40 19.08 18.51 17.75 15.90 17.22 14.65 17.43 15.89 17.11 16.26 13.98 14.40 14.55 14.80 15.16 15.23 15.27 15.49 16.74 16.28 17.98 18.21 20.55 21.27 22.91 20.04 18.26 13.11 10.91 10.11 10.70 10.87 12.30 10.41 9.94 11.93 10.79 14.25 12.90 11.48 11.53 10.54 10.33 9.68 10.44 9.96 8.48
-9999 -9999 -9999 -9999 -9999 -9999 -9999 -9999 -9999 -9999 32.63 30.75 33.67 33.07 35.77 46.09 47.22 78.57 94.65 92.22 81.06 61.21 43.81 31.57 32.77 26.25 26.02 27.45 25.17 12.88 15.69 17.15 14.71 15.48 16.45 12.21 14.48 16.41 15.97 18.40 17.68 12.88 13.75 14.28 13.48 13.46 12.81 11.74 10.51 13.43 20.05 21.26 21.28 20.78 21.17 18.44 14.27 11.19 10.59 10.60 9.39 11.20 11.06 11.03 9.98 11.48 9.60 12.95 15.06 12.20 12.13 9.30 11.81 8.47 9.39 10.36 12.58
-9999 -9999 -9999 -9999 -9999 -9999 27.86 20.18 28.68 44.84 45.87 39.56 43.82 45.11 46.11 46.72 62.95 71.70 81.31 81.21 68.81 47.83 31.07 19.80 26.47 25.52 30.53 24.36 21.06 15.46 16.22 17.01 18.55 15.08 17.61 15.56 14.50 15.78 15.14 20.72 20.56 13.05 11.16 12.50 12.58 12.31 10.74 14.21 14.06 17.37 18.71 21.17 20.71 18.23 22.89 18.71 14.98 12.69 12.29 11.60 10.60 10.93 12.45 12.10 14.29 13.96 14.64 16.10 15.97 12.09 10.61 9.20 10.13 8.82 12.85 11.79 12.74
-9999 -9999 -9999 -9999 -9999 33.67 33.25 35.15 38.80 39.52 48.68 43.34 41.84 30.62 45.20 50.67 58.50 70.20 62.13 70.42 55.76 44.99 36.22 19.47 22.52 31.68 23.60 19.56 16.41 16.73 17.05 18.61 16.32 16.47 18.21 18.99 16.82 16.07 18.20 17.74 16.52 12.51 11.00 11.23 12.73 13.14 13.59 16.91 20.26 22.62 26.33 21.65 21.67 20.55 18.94 17.01 15.11 12.40 10.81 11.18 11.66 12.03 11.14 13.83 14.08 13.00 12.57 11.35 10.52 9.01 8.85 7.82 9.86 8.72 12.40 12.09 10.88
-9999 -9999 -9999 -9999 30.52 31.30 33.62 37.31 43.21 50.28 51.55 55.51 47.30 43.65 57.68 47.96 51.45 68.03 58.93 59.94 55.33 53.39 44.95 44.19 30.25 23.92 20.92 18.08 25.48 25.68 19.03 15.06 13.82 16.68 22.06 21.97 17.52 15.94 16.50 15.20 14.18 11.73 11.97 12.99 14.26 15.48 20.27 21.24 27.23 23.28 27.02 23.41 22.61 18.79 19.88 17.72 19.41 15.18 13.68 11.33 10.20 11.43 10.12 15.01 11.57 12.15 10.99 10.50 9.91 9.66 8.25 8.32 10.38 9.71 10.07 10.63 11.13
34.60 42.65 41.79 51.81 42.73 40.73 46.84 55.40 50.74 61.21 59.39 65.58 52.11 68.65 57.78 53.04 52.15 49.85 44.25 47.86 52.07 39.69 34.67 33.80 32.83 23.07 14.65 21.06 28.44 26.52 27.27 18.66 18.51 19.33 18.76 22.22 13.60 15.68 16.94 14.76 12.75 12.37 16.59 14.97 19.35 22.21 18.66 21.01 21.09 20.14 24.62 22.72 21.43 21.76 15.22 15.78 15.25 14.10 14.53 11.97 11.13 9.66 10.41 13.40 11.61 11.64 11.32 10.74 8.83 10.55 9.97 10.63 9.99 10.27 9.68 11.08 11.34
36.81 41.10 51.47 63.46 67.46 62.32 63.46 78.88 66.92 68.17 66.15 59.76 58.12 53.04 51.44 55.57 49.02 42.48 40.64 46.51 43.27 31.22 30.70 31.81 31.51 26.63 25.87 42.32 39.48 29.54 23.50 23.85 21.93 23.73 18.53 15.87 14.15 14.14 14.61 14.02 12.22 12.02 13.04 15.99 23.05 24.44 23.44 22.70 22.64 28.02 25.74 24.36 20.60 18.53 16.38 15.58 15.33 13.82 12.85 11.64 11.59 12.17 13.69 12.15 12.99 12.79 12.30 11.42 10.16 11.88 11.16 9.58 9.07 9.44 11.95 12.06 12.21
