Rainfall_2007-2011/Rainfall_2009-09_ACTUAL.txt
ncols         180
nrows         290
xllcorner     -200000
yllcorner     -200000
cellsize      5000
NODATA_value  -9999
[rows 204 to 237 of 290, columns 77 to 153 of 180]
38.60 39.71 43.15 52.56 54.75 45.83 51.59 68.05 60.88 59.00 50.76 50.82 55.77 48.94 41.88 50.53 53.71 46.43 51.30 52.22 46.39 41.84 38.06 41.75 40.54 28.13 40.61 44.99 45.55 32.53 27.94 27.32 26.32 24.57 20.80 16.07 13.31 17.77 15.03 14.32 14.81 14.41 15.74 18.64 25.86 28.80 24.19 21.68 30.92 32.81 22.99 20.21 17.58 14.88 16.14 15.02 15.45 13.96 13.44 14.01 15.29 13.95 11.72 16.10 15.30 15.68 10.04 10.86 9.74 11.62 9.67 9.61 10.17 9.93 9.68 14.41 23.21
38.34 39.41 35.71 40.13 43.55 37.45 41.57 47.29 52.96 49.02 45.05 40.57 42.38 42.38 49.24 54.24 61.70 59.25 68.09 82.81 69.44 60.53 54.22 59.57 55.70 37.98 35.52 55.52 44.84 30.65 30.43 29.93 25.63 22.22 20.83 24.66 19.88 20.70 13.46 13.65 19.87 19.99 24.45 25.92 32.54 32.06 30.57 26.29 27.60 24.93 19.32 17.07 16.05 12.90 9.64 12.71 13.85 15.32 15.04 15.59 16.32 13.88 15.79 16.71 12.19 13.61 10.07 10.59 9.21 9.50 9.21 9.61 11.14 11.47 13.16 15.78 17.05
36.67 33.43 37.04 38.37 38.20 40.20 45.98 51.79 37.74 43.55 44.41 41.46 50.71 47.40 61.90 56.81 63.16 68.16 73.83 79.90 82.98 73.22 75.85 86.81 62.55 62.23 55.87 38.24 51.01 42.60 24.26 23.35 20.39 25.66 23.84 25.93 21.13 17.23 15.37 16.34 19.20 23.55 34.89 28.55 30.83 28.76 29.31 27.89 31.57 24.60 13.46 12.48 11.87 12.45 10.45 12.39 14.41 14.59 17.57 17.61 17.81 15.83 15.38 14.83 12.62 12.07 10.93 11.90 11.70 10.83 10.72 9.77 12.53 14.74 14.28 20.53 20.36
27.37 27.46 29.90 31.91 34.41 38.62 43.90 38.94 37.54 39.16 39.10 40.22 45.75 44.24 54.88 51.46 55.94 61.93 69.30 64.27 68.20 67.96 73.45 72.12 77.55 73.78 55.22 51.91 58.79 39.69 30.20 26.19 27.97 24.60 24.15 23.72 24.67 18.16 19.24 21.35 28.65 30.53 28.77 28.45 27.10 26.95 25.33 23.62 15.68 13.96 13.65 11.30 11.34 12.22 13.11 16.23 14.53 15.91 18.72 17.48 16.65 16.63 16.77 13.11 13.41 12.75 10.88 10.29 10.59 11.47 12.81 13.14 17.54 25.21 26.53 26.53 29.52
23.47 23.23 26.27 30.04 40.01 35.91 31.38 28.91 28.33 31.38 29.67 30.77 37.00 48.42 47.58 58.66 62.09 69.45 80.64 71.58 53.56 57.64 58.70 58.77 59.63 75.48 52.74 50.60 47.11 33.57 30.70 25.48 24.53 23.77 21.06 20.94 21.10 19.41 20.57 23.98 24.34 30.10 26.58 23.94 22.87 19.12 18.09 15.99 9.75 10.07 11.57 9.67 12.08 9.71 15.31 15.95 13.50 13.88 16.13 16.56 16.97 18.15 16.78 15.13 15.27 14.33 11.07 10.09 12.62 17.16 15.50 21.81 31.08 34.49 36.44 37.09 39.39
22.22 23.26 24.99 28.33 29.12 27.63 -9999 -9999 -9999 -9999 29.89 29.96 35.20 37.73 39.70 46.82 51.97 60.68 69.73 68.57 90.69 104.17 78.05 64.21 50.66 56.45 49.57 53.22 45.13 34.87 29.46 25.70 27.35 21.90 20.68 18.93 18.23 19.47 20.65 25.11 22.57 25.93 23.62 21.40 16.99 9.09 8.04 8.80 9.81 10.06 12.25 12.08 13.26 19.30 17.58 15.09 12.97 14.43 17.47 19.00 17.30 17.69 16.16 13.92 15.08 14.34 13.61 16.97 17.53 24.64 30.76 37.08 39.71 46.68 47.67 44.10 29.91
22.86 24.58 24.93 24.74 27.68 18.47 -9999 -9999 -9999 -9999 -9999 -9999 -9999 31.98 38.10 41.12 41.26 47.28 61.16 81.04 104.64 122.51 94.78 80.15 63.18 62.88 38.23 49.64 52.53 41.50 30.12 32.20 29.36 26.57 19.27 18.45 18.45 21.27 23.43 23.69 20.59 21.42 20.42 15.97 14.71 9.74 8.59 7.46 9.44 10.73 11.07 13.02 16.62 15.64 13.54 12.69 13.47 16.73 18.96 19.60 17.14 18.90 14.39 13.69 15.07 13.89 15.01 18.59 23.69 31.20 47.56 45.98 48.21 49.02 45.23 28.14 23.76
-9999 -9999 22.96 -9999 -9999 -9999 -9999 -9999 -9999 -9999 -9999 16.25 21.99 30.18 33.60 35.94 36.37 39.95 51.78 67.94 84.66 97.35 87.04 73.07 67.38 68.65 51.25 47.09 36.97 35.19 25.51 24.72 24.30 23.01 19.41 19.69 22.42 23.68 28.70 24.49 17.52 17.19 16.67 15.17 13.37 10.46 9.65 8.49 11.12 8.65 9.05 10.58 15.10 13.30 12.12 11.51 14.53 19.83 19.24 21.76 17.24 18.05 16.95 14.77 15.09 15.95 19.38 26.83 38.35 40.60 43.15 50.50 60.23 39.35 30.59 26.31 23.17
-9999 -9999 -9999 -9999 -9999 -9999 -9999 -9999 -9999 -9999 -9999 13.95 17.79 26.49 26.84 29.14 -9999 -9999 37.60 59.78 63.57 70.13 66.53 66.60 63.22 58.81 50.80 42.40 28.97 26.93 26.21 19.43 18.94 18.05 17.84 18.42 21.53 22.20 24.86 18.93 16.21 16.29 14.36 13.43 11.44 8.77 8.96 9.09 14.37 16.61 11.48 10.53 11.46 11.43 12.04 14.12 19.27 15.61 19.37 22.20 18.59 22.55 22.32 22.92 19.23 21.56 22.87 37.91 59.36 46.07 46.78 39.65 38.00 29.61 24.26 22.63 24.32
-9999 -9999 -9999 -9999 -9999 -9999 -9999 -9999 -9999 -9999 -9999 -9999 -9999 -9999 -9999 -9999 -9999 -9999 32.78 39.80 53.25 53.72 53.02 58.02 54.97 44.92 40.87 34.56 30.40 23.47 23.14 19.82 -9999 17.42 17.42 17.17 11.12 16.72 18.24 16.43 14.60 13.62 12.48 11.03 11.34 9.09 9.16 12.35 10.51 9.53 10.74 13.31 11.83 12.92 14.57 14.23 17.72 19.20 18.50 19.73 22.87 21.78 23.92 21.32 25.00 27.39 30.53 39.96 45.53 41.60 39.19 31.41 25.01 22.85 20.68 20.31 22.26
-9999 -9999 -9999 -9999 -9999 -9999 -9999 -9999 -9999 -9999 -9999 -9999 -9999 -9999 -9999 -9999 -9999 -9999 -9999 36.13 37.47 40.73 45.19 45.33 40.66 35.93 35.35 31.26 -9999 -9999 -9999 -9999 18.04 15.32 16.47 17.38 13.28 13.92 15.21 16.12 15.13 12.93 11.56 12.28 11.12 12.00 11.85 14.20 12.88 13.60 13.14 13.13 11.57 12.88 14.23 14.25 17.47 18.28 16.34 18.15 20.49 20.32 20.06 39.67 36.51 35.93 28.66 31.78 36.10 37.36 40.08 26.60 26.53 24.25 19.19 18.59 21.55
-9999 -9999 -9999 -9999 -9999 -9999 -9999 -9999 -9999 -9999 -9999 -9999 -9999 -9999 -9999 -9999 -9999 -9999 -9999 -9999 36.92 39.92 40.98 36.61 36.86 32.04 29.88 -9999 -9999 -9999 -9999 15.80 20.84 20.16 15.50 14.57 15.09 13.91 14.41 15.13 13.16 10.48 13.32 12.19 12.39 12.48 13.36 14.11 13.57 14.63 13.38 12.90 11.23 14.12 12.98 17.21 16.41 15.67 16.61 17.88 16.36 31.27 31.00 61.52 55.23 50.34 36.10 32.25 32.51 32.29 27.66 31.27 28.12 24.48 21.18 20.74 22.58
-9999 -9999 -9999 -9999 -9999 -9999 -9999 -9999 -9999 -9999 -9999 -9999 -9999 -9999 -9999 -9999 -9999 -9999 -9999 -9999 -9999 33.84 35.61 34.37 32.62 27.17 22.97 -9999 -9999 -9999 18.01 21.02 21.55 18.48 20.34 17.37 16.27 16.02 13.60 15.12 12.19 10.61 14.45 11.28 10.59 11.56 14.47 15.00 15.86 15.48 15.11 15.43 18.58 15.17 16.31 17.20 16.21 16.04 19.39 24.34 33.02 54.65 59.51 69.48 54.65 53.02 36.96 25.70 25.09 28.59 29.86 29.77 29.18 23.02 22.65 22.50 23.28
-9999 -9999 -9999 -9999 -9999 -9999 -9999 -9999 -9999 -9999 -9999 -9999 -9999 -9999 -9999 -9999 -9999 -9999 -9999 -9999 -9999 -9999 -9999 -9999 -9999 -9999 -9999 -9999 -9999 21.05 21.20 23.45 23.78 25.49 25.95 20.67 20.97 17.99 13.99 12.85 9.58 8.56 9.89 8.33 8.95 10.06 12.62 17.60 21.08 21.01 23.66 19.96 18.88 19.05 20.23 19.49 15.82 24.77 30.81 36.05 44.75 61.62 66.65 48.83 46.27 38.51 31.63 25.47 25.62 27.82 30.60 32.18 30.81 24.30 25.95 21.62 24.66
-9999 -9999 -9999 -9999 -9999 -9999 -9999 -9999 -9999 -9999 -9999 -9999 -9999 -9999 -9999 -9999 -9999 -9999 -9999 -9999 -9999 -9999 -9999 -9999 -9999 -9999 -9999 -9999 -9999 23.68 27.90 26.66 34.86 33.43 32.47 28.69 27.87 20.35 11.98 10.59 10.86 9.72 10.55 10.39 12.10 12.50 14.61 22.50 25.78 23.92 24.38 25.83 22.82 20.74 21.87 23.75 23.33 32.84 42.23 58.08 61.66 47.91 50.18 33.77 24.50 29.21 28.79 31.63 28.04 24.36 29.14 38.46 32.38 29.19 27.89 20.41 25.13
-9999 -9999 -9999 -9999 -9999 -9999 -9999 -9999 -9999 -9999 -9999 -9999 -9999 -9999 -9999 -9999 -9999 -9999 -9999 -9999 -9999 -9999 -9999 -9999 -9999 -9999 -9999 -9999 -9999 25.76 27.57 27.59 33.28 40.50 40.14 29.82 25.55 22.61 17.61 14.41 12.82 14.10 13.66 12.97 14.30 14.48 17.02 19.83 22.11 23.45 22.27 23.90 24.20 22.03 23.37 26.09 27.15 63.67 56.72 65.15 74.15 38.79 35.89 31.34 35.21 34.17 42.02 28.82 24.49 25.96 25.44 39.21 36.07 28.27 25.57 24.29 25.87
-9999 -9999 -9999 -9999 -9999 -9999 -9999 -9999 -9999 -9999 -9999 -9999 53.56 75.31 57.95 65.64 58.75 72.05 54.86 56.33 36.52 46.23 28.25 -9999 -9999 -9999 -9999 -9999 -9999 25.77 27.63 27.21 32.57 36.53 45.88 31.82 28.80 23.90 19.67 16.38 14.15 15.93 14.20 13.85 15.14 15.51 17.57 22.00 19.90 19.19 19.15 27.50 27.76 28.08 34.96 43.78 53.53 73.09 59.26 46.30 47.05 43.98 36.86 33.78 35.06 31.19 26.52 25.07 25.80 27.18 27.62 27.53 22.99 23.28 21.97 20.15 23.99
-9999 -9999 -9999 -9999 -9999 -9999 -9999 -9999 -9999 -9999 -9999 -9999 62.36 76.76 75.28 53.93 73.44 90.14 64.25 65.43 51.49 36.44 31.44 28.12 29.28 23.08 22.40 27.72 23.25 25.89 27.54 23.39 28.24 32.59 37.16 32.36 29.10 26.76 20.16 20.93 17.81 16.74 17.24 18.48 17.79 16.54 20.87 20.90 19.64 18.89 23.93 26.13 25.97 42.72 48.33 55.00 79.16 65.78 44.76 41.23 40.13 41.05 36.67 29.30 39.45 34.96 31.84 30.43 25.35 27.89 27.37 29.47 28.03 24.08 23.70 25.12 26.74
-9999 -9999 -9999 -9999 -9999 -9999 -9999 -9999 -9999 -9999 -9999 30.50 32.34 50.08 56.20 61.45 74.57 89.33 82.24 63.98 58.45 50.30 42.26 35.51 37.97 30.55 29.94 28.70 28.44 26.02 29.55 23.54 29.74 26.49 31.93 30.97 27.52 22.83 24.96 21.55 20.62 22.43 21.56 20.64 21.00 21.04 22.12 20.00 17.88 21.19 25.58 29.90 36.99 56.98 53.59 60.41 61.01 56.54 41.63 38.90 43.17 37.79 36.09 27.43 30.09 34.48 33.38 30.20 27.66 28.49 26.17 27.31 26.36 27.44 29.65 28.84 25.47
-9999 -9999 -9999 -9999 -9999 -9999 -9999 -9999 -9999 -9999 -9999 -9999 35.21 39.00 41.31 49.81 61.08 70.19 85.22 64.78 56.38 47.62 51.38 48.93 40.80 28.60 24.27 22.65 22.66 19.54 19.94 19.11 22.66 18.69 22.71 24.04 25.34 25.18 24.78 23.28 24.54 25.36 20.86 21.33 26.32 25.05 24.29 26.85 28.06 27.64 27.38 42.85 36.55 49.79 50.85 52.52 49.63 49.73 42.33 41.34 36.02 36.46 34.90 29.40 28.48 27.17 26.15 31.32 30.72 27.13 31.01 32.62 31.99 32.04 36.29 33.17 26.54
-9999 -9999 -9999 -9999 -9999 -9999 -9999 -9999 40.97 -9999 -9999 33.13 32.24 34.14 36.57 49.94 53.89 53.30 60.26 54.46 55.74 50.77 53.02 45.32 44.74 31.30 25.05 23.24 19.89 16.00 17.35 20.50 19.21 17.69 18.88 20.14 22.47 20.01 24.26 22.98 22.75 25.98 27.06 28.41 27.25 25.22 24.91 24.28 30.30 27.01 42.16 48.89 49.43 49.04 44.61 46.94 48.72 53.38 46.20 43.12 42.09 35.79 34.25 31.26 28.62 26.45 26.42 25.21 26.67 27.53 29.94 35.50 34.10 32.00 41.12 36.10 29.18
-9999 -9999 -9999 -9999 -9999 -9999 -9999 51.14 66.16 56.83 48.13 39.31 45.36 45.64 41.10 35.98 42.84 45.34 47.40 49.16 50.75 44.52 41.07 40.95 32.02 31.85 26.95 29.23 26.02 20.76 18.43 15.98 18.13 16.09 16.46 21.28 21.58 20.42 19.75 23.89 21.32 25.92 28.43 28.96 24.00 25.52 26.78 30.35 36.15 40.17 40.26 50.12 62.46 45.16 44.39 33.94 39.85 38.89 49.59 43.20 53.50 58.06 36.19 28.96 25.34 25.42 26.28 25.21 25.91 26.62 30.29 32.18 34.60 26.82 32.41 30.13 29.52
-9999 -9999 -9999 -9999 -9999 -9999 -9999 57.34 66.14 63.92 51.41 43.68 52.03 43.77 44.31 45.83 46.42 37.18 37.69 43.03 47.37 42.41 38.27 37.81 32.79 32.24 37.17 35.87 25.85 19.45 18.39 20.09 21.86 21.16 20.80 23.15 22.06 23.60 21.19 23.31 25.80 30.96 24.13 22.16 21.71 26.70 27.86 35.81 36.83 46.29 50.84 46.87 43.94 34.25 39.42 41.31 41.77 43.56 47.19 49.84 44.04 42.96 29.90 26.27 23.48 25.57 25.17 24.75 21.96 34.08 28.33 30.55 30.03 27.75 28.13 25.81 25.58
-9999 -9999 -9999 -9999 -9999 -9999 -9999 47.22 53.96 55.01 54.02 46.83 47.78 43.11 41.07 41.78 38.38 33.83 39.45 36.58 39.59 37.22 32.67 30.76 32.93 32.97 32.90 34.01 31.88 27.10 22.25 25.39 21.30 22.27 22.51 22.64 23.59 27.93 27.00 28.79 32.34 26.38 26.17 24.73 26.55 30.80 30.34 37.68 53.36 54.71 44.16 41.78 32.09 36.76 38.00 31.27 39.18 39.42 43.12 47.06 40.29 31.24 35.70 26.15 31.28 29.62 25.48 24.50 31.77 31.83 30.42 27.45 27.95 23.19 20.31 17.96 20.89
-9999 -9999 -9999 -9999 -9999 -9999 -9999 31.56 46.26 45.34 49.33 45.23 48.15 39.64 32.27 39.83 37.29 33.17 37.26 36.18 30.93 26.02 30.31 27.55 30.74 42.92 37.82 42.44 37.16 27.45 29.37 28.26 27.43 28.03 31.17 29.88 29.84 31.06 30.39 32.11 24.77 26.38 26.11 24.68 28.20 32.13 33.39 39.29 49.06 50.19 38.95 32.62 31.66 32.17 32.65 36.73 28.80 33.31 37.33 27.59 28.69 25.32 23.50 20.58 25.63 24.91 20.31 22.29 29.12 30.97 28.23 25.07 21.95 18.20 18.45 14.77 17.46
-9999 -9999 -9999 -9999 -9999 -9999 -9999 35.63 41.82 39.87 46.10 45.41 43.27 40.07 36.97 35.90 36.90 36.96 34.50 30.10 29.32 28.85 26.05 24.51 26.25 29.52 36.41 39.81 33.22 26.25 34.92 36.62 32.94 43.46 38.00 39.20 40.03 36.14 30.42 31.47 27.21 25.63 26.85 29.64 30.58 30.91 42.35 40.88 41.34 38.71 38.58 35.11 31.10 29.05 30.12 28.91 26.81 27.84 22.58 22.40 17.65 21.02 22.26 20.71 20.52 21.31 20.52 -9999 -9999 24.54 18.16 23.23 19.76 17.81 22.48 19.15 -9999
-9999 -9999 -9999 -9999 -9999 -9999 49.63 40.21 42.24 39.23 43.31 46.08 46.40 44.97 47.86 41.12 38.44 37.41 33.60 28.46 28.84 27.87 25.64 24.25 31.24 33.87 42.57 35.64 29.27 35.06 33.74 28.76 32.21 32.10 33.17 43.49 35.88 34.11 33.11 31.57 27.78 27.27 25.11 30.09 34.33 41.40 40.01 37.40 36.66 32.58 35.09 32.02 31.17 -9999 -9999 26.78 27.20 30.27 24.34 19.32 16.60 17.07 -9999 -9999 -9999 -9999 -9999 -9999 -9999 -9999 -9999 -9999 19.49 17.95 19.42 19.43 -9999
-9999 -9999 -9999 -9999 -9999 56.85 60.20 51.12 45.53 41.11 44.44 43.70 50.34 54.68 63.90 56.77 54.22 36.69 33.76 34.32 29.89 29.09 25.04 27.33 29.37 38.17 42.39 36.59 26.44 27.10 24.22 22.54 28.47 27.47 30.78 30.31 28.17 30.09 29.52 28.66 25.28 25.65 25.51 28.04 36.56 37.99 35.26 29.17 34.42 34.39 -9999 33.12 34.73 31.54 26.71 26.05 -9999 -9999 -9999 -9999 15.22 -9999 -9999 -9999 -9999 -9999 -9999 -9999 -9999 -9999 -9999 -9999 -9999 -9999 -9999 -9999 -9999
-9999 -9999 -9999 -9999 46.94 59.07 60.60 54.72 42.70 41.15 36.63 40.85 41.51 71.70 93.76 86.33 53.44 38.66 40.38 37.84 34.91 26.67 24.89 32.30 26.62 25.37 26.63 24.82 -9999 -9999 -9999 -9999 -9999 21.85 28.16 30.07 26.09 25.98 25.83 26.72 26.45 28.08 32.67 31.40 -9999 -9999 -9999 -9999 -9999 38.05 39.83 38.66 43.59 33.90 29.22 24.89 -9999 -9999 -9999 -9999 -9999 -9999 -9999 -9999 -9999 -9999 -9999 -9999 -9999 -9999 -9999 -9999 -9999 -9999 -9999 -9999 -9999
-9999 -9999 -9999 42.49 59.77 72.86 63.18 60.80 45.93 41.75 35.93 44.40 53.92 63.82 91.71 98.13 61.89 49.19 37.99 41.80 31.29 32.52 29.09 24.55 25.27 -9999 -9999 -9999 -9999 -9999 -9999 -9999 -9999 -9999 20.96 24.84 22.71 21.12 27.33 32.02 29.56 38.17 39.70 38.16 -9999 -9999 -9999 -9999 -9999 -9999 -9999 28.72 34.07 30.45 34.10 -9999 -9999 -9999 -9999 -9999 -9999 -9999 -9999 -9999 -9999 -9999 -9999 -9999 -9999 -9999 -9999 -9999 -9999 -9999 -9999 -9999 -9999
37.70 35.43 37.52 42.53 59.14 64.57 64.97 66.11 50.17 41.13 35.55 51.58 66.96 66.89 81.04 68.13 49.42 47.83 47.81 29.30 31.67 35.49 27.79 -9999 -9999 -9999 -9999 -9999 -9999 -9999 -9999 -9999 -9999 -9999 -9999 -9999 19.99 -9999 -9999 -9999 -9999 32.92 40.25 40.59 -9999 -9999 -9999 -9999 -9999 -9999 -9999 -9999 28.00 26.79 19.40 -9999 -9999 -9999 -9999 -9999 -9999 -9999 -9999 -9999 -9999 -9999 -9999 -9999 -9999 -9999 -9999 -9999 -9999 -9999 -9999 -9999 -9999
41.78 41.44 40.27 44.59 48.10 57.17 55.53 51.08 50.64 43.12 48.22 51.73 54.49 57.56 71.52 73.31 56.59 53.38 41.18 26.43 24.21 25.90 -9999 -9999 -9999 -9999 -9999 -9999 -9999 -9999 -9999 -9999 -9999 -9999 -9999 -9999 21.19 -9999 -9999 -9999 -9999 -9999 -9999 -9999 -9999 -9999 -9999 -9999 -9999 -9999 -9999 -9999 -9999 -9999 -9999 -9999 -9999 -9999 -9999 -9999 -9999 -9999 -9999 -9999 -9999 -9999 -9999 -9999 -9999 -9999 -9999 -9999 -9999 -9999 -9999 -9999 -9999
44.65 49.96 48.56 46.46 49.03 48.64 45.59 48.24 45.19 45.27 50.48 49.58 47.60 56.12 75.18 76.87 68.04 51.37 39.02 30.36 27.86 28.12 -9999 -9999 -9999 -9999 -9999 -9999 -9999 -9999 -9999 -9999 -9999 -9999 -9999 -9999 -9999 -9999 -9999 -9999 -9999 -9999 -9999 -9999 -9999 -9999 -9999 -9999 -9999 -9999 -9999 -9999 -9999 -9999 -9999 -9999 -9999 -9999 -9999 -9999 -9999 -9999 -9999 -9999 -9999 -9999 -9999 -9999 -9999 -9999 -9999 -9999 -9999 -9999 -9999 -9999 -9999
41.52 54.86 56.07 52.32 55.02 53.29 44.31 48.35 43.76 42.24 41.33 43.31 41.09 48.46 56.98 77.20 78.92 54.72 35.85 29.82 26.35 17.69 -9999 -9999 -9999 -9999 -9999 -9999 -9999 -9999 -9999 -9999 -9999 -9999 -9999 -9999 -9999 -9999 -9999 -9999 -9999 -9999 -9999 -9999 -9999 -9999 -9999 -9999 -9999 -9999 -9999 -9999 -9999 -9999 -9999 -9999 -9999 -9999 -9999 -9999 -9999 -9999 -9999 -9999 -9999 -9999 -9999 -9999 -9999 -9999 -9999 -9999 -9999 -9999 -9999 -9999 -9999
