Rainfall_2007-2011/Rainfall_2009-03_ACTUAL.txt
ncols         180
nrows         290
xllcorner     -200000
yllcorner     -200000
cellsize      5000
NODATA_value  -9999
[rows 136 to 169 of 290, columns 77 to 153 of 180]
-9999 -9999 82.70 90.99 93.60 112.64 116.74 127.77 121.36 116.58 127.44 140.49 161.82 224.57 188.02 154.03 112.55 100.47 88.79 89.44 92.35 99.13 83.46 82.15 60.99 48.84 49.33 55.31 55.44 50.73 52.56 50.79 54.09 57.41 59.88 70.93 70.71 62.02 52.38 46.71 36.41 42.64 35.16 25.47 20.76 18.25 15.85 16.26 15.06 17.94 13.68 -9999 -9999 -9999 -9999 -9999 -9999 -9999 -9999 -9999 -9999 -9999 -9999 -9999 -9999 -9999 -9999 -9999 -9999 -9999 -9999 -9999 -9999 -9999 -9999 -9999 -9999
-9999 -9999 73.73 82.32 77.19 86.05 89.18 104.29 104.21 103.18 108.37 111.65 135.35 175.42 174.73 159.40 121.95 105.29 102.55 100.86 103.97 121.46 96.34 -9999 -9999 -9999 49.04 50.22 -9999 46.62 48.54 47.36 49.43 44.53 56.25 72.27 66.23 57.77 56.55 45.86 40.07 38.57 24.82 17.58 22.72 19.08 20.12 14.93 14.97 16.55 17.38 -9999 -9999 -9999 -9999 -9999 -9999 -9999 -9999 -9999 -9999 -9999 -9999 -9999 -9999 -9999 -9999 -9999 -9999 -9999 -9999 -9999 -9999 -9999 -9999 -9999 -9999
-9999 -9999 60.74 73.01 77.29 85.19 87.44 94.18 100.55 100.29 97.49 108.95 118.53 161.97 153.71 156.25 125.72 103.16 110.85 94.65 105.16 94.23 87.50 -9999 -9999 -9999 51.21 50.45 47.53 46.49 41.16 44.67 50.51 53.62 69.21 88.12 80.88 79.00 58.83 44.15 46.58 40.21 28.89 23.25 22.95 17.93 18.44 23.20 19.30 15.68 17.37 -9999 -9999 -9999 -9999 -9999 -9999 -9999 -9999 -9999 -9999 -9999 -9999 -9999 -9999 -9999 -9999 -9999 -9999 -9999 -9999 -9999 -9999 -9999 -9999 -9999 -9999
-9999 -9999 -9999 60.30 76.91 76.91 -9999 92.73 98.59 96.17 94.86 95.25 -9999 109.47 99.20 107.52 101.36 99.61 106.98 97.09 80.15 -9999 -9999 -9999 -9999 38.74 46.67 51.87 46.63 47.18 47.31 46.18 54.89 60.90 83.94 113.13 112.66 104.44 68.53 62.94 52.03 36.01 36.95 24.18 21.49 20.89 14.72 20.96 18.68 16.03 14.29 14.81 -9999 -9999 -9999 -9999 -9999 -9999 -9999 -9999 -9999 -9999 -9999 -9999 -9999 -9999 -9999 -9999 -9999 -9999 -9999 -9999 -9999 -9999 -9999 -9999 -9999
-9999 -9999 -9999 -9999 69.96 -9999 -9999 -9999 86.29 85.41 86.66 89.33 79.98 -9999 -9999 76.57 96.83 97.44 97.19 -9999 -9999 -9999 -9999 -9999 53.22 52.39 53.02 61.20 57.73 55.48 50.98 46.93 52.05 54.06 70.24 81.75 119.72 114.77 92.15 83.65 81.41 49.69 40.38 38.10 30.93 21.63 19.24 21.60 18.66 17.62 18.35 18.39 -9999 -9999 -9999 -9999 -9999 -9999 -9999 -9999 -9999 -9999 -9999 -9999 -9999 -9999 -9999 -9999 -9999 -9999 -9999 -9999 -9999 -9999 -9999 -9999 -9999
-9999 -9999 -9999 -9999 66.09 61.55 -9999 -9999 -9999 76.74 82.50 84.20 86.27 -9999 -9999 -9999 -9999 83.26 -9999 -9999 -9999 -9999 -9999 -9999 52.40 56.66 72.14 76.03 74.54 75.44 57.33 47.30 48.75 60.59 57.22 59.57 72.83 105.11 118.99 102.70 91.87 60.66 47.59 44.63 37.68 19.01 23.54 20.58 18.30 18.57 17.78 13.63 -9999 -9999 -9999 -9999 -9999 -9999 -9999 -9999 -9999 -9999 -9999 -9999 -9999 -9999 -9999 -9999 -9999 -9999 -9999 -9999 -9999 -9999 -9999 -9999 -9999
-9999 -9999 -9999 -9999 -9999 66.82 -9999 -9999 -9999 -9999 70.65 68.38 71.93 -9999 -9999 -9999 -9999 -9999 -9999 -9999 -9999 -9999 -9999 72.09 68.22 82.18 89.48 97.75 104.25 114.84 97.79 70.75 56.30 48.56 59.78 71.32 96.59 125.16 131.17 116.43 91.74 57.87 48.24 36.40 28.94 27.32 26.79 21.87 21.09 23.05 18.68 15.65 15.02 -9999 -9999 -9999 -9999 -9999 -9999 -9999 -9999 -9999 -9999 -9999 -9999 -9999 -9999 -9999 -9999 -9999 -9999 -9999 -9999 -9999 -9999 -9999 -9999
-9999 -9999 -9999 -9999 -9999 71.30 -9999 -9999 -9999 -9999 -9999 -9999 -9999 -9999 -9999 -9999 -9999 -9999 -9999 -9999 -9999 -9999 -9999 71.36 76.46 86.66 94.66 85.23 130.85 162.45 125.05 85.28 57.01 52.96 39.76 41.12 70.82 92.06 112.86 93.93 104.97 88.43 53.34 44.32 33.16 23.86 24.10 23.44 25.45 22.46 21.04 17.96 17.14 15.45 -9999 -9999 -9999 -9999 -9999 -9999 -9999 -9999 -9999 -9999 -9999 -9999 -9999 -9999 -9999 -9999 -9999 -9999 -9999 -9999 -9999 -9999 -9999
-9999 -9999 -9999 -9999 -9999 -9999 -9999 -9999 -9999 -9999 -9999 -9999 -9999 -9999 -9999 -9999 -9999 -9999 -9999 -9999 -9999 -9999 64.26 68.78 89.46 99.67 114.90 111.99 158.42 145.96 161.54 98.88 70.75 53.39 48.82 39.30 57.80 96.08 94.62 78.91 85.45 77.67 61.50 41.51 28.60 26.02 21.61 21.51 20.84 18.29 22.45 20.44 18.15 15.34 -9999 -9999 -9999 -9999 -9999 -9999 -9999 -9999 -9999 -9999 -9999 -9999 -9999 -9999 -9999 -9999 -9999 -9999 -9999 -9999 -9999 -9999 -9999
-9999 -9999 -9999 -9999 -9999 -9999 -9999 -9999 -9999 -9999 -9999 -9999 -9999 -9999 -9999 -9999 -9999 -9999 -9999 -9999 -9999 -9999 75.47 95.22 111.09 141.45 160.64 143.68 113.80 129.10 121.37 110.33 89.80 69.33 56.85 47.41 47.27 59.77 88.75 81.56 83.42 72.47 61.28 35.13 25.15 17.92 18.47 21.72 20.36 21.66 19.33 19.70 16.29 16.90 16.99 15.69 14.70 -9999 -9999 -9999 -9999 -9999 -9999 -9999 -9999 -9999 -9999 -9999 -9999 -9999 -9999 -9999 -9999 -9999 -9999 -9999 -9999
-9999 -9999 -9999 -9999 -9999 -9999 -9999 -9999 -9999 -9999 -9999 -9999 -9999 -9999 -9999 -9999 -9999 -9999 -9999 -9999 -9999 -9999 66.82 84.56 111.78 122.19 147.87 190.70 182.20 156.53 149.17 129.16 124.07 93.85 68.21 58.65 37.34 39.32 54.57 45.71 64.81 84.17 49.39 41.26 30.01 23.18 20.47 21.34 22.48 19.78 19.06 18.69 19.03 17.36 27.71 23.87 24.17 17.03 16.94 -9999 -9999 -9999 -9999 -9999 -9999 -9999 -9999 -9999 -9999 -9999 -9999 -9999 -9999 -9999 -9999 -9999 -9999
-9999 -9999 -9999 -9999 -9999 -9999 -9999 -9999 -9999 -9999 -9999 -9999 -9999 -9999 -9999 -9999 -9999 -9999 -9999 -9999 -9999 -9999 56.13 95.42 136.37 194.29 288.19 326.48 212.43 182.53 180.68 173.48 139.07 130.80 104.66 77.25 54.03 57.51 50.28 36.70 51.01 52.97 47.14 36.80 24.31 25.53 21.17 23.00 23.12 19.86 16.63 16.07 20.79 24.36 34.69 41.51 32.14 30.23 26.06 21.83 17.73 -9999 -9999 -9999 -9999 -9999 -9999 -9999 -9999 -9999 -9999 -9999 -9999 -9999 -9999 -9999 -9999
-9999 -9999 -9999 -9999 -9999 -9999 -9999 -9999 -9999 -9999 -9999 -9999 -9999 -9999 -9999 -9999 -9999 -9999 -9999 -9999 -9999 -9999 61.37 75.51 106.10 168.13 253.08 346.28 429.24 203.97 187.09 149.50 174.58 161.11 123.25 97.14 79.28 69.33 57.92 77.03 71.22 69.40 62.74 52.67 37.82 24.67 24.43 22.37 22.29 21.15 20.25 15.56 19.86 32.53 39.47 42.85 26.63 35.27 28.48 26.61 19.89 21.70 -9999 -9999 -9999 -9999 -9999 -9999 -9999 -9999 -9999 -9999 -9999 -9999 -9999 -9999 -9999
-9999 -9999 -9999 -9999 -9999 -9999 -9999 -9999 -9999 -9999 68.84 57.60 50.16 -9999 -9999 -9999 -9999 -9999 -9999 -9999 -9999 -9999 -9999 53.25 85.03 123.68 164.59 181.27 217.02 180.85 125.52 115.05 151.41 135.65 120.62 109.14 102.77 92.87 95.04 94.17 88.96 96.20 71.03 52.23 41.74 33.02 24.21 22.63 22.72 21.58 20.66 21.67 29.06 42.14 41.28 42.36 40.53 40.31 38.89 29.13 28.68 24.22 19.44 -9999 -9999 -9999 -9999 -9999 -9999 -9999 -9999 -9999 -9999 -9999 -9999 -9999 -9999
-9999 -9999 -9999 -9999 -9999 -9999 -9999 -9999 -9999 -9999 61.87 76.06 -9999 -9999 -9999 -9999 -9999 -9999 -9999 -9999 -9999 -9999 -9999 -9999 77.87 106.67 126.66 158.19 213.15 183.47 227.66 109.10 92.78 106.47 109.38 83.84 128.48 142.68 136.10 127.08 100.69 96.82 55.81 54.71 37.94 37.53 25.57 22.25 21.99 21.80 19.41 24.63 34.93 41.30 42.05 35.92 35.01 35.98 36.24 31.41 30.25 27.50 27.98 -9999 -9999 -9999 -9999 -9999 -9999 -9999 -9999 -9999 -9999 -9999 -9999 -9999 -9999
-9999 -9999 -9999 -9999 -9999 -9999 -9999 -9999 -9999 65.71 87.43 91.68 80.11 -9999 -9999 -9999 -9999 -9999 -9999 -9999 -9999 -9999 -9999 -9999 68.11 93.93 120.70 136.85 134.24 142.61 119.42 101.24 93.55 79.02 82.59 93.99 96.19 140.48 119.06 120.47 96.11 89.53 84.54 55.30 45.23 31.07 23.37 21.99 23.20 23.59 19.56 27.32 32.72 38.22 43.30 40.82 37.37 35.16 29.35 29.79 31.58 27.48 30.37 22.75 -9999 -9999 -9999 -9999 -9999 -9999 -9999 -9999 -9999 -9999 -9999 -9999 -9999
-9999 -9999 -9999 -9999 -9999 -9999 -9999 -9999 68.43 96.11 100.52 119.71 83.93 -9999 -9999 -9999 -9999 -9999 -9999 -9999 -9999 -9999 -9999 -9999 73.52 85.56 89.91 93.31 104.50 97.11 102.27 88.84 81.19 75.65 82.80 88.90 122.13 134.78 132.00 136.88 112.85 78.88 74.15 47.56 43.20 28.57 22.49 22.63 21.89 20.44 20.99 23.71 30.04 40.61 40.44 33.03 29.65 26.54 26.62 28.73 32.20 26.22 26.44 24.13 -9999 -9999 -9999 -9999 -9999 -9999 -9999 -9999 -9999 -9999 -9999 -9999 -9999
-9999 -9999 -9999 -9999 -9999 -9999 -9999 52.32 61.64 105.03 92.04 71.21 -9999 -9999 -9999 -9999 -9999 -9999 -9999 -9999 -9999 -9999 -9999 -9999 -9999 76.19 77.88 64.51 86.32 84.35 74.26 66.65 60.93 66.63 75.97 86.97 94.60 129.26 158.02 146.13 130.98 102.09 95.13 72.77 52.99 32.50 31.02 23.52 22.44 18.98 18.87 20.28 22.77 33.72 33.09 27.61 22.78 22.29 17.64 19.97 22.34 24.50 27.35 27.73 21.22 17.43 -9999 -9999 -9999 -9999 -9999 -9999 -9999 -9999 -9999 -9999 -9999
-9999 -9999 -9999 -9999 -9999 -9999 -9999 59.63 73.40 79.12 63.35 62.29 -9999 -9999 -9999 -9999 -9999 -9999 -9999 -9999 -9999 -9999 -9999 -9999 -9999 -9999 60.00 49.73 59.50 63.92 64.60 60.64 60.61 63.09 77.21 82.67 99.07 115.45 157.31 137.22 121.55 107.09 96.18 76.31 49.71 39.03 31.04 24.30 21.06 18.66 18.84 18.48 23.33 26.48 26.77 25.11 24.47 21.27 19.49 19.02 19.95 25.81 31.08 33.80 25.44 20.70 -9999 -9999 -9999 -9999 -9999 -9999 -9999 -9999 -9999 -9999 -9999
-9999 -9999 -9999 -9999 -9999 -9999 -9999 59.62 62.05 62.88 61.08 -9999 -9999 -9999 -9999 -9999 -9999 -9999 -9999 -9999 -9999 -9999 -9999 -9999 -9999 -9999 46.51 45.70 57.43 -9999 55.89 -9999 41.95 49.32 53.72 55.85 63.31 67.42 96.39 104.64 147.34 102.11 71.10 82.89 75.90 50.26 35.80 23.98 22.16 18.00 18.07 17.31 20.75 24.54 26.00 27.66 24.53 26.59 23.26 19.92 21.58 26.88 29.73 28.99 27.71 25.43 25.31 23.83 -9999 -9999 -9999 -9999 -9999 -9999 -9999 -9999 -9999
-9999 -9999 -9999 -9999 -9999 -9999 51.33 62.59 52.89 -9999 -9999 -9999 -9999 -9999 -9999 -9999 -9999 -9999 -9999 -9999 -9999 -9999 -9999 -9999 -9999 -9999 45.52 43.29 50.49 -9999 -9999 -9999 41.81 53.60 48.24 44.44 55.45 69.44 66.59 50.21 98.24 98.42 70.71 69.09 63.45 43.47 39.48 26.77 23.86 18.23 17.28 17.67 18.11 19.60 23.30 25.79 25.20 24.88 25.42 23.44 22.92 30.78 32.53 31.23 25.30 21.82 23.20 21.82 -9999 -9999 -9999 -9999 -9999 -9999 -9999 -9999 -9999
-9999 -9999 -9999 -9999 -9999 -9999 -9999 -9999 -9999 -9999 -9999 -9999 -9999 -9999 -9999 -9999 -9999 -9999 -9999 -9999 -9999 -9999 -9999 -9999 -9999 -9999 -9999 -9999 -9999 -9999 -9999 39.82 39.00 52.13 64.43 55.56 97.15 92.43 48.43 61.43 80.87 75.92 62.10 54.14 51.75 51.68 45.68 31.71 24.56 19.62 18.36 19.69 19.72 19.46 22.51 24.62 25.99 26.21 27.40 30.65 29.01 34.09 31.36 32.77 25.18 22.44 22.14 -9999 -9999 -9999 -9999 -9999 -9999 -9999 -9999 -9999 -9999
-9999 -9999 -9999 -9999 -9999 -9999 -9999 -9999 -9999 -9999 -9999 -9999 -9999 -9999 -9999 -9999 -9999 -9999 -9999 -9999 -9999 -9999 -9999 -9999 -9999 -9999 -9999 -9999 -9999 -9999 -9999 38.06 37.30 48.14 80.49 97.67 135.43 107.00 79.30 56.36 53.19 43.98 49.74 60.46 50.17 45.43 46.57 33.06 24.82 22.30 21.75 20.15 19.77 19.98 21.89 23.68 26.02 29.04 30.26 39.83 37.34 30.47 27.83 18.43 20.89 21.94 19.29 -9999 -9999 -9999 -9999 -9999 -9999 -9999 -9999 -9999 -9999
-9999 -9999 -9999 -9999 -9999 -9999 -9999 -9999 -9999 -9999 -9999 -9999 -9999 -9999 -9999 -9999 -9999 -9999 -9999 -9999 -9999 -9999 -9999 -9999 -9999 -9999 -9999 -9999 -9999 -9999 -9999 38.37 40.44 52.99 68.60 103.25 101.76 90.56 62.19 53.36 52.49 42.96 45.15 40.73 35.15 39.10 34.88 30.59 22.45 20.71 20.43 21.56 24.57 20.98 20.86 20.83 26.10 31.71 33.25 46.76 48.36 32.13 25.29 23.60 21.06 24.12 22.79 -9999 -9999 -9999 -9999 -9999 -9999 -9999 -9999 -9999 -9999
-9999 -9999 -9999 -9999 -9999 -9999 -9999 -9999 -9999 -9999 -9999 -9999 -9999 -9999 -9999 -9999 -9999 -9999 -9999 -9999 -9999 -9999 -9999 -9999 -9999 -9999 -9999 -9999 -9999 34.22 38.79 37.77 37.26 49.82 71.17 101.48 91.81 85.27 56.43 43.11 44.93 38.69 43.24 35.36 39.09 33.62 28.14 21.53 21.38 17.32 20.79 23.60 24.11 22.43 21.05 21.03 28.13 30.16 31.62 39.51 44.97 27.80 23.34 21.35 20.74 22.29 21.01 20.40 -9999 -9999 -9999 -9999 -9999 -9999 -9999 -9999 -9999
-9999 -9999 -9999 -9999 -9999 -9999 -9999 -9999 -9999 -9999 -9999 -9999 -9999 -9999 -9999 -9999 -9999 -9999 -9999 -9999 -9999 -9999 -9999 -9999 -9999 -9999 -9999 -9999 -9999 35.92 34.62 36.43 42.33 48.87 67.32 69.16 68.57 62.29 57.98 79.90 60.69 53.33 47.71 44.58 35.03 25.33 27.16 26.02 20.97 17.22 20.85 29.29 27.71 23.22 22.13 22.43 25.19 27.69 27.34 28.20 27.69 24.96 23.08 21.99 20.69 20.18 19.72 20.07 -9999 -9999 -9999 -9999 -9999 -9999 -9999 -9999 -9999
-9999 -9999 -9999 -9999 -9999 -9999 -9999 -9999 -9999 -9999 -9999 -9999 -9999 -9999 -9999 -9999 -9999 -9999 -9999 -9999 -9999 -9999 -9999 -9999 -9999 -9999 -9999 -9999 -9999 34.88 34.66 37.26 41.21 47.68 57.15 49.70 63.69 61.55 56.39 56.84 56.88 43.95 62.33 43.83 40.54 29.76 29.92 23.73 17.50 19.48 22.82 26.84 26.30 24.38 22.59 23.06 23.47 25.27 24.57 26.84 23.99 23.00 23.93 21.45 18.20 16.21 18.56 20.25 21.17 -9999 -9999 -9999 -9999 -9999 -9999 -9999 -9999
-9999 -9999 -9999 -9999 -9999 -9999 -9999 -9999 -9999 -9999 -9999 -9999 -9999 -9999 -9999 -9999 -9999 -9999 -9999 -9999 -9999 -9999 -9999 -9999 -9999 -9999 -9999 -9999 -9999 27.83 33.57 36.41 37.98 42.14 49.03 47.48 55.38 67.39 53.07 55.14 49.21 57.64 59.30 62.45 52.66 37.76 30.88 26.45 21.58 19.03 21.68 24.63 23.58 23.55 23.18 22.12 23.10 22.54 20.26 18.14 18.43 20.57 24.64 20.63 19.73 17.29 17.10 21.50 23.38 21.30 -9999 -9999 -9999 -9999 -9999 -9999 -9999
-9999 -9999 -9999 -9999 -9999 -9999 -9999 -9999 -9999 -9999 -9999 -9999 -9999 -9999 -9999 -9999 -9999 -9999 -9999 -9999 -9999 -9999 -9999 -9999 -9999 -9999 -9999 -9999 -9999 29.37 31.67 34.29 36.30 38.70 47.87 47.45 54.94 57.04 55.07 68.02 71.81 73.68 65.63 59.57 36.22 38.79 30.56 28.02 24.60 22.05 22.41 21.98 22.10 21.66 22.51 22.50 24.18 22.05 21.21 20.01 21.56 21.62 23.25 21.77 21.71 19.95 17.47 18.24 21.93 22.52 -9999 -9999 -9999 -9999 -9999 -9999 -9999
-9999 -9999 -9999 -9999 -9999 -9999 -9999 -9999 -9999 -9999 -9999 -9999 -9999 -9999 -9999 -9999 -9999 -9999 -9999 -9999 -9999 -9999 -9999 -9999 -9999 -9999 -9999 -9999 -9999 -9999 34.99 33.63 33.83 29.71 46.31 62.83 67.44 62.56 66.06 68.51 78.27 74.76 70.15 66.00 40.55 36.64 28.94 18.52 24.02 22.92 21.92 23.20 21.75 21.23 22.57 23.14 23.40 22.35 21.56 20.52 20.09 22.09 21.76 21.67 18.32 17.80 -9999 18.24 23.92 25.43 24.81 -9999 -9999 -9999 -9999 -9999 -9999
-9999 -9999 -9999 -9999 -9999 -9999 -9999 -9999 -9999 -9999 -9999 -9999 -9999 -9999 -9999 -9999 -9999 -9999 -9999 -9999 -9999 -9999 -9999 -9999 -9999 -9999 -9999 -9999 -9999 29.12 32.25 25.88 30.97 38.83 40.55 64.26 77.79 80.61 85.88 80.82 83.78 78.88 84.68 79.95 64.47 45.22 31.21 29.30 25.34 22.87 23.89 24.99 22.63 20.35 23.68 27.23 26.90 24.01 22.54 21.22 24.17 23.53 22.74 25.54 20.40 18.97 18.92 -9999 21.75 23.17 22.64 23.04 -9999 -9999 -9999 -9999 -9999
-9999 -9999 -9999 -9999 -9999 -9999 -9999 -9999 -9999 -9999 -9999 -9999 -9999 -9999 -9999 -9999 -9999 -9999 -9999 -9999 -9999 -9999 -9999 -9999 -9999 -9999 -9999 -9999 -9999 28.30 31.32 30.86 36.29 43.83 42.58 45.72 53.90 63.09 62.67 63.72 67.37 55.05 63.00 75.20 67.23 46.12 36.14 26.55 27.17 29.29 26.07 27.24 28.75 25.80 28.41 30.54 29.00 25.37 24.31 21.11 21.45 23.85 23.88 21.97 21.16 21.11 20.26 19.55 -9999 -9999 -9999 -9999 -9999 -9999 -9999 -9999 -9999
-9999 -9999 -9999 -9999 -9999 -9999 -9999 -9999 -9999 -9999 -9999 -9999 -9999 -9999 -9999 -9999 -9999 -9999 -9999 -9999 -9999 -9999 -9999 -9999 -9999 -9999 -9999 -9999 32.00 38.69 35.95 38.95 40.97 43.27 39.51 47.64 48.06 50.84 51.56 53.55 58.72 63.99 64.85 69.27 68.77 67.97 61.56 39.66 29.39 26.96 22.90 27.05 28.44 26.06 28.30 28.19 28.28 25.25 24.10 20.72 22.07 24.35 25.73 23.15 21.62 20.46 22.81 20.10 19.37 20.39 -9999 -9999 -9999 -9999 -9999 -9999 -9999
-9999 -9999 -9999 -9999 -9999 -9999 -9999 -9999 -9999 -9999 -9999 -9999 -9999 -9999 -9999 -9999 -9999 -9999 -9999 -9999 -9999 -9999 -9999 -9999 -9999 -9999 -9999 -9999 -9999 29.33 38.09 39.29 37.54 45.75 39.94 43.41 40.09 44.69 49.00 48.80 51.67 54.77 62.38 81.44 90.58 92.80 81.05 54.95 44.04 32.29 28.09 22.49 23.98 26.57 26.77 27.45 26.31 20.88 19.68 19.59 23.30 25.10 24.09 23.25 20.76 20.49 22.16 22.60 20.48 19.04 20.88 23.85 -9999 -9999 -9999 -9999 -9999
