Rainfall_2007-2011/Rainfall_2008-08_ACTUAL.txt
ncols         180
nrows         290
xllcorner     -200000
yllcorner     -200000
cellsize      5000
NODATA_value  -9999
[rows 165 to 197 of 290, columns 75 to 149 of 180]
-9999 -9999 -9999 -9999 -9999 -9999 -9999 -9999 -9999 -9999 -9999 -9999 -9999 -9999 -9999 -9999 -9999 -9999 -9999 -9999 -9999 -9999 -9999 -9999 -9999 -9999 -9999 -9999 -9999 -9999 -9999 -9999 90.79 102.34 100.07 116.82 122.45 155.61 156.58 167.05 171.64 156.27 179.34 174.68 183.81 159.45 125.42 110.39 119.52 114.82 104.82 104.12 106.28 112.78 116.10 112.61 122.57 108.25 103.90 99.45 95.53 91.70 85.09 97.79 77.31 80.20 74.49 67.73 -9999 82.96 75.27 70.08 76.39 -9999 -9999
-9999 -9999 -9999 -9999 -9999 -9999 -9999 -9999 -9999 -9999 -9999 -9999 -9999 -9999 -9999 -9999 -9999 -9999 -9999 -9999 -9999 -9999 -9999 -9999 -9999 -9999 -9999 -9999 -9999 -9999 -9999 77.95 93.79 96.91 102.66 115.73 109.65 169.04 209.22 149.96 193.52 170.56 189.77 180.09 204.82 176.21 153.09 117.59 100.02 118.53 102.89 99.55 107.02 112.35 106.65 115.26 107.06 97.71 105.38 99.08 99.27 96.87 100.48 100.64 82.14 75.58 80.95 73.95 81.24 -9999 79.66 76.53 81.00 83.57 -9999
-9999 -9999 -9999 -9999 -9999 -9999 -9999 -9999 -9999 -9999 -9999 -9999 -9999 -9999 -9999 -9999 -9999 -9999 -9999 -9999 -9999 -9999 -9999 -9999 -9999 -9999 -9999 -9999 -9999 -9999 -9999 75.30 114.72 105.92 104.82 121.67 128.39 141.56 159.20 144.17 149.44 163.24 160.56 145.45 165.06 173.58 154.03 115.93 113.57 115.23 91.20 104.02 108.01 116.35 112.84 109.77 91.31 85.68 100.05 89.42 100.55 101.10 99.11 107.53 97.66 73.87 84.68 87.74 88.99 90.87 -9999 -9999 -9999 -9999 -9999
-9999 -9999 -9999 -9999 -9999 -9999 -9999 -9999 -9999 -9999 -9999 -9999 -9999 -9999 -9999 -9999 -9999 -9999 -9999 -9999 -9999 -9999 -9999 -9999 -9999 -9999 -9999 -9999 -9999 -9999 90.17 97.62 103.83 110.40 101.16 102.16 119.88 132.83 132.31 130.59 130.45 144.44 133.25 140.27 170.87 192.60 194.70 144.21 130.24 102.90 74.76 79.40 79.06 89.48 113.62 107.29 100.39 83.34 73.71 86.56 97.61 117.52 112.13 106.52 109.72 98.46 102.22 101.81 104.06 96.42 89.87 88.28 -9999 -9999 -9999
-9999 -9999 -9999 -9999 -9999 -9999 -9999 -9999 -9999 -9999 -9999 -9999 -9999 -9999 -9999 -9999 -9999 -9999 -9999 -9999 -9999 -9999 -9999 -9999 -9999 -9999 -9999 -9999 -9999 -9999 -9999 87.38 97.84 107.09 106.26 122.75 110.79 118.29 108.08 118.19 121.30 122.03 126.93 131.10 147.95 188.90 186.60 172.41 124.59 100.61 95.75 82.06 82.72 64.07 75.58 87.92 85.77 79.01 87.25 105.38 143.55 149.53 145.16 119.49 107.31 101.01 99.72 113.02 109.26 105.52 91.22 85.74 85.35 86.46 -9999
-9999 -9999 -9999 -9999 -9999 -9999 -9999 -9999 -9999 -9999 -9999 -9999 -9999 -9999 -9999 -9999 -9999 -9999 -9999 -9999 -9999 -9999 -9999 -9999 -9999 -9999 -9999 -9999 -9999 -9999 -9999 85.62 107.13 106.57 109.50 106.54 106.18 102.33 97.15 104.70 105.71 103.52 107.56 110.47 126.94 134.65 178.39 179.39 165.19 114.49 97.40 87.51 78.36 74.75 68.85 78.41 78.56 78.07 76.94 97.91 104.15 127.99 113.26 116.39 101.79 95.99 91.35 82.08 117.26 113.47 94.50 85.74 86.53 84.07 -9999
-9999 -9999 -9999 -9999 -9999 -9999 -9999 -9999 -9999 -9999 -9999 78.46 84.09 100.39 105.59 -9999 -9999 -9999 -9999 -9999 -9999 -9999 -9999 -9999 -9999 -9999 -9999 -9999 -9999 -9999 88.55 100.60 102.06 104.69 112.82 97.40 86.42 92.29 91.01 86.00 75.78 98.36 105.31 108.33 119.95 153.59 174.54 167.76 136.53 139.43 112.09 77.17 82.85 60.87 79.44 77.74 72.41 76.60 71.70 74.44 93.57 107.62 113.59 90.41 90.78 88.20 88.10 103.78 130.80 130.53 119.98 92.47 87.88 86.52 92.35
-9999 -9999 -9999 -9999 -9999 -9999 -9999 -9999 -9999 -9999 -9999 102.33 109.60 102.28 95.60 -9999 -9999 -9999 -9999 -9999 -9999 -9999 -9999 -9999 -9999 -9999 -9999 -9999 -9999 75.92 95.16 87.92 88.58 98.99 91.53 83.28 67.90 81.71 82.99 75.73 87.44 99.59 101.76 115.59 114.79 124.97 151.10 178.06 139.10 116.39 95.19 93.51 75.05 63.55 56.33 69.69 67.55 63.18 73.19 66.06 87.90 76.36 75.06 75.49 78.54 79.93 89.93 103.34 123.85 138.54 111.73 102.61 101.60 102.92 93.81
-9999 -9999 -9999 -9999 -9999 -9999 -9999 -9999 -9999 72.32 85.53 96.76 113.81 104.23 108.58 98.27 71.82 79.63 -9999 -9999 77.70 71.17 -9999 -9999 -9999 50.85 53.42 56.73 -9999 68.41 96.64 82.52 74.98 78.75 82.05 81.14 79.60 86.41 78.69 87.44 84.61 96.37 91.87 94.95 140.71 118.14 130.24 152.16 106.51 112.33 139.02 84.74 91.51 68.25 62.39 61.12 61.70 58.60 70.18 74.20 79.09 74.25 62.49 69.53 70.20 75.96 80.67 84.22 111.45 113.98 100.81 107.43 98.93 101.13 76.47
-9999 -9999 -9999 -9999 -9999 -9999 -9999 -9999 -9999 -9999 87.17 88.83 113.86 118.34 130.10 117.52 100.37 83.51 -9999 79.11 90.99 81.35 64.98 61.13 60.80 64.89 71.86 66.45 67.96 -9999 57.18 58.14 62.95 64.84 71.49 76.60 73.99 73.77 74.80 79.04 91.04 93.40 106.34 105.30 140.93 158.69 126.21 131.00 102.50 131.49 99.18 94.43 84.26 76.42 75.51 72.91 61.71 65.80 78.68 71.74 75.27 75.58 72.62 65.63 69.71 72.37 78.16 84.79 101.67 106.37 103.25 114.21 95.24 86.63 90.01
-9999 -9999 -9999 -9999 -9999 -9999 -9999 -9999 -9999 -9999 -9999 90.62 115.32 131.72 143.07 132.48 108.21 104.04 89.88 166.83 102.33 101.20 103.74 100.56 82.59 73.71 57.43 81.27 78.38 77.81 51.54 51.70 62.37 65.01 69.45 72.14 76.08 68.67 74.09 74.07 86.85 94.60 106.82 105.09 139.69 149.07 137.21 117.88 103.95 108.07 93.42 93.63 77.86 77.46 69.63 72.38 72.86 74.49 68.69 69.48 66.95 64.68 69.86 73.20 68.66 68.29 74.46 78.37 97.34 99.58 98.79 107.94 93.71 88.87 86.73
-9999 -9999 -9999 -9999 -9999 -9999 -9999 -9999 -9999 -9999 -9999 -9999 125.46 126.61 124.72 143.27 185.06 210.38 266.89 208.68 114.37 120.36 111.93 115.80 93.75 66.96 59.26 103.11 80.14 60.76 51.89 48.86 51.81 56.42 63.68 71.27 89.26 80.52 91.33 73.96 83.34 88.78 98.49 114.03 126.43 114.27 120.93 135.49 132.61 91.73 102.97 110.66 78.16 74.99 78.56 81.98 72.24 79.99 67.05 66.34 62.15 61.47 68.65 71.09 66.78 68.68 74.46 73.33 80.21 91.54 85.82 99.59 87.01 78.14 78.55
-9999 -9999 -9999 -9999 -9999 -9999 -9999 -9999 -9999 -9999 -9999 -9999 -9999 148.58 152.83 228.68 249.12 338.19 382.63 306.47 178.65 159.12 142.45 140.65 110.61 89.19 73.67 70.07 91.35 70.55 55.98 87.41 50.78 61.52 64.31 69.16 70.36 72.40 72.73 82.01 87.94 93.13 103.63 113.44 130.84 127.53 111.48 109.75 134.17 117.16 189.29 123.28 82.63 80.19 84.04 86.28 79.93 70.28 64.15 69.72 62.74 63.38 65.99 59.22 65.08 69.56 70.31 70.47 74.65 68.38 73.15 74.82 67.83 69.09 70.24
-9999 -9999 -9999 -9999 -9999 -9999 -9999 -9999 -9999 -9999 -9999 -9999 -9999 160.20 170.25 301.95 341.14 514.78 535.62 298.09 184.26 142.15 183.53 169.93 152.21 107.44 90.04 65.73 72.98 86.39 68.02 75.57 49.22 58.84 65.42 69.51 72.73 71.03 65.38 77.44 84.50 93.03 109.04 122.00 114.00 110.20 118.10 128.16 128.02 110.01 102.83 96.20 80.99 75.16 84.53 77.48 68.75 70.98 65.19 59.15 51.68 52.22 62.62 62.76 60.60 73.57 71.83 73.10 68.62 55.41 65.07 63.94 69.80 67.75 64.60
-9999 -9999 -9999 -9999 -9999 -9999 -9999 -9999 -9999 -9999 -9999 -9999 -9999 213.20 277.10 361.86 408.61 569.34 452.77 317.68 244.56 152.97 177.02 175.04 156.35 139.43 100.05 78.35 91.12 93.26 80.86 72.70 76.17 62.60 64.86 79.90 79.17 83.51 74.20 78.48 79.03 96.90 103.88 108.86 116.15 120.14 118.55 116.22 114.55 98.82 108.66 128.11 75.86 81.82 83.33 75.48 74.05 70.88 74.04 53.53 51.80 57.54 58.96 62.90 71.99 65.66 89.10 76.42 66.61 73.28 67.97 56.76 67.77 60.29 64.82
-9999 -9999 -9999 -9999 -9999 -9999 -9999 -9999 -9999 -9999 -9999 -9999 180.37 355.97 288.25 387.16 480.53 377.30 452.33 386.22 284.50 230.80 211.60 161.44 154.57 99.07 111.58 109.60 101.17 97.23 85.08 78.96 95.83 75.52 82.01 80.05 75.63 78.39 80.14 82.12 94.15 100.50 103.12 112.64 111.44 88.13 124.28 125.72 101.24 106.64 99.83 91.76 77.06 69.41 76.80 86.78 78.30 72.88 68.27 59.54 60.30 59.79 65.75 67.45 69.47 62.29 78.47 76.74 68.02 66.06 68.85 81.94 60.06 50.46 -9999
-9999 -9999 -9999 -9999 -9999 -9999 -9999 -9999 -9999 -9999 136.92 152.50 175.44 214.58 225.04 257.32 305.32 263.04 320.22 302.06 291.43 260.09 230.56 181.74 160.00 105.51 115.79 112.89 72.78 78.27 77.93 81.11 73.81 73.93 92.95 89.96 77.92 80.98 90.60 89.37 95.55 102.14 95.80 106.36 110.07 104.59 103.44 91.14 104.54 93.75 81.69 88.25 81.98 79.96 76.03 81.92 63.72 56.75 65.34 56.36 70.11 79.01 72.81 76.53 86.41 78.94 75.73 76.94 70.72 73.00 74.29 71.40 71.38 -9999 -9999
-9999 -9999 -9999 -9999 -9999 -9999 -9999 -9999 -9999 125.50 135.57 148.18 158.54 174.57 149.67 182.77 186.82 197.92 221.95 268.57 267.52 320.33 196.51 121.64 131.46 101.99 138.80 134.36 109.18 84.41 83.57 80.97 75.49 77.85 86.72 90.09 81.67 84.44 87.53 93.43 97.73 90.37 94.93 109.22 109.95 106.79 76.97 76.49 89.22 79.98 79.05 80.38 80.56 79.64 78.67 73.75 56.88 54.76 59.61 55.54 63.50 73.16 80.29 84.15 107.55 79.58 87.33 79.15 70.87 66.24 72.85 77.68 72.11 -9999 -9999
-9999 -9999 -9999 -9999 -9999 -9999 -9999 -9999 110.53 149.14 155.02 152.51 -9999 -9999 -9999 -9999 172.92 232.39 293.44 288.49 273.34 235.82 200.24 181.56 172.77 129.69 183.24 145.90 109.73 105.85 86.96 74.96 78.83 86.02 78.92 77.83 86.41 77.67 81.68 88.63 93.84 90.75 88.31 96.51 113.69 115.94 78.35 68.16 75.50 78.54 71.04 70.92 77.58 66.28 72.92 73.82 73.63 63.85 68.07 58.36 68.96 81.89 88.76 86.06 83.05 71.49 73.40 78.96 75.83 77.59 86.72 80.96 70.01 73.00 -9999
-9999 -9999 -9999 -9999 -9999 -9999 -9999 -9999 112.79 150.22 132.46 119.92 -9999 -9999 -9999 -9999 141.44 198.57 314.42 246.07 281.17 278.24 252.44 229.11 219.63 142.27 161.47 102.95 106.85 94.39 79.60 72.31 85.39 77.76 83.79 84.26 90.79 71.24 76.53 90.17 84.22 101.79 90.36 93.36 94.45 94.41 88.11 84.78 84.18 71.95 66.42 67.74 71.90 71.47 65.25 68.19 78.24 68.39 75.38 74.88 96.63 95.89 100.88 87.33 80.42 84.03 74.31 77.51 75.86 80.26 91.80 79.45 70.50 65.99 67.44
-9999 -9999 -9999 -9999 -9999 -9999 -9999 -9999 -9999 -9999 -9999 -9999 -9999 -9999 -9999 -9999 123.25 209.57 243.20 229.59 260.43 252.00 286.35 236.54 172.46 161.74 144.05 113.29 101.60 83.10 74.23 65.13 70.97 72.49 83.99 104.73 103.51 73.63 68.76 81.70 98.24 102.68 92.40 107.69 100.71 91.46 80.94 85.93 82.21 69.26 75.27 83.10 73.52 71.55 74.40 81.27 83.70 70.42 75.45 80.01 90.69 92.78 91.91 74.59 84.97 72.37 70.77 82.88 80.92 80.49 70.58 69.90 61.82 63.73 67.38
-9999 -9999 -9999 -9999 -9999 -9999 -9999 -9999 -9999 -9999 -9999 -9999 -9999 -9999 -9999 -9999 -9999 210.22 182.20 214.97 256.93 293.12 276.33 247.94 192.42 147.70 122.63 111.05 79.40 74.01 61.82 58.81 62.88 61.05 65.74 86.04 89.44 93.23 81.71 77.77 87.51 95.72 99.83 86.64 101.22 100.08 80.91 81.84 74.18 77.63 80.56 82.26 83.85 80.06 86.05 104.45 88.19 75.46 75.56 74.80 78.73 71.33 87.07 79.31 76.23 76.51 78.06 96.56 86.04 80.14 71.85 59.23 55.39 65.36 65.75
-9999 -9999 -9999 -9999 -9999 -9999 -9999 -9999 -9999 -9999 -9999 -9999 -9999 -9999 -9999 -9999 -9999 167.10 280.29 443.44 297.24 263.28 229.23 205.09 155.40 133.52 110.50 90.09 95.91 92.25 66.81 58.98 58.33 54.42 52.17 79.53 78.30 73.67 80.28 88.45 98.98 100.79 99.39 103.01 98.07 98.46 83.11 72.69 87.86 82.97 77.37 81.86 92.41 95.63 106.45 96.71 81.95 73.94 78.96 78.54 79.40 73.98 84.85 88.99 80.55 85.32 82.14 80.54 78.00 74.05 66.51 64.83 55.47 57.54 52.11
-9999 -9999 -9999 -9999 -9999 -9999 -9999 -9999 -9999 -9999 -9999 -9999 -9999 -9999 -9999 -9999 179.84 199.92 247.59 326.21 278.02 206.40 217.82 205.64 151.71 145.11 107.27 80.69 87.98 60.64 85.08 66.42 54.61 62.06 72.81 81.81 82.76 90.94 102.44 87.41 92.21 94.60 93.14 95.08 94.94 92.05 83.60 82.30 90.00 86.52 76.08 80.65 79.99 79.87 100.10 85.79 81.75 75.50 80.61 76.39 85.14 116.43 105.37 95.99 91.73 73.74 73.16 72.59 70.62 67.80 63.76 67.11 58.97 59.03 52.69
-9999 -9999 -9999 -9999 -9999 -9999 -9999 -9999 -9999 -9999 -9999 -9999 -9999 -9999 -9999 -9999 143.29 168.62 257.72 222.44 203.15 165.38 175.44 187.17 165.62 125.32 93.39 75.39 79.97 60.34 62.91 65.58 74.87 81.31 83.21 85.77 84.69 93.32 111.20 90.74 90.38 91.92 92.47 86.92 101.84 88.93 87.25 86.42 86.17 84.72 81.67 84.98 79.20 79.92 94.73 87.16 77.95 72.76 85.03 87.29 79.84 105.40 110.83 103.34 84.54 61.50 65.29 73.73 64.01 70.23 61.49 56.63 59.63 60.46 58.97
-9999 -9999 -9999 -9999 -9999 -9999 -9999 -9999 -9999 -9999 -9999 -9999 -9999 -9999 -9999 -9999 105.31 128.19 149.16 189.16 168.89 163.18 163.89 185.86 141.10 123.93 82.55 73.62 71.67 64.36 64.16 76.48 99.52 128.58 106.10 104.53 103.93 102.46 115.03 91.41 96.25 87.27 92.31 98.08 100.57 95.58 97.31 93.43 93.92 88.44 99.89 99.00 87.37 93.15 77.11 66.21 67.96 72.94 77.07 82.88 86.18 93.00 89.24 94.47 86.09 78.02 59.01 61.32 56.22 55.88 66.24 62.00 60.53 62.74 61.35
-9999 -9999 -9999 -9999 -9999 -9999 -9999 -9999 -9999 -9999 -9999 -9999 -9999 -9999 -9999 -9999 -9999 127.71 179.29 215.46 225.89 228.11 163.74 164.14 113.95 77.92 75.13 58.96 64.17 67.39 58.15 70.14 87.06 137.37 115.63 101.97 91.39 109.35 115.31 93.55 101.91 97.01 102.65 109.66 102.20 91.27 87.38 91.48 96.23 102.06 104.10 94.98 83.12 81.13 82.18 70.80 74.79 82.13 76.31 82.66 79.00 88.95 84.45 87.76 85.22 72.43 62.49 67.12 62.90 61.91 62.03 54.26 59.45 61.33 57.06
-9999 -9999 -9999 -9999 -9999 -9999 -9999 -9999 -9999 -9999 -9999 -9999 -9999 -9999 -9999 -9999 -9999 144.72 196.23 236.66 236.41 291.95 254.52 172.77 120.02 84.65 87.43 87.97 97.30 88.56 84.68 75.18 96.58 134.02 128.34 115.12 126.84 122.18 112.07 105.48 116.11 113.20 104.27 106.15 110.16 95.62 90.19 88.67 86.11 91.47 100.03 98.27 88.61 85.87 90.14 89.98 88.88 92.77 85.68 78.92 98.90 92.60 87.25 83.98 89.70 77.17 67.72 72.73 71.92 66.75 63.58 61.84 60.78 61.64 54.64
-9999 -9999 -9999 -9999 -9999 -9999 -9999 -9999 -9999 -9999 -9999 -9999 -9999 -9999 -9999 -9999 131.34 115.60 172.18 221.15 230.35 272.98 242.91 151.53 146.21 164.83 128.17 110.14 113.67 88.60 99.39 118.52 154.26 114.97 120.70 126.82 131.68 136.34 117.42 97.50 109.17 101.80 108.24 114.12 115.82 109.33 103.31 93.62 88.66 85.22 104.17 103.36 93.52 90.44 85.78 89.42 93.93 96.49 100.21 107.53 103.93 90.38 86.97 89.84 86.78 74.73 77.58 81.97 74.03 66.64 65.08 63.73 62.85 65.41 59.52
-9999 -9999 -9999 -9999 -9999 -9999 -9999 -9999 -9999 -9999 -9999 -9999 -9999 -9999 -9999 -9999 136.11 134.24 152.72 166.14 235.75 264.88 221.08 169.42 119.99 118.44 133.52 138.21 142.61 108.66 135.08 142.01 124.94 131.26 108.35 110.74 105.39 143.67 112.96 94.11 95.23 94.31 105.00 101.85 131.62 124.99 114.68 102.78 98.30 94.62 110.70 83.13 90.93 90.91 83.34 87.83 90.69 96.34 98.71 105.56 100.99 87.14 84.10 83.54 88.35 75.74 77.85 79.16 76.02 73.93 70.42 69.77 66.63 62.66 58.53
-9999 -9999 -9999 -9999 -9999 -9999 -9999 -9999 -9999 -9999 -9999 -9999 -9999 -9999 -9999 -9999 130.17 135.44 135.28 121.19 220.93 237.69 198.91 164.22 120.80 113.91 129.26 129.76 151.09 126.88 127.10 110.19 108.48 98.24 134.39 108.09 98.80 105.92 97.76 100.51 89.34 82.81 95.80 111.64 105.94 111.38 119.60 105.74 101.81 107.09 104.41 91.82 97.04 104.27 112.34 96.50 90.91 83.77 103.70 94.33 91.76 90.16 82.41 85.31 76.39 79.49 77.51 73.44 72.39 68.08 69.80 66.24 67.04 61.48 59.51
-9999 -9999 -9999 -9999 -9999 -9999 -9999 -9999 -9999 -9999 -9999 -9999 -9999 -9999 -9999 132.58 149.75 175.33 168.02 114.69 173.14 196.05 191.87 159.58 124.14 118.17 120.21 124.04 189.87 149.16 114.77 123.20 112.20 104.79 105.94 95.82 80.59 89.43 104.46 91.62 88.31 88.75 97.19 101.41 98.31 103.60 103.86 104.49 101.41 100.67 97.47 95.56 92.50 82.37 71.43 70.92 86.59 94.33 93.25 89.68 92.90 92.30 84.40 76.99 91.04 76.77 70.79 76.09 71.77 68.61 60.01 58.88 52.34 57.30 60.83
-9999 -9999 -9999 -9999 -9999 -9999 -9999 -9999 -9999 -9999 -9999 -9999 -9999 -9999 112.62 142.13 154.43 155.18 153.27 167.88 204.67 216.60 180.64 191.49 142.93 152.57 138.47 117.06 151.78 122.48 122.12 107.06 95.64 98.00 114.22 90.10 113.74 114.60 114.39 87.69 103.89 96.33 98.37 101.43 96.93 97.83 101.46 95.04 93.77 96.11 94.15 98.05 95.71 100.52 86.70 74.28 79.87 84.62 89.42 87.29 91.90 88.53 88.05 88.43 98.23 82.17 77.78 79.18 75.97 77.33 67.19 56.16 54.36 61.23 64.33
