Rainfall_2007-2011/Rainfall_2007-03_ACTUAL.txt
ncols         180
nrows         290
xllcorner     -200000
yllcorner     -200000
cellsize      5000
NODATA_value  -9999
[rows 136 to 169 of 290, columns 76 to 151 of 180]
-9999 -9999 -9999 79.23 85.44 87.76 104.78 107.28 118.37 111.02 105.50 116.49 133.84 154.94 214.57 178.41 149.59 119.29 112.50 89.84 84.81 90.41 105.06 90.62 89.43 67.01 52.75 52.60 54.23 51.70 43.89 43.51 49.11 50.91 46.47 50.39 52.37 53.01 49.95 46.87 44.79 34.26 39.04 36.41 27.54 23.59 24.64 23.45 24.12 22.93 28.19 26.83 -9999 -9999 -9999 -9999 -9999 -9999 -9999 -9999 -9999 -9999 -9999 -9999 -9999 -9999 -9999 -9999 -9999 -9999 -9999 -9999 -9999 -9999 -9999 -9999
-9999 -9999 -9999 72.81 79.06 75.42 85.86 83.41 95.57 93.13 90.13 100.88 110.42 130.04 159.72 146.63 134.92 111.58 92.21 89.00 86.85 91.09 116.81 102.29 -9999 -9999 -9999 51.32 46.34 -9999 45.61 50.16 51.37 55.07 47.29 54.14 65.11 50.54 47.43 51.70 44.67 40.05 38.61 28.66 21.53 24.94 24.55 28.49 22.09 23.09 26.50 27.95 -9999 -9999 -9999 -9999 -9999 -9999 -9999 -9999 -9999 -9999 -9999 -9999 -9999 -9999 -9999 -9999 -9999 -9999 -9999 -9999 -9999 -9999 -9999 -9999
-9999 -9999 -9999 62.31 73.21 68.80 70.92 76.93 84.97 90.00 88.72 89.35 103.50 111.64 143.46 125.95 128.49 107.18 88.08 93.08 80.65 85.92 80.49 86.22 -9999 -9999 -9999 56.33 47.89 43.65 47.68 48.65 51.70 59.23 60.30 67.76 81.27 65.03 67.49 55.04 43.68 48.00 43.29 34.22 28.99 33.03 27.42 27.50 34.38 30.24 27.32 29.07 -9999 -9999 -9999 -9999 -9999 -9999 -9999 -9999 -9999 -9999 -9999 -9999 -9999 -9999 -9999 -9999 -9999 -9999 -9999 -9999 -9999 -9999 -9999 -9999
-9999 -9999 -9999 -9999 61.98 66.62 63.10 -9999 82.37 87.60 85.27 87.14 91.69 -9999 100.04 89.48 97.39 78.84 71.49 71.24 68.08 64.30 -9999 -9999 -9999 -9999 54.86 49.30 53.27 44.42 40.85 49.22 54.39 73.99 65.65 72.76 94.70 80.18 83.98 65.53 61.48 55.21 39.90 43.50 40.73 33.17 30.82 25.10 31.28 28.85 33.35 30.68 26.52 -9999 -9999 -9999 -9999 -9999 -9999 -9999 -9999 -9999 -9999 -9999 -9999 -9999 -9999 -9999 -9999 -9999 -9999 -9999 -9999 -9999 -9999 -9999
-9999 -9999 -9999 -9999 -9999 62.92 -9999 -9999 -9999 73.25 69.72 76.16 88.97 78.98 -9999 -9999 73.57 65.58 61.42 65.93 -9999 -9999 -9999 -9999 -9999 57.37 57.41 55.62 61.78 59.28 51.81 57.94 67.80 72.62 63.92 75.81 82.67 97.18 80.27 81.47 80.41 89.67 60.33 52.87 49.30 39.12 26.97 24.56 26.85 24.58 30.26 34.39 34.10 -9999 -9999 -9999 -9999 -9999 -9999 -9999 -9999 -9999 -9999 -9999 -9999 -9999 -9999 -9999 -9999 -9999 -9999 -9999 -9999 -9999 -9999 -9999
-9999 -9999 -9999 -9999 -9999 59.39 55.27 -9999 -9999 -9999 61.88 68.89 82.34 84.42 -9999 -9999 -9999 -9999 56.25 -9999 -9999 -9999 -9999 -9999 -9999 54.02 57.92 69.58 67.96 77.99 83.70 86.76 80.43 74.49 81.39 71.92 72.94 76.09 90.61 94.73 95.33 87.34 60.62 59.01 59.51 39.18 25.81 27.63 23.64 22.88 25.50 33.11 28.25 -9999 -9999 -9999 -9999 -9999 -9999 -9999 -9999 -9999 -9999 -9999 -9999 -9999 -9999 -9999 -9999 -9999 -9999 -9999 -9999 -9999 -9999 -9999
-9999 -9999 -9999 -9999 -9999 -9999 60.47 -9999 -9999 -9999 -9999 61.13 63.46 67.95 -9999 -9999 -9999 -9999 -9999 -9999 -9999 -9999 -9999 -9999 71.36 62.11 79.42 82.62 95.85 115.71 129.21 115.66 100.55 80.08 75.63 95.40 95.46 107.77 121.29 124.32 98.98 80.43 61.20 53.00 41.36 31.24 32.36 32.73 25.87 23.92 29.22 35.68 32.77 25.62 -9999 -9999 -9999 -9999 -9999 -9999 -9999 -9999 -9999 -9999 -9999 -9999 -9999 -9999 -9999 -9999 -9999 -9999 -9999 -9999 -9999 -9999
-9999 -9999 -9999 -9999 -9999 -9999 65.73 -9999 -9999 -9999 -9999 -9999 -9999 -9999 -9999 -9999 -9999 -9999 -9999 -9999 -9999 -9999 -9999 -9999 75.86 78.39 87.77 90.27 90.97 153.64 192.18 144.53 112.75 85.37 88.44 64.96 61.00 95.44 101.43 113.11 89.97 97.07 81.97 51.13 45.06 37.84 28.11 30.17 29.67 28.45 23.76 30.43 30.72 25.61 21.56 -9999 -9999 -9999 -9999 -9999 -9999 -9999 -9999 -9999 -9999 -9999 -9999 -9999 -9999 -9999 -9999 -9999 -9999 -9999 -9999 -9999
-9999 -9999 -9999 -9999 -9999 -9999 -9999 -9999 -9999 -9999 -9999 -9999 -9999 -9999 -9999 -9999 -9999 -9999 -9999 -9999 -9999 -9999 -9999 68.52 74.42 98.76 105.29 125.11 126.95 182.25 176.39 169.24 123.83 103.31 81.62 72.67 50.93 74.86 115.97 100.71 79.30 75.84 60.19 54.89 42.72 34.59 33.77 28.57 30.19 28.30 22.71 29.44 30.26 27.02 21.98 -9999 -9999 -9999 -9999 -9999 -9999 -9999 -9999 -9999 -9999 -9999 -9999 -9999 -9999 -9999 -9999 -9999 -9999 -9999 -9999 -9999
-9999 -9999 -9999 -9999 -9999 -9999 -9999 -9999 -9999 -9999 -9999 -9999 -9999 -9999 -9999 -9999 -9999 -9999 -9999 -9999 -9999 -9999 -9999 81.73 102.26 117.28 164.64 187.81 162.61 130.06 159.87 191.46 150.40 129.46 108.52 86.52 68.60 66.61 70.58 101.87 89.54 72.50 51.29 51.63 36.11 30.85 31.43 24.52 32.46 30.58 32.02 27.53 29.02 24.35 24.87 20.89 16.68 20.33 -9999 -9999 -9999 -9999 -9999 -9999 -9999 -9999 -9999 -9999 -9999 -9999 -9999 -9999 -9999 -9999 -9999 -9999
-9999 -9999 -9999 -9999 -9999 -9999 -9999 -9999 -9999 -9999 -9999 -9999 -9999 -9999 -9999 -9999 -9999 -9999 -9999 -9999 -9999 -9999 -9999 76.24 96.70 108.11 119.42 193.52 217.60 205.11 182.20 209.78 173.88 179.90 141.69 112.68 93.58 62.36 48.65 71.02 58.20 66.06 63.33 49.07 38.40 37.63 33.24 30.87 31.87 34.26 32.23 29.85 28.48 29.44 27.94 38.44 31.61 35.78 31.21 29.53 -9999 -9999 -9999 -9999 -9999 -9999 -9999 -9999 -9999 -9999 -9999 -9999 -9999 -9999 -9999 -9999
-9999 -9999 -9999 -9999 -9999 -9999 -9999 -9999 -9999 -9999 -9999 -9999 -9999 -9999 -9999 -9999 -9999 -9999 -9999 -9999 -9999 -9999 -9999 61.94 105.56 133.78 168.13 212.18 266.24 215.62 217.37 205.86 205.48 188.11 174.95 136.28 109.08 124.88 80.20 66.89 57.82 66.22 53.87 46.00 42.05 32.15 39.25 37.04 35.33 35.21 34.06 26.86 26.88 32.22 35.93 42.89 54.42 46.66 53.71 49.75 44.35 30.94 -9999 -9999 -9999 -9999 -9999 -9999 -9999 -9999 -9999 -9999 -9999 -9999 -9999 -9999
-9999 -9999 -9999 -9999 -9999 -9999 -9999 -9999 -9999 -9999 -9999 -9999 -9999 -9999 -9999 -9999 -9999 -9999 -9999 -9999 -9999 -9999 -9999 68.84 88.43 118.26 154.90 155.52 269.06 385.15 227.79 197.28 174.74 188.62 177.98 137.16 110.35 100.93 91.25 68.21 95.65 77.16 68.03 63.63 58.57 48.83 44.25 40.96 34.09 34.24 32.96 32.30 29.87 31.09 40.91 44.43 55.59 38.58 54.40 47.00 45.06 33.44 36.12 -9999 -9999 -9999 -9999 -9999 -9999 -9999 -9999 -9999 -9999 -9999 -9999 -9999
-9999 -9999 -9999 -9999 -9999 -9999 -9999 -9999 -9999 -9999 -9999 63.75 53.65 47.83 -9999 -9999 -9999 -9999 -9999 -9999 -9999 -9999 -9999 -9999 69.12 94.51 118.35 161.66 172.88 222.90 179.32 141.27 147.35 158.01 136.00 124.69 119.47 123.68 99.60 100.32 96.65 75.59 83.78 70.74 57.36 47.73 45.71 33.44 32.79 34.98 33.17 32.99 33.74 38.74 49.22 45.11 62.99 57.24 59.33 58.05 42.84 46.29 39.51 30.78 -9999 -9999 -9999 -9999 -9999 -9999 -9999 -9999 -9999 -9999 -9999 -9999
-9999 -9999 -9999 -9999 -9999 -9999 -9999 -9999 -9999 -9999 -9999 57.63 72.69 -9999 -9999 -9999 -9999 -9999 -9999 -9999 -9999 -9999 -9999 -9999 -9999 91.16 115.24 157.70 149.02 183.63 145.61 142.35 126.05 104.67 105.35 100.27 106.32 137.09 109.24 122.51 118.87 88.99 76.21 48.81 54.95 39.11 48.03 35.56 32.42 33.09 34.25 32.43 37.97 46.63 51.69 54.93 54.21 46.69 50.83 55.39 48.93 52.62 44.24 42.17 -9999 -9999 -9999 -9999 -9999 -9999 -9999 -9999 -9999 -9999 -9999 -9999
-9999 -9999 -9999 -9999 -9999 -9999 -9999 -9999 -9999 -9999 61.43 83.54 88.64 78.08 -9999 -9999 -9999 -9999 -9999 -9999 -9999 -9999 -9999 -9999 -9999 74.04 100.62 128.03 127.36 114.01 128.42 111.83 106.49 108.08 92.12 88.44 93.60 90.59 124.92 109.86 111.24 95.05 80.89 77.64 57.61 54.06 42.84 36.08 33.90 34.42 38.00 33.86 41.05 45.44 42.63 49.87 54.96 51.20 50.17 46.36 49.19 53.22 41.86 43.61 32.52 -9999 -9999 -9999 -9999 -9999 -9999 -9999 -9999 -9999 -9999 -9999
-9999 -9999 -9999 -9999 -9999 -9999 -9999 -9999 -9999 62.90 91.22 98.26 118.33 82.89 -9999 -9999 -9999 -9999 -9999 -9999 -9999 -9999 -9999 -9999 -9999 77.29 87.03 89.75 92.23 103.03 99.98 99.31 88.18 76.29 81.07 87.34 85.00 108.54 122.05 118.65 98.47 105.82 78.03 71.41 57.27 60.10 40.45 39.25 35.45 31.18 28.86 32.14 35.04 43.70 43.00 43.74 42.19 40.40 38.65 47.10 47.52 49.07 38.07 37.07 35.12 -9999 -9999 -9999 -9999 -9999 -9999 -9999 -9999 -9999 -9999 -9999
-9999 -9999 -9999 -9999 -9999 -9999 -9999 -9999 46.92 55.81 100.51 93.19 72.12 -9999 -9999 -9999 -9999 -9999 -9999 -9999 -9999 -9999 -9999 -9999 -9999 -9999 78.15 78.68 70.52 90.57 85.64 71.67 65.10 59.76 67.36 78.66 86.19 92.80 109.38 119.61 153.99 138.30 104.29 101.14 94.20 75.85 41.90 42.10 34.22 32.27 26.76 24.69 27.80 37.53 46.26 40.70 34.13 28.15 32.80 33.80 33.63 33.80 34.19 34.81 35.62 32.66 28.25 -9999 -9999 -9999 -9999 -9999 -9999 -9999 -9999 -9999
-9999 -9999 -9999 -9999 -9999 -9999 -9999 -9999 53.22 66.02 74.98 65.40 63.94 -9999 -9999 -9999 -9999 -9999 -9999 -9999 -9999 -9999 -9999 -9999 -9999 -9999 -9999 70.24 62.02 63.88 61.76 72.44 64.07 62.74 66.14 83.01 73.99 86.46 85.26 127.41 120.74 127.65 114.03 106.62 102.25 82.14 51.46 42.95 37.07 30.55 26.67 23.54 23.20 31.33 31.63 32.42 28.54 26.32 25.92 28.52 30.40 33.38 35.00 35.02 41.06 38.93 32.63 -9999 -9999 -9999 -9999 -9999 -9999 -9999 -9999 -9999
-9999 -9999 -9999 -9999 -9999 -9999 -9999 -9999 51.24 53.05 55.64 61.17 -9999 -9999 -9999 -9999 -9999 -9999 -9999 -9999 -9999 -9999 -9999 -9999 -9999 -9999 -9999 60.02 58.60 63.61 -9999 64.19 -9999 60.87 58.93 64.68 73.45 68.42 74.63 86.75 97.20 122.92 106.90 81.94 99.60 90.97 63.86 48.39 32.21 33.36 33.57 21.37 21.14 25.96 29.95 31.40 31.49 26.92 31.93 29.35 29.59 34.18 38.23 37.60 37.33 38.45 35.56 34.58 32.08 -9999 -9999 -9999 -9999 -9999 -9999 -9999
-9999 -9999 -9999 -9999 -9999 -9999 -9999 44.05 51.48 42.46 -9999 -9999 -9999 -9999 -9999 -9999 -9999 -9999 -9999 -9999 -9999 -9999 -9999 -9999 -9999 -9999 -9999 56.57 53.68 58.91 -9999 -9999 -9999 57.10 66.16 64.39 69.37 68.20 95.99 77.18 61.16 93.32 100.08 79.77 81.57 67.60 49.32 47.78 34.83 34.21 30.28 19.48 19.46 21.03 23.86 27.32 28.89 28.58 29.28 29.55 32.99 35.12 40.32 42.13 41.31 34.41 29.96 31.67 29.10 -9999 -9999 -9999 -9999 -9999 -9999 -9999
-9999 -9999 -9999 -9999 -9999 -9999 -9999 -9999 -9999 -9999 -9999 -9999 -9999 -9999 -9999 -9999 -9999 -9999 -9999 -9999 -9999 -9999 -9999 -9999 -9999 -9999 -9999 -9999 -9999 -9999 -9999 -9999 52.73 52.21 66.31 83.14 93.79 104.44 99.06 64.77 75.37 88.89 87.12 77.52 68.17 58.33 53.69 45.71 37.71 31.22 25.61 21.25 20.61 25.18 24.54 25.26 26.12 27.64 30.46 34.93 42.86 39.47 43.71 41.01 41.12 34.43 31.00 30.17 -9999 -9999 -9999 -9999 -9999 -9999 -9999 -9999
-9999 -9999 -9999 -9999 -9999 -9999 -9999 -9999 -9999 -9999 -9999 -9999 -9999 -9999 -9999 -9999 -9999 -9999 -9999 -9999 -9999 -9999 -9999 -9999 -9999 -9999 -9999 -9999 -9999 -9999 -9999 -9999 52.14 53.46 69.37 95.72 116.85 120.45 89.09 81.32 63.98 69.55 61.57 69.81 78.45 64.23 45.90 44.61 38.96 33.60 31.90 27.35 23.85 24.65 23.66 22.64 24.30 26.82 30.54 35.11 47.64 46.32 42.34 38.53 31.93 30.97 30.76 27.07 -9999 -9999 -9999 -9999 -9999 -9999 -9999 -9999
-9999 -9999 -9999 -9999 -9999 -9999 -9999 -9999 -9999 -9999 -9999 -9999 -9999 -9999 -9999 -9999 -9999 -9999 -9999 -9999 -9999 -9999 -9999 -9999 -9999 -9999 -9999 -9999 -9999 -9999 -9999 -9999 49.22 51.72 68.80 88.30 111.97 103.12 88.53 66.46 59.44 76.29 71.60 93.95 59.33 46.67 50.63 37.37 36.30 34.65 31.16 26.10 24.94 27.31 21.87 21.06 18.07 21.39 24.82 33.42 46.28 45.94 40.02 36.39 36.46 32.02 32.98 29.00 -9999 -9999 -9999 -9999 -9999 -9999 -9999 -9999
-9999 -9999 -9999 -9999 -9999 -9999 -9999 -9999 -9999 -9999 -9999 -9999 -9999 -9999 -9999 -9999 -9999 -9999 -9999 -9999 -9999 -9999 -9999 -9999 -9999 -9999 -9999 -9999 -9999 -9999 43.31 47.46 48.59 42.83 61.93 77.65 102.95 81.35 89.67 63.73 52.10 77.72 66.68 67.70 55.91 58.47 46.02 36.15 29.96 28.94 23.59 24.94 22.86 22.49 22.02 20.04 18.44 20.17 20.77 31.46 40.89 43.69 38.56 37.26 32.99 32.74 32.24 28.39 27.22 -9999 -9999 -9999 -9999 -9999 -9999 -9999
-9999 -9999 -9999 -9999 -9999 -9999 -9999 -9999 -9999 -9999 -9999 -9999 -9999 -9999 -9999 -9999 -9999 -9999 -9999 -9999 -9999 -9999 -9999 -9999 -9999 -9999 -9999 -9999 -9999 -9999 39.46 44.57 43.77 45.53 52.10 66.99 60.28 63.39 65.28 62.27 92.49 86.57 74.39 66.48 64.32 53.13 48.05 39.69 36.29 30.20 24.96 23.88 23.28 22.01 21.58 21.12 21.04 21.71 24.69 32.88 37.26 35.63 37.17 36.76 35.17 26.69 28.21 27.64 27.51 -9999 -9999 -9999 -9999 -9999 -9999 -9999
-9999 -9999 -9999 -9999 -9999 -9999 -9999 -9999 -9999 -9999 -9999 -9999 -9999 -9999 -9999 -9999 -9999 -9999 -9999 -9999 -9999 -9999 -9999 -9999 -9999 -9999 -9999 -9999 -9999 -9999 41.19 42.36 43.20 43.05 48.17 51.69 52.62 63.70 63.47 70.02 81.40 82.84 62.57 85.45 65.20 57.37 46.23 46.76 34.66 28.83 26.43 26.22 23.85 23.19 22.42 21.84 22.49 23.63 27.81 31.25 35.82 36.09 36.93 37.29 34.06 27.69 25.84 27.08 28.11 28.31 -9999 -9999 -9999 -9999 -9999 -9999
-9999 -9999 -9999 -9999 -9999 -9999 -9999 -9999 -9999 -9999 -9999 -9999 -9999 -9999 -9999 -9999 -9999 -9999 -9999 -9999 -9999 -9999 -9999 -9999 -9999 -9999 -9999 -9999 -9999 -9999 33.59 41.15 40.53 39.70 43.43 43.86 44.22 57.77 71.83 66.65 79.02 74.84 77.02 92.07 83.10 68.12 54.94 46.86 38.21 30.45 20.30 24.75 25.35 22.74 22.57 22.48 22.09 24.59 26.37 26.54 26.62 33.43 37.03 40.35 33.96 26.99 25.71 24.61 29.83 30.20 25.93 -9999 -9999 -9999 -9999 -9999
-9999 -9999 -9999 -9999 -9999 -9999 -9999 -9999 -9999 -9999 -9999 -9999 -9999 -9999 -9999 -9999 -9999 -9999 -9999 -9999 -9999 -9999 -9999 -9999 -9999 -9999 -9999 -9999 -9999 -9999 43.52 42.57 39.16 36.59 38.93 42.85 42.67 56.47 64.08 83.91 104.31 87.48 91.10 80.11 74.49 53.43 51.94 41.49 39.79 33.35 26.99 24.82 22.00 21.26 20.27 21.29 22.44 25.95 26.15 28.22 29.30 31.68 36.63 41.06 32.94 27.54 26.99 24.99 26.17 26.39 24.36 -9999 -9999 -9999 -9999 -9999
-9999 -9999 -9999 -9999 -9999 -9999 -9999 -9999 -9999 -9999 -9999 -9999 -9999 -9999 -9999 -9999 -9999 -9999 -9999 -9999 -9999 -9999 -9999 -9999 -9999 -9999 -9999 -9999 -9999 -9999 -9999 36.73 72.72 34.96 30.43 44.82 58.78 73.12 69.45 80.95 80.45 89.75 90.45 76.98 73.83 54.70 46.16 39.81 31.32 33.41 30.11 23.94 22.71 21.06 17.91 19.76 21.87 24.04 25.53 27.69 29.49 29.72 34.69 34.87 30.97 29.79 28.83 -9999 25.99 25.96 26.39 28.14 -9999 -9999 -9999 -9999
-9999 -9999 -9999 -9999 -9999 -9999 -9999 -9999 -9999 -9999 -9999 -9999 -9999 -9999 -9999 -9999 -9999 -9999 -9999 -9999 -9999 -9999 -9999 -9999 -9999 -9999 -9999 -9999 -9999 -9999 39.17 36.48 32.32 35.69 39.07 39.33 58.45 58.32 73.58 91.35 76.09 79.28 82.47 96.65 81.69 82.31 52.64 39.59 39.73 31.74 30.00 29.18 29.01 22.77 18.33 20.53 22.35 24.84 24.96 26.01 28.72 40.87 36.60 31.57 32.22 33.38 31.54 29.69 -9999 26.51 26.76 28.12 31.20 -9999 -9999 -9999
-9999 -9999 -9999 -9999 -9999 -9999 -9999 -9999 -9999 -9999 -9999 -9999 -9999 -9999 -9999 -9999 -9999 -9999 -9999 -9999 -9999 -9999 -9999 -9999 -9999 -9999 -9999 -9999 -9999 -9999 36.37 35.28 35.05 33.32 42.91 40.06 47.67 62.63 61.61 64.44 65.18 69.78 59.56 70.93 71.73 66.91 54.85 48.69 41.06 38.41 38.33 32.90 32.37 25.73 23.70 22.26 21.40 24.36 23.54 23.58 23.46 29.41 33.20 31.95 30.54 32.55 35.50 33.18 29.61 -9999 -9999 -9999 -9999 -9999 -9999 -9999
-9999 -9999 -9999 -9999 -9999 -9999 -9999 -9999 -9999 -9999 -9999 -9999 -9999 -9999 -9999 -9999 -9999 -9999 -9999 -9999 -9999 -9999 -9999 -9999 -9999 -9999 -9999 -9999 -9999 32.90 33.92 34.83 39.07 39.46 39.15 37.55 48.98 50.25 51.33 49.92 56.47 60.34 64.64 72.04 79.03 78.82 67.76 64.75 52.31 48.44 37.27 35.77 35.97 27.19 25.02 24.22 21.80 25.09 23.54 23.27 23.32 26.56 28.61 28.77 34.39 34.38 34.94 37.02 30.52 29.57 32.86 -9999 -9999 -9999 -9999 -9999
-9999 -9999 -9999 -9999 -9999 -9999 -9999 -9999 -9999 -9999 -9999 -9999 -9999 -9999 -9999 -9999 -9999 -9999 -9999 -9999 -9999 -9999 -9999 -9999 -9999 -9999 -9999 -9999 -9999 -9999 30.87 32.27 34.93 37.54 46.06 40.60 46.93 45.03 45.62 45.36 50.98 54.85 58.24 64.11 82.01 88.00 88.22 78.28 58.56 52.09 39.93 38.95 31.62 28.24 28.85 26.31 24.43 24.55 22.66 21.96 21.71 29.30 29.96 28.14 33.38 37.17 41.62 34.45 32.66 31.69 35.39 42.78 44.34 -9999 -9999 -9999
