Rainfall_2007-2011/Rainfall_2007-03_ACTUAL.txt
ncols         180
nrows         290
xllcorner     -200000
yllcorner     -200000
cellsize      5000
NODATA_value  -9999
[rows 170 to 203 of 290, columns 76 to 151 of 180]
-9999 -9999 -9999 -9999 -9999 -9999 -9999 -9999 -9999 -9999 -9999 -9999 -9999 -9999 -9999 -9999 -9999 -9999 -9999 -9999 -9999 -9999 -9999 -9999 -9999 -9999 -9999 -9999 -9999 -9999 32.12 34.58 34.26 37.79 39.10 42.34 43.11 42.74 43.40 43.93 44.56 49.80 55.92 60.79 63.48 87.46 92.37 94.18 64.64 53.19 44.54 36.96 35.79 30.98 32.69 28.86 27.84 23.93 25.14 23.73 23.26 28.68 30.15 30.50 33.22 37.66 38.12 38.15 36.69 35.36 38.45 47.23 40.90 -9999 -9999 -9999
-9999 -9999 -9999 -9999 -9999 -9999 -9999 -9999 -9999 -9999 67.63 58.82 52.43 53.80 -9999 -9999 -9999 -9999 -9999 -9999 -9999 -9999 -9999 -9999 -9999 -9999 -9999 -9999 -9999 22.71 22.92 31.00 39.01 41.66 42.93 41.68 37.54 39.06 39.26 38.06 46.24 49.85 55.43 61.91 76.29 76.45 82.81 80.89 74.02 64.30 42.72 44.03 36.12 38.72 33.19 29.66 29.98 26.90 23.95 24.60 28.23 27.57 28.78 30.62 32.12 33.71 39.17 37.20 36.36 40.30 43.08 44.44 45.24 44.29 -9999 -9999
-9999 -9999 -9999 -9999 -9999 -9999 -9999 -9999 -9999 -9999 57.63 54.98 58.55 53.98 -9999 -9999 -9999 -9999 -9999 -9999 -9999 -9999 -9999 -9999 -9999 -9999 -9999 -9999 28.82 25.94 27.41 35.07 44.38 40.67 43.22 42.90 43.31 38.39 39.14 42.39 43.60 47.77 52.69 55.61 57.91 65.97 87.15 78.77 73.41 62.66 48.99 42.32 39.49 45.56 36.50 32.58 31.28 28.88 27.05 25.94 26.93 27.43 28.12 33.22 31.31 34.37 35.29 40.15 34.41 40.01 48.65 45.30 42.22 41.04 -9999 -9999
-9999 -9999 -9999 -9999 -9999 -9999 -9999 -9999 38.78 47.13 50.10 56.70 56.12 59.05 53.37 45.90 52.04 -9999 -9999 43.11 48.88 -9999 -9999 -9999 30.50 33.21 45.41 -9999 31.04 30.18 32.64 34.69 35.93 39.50 43.57 45.53 45.67 38.46 41.59 40.46 49.95 51.66 51.11 70.96 59.08 67.73 83.43 64.63 63.04 61.83 48.27 51.53 44.16 42.55 38.14 35.80 33.84 29.64 27.28 27.28 24.96 26.17 25.76 38.14 31.87 30.30 32.17 37.66 37.64 42.60 49.96 46.65 36.77 38.05 40.88 -9999
-9999 -9999 -9999 -9999 -9999 -9999 -9999 -9999 -9999 43.15 44.12 56.94 62.55 61.67 56.36 57.76 56.04 -9999 47.87 65.17 62.55 51.54 38.41 37.71 35.45 40.30 37.23 39.32 -9999 34.95 34.44 34.63 35.55 37.62 40.87 38.23 36.68 38.51 42.45 46.81 51.88 53.36 51.15 67.15 89.49 86.11 76.81 57.48 69.34 47.55 47.23 47.60 42.01 38.07 35.11 35.91 36.88 32.98 31.51 30.82 25.90 27.62 30.80 36.58 33.53 29.70 32.16 33.44 32.56 37.61 51.17 50.34 44.99 40.96 40.16 -9999
-9999 -9999 -9999 -9999 -9999 -9999 -9999 -9999 -9999 -9999 43.94 52.35 61.51 62.83 55.74 65.99 75.01 77.21 107.81 72.67 70.45 63.12 55.18 45.18 41.97 37.94 38.78 43.49 44.90 36.88 34.97 35.96 34.68 38.64 40.99 43.14 37.02 41.44 43.20 45.58 48.34 54.13 46.76 68.36 82.77 79.10 76.68 62.34 54.00 51.44 52.58 52.20 44.45 36.75 34.55 38.09 38.77 34.64 33.27 30.61 27.99 28.93 31.82 32.58 35.63 33.02 32.34 29.96 28.86 37.09 50.69 49.22 51.93 43.71 38.86 38.09
-9999 -9999 -9999 -9999 -9999 -9999 -9999 -9999 -9999 -9999 -9999 53.57 55.87 70.85 67.20 110.24 158.68 164.71 133.81 96.59 76.27 59.83 65.37 56.92 47.28 47.43 49.24 40.58 43.79 41.69 34.44 33.48 33.10 35.77 41.55 44.61 43.25 45.84 41.03 43.15 44.69 48.87 61.97 69.90 96.15 69.94 79.02 74.79 54.29 51.97 58.95 41.44 41.78 41.34 43.72 39.14 40.83 34.46 31.64 29.88 28.53 31.24 35.39 34.96 33.33 33.19 32.11 29.10 30.45 37.81 50.31 46.65 44.98 41.77 36.92 35.10
-9999 -9999 -9999 -9999 -9999 -9999 -9999 -9999 -9999 -9999 -9999 -9999 69.93 78.64 125.17 193.22 219.76 195.61 163.05 112.97 100.66 71.32 77.41 72.17 66.84 57.48 45.52 51.86 42.13 40.75 42.78 37.25 35.53 36.57 41.07 42.62 41.33 41.03 42.47 44.04 45.13 50.85 61.50 70.58 73.47 66.88 65.32 70.34 61.23 48.38 51.90 45.87 42.55 43.27 40.84 40.62 41.74 35.64 32.16 29.01 32.09 32.81 27.37 34.54 32.37 31.32 31.83 30.00 31.54 35.87 42.28 36.17 43.47 40.34 36.25 33.90
-9999 -9999 -9999 -9999 -9999 -9999 -9999 -9999 -9999 -9999 -9999 -9999 73.21 84.77 127.78 194.30 252.43 194.27 159.60 120.85 107.84 95.37 91.24 92.98 76.82 75.14 48.52 46.16 52.81 52.68 48.31 36.51 37.56 37.97 42.22 44.95 46.99 42.76 41.94 44.13 45.56 48.62 60.00 54.93 54.97 66.94 68.57 67.31 50.91 42.45 46.26 45.07 40.01 43.39 43.00 44.30 43.19 36.90 34.00 32.93 32.40 32.49 30.60 31.44 33.77 33.17 32.52 29.60 30.50 34.69 40.64 42.19 42.18 40.05 38.40 -9999
-9999 -9999 -9999 -9999 -9999 -9999 -9999 -9999 -9999 -9999 -9999 -9999 76.94 92.67 126.40 151.10 239.76 197.90 143.61 123.34 99.94 94.49 83.46 88.45 77.55 62.23 51.66 61.28 54.29 55.34 45.62 42.03 39.40 41.06 48.59 49.17 48.67 46.45 42.86 43.96 53.94 53.70 51.25 57.16 62.38 61.44 57.97 62.12 48.86 46.89 42.87 40.03 42.63 43.98 43.25 44.40 41.65 42.47 32.78 30.47 31.97 33.09 32.00 41.86 38.39 37.80 33.76 31.06 29.03 35.09 38.07 41.54 42.47 40.22 -9999 -9999
-9999 -9999 -9999 -9999 -9999 -9999 -9999 -9999 -9999 -9999 -9999 86.70 116.85 87.65 134.84 153.74 150.97 174.71 159.80 150.58 146.28 126.58 92.12 76.42 56.99 58.76 63.08 70.71 65.84 63.88 48.23 38.97 37.98 42.96 46.76 46.66 45.35 44.23 43.80 49.59 54.22 48.45 57.99 51.77 48.91 63.97 60.13 48.51 49.36 42.96 44.66 42.04 41.16 47.56 43.53 43.39 41.78 43.05 39.80 35.38 33.22 34.64 34.02 40.89 38.63 37.88 36.25 33.75 32.80 36.31 39.87 41.21 41.68 -9999 -9999 -9999
-9999 -9999 -9999 -9999 -9999 -9999 -9999 -9999 -9999 57.61 72.22 99.76 91.46 85.65 90.35 111.83 98.47 119.22 157.00 157.05 155.13 157.14 90.39 99.30 71.13 72.57 68.88 56.26 59.11 62.06 50.03 43.12 39.67 40.92 38.12 42.79 43.91 45.17 50.55 51.98 54.61 53.22 54.38 56.54 55.48 49.56 49.07 50.23 42.58 37.34 41.23 43.14 40.46 39.56 41.41 43.69 42.32 37.38 38.56 35.95 33.72 35.87 33.63 35.27 39.47 37.16 38.03 36.96 35.53 37.61 38.84 42.00 -9999 -9999 -9999 -9999
-9999 -9999 -9999 -9999 -9999 -9999 -9999 -9999 59.28 56.19 53.79 63.42 75.01 62.34 60.99 76.46 82.83 101.50 131.85 142.34 178.97 136.00 94.69 94.10 77.63 91.32 88.28 80.33 68.39 61.52 53.77 46.21 43.23 42.73 40.47 40.30 45.62 48.43 49.37 53.50 51.13 50.26 56.14 56.99 53.69 51.95 46.99 44.07 39.29 36.19 38.43 39.35 39.85 41.66 40.95 41.39 39.86 39.42 38.24 37.43 37.12 38.79 37.99 44.11 44.34 41.10 38.45 36.42 35.80 34.53 38.53 41.76 -9999 -9999 -9999 -9999
-9999 -9999 -9999 -9999 -9999 -9999 -9999 57.10 64.06 61.46 59.26 -9999 -9999 -9999 -9999 69.93 99.49 131.97 132.12 139.48 135.08 128.98 127.11 121.45 108.42 126.60 102.45 81.94 74.56 67.38 48.94 47.10 44.62 43.01 42.96 46.44 44.45 50.06 44.32 51.92 49.36 47.27 48.81 49.72 47.15 44.72 41.59 43.74 43.75 38.80 36.78 38.75 33.57 39.24 43.30 42.17 41.66 41.83 40.06 41.95 40.22 42.17 41.73 46.57 45.16 43.08 36.30 36.88 36.82 38.86 39.68 38.93 42.08 -9999 -9999 -9999
-9999 -9999 -9999 -9999 -9999 -9999 -9999 54.54 68.92 61.14 60.92 -9999 -9999 -9999 -9999 71.70 92.57 145.23 131.41 142.39 152.77 153.28 173.81 148.10 107.20 113.66 82.38 69.52 65.73 55.37 49.93 44.38 44.46 43.65 44.43 47.54 47.84 50.81 44.48 55.10 53.91 47.94 44.75 42.72 43.34 44.68 46.04 50.35 44.36 36.15 35.04 40.91 40.12 40.43 41.87 39.53 37.90 44.11 44.00 45.70 42.70 49.35 47.10 45.29 41.50 40.58 37.37 37.84 38.69 39.77 40.23 41.06 40.72 40.68 -9999 -9999
-9999 -9999 -9999 -9999 -9999 -9999 -9999 -9999 -9999 -9999 -9999 -9999 -9999 -9999 -9999 63.27 91.90 117.04 132.17 137.01 129.39 170.71 227.78 125.78 103.33 94.97 81.79 66.80 58.77 52.57 43.97 48.43 45.14 44.64 43.75 42.70 45.38 37.82 43.25 52.21 48.88 48.87 44.63 43.27 43.58 44.71 45.53 49.56 44.37 47.03 45.15 43.01 41.19 41.73 46.57 50.23 40.45 40.97 46.81 42.06 41.94 50.02 49.42 45.45 42.28 41.86 38.71 41.12 39.93 37.41 38.70 44.75 42.61 40.34 39.46 43.17
-9999 -9999 -9999 -9999 -9999 -9999 -9999 -9999 -9999 -9999 -9999 -9999 -9999 -9999 -9999 -9999 79.48 97.81 138.67 141.33 147.88 121.82 146.88 123.27 96.04 80.00 68.81 45.55 55.74 48.85 50.33 47.43 42.15 42.78 44.68 43.23 40.90 41.20 46.10 48.56 49.94 49.31 40.57 49.22 55.79 46.26 45.33 46.55 45.86 46.25 47.35 47.26 44.44 49.00 46.44 46.26 43.85 41.39 44.28 48.18 45.75 49.35 46.30 44.63 41.41 41.37 38.51 38.82 38.36 37.29 43.08 50.43 42.69 41.80 44.55 43.43
-9999 -9999 -9999 -9999 -9999 -9999 -9999 -9999 -9999 -9999 -9999 -9999 -9999 -9999 -9999 -9999 97.76 136.94 187.20 151.48 143.44 118.27 114.17 99.02 89.67 73.08 54.88 64.49 74.75 48.97 64.62 54.68 53.46 39.27 44.96 44.45 46.36 47.80 53.36 53.98 51.17 51.24 47.02 50.50 58.81 51.02 46.73 46.32 44.21 46.35 50.61 50.33 45.49 58.46 53.88 47.98 49.11 46.05 49.78 51.11 50.64 50.34 48.38 46.33 42.52 40.59 36.53 38.05 38.66 38.92 42.27 42.44 41.38 37.97 38.96 40.89
-9999 -9999 -9999 -9999 -9999 -9999 -9999 -9999 -9999 -9999 -9999 -9999 -9999 -9999 -9999 78.85 87.35 125.33 143.39 135.79 132.82 119.40 100.49 102.26 101.38 83.41 67.13 72.29 51.56 71.78 62.56 54.28 52.94 56.12 47.65 49.35 56.89 53.33 53.67 50.29 50.50 50.59 49.70 52.65 54.55 49.67 48.04 47.44 47.01 47.06 48.99 55.03 52.81 55.84 50.29 47.86 50.56 51.77 52.58 55.96 57.70 53.37 50.82 47.57 48.22 45.10 43.68 39.94 38.04 37.18 37.36 38.95 40.06 40.58 38.93 40.12
-9999 -9999 -9999 -9999 -9999 -9999 -9999 -9999 -9999 -9999 -9999 -9999 -9999 -9999 -9999 70.80 83.29 124.74 106.37 105.22 105.77 101.06 102.53 104.74 87.69 77.33 73.18 68.40 45.14 61.04 72.23 72.64 69.78 65.06 66.11 49.11 52.28 46.31 49.57 49.17 51.00 51.32 51.30 56.36 52.08 55.07 58.84 56.87 53.06 48.61 51.27 55.60 54.76 53.87 51.74 51.45 46.45 50.72 58.03 51.52 58.11 55.82 50.98 47.26 42.04 41.75 46.48 43.06 34.30 35.99 35.31 36.42 41.64 44.15 42.13 38.03
-9999 -9999 -9999 -9999 -9999 -9999 -9999 -9999 -9999 -9999 -9999 -9999 -9999 -9999 -9999 58.02 74.75 66.13 106.16 96.37 96.88 104.89 111.70 94.97 95.31 77.04 68.78 63.58 63.24 66.52 79.54 81.49 86.80 73.92 71.32 58.28 53.88 50.40 47.33 50.49 50.23 49.98 54.86 54.50 57.52 63.62 64.78 63.46 58.04 59.14 56.33 63.19 64.40 51.38 48.94 47.91 49.62 51.50 54.86 55.89 54.93 49.58 48.80 49.25 47.57 39.61 40.41 46.27 45.17 38.91 40.43 38.99 43.55 44.20 43.34 37.73
-9999 -9999 -9999 -9999 -9999 -9999 -9999 -9999 -9999 -9999 -9999 -9999 -9999 -9999 -9999 -9999 69.34 90.12 109.17 126.45 148.39 124.90 110.85 88.39 67.81 66.68 64.30 68.77 65.05 62.21 71.58 67.77 94.55 76.16 59.87 50.99 61.32 62.12 51.60 56.73 54.77 55.76 59.08 58.25 59.37 58.50 64.41 64.45 64.36 64.24 60.26 60.31 60.97 53.61 49.17 50.14 50.44 49.64 53.74 51.06 54.01 47.79 52.46 52.18 45.11 45.62 43.14 44.23 43.67 39.46 37.75 40.43 39.91 41.26 39.50 36.74
-9999 -9999 -9999 -9999 -9999 -9999 -9999 -9999 -9999 -9999 -9999 -9999 -9999 -9999 -9999 -9999 80.39 86.60 106.70 146.10 174.49 150.20 115.37 88.31 76.41 72.85 81.57 87.40 87.21 74.79 64.22 69.26 87.50 74.78 77.43 89.99 70.23 68.57 58.69 58.30 60.01 58.10 58.30 64.47 65.72 63.33 62.88 59.85 61.17 62.49 60.23 57.80 57.69 57.77 56.86 55.74 54.45 50.82 55.86 53.91 56.34 54.26 54.59 51.50 43.84 46.56 45.74 45.00 42.17 41.68 37.10 36.85 35.93 36.91 38.46 35.28
-9999 -9999 -9999 -9999 -9999 -9999 -9999 -9999 -9999 -9999 -9999 -9999 -9999 -9999 -9999 59.08 67.26 90.77 110.53 124.02 144.83 141.52 108.99 101.27 118.90 95.07 89.15 74.66 62.84 71.89 75.05 78.81 78.78 79.11 81.13 76.60 74.84 71.10 61.65 67.42 56.65 56.41 61.54 71.76 67.75 70.60 61.13 60.63 56.20 63.36 66.04 67.20 57.79 58.81 57.31 57.55 56.20 56.77 56.58 59.14 57.17 60.58 54.70 51.04 41.99 46.30 45.08 46.20 43.14 45.14 40.19 34.08 33.94 34.26 33.15 34.32
-9999 -9999 -9999 -9999 -9999 -9999 -9999 -9999 -9999 -9999 -9999 -9999 -9999 -9999 -9999 73.76 95.34 101.91 104.20 124.98 154.40 146.52 131.94 99.47 93.27 99.75 92.21 85.74 79.49 91.87 85.38 71.81 89.25 72.01 75.25 72.28 83.55 65.57 63.62 66.23 50.20 54.80 55.69 78.24 72.48 65.28 62.38 60.14 57.54 57.29 58.54 50.97 53.00 52.61 53.56 54.02 56.50 60.00 58.22 59.44 59.25 63.75 50.25 47.91 43.52 47.66 46.30 46.65 44.47 41.12 40.31 36.75 33.07 29.70 34.43 33.13
-9999 -9999 -9999 -9999 -9999 -9999 -9999 -9999 -9999 -9999 -9999 -9999 -9999 -9999 -9999 82.35 104.36 104.96 114.90 120.24 150.63 157.92 136.56 102.71 93.72 97.07 87.14 89.67 99.04 89.98 81.20 85.41 75.85 88.09 69.75 69.85 70.05 64.37 61.44 55.32 51.10 56.40 62.64 65.63 61.78 62.98 62.51 59.69 58.92 54.84 48.39 48.38 49.48 49.10 48.21 50.41 51.23 57.62 56.07 54.06 54.93 50.64 50.32 44.50 44.25 45.36 41.71 40.28 40.14 38.04 35.41 33.50 30.34 28.83 32.17 31.50
-9999 -9999 -9999 -9999 -9999 -9999 -9999 -9999 -9999 -9999 -9999 -9999 -9999 -9999 82.02 89.74 105.76 102.43 104.88 126.20 134.78 151.35 125.28 102.95 92.27 84.84 77.77 88.08 76.66 80.28 93.87 88.14 79.83 72.98 66.95 61.63 65.37 76.94 61.30 56.24 54.71 52.38 55.79 64.53 62.68 66.43 61.77 55.73 57.00 56.17 51.25 48.54 47.15 48.22 46.42 52.35 55.54 56.85 53.93 53.64 51.27 49.51 42.10 43.45 43.25 44.26 45.68 41.16 40.36 38.85 33.84 28.56 29.65 26.42 27.76 31.34
-9999 -9999 -9999 -9999 -9999 -9999 -9999 -9999 -9999 -9999 -9999 -9999 -9999 97.51 93.20 97.27 97.14 81.95 114.28 145.72 151.00 133.57 137.36 109.23 100.98 93.51 81.11 101.41 85.90 100.00 90.68 84.25 77.82 78.08 76.08 81.37 87.59 86.02 81.12 69.90 59.81 58.82 62.21 61.56 62.35 67.17 65.07 56.85 58.12 66.69 54.09 50.69 49.51 50.53 47.42 46.96 52.96 56.42 50.63 50.04 49.52 43.96 39.85 46.29 41.80 43.34 48.92 42.83 45.39 40.73 31.54 29.81 28.50 27.53 26.48 31.03
-9999 -9999 -9999 -9999 -9999 -9999 -9999 -9999 -9999 -9999 -9999 100.54 97.34 91.77 92.60 93.16 110.50 98.16 126.06 149.59 178.49 159.59 131.52 107.17 78.23 96.16 81.92 105.98 99.10 88.73 80.01 73.61 74.82 80.60 80.99 83.05 74.25 79.54 72.34 65.06 64.60 59.52 53.03 56.83 61.16 60.50 58.32 52.01 49.29 53.29 50.90 56.90 57.68 58.12 61.62 62.51 55.60 54.75 51.37 55.73 56.95 48.62 39.50 39.88 41.99 43.84 41.85 40.38 40.21 39.00 33.23 33.31 24.89 22.12 24.53 27.11
-9999 -9999 -9999 -9999 -9999 -9999 -9999 83.99 59.95 86.46 122.30 122.98 120.10 109.68 99.93 123.12 128.53 141.19 141.16 171.59 168.45 150.01 124.12 100.37 88.99 94.06 79.36 108.83 113.47 90.65 73.69 72.18 75.21 84.55 63.67 90.38 85.09 79.48 71.58 65.14 59.62 57.67 51.90 51.16 63.66 61.76 52.39 44.99 47.72 54.82 56.60 54.26 60.27 52.80 55.97 60.50 56.98 57.70 61.70 63.58 52.26 40.82 42.28 39.50 36.70 36.89 37.26 37.71 36.75 36.32 33.82 30.57 24.82 25.51 27.39 27.98
-9999 -9999 -9999 -9999 -9999 -9999 97.28 101.68 111.85 118.83 109.88 128.59 119.29 118.74 107.36 106.22 142.32 146.30 167.33 171.12 184.92 133.48 116.29 118.63 91.90 80.46 112.33 95.23 90.19 72.73 68.65 71.39 94.89 79.75 83.64 82.92 89.91 90.73 80.35 76.35 68.33 61.96 56.25 52.00 60.62 57.63 49.94 46.44 48.61 53.92 57.55 63.93 53.89 43.00 53.00 56.58 56.05 54.59 53.99 51.74 53.71 44.93 41.82 35.56 33.71 33.95 37.41 34.75 30.94 32.62 28.59 27.03 24.43 27.04 28.77 27.87
-9999 -9999 -9999 -9999 -9999 92.40 95.46 94.23 104.61 120.76 129.36 119.56 127.82 117.17 116.96 146.93 126.22 131.73 156.86 117.24 129.18 134.83 137.34 123.19 110.48 99.18 97.75 90.23 68.49 96.92 95.23 76.89 82.39 73.49 75.83 93.56 95.72 81.46 74.20 67.05 65.77 64.11 55.70 58.47 60.03 58.13 53.36 66.26 56.02 51.96 60.31 58.08 58.29 57.75 56.84 60.71 58.39 57.69 49.89 45.65 54.84 43.98 38.98 35.45 33.44 34.06 31.84 29.87 33.46 33.19 31.96 31.82 26.07 24.74 28.72 30.51
-9999 66.30 83.57 87.24 110.63 105.47 110.84 112.52 109.17 118.02 136.32 128.29 132.16 128.16 136.52 140.68 135.77 134.31 135.27 125.42 124.62 145.82 139.00 132.97 108.74 116.22 103.82 78.72 93.59 105.76 102.96 109.12 75.16 83.74 71.32 70.37 96.86 67.40 79.78 67.87 61.47 69.07 62.48 69.23 58.17 56.73 71.21 65.58 62.71 60.54 63.33 57.17 57.72 61.65 64.61 52.56 55.46 53.01 45.57 41.32 48.58 39.97 39.38 34.52 37.42 30.16 30.43 29.30 33.07 38.81 41.95 35.70 35.16 35.13 33.19 29.65
67.86 84.08 95.60 103.34 129.96 135.57 138.91 131.15 113.35 122.58 139.16 136.83 120.70 125.37 126.49 135.20 140.66 121.30 118.54 120.36 153.87 170.62 135.57 134.38 124.90 113.77 116.58 118.00 169.63 119.23 102.57 81.82 85.01 72.01 82.79 71.01 72.45 67.66 68.98 75.69 70.36 74.98 69.12 76.97 59.17 70.76 73.31 76.63 62.89 67.97 72.92 60.88 62.60 63.90 58.85 53.30 52.63 50.81 42.93 41.83 38.87 36.54 41.07 36.25 33.65 37.71 34.80 36.80 36.49 42.69 36.71 32.48 36.21 33.98 34.40 35.71
