Rainfall_2007-2011/Rainfall_2010-06_ACTUAL.txt
ncols         180
nrows         290
xllcorner     -200000
yllcorner     -200000
cellsize      5000
NODATA_value  -9999
[rows 204 to 237 of 290, columns 77 to 153 of 180]
35.44 48.62 63.29 65.42 64.89 64.78 54.72 50.00 51.09 52.00 50.19 45.92 44.82 42.51 31.79 32.86 27.15 26.83 25.05 49.18 33.44 31.70 25.43 16.23 20.91 24.20 41.84 44.80 50.34 44.09 42.34 36.28 32.17 31.64 25.21 33.50 33.55 28.46 29.72 33.68 45.51 48.48 29.36 26.57 33.48 41.70 38.09 31.55 28.05 29.90 28.07 26.97 26.68 28.39 27.46 28.84 26.77 31.38 33.18 38.25 39.35 34.51 27.78 31.09 35.63 30.21 30.77 31.77 35.95 29.29 28.33 18.43 19.35 21.71 20.76 19.66 21.66
27.85 48.57 70.79 69.43 65.00 58.93 54.97 48.35 51.25 43.93 44.59 34.69 29.94 30.58 31.14 32.97 35.89 36.67 45.57 61.65 46.16 39.00 30.53 36.01 34.69 26.65 27.42 52.01 44.97 46.12 40.10 40.58 35.97 30.30 21.11 26.63 33.20 30.71 32.49 33.32 39.42 37.67 34.29 42.28 42.02 39.71 30.07 32.56 25.78 20.78 27.96 29.60 27.80 27.97 35.18 27.66 33.36 36.57 31.39 29.21 30.29 28.58 28.15 30.00 30.48 32.85 25.94 26.38 24.18 19.20 17.61 16.97 19.14 18.23 17.68 23.08 24.08
35.19 43.57 51.96 57.98 54.33 54.15 51.26 49.59 50.24 47.17 40.05 30.32 30.02 30.82 38.48 33.36 37.47 41.70 46.71 54.59 56.88 37.49 39.94 53.91 33.79 34.21 31.16 25.22 36.69 40.44 29.83 32.32 29.84 36.60 30.16 33.36 29.84 29.87 29.51 30.17 31.72 34.47 41.43 37.46 36.76 37.28 39.56 40.64 21.79 28.82 33.41 31.99 40.74 29.84 31.48 30.24 32.92 33.69 24.00 23.52 25.03 26.97 26.70 27.08 28.24 25.36 27.41 24.96 21.97 16.19 15.67 18.01 19.01 18.97 18.76 27.45 26.98
32.20 30.74 42.55 42.78 47.55 50.67 49.49 40.72 42.39 40.82 37.60 32.51 33.95 29.99 28.96 20.64 31.13 38.18 39.28 44.86 45.32 31.08 37.41 39.18 37.60 38.21 29.29 35.65 49.30 37.03 30.11 36.12 39.27 39.74 32.36 28.18 33.88 26.51 27.39 23.59 32.99 37.10 36.28 37.61 28.69 34.93 56.25 42.53 28.79 29.85 36.63 38.38 36.50 30.59 30.07 31.15 27.42 26.06 22.90 22.83 23.43 24.09 27.31 23.52 26.36 21.94 24.94 19.20 17.93 14.23 14.80 17.75 19.16 21.13 22.22 23.49 26.81
27.51 31.37 34.28 40.53 45.35 45.87 37.54 33.51 33.69 32.00 37.30 34.51 30.50 30.02 24.76 24.86 34.04 37.37 37.15 37.56 30.71 26.39 27.17 29.31 31.72 38.42 34.61 35.65 67.28 35.36 27.81 29.17 31.23 33.61 28.41 25.11 27.12 24.70 28.20 30.30 28.21 35.81 25.52 35.13 33.13 37.41 38.72 35.05 29.78 29.60 32.72 36.92 36.44 33.11 32.09 29.86 23.93 22.17 23.16 23.63 23.58 25.54 26.54 24.56 23.27 20.62 17.37 15.65 18.14 19.08 16.91 20.20 26.39 23.39 21.73 22.71 25.85
26.38 32.07 31.18 36.61 37.24 33.71 -9999 -9999 -9999 -9999 29.66 33.65 24.93 20.51 25.13 29.27 30.15 30.71 30.74 34.65 44.11 40.58 34.67 28.08 23.24 28.05 31.99 41.53 61.29 32.14 19.09 23.46 28.52 26.60 25.21 21.66 19.35 20.44 27.38 33.05 29.60 35.51 34.67 33.04 30.91 33.97 32.42 26.95 30.71 32.49 32.15 32.38 31.78 30.61 29.50 27.97 19.16 20.57 21.61 26.81 25.16 26.86 29.36 32.01 17.97 15.27 14.53 14.96 17.62 21.54 24.09 26.38 25.31 20.40 18.94 21.49 24.04
30.30 37.70 40.19 33.48 35.28 25.71 -9999 -9999 -9999 -9999 -9999 -9999 -9999 23.41 28.17 29.00 28.49 27.64 33.27 41.94 44.47 39.24 40.61 34.62 23.44 20.51 22.57 37.99 46.61 25.99 23.88 32.09 32.29 30.52 23.17 21.31 19.64 21.42 26.88 31.23 29.93 30.97 31.44 33.40 31.12 32.40 30.00 24.74 31.34 31.43 31.05 29.90 27.52 26.90 23.82 20.27 19.54 22.77 21.23 22.44 27.06 30.92 30.01 27.48 17.45 11.97 11.95 13.04 18.53 21.82 37.90 34.33 26.11 17.82 17.75 20.64 21.54
-9999 -9999 34.13 -9999 -9999 -9999 -9999 -9999 -9999 -9999 -9999 26.44 27.35 28.66 29.48 27.45 26.95 25.37 30.44 40.27 49.26 48.30 37.55 31.61 23.16 22.31 26.97 33.30 35.65 33.66 22.37 30.73 29.84 27.10 24.31 26.04 20.78 22.24 26.71 31.49 27.34 28.69 31.92 32.44 33.79 35.30 39.25 39.27 40.97 35.84 35.41 26.90 27.43 26.69 20.85 17.75 19.73 21.97 20.50 25.05 26.58 33.93 24.83 17.76 13.71 12.06 12.73 18.48 24.09 23.51 23.52 22.85 19.55 21.73 19.47 21.48 26.20
-9999 -9999 -9999 -9999 -9999 -9999 -9999 -9999 -9999 -9999 -9999 25.30 26.72 27.03 28.28 24.61 -9999 -9999 25.99 40.22 39.75 39.11 29.81 26.55 23.44 24.65 20.43 26.55 29.86 28.61 26.31 25.50 23.36 23.75 24.35 22.43 18.89 22.99 28.67 30.37 31.10 28.91 37.77 36.99 42.23 41.66 38.20 39.89 46.37 49.88 33.22 26.38 24.08 22.59 20.36 20.45 19.51 18.20 17.09 21.09 21.25 25.02 21.63 17.62 14.10 14.79 14.71 20.88 30.47 24.94 22.90 20.82 19.07 19.02 19.93 21.41 29.55
-9999 -9999 -9999 -9999 -9999 -9999 -9999 -9999 -9999 -9999 -9999 -9999 -9999 -9999 -9999 -9999 -9999 -9999 24.18 27.57 25.89 24.66 23.24 21.46 17.80 17.30 17.15 22.52 22.61 23.72 24.16 25.23 -9999 23.82 24.44 27.42 32.87 25.02 32.50 32.85 32.47 31.52 33.50 34.17 36.03 33.41 36.15 37.14 39.26 33.86 27.31 26.76 19.95 20.77 22.17 21.15 22.14 19.87 16.05 18.80 20.08 17.58 18.66 18.65 16.29 14.93 18.62 23.94 29.74 33.02 22.61 18.72 12.74 16.01 16.63 19.63 26.03
-9999 -9999 -9999 -9999 -9999 -9999 -9999 -9999 -9999 -9999 -9999 -9999 -9999 -9999 -9999 -9999 -9999 -9999 -9999 21.26 22.46 22.55 22.89 21.48 17.91 17.10 22.27 21.50 -9999 -9999 -9999 -9999 22.66 22.53 24.56 28.51 31.09 36.79 36.81 29.88 29.20 27.27 33.46 36.90 31.35 32.93 21.30 29.49 31.92 32.09 27.36 25.77 24.26 20.41 20.65 19.87 19.95 19.30 16.51 18.29 19.05 17.96 17.54 16.42 12.53 15.68 19.54 22.16 32.88 29.73 17.22 18.19 17.71 16.02 19.53 23.37 28.85
-9999 -9999 -9999 -9999 -9999 -9999 -9999 -9999 -9999 -9999 -9999 -9999 -9999 -9999 -9999 -9999 -9999 -9999 -9999 -9999 21.82 24.36 21.34 20.07 19.15 17.81 18.17 -9999 -9999 -9999 -9999 18.66 28.57 27.89 21.20 23.36 25.97 49.62 38.69 33.63 29.88 29.68 34.97 36.17 38.79 38.10 26.42 29.12 30.27 29.87 23.89 26.01 23.59 20.87 17.72 18.17 17.50 17.88 17.15 19.90 21.67 20.22 18.57 16.69 14.80 14.67 18.25 21.93 24.06 21.31 16.32 20.25 18.27 24.42 31.16 31.71 34.76
-9999 -9999 -9999 -9999 -9999 -9999 -9999 -9999 -9999 -9999 -9999 -9999 -9999 -9999 -9999 -9999 -9999 -9999 -9999 -9999 -9999 20.76 18.24 19.64 18.56 15.10 16.50 -9999 -9999 -9999 15.46 20.38 23.89 25.59 22.81 17.33 19.14 29.24 24.19 27.91 31.63 31.01 37.59 49.34 49.36 38.86 33.75 30.07 29.40 32.11 28.60 24.42 22.23 20.94 20.76 18.08 15.87 17.46 19.21 21.64 24.81 23.87 20.23 17.68 18.13 13.64 16.75 18.11 16.80 16.12 17.91 21.86 24.59 27.99 29.47 45.71 39.97
-9999 -9999 -9999 -9999 -9999 -9999 -9999 -9999 -9999 -9999 -9999 -9999 -9999 -9999 -9999 -9999 -9999 -9999 -9999 -9999 -9999 -9999 -9999 -9999 -9999 -9999 -9999 -9999 -9999 22.91 19.24 21.24 18.72 21.89 20.60 18.28 23.23 24.71 23.29 21.69 29.77 31.10 29.35 40.51 38.79 31.46 30.61 32.04 28.48 29.38 31.56 26.17 23.09 20.74 22.45 18.49 14.85 17.84 22.39 26.51 28.61 21.87 18.10 17.78 17.76 17.34 21.01 19.62 18.89 20.95 22.31 26.96 28.96 30.09 38.89 42.19 41.76
-9999 -9999 -9999 -9999 -9999 -9999 -9999 -9999 -9999 -9999 -9999 -9999 -9999 -9999 -9999 -9999 -9999 -9999 -9999 -9999 -9999 -9999 -9999 -9999 -9999 -9999 -9999 -9999 -9999 20.67 26.86 28.80 31.91 29.03 31.72 24.14 21.34 23.77 25.45 21.33 25.68 28.02 25.11 35.20 39.47 31.98 30.64 34.95 33.46 23.88 30.83 29.29 23.54 21.93 19.95 20.57 21.38 20.11 22.90 29.42 30.38 20.80 16.73 14.57 15.98 16.94 17.04 16.95 21.50 25.46 25.00 28.66 32.70 38.26 38.49 34.62 42.75
-9999 -9999 -9999 -9999 -9999 -9999 -9999 -9999 -9999 -9999 -9999 -9999 -9999 -9999 -9999 -9999 -9999 -9999 -9999 -9999 -9999 -9999 -9999 -9999 -9999 -9999 -9999 -9999 -9999 15.56 20.93 28.57 29.72 30.55 22.82 27.34 26.75 25.45 29.81 29.13 29.50 34.82 32.78 40.86 39.95 36.79 31.35 31.16 31.15 29.69 25.92 26.00 20.46 15.71 16.23 16.74 21.05 22.33 24.32 27.46 29.59 19.74 15.11 15.04 16.53 16.72 13.77 18.86 29.74 25.59 25.43 27.43 40.06 38.12 40.04 39.92 42.37
-9999 -9999 -9999 -9999 -9999 -9999 -9999 -9999 -9999 -9999 -9999 -9999 20.20 21.53 14.11 25.08 21.46 23.55 23.64 25.26 17.36 29.05 21.60 -9999 -9999 -9999 -9999 -9999 -9999 20.51 23.95 20.65 22.52 28.29 39.54 25.48 30.96 32.20 27.48 31.52 34.27 34.13 31.66 42.80 40.23 33.83 29.71 26.68 29.55 29.85 31.17 24.61 19.74 17.27 20.09 22.39 21.93 24.59 25.71 29.02 26.14 22.73 17.39 16.05 18.14 15.40 13.90 19.84 29.61 29.24 31.04 31.81 42.16 37.53 37.69 37.45 35.57
-9999 -9999 -9999 -9999 -9999 -9999 -9999 -9999 -9999 -9999 -9999 -9999 25.89 24.75 25.87 21.86 40.16 40.86 25.54 29.51 33.26 29.86 23.53 18.67 19.39 27.40 27.34 23.72 25.07 28.71 27.17 22.20 25.40 29.87 32.33 33.78 37.99 36.13 30.50 36.36 33.32 30.06 31.97 38.02 38.51 32.23 24.99 27.03 33.43 28.82 23.52 20.35 21.26 21.66 22.15 22.80 22.95 23.62 23.21 25.52 23.73 21.22 19.43 15.96 22.55 22.38 26.71 28.99 30.06 30.83 32.98 45.01 40.53 34.43 37.86 34.88 38.97
-9999 -9999 -9999 -9999 -9999 -9999 -9999 -9999 -9999 -9999 -9999 18.00 22.20 25.57 25.70 26.18 34.35 40.66 38.30 39.42 37.02 32.31 26.31 17.68 21.45 27.31 27.36 26.38 34.32 26.37 34.07 27.98 32.75 29.77 30.00 28.86 33.84 28.38 43.43 38.17 37.24 34.31 31.21 30.70 34.52 28.75 24.50 25.83 27.04 28.42 19.65 21.57 22.84 18.27 19.76 26.55 24.93 22.14 22.35 21.28 23.37 21.60 22.34 15.17 18.40 27.37 33.24 34.29 31.18 30.35 41.95 40.18 37.50 37.73 42.68 43.02 52.52
-9999 -9999 -9999 -9999 -9999 -9999 -9999 -9999 -9999 -9999 -9999 -9999 20.78 23.35 21.39 23.00 29.64 31.79 36.35 39.79 28.51 24.75 24.54 28.69 26.69 27.88 31.25 30.57 26.74 24.65 24.89 22.38 29.27 25.68 24.88 26.86 30.47 35.52 39.15 35.51 35.49 33.09 27.95 29.42 27.21 26.03 24.12 25.15 26.72 25.99 22.32 22.16 22.04 19.75 17.96 21.14 24.48 22.49 17.99 22.05 15.72 18.91 20.66 22.31 24.68 29.40 32.74 40.06 41.07 57.07 41.42 43.30 41.53 42.85 43.25 45.56 55.58
-9999 -9999 -9999 -9999 -9999 -9999 -9999 -9999 25.93 -9999 -9999 20.02 20.14 31.25 22.54 23.16 26.94 25.29 29.27 30.68 31.39 27.70 29.08 34.23 25.87 28.10 24.63 25.40 22.26 21.69 25.42 15.34 31.35 24.73 20.78 26.32 33.84 37.10 34.66 30.41 30.19 29.75 33.14 33.93 29.09 25.91 20.89 20.31 25.67 24.86 25.69 23.14 22.19 25.59 23.53 25.51 26.65 26.61 21.37 21.82 18.07 18.84 22.89 28.19 27.94 27.82 30.43 31.95 39.17 46.03 37.57 33.78 34.52 42.46 39.68 38.44 36.50
-9999 -9999 -9999 -9999 -9999 -9999 -9999 27.16 27.36 28.43 28.98 22.89 21.40 27.11 22.90 17.06 20.74 20.99 24.40 24.32 31.56 36.57 33.65 33.53 28.04 26.02 24.96 27.96 23.39 25.88 22.53 25.77 26.80 28.11 28.06 24.72 30.08 29.94 29.01 33.25 29.77 31.71 32.54 32.54 26.91 27.80 22.93 24.51 30.02 30.25 26.83 24.84 21.07 27.59 26.23 23.19 22.18 20.05 21.59 23.41 23.63 25.78 27.60 32.30 36.61 31.72 32.48 34.04 42.25 42.92 39.03 36.57 37.36 43.00 44.12 35.91 38.11
-9999 -9999 -9999 -9999 -9999 -9999 -9999 25.35 26.81 26.32 26.74 19.29 16.59 19.57 22.89 25.06 23.56 20.17 22.33 20.38 30.56 42.27 35.15 34.28 31.76 37.29 40.28 34.52 28.54 29.41 19.83 22.47 28.11 28.92 26.77 19.54 26.15 29.47 29.92 36.98 36.12 34.99 40.14 28.06 24.60 28.44 27.09 30.54 30.44 28.44 26.19 26.79 25.28 28.40 28.48 26.06 27.77 32.09 24.69 31.89 29.33 32.34 35.80 39.84 42.88 40.84 38.89 42.80 52.13 46.74 42.74 44.98 46.62 46.51 46.68 44.01 42.64
-9999 -9999 -9999 -9999 -9999 -9999 -9999 19.11 25.72 30.25 31.28 20.80 18.04 17.93 22.50 20.94 21.40 29.62 26.75 22.27 30.41 33.21 28.62 32.01 35.29 48.44 46.23 42.15 39.75 27.72 27.09 30.12 35.18 32.06 31.15 31.22 29.48 27.12 31.32 36.61 42.23 34.48 38.20 30.55 31.16 31.72 27.79 30.74 29.82 27.86 24.54 26.19 26.68 29.11 27.18 27.05 29.61 35.77 33.49 32.02 33.52 40.36 45.02 40.40 51.12 49.95 47.43 49.24 64.03 58.98 54.86 47.11 46.66 43.59 43.20 40.09 38.71
-9999 -9999 -9999 -9999 -9999 -9999 -9999 14.72 28.85 32.64 33.44 28.36 21.30 21.94 19.77 20.85 21.80 29.84 28.57 27.24 37.00 37.14 37.96 36.07 41.24 52.67 46.05 42.64 36.15 26.12 24.90 33.36 34.50 31.32 28.57 29.43 28.18 30.11 31.98 38.97 33.53 36.10 36.76 31.16 39.02 37.77 36.86 31.88 27.84 26.71 25.59 26.47 28.08 29.40 31.16 35.49 28.98 37.35 33.04 28.47 32.47 35.94 40.47 41.00 42.59 49.21 58.24 58.36 53.00 53.74 55.52 50.86 43.41 42.07 44.47 47.03 43.19
-9999 -9999 -9999 -9999 -9999 -9999 -9999 21.95 34.62 41.65 38.71 40.77 31.99 26.68 22.30 19.60 22.62 35.48 29.48 31.23 61.60 55.60 37.25 39.91 44.15 42.34 41.80 46.29 39.31 24.58 33.95 37.47 27.48 34.02 31.76 31.16 33.02 35.37 34.03 39.42 33.66 31.49 33.04 32.17 31.66 32.38 29.97 32.09 26.59 24.93 21.68 23.17 27.62 28.83 31.24 30.45 31.75 42.28 44.51 38.63 40.87 40.49 39.64 37.30 40.33 43.72 47.19 -9999 -9999 45.09 52.47 51.73 47.01 46.74 53.37 40.56 -9999
-9999 -9999 -9999 -9999 -9999 -9999 25.43 26.58 39.21 39.81 40.42 44.80 37.83 30.98 25.66 21.60 22.38 26.81 22.89 25.74 62.55 56.72 34.57 32.64 36.43 40.55 46.94 48.90 41.70 47.33 41.37 31.65 28.01 30.08 32.09 32.60 33.43 34.08 39.02 36.68 30.98 32.59 33.27 28.33 27.98 28.87 27.62 33.65 29.51 25.41 25.07 26.78 34.92 -9999 -9999 32.39 33.22 50.48 41.81 39.39 36.43 40.03 -9999 -9999 -9999 -9999 -9999 -9999 -9999 -9999 -9999 -9999 44.01 41.19 44.64 45.67 -9999
-9999 -9999 -9999 -9999 -9999 34.45 34.41 31.70 38.80 40.24 34.30 39.27 37.80 27.89 25.80 22.03 24.59 23.27 24.90 30.29 30.75 28.91 24.99 27.50 33.30 44.12 49.23 46.55 46.00 48.98 34.27 26.20 31.88 35.12 33.57 34.23 31.17 29.26 31.54 30.05 29.19 28.60 28.87 26.18 30.13 28.51 26.46 28.61 30.09 24.90 -9999 33.78 38.65 37.33 39.02 39.78 -9999 -9999 -9999 -9999 39.68 -9999 -9999 -9999 -9999 -9999 -9999 -9999 -9999 -9999 -9999 -9999 -9999 -9999 -9999 -9999 -9999
-9999 -9999 -9999 -9999 29.90 37.59 36.80 45.28 38.48 48.51 46.29 38.98 52.56 35.59 38.80 36.85 25.99 25.90 43.09 33.18 29.38 18.29 18.04 25.96 29.55 34.34 34.28 34.98 -9999 -9999 -9999 -9999 -9999 32.12 34.14 40.47 35.90 32.86 30.64 32.16 30.74 26.79 27.74 28.58 -9999 -9999 -9999 -9999 -9999 32.12 33.98 36.85 45.66 44.54 48.07 46.38 -9999 -9999 -9999 -9999 -9999 -9999 -9999 -9999 -9999 -9999 -9999 -9999 -9999 -9999 -9999 -9999 -9999 -9999 -9999 -9999 -9999
-9999 -9999 -9999 26.28 29.00 47.63 47.88 55.32 39.98 36.04 30.06 35.92 38.26 37.68 47.25 52.72 33.87 38.18 36.14 39.09 28.43 26.81 20.96 22.31 26.81 -9999 -9999 -9999 -9999 -9999 -9999 -9999 -9999 -9999 26.04 31.56 27.73 32.85 34.80 37.55 32.74 31.99 31.04 33.12 -9999 -9999 -9999 -9999 -9999 -9999 -9999 43.44 46.89 45.23 47.26 -9999 -9999 -9999 -9999 -9999 -9999 -9999 -9999 -9999 -9999 -9999 -9999 -9999 -9999 -9999 -9999 -9999 -9999 -9999 -9999 -9999 -9999
23.69 25.74 30.80 33.38 32.06 53.69 53.23 48.41 42.09 36.89 39.99 37.03 33.98 32.85 49.98 42.84 38.59 35.86 32.85 25.92 30.47 37.55 27.02 -9999 -9999 -9999 -9999 -9999 -9999 -9999 -9999 -9999 -9999 -9999 -9999 -9999 29.16 -9999 -9999 -9999 -9999 27.88 32.91 34.44 -9999 -9999 -9999 -9999 -9999 -9999 -9999 -9999 41.69 47.31 37.18 -9999 -9999 -9999 -9999 -9999 -9999 -9999 -9999 -9999 -9999 -9999 -9999 -9999 -9999 -9999 -9999 -9999 -9999 -9999 -9999 -9999 -9999
24.69 24.62 20.78 28.81 47.58 61.88 56.22 53.05 45.19 40.73 38.00 30.49 29.81 39.55 58.35 47.33 41.95 33.87 32.93 19.86 23.70 21.83 -9999 -9999 -9999 -9999 -9999 -9999 -9999 -9999 -9999 -9999 -9999 -9999 -9999 -9999 26.96 -9999 -9999 -9999 -9999 -9999 -9999 -9999 -9999 -9999 -9999 -9999 -9999 -9999 -9999 -9999 -9999 -9999 -9999 -9999 -9999 -9999 -9999 -9999 -9999 -9999 -9999 -9999 -9999 -9999 -9999 -9999 -9999 -9999 -9999 -9999 -9999 -9999 -9999 -9999 -9999
22.25 25.76 30.39 38.50 54.09 61.19 54.92 49.34 39.02 36.84 32.40 30.10 32.27 35.37 45.93 51.01 56.32 31.60 25.94 23.01 23.26 22.01 -9999 -9999 -9999 -9999 -9999 -9999 -9999 -9999 -9999 -9999 -9999 -9999 -9999 -9999 -9999 -9999 -9999 -9999 -9999 -9999 -9999 -9999 -9999 -9999 -9999 -9999 -9999 -9999 -9999 -9999 -9999 -9999 -9999 -9999 -9999 -9999 -9999 -9999 -9999 -9999 -9999 -9999 -9999 -9999 -9999 -9999 -9999 -9999 -9999 -9999 -9999 -9999 -9999 -9999 -9999
19.48 24.98 33.15 45.77 59.17 58.65 48.97 53.36 43.84 32.27 26.49 27.09 30.64 34.96 43.02 45.74 49.86 32.51 26.77 22.86 19.60 13.07 -9999 -9999 -9999 -9999 -9999 -9999 -9999 -9999 -9999 -9999 -9999 -9999 -9999 -9999 -9999 -9999 -9999 -9999 -9999 -9999 -9999 -9999 -9999 -9999 -9999 -9999 -9999 -9999 -9999 -9999 -9999 -9999 -9999 -9999 -9999 -9999 -9999 -9999 -9999 -9999 -9999 -9999 -9999 -9999 -9999 -9999 -9999 -9999 -9999 -9999 -9999 -9999 -9999 -9999 -9999
