Rainfall_2007-2011/Rainfall_2007-01_ACTUAL.txt
ncols         180
nrows         290
xllcorner     -200000
yllcorner     -200000
cellsize      5000
NODATA_value  -9999
[rows 198 to 230 of 290, columns 76 to 151 of 180]
-9999 -9999 -9999 -9999 -9999 -9999 -9999 -9999 -9999 -9999 -9999 124.13 125.23 154.51 197.33 164.10 199.08 187.82 193.29 218.77 321.18 299.77 264.15 247.50 164.85 185.58 154.42 186.82 141.60 116.19 105.52 86.20 78.61 67.04 61.61 74.99 66.89 82.48 82.25 76.30 76.65 66.15 66.84 65.53 66.25 72.38 70.04 57.00 56.49 61.26 58.52 64.61 68.31 69.27 69.29 65.54 65.04 63.66 57.91 65.35 68.28 61.57 61.46 56.50 62.42 64.39 60.86 62.76 62.43 66.23 64.15 66.40 60.23 58.13 55.42 56.51
-9999 -9999 -9999 -9999 -9999 -9999 -9999 117.28 83.79 120.51 158.68 157.65 153.02 172.33 162.42 179.64 185.18 223.64 224.00 255.66 291.30 277.50 249.39 215.38 179.61 190.02 159.66 211.92 179.66 133.38 97.82 85.18 76.29 81.63 63.15 78.95 79.89 84.19 75.52 70.46 70.70 64.41 60.41 49.71 65.15 62.90 54.77 51.60 56.71 63.67 64.63 61.83 72.30 64.24 62.73 69.70 68.59 70.69 66.65 67.39 66.56 57.01 63.30 81.25 63.82 57.75 57.97 59.09 60.84 62.17 64.13 61.74 57.04 54.59 56.55 55.86
-9999 -9999 -9999 -9999 -9999 -9999 140.24 141.07 153.26 159.04 132.37 167.48 162.18 188.67 201.18 141.15 181.70 225.25 289.60 260.19 292.09 262.67 236.52 254.37 209.41 171.58 198.59 156.44 142.43 106.08 85.65 77.06 88.24 71.02 68.35 65.65 72.01 80.97 71.31 94.30 76.91 69.25 57.93 51.40 64.45 64.64 53.18 51.51 60.15 65.20 66.28 76.90 65.00 60.63 63.28 59.47 66.55 69.49 63.24 57.79 60.97 62.82 72.54 73.57 66.16 58.58 61.43 58.92 55.30 54.06 53.56 54.01 56.72 51.16 54.05 47.40
-9999 -9999 -9999 -9999 -9999 132.15 140.05 139.16 148.98 155.57 161.56 164.55 184.78 192.84 195.34 222.67 192.49 226.56 299.39 249.77 263.13 256.12 265.20 235.18 222.11 184.94 143.19 108.66 90.62 137.17 109.69 80.43 69.81 61.76 64.77 72.25 65.83 70.11 72.95 72.07 73.09 66.26 56.58 61.59 75.70 62.60 55.05 72.58 63.69 62.41 64.17 66.48 67.11 65.61 62.81 66.58 65.48 70.57 73.54 67.17 64.84 70.64 82.13 80.70 64.97 62.74 57.59 52.73 56.13 55.01 54.63 58.29 64.22 50.38 51.60 55.58
-9999 104.39 134.64 141.17 165.77 145.30 156.42 170.05 168.59 168.50 177.18 176.96 202.62 215.64 244.75 255.68 235.06 247.50 267.69 258.16 235.80 256.46 232.02 216.16 186.37 184.28 139.75 94.42 113.55 129.25 106.57 111.21 77.85 67.95 68.32 63.36 79.72 53.44 67.40 67.14 59.35 52.13 50.22 69.44 59.63 60.77 72.38 70.59 68.45 67.26 67.60 63.38 69.69 69.28 68.56 64.73 59.34 61.41 70.74 67.10 72.56 80.37 95.93 64.09 64.00 61.38 56.45 51.49 52.27 60.24 69.42 64.05 65.13 59.40 57.53 49.93
91.68 125.59 146.26 161.75 194.43 218.47 212.14 195.92 198.01 204.86 204.79 195.02 208.08 223.02 216.46 216.04 237.31 225.82 238.25 240.35 233.01 284.27 218.71 213.27 197.03 153.62 161.25 143.68 203.61 148.66 126.36 95.22 87.69 66.62 81.09 68.78 63.67 56.81 59.36 59.92 54.83 45.54 46.09 55.37 55.81 80.80 76.97 80.69 68.95 67.49 79.98 75.80 75.84 75.48 68.59 68.04 65.97 62.14 66.49 69.47 81.15 77.61 92.63 82.08 63.79 66.05 59.79 58.62 57.09 64.39 65.79 60.29 61.32 56.57 59.09 62.25
90.07 115.04 142.01 154.62 187.82 208.01 177.23 176.75 204.73 188.89 191.19 180.87 201.43 221.09 198.67 175.35 195.12 185.66 221.41 276.93 243.52 306.05 262.56 258.58 170.30 191.42 160.28 188.09 179.87 167.48 131.45 106.93 99.56 78.89 77.04 66.41 55.88 51.98 63.99 61.23 56.69 54.64 51.28 35.84 65.26 76.49 93.08 82.43 76.86 69.89 68.73 78.03 82.12 76.63 75.99 65.12 68.45 73.11 71.63 74.67 82.38 79.51 68.91 62.26 61.49 67.70 69.63 71.06 65.68 66.11 68.99 57.00 63.42 62.29 63.49 57.07
86.24 93.88 131.48 133.33 155.88 156.75 152.07 154.92 162.13 164.19 155.19 165.79 171.66 175.69 166.90 190.13 202.45 229.81 266.19 362.96 447.73 365.32 355.27 363.62 312.61 351.07 299.26 190.99 216.18 158.19 103.96 82.89 103.27 93.25 71.77 60.98 72.61 68.94 68.63 60.82 54.65 56.85 57.55 67.25 84.25 100.91 99.51 91.23 81.34 79.25 69.29 79.71 78.99 73.87 72.43 69.97 76.33 73.47 82.74 75.67 73.84 74.78 66.81 69.37 71.60 72.24 70.83 61.56 65.86 73.06 60.76 67.52 67.32 62.76 56.70 53.74
-9999 104.32 114.63 128.87 139.17 134.52 137.89 150.83 152.74 160.49 147.77 150.30 153.69 166.61 177.43 227.67 212.80 253.36 299.79 344.13 391.75 411.60 370.25 414.01 386.11 332.94 359.40 241.04 149.65 127.02 137.19 85.88 102.35 99.18 95.22 85.42 101.48 95.59 76.88 65.14 64.89 69.35 79.77 98.59 102.86 109.43 95.23 89.12 80.92 92.99 93.60 82.12 75.92 78.17 70.91 66.56 69.33 81.61 79.32 67.82 69.87 74.93 76.24 82.60 86.16 78.60 71.24 68.08 67.06 74.78 67.44 65.34 62.96 66.91 57.66 46.33
92.81 100.09 106.08 114.91 118.00 126.66 134.74 143.73 126.18 135.45 138.73 136.03 143.63 171.58 169.17 205.13 200.16 226.06 252.27 285.00 262.82 291.17 321.56 353.45 342.18 329.27 253.86 205.15 191.72 197.58 153.32 111.42 103.61 108.67 101.39 114.92 112.53 109.40 88.42 80.33 67.51 104.68 112.94 97.08 97.08 90.59 89.75 87.65 91.97 98.81 97.95 85.75 80.84 77.52 74.53 68.00 69.70 71.42 75.60 69.36 66.05 76.69 79.66 92.49 77.65 81.44 81.54 73.12 71.89 69.76 64.96 68.99 77.42 77.29 67.49 61.34
85.11 90.42 90.69 101.57 107.51 114.15 113.50 110.02 98.86 102.31 112.04 125.00 132.11 146.29 181.14 182.01 223.82 233.26 261.88 300.83 283.81 255.48 297.23 304.92 276.32 253.31 254.35 231.92 152.94 258.72 168.63 154.25 106.15 103.85 112.95 112.72 121.67 110.89 103.16 100.43 91.97 89.93 101.03 97.46 86.70 98.04 89.42 90.90 94.56 94.78 85.18 80.59 74.12 86.69 73.34 66.72 61.25 65.86 67.90 76.29 87.45 86.09 86.56 91.91 85.88 83.86 81.12 86.40 71.87 74.40 70.82 67.17 79.54 79.36 62.60 57.63
-9999 85.31 89.53 98.37 103.38 102.17 111.32 -9999 -9999 -9999 -9999 101.76 120.94 138.60 141.45 151.70 174.41 188.94 213.39 247.06 236.52 382.14 501.35 369.87 310.47 262.78 270.96 250.90 206.60 196.43 182.61 156.83 122.55 115.65 106.17 113.65 100.70 93.58 106.14 102.30 120.76 95.01 106.97 99.09 90.83 92.02 94.12 96.79 89.81 85.38 82.41 80.83 72.70 82.76 79.11 75.46 61.86 71.40 73.41 81.62 98.72 98.53 96.12 99.05 94.29 79.84 73.14 72.10 65.01 74.14 75.87 66.91 61.05 68.75 62.88 55.27
-9999 85.53 91.02 97.31 93.68 101.91 75.64 -9999 -9999 -9999 -9999 -9999 -9999 -9999 127.49 143.93 147.21 149.47 169.82 210.80 277.84 366.16 469.17 462.42 318.08 309.13 310.50 221.13 232.27 264.14 208.45 154.34 164.32 142.85 134.87 108.32 103.21 101.88 105.95 115.51 116.10 102.04 107.00 86.93 90.89 80.96 84.77 86.36 87.46 77.99 89.78 76.91 66.74 65.41 68.54 71.01 71.53 78.63 81.04 79.50 93.00 97.65 100.51 98.03 87.02 78.12 69.60 71.74 70.24 106.06 110.86 66.78 60.48 51.11 55.49 53.51
-9999 -9999 -9999 88.09 -9999 -9999 -9999 -9999 -9999 -9999 -9999 -9999 77.62 107.78 133.47 131.50 124.31 128.29 142.35 178.39 237.88 308.30 377.44 355.33 294.19 296.30 311.91 220.61 213.99 206.35 168.35 149.41 174.26 152.50 134.49 112.23 110.52 114.28 109.51 128.17 126.23 114.58 114.46 94.26 84.62 81.97 79.91 88.06 81.85 73.68 61.71 61.62 64.27 66.10 68.69 68.72 66.35 83.19 95.65 92.15 102.70 94.44 90.70 84.55 65.90 60.33 71.16 72.79 74.88 68.87 61.54 64.05 67.48 71.87 56.23 55.76
-9999 -9999 -9999 -9999 -9999 -9999 -9999 -9999 -9999 -9999 -9999 -9999 65.33 95.17 121.31 101.36 93.82 -9999 -9999 129.90 167.50 170.78 244.02 238.31 239.36 241.31 257.36 195.39 180.13 175.65 164.05 143.70 148.08 133.57 113.15 107.35 107.36 113.18 112.56 118.29 118.68 121.03 116.19 93.19 90.29 82.30 77.48 85.84 82.74 70.34 78.50 85.10 72.52 77.56 72.91 71.75 74.54 76.54 84.80 96.44 87.13 78.66 83.08 72.69 70.11 62.97 67.84 66.43 64.57 67.02 55.81 59.55 57.28 57.31 52.83 52.99
-9999 -9999 -9999 -9999 -9999 -9999 -9999 -9999 -9999 -9999 -9999 -9999 -9999 -9999 -9999 -9999 -9999 -9999 -9999 104.70 103.22 123.48 163.81 151.05 191.01 175.54 215.92 194.45 164.34 153.07 145.22 135.32 127.01 -9999 107.96 108.62 117.30 119.52 109.44 124.57 120.40 123.14 107.52 89.25 80.27 86.96 84.00 91.61 98.44 86.03 85.69 94.01 103.96 92.07 82.96 90.32 83.47 85.61 86.06 86.51 76.94 71.92 66.03 66.27 71.42 65.82 65.77 62.41 60.89 62.80 57.32 56.28 53.20 51.94 48.06 49.46
-9999 -9999 -9999 -9999 -9999 -9999 -9999 -9999 -9999 -9999 -9999 -9999 -9999 -9999 -9999 -9999 -9999 -9999 -9999 -9999 109.45 122.78 136.86 152.12 162.23 166.69 185.08 183.43 152.77 -9999 -9999 -9999 -9999 109.40 101.75 110.48 119.71 121.62 110.45 123.30 112.98 110.09 99.65 85.97 86.88 81.89 95.01 97.74 112.17 101.82 101.89 101.50 101.78 94.82 85.48 87.97 76.20 81.05 77.79 68.92 65.64 59.96 63.50 56.90 59.15 56.41 62.87 59.09 54.27 53.46 53.81 52.68 53.09 54.36 49.71 46.47
-9999 -9999 -9999 -9999 -9999 -9999 -9999 -9999 -9999 -9999 -9999 -9999 -9999 -9999 -9999 -9999 -9999 -9999 -9999 -9999 -9999 122.65 140.73 147.02 140.54 148.91 145.03 132.05 -9999 -9999 -9999 -9999 117.34 123.04 120.65 117.58 125.01 103.10 118.10 121.97 114.73 106.31 99.14 99.53 92.10 98.40 108.91 101.98 107.30 104.36 104.84 99.42 84.88 72.85 92.78 81.88 80.54 71.33 67.96 65.97 63.21 58.63 63.39 64.24 59.86 58.44 61.40 58.35 56.51 54.14 55.62 50.66 56.09 51.48 50.38 52.57
-9999 -9999 -9999 -9999 -9999 -9999 -9999 -9999 -9999 -9999 -9999 -9999 -9999 -9999 -9999 -9999 -9999 -9999 -9999 -9999 -9999 -9999 122.99 109.76 126.32 112.58 107.69 101.66 -9999 -9999 -9999 105.94 109.05 108.82 102.80 107.13 111.06 99.29 104.06 95.50 109.17 104.37 93.48 105.90 105.43 105.96 94.05 104.61 102.46 102.90 100.91 98.43 90.74 96.02 85.23 85.28 80.59 76.74 64.20 69.35 66.98 60.06 66.17 71.28 67.09 56.31 69.73 55.57 53.93 52.09 56.04 58.59 59.98 62.33 55.56 56.56
-9999 -9999 -9999 -9999 -9999 -9999 -9999 -9999 -9999 -9999 -9999 -9999 -9999 -9999 -9999 -9999 -9999 -9999 -9999 -9999 -9999 -9999 -9999 -9999 -9999 -9999 -9999 -9999 -9999 -9999 97.74 102.41 102.44 97.33 105.08 124.82 109.08 109.35 101.17 95.51 99.73 92.85 84.71 78.19 86.02 92.33 90.53 95.49 103.30 110.16 108.28 118.90 109.34 100.87 87.70 89.06 81.85 81.96 74.58 70.18 71.46 72.13 71.85 59.97 62.45 58.97 61.79 60.00 52.69 55.15 69.23 74.46 77.79 71.54 57.94 67.54
-9999 -9999 -9999 -9999 -9999 -9999 -9999 -9999 -9999 -9999 -9999 -9999 -9999 -9999 -9999 -9999 -9999 -9999 -9999 -9999 -9999 -9999 -9999 -9999 -9999 -9999 -9999 -9999 -9999 -9999 79.85 94.10 95.05 142.19 137.86 112.89 116.57 116.51 102.90 97.33 83.88 83.88 81.89 74.25 83.38 86.41 89.90 102.50 108.74 121.68 113.42 122.32 121.01 103.69 101.87 93.93 77.65 56.95 66.92 70.18 69.49 67.78 68.12 64.55 64.71 62.24 64.50 68.38 73.30 69.38 86.16 77.11 83.33 77.92 68.48 75.84
-9999 -9999 -9999 -9999 -9999 -9999 -9999 -9999 -9999 -9999 -9999 -9999 -9999 -9999 -9999 -9999 -9999 -9999 -9999 -9999 -9999 -9999 -9999 -9999 -9999 -9999 -9999 -9999 -9999 -9999 62.95 72.46 89.38 96.98 106.76 119.13 118.08 120.54 119.78 102.85 97.83 90.93 103.11 96.24 94.61 95.68 87.23 91.34 93.28 103.36 110.36 102.52 104.18 100.36 95.24 98.47 87.82 61.80 83.01 81.39 75.16 68.33 74.38 69.28 69.18 73.46 80.01 71.05 75.78 84.50 80.12 81.44 81.62 84.69 58.36 69.48
-9999 -9999 -9999 -9999 -9999 -9999 -9999 -9999 -9999 -9999 -9999 -9999 -9999 111.05 133.24 137.65 183.24 212.38 239.52 273.00 262.03 204.64 180.48 112.06 -9999 -9999 -9999 -9999 -9999 -9999 66.00 65.45 68.98 73.39 80.59 97.59 116.72 120.34 110.67 108.71 104.54 108.44 112.22 99.82 86.88 91.64 84.71 83.55 90.11 92.55 97.36 101.59 97.47 86.29 95.44 103.02 108.70 99.98 95.87 93.97 87.99 77.44 78.40 76.12 75.31 80.26 80.82 75.02 70.81 63.57 73.36 68.32 68.86 63.84 62.42 64.75
-9999 -9999 -9999 -9999 -9999 -9999 -9999 -9999 -9999 -9999 -9999 -9999 -9999 118.36 132.45 155.85 163.96 233.16 328.34 225.96 336.61 249.04 171.05 144.99 104.52 75.86 99.49 93.76 82.25 76.47 69.69 63.15 65.82 71.61 78.66 78.02 105.53 109.61 110.90 102.95 125.73 130.32 122.41 120.11 102.43 86.15 86.90 90.14 88.49 93.92 93.30 87.54 85.70 91.06 89.32 101.36 102.15 106.33 115.44 97.77 94.92 86.21 89.32 81.55 77.21 97.89 80.14 75.66 72.10 65.90 63.00 71.37 76.98 75.09 66.38 70.77
-9999 -9999 -9999 -9999 -9999 -9999 -9999 -9999 -9999 -9999 -9999 -9999 74.29 90.36 121.70 132.06 139.49 173.52 230.59 281.17 270.26 259.76 210.16 160.87 116.98 118.46 105.07 120.96 92.07 83.62 64.24 64.90 62.92 63.29 75.65 89.06 98.46 101.65 85.87 129.07 120.30 140.50 136.77 120.43 102.20 100.22 94.71 94.35 86.44 86.22 90.63 85.84 101.00 87.53 89.91 93.43 106.75 94.20 112.01 104.04 118.90 112.56 97.16 103.72 81.19 78.87 78.21 72.30 64.89 70.76 77.77 87.61 90.20 75.60 77.72 88.23
-9999 -9999 -9999 -9999 -9999 -9999 -9999 -9999 -9999 -9999 -9999 -9999 -9999 85.70 100.92 106.43 126.27 153.81 190.96 224.94 214.84 207.85 192.31 190.72 157.21 146.74 115.74 102.15 91.87 77.16 63.25 55.31 54.55 66.79 76.09 74.17 75.81 89.33 92.94 106.64 102.85 122.65 153.86 105.69 97.31 115.10 107.12 95.31 91.21 96.50 95.35 84.62 91.78 92.21 96.56 99.02 108.84 114.09 115.30 118.86 106.61 110.28 97.74 91.46 74.38 68.32 61.76 63.65 73.20 77.75 80.76 95.63 100.00 87.60 88.34 95.04
-9999 -9999 -9999 -9999 -9999 -9999 -9999 -9999 -9999 112.39 -9999 -9999 122.04 119.67 133.74 113.12 129.02 129.16 147.25 163.76 165.85 139.79 176.54 162.77 161.36 162.96 106.86 92.84 81.87 77.02 64.58 53.16 64.24 64.97 63.40 62.96 67.10 91.49 92.10 89.49 80.97 96.78 101.83 111.12 113.51 110.72 91.65 86.55 83.41 90.95 87.64 96.06 86.78 95.67 104.27 95.51 108.59 112.41 123.60 104.51 103.21 101.29 91.12 83.81 78.92 67.87 66.54 67.31 66.89 70.82 79.39 87.35 79.89 72.89 85.29 99.13
-9999 -9999 -9999 -9999 -9999 -9999 -9999 -9999 128.96 163.99 167.58 179.93 146.12 159.18 147.46 124.88 108.45 124.49 128.95 154.25 155.29 149.79 134.39 132.23 130.55 116.69 103.65 93.54 85.10 102.27 64.48 59.03 62.39 65.50 62.61 61.52 77.11 83.92 82.32 74.15 86.98 94.81 95.36 106.61 108.72 96.11 89.39 86.86 92.42 95.76 97.72 89.04 92.51 97.74 99.98 97.94 97.77 99.17 96.82 101.31 93.65 90.09 91.59 85.00 78.16 74.07 67.45 68.46 66.16 65.86 65.66 77.42 73.94 75.31 72.72 83.12
-9999 -9999 -9999 -9999 -9999 -9999 -9999 -9999 143.54 162.14 169.81 177.00 138.41 163.78 141.04 123.12 136.12 139.96 126.09 140.60 134.20 142.92 123.50 115.65 109.52 100.98 97.28 113.66 102.51 89.69 77.27 61.41 70.52 74.11 76.49 76.21 92.23 83.41 87.51 82.10 83.61 90.21 110.39 92.17 89.56 87.86 87.50 85.50 96.18 93.92 96.29 96.47 89.86 93.93 95.25 90.28 85.70 92.75 92.98 90.47 109.68 93.50 95.27 89.41 83.29 76.78 73.27 70.59 70.02 69.09 75.06 75.71 78.61 73.39 71.44 77.70
-9999 -9999 -9999 -9999 -9999 -9999 -9999 -9999 132.45 143.89 151.18 176.64 147.73 157.47 151.12 135.75 135.97 128.18 113.90 118.79 101.16 117.15 96.59 96.89 88.39 85.58 92.75 105.77 107.88 114.81 102.94 90.46 92.13 69.51 85.44 89.88 96.24 94.83 100.02 88.68 91.29 97.64 88.26 91.01 91.56 90.24 92.15 88.70 93.23 111.72 112.32 95.70 86.83 70.03 78.65 82.95 65.17 75.56 73.94 78.75 99.44 91.34 91.61 101.37 75.17 93.49 86.07 74.59 73.31 89.37 88.55 87.50 74.50 71.30 71.53 74.13
-9999 -9999 -9999 -9999 -9999 -9999 -9999 -9999 101.35 127.88 119.12 120.17 135.06 148.43 136.93 120.45 127.07 117.44 109.68 88.95 101.98 93.31 77.49 83.51 72.99 74.47 92.11 107.98 115.55 125.23 126.99 126.94 100.78 86.52 100.29 115.05 100.70 98.83 106.26 97.43 101.10 99.42 85.40 81.67 87.86 91.52 96.11 94.13 91.24 98.04 97.54 90.16 91.93 72.91 71.96 67.23 76.23 56.82 54.50 60.69 64.65 65.84 65.22 67.61 63.89 72.13 73.74 78.22 72.04 67.54 66.93 81.50 72.15 66.47 76.01 75.37
-9999 -9999 -9999 -9999 -9999 -9999 -9999 -9999 104.03 116.83 129.75 132.80 139.93 144.64 138.94 125.70 110.60 114.57 109.24 89.74 81.35 72.90 70.20 68.53 61.16 66.12 69.48 105.16 105.41 106.93 113.71 133.72 138.39 120.57 131.98 121.51 117.39 129.64 124.42 96.93 105.34 96.13 84.94 95.90 93.87 90.98 98.54 87.87 87.24 86.37 82.27 88.48 80.69 66.92 56.58 50.97 54.73 48.16 52.80 55.33 55.37 57.53 56.46 56.89 55.99 64.50 63.32 58.85 -9999 -9999 56.73 67.26 71.63 71.55 78.94 93.32
-9999 -9999 -9999 -9999 -9999 -9999 -9999 117.73 105.85 116.91 100.24 127.01 139.22 150.17 147.77 153.03 130.35 114.80 101.74 79.41 68.27 62.96 61.56 66.86 58.01 74.75 82.86 103.27 106.35 94.48 108.40 111.53 106.94 109.42 115.23 115.93 117.10 128.98 125.86 112.40 110.58 112.39 106.79 102.65 93.91 86.44 81.02 83.88 85.04 77.54 66.27 71.17 63.25 50.47 -9999 -9999 50.16 43.90 50.13 51.15 50.99 50.60 49.50 -9999 -9999 -9999 -9999 -9999 -9999 -9999 -9999 -9999 -9999 69.21 75.17 82.40
