Rainfall_2007-2011/Rainfall_2011-05_ACTUAL.txt
ncols         180
nrows         290
xllcorner     -200000
yllcorner     -200000
cellsize      5000
NODATA_value  -9999
[rows 102 to 135 of 290, columns 76 to 151 of 180]
237.95 -9999 295.07 349.87 445.46 359.97 493.67 439.85 442.02 395.71 488.35 420.80 426.74 291.86 236.03 261.95 207.18 160.93 179.45 214.44 224.49 171.94 139.55 133.53 124.18 106.89 101.40 95.35 107.61 131.33 100.38 98.61 104.60 107.29 100.89 88.41 86.22 -9999 -9999 -9999 -9999 -9999 -9999 -9999 -9999 -9999 -9999 -9999 -9999 -9999 -9999 -9999 -9999 -9999 -9999 -9999 -9999 -9999 -9999 -9999 -9999 -9999 -9999 -9999 -9999 -9999 -9999 -9999 -9999 -9999 -9999 -9999 -9999 -9999 -9999 -9999
-9999 258.30 257.11 286.63 277.47 440.63 507.04 369.16 403.05 501.66 643.96 475.30 471.79 344.21 275.60 236.86 232.44 216.48 238.22 220.73 200.91 207.43 171.94 130.72 111.65 99.35 98.64 102.16 122.47 99.05 87.51 87.16 97.71 91.61 92.17 -9999 -9999 -9999 -9999 -9999 -9999 -9999 -9999 -9999 -9999 -9999 -9999 -9999 -9999 -9999 -9999 -9999 -9999 -9999 -9999 -9999 -9999 -9999 -9999 -9999 -9999 -9999 -9999 -9999 -9999 -9999 -9999 -9999 -9999 -9999 -9999 -9999 -9999 -9999 -9999 -9999
284.50 289.71 302.16 351.07 324.13 357.75 360.49 344.26 385.98 450.10 496.53 395.64 362.01 300.78 290.34 301.83 185.40 216.67 194.29 194.87 198.93 157.33 134.31 109.27 95.50 87.58 85.69 96.05 90.71 82.36 77.37 75.85 92.26 78.20 -9999 -9999 -9999 -9999 -9999 -9999 -9999 -9999 -9999 -9999 -9999 -9999 -9999 -9999 -9999 -9999 -9999 -9999 -9999 -9999 -9999 -9999 -9999 -9999 -9999 -9999 -9999 -9999 -9999 -9999 -9999 -9999 -9999 -9999 -9999 -9999 -9999 -9999 -9999 -9999 -9999 -9999
299.01 360.99 307.18 333.72 288.62 336.19 413.57 469.49 471.11 429.87 450.19 406.94 440.46 412.41 255.77 235.71 214.40 250.89 208.26 149.02 134.64 128.25 95.60 86.12 84.95 76.43 67.20 80.46 79.74 82.35 95.61 81.33 85.78 86.70 -9999 -9999 -9999 -9999 -9999 -9999 -9999 -9999 -9999 -9999 -9999 -9999 -9999 -9999 -9999 -9999 -9999 -9999 -9999 -9999 -9999 -9999 -9999 -9999 -9999 -9999 -9999 -9999 -9999 -9999 -9999 -9999 -9999 -9999 -9999 -9999 -9999 -9999 -9999 -9999 -9999 -9999
369.83 354.11 379.98 383.12 385.76 451.89 437.01 436.08 417.07 521.22 466.51 451.34 346.94 381.93 293.65 310.23 279.28 209.87 186.12 178.78 145.47 111.92 75.90 71.01 70.60 79.84 75.18 77.69 85.56 83.25 85.49 83.14 80.47 84.72 79.54 -9999 -9999 -9999 -9999 -9999 -9999 -9999 -9999 -9999 -9999 -9999 -9999 -9999 -9999 -9999 -9999 -9999 -9999 -9999 -9999 -9999 -9999 -9999 -9999 -9999 -9999 -9999 -9999 -9999 -9999 -9999 -9999 -9999 -9999 -9999 -9999 -9999 -9999 -9999 -9999 -9999
300.61 364.49 427.44 387.14 393.73 373.88 336.63 400.07 503.36 554.30 414.55 430.17 393.33 313.90 249.53 318.42 231.30 221.97 277.19 194.99 133.38 114.10 90.41 87.90 96.42 101.66 107.92 97.37 86.26 82.01 84.73 98.14 90.07 102.41 89.64 83.00 -9999 -9999 -9999 -9999 -9999 -9999 -9999 -9999 -9999 -9999 -9999 -9999 -9999 -9999 -9999 -9999 -9999 -9999 -9999 -9999 -9999 -9999 -9999 -9999 -9999 -9999 -9999 -9999 -9999 -9999 -9999 -9999 -9999 -9999 -9999 -9999 -9999 -9999 -9999 -9999
316.11 372.39 388.51 421.24 390.69 371.61 354.23 437.96 500.37 627.57 422.68 399.76 363.43 299.14 246.31 243.59 229.13 178.34 157.95 140.27 126.31 124.09 132.67 150.12 142.79 125.04 98.18 94.53 107.60 101.71 96.16 84.68 90.60 82.39 75.54 72.29 71.48 -9999 -9999 -9999 -9999 -9999 -9999 -9999 -9999 -9999 -9999 -9999 -9999 -9999 -9999 -9999 -9999 -9999 -9999 -9999 -9999 -9999 -9999 -9999 -9999 -9999 -9999 -9999 -9999 -9999 -9999 -9999 -9999 -9999 -9999 -9999 -9999 -9999 -9999 -9999
288.73 298.86 397.31 485.14 344.87 361.85 421.82 500.76 462.86 396.40 381.59 515.54 347.80 286.23 241.19 218.83 184.50 158.57 125.79 133.72 131.25 174.72 179.11 154.55 145.59 114.96 100.35 93.66 103.32 96.70 86.54 72.13 67.88 68.44 65.88 66.04 -9999 -9999 -9999 -9999 -9999 -9999 -9999 -9999 -9999 -9999 -9999 -9999 -9999 -9999 -9999 -9999 -9999 -9999 -9999 -9999 -9999 -9999 -9999 -9999 -9999 -9999 -9999 -9999 -9999 -9999 -9999 -9999 -9999 -9999 -9999 -9999 -9999 -9999 -9999 -9999
200.81 294.43 344.52 318.13 348.08 476.43 422.17 450.13 426.00 412.05 387.18 323.81 354.97 259.65 239.30 162.09 148.85 135.76 128.65 108.36 127.60 107.22 108.00 109.09 112.88 114.03 99.31 94.76 91.89 83.12 78.66 68.01 -9999 -9999 -9999 -9999 -9999 -9999 -9999 -9999 -9999 -9999 -9999 -9999 -9999 -9999 -9999 -9999 -9999 -9999 -9999 -9999 -9999 -9999 -9999 -9999 -9999 -9999 -9999 -9999 -9999 -9999 -9999 -9999 -9999 -9999 -9999 -9999 -9999 -9999 -9999 -9999 -9999 -9999 -9999 -9999
219.86 318.47 332.43 305.39 400.94 409.44 455.70 425.59 256.50 277.33 316.04 249.07 220.81 241.24 169.18 167.07 174.42 158.14 155.78 115.20 112.87 96.01 97.10 91.57 93.89 104.32 96.46 97.54 88.89 75.63 -9999 -9999 -9999 -9999 -9999 -9999 -9999 -9999 -9999 -9999 -9999 -9999 -9999 -9999 -9999 -9999 -9999 -9999 -9999 -9999 -9999 -9999 -9999 -9999 -9999 -9999 -9999 -9999 -9999 -9999 -9999 -9999 -9999 -9999 -9999 -9999 -9999 -9999 -9999 -9999 -9999 -9999 -9999 -9999 -9999 -9999
289.22 300.27 294.26 377.29 363.56 408.05 431.81 381.24 299.12 294.66 267.43 192.33 183.51 176.82 174.20 229.79 172.78 176.83 160.19 140.81 142.43 115.98 76.92 78.56 77.43 81.52 81.49 79.28 74.25 61.01 -9999 -9999 -9999 -9999 -9999 -9999 -9999 -9999 -9999 -9999 -9999 -9999 -9999 -9999 -9999 -9999 -9999 -9999 -9999 -9999 -9999 -9999 -9999 -9999 -9999 -9999 -9999 -9999 -9999 -9999 -9999 -9999 -9999 -9999 -9999 -9999 -9999 -9999 -9999 -9999 -9999 -9999 -9999 -9999 -9999 -9999
273.48 -9999 288.40 354.60 372.15 386.96 383.26 347.18 261.49 206.46 205.69 199.14 189.11 183.36 175.33 236.73 231.92 205.04 184.63 151.09 137.67 116.70 71.73 64.51 66.66 67.96 50.84 53.84 -9999 -9999 -9999 -9999 -9999 45.60 44.37 55.26 56.53 -9999 -9999 -9999 -9999 -9999 -9999 -9999 -9999 -9999 -9999 -9999 -9999 -9999 -9999 -9999 -9999 -9999 -9999 -9999 -9999 -9999 -9999 -9999 -9999 -9999 -9999 -9999 -9999 -9999 -9999 -9999 -9999 -9999 -9999 -9999 -9999 -9999 -9999 -9999
303.99 -9999 251.79 303.57 314.64 298.35 376.15 272.85 242.18 190.07 193.33 181.56 169.87 188.39 178.88 191.77 185.79 160.92 147.19 135.14 122.10 109.62 84.82 72.41 74.20 61.17 56.18 50.23 37.92 37.41 -9999 -9999 43.65 44.42 60.35 56.16 59.49 60.87 52.71 -9999 -9999 -9999 -9999 -9999 -9999 -9999 -9999 -9999 -9999 -9999 -9999 -9999 -9999 -9999 -9999 -9999 -9999 -9999 -9999 -9999 -9999 -9999 -9999 -9999 -9999 -9999 -9999 -9999 -9999 -9999 -9999 -9999 -9999 -9999 -9999 -9999
271.02 218.59 222.86 183.99 242.37 263.76 275.91 238.08 225.65 229.24 206.87 171.93 139.49 143.29 158.76 158.88 149.75 147.71 135.12 124.07 114.06 113.51 97.72 91.70 87.09 66.18 61.26 52.41 43.15 47.60 44.14 44.94 48.44 57.02 55.43 61.66 69.54 73.53 71.44 50.66 -9999 -9999 -9999 -9999 -9999 -9999 -9999 -9999 -9999 -9999 -9999 -9999 -9999 -9999 -9999 -9999 -9999 -9999 -9999 -9999 -9999 -9999 -9999 -9999 -9999 -9999 -9999 -9999 -9999 -9999 -9999 -9999 -9999 -9999 -9999 -9999
213.23 233.96 200.24 221.04 220.99 199.23 219.69 -9999 253.01 285.60 239.85 175.85 145.46 132.45 138.01 133.30 136.80 114.81 115.90 117.18 111.94 110.56 100.38 90.59 84.13 61.50 72.26 66.87 57.74 47.01 55.14 56.49 55.72 59.99 58.73 74.55 77.53 76.40 78.58 67.74 65.45 65.27 48.55 -9999 -9999 -9999 -9999 -9999 -9999 -9999 -9999 -9999 -9999 -9999 -9999 -9999 -9999 -9999 -9999 -9999 -9999 -9999 -9999 -9999 -9999 -9999 -9999 -9999 -9999 -9999 -9999 -9999 -9999 -9999 -9999 -9999
188.15 258.51 200.46 -9999 185.29 180.99 203.28 -9999 238.25 306.43 249.82 194.04 157.46 152.21 134.40 137.57 123.66 113.58 109.90 107.36 105.58 106.29 109.44 95.70 96.82 83.94 79.86 87.92 72.30 55.73 52.94 62.03 56.51 65.00 83.78 90.00 81.06 76.35 78.67 73.76 71.48 63.71 56.90 -9999 -9999 -9999 -9999 -9999 -9999 -9999 -9999 -9999 -9999 -9999 -9999 -9999 -9999 -9999 -9999 -9999 -9999 -9999 -9999 -9999 -9999 -9999 -9999 -9999 -9999 -9999 -9999 -9999 -9999 -9999 -9999 -9999
198.16 220.37 182.27 -9999 -9999 177.61 166.10 178.10 215.10 235.37 225.55 189.01 186.20 167.84 157.12 144.98 163.14 124.08 105.17 115.17 107.29 110.25 113.12 116.32 103.55 103.08 102.20 86.43 63.39 75.70 73.23 74.00 63.91 71.85 84.90 100.14 82.24 63.38 65.44 60.53 59.17 59.37 56.19 50.77 -9999 -9999 -9999 -9999 -9999 -9999 -9999 -9999 -9999 -9999 -9999 -9999 -9999 -9999 -9999 -9999 -9999 -9999 -9999 -9999 -9999 -9999 -9999 -9999 -9999 -9999 -9999 -9999 -9999 -9999 -9999 -9999
190.39 -9999 -9999 -9999 -9999 -9999 150.81 127.17 177.14 197.17 190.90 169.68 190.38 188.75 177.13 163.16 167.93 149.02 118.45 102.97 104.00 103.59 107.11 107.18 103.24 104.81 103.62 91.67 94.67 101.08 108.42 101.78 71.57 73.53 79.30 87.85 85.44 64.70 67.20 55.79 48.58 49.76 50.48 47.73 -9999 -9999 -9999 -9999 -9999 -9999 -9999 -9999 -9999 -9999 -9999 -9999 -9999 -9999 -9999 -9999 -9999 -9999 -9999 -9999 -9999 -9999 -9999 -9999 -9999 -9999 -9999 -9999 -9999 -9999 -9999 -9999
187.41 211.04 233.02 229.29 -9999 -9999 -9999 129.39 155.86 174.91 180.75 171.30 168.17 186.64 177.13 182.83 178.12 150.14 126.66 109.57 95.26 94.71 95.31 85.90 95.68 88.44 91.09 108.90 120.56 195.74 206.74 138.17 98.66 91.26 60.78 80.74 78.61 71.63 71.20 61.93 35.94 43.00 47.25 43.22 43.58 -9999 -9999 -9999 -9999 -9999 -9999 -9999 -9999 -9999 -9999 -9999 -9999 -9999 -9999 -9999 -9999 -9999 -9999 -9999 -9999 -9999 -9999 -9999 -9999 -9999 -9999 -9999 -9999 -9999 -9999 -9999
202.79 224.17 243.82 295.72 248.65 -9999 -9999 -9999 136.77 149.32 156.25 157.34 155.64 158.56 164.61 163.80 165.15 142.96 125.14 102.24 106.77 88.72 91.82 73.93 102.87 95.87 112.65 95.90 111.23 134.68 139.10 134.04 108.69 89.23 82.14 82.73 75.87 65.19 62.93 52.26 42.98 40.59 47.31 47.99 45.29 45.17 -9999 -9999 -9999 -9999 -9999 -9999 -9999 -9999 -9999 -9999 -9999 -9999 -9999 -9999 -9999 -9999 -9999 -9999 -9999 -9999 -9999 -9999 -9999 -9999 -9999 -9999 -9999 -9999 -9999 -9999
202.10 154.78 214.41 302.41 258.81 -9999 -9999 -9999 -9999 -9999 146.03 143.80 159.62 146.31 144.58 156.31 152.22 169.12 156.85 129.41 124.57 102.09 99.54 87.94 103.37 88.48 122.89 107.94 99.10 114.36 117.66 90.77 87.42 76.59 82.27 125.86 89.58 66.44 54.45 43.77 42.20 45.11 46.25 51.19 52.25 48.44 43.85 -9999 -9999 -9999 -9999 -9999 -9999 -9999 -9999 -9999 -9999 -9999 -9999 -9999 -9999 -9999 -9999 -9999 -9999 -9999 -9999 -9999 -9999 -9999 -9999 -9999 -9999 -9999 -9999 -9999
-9999 174.36 180.86 277.55 235.79 -9999 -9999 -9999 -9999 -9999 127.09 128.13 146.78 142.09 156.76 182.02 170.61 175.09 162.49 150.14 142.33 127.90 115.59 109.68 118.57 135.53 120.29 152.74 114.58 141.23 122.62 128.38 122.49 90.28 102.34 108.99 89.56 61.79 58.71 52.00 50.15 45.73 50.69 48.54 53.20 56.75 49.56 54.19 51.07 -9999 -9999 -9999 -9999 -9999 -9999 -9999 -9999 -9999 -9999 -9999 -9999 -9999 -9999 -9999 -9999 -9999 -9999 -9999 -9999 -9999 -9999 -9999 -9999 -9999 -9999 -9999
-9999 -9999 180.58 190.62 163.81 -9999 -9999 -9999 -9999 -9999 108.95 104.78 124.59 120.15 133.04 139.64 146.17 158.05 151.10 162.67 148.57 142.99 135.57 139.08 160.03 153.46 147.26 175.30 162.16 139.01 135.34 119.61 106.40 83.69 95.76 101.80 84.34 72.95 65.95 50.65 53.97 67.21 71.47 58.88 53.16 44.33 57.28 59.29 50.00 -9999 -9999 -9999 -9999 -9999 -9999 -9999 -9999 -9999 -9999 -9999 -9999 -9999 -9999 -9999 -9999 -9999 -9999 -9999 -9999 -9999 -9999 -9999 -9999 -9999 -9999 -9999
-9999 -9999 132.76 129.17 120.07 -9999 -9999 -9999 -9999 -9999 109.49 103.31 113.92 116.54 127.53 128.82 148.04 179.24 194.39 170.42 177.71 169.34 141.07 134.06 140.14 143.57 183.17 183.25 165.88 162.94 149.02 118.11 117.47 94.58 97.23 89.36 66.80 71.97 72.61 65.37 63.40 80.05 81.96 73.78 55.23 51.62 61.96 65.07 51.20 -9999 -9999 -9999 -9999 -9999 -9999 -9999 -9999 -9999 -9999 -9999 -9999 -9999 -9999 -9999 -9999 -9999 -9999 -9999 -9999 -9999 -9999 -9999 -9999 -9999 -9999 -9999
-9999 -9999 -9999 -9999 -9999 -9999 -9999 -9999 -9999 130.23 133.14 133.97 129.89 126.80 141.11 140.71 151.88 160.18 194.07 186.99 187.57 219.87 196.06 185.81 178.91 191.87 213.65 235.44 247.81 202.61 168.18 148.39 116.85 109.72 94.28 89.07 85.88 73.84 78.83 79.08 89.65 83.57 87.36 73.19 55.23 53.52 54.12 52.69 43.71 -9999 -9999 -9999 -9999 -9999 -9999 -9999 -9999 -9999 -9999 -9999 -9999 -9999 -9999 -9999 -9999 -9999 -9999 -9999 -9999 -9999 -9999 -9999 -9999 -9999 -9999 -9999
-9999 -9999 -9999 -9999 -9999 -9999 -9999 -9999 -9999 143.66 129.58 145.23 156.00 179.54 184.31 210.33 207.24 179.93 152.15 177.74 209.16 214.15 223.60 213.70 187.53 142.51 221.79 213.18 235.46 205.60 178.85 157.55 123.73 99.42 106.98 106.06 93.95 80.71 80.21 90.21 86.10 91.59 95.46 81.68 60.64 51.44 50.81 57.19 44.41 -9999 -9999 -9999 -9999 -9999 -9999 -9999 -9999 -9999 -9999 -9999 -9999 -9999 -9999 -9999 -9999 -9999 -9999 -9999 -9999 -9999 -9999 -9999 -9999 -9999 -9999 -9999
-9999 -9999 -9999 -9999 -9999 -9999 -9999 -9999 116.38 133.54 121.32 161.54 193.31 185.93 218.35 255.00 246.91 222.30 210.59 176.61 175.33 202.74 227.56 219.07 194.16 146.06 184.84 241.65 228.32 227.19 187.90 177.79 147.60 128.68 122.64 110.90 100.67 115.46 106.76 99.59 91.56 82.91 80.57 76.92 65.31 66.41 60.93 52.23 46.96 -9999 -9999 -9999 -9999 -9999 -9999 -9999 -9999 -9999 -9999 -9999 -9999 -9999 -9999 -9999 -9999 -9999 -9999 -9999 -9999 -9999 -9999 -9999 -9999 -9999 -9999 -9999
-9999 -9999 -9999 -9999 -9999 -9999 -9999 -9999 118.86 120.81 167.29 188.04 216.54 197.85 228.47 239.01 280.02 246.28 215.67 190.63 193.92 189.19 261.18 243.67 186.06 153.50 172.97 233.46 236.44 222.87 209.88 174.86 179.08 178.90 152.32 146.48 135.70 131.93 86.75 85.45 89.71 86.83 88.78 80.87 64.57 62.44 50.55 48.76 48.29 46.26 -9999 -9999 -9999 -9999 -9999 -9999 -9999 -9999 -9999 -9999 -9999 -9999 -9999 -9999 -9999 -9999 -9999 -9999 -9999 -9999 -9999 -9999 -9999 -9999 -9999 -9999
-9999 -9999 -9999 -9999 -9999 -9999 -9999 94.90 132.35 165.11 193.97 266.36 224.97 203.03 201.68 242.74 245.87 235.20 213.48 200.53 171.99 156.42 182.06 210.50 194.00 171.54 174.56 211.65 219.41 206.02 201.44 208.20 166.10 204.18 171.82 144.86 179.53 157.52 121.99 104.77 80.84 85.05 89.37 91.45 81.30 64.92 53.16 47.74 46.12 41.53 -9999 -9999 -9999 -9999 -9999 -9999 -9999 -9999 -9999 -9999 -9999 -9999 -9999 -9999 -9999 -9999 -9999 -9999 -9999 -9999 -9999 -9999 -9999 -9999 -9999 -9999
-9999 -9999 -9999 -9999 -9999 -9999 -9999 132.57 153.87 184.85 251.29 261.51 241.70 222.08 278.70 223.89 205.05 202.74 205.61 201.89 165.24 149.47 181.99 231.23 198.22 164.23 165.62 173.99 193.28 183.03 216.52 174.52 192.79 185.97 159.53 182.46 150.15 147.02 120.33 88.41 82.87 78.07 68.92 71.74 75.57 67.10 64.37 50.11 48.32 44.12 -9999 -9999 -9999 -9999 -9999 -9999 -9999 -9999 -9999 -9999 -9999 -9999 -9999 -9999 -9999 -9999 -9999 -9999 -9999 -9999 -9999 -9999 -9999 -9999 -9999 -9999
-9999 -9999 -9999 -9999 -9999 -9999 170.95 172.52 180.35 224.86 248.73 257.39 308.72 290.72 312.90 222.93 181.09 185.86 190.30 212.24 189.82 160.82 174.68 242.56 184.53 147.41 158.76 172.47 182.87 207.18 201.10 179.95 200.91 169.33 179.83 185.61 138.85 122.02 101.84 99.46 88.15 81.93 75.35 73.44 64.55 58.36 66.93 42.93 38.95 40.67 -9999 -9999 -9999 -9999 -9999 -9999 -9999 -9999 -9999 -9999 -9999 -9999 -9999 -9999 -9999 -9999 -9999 -9999 -9999 -9999 -9999 -9999 -9999 -9999 -9999 -9999
-9999 -9999 -9999 -9999 -9999 144.04 170.69 201.50 191.95 202.08 209.45 223.37 269.86 283.21 335.43 222.44 185.13 189.11 195.36 190.58 185.33 168.79 159.38 162.36 174.14 152.48 147.99 171.03 181.36 191.31 179.16 164.81 176.76 161.90 178.05 196.63 161.85 153.77 125.45 113.11 91.03 76.56 74.73 73.81 63.98 58.87 51.11 42.29 36.38 38.46 35.58 -9999 -9999 -9999 -9999 -9999 -9999 -9999 -9999 -9999 -9999 -9999 -9999 -9999 -9999 -9999 -9999 -9999 -9999 -9999 -9999 -9999 -9999 -9999 -9999 -9999
-9999 -9999 -9999 -9999 -9999 169.25 212.67 194.43 189.05 182.06 182.83 181.94 313.33 328.47 279.99 252.14 196.95 189.76 192.28 175.69 210.33 163.65 150.67 146.13 147.81 166.21 150.97 176.18 181.26 167.04 155.94 147.26 148.80 163.71 159.56 179.42 163.42 164.50 155.38 107.59 84.74 75.21 76.10 59.06 64.35 57.58 46.46 39.51 37.13 36.96 34.48 -9999 -9999 -9999 -9999 -9999 -9999 -9999 -9999 -9999 -9999 -9999 -9999 -9999 -9999 -9999 -9999 -9999 -9999 -9999 -9999 -9999 -9999 -9999 -9999 -9999
-9999 -9999 -9999 118.78 138.02 175.92 186.66 184.66 180.34 167.44 180.35 175.47 239.34 243.70 280.33 243.95 215.63 176.62 178.75 178.30 168.22 166.77 159.61 137.28 151.16 160.76 163.13 163.25 165.12 151.49 137.49 129.82 142.71 146.38 139.45 166.97 154.91 137.49 130.13 111.21 82.42 73.51 71.89 61.29 43.78 50.32 49.88 39.10 37.35 34.97 30.97 -9999 -9999 -9999 -9999 -9999 -9999 -9999 -9999 -9999 -9999 -9999 -9999 -9999 -9999 -9999 -9999 -9999 -9999 -9999 -9999 -9999 -9999 -9999 -9999 -9999
