Rainfall_2007-2011/Rainfall_2010-05_ACTUAL.txt
ncols         180
nrows         290
xllcorner     -200000
yllcorner     -200000
cellsize      5000
NODATA_value  -9999
[rows 136 to 169 of 290, columns 77 to 153 of 180]
-9999 -9999 39.75 41.68 42.63 51.76 49.49 50.73 45.55 45.01 50.40 60.91 62.33 80.27 76.90 68.82 54.29 49.15 49.83 47.39 48.50 53.77 49.79 49.84 39.44 36.95 33.36 31.83 31.59 27.91 27.44 27.53 29.29 35.00 31.23 30.30 32.90 32.09 31.07 31.24 26.64 29.76 35.79 33.64 29.68 29.21 29.15 30.49 27.07 27.19 17.98 -9999 -9999 -9999 -9999 -9999 -9999 -9999 -9999 -9999 -9999 -9999 -9999 -9999 -9999 -9999 -9999 -9999 -9999 -9999 -9999 -9999 -9999 -9999 -9999 -9999 -9999
-9999 -9999 40.95 41.81 38.76 45.56 42.40 43.52 40.99 44.53 47.09 54.04 60.44 79.29 93.78 94.11 69.80 63.42 62.11 48.33 51.10 61.31 49.13 -9999 -9999 -9999 27.52 31.21 -9999 25.81 23.62 25.43 26.81 27.84 32.59 43.77 35.29 30.96 32.94 30.53 28.32 27.89 27.24 28.18 33.63 27.26 28.46 25.03 26.00 26.27 24.03 -9999 -9999 -9999 -9999 -9999 -9999 -9999 -9999 -9999 -9999 -9999 -9999 -9999 -9999 -9999 -9999 -9999 -9999 -9999 -9999 -9999 -9999 -9999 -9999 -9999 -9999
-9999 -9999 39.17 44.85 35.07 33.42 39.23 42.04 42.90 44.45 47.59 49.36 53.68 81.99 86.45 93.55 74.03 62.92 64.15 45.50 45.70 45.54 41.82 -9999 -9999 -9999 24.27 30.10 30.75 25.33 22.67 23.12 24.78 27.19 37.13 53.88 34.50 36.79 34.41 34.51 33.01 31.15 28.27 28.71 30.00 24.54 23.29 29.31 30.43 30.23 29.63 -9999 -9999 -9999 -9999 -9999 -9999 -9999 -9999 -9999 -9999 -9999 -9999 -9999 -9999 -9999 -9999 -9999 -9999 -9999 -9999 -9999 -9999 -9999 -9999 -9999 -9999
-9999 -9999 -9999 40.63 35.48 30.83 -9999 45.67 47.33 47.03 48.03 45.79 -9999 55.74 53.83 58.71 47.46 47.31 52.83 46.18 42.23 -9999 -9999 -9999 -9999 19.32 18.36 23.19 26.30 31.20 22.81 21.76 24.15 29.30 37.72 45.38 33.16 43.11 46.12 42.18 32.85 28.46 30.50 19.06 23.45 25.08 20.53 24.50 27.16 30.39 27.62 22.73 -9999 -9999 -9999 -9999 -9999 -9999 -9999 -9999 -9999 -9999 -9999 -9999 -9999 -9999 -9999 -9999 -9999 -9999 -9999 -9999 -9999 -9999 -9999 -9999 -9999
-9999 -9999 -9999 -9999 34.01 -9999 -9999 -9999 44.93 44.11 45.68 48.50 39.71 -9999 -9999 46.17 42.64 39.56 49.95 -9999 -9999 -9999 -9999 -9999 20.29 20.51 19.91 21.88 21.33 29.06 22.58 22.52 25.40 26.28 31.06 36.65 44.94 43.23 51.64 48.90 45.94 34.12 28.04 26.48 24.47 19.92 22.71 22.88 22.36 25.45 25.82 23.75 -9999 -9999 -9999 -9999 -9999 -9999 -9999 -9999 -9999 -9999 -9999 -9999 -9999 -9999 -9999 -9999 -9999 -9999 -9999 -9999 -9999 -9999 -9999 -9999 -9999
-9999 -9999 -9999 -9999 31.33 29.96 -9999 -9999 -9999 38.82 44.51 47.16 42.11 -9999 -9999 -9999 -9999 36.89 -9999 -9999 -9999 -9999 -9999 -9999 20.19 21.72 21.26 19.65 23.06 23.95 22.72 23.07 24.26 28.46 25.02 28.32 48.91 38.01 56.86 46.90 47.31 32.33 29.46 27.22 22.15 17.52 22.20 20.23 21.13 22.68 26.64 24.28 -9999 -9999 -9999 -9999 -9999 -9999 -9999 -9999 -9999 -9999 -9999 -9999 -9999 -9999 -9999 -9999 -9999 -9999 -9999 -9999 -9999 -9999 -9999 -9999 -9999
-9999 -9999 -9999 -9999 -9999 33.59 -9999 -9999 -9999 -9999 41.52 41.39 39.41 -9999 -9999 -9999 -9999 -9999 -9999 -9999 -9999 -9999 -9999 26.41 24.63 27.33 29.90 25.14 27.88 27.27 25.63 25.41 22.80 29.15 34.59 36.87 50.54 44.57 41.99 44.51 39.31 57.24 33.66 24.07 18.91 21.30 24.44 22.34 22.77 22.52 28.99 27.97 23.32 -9999 -9999 -9999 -9999 -9999 -9999 -9999 -9999 -9999 -9999 -9999 -9999 -9999 -9999 -9999 -9999 -9999 -9999 -9999 -9999 -9999 -9999 -9999 -9999
-9999 -9999 -9999 -9999 -9999 37.77 -9999 -9999 -9999 -9999 -9999 -9999 -9999 -9999 -9999 -9999 -9999 -9999 -9999 -9999 -9999 -9999 -9999 30.76 32.81 26.63 28.77 15.22 32.49 42.06 33.94 26.58 22.27 21.57 28.03 29.94 43.59 46.78 49.46 50.25 52.32 53.10 39.84 34.06 23.56 19.31 23.40 23.72 25.12 22.84 24.32 25.33 23.52 20.83 -9999 -9999 -9999 -9999 -9999 -9999 -9999 -9999 -9999 -9999 -9999 -9999 -9999 -9999 -9999 -9999 -9999 -9999 -9999 -9999 -9999 -9999 -9999
-9999 -9999 -9999 -9999 -9999 -9999 -9999 -9999 -9999 -9999 -9999 -9999 -9999 -9999 -9999 -9999 -9999 -9999 -9999 -9999 -9999 -9999 31.26 31.31 38.15 29.43 32.10 24.75 36.32 38.57 33.24 28.85 24.96 22.43 25.86 22.51 30.62 46.47 42.57 31.81 40.73 34.21 36.01 33.68 32.75 27.56 25.05 24.23 22.36 20.79 21.73 20.65 18.24 18.10 -9999 -9999 -9999 -9999 -9999 -9999 -9999 -9999 -9999 -9999 -9999 -9999 -9999 -9999 -9999 -9999 -9999 -9999 -9999 -9999 -9999 -9999 -9999
-9999 -9999 -9999 -9999 -9999 -9999 -9999 -9999 -9999 -9999 -9999 -9999 -9999 -9999 -9999 -9999 -9999 -9999 -9999 -9999 -9999 -9999 40.95 42.36 40.01 44.60 52.88 34.10 26.29 34.31 28.61 29.58 29.47 27.45 24.38 23.28 28.44 29.78 42.49 40.91 38.75 29.97 30.18 32.21 26.21 28.36 26.87 25.65 22.71 18.35 18.75 18.72 17.14 19.06 17.66 16.70 15.66 -9999 -9999 -9999 -9999 -9999 -9999 -9999 -9999 -9999 -9999 -9999 -9999 -9999 -9999 -9999 -9999 -9999 -9999 -9999 -9999
-9999 -9999 -9999 -9999 -9999 -9999 -9999 -9999 -9999 -9999 -9999 -9999 -9999 -9999 -9999 -9999 -9999 -9999 -9999 -9999 -9999 -9999 47.44 55.03 50.44 48.17 40.20 48.99 42.26 45.30 32.41 32.27 35.81 27.22 26.77 21.63 23.21 22.16 29.45 27.76 34.61 28.03 27.25 22.55 20.28 23.40 21.81 20.37 18.00 18.12 17.08 19.05 22.87 24.69 25.03 22.67 21.94 20.08 13.06 -9999 -9999 -9999 -9999 -9999 -9999 -9999 -9999 -9999 -9999 -9999 -9999 -9999 -9999 -9999 -9999 -9999 -9999
-9999 -9999 -9999 -9999 -9999 -9999 -9999 -9999 -9999 -9999 -9999 -9999 -9999 -9999 -9999 -9999 -9999 -9999 -9999 -9999 -9999 -9999 38.97 56.03 61.06 80.08 76.85 69.63 48.31 51.48 46.31 49.77 38.97 36.14 32.79 25.61 24.46 24.79 24.62 30.11 37.38 35.82 28.46 24.52 22.80 22.45 21.52 17.60 15.92 19.02 17.05 15.29 18.88 21.62 22.77 29.59 27.09 20.87 18.74 13.29 11.51 -9999 -9999 -9999 -9999 -9999 -9999 -9999 -9999 -9999 -9999 -9999 -9999 -9999 -9999 -9999 -9999
-9999 -9999 -9999 -9999 -9999 -9999 -9999 -9999 -9999 -9999 -9999 -9999 -9999 -9999 -9999 -9999 -9999 -9999 -9999 -9999 -9999 -9999 37.39 44.83 63.46 70.54 66.80 84.93 88.10 55.80 53.26 45.80 52.77 49.42 41.76 31.41 28.28 27.81 26.20 42.46 36.14 34.21 34.35 31.92 29.30 27.82 25.64 19.71 17.66 16.89 15.90 14.33 15.52 16.82 19.76 26.49 18.70 19.27 16.86 14.46 12.70 15.36 -9999 -9999 -9999 -9999 -9999 -9999 -9999 -9999 -9999 -9999 -9999 -9999 -9999 -9999 -9999
-9999 -9999 -9999 -9999 -9999 -9999 -9999 -9999 -9999 -9999 38.16 35.15 33.81 -9999 -9999 -9999 -9999 -9999 -9999 -9999 -9999 -9999 -9999 38.40 44.30 56.15 53.45 62.42 56.97 46.05 40.06 38.87 44.80 37.99 35.84 34.18 34.53 33.31 35.49 41.31 45.36 47.22 36.24 28.24 27.56 28.09 23.23 19.93 17.66 16.12 14.71 13.79 16.47 21.94 16.18 25.49 25.11 22.94 18.16 13.44 15.68 17.05 13.93 -9999 -9999 -9999 -9999 -9999 -9999 -9999 -9999 -9999 -9999 -9999 -9999 -9999 -9999
-9999 -9999 -9999 -9999 -9999 -9999 -9999 -9999 -9999 -9999 35.45 37.82 -9999 -9999 -9999 -9999 -9999 -9999 -9999 -9999 -9999 -9999 -9999 -9999 41.11 47.08 64.82 59.57 68.31 43.51 35.70 34.54 36.76 32.41 34.31 32.11 44.88 41.75 39.78 45.08 45.70 39.81 30.91 31.83 23.54 28.13 22.34 18.71 17.39 15.82 13.24 13.20 12.58 17.64 20.13 22.29 23.27 20.77 16.57 13.99 15.49 14.78 15.68 -9999 -9999 -9999 -9999 -9999 -9999 -9999 -9999 -9999 -9999 -9999 -9999 -9999 -9999
-9999 -9999 -9999 -9999 -9999 -9999 -9999 -9999 -9999 41.26 50.12 51.59 46.57 -9999 -9999 -9999 -9999 -9999 -9999 -9999 -9999 -9999 -9999 -9999 34.82 45.19 47.84 49.62 49.59 46.86 43.90 34.53 29.71 38.41 41.76 29.77 30.71 44.21 34.79 35.70 43.34 55.74 51.58 33.21 31.17 26.40 20.73 18.31 18.98 15.48 13.21 15.17 15.29 15.70 19.22 22.80 22.43 19.08 13.60 12.85 15.49 13.95 15.97 13.97 -9999 -9999 -9999 -9999 -9999 -9999 -9999 -9999 -9999 -9999 -9999 -9999 -9999
-9999 -9999 -9999 -9999 -9999 -9999 -9999 -9999 44.82 57.95 57.70 75.16 46.97 -9999 -9999 -9999 -9999 -9999 -9999 -9999 -9999 -9999 -9999 -9999 36.31 48.93 54.18 38.81 43.80 45.29 41.57 38.91 28.66 32.44 34.25 26.89 36.97 35.16 35.75 33.39 41.81 28.10 41.48 32.91 37.43 26.06 21.12 20.30 18.98 18.73 15.02 14.69 15.99 15.73 16.26 17.27 16.55 14.33 12.02 13.31 15.86 14.43 14.18 12.68 -9999 -9999 -9999 -9999 -9999 -9999 -9999 -9999 -9999 -9999 -9999 -9999 -9999
-9999 -9999 -9999 -9999 -9999 -9999 -9999 45.47 50.30 68.20 58.63 49.64 -9999 -9999 -9999 -9999 -9999 -9999 -9999 -9999 -9999 -9999 -9999 -9999 -9999 42.64 45.73 30.26 30.74 35.80 34.82 28.78 24.98 26.55 29.74 24.30 31.01 36.00 36.73 36.47 37.49 33.62 39.92 41.96 42.42 38.09 30.73 21.51 19.10 16.81 13.84 13.34 13.91 16.31 16.43 15.30 13.54 13.11 9.38 10.98 13.73 13.54 12.48 12.09 10.06 8.75 -9999 -9999 -9999 -9999 -9999 -9999 -9999 -9999 -9999 -9999 -9999
-9999 -9999 -9999 -9999 -9999 -9999 -9999 58.60 76.82 59.13 53.05 48.58 -9999 -9999 -9999 -9999 -9999 -9999 -9999 -9999 -9999 -9999 -9999 -9999 -9999 -9999 32.92 27.65 29.76 27.64 29.30 27.75 24.77 24.96 28.63 24.92 32.66 32.98 35.61 33.52 33.42 30.47 37.76 38.61 29.28 35.20 29.91 24.97 20.08 16.97 14.41 12.88 14.14 13.14 13.69 15.10 14.53 12.70 10.92 14.27 16.98 13.62 10.79 13.89 11.64 9.70 -9999 -9999 -9999 -9999 -9999 -9999 -9999 -9999 -9999 -9999 -9999
-9999 -9999 -9999 -9999 -9999 -9999 -9999 54.42 53.98 47.87 48.23 -9999 -9999 -9999 -9999 -9999 -9999 -9999 -9999 -9999 -9999 -9999 -9999 -9999 -9999 -9999 27.63 29.59 31.10 -9999 29.87 -9999 21.70 25.71 23.82 25.27 26.26 33.26 44.90 32.30 36.63 28.54 29.25 36.09 32.16 31.49 29.91 28.86 21.64 17.74 16.98 15.27 15.63 14.91 15.45 16.67 14.92 15.10 15.08 15.10 16.92 14.59 12.79 12.35 14.11 11.72 10.17 9.17 -9999 -9999 -9999 -9999 -9999 -9999 -9999 -9999 -9999
-9999 -9999 -9999 -9999 -9999 -9999 36.96 42.97 39.17 -9999 -9999 -9999 -9999 -9999 -9999 -9999 -9999 -9999 -9999 -9999 -9999 -9999 -9999 -9999 -9999 -9999 27.33 24.53 26.97 -9999 -9999 -9999 27.96 27.05 22.16 18.26 23.32 22.99 24.20 23.35 24.76 25.92 26.70 31.43 33.05 34.24 35.33 29.82 22.69 17.07 13.51 14.20 16.93 21.23 16.60 14.64 14.43 18.14 16.47 17.16 17.52 13.57 13.60 12.46 12.81 10.93 9.14 8.38 -9999 -9999 -9999 -9999 -9999 -9999 -9999 -9999 -9999
-9999 -9999 -9999 -9999 -9999 -9999 -9999 -9999 -9999 -9999 -9999 -9999 -9999 -9999 -9999 -9999 -9999 -9999 -9999 -9999 -9999 -9999 -9999 -9999 -9999 -9999 -9999 -9999 -9999 -9999 -9999 39.86 37.55 25.93 26.79 31.65 32.21 29.38 23.62 24.95 27.18 24.42 25.72 23.96 26.83 33.13 30.85 24.87 21.47 17.50 14.96 14.91 23.25 22.49 16.66 12.15 12.32 15.77 17.92 21.01 16.22 14.25 13.01 12.74 10.28 8.98 8.06 -9999 -9999 -9999 -9999 -9999 -9999 -9999 -9999 -9999 -9999
-9999 -9999 -9999 -9999 -9999 -9999 -9999 -9999 -9999 -9999 -9999 -9999 -9999 -9999 -9999 -9999 -9999 -9999 -9999 -9999 -9999 -9999 -9999 -9999 -9999 -9999 -9999 -9999 -9999 -9999 -9999 35.08 37.61 30.48 28.32 31.94 35.86 29.71 31.12 21.74 23.07 20.49 21.29 24.75 27.54 26.67 27.05 25.34 23.66 22.20 18.22 17.90 21.68 20.56 18.54 14.71 13.48 14.32 15.73 18.92 16.42 13.78 12.05 6.03 8.58 11.09 10.51 -9999 -9999 -9999 -9999 -9999 -9999 -9999 -9999 -9999 -9999
-9999 -9999 -9999 -9999 -9999 -9999 -9999 -9999 -9999 -9999 -9999 -9999 -9999 -9999 -9999 -9999 -9999 -9999 -9999 -9999 -9999 -9999 -9999 -9999 -9999 -9999 -9999 -9999 -9999 -9999 -9999 18.66 26.57 24.04 24.37 25.18 28.65 24.67 24.04 21.79 22.27 18.76 14.72 20.19 22.72 26.46 24.77 30.23 25.27 22.48 17.43 16.25 17.74 18.12 21.71 16.61 12.56 10.88 13.27 15.18 14.46 13.44 11.68 9.75 9.58 10.80 10.57 -9999 -9999 -9999 -9999 -9999 -9999 -9999 -9999 -9999 -9999
-9999 -9999 -9999 -9999 -9999 -9999 -9999 -9999 -9999 -9999 -9999 -9999 -9999 -9999 -9999 -9999 -9999 -9999 -9999 -9999 -9999 -9999 -9999 -9999 -9999 -9999 -9999 -9999 -9999 18.02 16.31 14.55 22.74 24.91 29.37 34.97 31.39 27.59 19.95 21.78 22.15 21.23 20.70 20.51 22.91 22.95 22.89 25.11 20.34 15.78 15.30 11.68 11.67 14.84 16.33 15.56 10.14 9.24 11.71 13.67 14.21 13.44 12.90 10.43 9.82 11.40 10.34 9.69 -9999 -9999 -9999 -9999 -9999 -9999 -9999 -9999 -9999
-9999 -9999 -9999 -9999 -9999 -9999 -9999 -9999 -9999 -9999 -9999 -9999 -9999 -9999 -9999 -9999 -9999 -9999 -9999 -9999 -9999 -9999 -9999 -9999 -9999 -9999 -9999 -9999 -9999 16.40 20.59 18.56 20.25 23.80 35.04 29.66 25.23 20.92 21.93 31.86 25.60 25.10 23.10 22.56 20.21 22.79 21.56 24.65 17.37 14.79 13.25 7.95 7.64 10.76 11.78 12.79 11.08 9.18 11.06 12.86 13.25 13.50 12.85 10.44 10.40 10.20 9.51 8.52 -9999 -9999 -9999 -9999 -9999 -9999 -9999 -9999 -9999
-9999 -9999 -9999 -9999 -9999 -9999 -9999 -9999 -9999 -9999 -9999 -9999 -9999 -9999 -9999 -9999 -9999 -9999 -9999 -9999 -9999 -9999 -9999 -9999 -9999 -9999 -9999 -9999 -9999 17.05 18.27 19.17 20.52 24.25 34.52 30.15 24.81 19.90 28.14 27.84 30.22 23.69 25.87 17.79 20.96 18.02 18.70 17.14 14.74 14.99 14.06 9.97 9.90 10.02 10.83 11.48 11.70 10.29 11.17 12.45 11.63 11.94 12.54 11.02 10.55 9.92 9.91 9.53 9.20 -9999 -9999 -9999 -9999 -9999 -9999 -9999 -9999
-9999 -9999 -9999 -9999 -9999 -9999 -9999 -9999 -9999 -9999 -9999 -9999 -9999 -9999 -9999 -9999 -9999 -9999 -9999 -9999 -9999 -9999 -9999 -9999 -9999 -9999 -9999 -9999 -9999 18.37 19.14 18.58 20.17 21.42 29.21 25.85 23.10 21.37 21.23 25.22 29.17 30.24 28.83 21.72 19.25 19.46 17.90 18.95 15.77 11.55 13.37 13.27 11.85 10.70 11.65 12.20 12.13 12.71 13.47 13.86 9.96 10.59 13.57 12.22 10.89 10.17 9.61 9.45 9.20 8.65 -9999 -9999 -9999 -9999 -9999 -9999 -9999
-9999 -9999 -9999 -9999 -9999 -9999 -9999 -9999 -9999 -9999 -9999 -9999 -9999 -9999 -9999 -9999 -9999 -9999 -9999 -9999 -9999 -9999 -9999 -9999 -9999 -9999 -9999 -9999 -9999 20.18 18.86 17.99 20.27 21.23 23.80 24.52 20.99 19.49 19.22 23.88 27.53 30.31 26.33 23.96 19.33 19.06 17.45 19.88 17.49 14.15 13.65 12.31 13.43 14.25 14.09 12.93 11.70 14.59 15.99 19.94 24.45 15.53 15.06 13.14 11.77 11.32 9.64 8.69 8.75 8.32 -9999 -9999 -9999 -9999 -9999 -9999 -9999
-9999 -9999 -9999 -9999 -9999 -9999 -9999 -9999 -9999 -9999 -9999 -9999 -9999 -9999 -9999 -9999 -9999 -9999 -9999 -9999 -9999 -9999 -9999 -9999 -9999 -9999 -9999 -9999 -9999 -9999 17.81 15.12 19.15 17.70 22.28 26.50 21.17 19.49 19.13 22.45 25.69 19.37 27.78 28.17 20.63 17.98 17.80 15.86 17.92 14.19 12.95 13.02 14.48 17.61 16.50 12.89 12.59 14.30 15.56 18.16 20.20 15.16 12.71 12.59 12.86 12.33 -9999 8.99 8.94 9.00 9.96 -9999 -9999 -9999 -9999 -9999 -9999
-9999 -9999 -9999 -9999 -9999 -9999 -9999 -9999 -9999 -9999 -9999 -9999 -9999 -9999 -9999 -9999 -9999 -9999 -9999 -9999 -9999 -9999 -9999 -9999 -9999 -9999 -9999 -9999 -9999 15.35 18.71 18.37 19.62 21.80 25.41 29.40 29.67 25.99 26.51 23.65 25.41 24.73 31.40 34.37 31.93 20.85 18.51 18.56 16.94 13.01 12.01 11.18 11.99 15.15 13.43 10.59 11.49 13.08 12.97 12.25 12.95 10.63 11.75 12.99 12.79 12.18 11.26 -9999 9.92 9.68 10.76 11.07 -9999 -9999 -9999 -9999 -9999
-9999 -9999 -9999 -9999 -9999 -9999 -9999 -9999 -9999 -9999 -9999 -9999 -9999 -9999 -9999 -9999 -9999 -9999 -9999 -9999 -9999 -9999 -9999 -9999 -9999 -9999 -9999 -9999 -9999 16.16 21.74 20.94 19.87 19.38 16.13 17.48 19.94 20.17 21.78 20.95 17.57 22.67 19.86 26.67 24.86 22.66 25.40 19.99 19.26 16.47 11.77 11.54 9.64 10.25 10.02 8.80 10.67 13.90 12.07 9.31 11.24 11.77 12.20 12.11 12.63 12.90 12.33 11.70 -9999 -9999 -9999 -9999 -9999 -9999 -9999 -9999 -9999
-9999 -9999 -9999 -9999 -9999 -9999 -9999 -9999 -9999 -9999 -9999 -9999 -9999 -9999 -9999 -9999 -9999 -9999 -9999 -9999 -9999 -9999 -9999 -9999 -9999 -9999 -9999 -9999 23.76 25.03 23.39 21.42 18.67 20.22 15.61 18.97 18.77 21.49 18.42 15.21 16.79 16.79 23.09 18.54 28.26 21.48 25.13 35.49 21.64 15.89 9.85 13.03 10.40 10.55 11.15 10.15 8.86 13.84 13.47 10.28 10.91 12.42 13.22 13.40 12.03 11.10 13.26 14.50 13.46 15.62 -9999 -9999 -9999 -9999 -9999 -9999 -9999
-9999 -9999 -9999 -9999 -9999 -9999 -9999 -9999 -9999 -9999 -9999 -9999 -9999 -9999 -9999 -9999 -9999 -9999 -9999 -9999 -9999 -9999 -9999 -9999 -9999 -9999 -9999 -9999 -9999 23.27 21.98 21.53 22.30 26.11 21.36 21.20 22.59 20.62 20.54 20.43 18.53 18.61 19.10 21.64 24.69 30.00 22.07 23.14 21.82 16.50 15.26 14.07 12.81 13.10 12.23 11.37 11.46 12.53 10.54 9.96 11.49 12.79 13.30 13.35 9.69 7.53 12.46 11.75 15.82 17.20 16.17 14.14 -9999 -9999 -9999 -9999 -9999
