Rainfall_2007-2011/Rainfall_2010-04_ACTUAL.txt
ncols         180
nrows         290
xllcorner     -200000
yllcorner     -200000
cellsize      5000
NODATA_value  -9999
[rows 102 to 135 of 290, columns 77 to 153 of 180]
-9999 138.23 163.95 222.22 176.51 230.30 192.63 186.01 161.78 200.40 161.04 172.42 132.76 113.35 133.98 101.86 84.57 106.77 121.53 128.89 96.81 95.13 85.38 72.52 60.33 49.88 43.25 39.13 52.66 42.57 40.65 38.98 40.60 37.40 29.94 28.88 -9999 -9999 -9999 -9999 -9999 -9999 -9999 -9999 -9999 -9999 -9999 -9999 -9999 -9999 -9999 -9999 -9999 -9999 -9999 -9999 -9999 -9999 -9999 -9999 -9999 -9999 -9999 -9999 -9999 -9999 -9999 -9999 -9999 -9999 -9999 -9999 -9999 -9999 -9999 -9999 -9999
111.81 117.27 133.51 130.95 204.05 235.35 158.77 162.96 203.90 189.64 171.79 179.21 145.57 135.90 142.15 121.45 126.35 132.92 108.34 102.24 125.62 119.04 84.01 64.05 51.77 46.84 46.25 52.90 42.78 38.81 47.04 37.46 35.11 31.42 -9999 -9999 -9999 -9999 -9999 -9999 -9999 -9999 -9999 -9999 -9999 -9999 -9999 -9999 -9999 -9999 -9999 -9999 -9999 -9999 -9999 -9999 -9999 -9999 -9999 -9999 -9999 -9999 -9999 -9999 -9999 -9999 -9999 -9999 -9999 -9999 -9999 -9999 -9999 -9999 -9999 -9999 -9999
136.59 157.12 175.46 151.14 172.54 158.34 151.93 156.15 177.56 171.36 143.08 127.78 113.43 130.65 160.79 94.46 110.47 105.60 110.36 121.05 91.30 92.17 78.33 61.86 47.60 40.86 44.68 39.91 34.46 40.05 38.27 36.41 29.65 -9999 -9999 -9999 -9999 -9999 -9999 -9999 -9999 -9999 -9999 -9999 -9999 -9999 -9999 -9999 -9999 -9999 -9999 -9999 -9999 -9999 -9999 -9999 -9999 -9999 -9999 -9999 -9999 -9999 -9999 -9999 -9999 -9999 -9999 -9999 -9999 -9999 -9999 -9999 -9999 -9999 -9999 -9999 -9999
189.63 174.59 171.91 132.95 147.18 165.42 180.78 189.58 171.91 159.65 150.29 178.85 130.29 119.05 120.28 119.84 135.34 108.13 70.68 64.04 73.13 63.80 61.21 53.09 41.56 34.06 38.52 34.47 31.98 36.81 30.40 30.78 29.00 -9999 -9999 -9999 -9999 -9999 -9999 -9999 -9999 -9999 -9999 -9999 -9999 -9999 -9999 -9999 -9999 -9999 -9999 -9999 -9999 -9999 -9999 -9999 -9999 -9999 -9999 -9999 -9999 -9999 -9999 -9999 -9999 -9999 -9999 -9999 -9999 -9999 -9999 -9999 -9999 -9999 -9999 -9999 -9999
201.88 191.06 166.98 167.71 197.38 179.40 182.15 152.27 171.31 144.57 191.91 145.49 197.42 156.90 180.24 213.72 161.85 127.36 102.87 94.86 69.19 58.03 49.68 44.24 38.55 38.14 35.88 36.13 34.93 22.67 22.58 27.52 31.65 29.40 -9999 -9999 -9999 -9999 -9999 -9999 -9999 -9999 -9999 -9999 -9999 -9999 -9999 -9999 -9999 -9999 -9999 -9999 -9999 -9999 -9999 -9999 -9999 -9999 -9999 -9999 -9999 -9999 -9999 -9999 -9999 -9999 -9999 -9999 -9999 -9999 -9999 -9999 -9999 -9999 -9999 -9999 -9999
189.77 203.63 154.93 175.29 157.85 133.42 143.52 179.06 207.43 164.54 192.91 179.86 166.16 141.23 189.60 158.68 167.66 172.59 113.36 95.64 78.84 60.91 63.29 68.72 55.53 58.91 52.44 44.31 43.28 23.04 26.60 31.14 38.04 32.06 22.14 -9999 -9999 -9999 -9999 -9999 -9999 -9999 -9999 -9999 -9999 -9999 -9999 -9999 -9999 -9999 -9999 -9999 -9999 -9999 -9999 -9999 -9999 -9999 -9999 -9999 -9999 -9999 -9999 -9999 -9999 -9999 -9999 -9999 -9999 -9999 -9999 -9999 -9999 -9999 -9999 -9999 -9999
186.60 181.49 192.96 169.79 156.81 142.00 166.63 181.74 212.38 171.39 179.42 167.72 162.56 151.24 142.01 99.85 106.79 95.17 95.75 84.57 80.79 88.65 99.97 87.73 76.23 63.14 46.23 50.25 34.66 36.39 28.43 32.30 31.44 28.19 30.49 18.67 -9999 -9999 -9999 -9999 -9999 -9999 -9999 -9999 -9999 -9999 -9999 -9999 -9999 -9999 -9999 -9999 -9999 -9999 -9999 -9999 -9999 -9999 -9999 -9999 -9999 -9999 -9999 -9999 -9999 -9999 -9999 -9999 -9999 -9999 -9999 -9999 -9999 -9999 -9999 -9999 -9999
148.73 180.65 205.97 143.36 142.69 167.53 216.60 184.66 140.53 151.52 239.05 154.44 145.73 137.31 131.60 101.16 96.68 79.75 77.25 88.83 119.04 116.15 96.04 88.30 61.59 60.36 49.44 49.78 38.85 34.50 23.97 21.88 24.78 22.96 22.30 -9999 -9999 -9999 -9999 -9999 -9999 -9999 -9999 -9999 -9999 -9999 -9999 -9999 -9999 -9999 -9999 -9999 -9999 -9999 -9999 -9999 -9999 -9999 -9999 -9999 -9999 -9999 -9999 -9999 -9999 -9999 -9999 -9999 -9999 -9999 -9999 -9999 -9999 -9999 -9999 -9999 -9999
132.76 141.55 135.70 156.25 196.20 159.14 193.59 179.49 161.12 156.76 136.15 180.87 155.95 105.34 87.58 77.77 72.00 92.26 79.37 87.02 67.82 62.67 60.78 61.13 62.36 54.35 47.88 43.65 35.27 30.27 22.77 -9999 -9999 -9999 -9999 -9999 -9999 -9999 -9999 -9999 -9999 -9999 -9999 -9999 -9999 -9999 -9999 -9999 -9999 -9999 -9999 -9999 -9999 -9999 -9999 -9999 -9999 -9999 -9999 -9999 -9999 -9999 -9999 -9999 -9999 -9999 -9999 -9999 -9999 -9999 -9999 -9999 -9999 -9999 -9999 -9999 -9999
136.52 128.03 129.52 185.34 181.88 202.06 196.53 130.22 126.19 144.50 105.21 114.27 135.17 89.55 89.12 92.62 102.57 119.81 77.15 68.90 57.62 51.86 53.93 55.18 59.53 52.71 50.49 45.60 35.23 -9999 -9999 -9999 -9999 -9999 -9999 -9999 -9999 -9999 -9999 -9999 -9999 -9999 -9999 -9999 -9999 -9999 -9999 -9999 -9999 -9999 -9999 -9999 -9999 -9999 -9999 -9999 -9999 -9999 -9999 -9999 -9999 -9999 -9999 -9999 -9999 -9999 -9999 -9999 -9999 -9999 -9999 -9999 -9999 -9999 -9999 -9999 -9999
125.15 119.67 164.29 161.80 186.29 211.47 181.27 131.12 139.49 127.13 88.39 80.38 91.22 100.08 111.48 105.85 115.80 107.70 94.71 82.50 66.20 41.43 47.75 45.76 46.18 45.14 46.68 41.47 29.77 -9999 -9999 -9999 -9999 -9999 -9999 -9999 -9999 -9999 -9999 -9999 -9999 -9999 -9999 -9999 -9999 -9999 -9999 -9999 -9999 -9999 -9999 -9999 -9999 -9999 -9999 -9999 -9999 -9999 -9999 -9999 -9999 -9999 -9999 -9999 -9999 -9999 -9999 -9999 -9999 -9999 -9999 -9999 -9999 -9999 -9999 -9999 -9999
-9999 124.26 155.70 156.83 175.07 182.96 166.85 119.44 92.51 95.34 89.14 91.12 105.00 101.78 141.07 143.01 132.61 124.62 96.23 80.00 72.79 44.12 42.99 40.22 38.95 37.99 28.61 -9999 -9999 -9999 -9999 -9999 24.67 22.32 23.41 23.68 -9999 -9999 -9999 -9999 -9999 -9999 -9999 -9999 -9999 -9999 -9999 -9999 -9999 -9999 -9999 -9999 -9999 -9999 -9999 -9999 -9999 -9999 -9999 -9999 -9999 -9999 -9999 -9999 -9999 -9999 -9999 -9999 -9999 -9999 -9999 -9999 -9999 -9999 -9999 -9999 -9999
-9999 114.35 146.98 137.28 126.46 177.69 128.26 144.25 90.41 95.13 94.37 92.27 107.70 82.88 90.00 103.25 89.28 80.44 76.55 65.28 62.54 54.01 45.92 42.54 40.03 32.73 28.26 26.09 23.50 -9999 -9999 18.35 22.35 24.52 21.85 20.09 18.52 16.81 -9999 -9999 -9999 -9999 -9999 -9999 -9999 -9999 -9999 -9999 -9999 -9999 -9999 -9999 -9999 -9999 -9999 -9999 -9999 -9999 -9999 -9999 -9999 -9999 -9999 -9999 -9999 -9999 -9999 -9999 -9999 -9999 -9999 -9999 -9999 -9999 -9999 -9999 -9999
92.65 103.51 94.21 116.70 123.41 132.22 111.28 108.07 111.08 108.21 98.38 81.40 76.19 78.23 78.03 78.42 76.47 71.98 66.20 60.48 59.32 50.19 52.82 47.69 38.48 30.19 28.50 26.33 24.60 20.53 18.33 20.64 17.62 20.64 26.57 25.32 21.45 29.43 20.55 -9999 -9999 -9999 -9999 -9999 -9999 -9999 -9999 -9999 -9999 -9999 -9999 -9999 -9999 -9999 -9999 -9999 -9999 -9999 -9999 -9999 -9999 -9999 -9999 -9999 -9999 -9999 -9999 -9999 -9999 -9999 -9999 -9999 -9999 -9999 -9999 -9999 -9999
91.13 78.84 101.58 103.67 91.02 101.62 -9999 126.30 147.34 133.47 98.96 82.39 72.48 72.81 73.64 73.45 60.87 59.06 62.38 58.69 56.59 47.41 53.32 43.63 38.16 37.39 32.52 30.29 24.83 28.99 24.65 23.99 26.38 34.53 31.48 28.92 26.79 30.63 25.33 23.30 22.39 12.95 -9999 -9999 -9999 -9999 -9999 -9999 -9999 -9999 -9999 -9999 -9999 -9999 -9999 -9999 -9999 -9999 -9999 -9999 -9999 -9999 -9999 -9999 -9999 -9999 -9999 -9999 -9999 -9999 -9999 -9999 -9999 -9999 -9999 -9999 -9999
91.90 68.20 -9999 80.65 80.63 90.60 -9999 121.16 160.09 131.69 109.01 92.98 83.75 78.74 77.82 73.88 56.56 52.63 53.86 48.84 55.71 61.70 50.54 58.40 51.98 48.78 46.84 32.89 29.72 25.85 29.94 26.31 34.85 51.29 43.17 29.07 27.58 26.09 22.61 27.06 16.58 14.20 -9999 -9999 -9999 -9999 -9999 -9999 -9999 -9999 -9999 -9999 -9999 -9999 -9999 -9999 -9999 -9999 -9999 -9999 -9999 -9999 -9999 -9999 -9999 -9999 -9999 -9999 -9999 -9999 -9999 -9999 -9999 -9999 -9999 -9999 -9999
75.62 61.40 -9999 -9999 76.65 67.24 66.80 94.53 110.72 108.63 97.41 109.01 96.64 92.08 79.64 81.44 59.23 52.16 59.85 53.57 58.80 66.05 76.75 98.72 106.87 58.13 43.13 30.07 51.66 54.74 38.79 29.54 32.35 36.67 35.83 25.87 16.67 21.54 17.54 16.23 15.23 15.74 15.21 -9999 -9999 -9999 -9999 -9999 -9999 -9999 -9999 -9999 -9999 -9999 -9999 -9999 -9999 -9999 -9999 -9999 -9999 -9999 -9999 -9999 -9999 -9999 -9999 -9999 -9999 -9999 -9999 -9999 -9999 -9999 -9999 -9999 -9999
-9999 -9999 -9999 -9999 -9999 63.89 65.61 85.56 95.84 91.09 86.86 95.30 97.71 96.42 93.14 95.56 80.18 59.68 46.04 51.17 53.53 59.28 67.88 79.98 68.24 32.46 36.12 39.58 57.21 73.20 49.43 31.42 31.20 27.54 23.84 24.15 17.76 19.81 17.14 15.04 15.21 18.87 12.50 -9999 -9999 -9999 -9999 -9999 -9999 -9999 -9999 -9999 -9999 -9999 -9999 -9999 -9999 -9999 -9999 -9999 -9999 -9999 -9999 -9999 -9999 -9999 -9999 -9999 -9999 -9999 -9999 -9999 -9999 -9999 -9999 -9999 -9999
83.56 102.34 104.43 -9999 -9999 -9999 65.40 77.35 80.95 80.61 80.67 79.84 89.40 87.15 96.95 98.47 79.86 63.91 47.43 44.76 47.96 49.59 46.72 54.11 42.17 31.66 43.85 45.28 43.05 50.47 51.13 37.61 33.79 19.99 24.19 24.55 21.57 18.60 13.96 13.36 14.26 20.68 22.58 18.36 -9999 -9999 -9999 -9999 -9999 -9999 -9999 -9999 -9999 -9999 -9999 -9999 -9999 -9999 -9999 -9999 -9999 -9999 -9999 -9999 -9999 -9999 -9999 -9999 -9999 -9999 -9999 -9999 -9999 -9999 -9999 -9999 -9999
92.05 111.85 143.86 119.54 -9999 -9999 -9999 59.02 60.02 59.07 66.52 67.16 69.99 81.06 82.23 85.28 70.99 58.14 42.79 44.82 42.00 47.52 45.82 52.58 44.60 48.88 35.04 39.03 38.54 39.77 44.73 35.44 27.36 26.04 25.91 24.16 18.43 16.03 12.21 11.74 10.51 18.19 20.25 16.43 17.04 -9999 -9999 -9999 -9999 -9999 -9999 -9999 -9999 -9999 -9999 -9999 -9999 -9999 -9999 -9999 -9999 -9999 -9999 -9999 -9999 -9999 -9999 -9999 -9999 -9999 -9999 -9999 -9999 -9999 -9999 -9999 -9999
67.75 102.24 145.40 119.10 -9999 -9999 -9999 -9999 -9999 47.40 51.79 53.85 62.24 70.89 75.76 72.32 81.96 75.10 58.86 51.33 51.16 53.95 47.66 44.58 39.54 52.41 33.19 31.22 38.28 37.25 29.75 25.21 20.01 26.79 24.00 22.27 18.76 14.96 9.55 10.83 12.92 13.42 13.15 17.82 17.19 11.56 -9999 -9999 -9999 -9999 -9999 -9999 -9999 -9999 -9999 -9999 -9999 -9999 -9999 -9999 -9999 -9999 -9999 -9999 -9999 -9999 -9999 -9999 -9999 -9999 -9999 -9999 -9999 -9999 -9999 -9999 -9999
68.47 81.86 134.28 109.04 -9999 -9999 -9999 -9999 -9999 43.43 49.01 60.55 61.01 71.42 70.30 71.84 82.78 85.45 78.35 62.42 65.46 58.28 50.59 52.85 61.21 49.44 56.59 36.56 49.12 37.96 38.50 33.46 25.58 31.51 20.26 19.08 17.20 16.90 14.22 16.00 14.11 13.73 11.77 12.42 15.80 11.99 12.28 14.51 -9999 -9999 -9999 -9999 -9999 -9999 -9999 -9999 -9999 -9999 -9999 -9999 -9999 -9999 -9999 -9999 -9999 -9999 -9999 -9999 -9999 -9999 -9999 -9999 -9999 -9999 -9999 -9999 -9999
-9999 83.16 95.25 82.69 -9999 -9999 -9999 -9999 -9999 44.18 43.53 52.98 52.36 58.55 58.91 63.40 75.61 83.44 86.48 75.58 68.95 66.38 64.15 73.57 72.76 71.11 77.70 62.67 46.73 44.84 31.75 22.34 24.42 25.28 20.17 16.12 13.51 13.27 11.36 13.41 18.36 19.16 10.77 8.88 8.60 13.25 12.19 8.83 -9999 -9999 -9999 -9999 -9999 -9999 -9999 -9999 -9999 -9999 -9999 -9999 -9999 -9999 -9999 -9999 -9999 -9999 -9999 -9999 -9999 -9999 -9999 -9999 -9999 -9999 -9999 -9999 -9999
-9999 62.56 67.55 66.55 -9999 -9999 -9999 -9999 -9999 48.56 49.55 54.10 58.45 59.58 64.38 74.04 93.34 104.59 90.63 94.14 93.61 71.56 59.08 63.47 71.63 96.00 79.57 63.68 56.47 49.58 32.10 29.25 23.08 22.85 19.93 10.32 9.72 14.48 13.56 16.48 25.09 25.95 14.10 8.33 9.57 13.43 12.67 8.85 -9999 -9999 -9999 -9999 -9999 -9999 -9999 -9999 -9999 -9999 -9999 -9999 -9999 -9999 -9999 -9999 -9999 -9999 -9999 -9999 -9999 -9999 -9999 -9999 -9999 -9999 -9999 -9999 -9999
-9999 -9999 -9999 -9999 -9999 -9999 -9999 -9999 61.93 60.59 65.44 62.05 66.21 68.18 68.02 78.23 84.12 103.06 99.13 100.87 118.60 101.95 90.00 83.07 90.58 99.93 96.26 103.48 69.91 53.65 40.51 28.32 22.89 17.00 17.77 17.07 14.01 17.72 18.39 23.82 22.68 24.01 17.67 11.41 11.35 12.72 13.19 11.45 -9999 -9999 -9999 -9999 -9999 -9999 -9999 -9999 -9999 -9999 -9999 -9999 -9999 -9999 -9999 -9999 -9999 -9999 -9999 -9999 -9999 -9999 -9999 -9999 -9999 -9999 -9999 -9999 -9999
-9999 -9999 -9999 -9999 -9999 -9999 -9999 -9999 77.45 61.99 71.42 76.05 86.10 87.22 92.29 97.24 86.89 78.81 92.76 116.74 125.42 115.49 96.79 84.65 69.40 99.28 82.45 91.03 74.06 55.11 42.19 30.85 20.03 20.98 21.45 16.58 17.08 19.87 21.95 19.94 19.36 20.97 18.62 13.06 9.91 9.40 14.42 11.86 -9999 -9999 -9999 -9999 -9999 -9999 -9999 -9999 -9999 -9999 -9999 -9999 -9999 -9999 -9999 -9999 -9999 -9999 -9999 -9999 -9999 -9999 -9999 -9999 -9999 -9999 -9999 -9999 -9999
-9999 -9999 -9999 -9999 -9999 -9999 -9999 67.27 78.27 65.48 79.30 89.60 82.57 100.95 122.32 120.85 104.07 104.39 86.42 85.80 102.62 110.94 96.04 85.13 64.87 80.90 93.28 80.10 78.39 57.12 50.16 40.61 32.61 28.94 22.12 17.49 22.65 26.01 21.39 19.01 14.70 12.99 16.37 14.86 16.01 17.00 15.64 14.07 -9999 -9999 -9999 -9999 -9999 -9999 -9999 -9999 -9999 -9999 -9999 -9999 -9999 -9999 -9999 -9999 -9999 -9999 -9999 -9999 -9999 -9999 -9999 -9999 -9999 -9999 -9999 -9999 -9999
-9999 -9999 -9999 -9999 -9999 -9999 -9999 66.93 75.61 87.72 88.25 109.02 88.50 105.67 111.45 142.67 124.11 108.04 95.10 95.18 86.08 128.50 116.42 79.94 64.40 74.33 82.93 79.86 72.74 66.39 49.33 51.34 54.77 42.33 35.54 30.12 30.70 21.59 19.22 17.89 16.41 16.83 15.26 15.04 17.22 15.66 14.53 13.10 14.75 -9999 -9999 -9999 -9999 -9999 -9999 -9999 -9999 -9999 -9999 -9999 -9999 -9999 -9999 -9999 -9999 -9999 -9999 -9999 -9999 -9999 -9999 -9999 -9999 -9999 -9999 -9999 -9999
-9999 -9999 -9999 -9999 -9999 -9999 51.20 71.73 84.97 95.92 109.50 110.04 96.94 88.73 113.51 121.84 122.08 111.41 99.34 76.48 67.12 84.48 91.38 71.92 59.51 55.96 63.83 65.35 64.23 62.54 64.48 51.48 60.23 51.26 35.60 41.26 31.91 30.33 24.31 15.01 17.58 18.50 17.08 21.63 18.50 16.89 16.63 16.51 14.58 -9999 -9999 -9999 -9999 -9999 -9999 -9999 -9999 -9999 -9999 -9999 -9999 -9999 -9999 -9999 -9999 -9999 -9999 -9999 -9999 -9999 -9999 -9999 -9999 -9999 -9999 -9999 -9999
-9999 -9999 -9999 -9999 -9999 -9999 71.16 80.30 91.10 122.93 125.48 118.97 101.84 127.81 95.85 104.23 105.54 114.26 101.75 71.23 64.38 80.12 82.05 65.14 51.03 49.53 51.74 57.70 58.19 68.63 49.63 59.76 59.12 45.42 48.63 36.55 33.70 34.00 21.32 17.96 18.22 18.29 21.05 21.81 19.02 19.70 20.03 19.22 15.43 -9999 -9999 -9999 -9999 -9999 -9999 -9999 -9999 -9999 -9999 -9999 -9999 -9999 -9999 -9999 -9999 -9999 -9999 -9999 -9999 -9999 -9999 -9999 -9999 -9999 -9999 -9999 -9999
-9999 -9999 -9999 -9999 -9999 87.06 82.04 85.54 110.63 121.12 127.03 153.51 134.09 139.63 104.18 94.71 96.72 101.28 100.00 84.44 71.28 81.26 77.70 58.97 48.84 45.84 52.26 56.04 66.47 59.68 49.59 59.81 52.38 46.96 51.34 36.67 39.10 32.99 27.58 21.13 23.47 22.70 20.79 18.58 17.77 18.76 17.60 16.82 12.19 -9999 -9999 -9999 -9999 -9999 -9999 -9999 -9999 -9999 -9999 -9999 -9999 -9999 -9999 -9999 -9999 -9999 -9999 -9999 -9999 -9999 -9999 -9999 -9999 -9999 -9999 -9999 -9999
-9999 -9999 -9999 -9999 80.00 95.23 94.77 78.84 94.34 100.99 109.86 137.51 138.66 156.55 108.55 89.75 83.01 100.05 94.67 88.93 79.83 70.78 62.36 66.85 63.40 50.02 55.30 57.88 60.67 56.35 48.45 52.95 45.18 46.84 53.94 46.77 46.66 37.64 34.41 25.23 22.20 23.95 21.65 18.51 17.49 17.59 18.20 16.26 13.91 10.76 -9999 -9999 -9999 -9999 -9999 -9999 -9999 -9999 -9999 -9999 -9999 -9999 -9999 -9999 -9999 -9999 -9999 -9999 -9999 -9999 -9999 -9999 -9999 -9999 -9999 -9999 -9999
-9999 -9999 -9999 -9999 96.09 105.86 93.52 88.46 98.74 109.32 113.66 167.61 163.13 140.97 133.84 97.82 95.87 105.57 93.80 111.04 78.44 64.67 59.62 56.94 62.29 48.22 56.15 54.06 57.34 52.98 46.03 47.97 48.08 41.34 46.64 50.32 46.22 44.13 30.72 24.35 22.44 21.85 21.70 20.53 18.72 16.71 16.83 18.93 14.71 9.43 -9999 -9999 -9999 -9999 -9999 -9999 -9999 -9999 -9999 -9999 -9999 -9999 -9999 -9999 -9999 -9999 -9999 -9999 -9999 -9999 -9999 -9999 -9999 -9999 -9999 -9999 -9999
-9999 -9999 65.48 75.33 92.65 92.54 90.89 97.09 102.43 112.82 117.68 140.96 133.09 157.23 130.31 118.06 99.69 103.95 105.38 93.96 81.70 69.00 54.17 59.53 54.00 43.36 45.83 47.86 49.25 43.79 41.68 42.12 37.79 37.09 50.10 52.80 46.20 37.85 32.13 25.20 22.56 22.90 20.12 20.41 20.34 17.49 14.40 16.96 14.28 9.07 -9999 -9999 -9999 -9999 -9999 -9999 -9999 -9999 -9999 -9999 -9999 -9999 -9999 -9999 -9999 -9999 -9999 -9999 -9999 -9999 -9999 -9999 -9999 -9999 -9999 -9999 -9999
