Rainfall_2007-2011/Rainfall_2008-03_ACTUAL.txt
ncols         180
nrows         290
xllcorner     -200000
yllcorner     -200000
cellsize      5000
NODATA_value  -9999
[rows 165 to 197 of 290, columns 76 to 151 of 180]
-9999 -9999 -9999 -9999 -9999 -9999 -9999 -9999 -9999 -9999 -9999 -9999 -9999 -9999 -9999 -9999 -9999 -9999 -9999 -9999 -9999 -9999 -9999 -9999 -9999 -9999 -9999 -9999 -9999 -9999 -9999 61.76 56.54 56.89 54.94 90.34 119.70 131.56 129.79 150.76 147.93 165.72 144.73 150.75 138.32 105.55 90.27 84.86 75.31 73.29 68.21 69.14 69.73 59.69 60.48 62.43 56.77 55.28 53.24 52.77 51.37 50.35 62.95 68.87 68.25 66.87 65.25 -9999 59.43 59.29 61.07 65.33 -9999 -9999 -9999 -9999
-9999 -9999 -9999 -9999 -9999 -9999 -9999 -9999 -9999 -9999 -9999 -9999 -9999 -9999 -9999 -9999 -9999 -9999 -9999 -9999 -9999 -9999 -9999 -9999 -9999 -9999 -9999 -9999 -9999 -9999 56.73 60.65 65.62 62.25 78.36 84.98 131.10 179.22 141.33 178.02 145.06 159.40 143.38 146.87 159.75 142.79 103.36 80.40 83.16 70.89 67.38 63.69 62.32 58.40 54.85 57.15 55.15 57.31 53.79 52.46 51.39 59.31 61.77 65.00 75.17 73.60 69.60 64.71 -9999 59.93 61.03 63.41 68.38 -9999 -9999 -9999
-9999 -9999 -9999 -9999 -9999 -9999 -9999 -9999 -9999 -9999 -9999 -9999 -9999 -9999 -9999 -9999 -9999 -9999 -9999 -9999 -9999 -9999 -9999 -9999 -9999 -9999 -9999 -9999 -9999 -9999 54.83 60.05 68.04 75.36 90.84 100.51 118.79 120.15 127.00 128.44 122.99 124.12 99.97 125.26 142.45 135.23 111.24 101.32 75.55 71.78 76.89 63.94 66.07 71.68 63.24 54.17 52.48 56.87 53.52 52.65 48.04 52.48 62.91 64.85 65.78 70.65 74.14 70.06 64.91 -9999 -9999 -9999 -9999 -9999 -9999 -9999
-9999 -9999 -9999 -9999 -9999 -9999 -9999 -9999 -9999 -9999 -9999 -9999 -9999 -9999 -9999 -9999 -9999 -9999 -9999 -9999 -9999 -9999 -9999 -9999 -9999 -9999 -9999 -9999 -9999 58.77 58.32 63.87 76.94 81.64 78.40 91.00 110.14 113.05 105.12 104.82 116.88 113.89 124.77 138.77 140.18 169.16 145.47 125.35 107.33 78.90 69.01 60.50 67.83 70.57 62.31 56.31 51.82 56.35 53.31 52.16 47.91 53.57 59.64 60.60 66.89 75.00 78.39 82.22 69.08 65.15 66.81 -9999 -9999 -9999 -9999 -9999
-9999 -9999 -9999 -9999 -9999 -9999 -9999 -9999 -9999 -9999 -9999 -9999 -9999 -9999 -9999 -9999 -9999 -9999 -9999 -9999 -9999 -9999 -9999 -9999 -9999 -9999 -9999 -9999 -9999 -9999 54.45 70.18 74.75 70.32 75.54 78.88 93.19 86.45 90.75 94.86 100.14 101.66 105.62 113.06 150.25 173.02 178.85 158.60 134.84 105.90 77.69 69.10 56.13 55.55 58.70 54.91 51.72 51.44 47.11 45.40 45.31 57.90 62.06 60.20 69.96 83.24 91.93 78.80 75.74 70.14 64.48 67.16 71.71 -9999 -9999 -9999
-9999 -9999 -9999 -9999 -9999 -9999 -9999 -9999 -9999 -9999 -9999 -9999 -9999 -9999 -9999 -9999 -9999 -9999 -9999 -9999 -9999 -9999 -9999 -9999 -9999 -9999 -9999 -9999 -9999 -9999 66.09 72.91 71.47 72.59 69.94 78.48 81.55 81.01 80.10 79.35 82.59 82.12 100.30 104.25 115.60 163.38 180.02 182.74 146.13 119.25 92.30 71.02 66.08 55.32 59.60 55.32 54.85 47.99 51.09 47.88 45.31 54.61 60.72 63.72 72.74 89.22 95.82 91.44 91.36 78.51 61.70 63.02 66.58 -9999 -9999 -9999
-9999 -9999 -9999 -9999 -9999 -9999 -9999 -9999 -9999 -9999 99.61 85.90 78.15 81.24 -9999 -9999 -9999 -9999 -9999 -9999 -9999 -9999 -9999 -9999 -9999 -9999 -9999 -9999 -9999 67.38 67.06 73.76 74.58 72.62 75.92 72.39 67.75 74.04 77.80 82.55 85.21 81.68 91.03 108.77 137.34 124.68 162.92 155.41 150.10 138.73 89.28 86.89 63.69 67.47 60.92 55.25 56.77 52.98 50.66 50.99 57.31 55.17 58.60 63.52 69.48 77.37 89.46 93.56 99.09 90.18 71.74 68.49 72.67 73.98 -9999 -9999
-9999 -9999 -9999 -9999 -9999 -9999 -9999 -9999 -9999 -9999 83.77 77.55 88.70 82.08 -9999 -9999 -9999 -9999 -9999 -9999 -9999 -9999 -9999 -9999 -9999 -9999 -9999 -9999 70.88 67.46 65.76 74.19 81.00 73.52 74.46 69.86 74.44 73.77 85.44 82.34 75.59 74.91 82.42 87.70 106.65 123.55 186.97 153.89 127.50 123.76 107.79 86.21 58.60 69.60 63.21 58.62 56.49 55.79 54.28 55.02 56.15 57.37 56.85 66.18 64.69 75.10 81.01 96.21 80.16 84.82 75.10 70.03 66.92 71.95 -9999 -9999
-9999 -9999 -9999 -9999 -9999 -9999 -9999 -9999 63.00 75.20 75.57 80.99 86.13 90.38 79.21 77.76 95.76 -9999 -9999 71.61 83.80 -9999 -9999 -9999 55.16 63.85 62.56 -9999 61.79 71.52 70.80 65.86 62.66 68.26 75.70 78.83 81.74 75.34 70.09 69.00 81.79 71.16 71.55 100.57 95.67 113.74 148.46 124.92 126.73 136.58 99.87 96.26 68.89 67.95 64.70 62.02 58.91 53.94 53.68 56.94 55.69 57.14 50.43 68.25 62.95 62.59 70.67 85.95 86.08 90.31 87.10 76.07 65.46 69.94 75.02 -9999
-9999 -9999 -9999 -9999 -9999 -9999 -9999 -9999 -9999 70.87 72.72 88.58 102.01 98.96 85.87 101.82 102.06 -9999 79.10 108.30 109.06 91.69 71.85 71.48 66.46 74.68 65.79 67.37 -9999 69.57 70.19 62.67 52.17 60.78 67.17 64.48 67.15 70.06 68.22 76.40 85.98 77.86 75.19 104.36 133.31 136.41 129.11 109.68 136.47 95.82 92.05 76.57 68.56 71.81 67.75 58.61 57.93 57.89 60.47 64.50 63.53 62.11 59.16 67.16 65.51 60.84 69.16 79.91 83.24 85.29 96.85 85.59 77.45 74.08 74.21 -9999
-9999 -9999 -9999 -9999 -9999 -9999 -9999 -9999 -9999 -9999 71.89 80.98 95.75 93.69 77.78 95.46 118.14 131.36 173.42 118.59 120.33 112.50 102.02 79.91 77.14 72.68 76.97 81.25 77.37 73.18 72.79 66.54 62.02 62.81 59.88 66.41 69.48 69.64 64.12 68.01 68.14 79.94 68.24 110.01 130.46 130.72 125.48 113.62 106.18 108.52 96.89 81.90 71.64 68.35 63.80 62.94 64.74 61.57 63.48 58.69 55.84 60.42 62.83 67.65 71.74 67.69 69.41 73.24 76.32 84.49 92.37 85.72 80.82 77.19 73.84 76.20
-9999 -9999 -9999 -9999 -9999 -9999 -9999 -9999 -9999 -9999 -9999 77.50 76.93 93.15 89.57 123.45 165.73 215.54 200.21 151.04 126.59 109.86 131.10 113.81 91.85 93.89 102.98 83.60 87.91 86.25 62.84 59.39 55.28 57.63 61.39 66.18 76.82 82.56 63.65 60.98 60.75 67.84 86.20 107.24 168.84 140.56 129.78 125.36 102.55 106.56 112.87 83.44 78.49 73.90 74.21 65.38 68.67 62.14 63.75 60.37 58.44 62.98 70.27 71.86 68.85 68.34 67.30 64.33 69.24 79.27 91.83 82.92 76.65 75.58 73.59 74.20
-9999 -9999 -9999 -9999 -9999 -9999 -9999 -9999 -9999 -9999 -9999 -9999 90.24 99.33 136.67 168.80 214.67 262.30 252.64 170.98 156.73 143.29 156.72 148.04 130.48 113.60 92.00 116.19 95.90 79.66 75.86 64.71 59.36 58.30 62.38 60.38 62.57 60.95 60.59 58.46 54.84 60.58 82.05 101.17 108.57 118.78 107.61 120.50 115.23 91.89 99.45 87.71 82.58 80.46 71.36 72.14 70.41 63.66 67.42 62.36 66.78 63.13 53.03 70.46 69.19 65.46 65.27 65.44 74.23 74.83 76.84 62.08 72.88 72.60 71.93 72.69
-9999 -9999 -9999 -9999 -9999 -9999 -9999 -9999 -9999 -9999 -9999 -9999 94.85 107.25 148.21 195.74 299.77 336.49 249.30 175.51 155.87 171.11 165.07 168.03 146.62 149.61 92.86 93.97 112.41 104.47 90.88 61.48 58.34 59.47 62.98 65.02 62.45 54.03 53.88 50.01 51.77 57.86 81.79 82.82 73.27 101.47 112.16 117.04 93.19 85.31 86.76 83.96 77.99 80.95 75.25 73.62 69.93 62.13 60.06 55.23 53.58 60.73 61.05 65.43 73.88 67.84 64.41 60.66 63.26 64.90 68.49 71.04 70.41 70.90 70.99 -9999
-9999 -9999 -9999 -9999 -9999 -9999 -9999 -9999 -9999 -9999 -9999 -9999 105.93 126.81 159.23 186.68 318.00 279.00 226.29 185.37 144.01 174.49 143.42 152.00 146.52 130.52 104.71 126.05 128.80 117.59 86.85 72.84 63.29 63.01 65.20 65.37 63.93 60.07 53.11 46.87 59.40 65.43 70.32 80.44 81.48 86.81 95.64 106.29 90.04 93.38 80.96 69.17 71.82 73.49 76.72 77.21 62.24 65.68 55.26 52.16 54.34 59.66 60.51 74.43 67.45 67.01 63.49 60.14 55.47 61.78 63.38 69.46 68.18 68.08 -9999 -9999
-9999 -9999 -9999 -9999 -9999 -9999 -9999 -9999 -9999 -9999 -9999 115.05 167.93 126.60 182.71 196.15 206.57 261.08 238.78 221.63 214.97 209.42 153.53 131.62 104.32 116.25 124.38 141.60 137.83 136.57 90.40 67.81 63.98 65.77 65.33 63.40 61.05 58.01 55.92 60.12 65.48 61.26 78.00 74.60 75.47 77.19 94.54 82.02 89.40 79.67 77.24 60.09 61.06 67.38 68.25 66.43 59.26 63.40 62.67 54.26 54.50 59.00 59.60 69.50 65.45 65.41 65.31 63.61 62.36 64.28 74.83 63.59 60.53 -9999 -9999 -9999
-9999 -9999 -9999 -9999 -9999 -9999 -9999 -9999 -9999 103.00 98.83 118.58 130.08 123.01 126.90 155.08 140.16 180.71 233.18 232.11 231.48 227.64 140.91 166.49 123.72 132.34 129.51 107.76 114.69 114.86 93.94 79.15 66.46 62.12 57.47 61.16 59.40 56.17 64.09 65.37 66.25 67.48 69.59 69.38 78.60 68.84 73.28 80.81 70.20 55.29 65.49 68.03 59.93 52.77 61.24 60.87 54.10 53.23 60.37 49.81 49.60 58.01 58.58 63.32 67.08 60.97 65.64 71.60 77.30 67.82 66.01 64.79 -9999 -9999 -9999 -9999
-9999 -9999 -9999 -9999 -9999 -9999 -9999 -9999 104.83 102.15 111.48 112.42 116.32 88.59 101.02 113.04 111.91 145.93 194.32 214.23 275.86 198.92 162.38 158.84 125.57 158.95 167.01 153.16 126.53 114.89 99.61 83.08 69.76 64.48 59.37 57.78 62.32 64.26 67.19 74.14 67.39 63.65 72.61 67.16 75.06 72.08 66.36 65.06 59.77 53.27 62.21 74.42 65.33 51.96 53.84 55.35 52.14 55.21 56.20 54.34 52.87 59.29 63.64 67.77 70.73 60.64 62.99 66.96 71.71 58.48 63.08 62.54 -9999 -9999 -9999 -9999
-9999 -9999 -9999 -9999 -9999 -9999 -9999 107.44 107.87 99.29 116.11 -9999 -9999 -9999 -9999 74.71 108.90 181.55 191.66 206.50 211.50 224.26 217.14 201.05 164.67 218.02 200.74 163.77 129.15 129.44 88.55 75.42 66.55 63.95 62.26 61.18 57.66 72.35 63.41 74.04 67.76 65.52 68.87 72.90 71.27 62.95 58.35 61.92 64.09 59.33 59.48 70.13 51.47 57.09 58.45 56.46 56.74 58.35 54.40 60.09 58.65 75.38 74.59 77.90 72.46 67.81 60.00 62.61 61.65 60.86 63.95 62.67 67.20 -9999 -9999 -9999
-9999 -9999 -9999 -9999 -9999 -9999 -9999 111.26 125.62 115.42 125.42 -9999 -9999 -9999 -9999 99.65 111.88 199.13 190.87 205.67 222.01 251.38 267.83 256.10 190.64 211.64 150.50 137.37 124.05 107.45 88.84 65.77 62.59 64.69 66.18 64.20 55.94 62.98 60.05 72.14 69.13 65.98 65.11 66.85 66.79 62.34 64.40 69.22 61.16 57.73 59.12 66.64 61.47 55.03 56.39 53.45 52.98 62.75 63.43 70.25 69.15 95.49 84.96 79.63 73.39 70.61 62.26 62.90 63.25 60.54 63.92 66.27 65.48 66.43 -9999 -9999
-9999 -9999 -9999 -9999 -9999 -9999 -9999 -9999 -9999 -9999 -9999 -9999 -9999 -9999 -9999 86.61 126.63 154.97 154.97 188.02 187.40 266.15 302.61 225.04 192.34 176.01 150.35 128.68 109.93 94.24 77.63 76.43 68.41 67.44 60.69 58.23 54.86 49.13 60.66 64.41 57.72 63.79 65.07 68.97 67.62 62.32 63.73 66.97 56.19 68.91 71.58 71.48 62.74 58.93 61.32 70.44 58.74 58.76 68.63 65.08 66.35 85.85 88.20 79.72 77.39 76.35 65.01 63.44 66.16 63.44 61.36 69.62 68.94 65.17 61.11 68.72
-9999 -9999 -9999 -9999 -9999 -9999 -9999 -9999 -9999 -9999 -9999 -9999 -9999 -9999 -9999 -9999 115.44 131.01 173.89 185.91 230.95 250.01 267.16 226.50 176.66 145.43 126.30 84.33 100.05 85.27 79.64 74.90 71.32 72.03 65.89 59.92 57.29 56.75 62.67 62.28 62.05 62.81 55.43 68.75 74.12 63.39 64.42 66.53 67.68 70.51 72.19 70.41 64.33 71.27 74.36 65.94 61.70 59.33 63.92 71.79 68.06 80.72 81.04 97.75 82.08 76.44 69.12 69.51 64.70 64.10 66.96 77.24 69.94 67.81 66.16 71.37
-9999 -9999 -9999 -9999 -9999 -9999 -9999 -9999 -9999 -9999 -9999 -9999 -9999 -9999 -9999 -9999 135.07 189.73 265.77 232.33 223.74 205.90 199.59 173.70 161.52 131.70 97.71 113.84 135.11 87.53 91.84 83.92 91.16 74.73 65.98 61.56 61.08 65.35 71.90 71.12 65.48 62.13 64.35 66.17 68.02 63.56 68.66 71.32 66.55 69.93 75.27 71.03 64.75 83.20 76.46 66.07 62.38 63.48 70.08 74.30 74.34 79.79 81.94 87.80 79.71 75.47 63.70 65.54 65.48 65.41 70.00 72.18 69.32 63.23 66.01 73.66
-9999 -9999 -9999 -9999 -9999 -9999 -9999 -9999 -9999 -9999 -9999 -9999 -9999 -9999 -9999 117.49 128.18 185.64 220.26 207.90 185.88 184.55 173.53 176.71 178.93 145.02 113.51 124.44 95.56 114.87 96.81 84.78 83.69 87.63 70.70 70.34 79.55 75.55 74.72 67.00 66.33 65.68 65.98 69.84 71.82 66.26 71.49 53.15 56.86 67.56 67.14 72.40 69.19 76.63 70.06 63.09 61.64 67.34 72.94 79.91 86.22 80.27 81.35 80.92 83.80 73.77 71.27 66.66 63.76 64.00 65.40 66.25 66.77 66.61 66.13 69.69
-9999 -9999 -9999 -9999 -9999 -9999 -9999 -9999 -9999 -9999 -9999 -9999 -9999 -9999 -9999 104.86 123.73 189.26 165.24 163.09 162.61 162.38 169.67 180.58 157.38 134.51 117.47 114.20 74.25 92.62 104.20 104.19 101.88 94.19 95.14 69.52 76.00 71.42 69.75 67.54 67.27 67.68 67.24 78.29 70.81 72.74 73.22 57.42 58.12 60.74 62.97 66.74 66.82 71.02 68.98 68.22 61.00 67.58 80.09 73.79 86.96 86.83 81.13 77.93 73.83 68.69 74.67 70.04 56.00 60.64 63.43 63.15 68.59 67.01 64.35 75.60
-9999 -9999 -9999 -9999 -9999 -9999 -9999 -9999 -9999 -9999 -9999 -9999 -9999 -9999 -9999 84.02 108.09 100.26 159.06 149.16 160.41 182.19 192.12 165.04 171.29 150.10 124.18 105.95 98.53 101.58 112.92 115.66 124.23 98.92 102.23 84.09 79.10 80.30 69.37 69.59 66.26 65.63 73.52 76.87 76.17 79.19 76.28 75.60 69.32 64.84 55.14 63.58 65.56 63.08 64.02 63.01 64.72 66.67 74.14 79.51 82.29 76.28 76.42 79.25 79.18 64.66 65.10 73.67 72.25 62.86 71.67 68.06 71.52 68.91 69.41 71.88
-9999 -9999 -9999 -9999 -9999 -9999 -9999 -9999 -9999 -9999 -9999 -9999 -9999 -9999 -9999 -9999 102.88 141.08 172.06 204.69 251.11 222.09 193.53 155.66 122.46 121.71 117.44 115.62 109.03 92.54 105.74 98.89 123.13 105.82 90.45 76.59 87.39 89.10 74.14 78.28 69.37 68.40 74.80 74.94 74.56 70.74 74.69 74.92 72.53 72.91 65.84 67.20 70.35 67.31 62.56 64.62 64.81 63.42 71.57 71.00 81.00 73.38 79.64 82.28 71.42 69.76 67.97 70.47 70.07 65.53 65.43 71.57 70.07 70.55 71.97 70.04
-9999 -9999 -9999 -9999 -9999 -9999 -9999 -9999 -9999 -9999 -9999 -9999 -9999 -9999 -9999 -9999 126.50 140.54 182.66 256.61 291.67 259.28 209.76 157.53 138.25 129.01 152.86 147.30 144.27 113.14 93.44 96.96 118.13 107.93 111.98 126.43 97.81 95.39 89.49 87.66 73.99 69.54 70.82 78.12 82.40 76.48 74.07 66.80 64.99 70.43 66.92 67.63 70.69 70.06 66.90 68.91 70.06 65.86 73.75 73.20 81.79 79.48 79.23 83.11 73.39 72.85 72.69 70.84 64.07 63.45 63.39 73.20 72.84 68.13 71.76 73.76
-9999 -9999 -9999 -9999 -9999 -9999 -9999 -9999 -9999 -9999 -9999 -9999 -9999 -9999 -9999 93.36 105.71 143.97 207.94 236.47 233.40 233.59 186.43 176.93 189.42 150.97 144.76 120.42 100.08 104.81 107.17 109.55 98.26 105.41 108.66 99.27 104.25 96.43 82.17 81.08 69.50 67.78 72.99 79.98 84.97 86.31 72.61 70.33 62.56 65.89 64.42 74.93 68.53 68.68 62.02 72.35 73.54 75.90 76.92 81.17 81.83 87.65 79.47 83.49 71.29 75.39 71.48 69.54 65.40 66.25 66.57 74.04 72.21 67.61 66.38 69.53
-9999 -9999 -9999 -9999 -9999 -9999 -9999 -9999 -9999 -9999 -9999 -9999 -9999 -9999 -9999 113.73 144.89 149.03 159.78 218.92 250.65 216.29 188.38 141.13 137.73 148.24 138.28 133.08 121.10 131.75 120.99 98.38 114.25 94.98 98.76 91.16 112.00 86.02 77.79 71.99 62.36 66.93 64.76 83.61 83.52 81.07 75.35 71.59 66.84 61.81 62.10 59.97 62.35 61.64 63.79 69.64 75.44 80.08 79.79 83.99 86.84 92.61 75.57 77.12 72.04 78.21 74.15 70.44 76.29 70.70 72.42 72.69 67.98 60.59 69.55 67.81
-9999 -9999 -9999 -9999 -9999 -9999 -9999 -9999 -9999 -9999 -9999 -9999 -9999 -9999 -9999 120.01 147.85 143.90 168.18 208.76 240.61 235.89 196.73 153.39 132.11 143.51 131.85 136.91 143.25 123.43 110.08 115.53 95.92 112.65 91.03 86.82 88.71 80.53 78.74 68.54 65.89 69.87 73.73 74.47 81.15 78.76 74.61 70.60 70.30 66.61 61.80 60.57 58.95 58.86 60.83 67.84 72.77 69.15 73.20 77.08 85.43 79.29 80.75 74.55 75.32 75.86 67.02 65.15 69.78 68.54 67.65 69.32 66.08 60.61 62.96 63.45
-9999 -9999 -9999 -9999 -9999 -9999 -9999 -9999 -9999 -9999 -9999 -9999 -9999 -9999 113.29 125.83 148.35 143.69 122.47 172.07 206.14 231.52 202.37 161.38 142.69 128.52 117.57 147.32 126.45 108.22 123.88 111.05 91.72 84.89 80.75 73.33 77.34 89.38 74.49 71.26 72.19 65.91 68.59 70.64 74.72 74.56 69.82 63.97 68.99 70.97 66.40 61.90 58.74 61.18 61.45 70.07 73.99 70.63 73.44 76.95 79.02 79.98 73.32 78.06 76.41 78.33 70.31 66.13 64.75 66.68 65.97 66.33 71.09 61.74 62.09 62.68
-9999 -9999 -9999 -9999 -9999 -9999 -9999 -9999 -9999 -9999 -9999 -9999 -9999 122.73 127.73 134.78 134.75 114.47 149.76 191.21 226.48 228.38 230.91 177.18 162.38 143.44 117.81 146.85 120.71 127.77 114.22 97.65 90.28 90.64 86.97 89.49 85.37 92.58 96.23 88.80 76.45 68.84 69.23 69.96 61.19 62.94 69.79 67.86 73.99 87.05 71.22 67.16 65.61 67.01 63.06 62.66 70.11 72.06 72.80 79.25 75.10 77.30 78.07 92.82 75.23 74.65 70.65 65.87 59.73 68.95 68.22 71.31 72.72 70.22 64.08 72.02
