Rainfall_2007-2011/Rainfall_2008-03_ACTUAL.txt
ncols         180
nrows         290
xllcorner     -200000
yllcorner     -200000
cellsize      5000
NODATA_value  -9999
[rows 132 to 164 of 290, columns 76 to 151 of 180]
-9999 -9999 -9999 -9999 -9999 -9999 182.78 176.44 188.15 219.53 208.03 208.93 280.60 285.87 339.56 240.36 197.28 172.86 173.48 169.93 146.53 134.90 153.60 144.24 130.38 103.99 111.21 127.33 152.97 187.26 164.19 133.33 147.81 127.68 121.25 148.99 129.15 147.47 111.52 105.56 104.57 86.10 72.56 68.82 65.75 64.24 54.02 50.56 44.59 36.79 -9999 -9999 -9999 -9999 -9999 -9999 -9999 -9999 -9999 -9999 -9999 -9999 -9999 -9999 -9999 -9999 -9999 -9999 -9999 -9999 -9999 -9999 -9999 -9999 -9999 -9999
-9999 -9999 -9999 -9999 -9999 177.20 201.86 196.11 175.89 184.87 173.83 194.65 248.48 274.41 324.85 224.52 168.14 168.42 171.09 156.80 151.02 141.60 132.57 121.05 126.51 116.42 104.33 127.07 136.08 133.73 127.00 125.50 125.40 110.61 121.62 143.81 131.52 139.15 118.76 108.96 87.64 62.35 56.41 59.66 64.10 58.95 52.74 50.62 41.78 37.50 34.96 -9999 -9999 -9999 -9999 -9999 -9999 -9999 -9999 -9999 -9999 -9999 -9999 -9999 -9999 -9999 -9999 -9999 -9999 -9999 -9999 -9999 -9999 -9999 -9999 -9999
-9999 -9999 -9999 -9999 -9999 183.70 179.35 168.58 170.51 172.85 173.54 183.54 281.12 287.07 260.59 251.65 186.10 172.09 161.45 142.43 177.62 137.15 118.62 101.21 101.12 114.57 100.52 119.45 110.12 102.19 94.61 105.25 99.35 99.50 109.97 127.99 121.89 120.30 117.62 94.68 72.59 61.63 59.23 42.73 57.43 56.89 48.30 38.64 34.75 39.58 35.81 -9999 -9999 -9999 -9999 -9999 -9999 -9999 -9999 -9999 -9999 -9999 -9999 -9999 -9999 -9999 -9999 -9999 -9999 -9999 -9999 -9999 -9999 -9999 -9999 -9999
-9999 -9999 -9999 124.08 139.12 162.06 156.67 159.51 166.57 166.62 166.73 178.75 220.23 219.65 263.74 234.72 203.48 163.00 161.11 144.13 137.02 128.03 112.67 91.20 102.94 101.95 91.84 98.47 96.58 94.89 88.29 86.76 91.05 94.34 97.19 124.45 113.95 107.91 99.55 91.59 70.13 60.46 50.84 50.19 45.67 50.09 46.09 36.79 36.58 39.64 44.04 -9999 -9999 -9999 -9999 -9999 -9999 -9999 -9999 -9999 -9999 -9999 -9999 -9999 -9999 -9999 -9999 -9999 -9999 -9999 -9999 -9999 -9999 -9999 -9999 -9999
-9999 -9999 -9999 112.16 119.38 121.07 143.61 144.59 150.56 134.81 125.30 129.89 143.79 172.24 249.31 208.34 178.17 148.77 142.93 114.37 109.84 117.60 138.46 132.10 130.22 96.84 85.85 83.27 82.33 79.30 70.32 72.99 74.86 86.23 81.47 81.13 87.52 88.97 81.97 74.53 68.85 51.98 60.77 63.93 53.15 39.38 44.22 34.38 34.75 36.16 40.20 43.45 -9999 -9999 -9999 -9999 -9999 -9999 -9999 -9999 -9999 -9999 -9999 -9999 -9999 -9999 -9999 -9999 -9999 -9999 -9999 -9999 -9999 -9999 -9999 -9999
-9999 -9999 -9999 101.75 109.14 102.05 115.18 111.74 121.55 114.51 112.36 111.77 114.26 139.99 178.96 158.90 148.53 136.59 118.33 114.78 112.34 119.81 157.28 143.00 -9999 -9999 -9999 74.56 76.40 -9999 66.50 69.08 69.22 73.88 61.98 75.40 91.18 84.36 77.55 82.52 69.67 56.07 55.92 52.75 43.81 50.33 44.88 46.59 34.26 35.49 37.52 32.39 -9999 -9999 -9999 -9999 -9999 -9999 -9999 -9999 -9999 -9999 -9999 -9999 -9999 -9999 -9999 -9999 -9999 -9999 -9999 -9999 -9999 -9999 -9999 -9999
-9999 -9999 -9999 86.50 101.33 95.72 99.96 105.45 109.18 110.47 108.54 89.42 95.20 118.08 159.39 133.66 137.62 129.20 113.10 121.34 105.24 120.40 111.77 114.87 -9999 -9999 -9999 74.85 75.53 72.69 66.04 60.13 63.53 68.07 71.24 91.55 110.76 102.81 107.71 84.80 69.57 76.74 73.22 62.27 54.63 62.10 52.21 54.18 61.29 47.18 36.72 34.33 -9999 -9999 -9999 -9999 -9999 -9999 -9999 -9999 -9999 -9999 -9999 -9999 -9999 -9999 -9999 -9999 -9999 -9999 -9999 -9999 -9999 -9999 -9999 -9999
-9999 -9999 -9999 -9999 86.05 94.23 89.69 -9999 106.44 106.26 98.41 87.49 89.24 -9999 114.74 105.78 117.77 95.62 90.17 101.64 96.55 92.64 -9999 -9999 -9999 -9999 68.07 63.48 71.59 64.55 65.33 60.66 60.12 66.18 79.90 117.97 147.77 132.81 139.14 94.39 97.96 92.49 79.54 86.47 60.20 59.70 61.65 58.47 62.51 46.45 42.25 38.74 33.39 -9999 -9999 -9999 -9999 -9999 -9999 -9999 -9999 -9999 -9999 -9999 -9999 -9999 -9999 -9999 -9999 -9999 -9999 -9999 -9999 -9999 -9999 -9999
-9999 -9999 -9999 -9999 -9999 91.58 -9999 -9999 -9999 88.75 82.91 88.43 102.87 90.78 -9999 -9999 92.22 78.22 72.37 90.91 -9999 -9999 -9999 -9999 -9999 63.07 68.62 70.53 79.08 79.04 77.24 72.42 70.25 76.15 80.22 108.17 126.62 166.12 153.75 140.02 131.93 143.05 103.23 100.41 87.29 73.29 58.37 52.58 54.47 42.76 43.15 40.79 37.90 -9999 -9999 -9999 -9999 -9999 -9999 -9999 -9999 -9999 -9999 -9999 -9999 -9999 -9999 -9999 -9999 -9999 -9999 -9999 -9999 -9999 -9999 -9999
-9999 -9999 -9999 -9999 -9999 88.15 81.72 -9999 -9999 -9999 73.78 81.72 95.33 97.69 -9999 -9999 -9999 -9999 68.05 -9999 -9999 -9999 -9999 -9999 -9999 61.69 68.65 86.21 85.79 100.64 103.39 96.92 77.19 78.45 102.76 101.59 108.67 129.75 158.45 195.57 162.37 150.81 112.80 100.37 96.65 73.33 55.98 59.75 48.81 40.56 42.65 44.40 35.71 -9999 -9999 -9999 -9999 -9999 -9999 -9999 -9999 -9999 -9999 -9999 -9999 -9999 -9999 -9999 -9999 -9999 -9999 -9999 -9999 -9999 -9999 -9999
-9999 -9999 -9999 -9999 -9999 -9999 88.81 -9999 -9999 -9999 -9999 72.75 74.42 79.62 -9999 -9999 -9999 -9999 -9999 -9999 -9999 -9999 -9999 -9999 81.32 71.85 93.89 107.23 116.21 128.14 138.92 129.31 129.21 99.43 95.44 121.76 132.19 169.29 206.05 215.91 176.82 147.61 119.35 102.63 78.81 63.84 68.77 66.80 49.51 43.98 51.94 50.06 44.49 47.05 -9999 -9999 -9999 -9999 -9999 -9999 -9999 -9999 -9999 -9999 -9999 -9999 -9999 -9999 -9999 -9999 -9999 -9999 -9999 -9999 -9999 -9999
-9999 -9999 -9999 -9999 -9999 -9999 94.55 -9999 -9999 -9999 -9999 -9999 -9999 -9999 -9999 -9999 -9999 -9999 -9999 -9999 -9999 -9999 -9999 -9999 82.23 86.61 97.86 114.23 101.81 151.95 182.18 175.48 139.10 104.41 105.14 78.52 83.28 138.15 166.57 201.80 149.83 173.95 180.65 128.48 106.76 88.60 63.48 61.41 55.65 54.20 47.19 52.32 50.40 57.72 57.31 -9999 -9999 -9999 -9999 -9999 -9999 -9999 -9999 -9999 -9999 -9999 -9999 -9999 -9999 -9999 -9999 -9999 -9999 -9999 -9999 -9999
-9999 -9999 -9999 -9999 -9999 -9999 -9999 -9999 -9999 -9999 -9999 -9999 -9999 -9999 -9999 -9999 -9999 -9999 -9999 -9999 -9999 -9999 -9999 74.51 79.82 107.41 117.18 142.55 140.11 211.16 216.77 180.62 142.23 132.07 100.88 87.80 73.20 111.43 192.91 187.74 163.53 160.57 172.85 135.74 100.86 84.90 75.67 58.83 50.41 46.97 43.74 55.53 56.44 56.74 52.07 -9999 -9999 -9999 -9999 -9999 -9999 -9999 -9999 -9999 -9999 -9999 -9999 -9999 -9999 -9999 -9999 -9999 -9999 -9999 -9999 -9999
-9999 -9999 -9999 -9999 -9999 -9999 -9999 -9999 -9999 -9999 -9999 -9999 -9999 -9999 -9999 -9999 -9999 -9999 -9999 -9999 -9999 -9999 -9999 89.29 114.03 134.14 174.46 202.59 183.73 148.03 204.81 222.09 181.43 161.65 116.41 113.70 96.76 107.33 132.54 191.63 173.97 173.33 151.93 132.26 87.14 72.56 67.36 51.36 47.82 44.65 48.44 47.90 55.06 51.01 56.44 63.99 67.14 54.37 -9999 -9999 -9999 -9999 -9999 -9999 -9999 -9999 -9999 -9999 -9999 -9999 -9999 -9999 -9999 -9999 -9999 -9999
-9999 -9999 -9999 -9999 -9999 -9999 -9999 -9999 -9999 -9999 -9999 -9999 -9999 -9999 -9999 -9999 -9999 -9999 -9999 -9999 -9999 -9999 -9999 78.70 102.83 130.31 147.62 215.01 269.66 265.99 269.58 253.21 224.47 244.99 194.28 152.22 127.99 89.39 89.09 128.56 110.35 146.51 163.02 116.81 88.24 76.05 70.12 58.60 49.73 48.95 44.50 47.72 55.11 63.06 61.79 89.68 78.79 76.88 61.70 57.60 -9999 -9999 -9999 -9999 -9999 -9999 -9999 -9999 -9999 -9999 -9999 -9999 -9999 -9999 -9999 -9999
-9999 -9999 -9999 -9999 -9999 -9999 -9999 -9999 -9999 -9999 -9999 -9999 -9999 -9999 -9999 -9999 -9999 -9999 -9999 -9999 -9999 -9999 -9999 72.67 116.96 161.02 230.16 303.84 377.82 290.25 283.31 308.03 318.34 268.48 274.85 220.86 153.67 128.10 119.53 117.22 117.04 143.14 127.14 122.93 103.23 87.94 80.39 65.30 53.38 48.11 44.98 44.90 57.30 70.08 77.79 87.61 108.14 99.00 91.57 87.60 97.92 66.89 -9999 -9999 -9999 -9999 -9999 -9999 -9999 -9999 -9999 -9999 -9999 -9999 -9999 -9999
-9999 -9999 -9999 -9999 -9999 -9999 -9999 -9999 -9999 -9999 -9999 -9999 -9999 -9999 -9999 -9999 -9999 -9999 -9999 -9999 -9999 -9999 -9999 78.81 96.26 125.65 206.03 248.76 380.77 474.34 279.75 275.28 253.25 273.94 268.91 219.87 175.78 148.45 139.87 133.43 187.40 165.33 155.87 151.79 139.57 114.09 86.56 78.82 60.67 58.06 57.00 61.40 70.03 70.15 88.00 88.92 111.19 85.44 77.72 90.48 97.52 70.57 77.30 -9999 -9999 -9999 -9999 -9999 -9999 -9999 -9999 -9999 -9999 -9999 -9999 -9999
-9999 -9999 -9999 -9999 -9999 -9999 -9999 -9999 -9999 -9999 -9999 104.58 89.41 76.71 -9999 -9999 -9999 -9999 -9999 -9999 -9999 -9999 -9999 -9999 74.63 112.98 159.36 194.73 229.30 303.94 252.90 211.31 192.74 220.86 188.21 181.51 189.01 186.51 164.69 180.06 188.75 185.13 204.05 169.35 136.21 113.16 93.24 64.53 62.19 60.97 55.96 64.13 69.40 79.19 109.52 91.25 146.65 147.48 130.18 129.25 100.19 99.99 85.28 67.09 -9999 -9999 -9999 -9999 -9999 -9999 -9999 -9999 -9999 -9999 -9999 -9999
-9999 -9999 -9999 -9999 -9999 -9999 -9999 -9999 -9999 -9999 -9999 107.28 128.43 -9999 -9999 -9999 -9999 -9999 -9999 -9999 -9999 -9999 -9999 -9999 -9999 106.55 138.82 163.04 239.82 310.78 238.58 217.82 167.78 144.52 153.32 154.02 147.20 212.71 195.48 215.17 223.41 201.63 182.50 128.62 149.84 107.34 104.16 70.60 62.49 61.94 64.84 65.51 76.49 86.71 100.73 95.23 132.53 123.84 125.95 112.15 92.66 111.32 95.11 90.70 -9999 -9999 -9999 -9999 -9999 -9999 -9999 -9999 -9999 -9999 -9999 -9999
-9999 -9999 -9999 -9999 -9999 -9999 -9999 -9999 -9999 -9999 103.31 164.81 162.03 143.07 -9999 -9999 -9999 -9999 -9999 -9999 -9999 -9999 -9999 -9999 -9999 91.02 125.02 170.26 207.83 181.31 191.57 161.45 147.72 142.09 128.86 133.32 149.22 152.84 217.20 190.02 204.84 190.06 193.29 186.01 136.11 126.46 101.21 72.31 61.62 66.95 77.21 69.23 83.88 94.05 103.52 119.88 131.79 128.87 119.04 95.05 96.20 112.03 90.31 92.21 63.59 -9999 -9999 -9999 -9999 -9999 -9999 -9999 -9999 -9999 -9999 -9999
-9999 -9999 -9999 -9999 -9999 -9999 -9999 -9999 -9999 93.77 129.82 140.36 183.49 138.31 -9999 -9999 -9999 -9999 -9999 -9999 -9999 -9999 -9999 -9999 -9999 97.52 109.73 112.56 130.06 147.87 139.92 144.02 128.08 115.34 117.14 132.00 141.65 198.67 216.08 201.95 232.54 214.76 175.67 163.20 114.73 115.51 99.35 74.73 68.66 63.28 60.06 68.02 76.26 96.62 111.16 112.75 100.56 95.01 89.90 99.28 100.16 104.38 84.85 82.04 62.72 -9999 -9999 -9999 -9999 -9999 -9999 -9999 -9999 -9999 -9999 -9999
-9999 -9999 -9999 -9999 -9999 -9999 -9999 -9999 81.27 85.29 124.57 108.27 101.73 -9999 -9999 -9999 -9999 -9999 -9999 -9999 -9999 -9999 -9999 -9999 -9999 -9999 97.98 97.92 93.19 125.78 121.56 106.95 94.82 86.68 99.43 119.83 135.15 146.58 193.91 224.95 229.88 243.66 212.05 204.96 177.12 137.38 106.74 99.25 73.32 67.88 57.54 58.86 68.78 81.47 106.00 97.87 82.50 68.99 76.04 69.38 70.48 69.83 73.57 76.59 80.84 69.01 61.43 -9999 -9999 -9999 -9999 -9999 -9999 -9999 -9999 -9999
-9999 -9999 -9999 -9999 -9999 -9999 -9999 -9999 86.70 81.76 96.60 83.47 86.71 -9999 -9999 -9999 -9999 -9999 -9999 -9999 -9999 -9999 -9999 -9999 -9999 -9999 -9999 87.13 79.57 89.20 92.42 87.96 86.00 87.99 95.61 125.28 127.41 152.00 153.43 237.87 223.82 221.00 200.02 203.37 188.44 143.38 118.68 101.30 85.95 67.29 57.05 53.04 56.23 73.23 77.02 78.97 73.55 71.92 65.22 63.30 60.10 64.13 70.27 70.09 85.62 83.76 72.93 -9999 -9999 -9999 -9999 -9999 -9999 -9999 -9999 -9999
-9999 -9999 -9999 -9999 -9999 -9999 -9999 -9999 62.55 65.76 70.67 78.82 -9999 -9999 -9999 -9999 -9999 -9999 -9999 -9999 -9999 -9999 -9999 -9999 -9999 -9999 -9999 70.30 70.09 86.00 -9999 77.03 -9999 67.08 83.28 94.49 104.60 108.82 116.93 146.13 176.72 206.18 193.40 164.59 186.01 168.91 144.88 113.53 91.85 74.48 61.66 51.63 50.52 61.57 71.60 75.26 79.39 71.61 74.15 62.39 57.80 64.48 72.91 74.76 76.65 82.59 81.20 81.71 78.51 -9999 -9999 -9999 -9999 -9999 -9999 -9999
-9999 -9999 -9999 -9999 -9999 -9999 -9999 56.22 63.79 52.17 -9999 -9999 -9999 -9999 -9999 -9999 -9999 -9999 -9999 -9999 -9999 -9999 -9999 -9999 -9999 -9999 -9999 68.47 65.46 76.02 -9999 -9999 -9999 67.23 91.69 95.27 105.59 104.66 144.81 135.04 119.23 185.30 193.31 151.22 155.91 141.25 123.78 112.37 91.43 76.47 59.68 50.83 52.28 51.70 53.94 62.82 65.49 64.65 62.11 62.61 62.88 62.69 73.30 79.35 81.39 72.74 68.72 74.19 72.49 -9999 -9999 -9999 -9999 -9999 -9999 -9999
-9999 -9999 -9999 -9999 -9999 -9999 -9999 -9999 -9999 -9999 -9999 -9999 -9999 -9999 -9999 -9999 -9999 -9999 -9999 -9999 -9999 -9999 -9999 -9999 -9999 -9999 -9999 -9999 -9999 -9999 -9999 -9999 62.75 64.57 88.60 120.80 133.46 160.23 154.86 115.81 136.39 163.90 160.54 140.15 123.07 118.22 115.64 103.53 84.00 68.86 57.72 54.01 58.34 48.32 48.76 57.25 55.49 59.63 64.92 69.70 81.36 72.33 78.30 75.29 75.54 70.91 73.14 74.38 -9999 -9999 -9999 -9999 -9999 -9999 -9999 -9999
-9999 -9999 -9999 -9999 -9999 -9999 -9999 -9999 -9999 -9999 -9999 -9999 -9999 -9999 -9999 -9999 -9999 -9999 -9999 -9999 -9999 -9999 -9999 -9999 -9999 -9999 -9999 -9999 -9999 -9999 -9999 -9999 63.51 65.91 87.06 138.71 200.74 193.50 144.57 116.51 109.79 117.88 107.34 124.70 120.28 129.41 95.74 96.28 85.14 69.84 66.52 63.20 56.38 50.08 51.42 57.93 58.39 61.71 68.38 70.39 86.81 80.94 73.11 71.32 71.21 66.09 79.43 73.78 -9999 -9999 -9999 -9999 -9999 -9999 -9999 -9999
-9999 -9999 -9999 -9999 -9999 -9999 -9999 -9999 -9999 -9999 -9999 -9999 -9999 -9999 -9999 -9999 -9999 -9999 -9999 -9999 -9999 -9999 -9999 -9999 -9999 -9999 -9999 -9999 -9999 -9999 -9999 -9999 55.16 69.77 95.80 129.43 201.55 191.92 155.57 121.39 109.84 122.12 112.24 148.85 106.24 98.44 101.23 80.97 74.37 67.62 63.47 59.23 58.98 64.93 55.81 56.21 60.86 58.90 64.10 67.58 71.81 68.06 69.58 68.79 73.38 61.27 76.23 75.36 -9999 -9999 -9999 -9999 -9999 -9999 -9999 -9999
-9999 -9999 -9999 -9999 -9999 -9999 -9999 -9999 -9999 -9999 -9999 -9999 -9999 -9999 -9999 -9999 -9999 -9999 -9999 -9999 -9999 -9999 -9999 -9999 -9999 -9999 -9999 -9999 -9999 -9999 50.17 56.62 50.28 70.86 90.82 128.95 193.64 143.97 157.72 113.01 90.64 132.34 111.70 114.73 97.81 105.43 89.07 75.69 71.73 65.60 56.10 59.95 57.87 58.50 58.67 57.81 59.43 55.39 57.14 62.79 63.52 65.39 68.46 69.03 60.59 56.29 65.11 64.26 63.51 -9999 -9999 -9999 -9999 -9999 -9999 -9999
-9999 -9999 -9999 -9999 -9999 -9999 -9999 -9999 -9999 -9999 -9999 -9999 -9999 -9999 -9999 -9999 -9999 -9999 -9999 -9999 -9999 -9999 -9999 -9999 -9999 -9999 -9999 -9999 -9999 -9999 60.33 66.17 64.04 82.90 93.02 112.76 113.76 111.19 117.92 116.10 154.85 129.19 115.16 107.18 112.12 93.40 83.51 78.50 81.98 75.53 68.97 60.47 62.19 59.87 60.11 59.89 58.41 56.16 57.88 56.37 56.92 58.57 67.38 67.89 61.78 63.49 62.31 61.30 62.30 -9999 -9999 -9999 -9999 -9999 -9999 -9999
-9999 -9999 -9999 -9999 -9999 -9999 -9999 -9999 -9999 -9999 -9999 -9999 -9999 -9999 -9999 -9999 -9999 -9999 -9999 -9999 -9999 -9999 -9999 -9999 -9999 -9999 -9999 -9999 -9999 -9999 63.56 64.35 67.39 74.51 85.26 96.88 105.98 116.77 114.39 117.82 123.82 143.15 103.43 138.36 107.58 104.54 84.77 88.89 74.48 67.47 67.27 67.63 62.77 62.95 63.15 64.20 62.15 57.64 58.07 53.24 56.15 62.78 68.38 72.19 71.57 61.18 56.68 60.64 63.79 65.14 -9999 -9999 -9999 -9999 -9999 -9999
-9999 -9999 -9999 -9999 -9999 -9999 -9999 -9999 -9999 -9999 -9999 -9999 -9999 -9999 -9999 -9999 -9999 -9999 -9999 -9999 -9999 -9999 -9999 -9999 -9999 -9999 -9999 -9999 -9999 -9999 57.77 63.97 62.75 65.06 76.34 83.11 83.90 102.96 117.65 111.36 124.55 139.75 149.70 148.30 158.57 128.87 102.75 90.02 79.10 67.12 64.67 68.56 68.37 62.10 63.07 63.90 59.14 58.33 54.61 48.80 46.89 60.62 68.59 79.97 75.22 62.82 57.64 55.70 68.12 69.63 60.28 -9999 -9999 -9999 -9999 -9999
-9999 -9999 -9999 -9999 -9999 -9999 -9999 -9999 -9999 -9999 -9999 -9999 -9999 -9999 -9999 -9999 -9999 -9999 -9999 -9999 -9999 -9999 -9999 -9999 -9999 -9999 -9999 -9999 -9999 -9999 65.12 62.98 56.15 59.32 68.88 83.32 83.86 106.69 115.92 132.53 162.84 159.69 169.37 148.36 139.44 107.00 101.11 84.61 86.50 74.91 69.55 71.55 66.07 60.95 59.40 60.92 58.35 60.16 54.11 52.93 51.01 53.81 69.03 80.11 70.42 64.90 63.03 56.87 60.15 60.86 56.61 -9999 -9999 -9999 -9999 -9999
