Rainfall_2007-2011/Rainfall_2010-09_ACTUAL.txt
ncols         180
nrows         290
xllcorner     -200000
yllcorner     -200000
cellsize      5000
NODATA_value  -9999
[rows 102 to 135 of 290, columns 75 to 149 of 180]
-9999 150.32 -9999 158.27 183.19 244.17 215.84 276.03 256.49 265.93 258.47 327.28 299.31 304.83 241.28 199.51 225.51 177.95 143.00 170.02 190.82 182.20 131.97 141.24 137.23 121.83 106.14 97.16 94.84 94.80 128.08 111.56 108.25 98.62 98.70 90.64 76.30 74.26 -9999 -9999 -9999 -9999 -9999 -9999 -9999 -9999 -9999 -9999 -9999 -9999 -9999 -9999 -9999 -9999 -9999 -9999 -9999 -9999 -9999 -9999 -9999 -9999 -9999 -9999 -9999 -9999 -9999 -9999 -9999 -9999 -9999 -9999 -9999 -9999 -9999
-9999 -9999 127.14 138.96 168.75 161.32 281.76 289.62 208.53 237.18 298.41 285.38 318.69 334.89 316.82 239.63 174.95 215.40 205.94 220.27 187.09 165.40 173.70 174.39 135.15 110.24 98.89 95.14 97.08 117.64 111.22 97.71 110.13 90.93 91.30 84.95 -9999 -9999 -9999 -9999 -9999 -9999 -9999 -9999 -9999 -9999 -9999 -9999 -9999 -9999 -9999 -9999 -9999 -9999 -9999 -9999 -9999 -9999 -9999 -9999 -9999 -9999 -9999 -9999 -9999 -9999 -9999 -9999 -9999 -9999 -9999 -9999 -9999 -9999 -9999
-9999 148.33 148.85 146.68 188.31 197.04 226.41 212.37 172.65 220.56 259.75 278.26 240.49 243.39 274.01 246.59 240.24 193.85 208.97 187.44 169.82 170.99 148.20 148.70 126.76 103.71 94.89 84.48 86.13 88.50 87.73 97.21 97.39 96.03 98.57 -9999 -9999 -9999 -9999 -9999 -9999 -9999 -9999 -9999 -9999 -9999 -9999 -9999 -9999 -9999 -9999 -9999 -9999 -9999 -9999 -9999 -9999 -9999 -9999 -9999 -9999 -9999 -9999 -9999 -9999 -9999 -9999 -9999 -9999 -9999 -9999 -9999 -9999 -9999 -9999
-9999 152.38 175.59 134.45 172.83 194.71 214.17 233.77 251.74 261.34 250.35 258.73 269.12 292.48 289.09 225.27 191.96 191.26 201.77 164.84 131.43 115.89 121.39 130.99 114.43 92.29 88.15 73.33 79.18 72.51 80.03 98.78 91.56 104.20 114.87 -9999 -9999 -9999 -9999 -9999 -9999 -9999 -9999 -9999 -9999 -9999 -9999 -9999 -9999 -9999 -9999 -9999 -9999 -9999 -9999 -9999 -9999 -9999 -9999 -9999 -9999 -9999 -9999 -9999 -9999 -9999 -9999 -9999 -9999 -9999 -9999 -9999 -9999 -9999 -9999
121.03 187.79 178.48 183.60 214.80 217.66 261.60 253.92 252.69 246.05 301.10 256.38 280.74 244.44 281.01 217.65 230.24 271.16 192.09 163.08 166.09 143.93 117.20 92.86 89.53 82.12 68.87 74.85 76.29 80.25 84.55 79.21 84.48 87.32 98.91 84.71 -9999 -9999 -9999 -9999 -9999 -9999 -9999 -9999 -9999 -9999 -9999 -9999 -9999 -9999 -9999 -9999 -9999 -9999 -9999 -9999 -9999 -9999 -9999 -9999 -9999 -9999 -9999 -9999 -9999 -9999 -9999 -9999 -9999 -9999 -9999 -9999 -9999 -9999 -9999
139.20 173.75 187.10 207.55 193.07 237.48 229.70 211.52 249.32 290.20 323.06 259.39 282.47 268.25 233.03 202.34 237.24 205.64 203.57 248.45 178.53 158.73 130.71 103.40 107.81 99.78 92.32 86.78 100.34 86.33 86.24 85.96 110.78 103.67 114.17 93.71 70.43 -9999 -9999 -9999 -9999 -9999 -9999 -9999 -9999 -9999 -9999 -9999 -9999 -9999 -9999 -9999 -9999 -9999 -9999 -9999 -9999 -9999 -9999 -9999 -9999 -9999 -9999 -9999 -9999 -9999 -9999 -9999 -9999 -9999 -9999 -9999 -9999 -9999 -9999
158.10 169.01 193.83 208.63 225.42 239.72 231.49 222.04 271.05 290.99 353.65 272.40 248.75 239.76 223.13 194.67 188.54 166.09 164.08 154.41 137.14 136.66 132.44 148.04 165.20 145.86 126.24 103.65 101.25 105.62 84.45 95.29 90.75 104.48 106.04 92.20 63.14 54.87 -9999 -9999 -9999 -9999 -9999 -9999 -9999 -9999 -9999 -9999 -9999 -9999 -9999 -9999 -9999 -9999 -9999 -9999 -9999 -9999 -9999 -9999 -9999 -9999 -9999 -9999 -9999 -9999 -9999 -9999 -9999 -9999 -9999 -9999 -9999 -9999 -9999
159.10 176.88 178.63 224.80 254.41 212.55 211.87 237.67 292.33 264.31 248.49 230.03 297.84 217.87 185.80 197.80 180.24 149.93 144.42 127.01 120.37 143.27 181.75 181.02 169.77 155.91 129.07 98.39 102.59 99.93 89.49 90.54 76.20 71.06 87.30 82.81 66.66 -9999 -9999 -9999 -9999 -9999 -9999 -9999 -9999 -9999 -9999 -9999 -9999 -9999 -9999 -9999 -9999 -9999 -9999 -9999 -9999 -9999 -9999 -9999 -9999 -9999 -9999 -9999 -9999 -9999 -9999 -9999 -9999 -9999 -9999 -9999 -9999 -9999 -9999
139.84 166.60 187.04 202.15 207.87 226.95 266.30 238.16 272.27 256.29 258.27 242.70 209.36 248.13 233.14 177.86 148.65 127.45 108.85 133.70 116.01 131.51 107.26 104.27 112.60 135.68 133.67 108.82 100.66 94.14 84.63 84.72 73.53 -9999 -9999 -9999 -9999 -9999 -9999 -9999 -9999 -9999 -9999 -9999 -9999 -9999 -9999 -9999 -9999 -9999 -9999 -9999 -9999 -9999 -9999 -9999 -9999 -9999 -9999 -9999 -9999 -9999 -9999 -9999 -9999 -9999 -9999 -9999 -9999 -9999 -9999 -9999 -9999 -9999 -9999
179.59 183.41 203.37 198.73 170.83 266.04 265.31 291.68 292.46 185.84 271.17 247.97 202.75 203.81 219.99 160.83 155.68 150.28 146.22 167.74 114.33 113.05 102.90 103.86 101.83 104.40 120.19 106.86 102.96 101.93 88.15 -9999 -9999 -9999 -9999 -9999 -9999 -9999 -9999 -9999 -9999 -9999 -9999 -9999 -9999 -9999 -9999 -9999 -9999 -9999 -9999 -9999 -9999 -9999 -9999 -9999 -9999 -9999 -9999 -9999 -9999 -9999 -9999 -9999 -9999 -9999 -9999 -9999 -9999 -9999 -9999 -9999 -9999 -9999 -9999
185.48 233.84 201.26 192.31 241.16 257.92 279.20 321.21 309.46 221.18 233.52 229.48 183.45 176.06 160.75 166.37 193.70 156.20 178.80 166.70 139.35 127.84 112.63 88.88 90.34 90.63 96.24 94.65 105.98 101.15 81.55 -9999 -9999 -9999 -9999 -9999 -9999 -9999 -9999 -9999 -9999 -9999 -9999 -9999 -9999 -9999 -9999 -9999 -9999 -9999 -9999 -9999 -9999 -9999 -9999 -9999 -9999 -9999 -9999 -9999 -9999 -9999 -9999 -9999 -9999 -9999 -9999 -9999 -9999 -9999 -9999 -9999 -9999 -9999 -9999
215.69 198.15 -9999 204.43 256.05 266.95 283.87 284.00 272.83 209.36 172.75 185.45 182.75 188.14 191.54 173.55 241.80 241.48 213.28 203.24 157.66 127.59 110.18 85.98 86.57 86.64 88.88 77.79 80.22 -9999 -9999 -9999 -9999 -9999 60.76 59.38 71.76 59.52 -9999 -9999 -9999 -9999 -9999 -9999 -9999 -9999 -9999 -9999 -9999 -9999 -9999 -9999 -9999 -9999 -9999 -9999 -9999 -9999 -9999 -9999 -9999 -9999 -9999 -9999 -9999 -9999 -9999 -9999 -9999 -9999 -9999 -9999 -9999 -9999 -9999
170.14 238.16 -9999 214.00 265.33 249.73 227.39 278.03 216.24 174.59 180.20 199.66 197.34 184.02 205.59 195.77 197.62 210.54 166.26 155.41 144.02 130.52 113.46 104.35 91.73 92.58 96.19 88.46 76.89 82.32 76.14 -9999 -9999 59.98 58.78 70.80 71.76 68.51 54.16 47.80 -9999 -9999 -9999 -9999 -9999 -9999 -9999 -9999 -9999 -9999 -9999 -9999 -9999 -9999 -9999 -9999 -9999 -9999 -9999 -9999 -9999 -9999 -9999 -9999 -9999 -9999 -9999 -9999 -9999 -9999 -9999 -9999 -9999 -9999 -9999
169.53 219.54 192.03 213.17 202.10 231.92 227.11 240.72 220.94 211.95 218.38 214.91 208.62 175.95 157.76 165.23 165.08 154.37 146.08 144.56 140.89 124.08 114.75 106.86 108.04 110.69 91.51 82.16 78.74 75.48 81.40 73.80 71.50 71.68 67.65 72.78 96.14 105.83 114.52 75.65 43.94 -9999 -9999 -9999 -9999 -9999 -9999 -9999 -9999 -9999 -9999 -9999 -9999 -9999 -9999 -9999 -9999 -9999 -9999 -9999 -9999 -9999 -9999 -9999 -9999 -9999 -9999 -9999 -9999 -9999 -9999 -9999 -9999 -9999 -9999
204.50 193.92 205.27 196.05 222.98 207.41 183.25 207.38 -9999 251.33 271.08 241.04 194.76 177.64 127.28 122.08 123.63 125.44 116.13 110.56 127.75 123.44 124.13 106.43 104.66 97.34 104.92 91.76 87.81 86.53 77.94 76.14 77.13 71.90 81.53 90.24 108.25 105.24 105.38 91.97 71.12 67.83 67.90 39.66 -9999 -9999 -9999 -9999 -9999 -9999 -9999 -9999 -9999 -9999 -9999 -9999 -9999 -9999 -9999 -9999 -9999 -9999 -9999 -9999 -9999 -9999 -9999 -9999 -9999 -9999 -9999 -9999 -9999 -9999 -9999
163.74 188.38 230.72 189.43 -9999 172.28 167.02 192.82 -9999 218.56 302.30 252.92 205.37 167.26 140.52 110.29 92.43 96.14 90.04 86.85 112.43 131.75 132.49 127.10 134.82 120.52 111.51 107.05 120.90 122.19 86.09 60.56 82.30 84.27 106.19 135.51 136.62 118.32 110.12 96.62 100.50 91.51 52.97 46.85 -9999 -9999 -9999 -9999 -9999 -9999 -9999 -9999 -9999 -9999 -9999 -9999 -9999 -9999 -9999 -9999 -9999 -9999 -9999 -9999 -9999 -9999 -9999 -9999 -9999 -9999 -9999 -9999 -9999 -9999 -9999
135.15 186.15 207.43 175.27 -9999 -9999 171.80 171.08 180.00 227.89 242.30 208.30 177.46 181.31 160.62 132.23 111.79 114.06 91.32 77.88 95.52 118.34 128.54 134.15 143.16 128.86 129.04 152.23 129.29 108.64 96.17 81.48 75.30 107.03 134.42 127.57 142.57 144.73 153.79 114.40 72.40 60.56 57.49 50.73 47.24 -9999 -9999 -9999 -9999 -9999 -9999 -9999 -9999 -9999 -9999 -9999 -9999 -9999 -9999 -9999 -9999 -9999 -9999 -9999 -9999 -9999 -9999 -9999 -9999 -9999 -9999 -9999 -9999 -9999 -9999
132.69 180.03 -9999 -9999 -9999 -9999 -9999 172.82 173.30 226.17 224.77 178.53 153.39 153.93 162.75 159.09 138.22 123.51 106.31 90.56 98.01 102.10 109.42 122.48 130.26 128.82 139.83 142.31 126.52 115.73 98.47 110.77 111.17 102.81 119.67 113.65 111.50 126.09 132.64 106.16 67.17 56.00 52.44 47.33 43.32 -9999 -9999 -9999 -9999 -9999 -9999 -9999 -9999 -9999 -9999 -9999 -9999 -9999 -9999 -9999 -9999 -9999 -9999 -9999 -9999 -9999 -9999 -9999 -9999 -9999 -9999 -9999 -9999 -9999 -9999
150.01 181.28 194.30 198.53 190.87 -9999 -9999 -9999 179.99 203.15 191.25 159.98 137.94 134.82 157.64 158.05 153.43 138.88 119.96 114.89 103.83 86.69 99.12 104.47 99.01 116.30 116.14 121.03 140.37 118.73 146.64 159.32 140.97 122.29 127.03 132.73 103.17 108.63 101.62 89.24 72.13 53.56 52.02 43.19 50.38 45.68 -9999 -9999 -9999 -9999 -9999 -9999 -9999 -9999 -9999 -9999 -9999 -9999 -9999 -9999 -9999 -9999 -9999 -9999 -9999 -9999 -9999 -9999 -9999 -9999 -9999 -9999 -9999 -9999 -9999
185.93 196.93 211.15 214.28 226.28 193.51 -9999 -9999 -9999 147.74 140.79 133.49 134.08 132.97 137.85 149.42 138.66 139.47 119.90 110.44 95.46 103.09 98.15 102.64 98.52 115.69 106.59 115.38 94.20 111.20 117.87 126.23 145.85 139.63 119.69 112.08 110.25 100.50 79.14 76.75 60.93 53.65 50.24 49.92 49.80 48.92 48.58 -9999 -9999 -9999 -9999 -9999 -9999 -9999 -9999 -9999 -9999 -9999 -9999 -9999 -9999 -9999 -9999 -9999 -9999 -9999 -9999 -9999 -9999 -9999 -9999 -9999 -9999 -9999 -9999
212.77 192.38 168.09 200.70 214.72 174.90 -9999 -9999 -9999 -9999 -9999 114.57 122.92 118.54 129.63 130.34 133.10 123.81 139.49 137.90 123.30 106.81 109.21 114.17 99.80 96.58 79.55 95.05 88.12 84.54 105.32 112.37 104.50 110.24 94.41 106.53 114.84 100.03 83.85 66.29 51.91 50.30 49.20 50.48 58.21 60.61 53.24 47.01 -9999 -9999 -9999 -9999 -9999 -9999 -9999 -9999 -9999 -9999 -9999 -9999 -9999 -9999 -9999 -9999 -9999 -9999 -9999 -9999 -9999 -9999 -9999 -9999 -9999 -9999 -9999
178.18 -9999 159.07 161.70 208.40 171.65 -9999 -9999 -9999 -9999 -9999 99.22 133.51 147.26 139.16 141.58 163.33 146.40 144.90 138.47 133.82 117.50 125.01 121.00 107.45 110.43 115.08 90.17 138.46 95.54 122.64 104.11 130.21 135.43 115.84 102.21 89.11 98.55 86.22 75.78 68.86 67.61 52.31 52.62 46.60 58.59 66.78 53.76 53.60 41.88 -9999 -9999 -9999 -9999 -9999 -9999 -9999 -9999 -9999 -9999 -9999 -9999 -9999 -9999 -9999 -9999 -9999 -9999 -9999 -9999 -9999 -9999 -9999 -9999 -9999
144.52 -9999 -9999 165.33 174.77 151.98 -9999 -9999 -9999 -9999 -9999 120.75 106.64 142.61 124.93 123.77 124.34 128.73 134.85 130.94 143.82 129.72 123.64 129.36 132.19 154.92 139.34 105.71 150.04 144.37 120.99 119.62 96.56 94.78 96.76 85.37 89.22 88.07 94.70 71.69 68.54 62.74 91.95 99.30 59.99 63.98 63.76 64.62 54.40 50.45 -9999 -9999 -9999 -9999 -9999 -9999 -9999 -9999 -9999 -9999 -9999 -9999 -9999 -9999 -9999 -9999 -9999 -9999 -9999 -9999 -9999 -9999 -9999 -9999 -9999
-9999 -9999 -9999 134.71 134.39 132.63 -9999 -9999 -9999 -9999 -9999 115.34 130.05 130.01 120.77 117.44 117.01 129.95 151.73 165.54 148.98 148.86 145.27 125.42 113.83 130.10 112.39 127.56 142.79 135.78 148.07 134.73 109.00 118.34 92.27 90.11 87.75 76.62 98.16 97.48 89.31 86.28 137.27 148.85 81.32 60.87 67.53 70.96 59.93 58.74 -9999 -9999 -9999 -9999 -9999 -9999 -9999 -9999 -9999 -9999 -9999 -9999 -9999 -9999 -9999 -9999 -9999 -9999 -9999 -9999 -9999 -9999 -9999 -9999 -9999
148.44 -9999 -9999 -9999 -9999 -9999 -9999 -9999 -9999 -9999 135.20 125.54 131.33 133.73 125.53 123.65 119.85 123.73 130.19 162.72 159.88 160.14 172.79 155.50 140.47 143.43 149.17 153.33 167.63 153.52 162.33 143.39 128.40 104.73 88.29 68.17 82.52 96.03 84.02 94.97 102.09 121.23 121.09 137.02 87.05 64.64 64.10 63.31 65.78 61.13 -9999 -9999 -9999 -9999 -9999 -9999 -9999 -9999 -9999 -9999 -9999 -9999 -9999 -9999 -9999 -9999 -9999 -9999 -9999 -9999 -9999 -9999 -9999 -9999 -9999
155.13 -9999 -9999 -9999 -9999 -9999 -9999 -9999 -9999 -9999 169.63 133.59 140.61 152.77 154.65 149.13 151.38 143.84 140.10 132.33 141.52 177.68 178.92 177.10 126.44 127.29 115.30 165.22 148.39 151.43 136.49 133.35 114.54 91.33 75.40 82.97 95.23 94.18 84.52 92.39 112.23 108.66 108.63 120.31 100.04 67.53 61.27 58.55 73.24 57.62 -9999 -9999 -9999 -9999 -9999 -9999 -9999 -9999 -9999 -9999 -9999 -9999 -9999 -9999 -9999 -9999 -9999 -9999 -9999 -9999 -9999 -9999 -9999 -9999 -9999
-9999 -9999 -9999 -9999 -9999 -9999 -9999 -9999 -9999 155.58 165.31 143.21 144.15 148.21 145.67 175.03 200.19 189.59 174.64 147.64 112.54 121.45 168.58 160.90 122.87 124.97 102.85 136.42 180.80 159.79 157.40 136.58 122.42 94.67 96.26 104.30 108.71 105.37 124.77 123.69 115.49 106.58 94.10 89.99 92.03 77.38 86.95 79.56 62.84 66.63 -9999 -9999 -9999 -9999 -9999 -9999 -9999 -9999 -9999 -9999 -9999 -9999 -9999 -9999 -9999 -9999 -9999 -9999 -9999 -9999 -9999 -9999 -9999 -9999 -9999
-9999 -9999 -9999 -9999 -9999 -9999 -9999 -9999 -9999 146.90 138.45 158.79 143.49 153.29 151.09 192.46 198.81 246.51 200.84 157.94 128.00 137.39 135.90 185.10 167.42 127.60 111.04 140.05 192.13 161.61 154.18 160.82 127.28 128.24 137.11 125.99 136.87 136.22 150.55 105.31 93.13 104.82 99.64 105.45 92.61 73.51 76.30 65.84 57.62 55.48 66.28 -9999 -9999 -9999 -9999 -9999 -9999 -9999 -9999 -9999 -9999 -9999 -9999 -9999 -9999 -9999 -9999 -9999 -9999 -9999 -9999 -9999 -9999 -9999 -9999
-9999 -9999 -9999 -9999 -9999 -9999 -9999 -9999 121.54 166.20 176.65 173.46 183.19 154.90 162.16 182.27 213.57 214.82 199.93 173.81 147.23 113.98 101.80 119.93 153.74 153.03 131.86 140.68 168.10 185.44 173.48 163.55 168.24 130.06 123.81 126.28 115.80 147.60 129.28 126.43 118.44 94.54 100.40 109.96 102.06 96.12 73.59 67.47 65.13 61.53 60.70 -9999 -9999 -9999 -9999 -9999 -9999 -9999 -9999 -9999 -9999 -9999 -9999 -9999 -9999 -9999 -9999 -9999 -9999 -9999 -9999 -9999 -9999 -9999 -9999
-9999 -9999 -9999 -9999 -9999 -9999 -9999 -9999 153.15 175.06 189.53 221.72 215.67 193.25 188.52 235.18 184.87 186.60 182.64 163.61 166.70 109.09 104.41 129.58 148.46 173.40 129.53 137.45 148.64 164.90 164.59 180.62 136.75 145.14 141.35 117.77 142.75 108.60 120.09 113.03 84.98 78.79 89.01 87.53 94.01 90.22 76.44 77.95 76.93 76.41 65.35 -9999 -9999 -9999 -9999 -9999 -9999 -9999 -9999 -9999 -9999 -9999 -9999 -9999 -9999 -9999 -9999 -9999 -9999 -9999 -9999 -9999 -9999 -9999 -9999
-9999 -9999 -9999 -9999 -9999 -9999 -9999 133.27 150.61 174.71 215.55 220.63 213.92 265.25 259.63 278.32 178.13 163.80 165.98 164.57 180.77 139.78 128.01 146.44 138.81 129.07 113.60 135.61 153.62 156.56 173.23 163.65 144.93 147.44 116.54 113.52 139.91 109.77 109.44 100.14 93.43 89.66 96.77 94.27 95.18 81.02 73.50 72.29 75.70 71.96 57.86 -9999 -9999 -9999 -9999 -9999 -9999 -9999 -9999 -9999 -9999 -9999 -9999 -9999 -9999 -9999 -9999 -9999 -9999 -9999 -9999 -9999 -9999 -9999 -9999
-9999 -9999 -9999 -9999 -9999 -9999 121.25 127.42 161.01 168.13 197.05 211.59 227.05 252.91 257.52 308.37 171.37 138.85 147.39 160.03 148.27 145.03 139.44 130.36 124.84 137.70 125.95 121.52 142.71 150.33 154.29 151.21 144.19 130.76 108.22 117.24 137.58 127.81 126.38 104.01 95.50 96.05 86.19 86.27 88.47 84.02 78.44 77.02 81.77 69.87 62.29 57.90 -9999 -9999 -9999 -9999 -9999 -9999 -9999 -9999 -9999 -9999 -9999 -9999 -9999 -9999 -9999 -9999 -9999 -9999 -9999 -9999 -9999 -9999 -9999
-9999 -9999 -9999 -9999 -9999 -9999 151.90 194.25 174.16 168.61 174.34 188.77 190.12 288.61 303.84 231.76 189.92 144.24 146.60 144.99 130.94 170.84 138.63 123.36 118.74 115.18 132.07 114.13 130.68 123.46 150.57 147.06 118.13 104.87 103.58 108.88 118.96 130.29 129.70 120.04 93.59 82.40 73.18 83.63 73.32 86.58 84.47 74.36 71.05 71.01 64.47 63.11 -9999 -9999 -9999 -9999 -9999 -9999 -9999 -9999 -9999 -9999 -9999 -9999 -9999 -9999 -9999 -9999 -9999 -9999 -9999 -9999 -9999 -9999 -9999
-9999 -9999 -9999 -9999 141.08 149.68 171.70 175.44 172.23 178.35 174.97 157.39 135.08 223.17 219.35 228.76 200.15 167.04 132.38 132.61 134.62 136.36 134.64 122.99 98.08 110.00 114.10 104.06 108.68 110.46 128.50 122.63 113.39 108.76 108.81 109.31 139.05 125.48 122.27 109.62 106.89 84.70 78.35 91.35 79.78 71.38 78.93 72.88 83.13 79.52 80.35 78.34 -9999 -9999 -9999 -9999 -9999 -9999 -9999 -9999 -9999 -9999 -9999 -9999 -9999 -9999 -9999 -9999 -9999 -9999 -9999 -9999 -9999 -9999 -9999
