Rainfall_2007-2011/Rainfall_2008-07_ACTUAL.txt
ncols         180
nrows         290
xllcorner     -200000
yllcorner     -200000
cellsize      5000
NODATA_value  -9999
[rows 198 to 230 of 290, columns 75 to 149 of 180]
-9999 -9999 -9999 -9999 -9999 -9999 -9999 -9999 -9999 -9999 -9999 -9999 86.34 82.92 97.47 92.42 87.89 110.59 119.68 162.64 176.68 204.92 190.25 164.18 150.02 100.05 146.61 129.74 159.25 129.30 118.24 131.41 112.85 116.01 106.63 110.53 112.44 91.29 105.95 101.64 102.49 102.44 92.64 98.43 98.12 98.88 106.61 109.58 128.16 112.90 117.17 108.64 79.18 76.21 79.69 73.99 61.73 66.14 63.49 65.39 68.18 61.87 56.33 55.71 64.37 69.85 57.57 55.72 54.43 51.85 50.03 54.76 59.83 79.70 50.76
-9999 -9999 -9999 -9999 -9999 -9999 -9999 -9999 87.57 71.38 78.60 127.73 129.71 115.82 113.61 100.18 130.24 135.84 168.27 166.54 176.47 183.43 175.26 151.15 140.57 116.26 141.91 131.91 174.82 155.06 121.03 119.43 118.01 113.05 136.84 119.35 118.33 109.65 105.83 98.24 90.21 78.48 90.15 93.55 80.15 97.63 107.31 110.35 101.55 116.20 122.25 105.61 75.43 79.68 83.62 65.82 65.16 75.52 73.94 73.90 72.89 68.18 60.66 59.93 71.32 55.11 54.94 53.70 52.18 52.89 60.94 59.44 60.25 74.86 66.26
-9999 -9999 -9999 -9999 -9999 -9999 -9999 109.94 101.29 108.18 109.96 110.07 134.21 125.75 124.15 116.73 137.74 162.03 171.76 200.67 167.59 193.39 167.83 140.18 179.59 131.46 108.82 168.55 135.64 122.97 83.41 100.48 103.85 113.42 109.74 100.34 99.04 106.76 107.64 89.30 95.62 81.68 89.85 100.11 88.83 94.97 103.85 102.40 104.93 110.10 118.27 103.74 104.33 87.12 83.17 80.27 82.11 78.22 73.97 77.04 68.55 71.17 64.06 59.50 53.90 53.49 55.29 50.34 45.77 47.76 60.25 69.34 60.86 65.07 64.50
-9999 -9999 -9999 -9999 -9999 -9999 102.26 107.68 102.03 104.59 116.22 132.12 140.25 160.85 150.71 143.27 194.35 170.97 152.94 193.07 147.58 174.25 174.95 185.39 183.23 170.69 143.08 129.26 121.75 104.04 143.67 140.75 99.69 96.94 90.13 88.68 90.98 112.92 108.42 84.63 73.22 79.15 85.01 102.37 115.06 110.66 103.10 107.70 135.85 108.23 104.41 89.38 86.82 87.79 82.78 88.66 88.96 78.06 73.26 85.75 79.91 63.32 50.85 58.39 61.39 45.76 60.85 55.79 51.12 53.12 60.72 64.03 58.05 65.53 53.54
-9999 -9999 87.16 108.92 106.44 141.43 130.50 141.65 179.82 153.61 135.56 158.48 145.90 194.79 230.86 250.85 203.11 169.16 159.50 155.83 142.22 171.95 197.76 198.12 182.51 147.22 173.16 132.37 102.72 138.61 156.28 129.88 140.67 113.65 91.73 79.27 87.43 111.95 90.40 94.19 76.32 78.09 83.44 91.01 117.96 100.31 91.50 124.75 125.82 107.23 95.39 87.47 86.49 80.06 76.90 79.90 78.99 75.88 74.03 89.23 88.95 65.59 50.47 47.64 55.45 60.13 62.18 51.36 50.38 47.84 54.75 63.09 63.97 69.44 69.95
-9999 103.10 118.13 127.42 135.50 175.35 207.15 211.41 231.17 181.20 175.06 172.87 183.69 195.47 219.17 220.60 177.55 183.83 148.06 133.73 135.30 164.90 171.44 175.81 187.97 171.37 158.57 149.15 150.71 251.69 190.74 136.07 115.63 120.97 113.45 108.76 83.83 90.13 81.54 76.92 82.35 83.71 83.63 89.01 102.65 96.88 125.94 120.47 123.92 108.42 113.64 113.51 86.61 76.50 80.12 82.15 81.04 84.18 70.93 78.97 91.30 56.13 56.55 58.08 63.64 59.54 60.73 56.55 50.06 46.27 55.00 63.19 56.19 68.67 61.25
104.11 110.24 121.47 124.39 133.69 163.34 179.57 177.74 177.98 206.06 163.40 175.55 170.70 176.34 203.47 192.99 144.26 153.88 133.64 156.84 196.88 184.84 208.15 167.55 183.22 142.95 168.27 136.92 204.97 210.91 208.36 146.99 133.55 144.99 140.57 122.95 90.10 88.72 81.12 93.59 85.76 86.78 92.87 108.15 103.61 124.02 125.39 130.19 118.58 103.40 106.70 116.56 108.11 94.91 87.17 76.46 67.93 82.72 74.84 79.86 76.16 60.95 61.58 68.28 59.44 68.39 65.49 63.84 55.93 53.95 54.96 66.39 70.42 73.65 67.97
-9999 101.35 107.05 126.22 128.29 131.25 123.11 158.76 153.72 160.18 157.40 151.75 173.03 162.63 165.21 145.24 145.51 159.57 196.01 214.20 266.04 345.99 257.91 229.53 201.80 244.12 259.71 164.68 144.42 263.08 200.08 157.69 146.60 163.06 136.07 108.70 92.68 99.97 100.05 99.28 76.17 82.21 107.24 101.18 116.28 129.73 145.10 122.55 114.31 111.14 118.33 127.99 130.74 106.04 88.98 67.88 76.03 95.88 74.53 80.93 76.59 74.22 72.88 67.46 66.90 74.70 94.15 72.97 62.01 80.79 76.58 73.96 72.48 75.81 60.69
-9999 -9999 121.16 115.34 118.49 126.13 118.08 122.45 132.72 129.48 119.88 125.71 139.03 132.66 161.10 156.35 190.27 171.10 215.23 246.65 271.72 289.59 301.23 286.45 291.00 324.93 244.58 235.54 178.91 137.40 180.08 183.95 135.72 163.77 112.40 119.54 113.66 118.12 94.58 88.96 83.67 100.10 114.67 119.87 153.94 132.31 137.71 128.75 131.49 107.29 141.70 140.77 134.25 126.98 115.38 89.74 79.78 86.50 74.42 71.71 71.25 73.16 71.71 77.77 83.88 85.64 84.18 79.15 83.22 70.48 56.60 67.65 66.17 54.28 60.72
-9999 117.24 113.29 104.15 107.03 114.83 126.71 148.51 152.51 134.37 124.27 117.92 105.61 112.26 153.26 149.65 183.52 170.44 189.68 201.54 225.90 230.09 258.23 258.18 267.92 239.09 264.60 242.09 174.31 189.45 235.98 165.49 188.45 136.56 123.79 104.53 126.65 117.93 128.40 91.72 103.13 118.76 152.35 138.99 127.89 131.51 112.40 125.74 154.60 151.56 130.18 123.96 118.90 118.82 117.74 102.60 90.46 121.72 80.23 76.81 74.36 75.62 76.80 82.51 91.76 73.36 81.80 98.16 78.32 62.71 58.10 59.32 57.57 60.41 68.49
106.10 120.82 116.83 122.75 115.81 117.43 118.21 136.15 125.16 118.43 114.20 95.24 91.49 83.82 122.49 180.02 176.49 221.43 227.82 228.00 267.76 251.79 218.53 239.59 206.68 192.14 227.94 254.05 210.42 200.60 214.19 142.47 149.84 135.72 110.00 127.32 137.18 126.92 98.43 101.70 118.26 117.30 130.31 130.08 130.32 118.39 114.97 138.44 141.75 132.91 122.61 117.61 112.58 114.54 117.10 92.65 78.42 74.50 79.13 80.11 84.71 90.14 86.91 84.37 91.27 79.21 79.75 80.85 93.56 55.71 59.10 61.99 64.68 61.38 63.09
-9999 -9999 111.54 115.54 116.81 129.24 134.42 126.57 -9999 -9999 -9999 -9999 89.84 91.96 132.73 158.90 171.74 196.05 205.42 205.93 251.08 234.08 328.88 365.30 264.38 213.96 210.30 248.07 245.83 218.34 168.57 143.12 139.28 120.86 109.61 107.02 119.22 117.24 121.97 91.35 115.41 136.10 122.47 139.35 134.90 127.12 108.49 131.88 130.88 118.23 113.10 107.44 110.16 100.84 93.49 81.49 77.20 70.30 78.93 87.52 94.27 135.33 97.33 90.57 94.03 98.04 74.69 61.73 63.00 71.61 63.63 60.70 58.05 55.83 54.65
-9999 -9999 111.78 112.42 113.70 114.19 133.22 112.52 -9999 -9999 -9999 -9999 -9999 -9999 -9999 152.64 187.23 190.57 178.06 193.06 246.52 302.96 336.26 363.35 334.30 292.86 236.83 241.23 164.01 208.21 213.52 144.10 133.27 170.70 148.47 136.97 99.37 102.15 117.30 103.09 114.35 123.21 114.29 122.65 124.32 118.70 109.87 116.50 125.00 118.48 103.64 106.67 102.64 88.55 72.65 74.29 78.25 83.67 88.68 94.47 105.02 99.75 105.84 94.86 88.17 85.12 74.11 60.98 56.38 47.10 61.27 61.41 64.32 59.44 50.41
-9999 -9999 -9999 -9999 104.15 -9999 -9999 -9999 -9999 -9999 -9999 -9999 -9999 106.58 129.84 146.86 168.38 170.30 170.49 176.75 229.47 296.75 340.81 373.07 301.75 246.83 220.45 230.08 178.44 181.04 161.13 133.57 114.17 160.86 137.37 123.47 100.82 96.04 105.40 95.47 117.08 118.86 126.38 122.92 117.18 114.15 109.40 106.10 102.61 90.21 85.33 91.47 90.28 77.28 64.81 83.21 77.58 81.29 89.00 111.34 97.76 107.41 85.77 90.54 84.03 84.09 82.76 60.27 56.90 58.69 67.99 60.25 58.32 74.29 61.78
-9999 -9999 -9999 -9999 -9999 -9999 -9999 -9999 -9999 -9999 -9999 -9999 -9999 102.83 124.95 125.85 139.86 158.14 -9999 -9999 170.15 273.45 275.25 278.13 236.74 210.38 200.68 221.20 181.83 157.31 140.84 126.34 109.85 99.00 129.40 104.11 95.86 97.95 97.03 101.71 113.00 105.05 94.94 104.63 133.83 115.67 108.91 102.43 96.77 90.07 91.41 89.18 103.21 90.91 83.42 77.20 78.46 80.55 100.74 87.21 92.70 88.03 84.56 92.45 89.48 79.98 71.14 68.92 58.28 60.11 65.55 63.28 55.17 54.22 56.90
-9999 -9999 -9999 -9999 -9999 -9999 -9999 -9999 -9999 -9999 -9999 -9999 -9999 -9999 -9999 -9999 -9999 -9999 -9999 -9999 156.84 189.64 241.38 211.21 213.61 186.58 174.04 178.28 161.72 148.86 130.84 123.42 119.41 101.98 -9999 98.49 84.04 89.61 93.78 98.44 107.76 95.71 104.07 103.03 96.93 93.59 116.62 100.72 97.67 106.24 105.68 99.63 113.47 110.32 85.15 84.57 88.06 82.26 86.15 91.93 90.27 82.77 80.02 84.85 75.94 86.76 76.64 74.21 53.85 56.92 53.00 54.85 56.75 55.03 56.77
-9999 -9999 -9999 -9999 -9999 -9999 -9999 -9999 -9999 -9999 -9999 -9999 -9999 -9999 -9999 -9999 -9999 -9999 -9999 -9999 -9999 163.85 188.63 181.85 195.72 175.03 146.92 134.49 139.65 143.04 -9999 -9999 -9999 -9999 110.25 93.95 98.08 95.39 93.77 99.53 102.88 107.35 106.71 105.38 91.95 88.21 96.92 95.21 95.00 106.55 92.37 108.27 105.38 107.89 93.69 87.94 83.83 74.34 81.58 82.91 72.90 76.29 72.43 77.73 62.52 72.07 77.26 66.46 44.41 48.70 49.04 52.20 52.17 62.41 55.63
-9999 -9999 -9999 -9999 -9999 -9999 -9999 -9999 -9999 -9999 -9999 -9999 -9999 -9999 -9999 -9999 -9999 -9999 -9999 -9999 -9999 -9999 174.27 183.84 173.67 166.97 148.14 134.47 132.87 -9999 -9999 -9999 -9999 121.30 120.90 117.64 105.93 100.24 103.29 111.77 99.42 100.07 106.30 101.87 106.26 101.99 106.08 85.91 107.69 109.24 97.53 111.54 99.42 102.67 92.83 93.18 79.16 91.09 78.84 77.35 75.16 73.62 71.55 74.04 74.77 73.71 68.12 69.97 58.02 56.71 56.37 59.63 55.95 57.48 50.95
-9999 -9999 -9999 -9999 -9999 -9999 -9999 -9999 -9999 -9999 -9999 -9999 -9999 -9999 -9999 -9999 -9999 -9999 -9999 -9999 -9999 -9999 -9999 149.47 135.75 167.86 145.51 123.66 116.51 -9999 -9999 -9999 117.38 124.59 116.36 105.17 107.32 101.26 104.18 115.53 97.92 105.35 110.08 97.33 117.48 114.19 107.04 108.28 115.20 122.54 104.79 101.41 95.80 95.74 91.70 83.55 92.27 90.47 92.38 82.59 75.25 73.91 76.91 60.17 79.51 76.57 76.31 75.24 67.56 66.25 62.96 58.65 59.01 55.89 61.78
-9999 -9999 -9999 -9999 -9999 -9999 -9999 -9999 -9999 -9999 -9999 -9999 -9999 -9999 -9999 -9999 -9999 -9999 -9999 -9999 -9999 -9999 -9999 -9999 -9999 -9999 -9999 -9999 -9999 -9999 -9999 132.16 124.07 120.30 101.15 106.37 120.90 106.70 122.97 112.73 100.95 92.58 95.95 103.88 103.39 101.81 96.57 109.82 97.28 112.43 120.04 135.02 121.33 100.55 97.37 95.89 92.06 101.88 99.59 108.77 79.51 66.69 68.88 66.61 64.15 65.74 70.34 67.35 75.85 62.02 81.08 62.24 62.87 63.02 62.73
-9999 -9999 -9999 -9999 -9999 -9999 -9999 -9999 -9999 -9999 -9999 -9999 -9999 -9999 -9999 -9999 -9999 -9999 -9999 -9999 -9999 -9999 -9999 -9999 -9999 -9999 -9999 -9999 -9999 -9999 -9999 105.20 127.34 125.89 146.89 129.27 104.91 125.08 149.64 117.06 102.28 85.22 93.37 92.32 77.96 97.91 95.87 101.61 98.07 129.07 136.93 124.36 121.71 129.51 104.35 89.55 83.81 88.34 93.82 90.02 77.38 69.30 67.20 62.91 60.27 54.05 51.49 68.22 72.17 65.76 66.57 72.11 66.51 62.56 61.34
-9999 -9999 -9999 -9999 -9999 -9999 -9999 -9999 -9999 -9999 -9999 -9999 -9999 -9999 -9999 -9999 -9999 -9999 -9999 -9999 -9999 -9999 -9999 -9999 -9999 -9999 -9999 -9999 -9999 -9999 -9999 101.16 111.41 118.16 136.52 161.00 164.16 144.50 134.52 113.52 105.22 102.20 97.77 110.88 122.06 113.42 113.16 123.69 104.02 107.64 115.92 124.94 137.24 122.52 112.78 94.64 89.88 88.56 94.50 86.03 79.33 66.45 72.29 71.00 52.56 57.57 65.72 77.97 80.62 69.39 76.11 67.96 61.86 55.93 73.60
-9999 -9999 -9999 -9999 -9999 -9999 -9999 -9999 -9999 -9999 -9999 -9999 -9999 -9999 135.62 140.93 162.02 208.56 212.84 199.63 151.65 171.41 83.67 132.98 96.72 -9999 -9999 -9999 -9999 -9999 -9999 103.63 109.64 121.11 103.73 123.18 123.96 155.71 137.36 106.68 110.75 106.00 112.30 135.47 105.37 113.81 109.92 99.49 97.31 109.19 110.15 113.78 121.28 115.43 98.04 105.33 91.14 97.77 93.78 84.62 84.17 81.89 67.60 65.30 63.68 63.47 74.57 78.70 70.99 62.50 62.54 59.22 56.09 56.88 64.09
-9999 -9999 -9999 -9999 -9999 -9999 -9999 -9999 -9999 -9999 -9999 -9999 -9999 -9999 157.75 207.25 206.13 164.60 225.62 249.27 193.72 185.13 173.30 120.41 111.61 88.09 87.98 116.12 103.94 84.41 100.90 105.37 103.09 125.07 104.49 105.96 114.41 146.81 124.74 131.37 112.35 136.40 144.52 117.68 117.95 115.22 100.50 93.04 94.90 101.53 106.81 107.72 97.41 98.98 126.20 95.73 90.51 81.87 88.48 87.97 75.55 75.82 70.03 66.31 66.67 66.39 87.56 79.76 72.20 71.51 62.31 55.50 57.63 62.42 67.98
-9999 -9999 -9999 -9999 -9999 -9999 -9999 -9999 -9999 -9999 -9999 -9999 -9999 109.37 129.78 158.00 183.04 191.33 210.73 248.91 223.85 217.90 188.76 166.75 160.57 129.82 124.66 106.86 171.88 78.78 74.02 82.83 90.82 94.24 93.09 99.69 115.83 126.52 130.69 134.13 166.47 145.46 165.10 132.12 106.31 107.58 103.05 95.28 98.26 91.34 88.24 91.66 86.92 91.92 86.01 77.97 81.45 84.90 79.04 80.66 73.61 81.93 87.68 77.70 50.38 70.57 65.35 74.78 69.87 70.89 74.10 73.78 76.24 77.41 63.52
-9999 -9999 -9999 -9999 -9999 -9999 -9999 -9999 -9999 -9999 -9999 -9999 -9999 -9999 120.57 138.32 147.20 167.69 186.23 211.92 227.41 209.42 169.87 164.08 175.77 181.22 142.95 131.43 99.03 98.90 86.58 77.28 67.66 66.65 92.59 86.48 106.48 102.57 117.20 124.85 142.16 140.08 134.96 121.59 118.52 101.71 96.08 85.29 92.45 87.48 98.52 93.26 74.54 79.25 73.52 83.06 83.62 87.65 81.74 79.21 77.07 81.60 106.76 97.49 77.22 68.22 63.25 57.11 59.51 73.25 80.30 97.56 95.39 95.27 75.30
-9999 -9999 -9999 -9999 -9999 -9999 -9999 -9999 -9999 -9999 157.88 -9999 -9999 128.30 128.89 151.18 139.02 145.98 152.90 157.15 166.69 164.36 170.36 261.19 167.18 174.34 145.24 105.86 94.27 84.38 82.26 75.57 77.22 95.72 91.49 96.50 108.83 96.41 118.11 113.96 114.97 101.58 112.11 107.86 95.86 119.80 99.92 72.37 70.88 76.65 87.36 86.49 88.41 76.41 80.38 97.65 93.11 93.03 89.15 109.82 96.27 85.23 84.28 88.87 74.81 65.36 69.58 62.38 63.11 51.38 68.32 81.76 85.69 74.06 60.22
-9999 -9999 -9999 -9999 -9999 -9999 -9999 -9999 -9999 163.97 171.85 205.87 196.01 152.26 140.43 170.53 163.31 141.11 151.03 122.32 152.75 145.82 161.54 164.09 157.62 160.37 130.60 112.10 98.83 101.37 89.52 82.04 73.82 75.48 83.22 90.35 96.81 103.96 103.17 100.70 107.88 112.62 123.77 114.38 112.56 143.59 105.69 84.18 76.50 70.95 91.62 93.53 75.41 88.14 84.78 96.38 100.63 94.17 107.65 112.66 108.65 83.74 67.94 69.03 66.19 66.83 63.67 58.36 58.93 57.22 60.42 60.54 77.74 65.35 62.78
-9999 -9999 -9999 -9999 -9999 -9999 -9999 -9999 -9999 172.29 167.18 185.16 184.85 171.74 165.45 162.89 174.39 195.39 164.00 152.30 151.00 128.13 163.46 146.50 167.25 153.33 134.87 133.56 155.31 126.12 95.01 95.59 76.13 79.79 93.08 98.85 102.30 108.32 104.39 108.36 112.35 101.31 107.07 90.82 107.03 99.19 102.34 110.56 108.47 101.52 94.42 86.90 73.64 95.55 87.24 87.10 90.00 111.65 111.71 105.63 100.96 102.61 72.81 66.91 62.72 67.23 57.77 59.88 55.19 58.58 54.04 60.13 70.06 69.30 59.84
-9999 -9999 -9999 -9999 -9999 -9999 -9999 -9999 -9999 199.26 212.95 206.34 200.74 179.58 182.22 183.57 184.99 185.55 159.37 156.79 149.56 124.73 146.57 155.41 140.67 144.54 134.15 141.68 139.36 143.72 119.94 105.62 83.97 93.00 77.22 97.49 100.84 115.16 107.36 106.81 116.49 96.02 96.78 74.84 104.69 107.81 103.72 113.38 92.42 102.07 110.54 103.85 90.37 82.11 88.36 84.58 91.64 99.95 107.53 87.04 85.39 98.29 72.18 70.61 81.62 53.30 78.41 68.07 58.03 56.04 70.91 68.06 68.73 52.60 49.32
-9999 -9999 -9999 -9999 -9999 -9999 -9999 -9999 -9999 165.78 203.66 183.50 179.98 172.35 169.82 178.64 157.84 173.96 149.23 161.25 141.86 126.80 134.05 137.67 150.32 142.75 144.29 141.43 142.49 138.79 149.73 122.96 104.57 106.37 98.38 109.11 103.03 111.02 110.34 115.19 109.08 99.22 71.27 87.07 88.35 95.54 101.70 100.65 96.92 97.35 100.17 102.90 91.71 94.33 88.13 85.27 78.56 115.36 72.92 59.43 59.15 69.09 65.26 61.56 66.46 72.93 67.39 65.34 64.30 58.40 59.41 56.55 69.05 56.24 52.40
-9999 -9999 -9999 -9999 -9999 -9999 -9999 -9999 -9999 161.41 176.46 148.91 180.58 196.96 205.28 183.08 161.37 144.33 134.58 111.79 113.99 116.32 124.38 125.45 132.19 122.60 118.75 115.76 132.08 163.54 131.85 116.66 142.89 138.04 135.37 137.15 123.12 128.71 135.25 126.79 95.73 90.81 80.60 98.09 86.27 93.50 94.65 90.86 81.04 97.41 88.47 76.45 107.33 87.50 72.92 67.45 66.59 66.07 55.91 54.80 49.10 51.70 61.42 54.18 54.24 61.46 56.10 55.63 53.41 -9999 -9999 51.09 60.00 53.52 61.96
-9999 -9999 -9999 -9999 -9999 -9999 -9999 -9999 187.37 165.61 177.22 164.63 192.72 207.03 219.95 193.28 181.76 146.12 138.57 117.04 106.34 102.14 107.59 115.80 115.03 106.74 113.80 120.18 148.15 154.84 130.86 157.57 133.17 114.13 122.69 135.41 132.54 141.52 129.35 110.93 93.66 87.77 84.10 84.62 75.71 88.08 81.13 70.06 79.04 88.15 79.58 89.49 77.73 65.95 51.22 -9999 -9999 53.67 53.92 48.61 50.54 48.08 56.10 51.50 -9999 -9999 -9999 -9999 -9999 -9999 -9999 -9999 -9999 -9999 58.24
