Rainfall_2007-2011/Rainfall_2008-10_ACTUAL.txt
ncols         180
nrows         290
xllcorner     -200000
yllcorner     -200000
cellsize      5000
NODATA_value  -9999
[rows 165 to 197 of 290, columns 76 to 151 of 180]
-9999 -9999 -9999 -9999 -9999 -9999 -9999 -9999 -9999 -9999 -9999 -9999 -9999 -9999 -9999 -9999 -9999 -9999 -9999 -9999 -9999 -9999 -9999 -9999 -9999 -9999 -9999 -9999 -9999 -9999 -9999 153.70 147.85 153.15 139.06 189.55 206.42 199.83 206.42 205.33 200.54 201.88 182.76 156.93 164.76 113.06 95.00 79.47 60.48 52.22 47.45 43.26 47.93 41.95 35.07 36.05 35.54 44.39 49.96 52.86 53.40 54.36 59.51 61.67 63.44 57.89 61.16 -9999 59.94 59.34 56.11 55.48 -9999 -9999 -9999 -9999
-9999 -9999 -9999 -9999 -9999 -9999 -9999 -9999 -9999 -9999 -9999 -9999 -9999 -9999 -9999 -9999 -9999 -9999 -9999 -9999 -9999 -9999 -9999 -9999 -9999 -9999 -9999 -9999 -9999 -9999 134.37 151.60 172.81 160.34 169.12 177.14 204.52 230.43 234.85 242.97 229.90 222.37 203.91 205.03 187.17 167.05 115.73 77.44 70.89 53.89 48.37 44.98 46.06 41.34 37.28 37.12 39.74 47.96 51.02 53.99 54.37 61.46 60.43 61.92 71.26 70.67 63.18 57.32 -9999 58.08 57.10 57.29 55.52 -9999 -9999 -9999
-9999 -9999 -9999 -9999 -9999 -9999 -9999 -9999 -9999 -9999 -9999 -9999 -9999 -9999 -9999 -9999 -9999 -9999 -9999 -9999 -9999 -9999 -9999 -9999 -9999 -9999 -9999 -9999 -9999 -9999 130.78 143.30 163.13 162.20 159.98 182.00 179.77 200.71 204.40 188.09 184.03 180.78 172.69 191.71 199.61 177.34 114.78 93.18 66.83 60.44 62.01 47.28 45.31 48.32 43.84 44.66 47.38 51.03 51.26 53.22 54.22 54.43 61.01 63.34 62.28 66.32 64.59 58.62 55.56 -9999 -9999 -9999 -9999 -9999 -9999 -9999
-9999 -9999 -9999 -9999 -9999 -9999 -9999 -9999 -9999 -9999 -9999 -9999 -9999 -9999 -9999 -9999 -9999 -9999 -9999 -9999 -9999 -9999 -9999 -9999 -9999 -9999 -9999 -9999 -9999 145.81 148.42 152.82 166.59 184.64 163.18 173.43 180.51 186.71 152.48 156.49 163.34 170.81 184.01 207.21 222.71 156.55 165.85 147.08 86.53 70.63 54.85 43.22 41.37 48.10 46.49 47.69 54.84 64.16 51.42 52.92 60.63 57.53 65.79 74.76 72.87 70.40 65.77 64.73 56.82 53.46 60.35 -9999 -9999 -9999 -9999 -9999
-9999 -9999 -9999 -9999 -9999 -9999 -9999 -9999 -9999 -9999 -9999 -9999 -9999 -9999 -9999 -9999 -9999 -9999 -9999 -9999 -9999 -9999 -9999 -9999 -9999 -9999 -9999 -9999 -9999 -9999 141.07 151.39 158.01 157.77 171.23 156.80 163.57 139.49 147.94 148.50 151.01 158.52 169.97 180.75 226.44 231.10 243.91 166.93 123.26 95.93 66.87 59.73 45.82 47.51 56.29 54.85 55.08 53.31 49.05 51.36 52.92 58.66 66.31 70.71 71.27 73.80 74.20 63.14 58.76 54.80 56.00 59.13 59.76 -9999 -9999 -9999
-9999 -9999 -9999 -9999 -9999 -9999 -9999 -9999 -9999 -9999 -9999 -9999 -9999 -9999 -9999 -9999 -9999 -9999 -9999 -9999 -9999 -9999 -9999 -9999 -9999 -9999 -9999 -9999 -9999 -9999 142.25 147.25 143.66 158.59 151.54 145.59 141.69 131.30 138.27 139.22 135.19 147.38 171.95 172.63 175.41 232.51 239.81 203.41 140.42 117.54 87.91 67.07 60.55 51.55 56.68 54.22 54.37 49.79 47.26 49.74 53.42 55.73 59.18 62.66 67.89 80.79 83.17 68.78 73.23 61.67 56.24 57.76 55.31 -9999 -9999 -9999
-9999 -9999 -9999 -9999 -9999 -9999 -9999 -9999 -9999 -9999 175.26 186.14 206.19 243.75 -9999 -9999 -9999 -9999 -9999 -9999 -9999 -9999 -9999 -9999 -9999 -9999 -9999 -9999 -9999 123.97 109.21 135.14 157.26 163.45 155.76 146.67 148.22 131.18 130.51 129.90 140.76 147.30 164.14 174.26 209.59 193.52 221.88 170.96 174.78 145.77 83.19 80.85 52.20 66.90 64.15 55.46 53.62 52.81 45.87 42.49 45.24 51.77 51.84 56.50 59.94 69.68 64.08 67.83 74.45 70.61 59.15 58.03 60.59 59.56 -9999 -9999
-9999 -9999 -9999 -9999 -9999 -9999 -9999 -9999 -9999 -9999 197.02 207.21 227.07 263.34 -9999 -9999 -9999 -9999 -9999 -9999 -9999 -9999 -9999 -9999 -9999 -9999 -9999 -9999 126.09 132.59 132.80 134.67 168.93 153.69 143.08 135.34 126.29 130.73 141.84 133.05 141.59 138.74 155.54 145.63 162.23 213.85 256.43 190.08 175.52 124.08 105.59 82.01 77.49 71.62 66.72 60.19 55.74 64.16 49.69 47.02 45.60 43.78 44.78 49.58 50.25 58.17 62.92 74.74 71.67 62.73 61.59 61.36 59.68 57.34 -9999 -9999
-9999 -9999 -9999 -9999 -9999 -9999 -9999 -9999 132.91 156.51 168.54 217.48 246.93 281.56 282.49 216.45 250.87 -9999 -9999 234.93 180.45 -9999 -9999 -9999 164.05 182.52 164.28 -9999 127.63 135.30 146.46 134.01 130.88 135.31 140.50 132.75 136.51 132.61 143.01 125.73 125.34 140.73 135.95 177.24 147.46 166.99 191.23 119.92 130.20 150.12 91.21 97.31 80.47 74.31 70.93 63.63 58.74 56.59 49.25 47.03 40.14 43.20 40.70 47.63 48.21 49.31 54.42 67.19 64.54 60.24 65.64 59.04 50.15 53.26 56.65 -9999
-9999 -9999 -9999 -9999 -9999 -9999 -9999 -9999 -9999 166.70 172.88 227.69 264.57 340.25 278.52 287.38 246.23 -9999 204.79 254.17 210.47 179.20 199.53 162.83 140.03 189.05 167.57 147.17 -9999 134.85 146.70 126.00 114.31 125.99 135.28 117.94 115.60 116.94 109.28 121.82 128.91 159.10 147.14 175.69 197.17 176.53 150.56 102.90 120.83 97.46 86.15 77.69 70.53 76.05 74.03 62.82 64.20 53.67 51.19 46.95 43.11 44.62 43.29 47.28 44.87 46.90 52.40 58.90 60.66 61.12 65.36 59.04 55.24 53.42 56.01 -9999
-9999 -9999 -9999 -9999 -9999 -9999 -9999 -9999 -9999 -9999 173.46 204.45 245.39 275.50 252.45 262.78 298.32 306.58 389.43 234.18 230.34 228.80 226.56 175.92 174.32 134.35 169.79 168.57 152.87 129.86 130.52 128.14 120.27 119.25 126.13 119.70 114.92 105.89 94.10 109.80 118.75 141.57 143.98 170.67 192.81 182.84 143.03 109.49 96.25 90.37 82.15 79.43 72.42 72.25 71.58 68.64 64.82 53.82 48.86 35.19 35.50 42.44 46.27 44.46 41.91 45.44 51.33 53.71 49.56 55.45 62.38 59.34 60.35 53.54 55.13 59.48
-9999 -9999 -9999 -9999 -9999 -9999 -9999 -9999 -9999 -9999 -9999 198.34 209.27 218.79 265.49 338.20 390.30 506.21 460.59 309.51 254.55 205.97 196.94 173.14 175.16 150.72 199.89 163.00 168.31 136.25 111.04 115.87 107.23 108.08 116.85 140.14 116.05 116.79 99.69 106.31 108.56 112.67 136.06 158.34 172.44 150.69 164.80 150.29 89.96 89.94 88.25 77.02 71.21 75.37 85.27 68.69 62.76 48.76 47.19 41.50 39.48 42.12 38.37 48.09 44.62 46.15 45.43 50.69 51.75 52.47 63.02 51.12 49.32 50.59 50.80 50.44
-9999 -9999 -9999 -9999 -9999 -9999 -9999 -9999 -9999 -9999 -9999 -9999 232.09 246.05 363.62 399.52 527.19 613.15 584.03 366.74 307.44 218.06 224.80 170.27 205.47 180.58 143.30 182.88 140.87 122.99 130.73 111.83 109.90 103.78 105.71 110.98 103.00 97.36 99.52 105.19 100.56 104.90 124.25 147.71 142.29 132.93 125.51 136.21 105.82 83.50 81.89 75.30 70.68 71.01 64.31 65.99 59.32 47.27 48.27 42.95 48.16 39.49 41.65 48.03 47.55 45.06 43.76 46.15 48.37 50.62 51.07 42.00 45.53 48.67 49.59 48.28
-9999 -9999 -9999 -9999 -9999 -9999 -9999 -9999 -9999 -9999 -9999 -9999 261.94 278.28 426.52 518.36 782.81 744.92 702.09 359.36 291.57 309.59 280.09 263.18 206.75 185.87 138.00 163.59 165.34 145.06 125.60 98.41 91.51 95.94 100.83 105.34 98.50 93.21 98.50 106.30 99.88 105.91 129.47 126.56 106.32 124.98 129.35 124.19 111.60 81.17 79.91 69.39 73.11 69.35 64.32 59.94 58.09 48.77 48.00 43.92 41.76 43.42 43.45 46.42 53.01 45.12 42.57 43.19 42.62 44.52 45.82 42.47 44.89 52.07 54.94 -9999
-9999 -9999 -9999 -9999 -9999 -9999 -9999 -9999 -9999 -9999 -9999 -9999 321.79 393.71 518.19 642.82 905.85 742.10 528.09 387.35 279.13 324.69 261.12 231.96 230.89 190.67 153.76 183.91 164.32 149.04 112.02 102.24 90.79 89.16 108.51 106.89 101.34 96.61 99.21 103.16 114.18 113.60 111.70 121.08 113.95 116.28 111.28 111.97 88.22 85.20 76.17 64.36 67.44 65.93 62.13 58.53 53.55 54.95 43.38 43.63 47.31 43.90 42.96 52.11 45.86 38.05 38.31 42.85 42.12 42.24 42.84 41.90 51.33 50.31 -9999 -9999
-9999 -9999 -9999 -9999 -9999 -9999 -9999 -9999 -9999 -9999 -9999 287.00 483.09 433.18 526.48 631.66 569.32 750.35 611.71 467.66 451.63 402.59 289.80 228.51 189.04 175.28 183.05 197.35 165.51 150.45 110.54 99.71 84.83 105.35 109.64 102.02 101.16 98.90 96.42 106.78 106.74 103.43 108.12 114.09 98.22 112.28 115.16 87.08 88.29 83.05 73.98 62.21 55.18 53.43 58.65 61.21 55.44 53.86 50.67 46.82 46.72 47.48 43.91 48.10 42.28 38.59 42.14 44.78 44.78 44.99 52.53 56.71 57.68 -9999 -9999 -9999
-9999 -9999 -9999 -9999 -9999 -9999 -9999 -9999 -9999 177.73 215.93 253.20 339.17 349.17 365.80 408.92 403.01 548.39 448.82 478.76 436.24 361.86 302.27 273.04 202.49 199.73 171.75 137.52 130.27 105.29 109.38 99.22 93.21 125.14 135.56 110.94 104.20 103.13 109.44 108.04 111.61 111.39 105.61 103.50 103.57 97.22 85.94 88.50 75.55 64.66 69.02 66.13 59.19 52.35 56.68 53.69 50.48 47.91 47.56 47.08 46.59 49.04 48.25 53.52 50.17 45.52 48.51 46.04 51.58 48.69 51.66 50.85 -9999 -9999 -9999 -9999
-9999 -9999 -9999 -9999 -9999 -9999 -9999 -9999 188.54 169.97 227.31 246.83 276.43 223.62 282.50 289.04 327.47 437.45 451.61 426.15 445.11 316.58 233.73 230.18 187.48 240.90 235.72 198.35 148.94 128.49 115.59 97.53 96.87 113.61 121.61 97.24 99.30 102.41 103.71 113.50 111.24 99.38 112.47 99.72 93.26 91.56 83.76 75.25 67.54 60.45 62.64 62.01 61.17 52.47 49.89 48.44 46.93 50.22 49.99 47.25 54.31 52.08 55.50 61.47 58.89 48.35 47.92 47.21 44.65 45.86 49.94 48.91 -9999 -9999 -9999 -9999
-9999 -9999 -9999 -9999 -9999 -9999 -9999 266.41 226.00 208.76 231.67 -9999 -9999 -9999 -9999 257.87 368.50 494.74 479.45 452.89 391.62 362.57 319.84 296.83 228.74 317.31 272.39 205.98 164.52 139.34 111.34 94.92 90.53 94.64 91.78 89.81 93.10 105.94 86.69 104.14 108.64 102.54 104.56 99.02 92.59 83.10 74.10 70.49 72.12 62.00 57.70 52.50 53.89 54.62 53.10 48.98 48.31 49.49 54.53 56.62 61.15 59.65 55.94 63.44 59.82 57.55 53.78 50.82 50.65 52.11 51.19 51.46 54.13 -9999 -9999 -9999
-9999 -9999 -9999 -9999 -9999 -9999 -9999 187.60 266.49 211.33 194.54 -9999 -9999 -9999 -9999 245.00 339.03 538.78 431.56 477.88 458.59 430.61 416.76 382.13 259.00 308.39 219.09 181.08 152.56 122.66 109.80 83.73 72.51 91.48 88.11 95.56 86.85 91.82 91.44 102.02 111.30 98.03 94.32 86.19 83.43 79.03 77.36 77.19 65.33 62.62 57.19 66.29 59.87 56.40 60.16 44.63 49.62 57.65 57.50 73.05 69.66 67.53 58.92 59.31 46.52 50.80 52.71 53.84 52.51 53.04 51.72 54.27 56.44 55.97 -9999 -9999
-9999 -9999 -9999 -9999 -9999 -9999 -9999 -9999 -9999 -9999 -9999 -9999 -9999 -9999 -9999 242.44 391.46 437.82 416.46 438.19 411.11 480.29 457.47 324.58 301.99 281.44 215.14 171.28 139.39 109.92 95.49 94.20 165.44 95.17 89.47 85.96 80.62 83.26 104.37 107.89 111.38 94.56 94.04 84.82 80.17 69.70 70.29 71.35 60.65 64.59 70.13 73.70 56.86 51.13 49.33 39.81 51.88 60.67 61.82 67.25 69.11 65.03 48.12 57.83 54.64 49.48 53.63 55.03 54.26 48.24 48.67 51.57 57.67 57.93 53.92 63.41
-9999 -9999 -9999 -9999 -9999 -9999 -9999 -9999 -9999 -9999 -9999 -9999 -9999 -9999 -9999 -9999 431.24 344.12 431.67 459.20 487.54 419.12 422.48 352.63 254.86 223.38 184.01 128.61 121.69 95.90 87.03 83.05 90.91 90.45 86.22 82.97 87.40 85.43 98.21 90.82 90.80 89.57 87.23 87.75 84.79 65.82 62.87 64.00 59.41 61.04 62.60 64.75 55.31 59.20 63.28 53.11 55.89 59.96 56.55 65.64 67.98 65.23 57.35 62.95 55.62 54.02 57.61 53.79 52.52 47.90 51.66 51.37 62.53 60.28 59.89 61.10
-9999 -9999 -9999 -9999 -9999 -9999 -9999 -9999 -9999 -9999 -9999 -9999 -9999 -9999 -9999 -9999 345.17 489.09 602.87 516.47 486.58 414.14 350.77 273.29 229.79 186.29 143.99 151.74 117.73 96.42 96.76 98.83 103.58 87.76 83.10 79.61 86.71 85.50 95.40 85.80 87.98 84.37 78.78 81.43 80.06 66.54 56.83 58.81 56.43 58.32 63.41 64.82 60.79 74.52 66.77 58.36 59.40 62.96 61.05 68.46 79.92 66.90 61.35 57.14 56.49 54.63 42.99 49.54 50.92 51.33 52.56 57.85 52.31 57.75 54.02 60.61
-9999 -9999 -9999 -9999 -9999 -9999 -9999 -9999 -9999 -9999 -9999 -9999 -9999 -9999 -9999 335.42 380.78 490.32 573.59 519.63 399.37 358.44 337.44 273.82 242.63 178.35 141.76 148.96 109.68 144.81 106.67 93.25 85.31 88.75 73.54 81.20 98.96 96.38 95.04 81.41 83.61 82.24 76.78 79.51 74.59 67.46 67.85 59.33 56.52 55.12 53.55 60.89 58.80 72.31 62.84 56.29 58.92 62.59 63.74 66.01 72.20 62.15 59.53 52.60 53.71 58.89 49.29 49.68 49.82 53.31 63.85 53.47 55.28 54.02 56.21 55.67
-9999 -9999 -9999 -9999 -9999 -9999 -9999 -9999 -9999 -9999 -9999 -9999 -9999 -9999 -9999 274.47 322.13 461.01 436.58 407.15 311.27 304.09 308.54 277.79 199.38 166.39 144.50 135.05 102.42 110.24 105.36 103.58 98.07 88.19 83.08 76.43 82.36 88.26 88.85 77.92 82.76 80.86 84.39 88.61 71.24 69.19 70.35 64.96 59.72 54.48 55.75 56.71 61.21 66.80 62.32 62.15 57.81 62.20 71.20 62.40 69.82 64.93 57.84 55.73 51.46 47.57 51.20 50.78 48.57 50.11 54.01 48.60 53.54 56.35 57.89 66.65
-9999 -9999 -9999 -9999 -9999 -9999 -9999 -9999 -9999 -9999 -9999 -9999 -9999 -9999 -9999 204.09 270.82 285.24 328.40 328.12 328.71 299.40 303.76 239.67 219.59 175.46 139.26 114.04 113.69 124.29 115.52 121.81 131.84 101.19 101.71 91.52 86.98 93.26 79.93 77.42 77.90 78.91 84.73 84.55 79.70 79.33 69.38 70.95 59.67 65.72 61.94 56.20 55.70 50.34 45.84 44.38 55.30 57.22 63.81 62.32 61.85 54.60 56.63 57.92 57.43 45.40 44.31 49.73 49.87 47.97 50.99 50.24 52.87 56.30 59.19 62.12
-9999 -9999 -9999 -9999 -9999 -9999 -9999 -9999 -9999 -9999 -9999 -9999 -9999 -9999 -9999 -9999 310.31 339.56 366.60 388.51 405.61 301.27 271.44 201.23 155.74 137.70 120.16 112.49 104.19 98.52 117.41 107.64 131.92 103.19 91.55 74.09 89.46 98.91 73.50 81.30 74.82 81.71 86.84 78.56 71.94 66.56 67.97 61.99 59.47 64.44 63.72 54.66 54.71 52.13 45.66 51.37 58.88 54.41 59.80 54.78 60.75 56.61 59.09 59.00 51.23 44.97 46.35 52.03 50.77 50.16 45.14 47.56 54.51 53.80 58.81 60.23
-9999 -9999 -9999 -9999 -9999 -9999 -9999 -9999 -9999 -9999 -9999 -9999 -9999 -9999 -9999 -9999 265.26 339.49 353.58 387.32 518.42 386.10 285.34 191.60 150.67 148.57 153.86 145.75 148.05 117.46 96.86 93.55 106.76 89.36 95.45 103.97 88.74 80.26 84.47 88.30 77.99 84.15 78.88 82.82 75.42 65.05 64.05 56.30 66.37 61.60 60.03 55.75 57.41 61.42 61.30 60.59 61.47 56.06 62.13 66.62 64.73 67.63 58.77 61.02 53.97 48.81 51.32 51.74 53.37 50.66 40.78 52.45 56.73 66.62 62.82 61.29
-9999 -9999 -9999 -9999 -9999 -9999 -9999 -9999 -9999 -9999 -9999 -9999 -9999 -9999 -9999 148.10 215.84 291.20 356.71 391.55 467.83 378.05 231.40 205.82 215.10 169.42 141.27 141.22 110.23 98.27 97.37 97.87 86.33 90.37 99.01 95.02 99.36 95.45 76.34 80.60 70.02 77.79 82.29 79.39 81.85 72.85 71.44 69.95 55.55 63.69 61.80 56.78 59.20 66.04 60.31 64.12 63.53 59.96 57.65 61.19 58.32 58.66 58.97 61.95 51.69 56.46 59.24 60.56 56.96 56.49 51.43 56.38 60.62 61.72 62.29 62.18
-9999 -9999 -9999 -9999 -9999 -9999 -9999 -9999 -9999 -9999 -9999 -9999 -9999 -9999 -9999 184.79 224.01 266.53 288.84 335.70 408.24 322.55 235.52 159.16 157.31 168.24 157.25 156.41 125.10 127.52 110.24 82.99 94.87 75.99 87.44 82.44 116.52 80.11 72.34 71.59 66.06 69.98 73.36 88.37 75.27 63.27 83.80 78.33 65.11 63.86 58.46 51.94 54.56 50.31 55.46 59.73 62.12 56.39 61.37 62.67 60.74 60.89 55.51 67.71 54.65 57.78 61.95 64.97 60.54 55.66 56.02 58.09 58.35 62.91 63.88 59.96
-9999 -9999 -9999 -9999 -9999 -9999 -9999 -9999 -9999 -9999 -9999 -9999 -9999 -9999 -9999 198.74 236.34 248.20 273.58 313.42 342.59 302.33 229.12 169.37 158.36 162.00 139.15 129.66 129.56 127.39 92.40 87.44 77.76 96.87 72.32 84.28 96.57 80.38 73.84 66.08 57.48 65.17 65.98 66.09 65.90 62.63 69.89 66.96 62.35 56.96 52.80 50.71 56.35 56.79 52.90 56.08 55.20 61.58 58.11 57.24 63.76 54.77 55.95 55.18 58.68 58.60 55.97 55.95 57.17 51.72 49.99 57.87 56.33 59.93 59.41 56.18
-9999 -9999 -9999 -9999 -9999 -9999 -9999 -9999 -9999 -9999 -9999 -9999 -9999 -9999 190.65 206.78 248.89 250.87 219.40 269.68 265.96 257.16 211.66 149.35 134.06 135.00 120.38 130.52 121.80 90.59 97.48 89.88 75.66 68.84 67.78 76.91 78.74 93.65 71.80 63.90 65.33 59.45 60.69 59.29 61.63 61.54 67.18 60.99 56.06 53.71 50.55 48.69 48.64 49.38 50.05 55.97 57.19 58.14 56.21 56.89 59.56 60.64 49.86 56.87 59.65 58.89 61.96 59.64 55.11 61.47 54.39 57.30 57.58 59.50 60.19 55.01
-9999 -9999 -9999 -9999 -9999 -9999 -9999 -9999 -9999 -9999 -9999 -9999 -9999 200.65 194.96 194.89 210.13 206.37 245.60 278.95 271.61 239.88 228.71 169.42 156.11 140.76 108.68 147.58 106.09 87.97 79.42 78.65 69.95 70.13 69.97 86.77 82.59 83.65 82.41 69.00 59.42 59.73 62.09 60.27 58.83 59.23 58.11 56.05 53.33 51.62 49.86 49.22 51.42 50.90 49.07 46.61 52.72 57.06 54.92 56.90 53.55 57.07 53.28 68.16 61.42 59.16 61.46 54.58 57.25 62.96 61.75 61.66 57.67 59.64 57.65 61.84
