Rainfall_2007-2011/Rainfall_2008-05_ACTUAL.txt
ncols         180
nrows         290
xllcorner     -200000
yllcorner     -200000
cellsize      5000
NODATA_value  -9999
[rows 204 to 237 of 290, columns 77 to 153 of 180]
69.01 63.04 59.34 66.09 67.53 71.72 68.05 66.23 70.36 79.97 84.28 89.85 96.90 75.05 63.29 64.18 48.06 51.98 63.40 59.60 66.84 67.95 77.11 72.50 141.11 97.86 141.19 161.93 187.43 131.48 125.60 116.16 116.89 108.44 92.03 89.11 78.92 78.22 72.88 74.08 66.06 60.08 72.94 83.82 108.63 105.95 94.33 95.52 109.92 110.19 105.18 97.35 90.51 84.21 83.36 85.75 93.74 77.21 81.31 79.07 81.72 79.74 74.78 88.77 111.72 115.70 89.09 89.77 99.59 93.36 68.80 73.56 71.12 75.53 79.79 70.04 77.21
60.28 64.79 56.95 58.60 65.38 65.78 66.00 68.09 67.47 67.16 90.51 88.93 80.86 63.72 66.36 68.70 68.48 67.56 84.95 100.07 70.05 81.66 98.21 117.29 142.06 90.23 102.61 180.80 161.05 105.08 131.02 120.64 109.86 87.05 90.00 107.44 92.11 91.98 87.15 78.59 73.24 73.54 79.76 92.64 114.41 109.18 107.67 103.77 105.08 104.55 109.29 98.79 90.66 77.75 69.47 104.96 72.85 73.51 78.14 73.56 76.28 78.19 84.65 95.18 120.36 102.12 93.00 95.35 81.44 78.39 70.48 80.35 69.07 70.87 69.05 77.46 75.54
68.91 72.33 63.96 63.38 60.72 66.91 75.39 73.47 65.48 62.27 75.03 71.42 70.93 68.12 79.27 73.27 76.47 73.46 80.15 85.99 89.57 71.80 111.00 127.76 109.18 118.29 117.81 119.95 145.64 200.85 102.20 92.91 79.84 90.77 95.62 103.91 90.14 91.36 84.10 76.20 75.40 80.84 101.86 96.93 103.70 99.85 104.19 107.13 114.33 115.70 110.02 106.80 104.44 84.12 74.05 79.59 73.57 71.16 62.31 66.96 70.88 78.92 88.05 88.19 83.19 86.62 87.64 85.71 93.29 72.96 73.67 69.39 73.99 72.58 56.27 85.30 80.38
68.25 67.59 73.62 65.63 71.09 79.16 94.17 97.86 78.57 71.80 70.02 71.72 81.62 70.45 76.20 69.63 66.73 55.57 58.85 65.71 71.65 54.63 74.86 76.99 94.97 126.67 114.23 132.58 183.79 124.58 96.08 92.71 91.59 91.38 100.50 86.23 86.62 77.90 79.96 83.78 101.35 92.94 94.21 100.36 88.71 92.38 94.52 103.84 113.28 110.34 98.90 106.86 103.44 95.18 83.81 83.82 77.24 73.38 61.07 60.58 67.96 71.10 91.95 84.80 84.79 92.61 73.18 76.45 73.71 72.06 69.16 70.27 84.30 76.48 71.89 81.18 83.48
66.17 69.98 68.27 63.78 62.70 72.56 78.55 88.75 82.79 71.22 69.98 71.94 76.00 83.77 75.26 85.86 76.45 60.00 68.58 65.04 53.53 57.00 59.36 72.23 85.55 123.97 116.66 141.28 133.95 90.56 90.06 83.49 91.51 93.44 81.54 96.10 74.45 78.43 77.39 97.60 87.84 92.03 79.82 89.74 101.61 94.22 100.56 105.83 105.94 98.60 92.98 97.93 109.01 103.08 81.59 69.72 74.46 71.71 68.29 61.33 66.47 72.53 85.49 87.05 87.94 90.43 90.19 98.53 70.89 72.28 62.34 70.98 78.74 56.66 72.93 81.30 77.05
62.36 63.36 65.24 66.92 63.23 76.03 -9999 -9999 -9999 -9999 66.98 70.01 75.95 72.01 70.87 81.07 79.95 67.62 62.65 56.72 77.99 81.81 73.20 77.29 76.74 93.59 127.78 131.50 109.08 83.97 85.50 82.95 119.43 89.85 74.22 67.01 64.37 80.51 83.03 95.98 77.10 88.43 91.55 87.81 95.81 100.55 105.10 105.95 102.22 101.18 99.30 93.55 91.56 90.00 82.76 71.79 78.33 77.13 74.02 67.49 77.35 80.16 85.74 81.61 81.43 80.44 82.60 78.46 81.47 73.35 69.29 68.50 77.81 78.23 80.34 86.92 81.65
60.15 61.11 64.64 62.56 70.40 69.94 -9999 -9999 -9999 -9999 -9999 -9999 -9999 71.99 78.05 81.54 85.38 71.44 65.43 74.89 87.92 83.79 82.68 87.64 85.10 87.96 100.61 117.00 121.01 87.31 81.81 92.37 100.26 98.88 77.99 73.05 68.16 80.54 89.58 81.39 72.38 78.69 81.91 87.50 81.83 88.67 90.80 108.37 97.58 105.98 104.64 89.67 79.42 80.28 79.08 79.57 86.71 84.96 84.85 68.65 80.87 82.64 86.98 77.12 85.64 80.23 91.70 71.61 78.79 74.07 46.28 72.96 59.22 79.92 79.38 89.97 88.06
-9999 -9999 59.90 -9999 -9999 -9999 -9999 -9999 -9999 -9999 -9999 76.94 80.97 83.64 86.51 92.21 91.97 78.93 73.83 90.34 104.58 104.49 96.25 84.59 81.41 98.13 98.00 99.76 99.07 95.03 71.52 80.09 80.26 80.04 79.58 85.40 82.19 86.05 87.38 81.94 69.44 73.77 80.35 83.74 82.25 80.23 78.37 74.98 83.42 106.12 99.89 77.94 75.89 78.68 82.36 75.90 88.86 92.23 86.84 85.84 79.13 78.31 82.10 85.86 75.68 82.25 97.22 82.53 80.56 78.48 72.04 80.99 70.12 90.11 89.40 90.89 95.17
-9999 -9999 -9999 -9999 -9999 -9999 -9999 -9999 -9999 -9999 -9999 75.43 79.06 75.12 75.09 63.38 -9999 -9999 67.28 96.75 101.80 106.50 95.87 91.83 86.65 100.72 87.59 88.59 88.85 91.36 77.68 54.16 55.44 72.26 80.14 80.66 84.70 83.40 89.88 75.06 66.52 78.09 74.87 85.75 82.63 76.96 79.79 76.81 92.86 69.15 88.92 79.62 80.91 76.09 77.15 73.53 94.12 87.16 83.28 76.32 71.46 77.34 73.81 75.62 66.59 72.78 77.89 82.20 88.48 85.33 78.62 77.01 81.26 85.30 89.04 84.19 92.18
-9999 -9999 -9999 -9999 -9999 -9999 -9999 -9999 -9999 -9999 -9999 -9999 -9999 -9999 -9999 -9999 -9999 -9999 61.75 70.22 88.62 86.68 84.90 81.02 68.64 85.53 83.36 85.81 81.83 95.68 87.37 65.98 -9999 78.40 83.50 88.80 84.99 78.56 77.63 74.34 85.47 81.82 82.61 75.86 74.62 80.36 89.27 94.43 101.15 99.60 115.18 101.73 88.21 78.31 73.32 66.00 85.60 81.88 80.84 74.14 71.18 66.44 67.85 66.09 72.86 74.38 72.18 78.82 79.68 80.51 77.00 80.68 88.59 84.26 93.33 86.71 82.13
-9999 -9999 -9999 -9999 -9999 -9999 -9999 -9999 -9999 -9999 -9999 -9999 -9999 -9999 -9999 -9999 -9999 -9999 -9999 67.39 70.89 76.53 86.03 84.16 80.65 91.88 96.54 83.90 -9999 -9999 -9999 -9999 84.23 83.12 89.75 92.04 92.22 93.90 80.02 69.83 71.63 75.53 73.71 76.11 67.85 72.30 87.15 103.48 105.49 106.38 98.59 92.93 86.70 77.45 78.30 68.47 72.86 73.43 68.20 66.49 62.14 62.14 55.06 63.64 64.23 69.47 59.75 65.32 73.18 81.65 76.04 76.92 82.10 80.47 82.71 74.30 77.23
-9999 -9999 -9999 -9999 -9999 -9999 -9999 -9999 -9999 -9999 -9999 -9999 -9999 -9999 -9999 -9999 -9999 -9999 -9999 -9999 73.16 85.95 89.50 82.44 85.17 90.06 91.36 -9999 -9999 -9999 -9999 84.31 109.23 109.06 91.25 100.95 95.93 116.46 80.29 90.41 75.02 64.35 70.50 73.56 78.60 82.55 91.22 101.05 114.01 110.57 92.07 78.84 79.05 77.26 69.68 63.03 67.02 62.53 64.33 64.29 59.05 64.55 62.20 63.86 64.58 64.42 66.12 65.57 68.44 75.16 72.15 78.24 76.02 73.15 77.99 71.37 74.88
-9999 -9999 -9999 -9999 -9999 -9999 -9999 -9999 -9999 -9999 -9999 -9999 -9999 -9999 -9999 -9999 -9999 -9999 -9999 -9999 -9999 78.37 81.58 72.12 79.90 85.27 83.56 -9999 -9999 -9999 94.99 93.98 97.70 115.67 110.45 115.95 103.97 100.16 89.52 95.28 79.75 66.58 75.02 76.68 78.55 89.23 90.84 93.21 96.14 89.76 87.11 80.38 68.74 71.03 73.17 66.56 63.87 65.90 68.04 68.70 69.86 63.71 70.78 68.62 57.69 57.79 58.47 59.38 63.81 64.74 73.18 74.24 76.34 75.27 85.04 75.68 75.64
-9999 -9999 -9999 -9999 -9999 -9999 -9999 -9999 -9999 -9999 -9999 -9999 -9999 -9999 -9999 -9999 -9999 -9999 -9999 -9999 -9999 -9999 -9999 -9999 -9999 -9999 -9999 -9999 -9999 116.11 115.28 102.73 84.64 100.51 108.84 115.86 124.13 112.31 95.69 95.05 74.90 73.08 70.90 67.09 71.45 83.97 86.61 94.34 96.93 94.77 101.90 91.06 83.57 80.32 79.10 57.15 64.72 72.00 68.15 65.97 72.30 78.67 59.36 61.60 59.17 60.55 60.69 63.72 65.32 64.42 71.78 78.83 76.27 67.31 79.63 75.15 78.27
-9999 -9999 -9999 -9999 -9999 -9999 -9999 -9999 -9999 -9999 -9999 -9999 -9999 -9999 -9999 -9999 -9999 -9999 -9999 -9999 -9999 -9999 -9999 -9999 -9999 -9999 -9999 -9999 -9999 95.33 101.24 100.43 116.83 112.83 120.25 117.60 110.54 106.37 103.60 92.51 79.14 73.15 68.97 68.79 66.45 79.37 90.51 99.80 109.41 104.13 100.86 102.72 90.19 94.31 80.80 72.94 70.92 69.10 69.81 66.24 65.60 66.16 60.10 53.67 58.75 56.81 58.10 66.76 69.80 69.81 71.82 67.63 67.67 61.99 71.35 67.26 70.88
-9999 -9999 -9999 -9999 -9999 -9999 -9999 -9999 -9999 -9999 -9999 -9999 -9999 -9999 -9999 -9999 -9999 -9999 -9999 -9999 -9999 -9999 -9999 -9999 -9999 -9999 -9999 -9999 -9999 77.01 83.05 97.21 105.77 111.87 121.76 124.84 121.78 120.55 106.40 93.52 79.03 86.85 91.04 75.94 83.29 82.00 88.32 92.00 97.75 98.23 94.02 92.33 89.41 84.40 80.65 78.76 75.15 82.28 74.69 68.05 65.12 66.18 64.94 60.82 67.04 62.08 55.80 64.72 69.29 66.90 72.01 63.21 82.24 75.92 74.58 75.40 72.80
-9999 -9999 -9999 -9999 -9999 -9999 -9999 -9999 -9999 -9999 -9999 -9999 74.44 91.38 82.99 109.38 104.76 137.56 91.32 128.52 86.53 109.94 90.54 -9999 -9999 -9999 -9999 -9999 -9999 82.82 82.62 77.12 85.58 92.33 85.81 148.23 142.61 121.56 99.89 90.92 84.22 102.87 97.40 87.07 90.08 83.46 91.44 94.11 90.18 86.20 89.84 90.36 89.10 88.30 82.36 91.82 89.93 83.80 80.26 70.43 70.57 73.71 69.25 66.12 69.29 59.42 54.00 61.18 68.88 67.05 71.32 70.86 81.03 79.42 71.26 69.21 68.18
-9999 -9999 -9999 -9999 -9999 -9999 -9999 -9999 -9999 -9999 -9999 -9999 96.77 91.92 102.71 91.42 97.36 102.12 103.58 128.90 129.25 148.55 124.55 108.52 117.16 142.65 132.19 135.17 132.23 98.23 75.71 82.46 85.11 89.38 90.03 125.09 133.51 113.31 96.31 108.09 112.15 97.20 96.15 99.49 87.76 85.87 93.74 92.43 92.74 87.23 91.43 80.73 83.23 88.03 85.38 81.99 89.73 84.45 76.51 72.36 72.43 76.41 72.86 62.80 81.03 72.49 67.99 68.63 65.61 66.47 73.22 81.49 86.53 86.77 79.46 81.08 87.07
-9999 -9999 -9999 -9999 -9999 -9999 -9999 -9999 -9999 -9999 -9999 72.63 119.97 84.00 81.64 86.78 90.68 116.36 114.07 117.60 140.30 132.74 138.29 135.58 143.35 153.20 135.45 151.89 142.09 114.74 101.60 92.69 77.06 77.05 86.62 108.53 117.38 109.02 106.34 113.15 143.19 120.29 109.42 109.03 100.80 95.64 99.08 97.55 92.59 96.12 97.51 99.59 94.86 79.93 85.87 91.37 90.84 87.06 88.24 94.18 94.50 84.85 81.96 60.63 69.79 72.94 66.92 66.53 69.55 78.32 83.26 93.22 79.60 86.39 97.33 101.58 108.66
-9999 -9999 -9999 -9999 -9999 -9999 -9999 -9999 -9999 -9999 -9999 -9999 75.01 73.31 63.38 65.46 81.51 93.50 95.06 104.93 140.09 110.40 106.43 151.28 120.52 132.55 128.50 128.97 126.96 101.58 102.46 84.09 91.28 92.26 89.10 97.44 114.53 114.94 109.06 111.95 125.72 141.89 112.72 108.12 103.65 99.65 106.65 103.33 103.05 100.53 118.25 109.23 84.78 82.88 93.14 102.40 113.24 111.20 95.39 94.48 97.88 87.63 85.86 74.76 75.91 69.12 71.75 80.99 83.08 91.05 89.85 94.38 85.51 89.21 97.43 104.25 108.65
-9999 -9999 -9999 -9999 -9999 -9999 -9999 -9999 78.68 -9999 -9999 60.08 59.55 51.77 60.92 66.83 75.97 72.26 80.92 95.08 104.74 119.27 108.11 123.72 100.99 126.04 119.65 111.88 131.26 112.75 85.65 102.30 103.99 95.46 108.13 96.41 122.19 122.55 125.65 123.04 106.51 111.82 117.38 123.05 109.88 105.43 103.14 106.95 106.68 105.42 127.04 126.61 115.61 114.13 108.41 111.19 112.36 124.70 105.52 99.82 95.90 85.62 89.61 89.98 79.56 73.43 76.68 78.67 78.32 75.73 77.18 70.83 72.73 86.84 90.22 96.90 108.52
-9999 -9999 -9999 -9999 -9999 -9999 -9999 77.24 71.50 80.77 71.56 64.02 77.41 76.22 77.29 70.05 71.08 55.34 84.13 86.49 97.30 90.34 97.96 118.73 99.88 109.50 115.75 107.98 124.55 128.46 114.44 106.16 102.30 106.37 100.15 108.88 105.22 109.37 122.87 121.02 96.10 109.72 114.75 129.85 121.69 110.34 103.85 118.46 113.81 117.79 126.65 118.85 125.08 108.67 110.86 102.52 116.25 118.33 102.69 102.66 116.72 109.64 103.96 103.48 94.65 82.14 79.16 76.76 79.79 80.12 75.48 70.90 77.37 69.20 84.59 102.95 104.65
-9999 -9999 -9999 -9999 -9999 -9999 -9999 71.87 72.01 73.33 75.70 68.97 82.80 76.22 84.31 84.40 66.97 86.64 91.31 74.29 94.52 88.22 87.84 100.30 100.67 121.13 131.67 129.09 122.10 133.82 115.71 109.62 106.40 108.54 102.63 119.86 95.69 104.50 106.93 105.39 103.78 121.38 102.71 111.90 116.05 102.53 100.64 121.66 118.32 110.88 102.19 108.18 105.35 96.81 96.17 94.03 105.03 115.76 104.24 124.39 116.37 120.98 103.69 113.42 102.57 96.74 80.64 79.70 86.62 85.74 74.89 74.76 73.22 65.72 76.17 87.06 86.93
-9999 -9999 -9999 -9999 -9999 -9999 -9999 77.36 84.49 77.50 81.89 75.79 89.64 78.44 82.13 90.17 81.26 79.73 90.12 79.81 91.67 72.68 79.42 88.16 99.12 138.97 131.57 109.72 138.03 132.23 121.79 115.05 109.35 110.17 101.02 105.07 99.05 85.42 104.93 106.21 103.48 93.69 96.57 87.84 98.06 98.95 97.23 108.37 114.10 105.24 115.59 108.46 83.32 92.13 88.96 74.71 91.22 99.75 105.11 119.65 119.24 143.27 145.91 110.74 122.12 100.69 68.98 72.78 100.20 93.09 89.78 72.85 69.78 75.04 78.41 81.34 79.06
-9999 -9999 -9999 -9999 -9999 -9999 -9999 65.11 80.26 71.67 74.16 75.45 83.73 77.96 74.89 92.43 92.61 90.01 95.64 90.56 88.26 82.70 87.21 61.66 89.67 109.42 121.20 157.12 154.25 129.69 145.65 121.63 115.04 101.42 106.70 91.67 90.50 101.07 102.42 109.65 105.60 95.35 92.53 88.21 94.55 91.42 93.03 102.24 107.87 106.71 96.76 91.18 84.90 87.13 86.73 86.00 79.62 80.19 86.23 95.96 101.65 104.75 97.07 82.85 102.25 84.53 69.12 68.76 76.35 78.08 87.65 75.60 74.69 89.51 89.79 79.59 77.41
-9999 -9999 -9999 -9999 -9999 -9999 -9999 64.20 75.22 81.01 77.45 78.13 89.15 83.80 85.16 94.26 102.42 90.27 95.64 90.31 89.37 88.12 85.11 86.53 88.31 93.79 101.09 118.66 125.49 116.62 136.94 101.85 100.09 104.25 99.34 98.20 107.94 101.54 87.59 96.09 96.07 86.63 90.27 90.81 86.65 84.34 90.72 99.85 98.16 99.74 82.55 83.59 82.95 78.09 77.29 78.96 78.11 82.21 85.79 89.46 104.23 97.32 97.07 81.72 84.89 73.47 60.63 -9999 -9999 64.50 72.94 77.92 85.31 99.63 105.62 85.94 -9999
-9999 -9999 -9999 -9999 -9999 -9999 61.56 61.19 80.08 81.09 82.48 79.42 89.40 88.55 104.02 100.26 125.99 100.10 93.04 87.50 86.13 92.05 94.10 81.62 99.56 105.64 105.44 119.25 103.61 107.82 118.35 101.04 98.84 94.77 95.91 102.56 102.13 96.91 85.37 79.40 79.23 86.14 82.02 87.09 82.46 81.99 83.55 92.77 88.08 90.37 82.32 79.43 76.54 -9999 -9999 75.91 78.40 82.89 85.43 89.28 96.53 95.13 -9999 -9999 -9999 -9999 -9999 -9999 -9999 -9999 -9999 -9999 85.31 93.43 100.45 88.22 -9999
-9999 -9999 -9999 -9999 -9999 68.86 63.76 67.18 83.77 77.12 65.63 83.34 96.06 103.82 114.50 133.88 146.12 113.12 107.15 115.91 102.81 124.59 128.46 109.04 103.68 121.16 107.55 113.55 86.98 95.68 86.55 95.55 98.42 96.43 98.75 103.48 90.13 90.16 95.12 76.56 72.29 73.28 82.86 85.23 82.19 76.46 77.28 79.67 77.08 82.76 -9999 76.57 81.03 77.13 68.58 70.94 -9999 -9999 -9999 -9999 87.62 -9999 -9999 -9999 -9999 -9999 -9999 -9999 -9999 -9999 -9999 -9999 -9999 -9999 -9999 -9999 -9999
-9999 -9999 -9999 -9999 77.84 75.36 87.57 89.33 87.02 90.68 70.84 82.09 91.98 116.73 141.67 167.61 160.44 136.63 171.21 135.01 153.35 149.84 148.47 136.34 108.57 93.33 97.20 85.78 -9999 -9999 -9999 -9999 -9999 92.34 98.44 107.03 101.43 105.47 98.92 74.13 78.64 66.67 66.72 75.88 -9999 -9999 -9999 -9999 -9999 81.00 80.84 72.35 92.14 82.85 84.21 74.26 -9999 -9999 -9999 -9999 -9999 -9999 -9999 -9999 -9999 -9999 -9999 -9999 -9999 -9999 -9999 -9999 -9999 -9999 -9999 -9999 -9999
-9999 -9999 -9999 83.47 91.54 105.60 110.09 119.30 124.28 99.70 94.94 103.91 98.54 113.05 142.57 165.56 181.01 173.36 167.12 169.28 164.24 173.41 139.59 119.80 98.22 -9999 -9999 -9999 -9999 -9999 -9999 -9999 -9999 -9999 81.55 92.95 88.00 107.86 104.76 91.74 81.24 83.02 80.52 75.72 -9999 -9999 -9999 -9999 -9999 -9999 -9999 78.76 88.89 66.84 76.93 -9999 -9999 -9999 -9999 -9999 -9999 -9999 -9999 -9999 -9999 -9999 -9999 -9999 -9999 -9999 -9999 -9999 -9999 -9999 -9999 -9999 -9999
84.56 81.56 74.16 83.56 113.83 127.19 133.36 136.54 134.11 125.59 145.36 125.99 119.04 117.86 139.64 152.44 166.82 165.58 190.90 149.92 175.06 225.22 172.16 -9999 -9999 -9999 -9999 -9999 -9999 -9999 -9999 -9999 -9999 -9999 -9999 -9999 87.49 -9999 -9999 -9999 -9999 75.08 80.20 77.88 -9999 -9999 -9999 -9999 -9999 -9999 -9999 -9999 73.75 77.82 63.58 -9999 -9999 -9999 -9999 -9999 -9999 -9999 -9999 -9999 -9999 -9999 -9999 -9999 -9999 -9999 -9999 -9999 -9999 -9999 -9999 -9999 -9999
102.90 111.44 107.49 101.97 111.59 132.37 153.75 175.73 157.62 142.76 145.52 118.20 118.02 117.45 138.71 169.83 167.28 166.96 197.91 142.77 177.62 190.91 -9999 -9999 -9999 -9999 -9999 -9999 -9999 -9999 -9999 -9999 -9999 -9999 -9999 -9999 97.63 -9999 -9999 -9999 -9999 -9999 -9999 -9999 -9999 -9999 -9999 -9999 -9999 -9999 -9999 -9999 -9999 -9999 -9999 -9999 -9999 -9999 -9999 -9999 -9999 -9999 -9999 -9999 -9999 -9999 -9999 -9999 -9999 -9999 -9999 -9999 -9999 -9999 -9999 -9999 -9999
122.49 138.05 132.85 114.96 127.34 131.95 149.15 182.55 175.64 137.63 126.65 111.49 103.34 117.62 132.76 162.92 185.17 154.43 157.34 147.83 154.16 162.87 -9999 -9999 -9999 -9999 -9999 -9999 -9999 -9999 -9999 -9999 -9999 -9999 -9999 -9999 -9999 -9999 -9999 -9999 -9999 -9999 -9999 -9999 -9999 -9999 -9999 -9999 -9999 -9999 -9999 -9999 -9999 -9999 -9999 -9999 -9999 -9999 -9999 -9999 -9999 -9999 -9999 -9999 -9999 -9999 -9999 -9999 -9999 -9999 -9999 -9999 -9999 -9999 -9999 -9999 -9999
114.40 104.21 138.87 131.63 126.52 127.08 137.90 147.96 147.58 128.06 117.81 97.60 91.66 101.16 120.43 124.69 122.98 144.46 140.14 139.51 153.01 126.11 -9999 -9999 -9999 -9999 -9999 -9999 -9999 -9999 -9999 -9999 -9999 -9999 -9999 -9999 -9999 -9999 -9999 -9999 -9999 -9999 -9999 -9999 -9999 -9999 -9999 -9999 -9999 -9999 -9999 -9999 -9999 -9999 -9999 -9999 -9999 -9999 -9999 -9999 -9999 -9999 -9999 -9999 -9999 -9999 -9999 -9999 -9999 -9999 -9999 -9999 -9999 -9999 -9999 -9999 -9999
