Rainfall_2007-2011/Rainfall_2010-02_ACTUAL.txt
ncols         180
nrows         290
xllcorner     -200000
yllcorner     -200000
cellsize      5000
NODATA_value  -9999
[rows 136 to 169 of 290, columns 77 to 153 of 180]
-9999 -9999 60.65 62.86 64.92 78.84 76.45 75.60 64.24 58.02 52.80 55.02 69.85 98.46 84.93 70.04 51.49 47.21 46.13 46.94 46.89 51.78 48.25 49.86 37.67 34.25 33.40 32.34 30.60 25.45 26.29 28.14 30.46 34.44 35.95 41.33 47.06 46.54 48.13 52.64 38.97 42.08 71.25 69.17 76.07 74.34 83.98 94.69 89.88 81.97 82.51 -9999 -9999 -9999 -9999 -9999 -9999 -9999 -9999 -9999 -9999 -9999 -9999 -9999 -9999 -9999 -9999 -9999 -9999 -9999 -9999 -9999 -9999 -9999 -9999 -9999 -9999
-9999 -9999 61.85 63.78 58.47 68.04 63.20 61.44 55.87 57.37 50.81 47.73 60.01 76.86 73.37 69.05 54.25 49.00 42.00 47.66 50.80 62.21 52.86 -9999 -9999 -9999 29.54 31.49 -9999 26.80 29.67 30.76 34.10 30.76 40.10 53.48 47.33 41.01 51.01 51.51 53.98 55.43 53.22 47.83 67.77 66.86 91.33 76.81 78.40 73.56 74.76 -9999 -9999 -9999 -9999 -9999 -9999 -9999 -9999 -9999 -9999 -9999 -9999 -9999 -9999 -9999 -9999 -9999 -9999 -9999 -9999 -9999 -9999 -9999 -9999 -9999 -9999
-9999 -9999 56.86 66.64 55.71 58.76 61.14 56.89 53.34 54.86 55.50 57.87 58.84 73.74 63.58 66.84 56.00 46.87 50.15 44.13 48.18 47.04 46.81 -9999 -9999 -9999 30.51 30.28 30.85 28.46 29.21 30.27 33.04 41.54 55.45 65.67 53.58 52.65 52.49 38.45 61.53 57.92 63.20 60.92 79.20 67.88 78.22 87.66 86.37 68.77 74.46 -9999 -9999 -9999 -9999 -9999 -9999 -9999 -9999 -9999 -9999 -9999 -9999 -9999 -9999 -9999 -9999 -9999 -9999 -9999 -9999 -9999 -9999 -9999 -9999 -9999 -9999
-9999 -9999 -9999 58.12 56.07 52.50 -9999 54.86 50.92 53.01 54.95 53.95 -9999 56.77 55.28 64.32 48.80 45.79 41.91 41.22 40.12 -9999 -9999 -9999 -9999 32.70 29.10 29.72 28.34 33.41 25.72 27.60 35.21 47.43 67.32 76.71 59.89 75.61 73.29 71.84 68.55 74.80 81.22 79.53 79.20 82.54 86.92 74.30 75.63 83.83 83.99 68.57 -9999 -9999 -9999 -9999 -9999 -9999 -9999 -9999 -9999 -9999 -9999 -9999 -9999 -9999 -9999 -9999 -9999 -9999 -9999 -9999 -9999 -9999 -9999 -9999 -9999
-9999 -9999 -9999 -9999 55.44 -9999 -9999 -9999 47.14 49.26 50.83 52.30 45.06 -9999 -9999 50.53 37.97 48.75 45.99 -9999 -9999 -9999 -9999 -9999 34.38 33.41 29.67 31.04 31.25 35.21 26.30 26.86 34.63 43.27 52.99 63.22 72.78 73.59 91.03 87.61 106.52 94.52 85.97 84.99 86.38 70.71 63.36 77.27 68.12 78.63 83.44 78.52 -9999 -9999 -9999 -9999 -9999 -9999 -9999 -9999 -9999 -9999 -9999 -9999 -9999 -9999 -9999 -9999 -9999 -9999 -9999 -9999 -9999 -9999 -9999 -9999 -9999
-9999 -9999 -9999 -9999 52.85 49.13 -9999 -9999 -9999 43.75 49.18 49.35 48.90 -9999 -9999 -9999 -9999 43.38 -9999 -9999 -9999 -9999 -9999 -9999 30.55 32.35 36.71 37.69 38.31 37.67 28.65 26.94 29.21 37.95 43.75 54.66 72.03 71.10 104.13 81.80 88.08 72.64 82.00 95.20 76.70 56.62 74.83 77.36 65.16 68.27 77.80 64.81 -9999 -9999 -9999 -9999 -9999 -9999 -9999 -9999 -9999 -9999 -9999 -9999 -9999 -9999 -9999 -9999 -9999 -9999 -9999 -9999 -9999 -9999 -9999 -9999 -9999
-9999 -9999 -9999 -9999 -9999 53.54 -9999 -9999 -9999 -9999 43.90 43.18 44.23 -9999 -9999 -9999 -9999 -9999 -9999 -9999 -9999 -9999 -9999 34.09 37.50 40.71 45.67 47.25 49.81 56.39 50.62 31.90 32.59 30.04 35.02 49.62 76.88 91.83 98.52 69.43 59.07 73.27 70.42 64.18 56.22 64.78 75.89 66.44 66.85 68.02 81.42 78.33 66.26 -9999 -9999 -9999 -9999 -9999 -9999 -9999 -9999 -9999 -9999 -9999 -9999 -9999 -9999 -9999 -9999 -9999 -9999 -9999 -9999 -9999 -9999 -9999 -9999
-9999 -9999 -9999 -9999 -9999 57.22 -9999 -9999 -9999 -9999 -9999 -9999 -9999 -9999 -9999 -9999 -9999 -9999 -9999 -9999 -9999 -9999 -9999 34.81 30.22 38.51 45.56 36.52 65.95 80.25 64.22 46.04 36.81 34.33 20.82 24.50 51.71 84.51 79.33 56.17 69.68 90.38 68.42 67.86 66.74 52.33 63.34 64.43 75.02 68.15 76.89 74.47 71.19 64.63 -9999 -9999 -9999 -9999 -9999 -9999 -9999 -9999 -9999 -9999 -9999 -9999 -9999 -9999 -9999 -9999 -9999 -9999 -9999 -9999 -9999 -9999 -9999
-9999 -9999 -9999 -9999 -9999 -9999 -9999 -9999 -9999 -9999 -9999 -9999 -9999 -9999 -9999 -9999 -9999 -9999 -9999 -9999 -9999 -9999 31.77 35.93 40.78 39.99 48.71 44.26 76.14 85.11 72.82 51.12 43.25 31.93 26.70 21.27 34.58 66.46 68.52 63.62 59.32 65.24 72.01 68.25 62.79 64.69 63.82 59.75 62.16 72.47 71.91 67.78 62.32 58.55 -9999 -9999 -9999 -9999 -9999 -9999 -9999 -9999 -9999 -9999 -9999 -9999 -9999 -9999 -9999 -9999 -9999 -9999 -9999 -9999 -9999 -9999 -9999
-9999 -9999 -9999 -9999 -9999 -9999 -9999 -9999 -9999 -9999 -9999 -9999 -9999 -9999 -9999 -9999 -9999 -9999 -9999 -9999 -9999 -9999 36.67 37.42 40.04 40.93 60.20 53.69 53.51 74.72 65.20 60.39 50.04 33.75 32.72 27.28 27.09 34.22 62.22 63.78 69.11 64.19 65.09 59.19 50.99 58.28 48.39 57.88 52.90 52.51 59.34 60.31 56.66 53.48 57.65 60.55 53.48 -9999 -9999 -9999 -9999 -9999 -9999 -9999 -9999 -9999 -9999 -9999 -9999 -9999 -9999 -9999 -9999 -9999 -9999 -9999 -9999
-9999 -9999 -9999 -9999 -9999 -9999 -9999 -9999 -9999 -9999 -9999 -9999 -9999 -9999 -9999 -9999 -9999 -9999 -9999 -9999 -9999 -9999 38.16 42.77 43.30 48.86 63.39 72.89 82.75 101.86 78.06 69.44 67.99 48.09 38.85 36.41 21.71 22.86 44.29 43.60 61.15 67.08 58.93 48.94 53.24 52.64 50.41 51.06 54.06 49.00 49.40 55.20 56.05 66.40 81.73 76.84 85.73 79.66 66.82 -9999 -9999 -9999 -9999 -9999 -9999 -9999 -9999 -9999 -9999 -9999 -9999 -9999 -9999 -9999 -9999 -9999 -9999
-9999 -9999 -9999 -9999 -9999 -9999 -9999 -9999 -9999 -9999 -9999 -9999 -9999 -9999 -9999 -9999 -9999 -9999 -9999 -9999 -9999 -9999 44.02 52.37 57.36 78.28 98.34 111.83 90.25 88.55 96.37 90.63 73.75 60.95 47.34 40.32 28.65 31.64 38.04 45.75 63.84 66.22 56.77 59.33 59.86 45.75 63.05 55.28 54.59 51.15 40.23 51.01 57.60 66.59 83.47 111.48 115.44 108.06 102.51 110.32 92.58 -9999 -9999 -9999 -9999 -9999 -9999 -9999 -9999 -9999 -9999 -9999 -9999 -9999 -9999 -9999 -9999
-9999 -9999 -9999 -9999 -9999 -9999 -9999 -9999 -9999 -9999 -9999 -9999 -9999 -9999 -9999 -9999 -9999 -9999 -9999 -9999 -9999 -9999 43.47 46.39 67.66 83.72 91.58 140.54 163.69 84.89 84.45 76.40 84.33 71.59 54.19 37.31 37.82 34.56 33.20 66.02 64.27 66.76 70.13 75.05 70.51 45.51 55.67 56.92 62.67 61.27 55.64 57.98 56.42 73.01 96.82 109.27 77.07 106.85 105.17 119.35 95.17 113.66 -9999 -9999 -9999 -9999 -9999 -9999 -9999 -9999 -9999 -9999 -9999 -9999 -9999 -9999 -9999
-9999 -9999 -9999 -9999 -9999 -9999 -9999 -9999 -9999 -9999 68.98 57.10 46.37 -9999 -9999 -9999 -9999 -9999 -9999 -9999 -9999 -9999 -9999 35.92 47.24 64.62 79.31 100.76 100.83 82.45 62.16 63.86 69.17 58.88 53.90 43.05 48.33 47.53 55.49 64.24 56.66 68.16 71.86 65.40 63.54 69.46 65.07 58.63 65.91 60.39 51.93 55.04 59.26 92.71 91.57 120.98 122.84 130.31 129.19 96.42 118.47 121.05 97.28 -9999 -9999 -9999 -9999 -9999 -9999 -9999 -9999 -9999 -9999 -9999 -9999 -9999 -9999
-9999 -9999 -9999 -9999 -9999 -9999 -9999 -9999 -9999 -9999 70.13 83.59 -9999 -9999 -9999 -9999 -9999 -9999 -9999 -9999 -9999 -9999 -9999 -9999 44.69 57.12 82.83 78.60 106.20 85.68 76.00 57.49 51.62 38.47 49.53 47.20 65.88 55.32 57.47 76.12 62.39 41.50 61.35 70.88 53.64 73.39 62.91 56.60 60.51 60.18 44.69 62.96 83.48 97.90 106.08 102.68 97.92 110.98 116.34 104.28 112.52 116.57 124.34 -9999 -9999 -9999 -9999 -9999 -9999 -9999 -9999 -9999 -9999 -9999 -9999 -9999 -9999
-9999 -9999 -9999 -9999 -9999 -9999 -9999 -9999 -9999 77.09 91.49 106.28 95.22 -9999 -9999 -9999 -9999 -9999 -9999 -9999 -9999 -9999 -9999 -9999 35.03 53.49 70.44 78.67 77.60 74.08 70.37 56.62 49.38 44.83 44.22 37.73 44.14 71.65 89.22 81.28 59.35 51.39 58.39 60.67 70.52 63.61 53.88 58.19 65.38 71.07 57.00 72.87 86.37 80.63 101.32 113.04 106.88 105.65 91.59 89.71 117.73 110.27 123.49 86.38 -9999 -9999 -9999 -9999 -9999 -9999 -9999 -9999 -9999 -9999 -9999 -9999 -9999
-9999 -9999 -9999 -9999 -9999 -9999 -9999 -9999 76.63 105.80 116.16 139.16 95.39 -9999 -9999 -9999 -9999 -9999 -9999 -9999 -9999 -9999 -9999 -9999 42.11 62.55 75.57 60.91 70.68 59.45 69.33 72.03 50.25 47.94 46.19 40.48 58.39 69.97 110.99 59.47 70.13 44.32 51.53 55.03 68.46 58.91 54.23 56.49 57.95 59.55 66.42 63.94 75.32 78.97 87.82 87.23 80.37 70.92 70.29 81.36 107.52 107.02 109.26 85.54 -9999 -9999 -9999 -9999 -9999 -9999 -9999 -9999 -9999 -9999 -9999 -9999 -9999
-9999 -9999 -9999 -9999 -9999 -9999 -9999 61.92 72.75 116.41 100.85 81.74 -9999 -9999 -9999 -9999 -9999 -9999 -9999 -9999 -9999 -9999 -9999 -9999 -9999 56.33 61.58 57.65 72.73 59.53 60.46 50.25 47.16 46.29 47.49 42.53 57.12 62.78 71.25 62.03 77.83 66.46 80.68 93.34 82.45 82.61 75.96 59.06 57.31 75.86 55.54 59.40 59.09 70.37 79.51 70.59 57.29 49.48 42.74 54.20 65.37 70.10 90.95 95.90 75.33 65.16 -9999 -9999 -9999 -9999 -9999 -9999 -9999 -9999 -9999 -9999 -9999
-9999 -9999 -9999 -9999 -9999 -9999 -9999 75.03 100.49 89.52 72.12 69.03 -9999 -9999 -9999 -9999 -9999 -9999 -9999 -9999 -9999 -9999 -9999 -9999 -9999 -9999 56.79 50.25 52.15 51.71 54.15 46.21 43.11 45.15 54.69 46.48 64.82 40.18 62.22 64.03 73.43 73.44 81.36 78.31 44.67 88.96 80.76 69.50 63.07 65.38 51.74 52.04 60.75 63.88 63.98 61.89 59.37 48.82 51.13 55.09 64.78 69.16 85.07 103.32 89.66 76.67 -9999 -9999 -9999 -9999 -9999 -9999 -9999 -9999 -9999 -9999 -9999
-9999 -9999 -9999 -9999 -9999 -9999 -9999 74.69 83.36 88.65 73.68 -9999 -9999 -9999 -9999 -9999 -9999 -9999 -9999 -9999 -9999 -9999 -9999 -9999 -9999 -9999 51.94 55.65 52.87 -9999 48.26 -9999 43.83 49.79 53.76 50.80 57.36 79.08 48.11 64.13 85.79 59.95 56.40 84.48 83.74 80.18 75.58 72.32 70.45 81.86 55.46 52.56 57.36 62.22 65.78 68.10 58.77 59.70 56.74 54.39 64.11 77.42 85.49 89.66 84.89 82.99 81.49 73.68 -9999 -9999 -9999 -9999 -9999 -9999 -9999 -9999 -9999
-9999 -9999 -9999 -9999 -9999 -9999 67.80 75.20 81.91 -9999 -9999 -9999 -9999 -9999 -9999 -9999 -9999 -9999 -9999 -9999 -9999 -9999 -9999 -9999 -9999 -9999 48.54 52.22 50.19 -9999 -9999 -9999 43.80 61.75 50.94 50.95 54.35 53.80 50.15 44.10 73.08 76.59 62.08 76.10 77.41 79.45 85.91 72.95 71.55 72.01 55.56 54.32 54.15 56.33 62.58 66.26 63.45 71.96 55.33 60.76 62.44 82.91 94.35 101.16 91.88 76.33 74.14 66.23 -9999 -9999 -9999 -9999 -9999 -9999 -9999 -9999 -9999
-9999 -9999 -9999 -9999 -9999 -9999 -9999 -9999 -9999 -9999 -9999 -9999 -9999 -9999 -9999 -9999 -9999 -9999 -9999 -9999 -9999 -9999 -9999 -9999 -9999 -9999 -9999 -9999 -9999 -9999 -9999 41.43 48.66 69.01 79.73 83.95 79.54 75.85 47.79 55.07 70.78 65.24 71.38 79.81 69.75 78.42 78.76 72.01 62.70 58.49 58.39 58.50 59.82 59.17 60.83 66.27 69.56 66.27 66.46 79.98 75.59 89.62 88.25 94.10 80.89 73.53 69.86 -9999 -9999 -9999 -9999 -9999 -9999 -9999 -9999 -9999 -9999
-9999 -9999 -9999 -9999 -9999 -9999 -9999 -9999 -9999 -9999 -9999 -9999 -9999 -9999 -9999 -9999 -9999 -9999 -9999 -9999 -9999 -9999 -9999 -9999 -9999 -9999 -9999 -9999 -9999 -9999 -9999 46.08 55.57 71.07 101.56 108.09 111.49 87.86 64.30 52.70 59.92 53.69 64.78 75.67 74.12 76.51 75.15 75.49 63.77 63.37 64.48 55.87 56.39 57.33 59.39 60.99 65.81 68.18 70.28 94.88 91.08 76.68 78.93 70.74 71.43 66.74 67.73 -9999 -9999 -9999 -9999 -9999 -9999 -9999 -9999 -9999 -9999
-9999 -9999 -9999 -9999 -9999 -9999 -9999 -9999 -9999 -9999 -9999 -9999 -9999 -9999 -9999 -9999 -9999 -9999 -9999 -9999 -9999 -9999 -9999 -9999 -9999 -9999 -9999 -9999 -9999 -9999 -9999 44.67 49.69 63.98 85.45 108.44 99.58 69.27 57.80 53.25 56.56 47.40 51.40 56.62 50.62 78.20 71.77 74.24 60.01 57.58 55.62 54.32 57.09 57.61 61.84 54.18 58.92 65.84 71.92 90.48 91.24 81.83 77.94 97.27 69.18 68.31 62.60 -9999 -9999 -9999 -9999 -9999 -9999 -9999 -9999 -9999 -9999
-9999 -9999 -9999 -9999 -9999 -9999 -9999 -9999 -9999 -9999 -9999 -9999 -9999 -9999 -9999 -9999 -9999 -9999 -9999 -9999 -9999 -9999 -9999 -9999 -9999 -9999 -9999 -9999 -9999 43.34 48.11 46.05 48.51 65.70 84.72 107.27 84.19 78.69 55.49 52.47 49.90 47.65 55.52 52.67 63.46 65.33 60.68 57.18 53.89 46.10 52.10 52.37 54.31 56.24 54.60 53.27 56.92 59.33 69.30 79.16 86.19 80.32 79.25 72.67 71.17 75.12 68.35 68.25 -9999 -9999 -9999 -9999 -9999 -9999 -9999 -9999 -9999
-9999 -9999 -9999 -9999 -9999 -9999 -9999 -9999 -9999 -9999 -9999 -9999 -9999 -9999 -9999 -9999 -9999 -9999 -9999 -9999 -9999 -9999 -9999 -9999 -9999 -9999 -9999 -9999 -9999 50.57 54.77 49.01 52.82 60.04 78.77 67.49 68.27 59.95 55.04 81.75 66.59 63.17 62.91 67.83 56.76 73.05 59.58 63.62 56.26 52.44 51.41 57.56 55.72 54.56 55.76 55.30 55.54 57.21 66.62 70.64 71.17 78.42 77.11 75.71 74.48 72.38 67.41 63.93 -9999 -9999 -9999 -9999 -9999 -9999 -9999 -9999 -9999
-9999 -9999 -9999 -9999 -9999 -9999 -9999 -9999 -9999 -9999 -9999 -9999 -9999 -9999 -9999 -9999 -9999 -9999 -9999 -9999 -9999 -9999 -9999 -9999 -9999 -9999 -9999 -9999 -9999 48.67 49.88 48.78 51.32 57.14 65.50 66.75 64.35 62.24 59.34 63.75 64.31 56.02 86.18 64.87 59.57 53.77 57.78 57.87 48.19 55.01 57.51 56.56 56.93 54.33 59.52 59.62 56.73 56.84 69.63 69.91 75.50 81.91 84.31 76.58 71.87 64.08 68.04 66.29 66.65 -9999 -9999 -9999 -9999 -9999 -9999 -9999 -9999
-9999 -9999 -9999 -9999 -9999 -9999 -9999 -9999 -9999 -9999 -9999 -9999 -9999 -9999 -9999 -9999 -9999 -9999 -9999 -9999 -9999 -9999 -9999 -9999 -9999 -9999 -9999 -9999 -9999 43.97 48.34 46.01 49.21 52.18 57.00 58.15 60.71 67.55 60.74 60.87 69.17 82.48 88.04 76.00 72.35 61.50 58.27 64.11 55.96 55.61 57.60 58.03 54.67 55.80 59.86 55.64 57.95 58.94 58.74 60.08 71.17 83.54 94.57 71.40 73.02 65.16 64.88 73.45 76.30 73.79 -9999 -9999 -9999 -9999 -9999 -9999 -9999
-9999 -9999 -9999 -9999 -9999 -9999 -9999 -9999 -9999 -9999 -9999 -9999 -9999 -9999 -9999 -9999 -9999 -9999 -9999 -9999 -9999 -9999 -9999 -9999 -9999 -9999 -9999 -9999 -9999 47.16 49.02 46.46 50.75 54.90 57.50 60.83 63.81 74.77 83.54 80.95 85.29 93.75 81.57 81.57 64.64 62.67 55.09 60.57 63.49 59.12 56.83 52.40 53.26 56.15 57.35 56.66 60.61 62.17 63.82 63.14 66.97 75.10 82.50 73.16 77.40 67.66 64.57 66.53 66.36 78.51 -9999 -9999 -9999 -9999 -9999 -9999 -9999
-9999 -9999 -9999 -9999 -9999 -9999 -9999 -9999 -9999 -9999 -9999 -9999 -9999 -9999 -9999 -9999 -9999 -9999 -9999 -9999 -9999 -9999 -9999 -9999 -9999 -9999 -9999 -9999 -9999 -9999 60.03 57.72 52.98 54.29 58.62 75.86 78.82 86.25 92.08 75.89 89.95 78.21 77.19 80.83 63.38 56.86 51.87 39.11 69.42 53.40 50.25 57.82 55.55 58.58 58.62 56.68 53.48 62.04 64.32 60.14 52.28 69.67 72.50 67.70 59.85 61.26 -9999 64.66 66.78 73.09 73.19 -9999 -9999 -9999 -9999 -9999 -9999
-9999 -9999 -9999 -9999 -9999 -9999 -9999 -9999 -9999 -9999 -9999 -9999 -9999 -9999 -9999 -9999 -9999 -9999 -9999 -9999 -9999 -9999 -9999 -9999 -9999 -9999 -9999 -9999 -9999 45.97 58.64 64.07 57.15 59.11 66.19 86.53 100.08 98.54 98.98 77.53 82.44 81.75 75.48 88.91 84.19 69.79 57.41 59.78 58.87 49.18 59.84 69.54 57.17 59.68 58.80 59.43 59.63 60.61 61.37 58.76 70.54 62.25 65.51 77.45 65.13 63.29 63.97 -9999 66.08 69.11 66.50 69.39 -9999 -9999 -9999 -9999 -9999
-9999 -9999 -9999 -9999 -9999 -9999 -9999 -9999 -9999 -9999 -9999 -9999 -9999 -9999 -9999 -9999 -9999 -9999 -9999 -9999 -9999 -9999 -9999 -9999 -9999 -9999 -9999 -9999 -9999 45.81 59.02 60.76 53.96 64.09 72.40 66.90 88.89 70.58 76.31 67.59 65.54 68.27 68.82 86.90 78.05 68.22 68.27 66.25 62.86 68.21 69.75 71.59 69.40 62.33 61.28 61.70 62.07 62.63 58.74 57.84 56.65 53.12 63.36 50.48 64.56 71.00 68.72 66.96 -9999 -9999 -9999 -9999 -9999 -9999 -9999 -9999 -9999
-9999 -9999 -9999 -9999 -9999 -9999 -9999 -9999 -9999 -9999 -9999 -9999 -9999 -9999 -9999 -9999 -9999 -9999 -9999 -9999 -9999 -9999 -9999 -9999 -9999 -9999 -9999 -9999 47.84 52.41 53.78 57.51 55.64 52.92 70.31 69.92 67.25 69.86 59.94 62.73 61.00 64.89 89.22 151.64 137.52 86.44 89.97 79.50 77.09 62.37 63.60 57.73 66.05 61.31 66.00 62.44 54.66 61.40 65.55 69.08 63.22 57.18 62.66 64.00 69.62 74.89 75.95 73.55 71.22 71.19 -9999 -9999 -9999 -9999 -9999 -9999 -9999
-9999 -9999 -9999 -9999 -9999 -9999 -9999 -9999 -9999 -9999 -9999 -9999 -9999 -9999 -9999 -9999 -9999 -9999 -9999 -9999 -9999 -9999 -9999 -9999 -9999 -9999 -9999 -9999 -9999 50.31 61.37 63.60 55.56 58.51 58.89 64.12 58.81 61.73 61.22 58.72 60.39 64.93 75.78 107.79 115.70 107.79 94.48 82.39 79.13 64.93 69.74 53.96 49.75 59.67 62.99 64.44 62.92 59.08 64.88 68.34 77.10 68.01 59.33 61.54 79.56 77.48 77.13 79.23 70.31 68.88 73.00 75.10 -9999 -9999 -9999 -9999 -9999
