Rainfall_2007-2011/Rainfall_2007-03_ACTUAL.txt
ncols         180
nrows         290
xllcorner     -200000
yllcorner     -200000
cellsize      5000
NODATA_value  -9999
[rows 102 to 135 of 290, columns 76 to 151 of 180]
141.70 -9999 169.54 205.34 282.12 249.84 325.33 308.15 334.61 331.90 428.39 445.80 326.05 287.53 280.54 292.46 235.44 149.61 160.60 177.66 189.29 139.51 88.29 64.12 64.53 56.02 51.37 46.34 46.81 64.85 59.54 58.25 55.48 53.96 52.16 52.13 35.70 -9999 -9999 -9999 -9999 -9999 -9999 -9999 -9999 -9999 -9999 -9999 -9999 -9999 -9999 -9999 -9999 -9999 -9999 -9999 -9999 -9999 -9999 -9999 -9999 -9999 -9999 -9999 -9999 -9999 -9999 -9999 -9999 -9999 -9999 -9999 -9999 -9999 -9999 -9999
-9999 158.65 160.04 197.00 191.09 286.72 317.36 252.19 280.98 341.06 328.85 381.84 399.91 292.69 285.25 192.70 244.79 194.87 200.08 176.36 142.82 160.37 123.64 81.77 63.83 53.79 55.29 54.42 58.96 51.45 46.96 43.49 40.00 42.12 39.52 -9999 -9999 -9999 -9999 -9999 -9999 -9999 -9999 -9999 -9999 -9999 -9999 -9999 -9999 -9999 -9999 -9999 -9999 -9999 -9999 -9999 -9999 -9999 -9999 -9999 -9999 -9999 -9999 -9999 -9999 -9999 -9999 -9999 -9999 -9999 -9999 -9999 -9999 -9999 -9999 -9999
180.43 189.13 213.02 250.34 226.81 233.06 235.17 196.10 245.85 294.71 297.59 250.71 260.83 247.86 283.45 310.02 176.31 178.46 159.99 153.87 142.74 103.47 92.44 70.28 62.25 58.87 51.08 51.57 46.52 42.09 38.59 35.97 35.87 35.84 -9999 -9999 -9999 -9999 -9999 -9999 -9999 -9999 -9999 -9999 -9999 -9999 -9999 -9999 -9999 -9999 -9999 -9999 -9999 -9999 -9999 -9999 -9999 -9999 -9999 -9999 -9999 -9999 -9999 -9999 -9999 -9999 -9999 -9999 -9999 -9999 -9999 -9999 -9999 -9999 -9999 -9999
188.91 236.07 230.70 242.26 200.70 225.98 233.80 248.51 287.11 268.09 277.94 263.13 289.79 253.48 239.67 210.74 184.85 179.44 146.89 114.21 76.56 75.46 67.51 61.48 59.55 54.71 43.14 49.99 43.69 42.05 45.24 32.54 31.86 29.88 -9999 -9999 -9999 -9999 -9999 -9999 -9999 -9999 -9999 -9999 -9999 -9999 -9999 -9999 -9999 -9999 -9999 -9999 -9999 -9999 -9999 -9999 -9999 -9999 -9999 -9999 -9999 -9999 -9999 -9999 -9999 -9999 -9999 -9999 -9999 -9999 -9999 -9999 -9999 -9999 -9999 -9999
204.58 250.30 251.42 247.27 243.17 271.92 254.28 263.44 278.56 317.19 267.97 274.28 231.44 215.10 168.02 196.28 227.36 174.90 140.87 136.07 114.16 86.03 75.43 66.18 66.59 55.18 51.61 54.60 58.01 46.02 31.75 28.70 28.13 31.70 28.82 -9999 -9999 -9999 -9999 -9999 -9999 -9999 -9999 -9999 -9999 -9999 -9999 -9999 -9999 -9999 -9999 -9999 -9999 -9999 -9999 -9999 -9999 -9999 -9999 -9999 -9999 -9999 -9999 -9999 -9999 -9999 -9999 -9999 -9999 -9999 -9999 -9999 -9999 -9999 -9999 -9999
178.97 217.00 264.99 238.70 242.93 221.09 209.13 233.65 306.87 332.69 264.64 283.39 280.62 143.01 101.28 170.85 166.28 181.37 183.12 134.01 144.08 104.44 81.15 86.11 91.57 78.85 84.67 67.89 53.51 43.78 33.72 37.77 34.95 37.46 35.77 31.69 -9999 -9999 -9999 -9999 -9999 -9999 -9999 -9999 -9999 -9999 -9999 -9999 -9999 -9999 -9999 -9999 -9999 -9999 -9999 -9999 -9999 -9999 -9999 -9999 -9999 -9999 -9999 -9999 -9999 -9999 -9999 -9999 -9999 -9999 -9999 -9999 -9999 -9999 -9999 -9999
177.89 213.56 248.13 270.55 246.24 226.24 219.10 248.85 284.98 352.68 273.02 270.07 250.22 166.93 150.70 147.69 123.83 128.75 112.63 105.89 110.78 114.34 118.60 124.68 97.77 89.25 76.66 63.62 56.23 43.59 47.87 37.24 41.16 38.41 33.92 31.27 23.18 -9999 -9999 -9999 -9999 -9999 -9999 -9999 -9999 -9999 -9999 -9999 -9999 -9999 -9999 -9999 -9999 -9999 -9999 -9999 -9999 -9999 -9999 -9999 -9999 -9999 -9999 -9999 -9999 -9999 -9999 -9999 -9999 -9999 -9999 -9999 -9999 -9999 -9999 -9999
175.75 183.35 241.79 324.55 226.04 220.90 236.89 283.07 265.84 225.47 234.28 328.18 219.65 170.48 142.75 143.20 112.59 109.39 92.76 85.44 116.28 149.18 163.42 107.75 90.54 84.46 71.01 60.03 45.20 36.80 41.69 34.67 30.48 31.04 28.13 26.86 -9999 -9999 -9999 -9999 -9999 -9999 -9999 -9999 -9999 -9999 -9999 -9999 -9999 -9999 -9999 -9999 -9999 -9999 -9999 -9999 -9999 -9999 -9999 -9999 -9999 -9999 -9999 -9999 -9999 -9999 -9999 -9999 -9999 -9999 -9999 -9999 -9999 -9999 -9999 -9999
145.84 171.52 189.48 189.10 223.98 263.10 228.91 260.29 248.66 233.08 244.83 196.60 220.66 168.42 137.46 114.10 95.59 93.61 102.10 86.47 93.63 84.28 70.62 76.99 76.45 77.70 66.48 60.14 47.80 38.13 38.80 32.51 -9999 -9999 -9999 -9999 -9999 -9999 -9999 -9999 -9999 -9999 -9999 -9999 -9999 -9999 -9999 -9999 -9999 -9999 -9999 -9999 -9999 -9999 -9999 -9999 -9999 -9999 -9999 -9999 -9999 -9999 -9999 -9999 -9999 -9999 -9999 -9999 -9999 -9999 -9999 -9999 -9999 -9999 -9999 -9999
196.92 184.01 177.99 183.40 249.05 245.42 267.60 264.84 184.25 204.62 202.35 157.44 149.46 167.00 138.42 138.28 114.92 118.81 131.83 93.68 85.22 73.21 65.90 69.49 66.52 74.13 65.19 59.35 56.74 44.49 -9999 -9999 -9999 -9999 -9999 -9999 -9999 -9999 -9999 -9999 -9999 -9999 -9999 -9999 -9999 -9999 -9999 -9999 -9999 -9999 -9999 -9999 -9999 -9999 -9999 -9999 -9999 -9999 -9999 -9999 -9999 -9999 -9999 -9999 -9999 -9999 -9999 -9999 -9999 -9999 -9999 -9999 -9999 -9999 -9999 -9999
238.81 164.52 170.62 222.62 235.97 256.79 278.87 256.10 190.53 182.83 163.40 123.94 114.56 127.21 138.01 149.87 124.75 144.57 143.72 125.55 97.01 78.04 56.35 61.31 57.98 66.40 57.55 56.46 55.36 43.45 -9999 -9999 -9999 -9999 -9999 -9999 -9999 -9999 -9999 -9999 -9999 -9999 -9999 -9999 -9999 -9999 -9999 -9999 -9999 -9999 -9999 -9999 -9999 -9999 -9999 -9999 -9999 -9999 -9999 -9999 -9999 -9999 -9999 -9999 -9999 -9999 -9999 -9999 -9999 -9999 -9999 -9999 -9999 -9999 -9999 -9999
198.98 -9999 180.32 221.66 241.15 249.59 248.92 232.26 175.91 129.23 127.45 119.78 124.04 139.03 120.85 197.50 182.55 173.22 165.94 123.11 85.93 69.62 61.92 57.40 52.78 52.62 47.06 41.77 -9999 -9999 -9999 -9999 -9999 32.18 30.89 31.67 30.80 -9999 -9999 -9999 -9999 -9999 -9999 -9999 -9999 -9999 -9999 -9999 -9999 -9999 -9999 -9999 -9999 -9999 -9999 -9999 -9999 -9999 -9999 -9999 -9999 -9999 -9999 -9999 -9999 -9999 -9999 -9999 -9999 -9999 -9999 -9999 -9999 -9999 -9999 -9999
217.96 -9999 174.75 209.88 209.65 196.51 234.83 180.71 160.02 133.65 141.33 133.47 120.91 139.72 132.10 144.02 121.93 124.99 116.54 102.88 86.52 77.36 72.36 60.20 60.61 60.77 54.06 45.24 44.55 41.29 -9999 -9999 31.57 31.25 35.53 36.46 38.11 36.94 34.19 -9999 -9999 -9999 -9999 -9999 -9999 -9999 -9999 -9999 -9999 -9999 -9999 -9999 -9999 -9999 -9999 -9999 -9999 -9999 -9999 -9999 -9999 -9999 -9999 -9999 -9999 -9999 -9999 -9999 -9999 -9999 -9999 -9999 -9999 -9999 -9999 -9999
179.13 151.00 161.69 145.77 170.66 166.98 172.07 153.07 144.53 156.33 151.58 143.09 103.35 101.34 107.50 106.87 107.38 112.61 106.98 97.98 82.22 78.62 67.53 64.48 69.29 60.62 49.89 45.65 43.62 48.08 47.84 42.08 38.40 44.04 45.37 54.59 52.58 61.60 57.18 32.02 -9999 -9999 -9999 -9999 -9999 -9999 -9999 -9999 -9999 -9999 -9999 -9999 -9999 -9999 -9999 -9999 -9999 -9999 -9999 -9999 -9999 -9999 -9999 -9999 -9999 -9999 -9999 -9999 -9999 -9999 -9999 -9999 -9999 -9999 -9999 -9999
139.10 147.47 135.99 155.26 145.00 127.11 141.67 -9999 148.03 189.94 186.47 141.16 111.12 100.95 91.24 84.83 93.14 93.69 83.22 85.90 84.43 81.55 61.81 76.57 59.21 65.85 62.14 57.29 59.53 53.74 47.69 48.73 46.64 50.02 47.52 63.13 63.03 58.00 55.16 46.88 42.45 36.68 20.59 -9999 -9999 -9999 -9999 -9999 -9999 -9999 -9999 -9999 -9999 -9999 -9999 -9999 -9999 -9999 -9999 -9999 -9999 -9999 -9999 -9999 -9999 -9999 -9999 -9999 -9999 -9999 -9999 -9999 -9999 -9999 -9999 -9999
123.35 150.23 122.16 -9999 116.38 106.32 131.68 -9999 132.20 227.17 199.63 158.30 132.14 118.97 94.80 86.34 78.43 80.18 76.10 82.81 83.43 87.79 86.48 70.63 81.10 80.11 75.91 80.27 64.66 60.30 53.92 62.92 78.87 65.89 74.91 84.04 66.66 64.83 54.26 52.88 44.74 28.93 26.63 -9999 -9999 -9999 -9999 -9999 -9999 -9999 -9999 -9999 -9999 -9999 -9999 -9999 -9999 -9999 -9999 -9999 -9999 -9999 -9999 -9999 -9999 -9999 -9999 -9999 -9999 -9999 -9999 -9999 -9999 -9999 -9999 -9999
118.73 131.13 110.32 -9999 -9999 116.75 122.98 129.11 174.42 189.85 179.24 154.66 153.87 138.80 122.20 101.68 110.06 92.94 88.19 98.36 89.33 93.61 98.84 100.55 88.62 86.42 89.36 77.12 65.09 66.55 59.86 78.33 107.18 105.56 85.61 82.46 66.01 49.45 52.83 39.92 33.79 26.93 27.07 28.34 -9999 -9999 -9999 -9999 -9999 -9999 -9999 -9999 -9999 -9999 -9999 -9999 -9999 -9999 -9999 -9999 -9999 -9999 -9999 -9999 -9999 -9999 -9999 -9999 -9999 -9999 -9999 -9999 -9999 -9999 -9999 -9999
115.60 -9999 -9999 -9999 -9999 -9999 131.56 145.90 183.11 182.17 156.82 140.98 150.34 144.06 139.86 137.09 128.35 113.41 98.66 90.34 90.80 90.72 100.34 100.64 92.21 87.08 78.16 76.70 77.27 64.01 77.53 87.36 99.01 96.49 70.82 62.67 61.72 48.67 50.62 36.52 24.87 28.90 37.72 28.25 -9999 -9999 -9999 -9999 -9999 -9999 -9999 -9999 -9999 -9999 -9999 -9999 -9999 -9999 -9999 -9999 -9999 -9999 -9999 -9999 -9999 -9999 -9999 -9999 -9999 -9999 -9999 -9999 -9999 -9999 -9999 -9999
110.18 117.76 123.22 130.93 -9999 -9999 -9999 146.64 162.20 146.20 126.14 124.85 121.23 136.89 138.02 149.00 151.19 127.68 115.22 107.33 90.75 96.43 94.83 77.56 85.85 70.05 71.10 87.83 72.51 78.59 88.54 95.00 87.77 83.17 73.37 56.99 50.43 48.91 53.80 41.99 30.63 28.65 33.99 26.25 28.79 -9999 -9999 -9999 -9999 -9999 -9999 -9999 -9999 -9999 -9999 -9999 -9999 -9999 -9999 -9999 -9999 -9999 -9999 -9999 -9999 -9999 -9999 -9999 -9999 -9999 -9999 -9999 -9999 -9999 -9999 -9999
103.90 101.98 114.22 169.67 160.41 -9999 -9999 -9999 114.50 103.64 100.40 103.81 101.54 107.32 125.75 130.66 144.72 124.51 115.83 107.06 118.45 92.24 89.13 84.59 93.20 84.38 89.55 72.80 80.43 73.71 76.77 91.11 86.18 67.89 57.38 47.93 38.81 37.80 45.48 37.31 30.96 26.64 27.24 35.85 32.29 26.89 -9999 -9999 -9999 -9999 -9999 -9999 -9999 -9999 -9999 -9999 -9999 -9999 -9999 -9999 -9999 -9999 -9999 -9999 -9999 -9999 -9999 -9999 -9999 -9999 -9999 -9999 -9999 -9999 -9999 -9999
95.68 72.21 93.79 171.46 151.07 -9999 -9999 -9999 -9999 -9999 87.35 87.01 67.28 98.90 112.36 121.02 135.75 146.44 146.32 134.36 116.84 95.48 95.05 86.56 80.77 73.43 90.22 76.56 70.81 79.93 79.85 63.85 64.66 43.55 48.60 41.76 40.69 42.35 38.29 36.84 29.17 21.63 18.55 25.69 29.38 26.68 18.62 -9999 -9999 -9999 -9999 -9999 -9999 -9999 -9999 -9999 -9999 -9999 -9999 -9999 -9999 -9999 -9999 -9999 -9999 -9999 -9999 -9999 -9999 -9999 -9999 -9999 -9999 -9999 -9999 -9999
-9999 73.21 80.56 146.91 134.85 -9999 -9999 -9999 -9999 -9999 78.65 86.56 98.15 94.89 127.34 150.73 147.87 153.45 146.83 142.34 121.57 122.24 106.95 94.76 95.69 108.55 90.66 122.64 84.24 116.36 90.90 92.62 83.80 55.98 51.79 36.36 32.76 37.66 40.80 39.51 39.12 31.13 27.42 26.63 30.34 25.07 16.79 23.35 21.41 -9999 -9999 -9999 -9999 -9999 -9999 -9999 -9999 -9999 -9999 -9999 -9999 -9999 -9999 -9999 -9999 -9999 -9999 -9999 -9999 -9999 -9999 -9999 -9999 -9999 -9999 -9999
-9999 -9999 87.01 101.54 90.82 -9999 -9999 -9999 -9999 -9999 75.96 75.98 94.06 90.24 106.21 118.40 127.05 138.79 136.91 151.63 130.60 114.69 120.71 119.87 134.58 139.99 133.84 153.01 131.31 109.43 101.82 73.51 67.78 67.26 56.93 39.87 44.91 44.02 38.68 41.65 43.14 48.49 46.57 35.39 29.30 21.77 24.54 25.47 21.79 -9999 -9999 -9999 -9999 -9999 -9999 -9999 -9999 -9999 -9999 -9999 -9999 -9999 -9999 -9999 -9999 -9999 -9999 -9999 -9999 -9999 -9999 -9999 -9999 -9999 -9999 -9999
-9999 -9999 69.96 71.88 66.65 -9999 -9999 -9999 -9999 -9999 81.53 96.80 96.45 92.43 101.38 111.29 130.37 156.01 168.96 147.39 143.73 119.95 124.00 115.63 130.35 160.03 187.66 159.40 129.72 132.13 124.84 96.90 89.43 66.82 64.83 57.50 45.85 43.92 48.94 55.81 50.21 56.25 58.54 44.36 32.17 28.01 26.33 27.56 24.21 -9999 -9999 -9999 -9999 -9999 -9999 -9999 -9999 -9999 -9999 -9999 -9999 -9999 -9999 -9999 -9999 -9999 -9999 -9999 -9999 -9999 -9999 -9999 -9999 -9999 -9999 -9999
-9999 -9999 -9999 -9999 -9999 -9999 -9999 -9999 -9999 94.89 98.96 104.57 107.43 97.33 109.06 113.82 128.44 137.18 168.08 162.92 154.00 174.38 159.90 165.02 171.59 184.77 194.14 173.42 161.27 135.60 123.53 105.08 84.44 83.41 67.39 53.14 58.83 48.94 57.66 61.91 69.48 59.48 62.74 57.44 34.45 31.00 27.79 26.95 26.45 -9999 -9999 -9999 -9999 -9999 -9999 -9999 -9999 -9999 -9999 -9999 -9999 -9999 -9999 -9999 -9999 -9999 -9999 -9999 -9999 -9999 -9999 -9999 -9999 -9999 -9999 -9999
-9999 -9999 -9999 -9999 -9999 -9999 -9999 -9999 -9999 106.95 97.98 112.74 129.78 132.82 137.90 150.09 152.80 146.34 143.09 166.16 174.71 171.95 192.51 196.47 171.37 132.65 175.83 144.78 151.15 123.32 119.23 109.47 87.84 73.44 80.40 83.74 66.67 56.63 66.66 73.47 64.66 58.22 62.17 50.64 34.84 29.83 29.00 32.00 26.30 -9999 -9999 -9999 -9999 -9999 -9999 -9999 -9999 -9999 -9999 -9999 -9999 -9999 -9999 -9999 -9999 -9999 -9999 -9999 -9999 -9999 -9999 -9999 -9999 -9999 -9999 -9999
-9999 -9999 -9999 -9999 -9999 -9999 -9999 -9999 91.86 105.16 102.37 121.47 126.27 129.64 163.38 194.75 195.44 175.77 187.19 159.72 157.85 172.50 198.12 194.73 170.88 118.72 146.65 156.35 140.60 139.58 135.91 145.65 115.03 93.07 87.43 83.52 72.97 74.95 91.63 83.90 72.21 52.44 41.01 41.43 35.64 38.41 36.50 29.94 26.12 -9999 -9999 -9999 -9999 -9999 -9999 -9999 -9999 -9999 -9999 -9999 -9999 -9999 -9999 -9999 -9999 -9999 -9999 -9999 -9999 -9999 -9999 -9999 -9999 -9999 -9999 -9999
-9999 -9999 -9999 -9999 -9999 -9999 -9999 -9999 96.46 96.63 122.43 141.61 174.06 151.31 178.05 185.75 242.80 204.84 178.26 163.26 164.26 145.12 197.72 198.26 148.49 123.51 136.46 143.60 143.39 134.50 146.85 153.13 159.50 123.44 100.24 103.53 98.47 106.13 87.29 77.82 72.85 56.83 50.19 42.70 35.20 36.03 30.47 28.09 25.51 30.08 -9999 -9999 -9999 -9999 -9999 -9999 -9999 -9999 -9999 -9999 -9999 -9999 -9999 -9999 -9999 -9999 -9999 -9999 -9999 -9999 -9999 -9999 -9999 -9999 -9999 -9999
-9999 -9999 -9999 -9999 -9999 -9999 -9999 83.60 109.89 117.85 138.87 197.90 177.16 179.96 166.20 191.91 197.70 183.04 160.10 148.92 132.24 105.74 119.89 151.36 164.30 113.14 102.31 123.63 130.65 126.05 130.64 171.60 137.62 103.22 97.93 91.01 111.66 92.29 92.62 85.14 59.72 59.82 50.30 47.96 43.79 35.46 30.42 25.89 22.95 22.00 -9999 -9999 -9999 -9999 -9999 -9999 -9999 -9999 -9999 -9999 -9999 -9999 -9999 -9999 -9999 -9999 -9999 -9999 -9999 -9999 -9999 -9999 -9999 -9999 -9999 -9999
-9999 -9999 -9999 -9999 -9999 -9999 -9999 107.15 120.99 137.87 178.95 189.96 191.29 185.85 211.69 170.34 169.09 145.85 152.86 138.89 124.35 111.60 120.54 133.06 180.24 97.44 83.28 87.03 113.23 110.33 130.50 105.29 115.41 103.46 88.14 106.30 97.23 91.23 78.08 60.05 55.73 51.75 41.72 38.75 41.91 37.15 31.97 25.17 22.14 22.74 -9999 -9999 -9999 -9999 -9999 -9999 -9999 -9999 -9999 -9999 -9999 -9999 -9999 -9999 -9999 -9999 -9999 -9999 -9999 -9999 -9999 -9999 -9999 -9999 -9999 -9999
-9999 -9999 -9999 -9999 -9999 -9999 110.76 113.05 126.80 159.63 176.43 181.83 229.58 226.75 239.87 179.99 155.66 138.52 137.87 136.32 121.48 105.42 114.15 108.55 97.22 76.87 70.57 84.74 97.68 116.33 110.65 97.09 107.86 99.55 88.15 95.07 79.13 86.03 63.49 62.33 57.73 51.95 43.16 37.73 31.83 31.59 27.82 23.88 21.27 25.68 -9999 -9999 -9999 -9999 -9999 -9999 -9999 -9999 -9999 -9999 -9999 -9999 -9999 -9999 -9999 -9999 -9999 -9999 -9999 -9999 -9999 -9999 -9999 -9999 -9999 -9999
-9999 -9999 -9999 -9999 -9999 106.71 118.43 123.74 125.06 141.16 141.79 163.00 202.49 225.02 272.96 185.14 146.12 139.79 140.71 128.32 119.63 108.93 99.98 93.92 96.46 88.73 75.78 86.55 89.67 86.78 86.79 89.66 83.52 76.95 77.83 83.58 80.27 87.15 73.72 68.47 55.39 42.09 38.33 34.57 30.96 28.99 27.64 25.00 21.36 26.99 27.23 -9999 -9999 -9999 -9999 -9999 -9999 -9999 -9999 -9999 -9999 -9999 -9999 -9999 -9999 -9999 -9999 -9999 -9999 -9999 -9999 -9999 -9999 -9999 -9999 -9999
-9999 -9999 -9999 -9999 -9999 119.27 123.94 116.63 128.78 133.01 132.73 147.05 228.27 233.80 213.85 215.28 162.28 144.54 139.19 121.30 140.95 106.15 93.39 89.81 83.55 85.72 71.51 81.64 73.21 64.27 58.38 65.77 61.50 60.84 60.85 65.91 71.71 81.46 77.95 60.33 51.17 49.13 35.20 27.47 30.99 29.77 26.43 22.05 19.79 28.75 27.81 -9999 -9999 -9999 -9999 -9999 -9999 -9999 -9999 -9999 -9999 -9999 -9999 -9999 -9999 -9999 -9999 -9999 -9999 -9999 -9999 -9999 -9999 -9999 -9999 -9999
-9999 -9999 -9999 85.55 95.99 111.75 109.04 113.11 129.13 132.63 132.11 143.85 187.66 182.50 218.91 196.59 170.19 131.65 127.40 121.56 108.25 100.12 92.27 85.31 85.47 72.91 57.72 63.09 64.30 61.54 55.70 53.89 56.10 54.00 57.49 72.03 64.57 61.72 62.28 58.57 48.70 45.09 32.35 28.89 21.48 26.32 25.64 20.96 22.57 25.67 29.57 -9999 -9999 -9999 -9999 -9999 -9999 -9999 -9999 -9999 -9999 -9999 -9999 -9999 -9999 -9999 -9999 -9999 -9999 -9999 -9999 -9999 -9999 -9999 -9999 -9999
