Rainfall_2007-2011/Rainfall_2007-05_ACTUAL.txt
ncols         180
nrows         290
xllcorner     -200000
yllcorner     -200000
cellsize      5000
NODATA_value  -9999
[rows 102 to 135 of 290, columns 77 to 153 of 180]
-9999 142.15 174.95 237.70 193.31 265.09 237.75 242.16 221.00 278.36 239.23 237.13 171.98 142.82 149.15 110.23 86.66 97.85 116.81 123.89 103.83 86.76 85.37 79.85 63.66 71.94 68.26 70.86 84.75 67.63 66.89 72.09 79.21 77.03 79.09 74.45 -9999 -9999 -9999 -9999 -9999 -9999 -9999 -9999 -9999 -9999 -9999 -9999 -9999 -9999 -9999 -9999 -9999 -9999 -9999 -9999 -9999 -9999 -9999 -9999 -9999 -9999 -9999 -9999 -9999 -9999 -9999 -9999 -9999 -9999 -9999 -9999 -9999 -9999 -9999 -9999 -9999
123.73 128.78 155.92 151.74 240.84 269.75 194.70 215.12 270.61 342.33 265.56 259.00 198.77 158.76 124.49 106.94 114.89 123.57 106.75 109.43 119.64 112.38 89.05 71.83 60.28 71.05 73.75 84.66 68.96 65.07 62.23 63.60 64.59 71.79 -9999 -9999 -9999 -9999 -9999 -9999 -9999 -9999 -9999 -9999 -9999 -9999 -9999 -9999 -9999 -9999 -9999 -9999 -9999 -9999 -9999 -9999 -9999 -9999 -9999 -9999 -9999 -9999 -9999 -9999 -9999 -9999 -9999 -9999 -9999 -9999 -9999 -9999 -9999 -9999 -9999 -9999 -9999
149.52 174.01 213.77 189.76 197.49 185.48 175.22 202.93 244.86 252.35 197.41 200.69 172.47 157.89 157.94 82.84 105.72 104.84 105.57 113.94 98.34 92.13 82.42 69.76 64.51 66.51 71.50 63.61 57.64 57.29 54.72 61.10 53.25 -9999 -9999 -9999 -9999 -9999 -9999 -9999 -9999 -9999 -9999 -9999 -9999 -9999 -9999 -9999 -9999 -9999 -9999 -9999 -9999 -9999 -9999 -9999 -9999 -9999 -9999 -9999 -9999 -9999 -9999 -9999 -9999 -9999 -9999 -9999 -9999 -9999 -9999 -9999 -9999 -9999 -9999 -9999 -9999
211.20 199.39 215.84 181.27 184.37 199.75 222.41 243.31 251.10 237.86 208.85 235.06 228.27 140.23 123.26 111.42 134.89 116.12 86.52 81.56 79.10 65.04 66.32 64.74 61.39 54.35 60.13 55.85 55.51 64.09 54.78 57.56 57.27 -9999 -9999 -9999 -9999 -9999 -9999 -9999 -9999 -9999 -9999 -9999 -9999 -9999 -9999 -9999 -9999 -9999 -9999 -9999 -9999 -9999 -9999 -9999 -9999 -9999 -9999 -9999 -9999 -9999 -9999 -9999 -9999 -9999 -9999 -9999 -9999 -9999 -9999 -9999 -9999 -9999 -9999 -9999 -9999
216.94 227.10 220.31 221.52 242.88 230.64 231.36 212.91 264.40 230.12 231.55 177.59 212.97 166.19 160.13 164.10 123.25 104.91 103.67 94.55 79.99 87.55 70.33 55.35 59.74 56.91 57.07 63.08 54.71 51.72 54.32 54.34 60.49 59.30 -9999 -9999 -9999 -9999 -9999 -9999 -9999 -9999 -9999 -9999 -9999 -9999 -9999 -9999 -9999 -9999 -9999 -9999 -9999 -9999 -9999 -9999 -9999 -9999 -9999 -9999 -9999 -9999 -9999 -9999 -9999 -9999 -9999 -9999 -9999 -9999 -9999 -9999 -9999 -9999 -9999 -9999 -9999
195.83 239.48 217.14 215.83 197.77 183.76 213.62 242.34 260.64 184.42 214.45 171.59 187.10 149.74 173.61 129.96 126.99 142.95 105.55 90.94 92.53 66.79 77.40 71.30 62.93 61.53 73.15 58.96 50.74 50.66 64.44 62.77 76.24 70.27 71.82 -9999 -9999 -9999 -9999 -9999 -9999 -9999 -9999 -9999 -9999 -9999 -9999 -9999 -9999 -9999 -9999 -9999 -9999 -9999 -9999 -9999 -9999 -9999 -9999 -9999 -9999 -9999 -9999 -9999 -9999 -9999 -9999 -9999 -9999 -9999 -9999 -9999 -9999 -9999 -9999 -9999 -9999
192.01 202.54 220.62 203.49 194.95 185.07 218.62 231.68 268.07 169.47 166.55 153.91 159.92 119.51 127.63 121.64 99.36 87.88 81.87 82.96 89.73 107.73 114.91 96.42 78.93 59.03 73.21 74.19 56.63 63.46 64.32 73.98 77.48 71.45 63.71 60.07 -9999 -9999 -9999 -9999 -9999 -9999 -9999 -9999 -9999 -9999 -9999 -9999 -9999 -9999 -9999 -9999 -9999 -9999 -9999 -9999 -9999 -9999 -9999 -9999 -9999 -9999 -9999 -9999 -9999 -9999 -9999 -9999 -9999 -9999 -9999 -9999 -9999 -9999 -9999 -9999 -9999
145.23 192.53 237.83 172.08 182.82 209.40 239.04 223.63 182.82 172.15 223.18 154.24 144.08 121.63 114.48 98.86 91.62 78.45 85.61 86.32 120.84 136.35 103.03 92.24 85.22 66.18 73.94 76.05 66.25 66.19 65.53 62.05 65.26 63.42 58.46 -9999 -9999 -9999 -9999 -9999 -9999 -9999 -9999 -9999 -9999 -9999 -9999 -9999 -9999 -9999 -9999 -9999 -9999 -9999 -9999 -9999 -9999 -9999 -9999 -9999 -9999 -9999 -9999 -9999 -9999 -9999 -9999 -9999 -9999 -9999 -9999 -9999 -9999 -9999 -9999 -9999 -9999
137.88 160.62 147.04 164.86 228.62 203.49 218.03 209.22 200.99 186.31 153.54 175.70 136.25 121.38 91.96 85.24 84.84 89.46 75.39 84.82 70.32 68.83 73.22 75.86 79.82 74.47 79.29 72.90 65.18 65.76 61.04 -9999 -9999 -9999 -9999 -9999 -9999 -9999 -9999 -9999 -9999 -9999 -9999 -9999 -9999 -9999 -9999 -9999 -9999 -9999 -9999 -9999 -9999 -9999 -9999 -9999 -9999 -9999 -9999 -9999 -9999 -9999 -9999 -9999 -9999 -9999 -9999 -9999 -9999 -9999 -9999 -9999 -9999 -9999 -9999 -9999 -9999
140.41 129.36 132.61 181.47 185.98 209.08 200.21 124.63 137.87 158.94 126.87 115.47 134.16 109.48 107.25 104.56 100.83 108.04 80.76 74.58 64.10 66.62 65.36 68.56 78.37 77.18 82.38 77.53 68.05 -9999 -9999 -9999 -9999 -9999 -9999 -9999 -9999 -9999 -9999 -9999 -9999 -9999 -9999 -9999 -9999 -9999 -9999 -9999 -9999 -9999 -9999 -9999 -9999 -9999 -9999 -9999 -9999 -9999 -9999 -9999 -9999 -9999 -9999 -9999 -9999 -9999 -9999 -9999 -9999 -9999 -9999 -9999 -9999 -9999 -9999 -9999 -9999
128.10 125.00 164.83 159.46 177.43 190.49 170.94 141.69 147.08 136.71 97.86 94.25 98.24 99.95 134.19 103.09 111.30 108.89 97.28 83.57 72.31 60.76 62.88 61.94 68.34 76.78 84.23 80.49 66.03 -9999 -9999 -9999 -9999 -9999 -9999 -9999 -9999 -9999 -9999 -9999 -9999 -9999 -9999 -9999 -9999 -9999 -9999 -9999 -9999 -9999 -9999 -9999 -9999 -9999 -9999 -9999 -9999 -9999 -9999 -9999 -9999 -9999 -9999 -9999 -9999 -9999 -9999 -9999 -9999 -9999 -9999 -9999 -9999 -9999 -9999 -9999 -9999
-9999 129.09 157.64 161.81 159.06 167.63 155.49 123.89 103.92 107.04 103.52 100.95 104.66 92.75 136.22 136.60 127.33 120.63 96.26 75.87 67.15 63.85 59.51 56.93 60.99 53.14 66.66 -9999 -9999 -9999 -9999 -9999 63.24 61.54 71.95 70.21 -9999 -9999 -9999 -9999 -9999 -9999 -9999 -9999 -9999 -9999 -9999 -9999 -9999 -9999 -9999 -9999 -9999 -9999 -9999 -9999 -9999 -9999 -9999 -9999 -9999 -9999 -9999 -9999 -9999 -9999 -9999 -9999 -9999 -9999 -9999 -9999 -9999 -9999 -9999 -9999 -9999
-9999 118.17 143.03 140.12 129.25 167.97 127.58 118.91 98.00 105.00 103.88 99.89 112.46 103.70 107.27 108.39 99.83 96.38 89.78 80.80 76.39 72.60 64.60 62.37 54.52 57.33 59.68 58.77 57.56 -9999 -9999 62.83 62.10 81.28 74.75 77.08 74.83 67.71 -9999 -9999 -9999 -9999 -9999 -9999 -9999 -9999 -9999 -9999 -9999 -9999 -9999 -9999 -9999 -9999 -9999 -9999 -9999 -9999 -9999 -9999 -9999 -9999 -9999 -9999 -9999 -9999 -9999 -9999 -9999 -9999 -9999 -9999 -9999 -9999 -9999 -9999 -9999
103.95 108.28 91.27 116.28 120.20 130.08 121.61 118.59 121.90 116.99 106.90 90.09 85.90 89.45 87.71 88.27 93.60 90.73 86.52 80.14 80.20 77.05 73.37 65.93 54.65 57.45 55.56 58.71 66.66 61.92 69.41 70.86 69.32 70.41 86.58 97.93 104.57 97.99 66.58 -9999 -9999 -9999 -9999 -9999 -9999 -9999 -9999 -9999 -9999 -9999 -9999 -9999 -9999 -9999 -9999 -9999 -9999 -9999 -9999 -9999 -9999 -9999 -9999 -9999 -9999 -9999 -9999 -9999 -9999 -9999 -9999 -9999 -9999 -9999 -9999 -9999 -9999
113.26 97.21 108.52 102.63 87.10 102.92 -9999 139.67 154.56 136.03 107.99 91.61 76.49 79.49 79.03 84.60 74.96 79.07 82.66 79.93 81.45 79.23 64.18 58.53 47.27 59.36 69.50 86.51 75.12 77.81 78.56 73.44 73.94 73.82 104.40 109.82 104.86 100.71 85.43 83.43 87.11 66.81 -9999 -9999 -9999 -9999 -9999 -9999 -9999 -9999 -9999 -9999 -9999 -9999 -9999 -9999 -9999 -9999 -9999 -9999 -9999 -9999 -9999 -9999 -9999 -9999 -9999 -9999 -9999 -9999 -9999 -9999 -9999 -9999 -9999 -9999 -9999
126.88 98.15 -9999 83.71 78.74 93.96 -9999 129.03 164.79 140.19 113.80 90.73 84.12 77.95 86.95 79.75 75.05 74.51 76.48 79.77 80.03 82.30 65.73 67.22 68.28 67.55 104.31 128.41 91.03 73.27 81.74 76.03 86.02 104.89 113.70 107.86 105.19 90.69 83.07 92.98 86.24 77.47 -9999 -9999 -9999 -9999 -9999 -9999 -9999 -9999 -9999 -9999 -9999 -9999 -9999 -9999 -9999 -9999 -9999 -9999 -9999 -9999 -9999 -9999 -9999 -9999 -9999 -9999 -9999 -9999 -9999 -9999 -9999 -9999 -9999 -9999 -9999
108.46 90.36 -9999 -9999 81.55 76.20 78.28 105.09 125.01 128.36 112.62 111.21 98.44 97.51 95.18 102.06 80.92 71.32 80.77 78.52 82.98 86.90 90.42 82.43 84.40 120.56 107.68 116.09 110.90 99.50 95.48 94.06 104.00 98.90 106.69 102.59 99.58 89.64 77.75 82.57 79.88 78.41 72.13 -9999 -9999 -9999 -9999 -9999 -9999 -9999 -9999 -9999 -9999 -9999 -9999 -9999 -9999 -9999 -9999 -9999 -9999 -9999 -9999 -9999 -9999 -9999 -9999 -9999 -9999 -9999 -9999 -9999 -9999 -9999 -9999 -9999 -9999
-9999 -9999 -9999 -9999 -9999 71.20 66.20 91.03 106.73 111.86 104.75 119.82 119.27 114.31 104.52 101.99 95.38 81.04 72.37 76.38 79.57 85.32 88.72 89.08 105.21 115.45 104.88 108.19 111.77 126.98 112.20 93.50 92.72 81.48 83.03 89.50 90.99 93.95 82.97 77.56 75.10 76.35 63.93 -9999 -9999 -9999 -9999 -9999 -9999 -9999 -9999 -9999 -9999 -9999 -9999 -9999 -9999 -9999 -9999 -9999 -9999 -9999 -9999 -9999 -9999 -9999 -9999 -9999 -9999 -9999 -9999 -9999 -9999 -9999 -9999 -9999 -9999
96.26 99.02 103.71 -9999 -9999 -9999 68.96 83.69 98.13 106.87 104.53 103.84 118.08 117.08 122.84 118.40 102.54 88.66 77.69 69.54 73.37 77.68 73.86 86.74 88.97 98.46 113.67 106.47 124.10 137.11 121.29 98.27 91.48 59.78 82.63 75.81 81.40 91.98 82.41 67.79 72.50 76.93 71.78 69.45 -9999 -9999 -9999 -9999 -9999 -9999 -9999 -9999 -9999 -9999 -9999 -9999 -9999 -9999 -9999 -9999 -9999 -9999 -9999 -9999 -9999 -9999 -9999 -9999 -9999 -9999 -9999 -9999 -9999 -9999 -9999 -9999 -9999
112.99 119.36 147.01 126.26 -9999 -9999 -9999 76.17 85.86 91.30 95.42 96.03 99.71 112.68 116.94 122.52 103.11 89.61 71.29 74.76 69.36 84.51 66.76 91.31 87.18 103.79 87.99 97.48 102.57 104.80 112.59 104.11 82.36 74.97 72.72 62.37 68.87 81.67 74.35 66.37 62.01 75.62 77.43 64.23 59.73 -9999 -9999 -9999 -9999 -9999 -9999 -9999 -9999 -9999 -9999 -9999 -9999 -9999 -9999 -9999 -9999 -9999 -9999 -9999 -9999 -9999 -9999 -9999 -9999 -9999 -9999 -9999 -9999 -9999 -9999 -9999 -9999
80.51 111.08 154.12 132.26 -9999 -9999 -9999 -9999 -9999 82.81 86.49 99.38 93.97 100.67 111.33 114.25 123.31 112.93 93.20 95.22 99.85 102.99 81.22 88.22 75.33 105.46 96.53 90.01 98.50 96.88 77.18 84.28 67.73 70.55 92.62 74.56 74.68 68.02 65.94 67.56 69.61 75.10 81.75 73.44 63.98 62.75 -9999 -9999 -9999 -9999 -9999 -9999 -9999 -9999 -9999 -9999 -9999 -9999 -9999 -9999 -9999 -9999 -9999 -9999 -9999 -9999 -9999 -9999 -9999 -9999 -9999 -9999 -9999 -9999 -9999 -9999 -9999
90.56 94.56 145.30 123.30 -9999 -9999 -9999 -9999 -9999 73.36 83.62 98.81 95.12 104.68 112.15 114.11 122.73 114.74 108.40 110.39 112.99 106.31 92.37 96.72 113.04 102.46 136.08 103.56 115.42 94.55 107.39 108.41 82.66 73.88 70.11 66.34 69.87 70.88 74.20 99.38 85.73 78.54 76.04 79.77 80.86 73.48 70.72 65.25 -9999 -9999 -9999 -9999 -9999 -9999 -9999 -9999 -9999 -9999 -9999 -9999 -9999 -9999 -9999 -9999 -9999 -9999 -9999 -9999 -9999 -9999 -9999 -9999 -9999 -9999 -9999 -9999 -9999
-9999 99.78 114.54 104.64 -9999 -9999 -9999 -9999 -9999 75.73 71.62 92.28 84.07 88.59 90.48 96.69 106.90 102.08 109.76 102.05 102.41 101.50 108.67 129.71 125.29 121.86 146.04 128.32 90.55 85.11 97.55 93.70 94.49 82.84 72.34 75.23 78.25 75.18 62.24 83.00 101.61 100.62 85.50 76.08 66.00 78.11 75.34 62.77 -9999 -9999 -9999 -9999 -9999 -9999 -9999 -9999 -9999 -9999 -9999 -9999 -9999 -9999 -9999 -9999 -9999 -9999 -9999 -9999 -9999 -9999 -9999 -9999 -9999 -9999 -9999 -9999 -9999
-9999 79.96 88.90 86.46 -9999 -9999 -9999 -9999 -9999 86.65 88.95 92.14 84.18 85.76 84.52 96.63 115.71 122.92 104.39 105.69 100.35 88.52 94.66 108.65 111.53 138.29 132.79 112.69 101.43 91.73 89.93 103.70 87.59 84.44 77.84 69.78 79.40 78.76 73.43 78.74 107.27 113.71 96.91 71.73 72.88 81.43 73.31 61.82 -9999 -9999 -9999 -9999 -9999 -9999 -9999 -9999 -9999 -9999 -9999 -9999 -9999 -9999 -9999 -9999 -9999 -9999 -9999 -9999 -9999 -9999 -9999 -9999 -9999 -9999 -9999 -9999 -9999
-9999 -9999 -9999 -9999 -9999 -9999 -9999 -9999 102.83 111.23 110.87 100.91 89.20 92.43 89.08 94.60 97.57 113.82 105.88 102.60 121.58 111.41 114.74 119.01 132.35 144.65 147.18 143.98 124.05 112.83 111.08 94.43 88.83 76.22 76.21 79.58 71.74 77.31 82.27 99.79 101.09 111.84 94.26 72.60 71.16 73.28 71.73 58.59 -9999 -9999 -9999 -9999 -9999 -9999 -9999 -9999 -9999 -9999 -9999 -9999 -9999 -9999 -9999 -9999 -9999 -9999 -9999 -9999 -9999 -9999 -9999 -9999 -9999 -9999 -9999 -9999 -9999
-9999 -9999 -9999 -9999 -9999 -9999 -9999 -9999 114.82 104.21 113.55 109.78 115.43 113.15 126.57 122.87 103.91 84.90 96.40 112.20 115.21 126.10 124.85 115.46 94.48 144.85 127.01 130.58 119.82 121.00 118.05 96.77 79.74 86.87 88.20 77.77 71.66 71.98 89.22 88.18 92.57 100.34 92.63 72.80 64.67 66.52 76.33 62.22 -9999 -9999 -9999 -9999 -9999 -9999 -9999 -9999 -9999 -9999 -9999 -9999 -9999 -9999 -9999 -9999 -9999 -9999 -9999 -9999 -9999 -9999 -9999 -9999 -9999 -9999 -9999 -9999 -9999
-9999 -9999 -9999 -9999 -9999 -9999 -9999 95.05 105.10 86.68 106.69 116.45 107.46 126.64 147.92 141.04 124.35 114.58 94.42 94.67 111.42 129.74 127.62 120.87 100.78 123.88 149.85 141.15 142.72 129.23 138.57 118.27 101.51 98.65 91.85 83.21 102.29 106.77 105.81 95.07 76.35 75.56 73.60 67.71 76.90 80.44 74.59 56.91 -9999 -9999 -9999 -9999 -9999 -9999 -9999 -9999 -9999 -9999 -9999 -9999 -9999 -9999 -9999 -9999 -9999 -9999 -9999 -9999 -9999 -9999 -9999 -9999 -9999 -9999 -9999 -9999 -9999
-9999 -9999 -9999 -9999 -9999 -9999 -9999 90.20 85.56 105.89 107.28 117.32 108.21 134.65 139.71 157.58 135.39 116.87 102.88 105.60 102.94 144.14 141.22 115.97 103.21 111.09 143.59 154.17 142.83 142.25 132.27 138.61 135.32 117.52 122.97 121.12 124.25 87.15 90.63 87.91 80.51 75.64 57.90 55.06 63.61 64.32 69.39 60.84 59.90 -9999 -9999 -9999 -9999 -9999 -9999 -9999 -9999 -9999 -9999 -9999 -9999 -9999 -9999 -9999 -9999 -9999 -9999 -9999 -9999 -9999 -9999 -9999 -9999 -9999 -9999 -9999 -9999
-9999 -9999 -9999 -9999 -9999 -9999 73.46 104.41 114.64 112.73 139.34 118.19 109.28 129.55 143.59 136.37 127.87 114.71 109.14 96.76 83.15 96.20 117.63 115.07 105.04 106.44 123.42 122.17 121.92 132.47 152.76 129.46 140.82 126.09 126.46 174.75 150.81 113.85 97.25 74.55 76.20 62.82 56.39 62.54 54.09 57.96 60.50 59.16 54.53 -9999 -9999 -9999 -9999 -9999 -9999 -9999 -9999 -9999 -9999 -9999 -9999 -9999 -9999 -9999 -9999 -9999 -9999 -9999 -9999 -9999 -9999 -9999 -9999 -9999 -9999 -9999 -9999
-9999 -9999 -9999 -9999 -9999 -9999 94.71 108.39 113.95 122.62 118.71 119.13 114.83 145.34 120.36 116.29 110.24 109.50 108.83 94.67 83.62 96.71 127.14 115.67 99.49 102.50 111.46 110.74 119.79 143.68 119.91 133.85 129.42 114.82 160.58 161.85 138.71 94.64 71.20 67.58 65.91 55.19 59.07 58.63 52.91 68.29 67.27 60.09 57.16 -9999 -9999 -9999 -9999 -9999 -9999 -9999 -9999 -9999 -9999 -9999 -9999 -9999 -9999 -9999 -9999 -9999 -9999 -9999 -9999 -9999 -9999 -9999 -9999 -9999 -9999 -9999 -9999
-9999 -9999 -9999 -9999 -9999 95.78 98.86 102.41 112.62 105.15 105.18 140.18 132.82 149.70 116.83 106.83 101.72 101.34 113.31 101.42 82.93 90.17 130.55 108.89 92.14 94.46 110.53 111.98 132.31 138.83 137.18 134.40 118.53 122.58 134.31 114.02 78.71 60.98 72.59 70.55 66.30 62.20 61.69 50.20 49.45 72.41 55.61 52.18 50.20 -9999 -9999 -9999 -9999 -9999 -9999 -9999 -9999 -9999 -9999 -9999 -9999 -9999 -9999 -9999 -9999 -9999 -9999 -9999 -9999 -9999 -9999 -9999 -9999 -9999 -9999 -9999 -9999
-9999 -9999 -9999 -9999 80.54 94.86 112.67 102.47 96.71 87.01 100.28 122.49 126.96 145.55 113.68 97.52 99.20 100.18 97.13 92.74 81.88 79.84 84.48 101.48 96.81 92.75 103.56 105.91 104.47 112.53 120.53 100.88 95.65 100.88 107.14 99.75 94.13 81.52 78.67 67.56 58.10 56.02 62.92 49.32 49.82 55.70 54.76 49.72 51.85 52.45 -9999 -9999 -9999 -9999 -9999 -9999 -9999 -9999 -9999 -9999 -9999 -9999 -9999 -9999 -9999 -9999 -9999 -9999 -9999 -9999 -9999 -9999 -9999 -9999 -9999 -9999 -9999
-9999 -9999 -9999 -9999 98.64 131.20 117.48 110.30 91.80 85.34 87.01 143.78 151.92 131.66 128.11 102.55 93.56 89.68 83.70 102.04 78.69 72.94 67.28 74.28 96.21 86.23 98.15 96.87 72.73 65.79 86.13 73.91 70.12 75.28 83.54 91.86 94.37 92.50 73.85 61.36 52.75 57.51 55.55 59.43 56.10 54.37 54.84 58.40 56.24 56.09 -9999 -9999 -9999 -9999 -9999 -9999 -9999 -9999 -9999 -9999 -9999 -9999 -9999 -9999 -9999 -9999 -9999 -9999 -9999 -9999 -9999 -9999 -9999 -9999 -9999 -9999 -9999
-9999 -9999 73.81 83.13 105.53 114.89 110.57 118.72 118.82 87.62 79.47 115.39 114.73 133.10 118.09 104.07 78.68 76.63 79.84 79.58 80.24 74.87 60.67 70.36 80.35 77.10 80.58 87.01 74.73 67.99 69.22 69.09 57.96 66.60 87.06 86.82 79.10 80.49 77.01 62.34 55.98 66.25 62.62 52.65 57.71 62.48 52.44 57.46 57.44 55.77 -9999 -9999 -9999 -9999 -9999 -9999 -9999 -9999 -9999 -9999 -9999 -9999 -9999 -9999 -9999 -9999 -9999 -9999 -9999 -9999 -9999 -9999 -9999 -9999 -9999 -9999 -9999
