Rainfall_2007-2011/Rainfall_2011-08_ACTUAL.txt
ncols         180
nrows         290
xllcorner     -200000
yllcorner     -200000
cellsize      5000
NODATA_value  -9999
[rows 102 to 135 of 290, columns 76 to 151 of 180]
172.84 -9999 190.67 217.43 302.05 234.78 287.60 239.19 224.12 193.61 229.71 171.81 179.49 133.49 184.02 285.52 175.95 136.42 185.56 200.87 211.60 150.10 157.01 165.20 157.22 141.51 133.75 137.07 140.37 192.48 159.73 161.50 152.04 159.44 154.34 150.10 164.48 -9999 -9999 -9999 -9999 -9999 -9999 -9999 -9999 -9999 -9999 -9999 -9999 -9999 -9999 -9999 -9999 -9999 -9999 -9999 -9999 -9999 -9999 -9999 -9999 -9999 -9999 -9999 -9999 -9999 -9999 -9999 -9999 -9999 -9999 -9999 -9999 -9999 -9999 -9999
-9999 151.55 161.39 187.11 185.60 296.52 310.96 190.61 198.62 251.58 209.70 207.04 218.78 221.69 209.84 140.21 236.64 192.28 209.97 162.84 148.69 193.85 207.27 162.07 139.22 132.44 135.07 143.25 176.41 143.07 124.00 155.21 133.63 142.67 143.58 -9999 -9999 -9999 -9999 -9999 -9999 -9999 -9999 -9999 -9999 -9999 -9999 -9999 -9999 -9999 -9999 -9999 -9999 -9999 -9999 -9999 -9999 -9999 -9999 -9999 -9999 -9999 -9999 -9999 -9999 -9999 -9999 -9999 -9999 -9999 -9999 -9999 -9999 -9999 -9999 -9999
172.14 177.44 193.49 207.30 186.38 223.81 240.87 128.97 190.79 210.01 191.13 169.45 161.93 178.97 198.31 236.07 145.03 176.47 163.60 169.66 196.48 159.34 171.38 148.16 137.95 144.31 139.36 137.27 135.12 112.71 115.56 125.01 133.18 155.52 -9999 -9999 -9999 -9999 -9999 -9999 -9999 -9999 -9999 -9999 -9999 -9999 -9999 -9999 -9999 -9999 -9999 -9999 -9999 -9999 -9999 -9999 -9999 -9999 -9999 -9999 -9999 -9999 -9999 -9999 -9999 -9999 -9999 -9999 -9999 -9999 -9999 -9999 -9999 -9999 -9999 -9999
182.08 222.25 206.73 202.83 152.30 189.64 229.00 253.18 248.65 215.73 205.86 190.38 227.53 168.91 175.22 155.61 155.63 186.37 153.66 138.93 122.12 129.28 138.40 124.46 134.31 134.50 117.75 130.78 117.94 119.07 134.38 133.73 149.93 156.53 -9999 -9999 -9999 -9999 -9999 -9999 -9999 -9999 -9999 -9999 -9999 -9999 -9999 -9999 -9999 -9999 -9999 -9999 -9999 -9999 -9999 -9999 -9999 -9999 -9999 -9999 -9999 -9999 -9999 -9999 -9999 -9999 -9999 -9999 -9999 -9999 -9999 -9999 -9999 -9999 -9999 -9999
228.36 216.97 218.41 203.11 204.54 260.12 265.04 276.26 204.99 250.84 193.99 239.56 184.53 235.74 182.40 197.98 223.91 165.76 117.71 155.23 129.66 119.17 138.21 120.90 130.70 120.40 138.07 121.08 129.59 143.18 134.83 130.27 123.05 132.51 142.94 -9999 -9999 -9999 -9999 -9999 -9999 -9999 -9999 -9999 -9999 -9999 -9999 -9999 -9999 -9999 -9999 -9999 -9999 -9999 -9999 -9999 -9999 -9999 -9999 -9999 -9999 -9999 -9999 -9999 -9999 -9999 -9999 -9999 -9999 -9999 -9999 -9999 -9999 -9999 -9999 -9999
215.62 231.68 228.37 168.78 215.85 219.66 208.28 230.27 259.71 265.93 202.92 231.05 221.95 191.83 159.97 214.14 178.37 185.17 204.21 152.60 142.71 146.34 136.61 150.24 164.32 156.09 170.14 159.61 142.64 144.87 153.94 165.61 151.01 163.62 169.57 160.77 -9999 -9999 -9999 -9999 -9999 -9999 -9999 -9999 -9999 -9999 -9999 -9999 -9999 -9999 -9999 -9999 -9999 -9999 -9999 -9999 -9999 -9999 -9999 -9999 -9999 -9999 -9999 -9999 -9999 -9999 -9999 -9999 -9999 -9999 -9999 -9999 -9999 -9999 -9999 -9999
191.48 222.86 222.74 219.30 229.00 218.52 201.19 235.89 242.77 299.85 211.64 218.03 201.90 180.80 146.84 179.34 143.34 145.41 138.36 144.21 130.93 162.05 184.24 210.04 174.99 149.82 147.77 152.66 173.83 150.62 165.13 146.06 176.22 193.63 183.04 160.19 139.63 -9999 -9999 -9999 -9999 -9999 -9999 -9999 -9999 -9999 -9999 -9999 -9999 -9999 -9999 -9999 -9999 -9999 -9999 -9999 -9999 -9999 -9999 -9999 -9999 -9999 -9999 -9999 -9999 -9999 -9999 -9999 -9999 -9999 -9999 -9999 -9999 -9999 -9999 -9999
197.26 179.60 263.04 337.69 221.73 190.96 214.21 249.42 215.92 182.71 182.10 262.75 172.73 170.59 162.94 169.67 139.74 134.39 130.71 136.35 146.13 223.65 202.92 193.96 158.48 131.39 141.57 141.27 149.31 155.54 154.23 135.34 127.70 162.57 167.81 155.44 -9999 -9999 -9999 -9999 -9999 -9999 -9999 -9999 -9999 -9999 -9999 -9999 -9999 -9999 -9999 -9999 -9999 -9999 -9999 -9999 -9999 -9999 -9999 -9999 -9999 -9999 -9999 -9999 -9999 -9999 -9999 -9999 -9999 -9999 -9999 -9999 -9999 -9999 -9999 -9999
162.94 207.42 238.48 212.16 203.72 249.66 197.23 239.23 217.56 210.84 197.60 165.02 224.59 187.80 128.87 127.74 110.71 103.46 139.02 131.42 147.98 122.87 116.59 120.12 140.10 147.71 143.01 138.31 132.60 138.02 145.35 130.42 -9999 -9999 -9999 -9999 -9999 -9999 -9999 -9999 -9999 -9999 -9999 -9999 -9999 -9999 -9999 -9999 -9999 -9999 -9999 -9999 -9999 -9999 -9999 -9999 -9999 -9999 -9999 -9999 -9999 -9999 -9999 -9999 -9999 -9999 -9999 -9999 -9999 -9999 -9999 -9999 -9999 -9999 -9999 -9999
169.03 217.02 239.67 184.22 265.40 247.92 259.12 257.80 160.33 186.11 204.03 157.06 172.44 186.58 143.45 139.86 122.93 144.82 175.49 115.29 119.15 120.42 120.41 130.63 139.48 157.76 146.56 145.16 157.36 153.24 -9999 -9999 -9999 -9999 -9999 -9999 -9999 -9999 -9999 -9999 -9999 -9999 -9999 -9999 -9999 -9999 -9999 -9999 -9999 -9999 -9999 -9999 -9999 -9999 -9999 -9999 -9999 -9999 -9999 -9999 -9999 -9999 -9999 -9999 -9999 -9999 -9999 -9999 -9999 -9999 -9999 -9999 -9999 -9999 -9999 -9999
213.99 197.71 197.44 252.91 245.91 268.40 265.52 248.02 187.63 197.93 195.27 147.82 140.96 127.09 136.41 160.41 121.20 174.07 173.97 136.75 136.40 130.32 118.31 127.35 126.96 130.56 139.62 170.82 174.27 152.21 -9999 -9999 -9999 -9999 -9999 -9999 -9999 -9999 -9999 -9999 -9999 -9999 -9999 -9999 -9999 -9999 -9999 -9999 -9999 -9999 -9999 -9999 -9999 -9999 -9999 -9999 -9999 -9999 -9999 -9999 -9999 -9999 -9999 -9999 -9999 -9999 -9999 -9999 -9999 -9999 -9999 -9999 -9999 -9999 -9999 -9999
182.09 -9999 188.11 244.22 251.33 261.66 240.08 232.33 175.84 143.67 156.66 149.96 149.74 137.58 111.83 196.15 210.29 202.63 204.62 161.18 134.96 140.83 116.45 119.60 123.07 129.30 121.36 124.57 -9999 -9999 -9999 -9999 -9999 189.46 184.78 185.66 182.06 -9999 -9999 -9999 -9999 -9999 -9999 -9999 -9999 -9999 -9999 -9999 -9999 -9999 -9999 -9999 -9999 -9999 -9999 -9999 -9999 -9999 -9999 -9999 -9999 -9999 -9999 -9999 -9999 -9999 -9999 -9999 -9999 -9999 -9999 -9999 -9999 -9999 -9999 -9999
221.46 -9999 173.64 229.35 219.86 196.14 256.81 184.79 194.51 148.22 157.66 163.74 150.78 163.49 151.41 152.36 180.36 161.74 169.95 157.48 134.27 144.79 139.44 128.44 125.19 143.51 146.26 151.87 149.65 151.94 -9999 -9999 230.48 201.26 199.91 178.32 181.92 194.45 168.29 -9999 -9999 -9999 -9999 -9999 -9999 -9999 -9999 -9999 -9999 -9999 -9999 -9999 -9999 -9999 -9999 -9999 -9999 -9999 -9999 -9999 -9999 -9999 -9999 -9999 -9999 -9999 -9999 -9999 -9999 -9999 -9999 -9999 -9999 -9999 -9999 -9999
186.51 145.77 162.61 154.63 189.38 203.43 224.15 201.57 194.42 192.65 172.67 180.85 154.67 135.10 132.14 131.59 139.32 153.80 163.99 161.87 148.21 140.81 138.22 144.82 142.67 129.06 141.70 140.72 144.06 174.94 187.57 253.28 236.19 205.80 195.66 200.20 197.64 180.79 220.78 172.25 -9999 -9999 -9999 -9999 -9999 -9999 -9999 -9999 -9999 -9999 -9999 -9999 -9999 -9999 -9999 -9999 -9999 -9999 -9999 -9999 -9999 -9999 -9999 -9999 -9999 -9999 -9999 -9999 -9999 -9999 -9999 -9999 -9999 -9999 -9999 -9999
146.08 155.13 142.59 171.16 175.63 166.52 189.92 -9999 244.60 255.87 198.95 167.13 150.32 120.38 121.09 116.70 139.73 149.96 143.53 158.43 144.81 152.08 146.77 146.89 134.35 117.87 145.83 158.16 171.78 158.67 162.22 197.41 198.44 206.17 186.04 210.90 202.85 210.10 231.18 205.28 219.92 211.95 125.66 -9999 -9999 -9999 -9999 -9999 -9999 -9999 -9999 -9999 -9999 -9999 -9999 -9999 -9999 -9999 -9999 -9999 -9999 -9999 -9999 -9999 -9999 -9999 -9999 -9999 -9999 -9999 -9999 -9999 -9999 -9999 -9999 -9999
130.75 174.34 135.51 -9999 146.53 157.41 176.94 -9999 236.44 290.31 223.24 188.25 154.66 128.93 122.01 107.45 123.26 131.48 137.67 151.58 160.43 164.68 166.01 151.63 157.42 155.41 155.96 189.87 185.94 151.20 157.91 188.25 141.12 184.31 238.57 247.59 210.44 194.72 218.04 199.77 218.14 184.75 135.80 -9999 -9999 -9999 -9999 -9999 -9999 -9999 -9999 -9999 -9999 -9999 -9999 -9999 -9999 -9999 -9999 -9999 -9999 -9999 -9999 -9999 -9999 -9999 -9999 -9999 -9999 -9999 -9999 -9999 -9999 -9999 -9999 -9999
129.75 148.45 122.89 -9999 -9999 150.76 149.04 163.66 207.89 224.63 195.13 181.51 186.81 156.80 132.91 125.61 156.91 139.16 124.92 147.06 151.85 163.16 175.12 187.20 176.46 184.25 184.87 175.74 159.69 159.85 152.26 171.78 163.92 205.17 207.73 227.81 191.13 148.35 174.56 160.44 165.84 155.92 155.55 143.06 -9999 -9999 -9999 -9999 -9999 -9999 -9999 -9999 -9999 -9999 -9999 -9999 -9999 -9999 -9999 -9999 -9999 -9999 -9999 -9999 -9999 -9999 -9999 -9999 -9999 -9999 -9999 -9999 -9999 -9999 -9999 -9999
122.58 -9999 -9999 -9999 -9999 -9999 142.60 138.54 191.04 195.81 172.57 177.27 196.43 189.55 166.84 162.53 155.95 151.64 139.48 131.75 134.79 145.85 158.34 167.07 171.97 184.75 165.10 162.76 159.04 157.34 191.25 188.43 159.94 181.25 166.86 174.78 185.29 153.40 177.64 160.45 182.86 157.93 169.78 115.89 -9999 -9999 -9999 -9999 -9999 -9999 -9999 -9999 -9999 -9999 -9999 -9999 -9999 -9999 -9999 -9999 -9999 -9999 -9999 -9999 -9999 -9999 -9999 -9999 -9999 -9999 -9999 -9999 -9999 -9999 -9999 -9999
113.94 118.24 128.74 136.08 -9999 -9999 -9999 139.44 163.97 163.00 159.79 170.32 178.44 187.63 194.27 183.31 176.36 155.37 147.72 122.38 84.43 133.72 136.32 130.25 150.69 152.14 146.92 187.75 186.08 196.14 219.92 217.42 196.56 204.12 141.40 158.70 166.68 172.52 201.03 155.42 142.92 152.03 171.12 142.01 145.80 -9999 -9999 -9999 -9999 -9999 -9999 -9999 -9999 -9999 -9999 -9999 -9999 -9999 -9999 -9999 -9999 -9999 -9999 -9999 -9999 -9999 -9999 -9999 -9999 -9999 -9999 -9999 -9999 -9999 -9999 -9999
119.55 130.66 142.76 159.90 127.91 -9999 -9999 -9999 121.41 120.46 123.69 137.38 131.79 143.76 175.65 156.88 153.32 138.27 129.21 114.41 119.50 124.81 125.54 125.44 151.98 147.19 173.45 145.41 172.63 169.26 178.28 228.77 248.92 231.08 198.64 169.22 154.22 146.65 165.87 136.09 146.01 159.07 168.99 161.69 127.57 116.19 -9999 -9999 -9999 -9999 -9999 -9999 -9999 -9999 -9999 -9999 -9999 -9999 -9999 -9999 -9999 -9999 -9999 -9999 -9999 -9999 -9999 -9999 -9999 -9999 -9999 -9999 -9999 -9999 -9999 -9999
116.49 94.36 128.91 151.13 119.11 -9999 -9999 -9999 -9999 -9999 97.72 110.10 120.75 128.28 129.96 141.99 134.04 163.29 158.91 137.70 121.35 125.54 128.69 122.17 122.05 121.18 152.94 154.26 156.67 176.16 166.19 149.82 200.31 190.63 239.08 176.55 161.55 152.77 136.99 130.50 133.20 130.63 126.92 134.56 136.45 118.59 104.65 -9999 -9999 -9999 -9999 -9999 -9999 -9999 -9999 -9999 -9999 -9999 -9999 -9999 -9999 -9999 -9999 -9999 -9999 -9999 -9999 -9999 -9999 -9999 -9999 -9999 -9999 -9999 -9999 -9999
-9999 98.02 109.19 150.87 117.65 -9999 -9999 -9999 -9999 -9999 82.33 96.62 119.21 125.52 146.13 185.17 164.93 166.34 152.55 147.17 131.25 143.81 137.97 116.97 116.35 156.95 132.81 238.83 167.22 166.67 137.34 202.18 229.69 210.96 231.56 137.62 138.70 146.06 148.95 149.29 165.85 136.81 124.74 103.62 123.93 129.54 116.72 108.27 94.07 -9999 -9999 -9999 -9999 -9999 -9999 -9999 -9999 -9999 -9999 -9999 -9999 -9999 -9999 -9999 -9999 -9999 -9999 -9999 -9999 -9999 -9999 -9999 -9999 -9999 -9999 -9999
-9999 -9999 114.36 122.37 104.96 -9999 -9999 -9999 -9999 -9999 78.49 78.09 94.60 105.54 123.95 140.01 138.98 142.72 131.02 157.32 140.44 141.13 138.95 132.89 147.91 155.81 156.21 231.98 208.23 143.48 148.62 169.70 163.32 187.35 150.94 141.22 145.54 157.78 137.18 120.61 137.12 160.91 143.87 131.11 124.24 125.95 126.48 104.03 96.55 -9999 -9999 -9999 -9999 -9999 -9999 -9999 -9999 -9999 -9999 -9999 -9999 -9999 -9999 -9999 -9999 -9999 -9999 -9999 -9999 -9999 -9999 -9999 -9999 -9999 -9999 -9999
-9999 -9999 85.85 88.55 87.82 -9999 -9999 -9999 -9999 -9999 73.45 74.14 82.77 92.96 105.94 118.36 130.98 155.10 171.68 147.17 148.55 157.52 122.87 113.04 130.99 143.85 184.02 188.24 154.28 160.14 159.44 152.19 193.95 166.40 168.22 152.90 127.87 155.74 156.08 138.39 140.64 147.14 133.30 137.54 104.06 117.10 116.21 113.86 104.53 -9999 -9999 -9999 -9999 -9999 -9999 -9999 -9999 -9999 -9999 -9999 -9999 -9999 -9999 -9999 -9999 -9999 -9999 -9999 -9999 -9999 -9999 -9999 -9999 -9999 -9999 -9999
-9999 -9999 -9999 -9999 -9999 -9999 -9999 -9999 -9999 84.50 82.28 85.40 89.92 93.32 104.73 107.56 113.14 123.90 162.76 150.94 139.81 161.18 150.19 148.99 155.78 180.87 198.69 200.16 149.21 157.66 167.33 175.46 168.35 174.96 151.23 168.51 166.55 139.62 152.38 159.25 184.89 151.31 158.10 144.49 101.03 106.12 104.07 110.75 101.20 -9999 -9999 -9999 -9999 -9999 -9999 -9999 -9999 -9999 -9999 -9999 -9999 -9999 -9999 -9999 -9999 -9999 -9999 -9999 -9999 -9999 -9999 -9999 -9999 -9999 -9999 -9999
-9999 -9999 -9999 -9999 -9999 -9999 -9999 -9999 -9999 102.21 81.01 90.06 108.78 119.91 120.59 123.90 137.49 130.48 128.30 142.15 158.61 159.46 172.02 151.45 140.85 120.64 181.70 161.81 175.06 144.47 153.71 154.10 141.43 142.11 177.69 196.02 165.47 142.38 147.04 178.61 173.68 139.92 153.57 149.91 111.05 98.11 104.00 114.93 87.78 -9999 -9999 -9999 -9999 -9999 -9999 -9999 -9999 -9999 -9999 -9999 -9999 -9999 -9999 -9999 -9999 -9999 -9999 -9999 -9999 -9999 -9999 -9999 -9999 -9999 -9999 -9999
-9999 -9999 -9999 -9999 -9999 -9999 -9999 -9999 85.95 96.99 85.56 97.96 116.76 108.82 132.14 162.65 161.67 157.58 145.29 126.89 135.44 158.23 176.79 149.51 131.55 91.23 127.46 188.81 168.01 170.17 157.69 164.15 137.62 148.50 173.82 178.42 159.06 158.91 181.23 210.76 183.26 117.76 101.16 123.65 117.41 135.79 127.99 102.28 106.37 -9999 -9999 -9999 -9999 -9999 -9999 -9999 -9999 -9999 -9999 -9999 -9999 -9999 -9999 -9999 -9999 -9999 -9999 -9999 -9999 -9999 -9999 -9999 -9999 -9999 -9999 -9999
-9999 -9999 -9999 -9999 -9999 -9999 -9999 -9999 88.26 83.90 107.68 102.89 121.92 103.38 136.61 150.24 195.72 175.72 154.92 136.99 151.00 160.37 234.24 192.30 128.45 91.80 126.17 184.00 162.83 155.91 183.78 169.55 179.60 183.16 175.21 199.52 195.91 209.91 152.79 167.40 172.31 136.06 125.48 103.85 98.53 114.10 97.77 93.37 102.51 106.98 -9999 -9999 -9999 -9999 -9999 -9999 -9999 -9999 -9999 -9999 -9999 -9999 -9999 -9999 -9999 -9999 -9999 -9999 -9999 -9999 -9999 -9999 -9999 -9999 -9999 -9999
-9999 -9999 -9999 -9999 -9999 -9999 -9999 74.14 106.72 116.26 119.28 127.55 114.49 104.96 117.67 151.67 167.55 175.97 167.94 155.11 132.58 136.85 176.15 187.38 164.09 126.70 130.99 163.33 162.57 152.79 174.48 207.24 155.32 165.19 163.21 163.29 212.64 178.27 192.26 183.81 153.87 147.76 122.00 112.49 122.04 98.76 87.13 91.98 95.62 93.83 -9999 -9999 -9999 -9999 -9999 -9999 -9999 -9999 -9999 -9999 -9999 -9999 -9999 -9999 -9999 -9999 -9999 -9999 -9999 -9999 -9999 -9999 -9999 -9999 -9999 -9999
-9999 -9999 -9999 -9999 -9999 -9999 -9999 98.75 114.45 122.13 159.62 158.43 122.80 112.73 139.26 119.56 141.93 158.88 166.12 159.19 120.44 119.92 155.04 162.41 186.52 130.95 138.52 152.28 151.28 141.07 197.16 165.32 185.96 174.96 153.07 208.27 167.13 170.62 175.02 145.90 141.08 133.21 108.60 108.14 115.03 98.50 103.48 98.83 96.47 95.05 -9999 -9999 -9999 -9999 -9999 -9999 -9999 -9999 -9999 -9999 -9999 -9999 -9999 -9999 -9999 -9999 -9999 -9999 -9999 -9999 -9999 -9999 -9999 -9999 -9999 -9999
-9999 -9999 -9999 -9999 -9999 -9999 96.52 100.19 111.44 143.30 163.13 171.06 181.76 134.82 137.03 122.14 128.22 142.17 157.63 162.23 141.61 119.72 135.40 133.66 123.37 120.46 127.09 160.24 157.57 180.81 194.81 181.58 202.90 184.84 170.81 204.05 163.55 169.16 158.94 149.84 153.28 154.12 132.70 108.53 111.91 103.67 98.62 84.85 90.77 87.27 -9999 -9999 -9999 -9999 -9999 -9999 -9999 -9999 -9999 -9999 -9999 -9999 -9999 -9999 -9999 -9999 -9999 -9999 -9999 -9999 -9999 -9999 -9999 -9999 -9999 -9999
-9999 -9999 -9999 -9999 -9999 85.33 101.37 112.16 95.18 114.55 129.00 142.87 166.85 154.60 151.80 132.78 123.96 138.44 159.38 153.05 153.48 154.76 133.89 125.02 135.09 103.77 121.73 151.08 162.26 159.92 170.70 179.05 171.26 160.38 169.68 196.14 181.84 179.74 155.48 145.27 149.14 141.62 145.74 132.55 118.64 113.03 108.53 100.02 93.94 87.75 84.17 -9999 -9999 -9999 -9999 -9999 -9999 -9999 -9999 -9999 -9999 -9999 -9999 -9999 -9999 -9999 -9999 -9999 -9999 -9999 -9999 -9999 -9999 -9999 -9999 -9999
-9999 -9999 -9999 -9999 -9999 129.32 157.59 133.29 110.71 115.11 126.43 131.58 208.01 202.51 165.41 166.44 135.72 140.12 152.61 145.77 192.68 153.92 132.96 121.20 123.29 136.91 123.46 154.52 165.66 140.18 132.97 133.37 133.01 156.03 152.43 168.92 180.21 175.27 167.86 143.91 143.18 141.57 138.03 133.42 131.39 123.62 113.05 109.25 123.04 89.46 89.24 -9999 -9999 -9999 -9999 -9999 -9999 -9999 -9999 -9999 -9999 -9999 -9999 -9999 -9999 -9999 -9999 -9999 -9999 -9999 -9999 -9999 -9999 -9999 -9999 -9999
-9999 -9999 -9999 93.35 106.17 130.51 134.36 129.10 126.83 122.67 134.64 122.35 176.23 168.71 162.73 170.24 159.04 131.54 139.51 149.23 156.38 153.35 138.24 105.97 124.49 135.53 134.97 140.22 152.88 136.02 126.91 123.88 135.14 140.05 147.43 183.30 181.83 150.25 149.94 163.30 144.17 137.47 132.52 121.56 114.14 135.27 125.74 109.05 113.96 105.80 102.93 -9999 -9999 -9999 -9999 -9999 -9999 -9999 -9999 -9999 -9999 -9999 -9999 -9999 -9999 -9999 -9999 -9999 -9999 -9999 -9999 -9999 -9999 -9999 -9999 -9999
