Rainfall_2007-2011/Rainfall_2010-09_ACTUAL.txt
ncols         180
nrows         290
xllcorner     -200000
yllcorner     -200000
cellsize      5000
NODATA_value  -9999
[rows 68 to 101 of 290, columns 75 to 149 of 180]
-9999 -9999 -9999 -9999 -9999 146.65 235.74 181.79 198.65 193.23 192.40 173.08 188.56 153.77 145.19 137.19 119.24 124.77 119.34 125.81 144.05 142.89 140.14 94.75 -9999 -9999 -9999 -9999 -9999 -9999 -9999 -9999 -9999 -9999 -9999 -9999 -9999 -9999 -9999 -9999 -9999 -9999 -9999 -9999 -9999 -9999 -9999 -9999 -9999 -9999 -9999 -9999 -9999 -9999 -9999 -9999 -9999 -9999 -9999 -9999 -9999 -9999 -9999 -9999 -9999 -9999 -9999 -9999 -9999 -9999 -9999 -9999 -9999 -9999 -9999
-9999 -9999 -9999 -9999 -9999 -9999 170.73 191.92 151.82 164.03 203.00 159.31 130.57 128.17 111.30 123.03 112.11 129.19 142.78 115.98 138.11 118.05 111.19 -9999 -9999 -9999 -9999 -9999 -9999 -9999 -9999 -9999 -9999 -9999 -9999 -9999 -9999 -9999 -9999 -9999 -9999 -9999 -9999 -9999 -9999 -9999 -9999 -9999 -9999 -9999 -9999 -9999 -9999 -9999 -9999 -9999 -9999 -9999 -9999 -9999 -9999 -9999 -9999 -9999 -9999 -9999 -9999 -9999 -9999 -9999 -9999 -9999 -9999 -9999 -9999
-9999 -9999 163.66 -9999 -9999 173.98 186.34 183.98 180.81 180.82 188.64 187.89 144.51 141.64 115.32 102.12 102.12 129.94 139.21 129.23 101.01 96.69 -9999 -9999 -9999 -9999 -9999 -9999 -9999 -9999 -9999 -9999 -9999 -9999 -9999 -9999 -9999 -9999 -9999 -9999 -9999 -9999 -9999 -9999 -9999 -9999 -9999 -9999 -9999 -9999 -9999 -9999 -9999 -9999 -9999 -9999 -9999 -9999 -9999 -9999 -9999 -9999 -9999 -9999 -9999 -9999 -9999 -9999 -9999 -9999 -9999 -9999 -9999 -9999 -9999
152.72 169.25 175.45 152.50 194.87 166.51 246.84 171.39 214.50 190.89 194.16 208.56 183.96 150.68 139.76 86.55 113.47 107.98 137.57 124.83 111.65 93.40 -9999 -9999 -9999 -9999 -9999 -9999 -9999 -9999 -9999 -9999 -9999 -9999 -9999 -9999 -9999 -9999 -9999 -9999 -9999 -9999 -9999 -9999 -9999 -9999 -9999 -9999 -9999 -9999 -9999 -9999 -9999 -9999 -9999 -9999 -9999 -9999 -9999 -9999 -9999 -9999 -9999 -9999 -9999 -9999 -9999 -9999 -9999 -9999 -9999 -9999 -9999 -9999 -9999
185.40 172.59 171.03 181.47 210.44 229.80 311.58 263.07 159.82 197.52 201.60 177.75 171.36 143.40 155.47 156.58 117.93 97.41 96.75 93.70 88.52 -9999 -9999 77.23 -9999 -9999 -9999 -9999 -9999 -9999 -9999 -9999 -9999 -9999 -9999 -9999 -9999 -9999 -9999 -9999 -9999 -9999 -9999 -9999 -9999 -9999 -9999 -9999 -9999 -9999 -9999 -9999 -9999 -9999 -9999 -9999 -9999 -9999 -9999 -9999 -9999 -9999 -9999 -9999 -9999 -9999 -9999 -9999 -9999 -9999 -9999 -9999 -9999 -9999 -9999
179.21 172.72 168.50 199.41 245.52 213.04 296.49 213.10 185.20 196.85 209.15 205.72 176.99 162.39 169.67 148.72 128.88 148.81 110.67 107.57 80.49 75.45 76.01 70.22 -9999 -9999 -9999 -9999 -9999 -9999 -9999 -9999 -9999 -9999 -9999 -9999 -9999 -9999 -9999 -9999 -9999 -9999 -9999 -9999 -9999 -9999 -9999 -9999 -9999 -9999 -9999 -9999 -9999 -9999 -9999 -9999 -9999 -9999 -9999 -9999 -9999 -9999 -9999 -9999 -9999 -9999 -9999 -9999 -9999 -9999 -9999 -9999 -9999 -9999 -9999
159.95 194.05 187.25 223.41 226.36 258.66 227.99 204.03 178.24 176.39 190.07 188.70 154.64 141.02 164.66 135.94 125.49 128.62 105.63 104.35 79.50 73.39 72.58 -9999 -9999 -9999 -9999 -9999 -9999 -9999 -9999 -9999 -9999 -9999 -9999 -9999 -9999 -9999 -9999 -9999 -9999 -9999 -9999 -9999 -9999 -9999 -9999 -9999 -9999 -9999 -9999 -9999 -9999 -9999 -9999 -9999 -9999 -9999 -9999 -9999 -9999 -9999 -9999 -9999 -9999 -9999 -9999 -9999 -9999 -9999 -9999 -9999 -9999 -9999 -9999
163.67 201.20 217.49 196.33 282.05 264.14 258.58 223.67 222.76 244.76 211.19 156.77 132.75 159.30 178.19 156.61 149.31 112.60 100.53 81.06 79.75 102.99 -9999 -9999 -9999 -9999 -9999 -9999 -9999 -9999 -9999 -9999 -9999 -9999 -9999 -9999 -9999 -9999 -9999 -9999 -9999 -9999 -9999 -9999 -9999 -9999 -9999 -9999 -9999 -9999 -9999 -9999 -9999 -9999 -9999 -9999 -9999 -9999 -9999 -9999 -9999 -9999 -9999 -9999 -9999 -9999 -9999 -9999 -9999 -9999 -9999 -9999 -9999 -9999 -9999
216.05 243.64 257.59 225.23 207.47 259.87 245.49 239.45 234.53 208.32 167.58 181.60 128.23 129.38 223.07 167.91 123.85 88.31 86.28 89.27 87.50 -9999 -9999 -9999 -9999 -9999 -9999 120.18 124.60 123.83 117.42 -9999 -9999 111.75 125.83 120.75 111.28 111.51 -9999 -9999 -9999 104.11 -9999 119.67 112.62 -9999 -9999 -9999 -9999 -9999 -9999 -9999 -9999 -9999 -9999 -9999 -9999 -9999 -9999 -9999 -9999 -9999 -9999 -9999 -9999 -9999 -9999 -9999 -9999 -9999 -9999 -9999 -9999 -9999 -9999
217.32 252.71 256.70 231.31 250.93 218.02 227.15 207.06 230.67 174.32 150.54 124.84 142.06 161.10 166.51 135.57 97.57 96.61 107.45 103.30 84.23 -9999 -9999 -9999 113.72 117.14 111.49 121.90 131.46 111.89 117.25 127.11 134.79 143.07 155.59 144.06 123.06 123.34 117.92 133.88 140.31 133.91 122.34 112.19 113.88 131.29 -9999 -9999 -9999 -9999 -9999 -9999 -9999 -9999 -9999 -9999 -9999 -9999 -9999 -9999 -9999 -9999 -9999 -9999 -9999 -9999 -9999 -9999 -9999 -9999 -9999 -9999 -9999 -9999 -9999
182.93 202.26 208.83 273.23 290.20 242.53 191.34 191.80 164.68 176.65 168.13 162.25 123.31 88.14 120.00 126.90 62.63 94.42 97.86 102.91 86.80 103.96 108.48 109.92 114.86 115.57 152.69 161.66 134.25 117.43 151.95 128.07 153.81 152.61 180.36 156.63 129.05 125.75 123.86 126.58 131.85 134.28 120.99 89.46 140.45 144.40 118.73 -9999 -9999 -9999 -9999 -9999 -9999 -9999 -9999 -9999 -9999 -9999 -9999 -9999 -9999 -9999 -9999 -9999 -9999 -9999 -9999 -9999 -9999 -9999 -9999 -9999 -9999 -9999 -9999
197.76 228.04 273.79 259.12 310.01 236.47 217.12 205.68 178.96 170.22 141.19 178.38 150.72 139.89 118.43 110.06 102.78 92.64 93.91 -9999 94.08 110.28 112.64 115.02 126.32 129.77 151.22 154.79 160.97 157.47 166.21 141.25 139.09 128.93 126.26 131.58 147.36 122.66 118.23 130.38 140.15 124.36 119.44 111.89 118.23 112.24 116.28 113.26 -9999 -9999 -9999 -9999 -9999 -9999 -9999 -9999 -9999 -9999 -9999 -9999 -9999 -9999 -9999 -9999 -9999 -9999 -9999 -9999 -9999 -9999 -9999 -9999 -9999 -9999 -9999
221.90 277.08 246.19 293.05 298.61 264.87 242.69 215.67 220.07 200.65 172.08 160.74 165.25 126.38 130.59 88.33 71.24 94.89 103.07 106.05 115.09 141.52 121.38 120.60 120.11 149.42 163.61 138.19 169.09 163.87 158.67 169.01 167.04 153.54 137.13 110.26 111.93 130.47 130.86 129.89 137.66 125.96 97.63 80.35 96.64 101.95 117.64 114.15 -9999 -9999 -9999 -9999 -9999 -9999 -9999 -9999 -9999 -9999 -9999 -9999 -9999 -9999 -9999 -9999 -9999 -9999 -9999 -9999 -9999 -9999 -9999 -9999 -9999 -9999 -9999
317.95 262.46 256.95 227.97 251.82 236.52 218.10 220.51 198.33 212.33 200.65 186.74 158.45 127.30 119.43 94.76 109.48 109.38 87.12 131.55 157.37 171.79 154.13 132.29 153.40 157.36 182.45 174.50 136.55 140.84 144.19 144.29 165.16 145.61 134.50 114.88 110.06 117.54 149.58 145.74 135.39 130.56 124.33 97.25 104.43 111.84 118.89 115.40 -9999 -9999 -9999 -9999 -9999 -9999 -9999 -9999 -9999 -9999 -9999 -9999 -9999 -9999 -9999 -9999 -9999 -9999 -9999 -9999 -9999 -9999 -9999 -9999 -9999 -9999 -9999
240.98 214.01 195.22 203.33 227.05 249.79 208.81 208.46 216.24 152.84 139.88 161.20 154.38 152.06 155.64 135.76 152.23 100.37 116.75 124.04 152.81 199.39 195.80 139.89 127.97 152.80 187.34 163.80 113.44 174.25 163.98 214.66 187.22 139.65 152.53 127.73 121.01 142.60 131.75 131.12 123.21 125.04 119.62 118.15 118.65 109.63 103.79 -9999 -9999 -9999 -9999 -9999 -9999 -9999 -9999 -9999 -9999 -9999 -9999 -9999 -9999 -9999 -9999 -9999 -9999 -9999 -9999 -9999 -9999 -9999 -9999 -9999 -9999 -9999 -9999
169.35 199.00 173.37 194.62 228.10 262.53 225.48 238.12 206.88 202.09 134.65 119.20 109.67 111.87 110.16 125.06 93.51 131.43 111.22 182.91 165.37 149.83 205.96 156.46 137.44 144.60 140.01 150.86 159.48 164.72 165.84 164.17 163.00 162.90 157.97 134.54 149.96 133.45 118.81 120.71 135.80 111.46 108.86 83.84 92.55 103.12 104.62 -9999 -9999 -9999 -9999 -9999 -9999 -9999 -9999 -9999 -9999 -9999 -9999 -9999 -9999 -9999 -9999 -9999 -9999 -9999 -9999 -9999 -9999 -9999 -9999 -9999 -9999 -9999 -9999
189.35 198.02 176.99 201.51 193.25 210.79 215.47 215.17 222.34 199.92 125.23 122.46 123.27 121.74 108.53 89.47 121.98 136.55 128.32 196.10 179.64 149.01 172.20 129.05 127.88 127.61 119.30 191.54 163.45 154.62 216.16 169.23 136.21 128.97 143.57 142.91 140.93 137.66 112.82 116.45 107.26 104.68 94.42 82.46 82.72 88.82 -9999 -9999 -9999 -9999 -9999 -9999 -9999 -9999 -9999 -9999 -9999 -9999 -9999 -9999 -9999 -9999 -9999 -9999 -9999 -9999 -9999 -9999 -9999 -9999 -9999 -9999 -9999 -9999 -9999
228.74 215.39 227.48 229.94 207.28 226.55 246.98 220.68 163.64 182.29 138.04 137.10 136.91 127.68 117.92 103.77 120.95 181.37 192.13 196.38 214.42 151.36 108.01 108.25 133.01 153.79 159.36 130.83 137.83 126.86 166.70 195.64 167.16 191.55 131.88 177.62 149.52 140.77 171.85 115.53 89.99 101.08 100.65 83.54 77.40 -9999 -9999 -9999 -9999 -9999 -9999 -9999 -9999 -9999 -9999 -9999 -9999 -9999 -9999 -9999 -9999 -9999 -9999 -9999 -9999 -9999 -9999 -9999 -9999 -9999 -9999 -9999 -9999 -9999 -9999
197.74 194.80 204.25 234.50 270.57 247.22 241.44 201.26 221.62 194.86 140.59 118.62 99.56 105.52 98.31 93.18 132.12 184.83 148.63 113.34 194.23 132.98 148.36 105.70 131.09 134.53 137.25 163.46 157.57 147.05 180.10 173.44 130.05 163.52 113.65 108.21 101.18 97.97 98.93 89.38 88.76 87.90 78.75 79.95 69.01 -9999 -9999 -9999 -9999 -9999 -9999 -9999 -9999 -9999 -9999 -9999 -9999 -9999 -9999 -9999 -9999 -9999 -9999 -9999 -9999 -9999 -9999 -9999 -9999 -9999 -9999 -9999 -9999 -9999 -9999
195.50 219.89 252.48 272.68 245.33 274.44 260.26 230.13 213.46 192.93 100.71 107.63 158.31 114.77 104.08 106.35 138.29 184.17 185.96 191.13 157.46 159.17 140.20 98.30 162.23 145.75 191.04 177.28 179.07 163.10 150.68 137.69 134.32 176.60 145.63 146.77 108.30 109.90 97.99 87.89 84.73 81.93 69.73 77.32 -9999 -9999 -9999 -9999 -9999 -9999 -9999 -9999 -9999 -9999 -9999 -9999 -9999 -9999 -9999 -9999 -9999 -9999 -9999 -9999 -9999 -9999 -9999 -9999 -9999 -9999 -9999 -9999 -9999 -9999 -9999
231.74 213.43 234.36 224.21 266.16 225.53 275.52 234.67 182.15 177.43 166.00 141.79 139.00 160.45 136.31 119.13 163.52 206.35 203.37 184.11 131.67 95.20 104.24 111.73 141.88 164.52 205.01 192.07 160.01 183.60 147.54 163.21 138.86 139.60 134.44 119.64 115.78 113.37 103.00 95.10 74.17 78.46 88.00 77.32 -9999 -9999 -9999 -9999 -9999 -9999 -9999 -9999 -9999 -9999 -9999 -9999 -9999 -9999 -9999 -9999 -9999 -9999 -9999 -9999 -9999 -9999 -9999 -9999 -9999 -9999 -9999 -9999 -9999 -9999 -9999
199.23 228.06 219.40 241.47 250.62 161.63 212.41 234.94 165.39 134.56 127.84 144.38 177.58 190.10 181.74 173.81 188.09 203.85 174.84 110.14 94.18 94.67 155.73 159.43 243.40 252.82 211.02 207.38 212.29 183.01 161.27 145.08 138.19 108.29 103.71 114.35 99.26 107.75 136.71 108.83 78.69 73.66 79.55 80.50 72.89 -9999 -9999 -9999 -9999 -9999 -9999 -9999 -9999 -9999 -9999 -9999 -9999 -9999 -9999 -9999 -9999 -9999 -9999 -9999 -9999 -9999 -9999 -9999 -9999 -9999 -9999 -9999 -9999 -9999 -9999
214.08 239.12 200.43 229.75 259.95 220.23 239.35 243.97 203.77 192.51 183.42 182.16 168.12 186.33 162.32 151.57 155.31 166.45 148.38 97.55 113.13 110.28 153.33 221.09 181.74 199.61 178.91 192.24 178.69 163.91 165.02 139.13 109.94 86.84 88.91 94.75 92.60 107.91 100.75 88.06 78.06 84.14 85.79 82.60 -9999 -9999 -9999 -9999 -9999 -9999 -9999 -9999 -9999 -9999 -9999 -9999 -9999 -9999 -9999 -9999 -9999 -9999 -9999 -9999 -9999 -9999 -9999 -9999 -9999 -9999 -9999 -9999 -9999 -9999 -9999
200.35 242.43 218.62 267.53 255.29 209.08 204.28 200.08 222.79 224.32 183.79 146.28 145.27 150.11 170.23 142.89 134.56 120.47 121.34 138.30 144.03 146.27 171.77 188.46 189.17 122.57 126.27 157.12 111.04 113.36 145.85 154.85 161.87 131.68 112.34 143.45 138.96 92.35 99.45 108.49 102.55 88.06 81.36 -9999 -9999 -9999 -9999 -9999 -9999 -9999 -9999 -9999 -9999 -9999 -9999 -9999 -9999 -9999 -9999 -9999 -9999 -9999 -9999 -9999 -9999 -9999 -9999 -9999 -9999 -9999 -9999 -9999 -9999 -9999 -9999
189.73 250.56 267.39 265.56 265.67 220.14 182.25 184.24 163.89 158.97 190.85 172.92 174.26 201.78 123.54 145.13 136.11 130.84 122.97 170.32 154.07 171.31 155.76 164.97 159.16 140.30 115.87 178.11 183.61 197.02 175.19 125.04 171.44 201.04 170.87 162.61 151.96 156.76 150.08 118.02 94.94 80.22 75.62 -9999 -9999 -9999 -9999 -9999 -9999 -9999 -9999 -9999 -9999 -9999 -9999 -9999 -9999 -9999 -9999 -9999 -9999 -9999 -9999 -9999 -9999 -9999 -9999 -9999 -9999 -9999 -9999 -9999 -9999 -9999 -9999
184.09 208.55 262.53 274.42 194.38 181.28 205.60 160.90 161.76 145.60 135.77 140.53 124.26 126.13 134.75 187.86 173.76 127.22 202.54 215.50 204.17 196.98 201.40 197.63 185.56 170.57 172.88 186.53 189.49 233.18 154.48 170.52 168.18 120.27 125.53 157.03 161.76 160.46 149.44 108.85 99.60 84.54 72.78 -9999 -9999 -9999 -9999 -9999 -9999 -9999 -9999 -9999 -9999 -9999 -9999 -9999 -9999 -9999 -9999 -9999 -9999 -9999 -9999 -9999 -9999 -9999 -9999 -9999 -9999 -9999 -9999 -9999 -9999 -9999 -9999
246.68 203.58 229.32 229.36 166.34 152.58 145.85 139.80 156.19 146.49 154.66 107.24 124.30 141.71 183.69 180.78 151.97 145.80 221.58 206.08 209.43 163.04 204.62 202.30 165.01 224.23 218.38 206.49 226.49 246.47 234.66 222.91 193.98 160.81 132.76 113.40 135.05 150.60 129.06 106.09 98.35 93.21 70.32 -9999 -9999 -9999 -9999 -9999 -9999 -9999 -9999 -9999 -9999 -9999 -9999 -9999 -9999 -9999 -9999 -9999 -9999 -9999 -9999 -9999 -9999 -9999 -9999 -9999 -9999 -9999 -9999 -9999 -9999 -9999 -9999
209.99 189.88 238.53 206.95 211.38 215.83 159.72 185.18 266.51 236.64 213.44 162.55 187.41 182.83 201.91 207.36 194.86 160.69 164.95 156.25 159.02 127.31 187.76 184.04 209.17 171.75 183.38 152.52 174.70 221.49 219.13 153.03 168.03 173.23 130.29 149.52 118.47 108.20 128.19 142.68 111.84 82.52 -9999 -9999 -9999 -9999 -9999 -9999 -9999 -9999 -9999 -9999 -9999 -9999 -9999 -9999 -9999 -9999 -9999 -9999 -9999 -9999 -9999 -9999 -9999 -9999 -9999 -9999 -9999 -9999 -9999 -9999 -9999 -9999 -9999
205.23 200.65 223.45 228.36 226.84 212.15 218.64 248.74 245.97 271.49 240.41 196.35 164.64 184.42 192.35 193.87 186.37 146.57 138.39 139.99 117.00 131.53 136.39 160.77 180.38 170.34 174.40 137.38 142.67 174.24 181.40 157.52 140.12 151.28 136.17 94.70 91.66 79.52 97.96 116.86 97.58 -9999 -9999 -9999 -9999 -9999 -9999 -9999 -9999 -9999 -9999 -9999 -9999 -9999 -9999 -9999 -9999 -9999 -9999 -9999 -9999 -9999 -9999 -9999 -9999 -9999 -9999 -9999 -9999 -9999 -9999 -9999 -9999 -9999 -9999
188.83 174.77 209.39 216.71 217.76 197.49 223.50 249.24 221.17 271.33 245.93 222.85 174.88 175.43 153.02 154.41 147.84 128.56 164.74 121.04 126.26 123.57 135.54 116.31 172.29 154.11 134.48 128.87 160.01 159.62 165.76 124.86 131.78 124.72 101.50 83.07 88.65 90.59 90.04 85.75 -9999 -9999 -9999 -9999 -9999 -9999 -9999 -9999 -9999 -9999 -9999 -9999 -9999 -9999 -9999 -9999 -9999 -9999 -9999 -9999 -9999 -9999 -9999 -9999 -9999 -9999 -9999 -9999 -9999 -9999 -9999 -9999 -9999 -9999 -9999
198.46 220.29 244.38 190.66 162.07 250.85 229.25 230.87 308.99 360.33 250.21 205.63 203.46 139.90 124.30 107.01 115.80 106.98 118.42 141.19 101.95 102.45 128.71 105.86 130.47 138.40 126.11 121.09 144.85 153.37 141.57 121.29 112.66 98.44 94.05 77.77 90.68 86.80 81.98 81.24 -9999 -9999 -9999 -9999 -9999 -9999 -9999 -9999 -9999 -9999 -9999 -9999 -9999 -9999 -9999 -9999 -9999 -9999 -9999 -9999 -9999 -9999 -9999 -9999 -9999 -9999 -9999 -9999 -9999 -9999 -9999 -9999 -9999 -9999 -9999
208.23 228.48 205.34 -9999 178.94 264.47 273.83 293.70 277.61 285.52 263.06 206.55 192.41 168.48 152.93 156.50 142.95 148.90 199.62 177.99 120.72 106.60 105.90 104.09 89.26 119.47 134.91 124.14 123.33 125.83 103.70 96.49 99.34 84.13 84.57 82.09 86.17 92.52 90.74 -9999 -9999 -9999 -9999 -9999 -9999 -9999 -9999 -9999 -9999 -9999 -9999 -9999 -9999 -9999 -9999 -9999 -9999 -9999 -9999 -9999 -9999 -9999 -9999 -9999 -9999 -9999 -9999 -9999 -9999 -9999 -9999 -9999 -9999 -9999 -9999
200.77 187.39 -9999 143.83 175.11 223.24 257.95 266.72 294.94 303.15 249.08 249.19 230.21 221.42 189.78 159.37 157.75 134.58 148.00 138.02 136.59 158.24 142.00 134.57 120.89 109.61 121.01 115.67 107.65 107.77 93.03 85.85 91.88 89.76 86.39 88.82 100.50 93.37 82.42 -9999 -9999 -9999 -9999 -9999 -9999 -9999 -9999 -9999 -9999 -9999 -9999 -9999 -9999 -9999 -9999 -9999 -9999 -9999 -9999 -9999 -9999 -9999 -9999 -9999 -9999 -9999 -9999 -9999 -9999 -9999 -9999 -9999 -9999 -9999 -9999
172.02 -9999 146.21 127.69 163.10 266.96 257.84 321.72 271.84 244.56 229.69 274.65 289.75 225.27 209.42 149.41 209.31 210.32 195.46 129.24 152.52 181.04 162.95 131.77 132.71 113.87 117.75 95.43 94.55 95.06 99.47 121.44 112.37 106.43 102.90 100.59 102.52 92.04 73.32 -9999 -9999 -9999 -9999 -9999 -9999 -9999 -9999 -9999 -9999 -9999 -9999 -9999 -9999 -9999 -9999 -9999 -9999 -9999 -9999 -9999 -9999 -9999 -9999 -9999 -9999 -9999 -9999 -9999 -9999 -9999 -9999 -9999 -9999 -9999 -9999
