Rainfall_2007-2011/Rainfall_2007-09_ACTUAL.txt
ncols         180
nrows         290
xllcorner     -200000
yllcorner     -200000
cellsize      5000
NODATA_value  -9999
[rows 102 to 135 of 290, columns 77 to 153 of 180]
-9999 138.57 159.59 200.71 171.78 215.57 197.40 195.91 175.08 197.25 165.70 154.66 105.04 84.93 96.02 70.76 56.60 64.56 55.24 47.23 31.98 26.98 25.53 24.64 24.47 22.72 21.61 20.86 28.22 23.92 23.76 22.67 23.03 21.24 20.35 19.97 -9999 -9999 -9999 -9999 -9999 -9999 -9999 -9999 -9999 -9999 -9999 -9999 -9999 -9999 -9999 -9999 -9999 -9999 -9999 -9999 -9999 -9999 -9999 -9999 -9999 -9999 -9999 -9999 -9999 -9999 -9999 -9999 -9999 -9999 -9999 -9999 -9999 -9999 -9999 -9999 -9999
111.14 122.52 141.16 128.22 209.57 216.78 158.95 177.03 208.00 174.06 184.29 180.33 126.55 97.31 72.22 72.68 61.76 65.64 54.11 45.16 44.73 41.04 30.62 25.28 22.92 20.53 19.83 25.85 23.59 18.78 22.28 21.78 22.16 20.70 -9999 -9999 -9999 -9999 -9999 -9999 -9999 -9999 -9999 -9999 -9999 -9999 -9999 -9999 -9999 -9999 -9999 -9999 -9999 -9999 -9999 -9999 -9999 -9999 -9999 -9999 -9999 -9999 -9999 -9999 -9999 -9999 -9999 -9999 -9999 -9999 -9999 -9999 -9999 -9999 -9999 -9999 -9999
142.71 159.89 180.90 162.68 165.17 158.67 133.15 171.05 201.00 170.84 137.84 131.04 116.28 99.54 93.34 51.57 56.22 55.52 48.52 45.42 36.69 36.05 31.87 26.11 23.47 20.49 20.78 21.65 19.62 18.82 19.76 22.31 22.61 -9999 -9999 -9999 -9999 -9999 -9999 -9999 -9999 -9999 -9999 -9999 -9999 -9999 -9999 -9999 -9999 -9999 -9999 -9999 -9999 -9999 -9999 -9999 -9999 -9999 -9999 -9999 -9999 -9999 -9999 -9999 -9999 -9999 -9999 -9999 -9999 -9999 -9999 -9999 -9999 -9999 -9999 -9999 -9999
203.54 184.58 178.07 167.30 172.19 182.51 193.08 200.45 218.31 195.58 169.35 164.92 143.67 102.96 77.40 65.50 67.80 55.53 39.76 31.15 31.33 30.37 31.10 25.16 19.70 16.61 21.95 21.13 21.40 24.60 22.16 21.84 21.42 -9999 -9999 -9999 -9999 -9999 -9999 -9999 -9999 -9999 -9999 -9999 -9999 -9999 -9999 -9999 -9999 -9999 -9999 -9999 -9999 -9999 -9999 -9999 -9999 -9999 -9999 -9999 -9999 -9999 -9999 -9999 -9999 -9999 -9999 -9999 -9999 -9999 -9999 -9999 -9999 -9999 -9999 -9999 -9999
220.30 207.08 204.64 200.76 211.70 194.92 198.69 205.69 237.53 195.25 184.11 142.06 153.90 114.43 104.89 102.10 78.65 64.81 54.08 31.90 30.59 31.62 28.80 24.42 18.18 16.48 23.85 27.04 24.20 22.04 23.64 20.27 22.73 22.00 -9999 -9999 -9999 -9999 -9999 -9999 -9999 -9999 -9999 -9999 -9999 -9999 -9999 -9999 -9999 -9999 -9999 -9999 -9999 -9999 -9999 -9999 -9999 -9999 -9999 -9999 -9999 -9999 -9999 -9999 -9999 -9999 -9999 -9999 -9999 -9999 -9999 -9999 -9999 -9999 -9999 -9999 -9999
201.53 214.46 179.96 203.61 169.64 156.35 189.92 229.21 236.06 159.05 169.97 153.98 134.27 114.87 114.17 83.85 84.10 89.29 62.00 45.57 43.37 40.72 37.17 34.87 31.16 29.80 33.61 25.11 21.70 24.11 31.73 26.96 28.70 27.05 24.94 -9999 -9999 -9999 -9999 -9999 -9999 -9999 -9999 -9999 -9999 -9999 -9999 -9999 -9999 -9999 -9999 -9999 -9999 -9999 -9999 -9999 -9999 -9999 -9999 -9999 -9999 -9999 -9999 -9999 -9999 -9999 -9999 -9999 -9999 -9999 -9999 -9999 -9999 -9999 -9999 -9999 -9999
191.55 194.52 194.68 187.31 165.96 159.46 199.74 203.33 231.40 150.00 144.36 134.08 116.98 84.74 88.07 76.32 66.93 57.37 48.08 45.91 46.22 54.17 62.90 63.90 58.33 44.58 34.76 35.35 26.16 28.60 27.16 30.75 30.95 28.41 29.30 22.51 -9999 -9999 -9999 -9999 -9999 -9999 -9999 -9999 -9999 -9999 -9999 -9999 -9999 -9999 -9999 -9999 -9999 -9999 -9999 -9999 -9999 -9999 -9999 -9999 -9999 -9999 -9999 -9999 -9999 -9999 -9999 -9999 -9999 -9999 -9999 -9999 -9999 -9999 -9999 -9999 -9999
155.37 189.89 205.98 161.79 153.46 169.65 205.88 179.67 161.80 141.00 173.28 117.97 92.75 94.03 84.11 68.04 58.40 44.86 41.19 51.30 69.66 73.07 71.22 74.06 64.92 52.48 41.67 35.51 30.77 29.32 24.19 22.45 26.28 25.51 25.65 -9999 -9999 -9999 -9999 -9999 -9999 -9999 -9999 -9999 -9999 -9999 -9999 -9999 -9999 -9999 -9999 -9999 -9999 -9999 -9999 -9999 -9999 -9999 -9999 -9999 -9999 -9999 -9999 -9999 -9999 -9999 -9999 -9999 -9999 -9999 -9999 -9999 -9999 -9999 -9999 -9999 -9999
152.96 164.75 163.10 163.98 182.52 159.14 180.18 167.31 162.77 144.74 116.73 129.77 115.52 86.31 72.85 57.10 40.51 38.96 34.62 47.79 43.98 44.42 47.51 62.21 65.16 51.38 40.76 34.73 30.48 29.42 24.18 -9999 -9999 -9999 -9999 -9999 -9999 -9999 -9999 -9999 -9999 -9999 -9999 -9999 -9999 -9999 -9999 -9999 -9999 -9999 -9999 -9999 -9999 -9999 -9999 -9999 -9999 -9999 -9999 -9999 -9999 -9999 -9999 -9999 -9999 -9999 -9999 -9999 -9999 -9999 -9999 -9999 -9999 -9999 -9999 -9999 -9999
163.18 161.69 130.30 177.12 165.90 176.06 176.15 113.39 161.13 137.53 105.35 103.28 109.51 86.32 81.28 68.88 55.54 50.60 36.25 43.51 41.68 41.75 41.07 44.58 53.39 46.56 42.53 40.65 34.52 -9999 -9999 -9999 -9999 -9999 -9999 -9999 -9999 -9999 -9999 -9999 -9999 -9999 -9999 -9999 -9999 -9999 -9999 -9999 -9999 -9999 -9999 -9999 -9999 -9999 -9999 -9999 -9999 -9999 -9999 -9999 -9999 -9999 -9999 -9999 -9999 -9999 -9999 -9999 -9999 -9999 -9999 -9999 -9999 -9999 -9999 -9999 -9999
155.57 147.86 166.05 159.96 167.72 182.54 175.55 127.77 131.07 120.98 92.29 87.86 77.99 74.36 88.45 72.38 77.12 65.72 56.53 54.29 46.38 34.36 34.45 37.26 41.59 39.74 42.56 40.97 33.92 -9999 -9999 -9999 -9999 -9999 -9999 -9999 -9999 -9999 -9999 -9999 -9999 -9999 -9999 -9999 -9999 -9999 -9999 -9999 -9999 -9999 -9999 -9999 -9999 -9999 -9999 -9999 -9999 -9999 -9999 -9999 -9999 -9999 -9999 -9999 -9999 -9999 -9999 -9999 -9999 -9999 -9999 -9999 -9999 -9999 -9999 -9999 -9999
-9999 142.52 159.87 162.57 162.28 161.94 153.89 117.10 93.12 95.41 91.54 93.80 96.20 76.20 114.46 113.36 99.35 92.58 70.43 54.96 46.30 25.75 27.36 35.65 39.52 32.85 31.36 -9999 -9999 -9999 -9999 -9999 34.68 32.10 35.18 33.74 -9999 -9999 -9999 -9999 -9999 -9999 -9999 -9999 -9999 -9999 -9999 -9999 -9999 -9999 -9999 -9999 -9999 -9999 -9999 -9999 -9999 -9999 -9999 -9999 -9999 -9999 -9999 -9999 -9999 -9999 -9999 -9999 -9999 -9999 -9999 -9999 -9999 -9999 -9999 -9999 -9999
-9999 122.51 141.31 141.61 130.73 156.75 118.68 92.99 93.33 98.49 92.20 86.24 108.99 96.48 90.31 99.64 81.29 76.90 70.77 62.76 52.68 38.15 34.83 42.51 45.71 40.41 32.82 31.59 30.50 -9999 -9999 32.89 32.48 35.14 31.90 33.41 37.23 25.16 -9999 -9999 -9999 -9999 -9999 -9999 -9999 -9999 -9999 -9999 -9999 -9999 -9999 -9999 -9999 -9999 -9999 -9999 -9999 -9999 -9999 -9999 -9999 -9999 -9999 -9999 -9999 -9999 -9999 -9999 -9999 -9999 -9999 -9999 -9999 -9999 -9999 -9999 -9999
108.80 104.87 94.74 114.89 118.67 125.14 112.32 106.41 108.65 101.08 86.96 69.57 73.25 78.46 76.11 76.59 76.02 76.70 75.43 64.42 58.36 56.57 55.07 57.61 46.31 39.55 35.76 31.44 36.68 34.03 39.06 37.82 33.44 33.29 37.38 38.57 41.21 40.09 25.23 -9999 -9999 -9999 -9999 -9999 -9999 -9999 -9999 -9999 -9999 -9999 -9999 -9999 -9999 -9999 -9999 -9999 -9999 -9999 -9999 -9999 -9999 -9999 -9999 -9999 -9999 -9999 -9999 -9999 -9999 -9999 -9999 -9999 -9999 -9999 -9999 -9999 -9999
110.18 96.93 105.57 101.27 89.96 102.35 -9999 123.21 130.56 112.42 83.37 73.42 58.47 65.98 73.03 71.19 66.03 62.36 70.74 68.07 66.41 56.75 56.72 52.56 55.90 44.72 42.71 45.45 40.16 37.14 38.94 34.53 35.29 33.74 41.84 41.10 42.48 43.02 38.70 43.98 42.94 25.05 -9999 -9999 -9999 -9999 -9999 -9999 -9999 -9999 -9999 -9999 -9999 -9999 -9999 -9999 -9999 -9999 -9999 -9999 -9999 -9999 -9999 -9999 -9999 -9999 -9999 -9999 -9999 -9999 -9999 -9999 -9999 -9999 -9999 -9999 -9999
122.86 99.18 -9999 84.56 81.54 93.00 -9999 104.26 137.36 117.97 97.89 79.05 63.44 77.99 68.99 61.61 55.86 53.24 64.78 73.80 73.00 69.60 75.49 68.65 72.43 69.26 65.59 62.29 45.99 32.91 42.30 38.99 42.28 51.07 54.01 47.22 43.44 42.51 45.92 54.23 37.94 29.81 -9999 -9999 -9999 -9999 -9999 -9999 -9999 -9999 -9999 -9999 -9999 -9999 -9999 -9999 -9999 -9999 -9999 -9999 -9999 -9999 -9999 -9999 -9999 -9999 -9999 -9999 -9999 -9999 -9999 -9999 -9999 -9999 -9999 -9999 -9999
110.44 93.40 -9999 -9999 81.31 75.96 77.73 96.16 96.88 94.77 94.57 99.14 88.49 89.92 79.19 76.97 58.84 49.23 60.70 68.32 72.54 76.01 84.45 85.58 87.12 88.48 72.49 54.77 58.47 53.73 42.22 51.61 57.59 51.29 55.44 49.10 40.50 41.33 36.01 40.38 50.25 35.24 30.07 -9999 -9999 -9999 -9999 -9999 -9999 -9999 -9999 -9999 -9999 -9999 -9999 -9999 -9999 -9999 -9999 -9999 -9999 -9999 -9999 -9999 -9999 -9999 -9999 -9999 -9999 -9999 -9999 -9999 -9999 -9999 -9999 -9999 -9999
-9999 -9999 -9999 -9999 -9999 72.76 68.54 89.23 87.63 85.79 95.06 99.17 102.37 103.80 94.70 84.99 77.42 59.71 62.11 60.24 62.76 70.40 77.47 81.02 84.91 81.20 72.21 66.61 65.31 74.47 64.35 50.88 52.68 45.28 43.65 45.77 40.39 44.71 38.92 33.51 37.02 30.53 28.10 -9999 -9999 -9999 -9999 -9999 -9999 -9999 -9999 -9999 -9999 -9999 -9999 -9999 -9999 -9999 -9999 -9999 -9999 -9999 -9999 -9999 -9999 -9999 -9999 -9999 -9999 -9999 -9999 -9999 -9999 -9999 -9999 -9999 -9999
89.04 86.09 93.18 -9999 -9999 -9999 71.61 82.38 85.24 87.29 89.18 88.40 105.21 106.93 108.97 108.02 91.08 76.25 62.24 50.14 56.07 59.25 57.73 69.61 68.66 69.98 81.30 69.96 87.99 95.18 78.05 59.56 56.67 53.02 37.25 36.91 40.68 50.02 42.73 41.31 37.30 27.90 26.46 25.20 -9999 -9999 -9999 -9999 -9999 -9999 -9999 -9999 -9999 -9999 -9999 -9999 -9999 -9999 -9999 -9999 -9999 -9999 -9999 -9999 -9999 -9999 -9999 -9999 -9999 -9999 -9999 -9999 -9999 -9999 -9999 -9999 -9999
92.04 101.35 133.71 118.39 -9999 -9999 -9999 68.67 73.20 75.87 86.71 95.82 97.34 102.54 97.71 103.67 86.05 71.47 55.73 59.40 55.43 56.73 56.39 69.29 65.01 70.27 56.81 66.33 69.29 71.92 75.59 65.80 54.40 48.37 38.72 28.25 31.83 44.42 39.93 40.49 42.04 31.40 27.33 21.85 18.77 -9999 -9999 -9999 -9999 -9999 -9999 -9999 -9999 -9999 -9999 -9999 -9999 -9999 -9999 -9999 -9999 -9999 -9999 -9999 -9999 -9999 -9999 -9999 -9999 -9999 -9999 -9999 -9999 -9999 -9999 -9999 -9999
68.28 88.22 131.35 105.45 -9999 -9999 -9999 -9999 -9999 62.64 73.43 82.92 90.77 88.71 89.35 99.05 102.48 90.94 74.17 62.00 59.87 61.60 57.29 59.59 51.89 63.48 53.66 53.05 61.71 60.32 51.51 51.62 44.51 46.25 49.11 40.95 42.44 37.38 37.75 36.30 37.81 30.64 33.10 27.56 20.95 24.23 -9999 -9999 -9999 -9999 -9999 -9999 -9999 -9999 -9999 -9999 -9999 -9999 -9999 -9999 -9999 -9999 -9999 -9999 -9999 -9999 -9999 -9999 -9999 -9999 -9999 -9999 -9999 -9999 -9999 -9999 -9999
68.33 74.95 117.78 101.10 -9999 -9999 -9999 -9999 -9999 54.49 73.49 89.20 96.00 105.47 136.70 117.50 107.51 93.53 84.27 70.52 71.95 69.25 65.52 69.92 75.90 61.54 85.38 60.13 69.18 52.77 61.40 60.90 51.99 41.44 42.58 46.95 45.60 41.12 45.02 48.95 37.12 32.40 27.65 35.41 37.12 27.50 30.95 31.42 -9999 -9999 -9999 -9999 -9999 -9999 -9999 -9999 -9999 -9999 -9999 -9999 -9999 -9999 -9999 -9999 -9999 -9999 -9999 -9999 -9999 -9999 -9999 -9999 -9999 -9999 -9999 -9999 -9999
-9999 84.65 93.01 80.98 -9999 -9999 -9999 -9999 -9999 64.74 56.97 79.75 89.66 92.93 97.62 99.54 97.75 88.54 92.83 82.31 77.68 81.45 84.29 98.03 91.89 74.25 96.30 84.88 59.10 55.66 44.28 40.68 42.54 38.39 42.23 43.31 48.24 42.16 49.84 43.67 55.34 54.94 38.14 42.75 41.03 37.65 30.85 29.96 -9999 -9999 -9999 -9999 -9999 -9999 -9999 -9999 -9999 -9999 -9999 -9999 -9999 -9999 -9999 -9999 -9999 -9999 -9999 -9999 -9999 -9999 -9999 -9999 -9999 -9999 -9999 -9999 -9999
-9999 71.85 68.63 66.80 -9999 -9999 -9999 -9999 -9999 68.74 60.95 73.13 86.38 85.62 84.54 92.87 104.43 109.64 97.09 98.27 97.80 84.57 75.79 85.80 84.35 98.29 95.51 79.14 71.74 62.62 52.43 54.40 42.97 43.77 43.69 38.41 49.02 56.63 62.93 55.66 72.90 75.91 49.79 40.20 43.27 44.61 41.09 34.96 -9999 -9999 -9999 -9999 -9999 -9999 -9999 -9999 -9999 -9999 -9999 -9999 -9999 -9999 -9999 -9999 -9999 -9999 -9999 -9999 -9999 -9999 -9999 -9999 -9999 -9999 -9999 -9999 -9999
-9999 -9999 -9999 -9999 -9999 -9999 -9999 -9999 83.29 91.35 88.76 82.20 83.45 83.68 80.13 81.87 84.70 103.78 102.95 106.99 121.01 109.80 102.69 102.01 106.35 109.07 109.79 97.07 95.47 77.44 69.09 55.27 45.37 34.54 42.92 50.13 44.42 52.66 60.97 71.39 66.55 74.49 51.08 39.79 39.38 39.72 40.97 36.28 -9999 -9999 -9999 -9999 -9999 -9999 -9999 -9999 -9999 -9999 -9999 -9999 -9999 -9999 -9999 -9999 -9999 -9999 -9999 -9999 -9999 -9999 -9999 -9999 -9999 -9999 -9999 -9999 -9999
-9999 -9999 -9999 -9999 -9999 -9999 -9999 -9999 83.39 89.16 93.46 96.93 97.83 93.56 94.07 89.18 86.28 80.08 84.11 115.96 120.64 130.15 117.35 101.84 76.91 108.04 96.20 98.20 87.31 82.25 71.80 56.17 41.11 42.95 50.22 47.80 45.48 47.74 63.85 61.72 57.57 63.11 54.24 37.88 35.08 34.36 42.14 32.76 -9999 -9999 -9999 -9999 -9999 -9999 -9999 -9999 -9999 -9999 -9999 -9999 -9999 -9999 -9999 -9999 -9999 -9999 -9999 -9999 -9999 -9999 -9999 -9999 -9999 -9999 -9999 -9999 -9999
-9999 -9999 -9999 -9999 -9999 -9999 -9999 65.95 78.89 85.38 92.16 95.73 90.41 103.90 116.57 110.65 102.68 85.69 61.45 67.97 111.58 127.63 120.78 97.64 63.33 86.09 118.39 107.25 103.90 90.18 84.26 64.59 61.75 61.26 59.16 53.58 72.15 74.63 73.03 63.18 46.12 44.00 44.73 38.42 45.61 46.00 38.57 26.94 -9999 -9999 -9999 -9999 -9999 -9999 -9999 -9999 -9999 -9999 -9999 -9999 -9999 -9999 -9999 -9999 -9999 -9999 -9999 -9999 -9999 -9999 -9999 -9999 -9999 -9999 -9999 -9999 -9999
-9999 -9999 -9999 -9999 -9999 -9999 -9999 89.90 92.08 104.22 95.99 107.16 95.06 108.20 109.74 137.53 113.91 90.50 72.61 79.73 82.60 120.48 124.44 87.13 69.60 89.01 127.20 114.39 104.11 107.57 99.04 101.77 94.77 82.18 83.18 80.48 90.76 65.77 59.28 56.20 49.62 48.65 38.12 32.19 36.09 36.12 34.66 24.13 28.64 -9999 -9999 -9999 -9999 -9999 -9999 -9999 -9999 -9999 -9999 -9999 -9999 -9999 -9999 -9999 -9999 -9999 -9999 -9999 -9999 -9999 -9999 -9999 -9999 -9999 -9999 -9999 -9999
-9999 -9999 -9999 -9999 -9999 -9999 71.54 122.29 142.42 121.10 121.70 110.22 100.80 94.31 113.83 114.94 109.43 97.19 84.03 67.36 59.10 69.28 92.78 94.57 80.96 88.12 115.04 112.65 100.28 101.95 122.85 95.14 87.59 87.72 77.98 96.27 77.34 77.61 67.03 45.48 49.52 45.16 39.38 40.15 31.93 30.69 29.70 26.21 26.01 -9999 -9999 -9999 -9999 -9999 -9999 -9999 -9999 -9999 -9999 -9999 -9999 -9999 -9999 -9999 -9999 -9999 -9999 -9999 -9999 -9999 -9999 -9999 -9999 -9999 -9999 -9999 -9999
-9999 -9999 -9999 -9999 -9999 -9999 93.95 122.52 137.32 138.95 131.41 116.47 107.79 126.25 95.90 92.22 96.45 91.58 93.40 64.95 60.04 69.10 81.44 100.20 76.02 81.03 92.37 98.65 85.29 103.63 86.14 102.47 103.16 86.22 102.86 82.89 78.25 72.53 55.55 52.92 45.78 35.12 33.17 37.60 32.92 32.60 33.55 30.22 27.33 -9999 -9999 -9999 -9999 -9999 -9999 -9999 -9999 -9999 -9999 -9999 -9999 -9999 -9999 -9999 -9999 -9999 -9999 -9999 -9999 -9999 -9999 -9999 -9999 -9999 -9999 -9999 -9999
-9999 -9999 -9999 -9999 -9999 87.29 93.56 103.46 121.69 131.16 134.49 147.81 142.56 146.52 95.73 79.91 86.62 91.62 100.43 75.26 57.86 62.61 70.05 70.94 67.14 73.44 90.89 93.90 98.83 89.49 74.56 104.21 99.99 93.10 108.00 80.56 73.35 65.53 63.91 57.90 45.59 35.11 33.32 25.57 25.51 28.18 28.92 27.73 27.44 -9999 -9999 -9999 -9999 -9999 -9999 -9999 -9999 -9999 -9999 -9999 -9999 -9999 -9999 -9999 -9999 -9999 -9999 -9999 -9999 -9999 -9999 -9999 -9999 -9999 -9999 -9999 -9999
-9999 -9999 -9999 -9999 78.97 86.54 99.86 89.98 97.32 107.59 104.51 128.13 141.24 171.71 95.54 80.05 80.67 86.70 79.50 73.67 65.66 60.74 63.69 72.11 58.80 66.17 83.03 87.64 82.39 79.11 77.52 97.29 91.31 104.12 128.89 107.37 99.26 76.43 70.27 54.40 31.29 24.18 28.63 25.28 25.17 28.85 30.82 27.19 28.49 25.75 -9999 -9999 -9999 -9999 -9999 -9999 -9999 -9999 -9999 -9999 -9999 -9999 -9999 -9999 -9999 -9999 -9999 -9999 -9999 -9999 -9999 -9999 -9999 -9999 -9999 -9999 -9999
-9999 -9999 -9999 -9999 90.95 115.71 101.78 85.31 82.39 89.53 84.87 146.36 168.22 126.56 107.12 83.00 79.19 77.34 70.37 87.58 66.01 60.49 61.36 61.15 69.90 62.76 75.33 69.78 68.33 63.73 86.34 87.41 90.20 111.44 133.61 129.51 114.85 101.76 64.16 40.37 30.19 25.08 22.76 28.77 29.48 28.47 28.53 29.34 27.21 26.42 -9999 -9999 -9999 -9999 -9999 -9999 -9999 -9999 -9999 -9999 -9999 -9999 -9999 -9999 -9999 -9999 -9999 -9999 -9999 -9999 -9999 -9999 -9999 -9999 -9999 -9999 -9999
-9999 -9999 62.57 72.97 92.22 101.47 95.69 88.27 85.26 74.34 60.10 106.66 104.00 119.09 106.90 89.72 67.44 64.73 71.31 71.37 69.80 65.84 50.33 60.75 64.10 55.34 60.07 65.06 70.41 71.22 77.97 84.02 82.93 94.31 134.44 135.77 129.51 91.72 70.21 41.39 33.17 33.91 28.43 25.16 31.81 28.36 32.43 31.10 30.99 30.36 -9999 -9999 -9999 -9999 -9999 -9999 -9999 -9999 -9999 -9999 -9999 -9999 -9999 -9999 -9999 -9999 -9999 -9999 -9999 -9999 -9999 -9999 -9999 -9999 -9999 -9999 -9999
