Rainfall_2007-2011/Rainfall_2008-05_ACTUAL.txt
ncols         180
nrows         290
xllcorner     -200000
yllcorner     -200000
cellsize      5000
NODATA_value  -9999
[rows 136 to 169 of 290, columns 77 to 153 of 180]
-9999 -9999 22.94 24.88 25.32 30.15 28.92 30.55 28.48 27.40 25.48 28.01 31.21 39.34 32.05 27.30 22.43 20.64 19.93 20.88 22.21 22.78 18.39 18.54 14.86 11.40 11.35 13.60 14.92 15.47 15.60 15.20 13.53 12.25 14.74 19.79 17.97 17.43 17.67 16.89 11.27 10.94 19.14 17.25 20.57 20.13 8.55 11.04 23.27 23.52 14.84 -9999 -9999 -9999 -9999 -9999 -9999 -9999 -9999 -9999 -9999 -9999 -9999 -9999 -9999 -9999 -9999 -9999 -9999 -9999 -9999 -9999 -9999 -9999 -9999 -9999 -9999
-9999 -9999 23.53 25.77 23.73 26.78 28.11 29.03 30.21 36.53 27.12 25.12 28.86 30.54 23.82 24.37 23.78 20.49 21.65 23.72 23.66 25.66 19.44 -9999 -9999 -9999 11.89 12.67 -9999 15.79 21.01 17.68 17.59 12.88 14.98 19.20 15.51 15.11 17.15 15.75 12.82 12.79 12.61 10.62 13.70 16.56 14.49 14.39 20.81 22.60 20.80 -9999 -9999 -9999 -9999 -9999 -9999 -9999 -9999 -9999 -9999 -9999 -9999 -9999 -9999 -9999 -9999 -9999 -9999 -9999 -9999 -9999 -9999 -9999 -9999 -9999 -9999
-9999 -9999 21.57 26.02 27.71 31.57 31.47 29.73 30.91 33.67 24.74 24.56 25.93 28.91 19.70 21.97 23.98 20.05 22.73 22.10 17.62 17.55 17.41 -9999 -9999 -9999 13.18 13.15 12.97 15.40 18.90 17.51 15.53 14.32 17.94 22.98 16.55 17.70 14.93 16.77 17.92 18.40 16.78 14.80 17.01 15.80 17.14 21.69 23.04 23.10 26.05 -9999 -9999 -9999 -9999 -9999 -9999 -9999 -9999 -9999 -9999 -9999 -9999 -9999 -9999 -9999 -9999 -9999 -9999 -9999 -9999 -9999 -9999 -9999 -9999 -9999 -9999
-9999 -9999 -9999 22.76 29.73 30.34 -9999 32.62 31.72 29.45 24.92 23.61 -9999 23.40 19.76 22.70 17.94 17.67 19.73 17.52 15.09 -9999 -9999 -9999 -9999 12.03 12.49 12.82 12.41 12.54 12.09 13.63 16.93 16.24 20.12 23.53 15.72 19.65 15.03 17.82 20.26 20.29 24.03 23.60 17.55 17.92 17.54 20.19 22.00 29.05 29.24 25.91 -9999 -9999 -9999 -9999 -9999 -9999 -9999 -9999 -9999 -9999 -9999 -9999 -9999 -9999 -9999 -9999 -9999 -9999 -9999 -9999 -9999 -9999 -9999 -9999 -9999
-9999 -9999 -9999 -9999 21.76 -9999 -9999 -9999 31.23 31.90 29.83 27.61 22.36 -9999 -9999 20.35 17.20 15.89 19.20 -9999 -9999 -9999 -9999 -9999 8.27 10.99 12.59 13.08 13.69 13.36 12.16 14.26 17.62 18.42 21.94 24.78 22.41 18.64 20.76 20.25 30.91 27.84 31.79 23.56 21.28 15.17 19.44 20.04 19.54 24.81 30.36 30.93 -9999 -9999 -9999 -9999 -9999 -9999 -9999 -9999 -9999 -9999 -9999 -9999 -9999 -9999 -9999 -9999 -9999 -9999 -9999 -9999 -9999 -9999 -9999 -9999 -9999
-9999 -9999 -9999 -9999 18.55 17.94 -9999 -9999 -9999 28.98 31.96 27.67 23.86 -9999 -9999 -9999 -9999 15.06 -9999 -9999 -9999 -9999 -9999 -9999 9.73 11.39 12.26 11.93 16.13 15.48 11.68 15.01 18.38 26.39 23.22 25.75 29.00 19.16 19.82 20.27 22.90 22.08 22.74 24.93 21.51 16.57 20.15 18.28 18.72 21.24 27.98 26.81 -9999 -9999 -9999 -9999 -9999 -9999 -9999 -9999 -9999 -9999 -9999 -9999 -9999 -9999 -9999 -9999 -9999 -9999 -9999 -9999 -9999 -9999 -9999 -9999 -9999
-9999 -9999 -9999 -9999 -9999 20.56 -9999 -9999 -9999 -9999 28.51 25.42 22.39 -9999 -9999 -9999 -9999 -9999 -9999 -9999 -9999 -9999 -9999 12.97 14.18 14.64 14.11 15.71 17.11 17.18 17.09 23.43 21.81 37.99 46.53 35.09 36.39 24.86 21.66 21.55 20.69 23.68 23.30 20.44 18.34 19.76 21.62 19.87 20.62 21.27 29.04 28.68 23.99 -9999 -9999 -9999 -9999 -9999 -9999 -9999 -9999 -9999 -9999 -9999 -9999 -9999 -9999 -9999 -9999 -9999 -9999 -9999 -9999 -9999 -9999 -9999 -9999
-9999 -9999 -9999 -9999 -9999 23.96 -9999 -9999 -9999 -9999 -9999 -9999 -9999 -9999 -9999 -9999 -9999 -9999 -9999 -9999 -9999 -9999 -9999 12.21 15.68 14.18 14.60 14.73 17.48 21.44 18.91 23.56 24.56 28.06 32.47 29.12 41.35 33.44 27.17 16.74 21.47 28.29 33.14 28.22 23.98 17.93 19.39 20.43 23.13 21.63 24.25 26.12 23.19 20.12 -9999 -9999 -9999 -9999 -9999 -9999 -9999 -9999 -9999 -9999 -9999 -9999 -9999 -9999 -9999 -9999 -9999 -9999 -9999 -9999 -9999 -9999 -9999
-9999 -9999 -9999 -9999 -9999 -9999 -9999 -9999 -9999 -9999 -9999 -9999 -9999 -9999 -9999 -9999 -9999 -9999 -9999 -9999 -9999 -9999 11.66 11.56 14.80 14.37 17.98 21.11 33.05 30.37 27.68 24.98 30.30 27.89 23.78 32.43 39.05 36.52 26.50 19.71 19.75 17.30 24.93 23.89 24.39 20.06 17.48 19.47 19.82 20.41 21.91 21.53 18.97 18.63 -9999 -9999 -9999 -9999 -9999 -9999 -9999 -9999 -9999 -9999 -9999 -9999 -9999 -9999 -9999 -9999 -9999 -9999 -9999 -9999 -9999 -9999 -9999
-9999 -9999 -9999 -9999 -9999 -9999 -9999 -9999 -9999 -9999 -9999 -9999 -9999 -9999 -9999 -9999 -9999 -9999 -9999 -9999 -9999 -9999 16.16 16.58 16.04 15.16 20.40 29.69 27.04 28.61 29.52 30.62 37.75 40.23 28.21 26.57 22.21 19.47 27.74 25.71 25.67 22.04 20.46 20.43 19.34 17.16 18.05 20.66 19.83 19.37 19.65 20.39 18.98 21.06 18.02 16.96 16.04 -9999 -9999 -9999 -9999 -9999 -9999 -9999 -9999 -9999 -9999 -9999 -9999 -9999 -9999 -9999 -9999 -9999 -9999 -9999 -9999
-9999 -9999 -9999 -9999 -9999 -9999 -9999 -9999 -9999 -9999 -9999 -9999 -9999 -9999 -9999 -9999 -9999 -9999 -9999 -9999 -9999 -9999 19.23 20.09 16.35 13.44 17.12 32.33 30.84 56.73 48.97 41.89 52.32 41.22 34.27 23.00 18.22 14.60 17.74 15.63 24.33 20.53 18.59 16.36 18.22 17.47 17.80 19.73 19.08 18.79 18.66 22.25 26.58 28.96 26.83 21.33 19.60 21.92 18.18 -9999 -9999 -9999 -9999 -9999 -9999 -9999 -9999 -9999 -9999 -9999 -9999 -9999 -9999 -9999 -9999 -9999 -9999
-9999 -9999 -9999 -9999 -9999 -9999 -9999 -9999 -9999 -9999 -9999 -9999 -9999 -9999 -9999 -9999 -9999 -9999 -9999 -9999 -9999 -9999 21.08 22.55 21.08 22.64 28.96 33.68 32.93 43.72 49.58 48.90 70.73 52.68 33.24 23.04 23.29 14.01 14.85 17.79 26.28 31.54 22.45 20.02 18.67 18.34 19.25 18.80 18.91 19.67 19.98 21.18 24.55 25.85 23.83 20.49 22.73 18.89 20.62 18.06 14.91 -9999 -9999 -9999 -9999 -9999 -9999 -9999 -9999 -9999 -9999 -9999 -9999 -9999 -9999 -9999 -9999
-9999 -9999 -9999 -9999 -9999 -9999 -9999 -9999 -9999 -9999 -9999 -9999 -9999 -9999 -9999 -9999 -9999 -9999 -9999 -9999 -9999 -9999 18.60 18.84 23.32 30.50 31.97 45.09 48.22 45.12 43.44 44.91 52.79 48.68 35.43 22.55 19.84 14.17 16.13 28.06 31.33 31.82 30.09 29.08 25.25 21.50 22.03 20.33 20.60 20.73 21.61 22.91 23.88 24.65 23.90 19.47 17.02 13.90 17.97 18.31 16.08 17.59 -9999 -9999 -9999 -9999 -9999 -9999 -9999 -9999 -9999 -9999 -9999 -9999 -9999 -9999 -9999
-9999 -9999 -9999 -9999 -9999 -9999 -9999 -9999 -9999 -9999 19.65 17.70 16.59 -9999 -9999 -9999 -9999 -9999 -9999 -9999 -9999 -9999 -9999 17.21 19.62 26.00 28.02 36.29 49.24 37.56 35.30 44.53 50.23 42.18 36.57 34.77 25.60 20.92 21.51 26.84 26.02 35.85 36.65 32.35 27.97 27.23 24.98 22.13 21.96 22.29 24.02 24.17 29.51 39.04 26.58 30.55 27.88 24.29 18.96 14.10 18.43 17.92 15.11 -9999 -9999 -9999 -9999 -9999 -9999 -9999 -9999 -9999 -9999 -9999 -9999 -9999 -9999
-9999 -9999 -9999 -9999 -9999 -9999 -9999 -9999 -9999 -9999 17.43 18.46 -9999 -9999 -9999 -9999 -9999 -9999 -9999 -9999 -9999 -9999 -9999 -9999 19.84 26.39 39.26 34.24 43.80 34.64 40.31 63.28 43.24 32.39 33.09 18.97 29.65 17.18 15.74 25.29 28.94 34.86 31.69 36.68 27.81 30.02 24.82 23.49 23.56 23.70 25.60 26.24 28.28 27.35 15.87 27.92 20.90 23.94 20.56 18.55 17.67 17.21 17.99 -9999 -9999 -9999 -9999 -9999 -9999 -9999 -9999 -9999 -9999 -9999 -9999 -9999 -9999
-9999 -9999 -9999 -9999 -9999 -9999 -9999 -9999 -9999 19.20 23.86 24.61 21.48 -9999 -9999 -9999 -9999 -9999 -9999 -9999 -9999 -9999 -9999 -9999 19.31 26.70 28.61 29.39 31.64 38.06 35.24 38.57 39.36 28.88 28.15 20.80 20.42 25.26 18.63 19.34 22.73 23.46 29.11 29.90 33.47 32.47 25.58 28.28 29.10 26.36 24.73 28.51 30.61 32.86 35.14 29.13 25.49 23.65 18.98 19.06 18.89 15.02 17.22 16.67 -9999 -9999 -9999 -9999 -9999 -9999 -9999 -9999 -9999 -9999 -9999 -9999 -9999
-9999 -9999 -9999 -9999 -9999 -9999 -9999 -9999 17.26 25.53 28.37 34.41 20.77 -9999 -9999 -9999 -9999 -9999 -9999 -9999 -9999 -9999 -9999 -9999 21.96 27.87 29.33 25.99 32.93 34.09 38.62 42.03 32.33 29.88 29.05 20.64 26.16 24.58 21.20 20.58 26.40 22.29 23.47 27.04 34.85 33.77 26.54 27.74 29.45 30.71 25.97 27.52 35.67 36.40 35.45 26.81 23.00 20.10 18.09 18.73 18.37 11.10 13.25 14.79 -9999 -9999 -9999 -9999 -9999 -9999 -9999 -9999 -9999 -9999 -9999 -9999 -9999
-9999 -9999 -9999 -9999 -9999 -9999 -9999 13.84 15.93 28.23 26.11 20.97 -9999 -9999 -9999 -9999 -9999 -9999 -9999 -9999 -9999 -9999 -9999 -9999 -9999 25.48 25.56 22.67 26.25 32.30 38.73 35.57 31.97 32.04 29.51 20.18 24.77 28.65 27.77 21.38 20.70 28.03 29.05 34.56 37.33 32.16 29.38 24.42 25.30 25.70 26.97 27.61 32.58 36.64 31.28 24.74 20.97 18.92 15.24 15.26 14.83 13.18 16.25 18.52 16.49 15.31 -9999 -9999 -9999 -9999 -9999 -9999 -9999 -9999 -9999 -9999 -9999
-9999 -9999 -9999 -9999 -9999 -9999 -9999 16.35 20.37 19.72 18.62 19.41 -9999 -9999 -9999 -9999 -9999 -9999 -9999 -9999 -9999 -9999 -9999 -9999 -9999 -9999 28.88 22.56 28.51 29.57 27.86 36.08 39.59 35.96 29.45 22.84 29.90 29.02 28.50 23.58 20.82 21.68 25.65 25.46 14.99 32.14 28.92 25.33 22.81 23.65 29.87 27.76 27.57 26.40 26.55 25.20 24.89 20.27 15.12 14.40 15.63 15.28 13.77 19.38 18.81 15.83 -9999 -9999 -9999 -9999 -9999 -9999 -9999 -9999 -9999 -9999 -9999
-9999 -9999 -9999 -9999 -9999 -9999 -9999 16.46 16.30 15.72 17.68 -9999 -9999 -9999 -9999 -9999 -9999 -9999 -9999 -9999 -9999 -9999 -9999 -9999 -9999 -9999 29.45 30.77 31.19 -9999 27.72 -9999 23.22 24.50 23.06 22.37 24.74 31.48 18.35 24.61 22.98 16.34 17.32 25.92 25.62 33.44 29.99 25.69 22.84 21.20 24.07 24.30 26.40 27.52 27.34 27.73 25.45 19.09 14.00 14.45 16.82 16.68 16.66 17.42 21.20 17.25 15.08 14.40 -9999 -9999 -9999 -9999 -9999 -9999 -9999 -9999 -9999
-9999 -9999 -9999 -9999 -9999 -9999 12.23 14.36 13.45 -9999 -9999 -9999 -9999 -9999 -9999 -9999 -9999 -9999 -9999 -9999 -9999 -9999 -9999 -9999 -9999 -9999 30.83 31.24 31.06 -9999 -9999 -9999 22.10 25.44 22.62 19.75 25.41 27.70 23.70 24.91 24.44 23.97 19.65 25.44 29.74 31.92 30.05 26.40 24.04 21.64 25.51 24.44 25.51 29.91 26.06 25.15 22.71 15.16 11.40 12.30 18.73 18.13 19.07 17.80 19.75 16.69 13.83 13.26 -9999 -9999 -9999 -9999 -9999 -9999 -9999 -9999 -9999
-9999 -9999 -9999 -9999 -9999 -9999 -9999 -9999 -9999 -9999 -9999 -9999 -9999 -9999 -9999 -9999 -9999 -9999 -9999 -9999 -9999 -9999 -9999 -9999 -9999 -9999 -9999 -9999 -9999 -9999 -9999 17.66 22.70 22.55 27.62 34.83 44.48 40.56 29.60 28.55 27.64 23.17 22.19 20.86 23.62 27.18 25.68 23.66 22.76 22.88 25.95 25.97 24.85 25.19 25.01 25.15 25.61 18.93 15.24 15.78 17.70 19.64 17.57 16.08 17.19 17.66 16.34 -9999 -9999 -9999 -9999 -9999 -9999 -9999 -9999 -9999 -9999
-9999 -9999 -9999 -9999 -9999 -9999 -9999 -9999 -9999 -9999 -9999 -9999 -9999 -9999 -9999 -9999 -9999 -9999 -9999 -9999 -9999 -9999 -9999 -9999 -9999 -9999 -9999 -9999 -9999 -9999 -9999 23.66 23.72 26.52 30.57 53.29 60.27 50.53 34.39 25.59 24.33 19.58 15.93 23.24 24.27 25.70 23.24 25.19 25.72 26.44 25.77 25.97 25.22 24.99 25.09 25.09 25.16 22.19 18.93 20.54 18.89 15.33 16.91 20.36 18.35 19.45 18.35 -9999 -9999 -9999 -9999 -9999 -9999 -9999 -9999 -9999 -9999
-9999 -9999 -9999 -9999 -9999 -9999 -9999 -9999 -9999 -9999 -9999 -9999 -9999 -9999 -9999 -9999 -9999 -9999 -9999 -9999 -9999 -9999 -9999 -9999 -9999 -9999 -9999 -9999 -9999 -9999 -9999 21.61 24.47 29.98 38.10 34.33 34.82 30.21 31.48 28.50 26.68 18.06 19.20 16.44 19.51 26.59 5.78 29.41 28.76 27.23 24.84 25.61 26.97 24.99 26.93 25.16 23.39 23.18 20.31 17.16 15.89 17.52 18.56 20.96 19.42 19.64 20.09 -9999 -9999 -9999 -9999 -9999 -9999 -9999 -9999 -9999 -9999
-9999 -9999 -9999 -9999 -9999 -9999 -9999 -9999 -9999 -9999 -9999 -9999 -9999 -9999 -9999 -9999 -9999 -9999 -9999 -9999 -9999 -9999 -9999 -9999 -9999 -9999 -9999 -9999 -9999 28.08 23.23 20.95 27.06 28.43 35.87 37.00 28.03 31.40 24.58 24.88 24.98 19.40 21.11 18.87 21.14 20.84 19.55 29.27 26.20 25.82 27.02 27.48 27.76 26.48 24.61 24.58 22.97 23.59 20.76 17.43 16.63 18.53 18.54 19.21 20.22 23.17 20.08 19.16 -9999 -9999 -9999 -9999 -9999 -9999 -9999 -9999 -9999
-9999 -9999 -9999 -9999 -9999 -9999 -9999 -9999 -9999 -9999 -9999 -9999 -9999 -9999 -9999 -9999 -9999 -9999 -9999 -9999 -9999 -9999 -9999 -9999 -9999 -9999 -9999 -9999 -9999 34.46 35.75 28.86 26.39 30.48 50.88 34.76 26.48 22.77 22.89 23.46 25.92 26.24 22.95 23.80 22.68 2.34 20.88 31.34 34.82 35.40 29.13 32.12 31.13 27.48 27.05 25.31 22.55 19.22 19.54 22.25 21.25 19.78 19.39 19.70 22.31 21.37 19.34 17.18 -9999 -9999 -9999 -9999 -9999 -9999 -9999 -9999 -9999
-9999 -9999 -9999 -9999 -9999 -9999 -9999 -9999 -9999 -9999 -9999 -9999 -9999 -9999 -9999 -9999 -9999 -9999 -9999 -9999 -9999 -9999 -9999 -9999 -9999 -9999 -9999 -9999 -9999 32.96 33.26 30.72 29.57 32.92 39.76 33.78 29.26 22.88 21.53 24.62 26.32 28.96 5.03 25.48 27.27 19.91 24.38 29.37 35.72 33.35 31.68 31.06 30.09 27.40 28.95 27.32 23.75 18.87 18.67 21.38 19.85 19.47 20.80 20.08 20.59 19.54 20.26 19.01 18.12 -9999 -9999 -9999 -9999 -9999 -9999 -9999 -9999
-9999 -9999 -9999 -9999 -9999 -9999 -9999 -9999 -9999 -9999 -9999 -9999 -9999 -9999 -9999 -9999 -9999 -9999 -9999 -9999 -9999 -9999 -9999 -9999 -9999 -9999 -9999 -9999 -9999 32.61 31.45 32.70 34.65 32.65 38.71 40.49 29.76 25.44 23.69 25.94 30.66 37.48 42.79 35.67 32.65 26.87 25.47 30.66 28.46 31.38 31.62 30.23 28.45 26.94 29.71 28.38 24.78 22.64 20.68 19.15 16.61 18.28 20.47 22.17 24.04 21.29 19.45 18.06 17.40 16.46 -9999 -9999 -9999 -9999 -9999 -9999 -9999
-9999 -9999 -9999 -9999 -9999 -9999 -9999 -9999 -9999 -9999 -9999 -9999 -9999 -9999 -9999 -9999 -9999 -9999 -9999 -9999 -9999 -9999 -9999 -9999 -9999 -9999 -9999 -9999 -9999 22.81 28.42 36.46 39.93 36.32 41.37 42.58 30.53 27.54 24.44 29.79 35.11 38.72 29.19 28.29 14.28 23.99 26.25 32.95 29.77 30.19 29.52 26.29 27.85 28.65 29.75 27.99 23.95 26.26 23.52 21.68 22.58 18.78 18.45 22.29 25.35 23.21 18.09 16.21 16.08 15.36 -9999 -9999 -9999 -9999 -9999 -9999 -9999
-9999 -9999 -9999 -9999 -9999 -9999 -9999 -9999 -9999 -9999 -9999 -9999 -9999 -9999 -9999 -9999 -9999 -9999 -9999 -9999 -9999 -9999 -9999 -9999 -9999 -9999 -9999 -9999 -9999 -9999 31.73 44.58 41.18 32.63 37.67 38.38 34.43 32.30 29.70 27.85 33.66 33.63 13.37 30.60 19.84 22.94 29.00 30.18 26.18 27.41 28.44 28.95 28.70 32.09 32.04 28.49 27.17 27.63 25.69 23.07 21.21 21.13 18.29 19.25 20.33 20.42 -9999 16.82 15.85 16.63 18.39 -9999 -9999 -9999 -9999 -9999 -9999
-9999 -9999 -9999 -9999 -9999 -9999 -9999 -9999 -9999 -9999 -9999 -9999 -9999 -9999 -9999 -9999 -9999 -9999 -9999 -9999 -9999 -9999 -9999 -9999 -9999 -9999 -9999 -9999 -9999 26.53 34.50 37.06 39.67 41.11 48.46 43.89 48.89 45.42 39.85 32.49 32.42 32.98 39.39 37.84 41.84 29.68 29.60 30.95 23.58 28.24 28.36 28.94 27.42 30.22 30.06 29.10 28.14 27.64 26.32 25.14 29.52 24.85 20.97 18.19 21.14 20.69 19.26 -9999 17.04 16.81 17.58 16.55 -9999 -9999 -9999 -9999 -9999
-9999 -9999 -9999 -9999 -9999 -9999 -9999 -9999 -9999 -9999 -9999 -9999 -9999 -9999 -9999 -9999 -9999 -9999 -9999 -9999 -9999 -9999 -9999 -9999 -9999 -9999 -9999 -9999 -9999 27.89 38.36 41.03 39.38 40.38 49.61 51.94 34.57 31.45 34.90 34.09 33.53 36.10 34.03 17.08 30.91 34.47 37.71 39.06 33.13 32.78 30.06 30.82 27.75 27.64 30.11 31.52 29.17 28.94 25.95 25.93 27.41 28.82 24.20 19.66 20.92 21.74 19.71 17.42 -9999 -9999 -9999 -9999 -9999 -9999 -9999 -9999 -9999
-9999 -9999 -9999 -9999 -9999 -9999 -9999 -9999 -9999 -9999 -9999 -9999 -9999 -9999 -9999 -9999 -9999 -9999 -9999 -9999 -9999 -9999 -9999 -9999 -9999 -9999 -9999 -9999 37.89 37.74 39.68 40.25 36.93 42.66 47.99 44.40 40.71 36.77 31.22 31.14 29.27 30.89 41.05 57.93 16.43 35.18 41.64 40.26 37.09 32.85 29.14 30.63 28.68 28.35 31.05 30.50 22.68 29.13 29.41 26.63 26.48 25.47 23.96 23.74 21.31 20.43 19.41 18.51 15.98 17.00 -9999 -9999 -9999 -9999 -9999 -9999 -9999
-9999 -9999 -9999 -9999 -9999 -9999 -9999 -9999 -9999 -9999 -9999 -9999 -9999 -9999 -9999 -9999 -9999 -9999 -9999 -9999 -9999 -9999 -9999 -9999 -9999 -9999 -9999 -9999 -9999 43.49 44.03 42.98 44.40 59.88 46.20 44.98 49.68 37.65 31.82 29.02 31.36 33.00 38.00 44.29 48.89 58.18 47.17 42.85 39.63 33.90 33.46 28.92 28.83 30.79 30.09 28.89 28.20 28.32 27.25 27.12 25.80 25.46 24.33 23.71 20.31 22.00 16.89 14.81 16.50 14.82 14.20 14.46 -9999 -9999 -9999 -9999 -9999
