Rainfall_2007-2011/Rainfall_2008-06_ACTUAL.txt
ncols         180
nrows         290
xllcorner     -200000
yllcorner     -200000
cellsize      5000
NODATA_value  -9999
[rows 136 to 169 of 290, columns 76 to 151 of 180]
-9999 -9999 -9999 67.54 70.47 70.97 87.68 86.02 87.83 78.72 71.06 75.92 85.32 101.33 145.23 127.42 108.78 93.11 91.11 92.91 98.56 106.21 118.52 106.29 111.60 110.72 118.24 111.78 110.25 109.13 100.96 108.23 111.60 124.03 114.28 103.94 105.94 108.07 94.89 78.99 84.78 68.48 80.25 85.55 75.48 64.73 69.76 71.95 77.13 74.36 63.39 64.33 -9999 -9999 -9999 -9999 -9999 -9999 -9999 -9999 -9999 -9999 -9999 -9999 -9999 -9999 -9999 -9999 -9999 -9999 -9999 -9999 -9999 -9999 -9999 -9999
-9999 -9999 -9999 64.12 65.37 58.59 69.02 69.85 76.87 69.98 64.84 69.98 73.74 91.81 118.27 112.15 102.60 92.41 84.48 83.57 105.00 113.78 141.82 114.93 -9999 -9999 -9999 103.25 103.43 -9999 105.63 121.74 113.75 115.80 111.00 102.74 105.30 104.50 94.64 93.94 81.44 76.70 75.58 58.70 62.41 69.15 71.06 75.35 64.53 65.57 63.29 61.42 -9999 -9999 -9999 -9999 -9999 -9999 -9999 -9999 -9999 -9999 -9999 -9999 -9999 -9999 -9999 -9999 -9999 -9999 -9999 -9999 -9999 -9999 -9999 -9999
-9999 -9999 -9999 58.28 67.89 59.23 60.62 67.06 71.82 70.27 66.18 59.59 66.86 80.51 117.27 98.29 97.27 95.55 88.77 102.96 98.93 105.62 109.32 109.83 -9999 -9999 -9999 108.81 104.05 98.05 107.13 129.76 121.30 108.43 103.20 116.72 113.99 106.84 113.80 89.53 78.17 83.35 73.88 67.10 66.96 78.74 74.69 76.57 87.32 73.84 68.46 56.68 -9999 -9999 -9999 -9999 -9999 -9999 -9999 -9999 -9999 -9999 -9999 -9999 -9999 -9999 -9999 -9999 -9999 -9999 -9999 -9999 -9999 -9999 -9999 -9999
-9999 -9999 -9999 -9999 60.79 63.09 57.31 -9999 69.86 70.19 65.98 60.61 65.25 -9999 88.53 85.23 99.06 102.09 105.68 117.09 101.54 97.62 -9999 -9999 -9999 -9999 79.59 85.27 98.93 84.58 82.11 110.83 109.65 113.20 108.28 130.06 156.60 122.63 124.98 88.80 79.33 78.22 64.76 73.26 68.77 70.01 81.24 81.19 82.94 68.06 66.18 65.76 60.42 -9999 -9999 -9999 -9999 -9999 -9999 -9999 -9999 -9999 -9999 -9999 -9999 -9999 -9999 -9999 -9999 -9999 -9999 -9999 -9999 -9999 -9999 -9999
-9999 -9999 -9999 -9999 -9999 59.14 -9999 -9999 -9999 59.44 57.70 62.46 71.80 76.86 -9999 -9999 89.05 108.65 109.79 115.84 -9999 -9999 -9999 -9999 -9999 85.51 95.61 106.08 109.20 100.02 88.42 104.21 98.63 103.91 106.58 113.82 126.53 149.54 125.67 102.83 102.36 96.14 79.99 78.81 79.56 78.21 77.56 86.84 84.68 68.40 70.64 71.19 67.69 -9999 -9999 -9999 -9999 -9999 -9999 -9999 -9999 -9999 -9999 -9999 -9999 -9999 -9999 -9999 -9999 -9999 -9999 -9999 -9999 -9999 -9999 -9999
-9999 -9999 -9999 -9999 -9999 54.49 52.13 -9999 -9999 -9999 51.36 59.35 74.34 73.08 -9999 -9999 -9999 -9999 98.47 -9999 -9999 -9999 -9999 -9999 -9999 87.36 107.82 109.42 109.68 122.09 122.14 99.81 86.59 87.35 100.78 94.80 105.87 117.97 117.90 137.63 122.72 116.30 73.79 82.62 88.65 74.93 68.50 80.48 79.98 65.56 70.08 70.13 53.88 -9999 -9999 -9999 -9999 -9999 -9999 -9999 -9999 -9999 -9999 -9999 -9999 -9999 -9999 -9999 -9999 -9999 -9999 -9999 -9999 -9999 -9999 -9999
-9999 -9999 -9999 -9999 -9999 -9999 57.88 -9999 -9999 -9999 -9999 57.35 66.68 66.77 -9999 -9999 -9999 -9999 -9999 -9999 -9999 -9999 -9999 -9999 99.86 88.98 119.55 129.19 128.88 138.49 137.62 120.73 113.10 92.90 86.35 99.42 110.90 147.33 158.99 146.37 125.83 95.21 84.83 85.83 74.56 65.55 79.34 84.43 74.35 72.55 71.00 75.31 69.31 63.65 -9999 -9999 -9999 -9999 -9999 -9999 -9999 -9999 -9999 -9999 -9999 -9999 -9999 -9999 -9999 -9999 -9999 -9999 -9999 -9999 -9999 -9999
-9999 -9999 -9999 -9999 -9999 -9999 63.00 -9999 -9999 -9999 -9999 -9999 -9999 -9999 -9999 -9999 -9999 -9999 -9999 -9999 -9999 -9999 -9999 -9999 113.65 106.89 120.90 126.64 101.86 149.38 166.86 147.31 122.91 78.62 78.29 70.36 66.37 109.38 141.56 138.15 107.51 135.00 143.91 104.97 92.31 88.94 68.81 73.19 73.90 83.65 80.32 76.48 72.36 71.38 70.64 -9999 -9999 -9999 -9999 -9999 -9999 -9999 -9999 -9999 -9999 -9999 -9999 -9999 -9999 -9999 -9999 -9999 -9999 -9999 -9999 -9999
-9999 -9999 -9999 -9999 -9999 -9999 -9999 -9999 -9999 -9999 -9999 -9999 -9999 -9999 -9999 -9999 -9999 -9999 -9999 -9999 -9999 -9999 -9999 101.90 117.35 117.88 129.82 163.81 147.13 237.73 217.14 147.36 107.85 89.62 76.16 77.67 58.26 85.58 154.77 143.54 106.88 117.07 126.74 112.22 94.83 77.73 70.11 70.33 71.22 70.71 78.49 76.80 72.63 67.68 64.87 -9999 -9999 -9999 -9999 -9999 -9999 -9999 -9999 -9999 -9999 -9999 -9999 -9999 -9999 -9999 -9999 -9999 -9999 -9999 -9999 -9999
-9999 -9999 -9999 -9999 -9999 -9999 -9999 -9999 -9999 -9999 -9999 -9999 -9999 -9999 -9999 -9999 -9999 -9999 -9999 -9999 -9999 -9999 -9999 106.43 104.65 144.21 164.01 212.06 190.65 157.92 185.41 159.08 135.66 109.29 87.93 82.02 72.65 78.07 98.84 155.71 149.39 136.57 112.17 104.91 84.88 70.15 66.48 68.32 72.54 68.87 78.37 72.24 70.64 66.54 66.65 64.83 64.31 61.25 -9999 -9999 -9999 -9999 -9999 -9999 -9999 -9999 -9999 -9999 -9999 -9999 -9999 -9999 -9999 -9999 -9999 -9999
-9999 -9999 -9999 -9999 -9999 -9999 -9999 -9999 -9999 -9999 -9999 -9999 -9999 -9999 -9999 -9999 -9999 -9999 -9999 -9999 -9999 -9999 -9999 105.37 124.26 157.46 144.15 213.98 238.49 226.34 199.81 190.79 154.14 161.90 126.70 94.12 92.84 69.31 66.70 106.69 106.26 118.84 113.83 103.46 77.21 76.61 69.04 63.64 61.21 67.57 68.18 70.08 70.70 72.60 76.61 89.69 79.30 71.54 67.77 62.04 -9999 -9999 -9999 -9999 -9999 -9999 -9999 -9999 -9999 -9999 -9999 -9999 -9999 -9999 -9999 -9999
-9999 -9999 -9999 -9999 -9999 -9999 -9999 -9999 -9999 -9999 -9999 -9999 -9999 -9999 -9999 -9999 -9999 -9999 -9999 -9999 -9999 -9999 -9999 89.12 139.10 185.00 240.75 325.21 348.70 246.54 217.25 217.23 217.12 166.19 181.09 137.00 123.30 94.36 97.99 91.52 85.51 114.67 108.90 104.63 85.04 75.73 73.39 73.45 66.29 61.55 64.50 69.02 70.97 77.33 77.48 86.63 89.92 78.38 84.06 75.97 76.57 56.74 -9999 -9999 -9999 -9999 -9999 -9999 -9999 -9999 -9999 -9999 -9999 -9999 -9999 -9999
-9999 -9999 -9999 -9999 -9999 -9999 -9999 -9999 -9999 -9999 -9999 -9999 -9999 -9999 -9999 -9999 -9999 -9999 -9999 -9999 -9999 -9999 -9999 98.06 119.65 166.53 198.03 222.86 354.94 360.40 247.25 253.27 193.60 203.56 198.42 151.19 146.66 128.44 118.05 93.40 148.48 137.72 127.43 125.76 121.20 96.68 75.18 79.28 68.16 68.05 67.48 70.62 78.76 75.78 71.65 89.70 86.03 75.35 76.22 75.14 76.78 54.71 61.42 -9999 -9999 -9999 -9999 -9999 -9999 -9999 -9999 -9999 -9999 -9999 -9999 -9999
-9999 -9999 -9999 -9999 -9999 -9999 -9999 -9999 -9999 -9999 -9999 76.07 71.05 69.28 -9999 -9999 -9999 -9999 -9999 -9999 -9999 -9999 -9999 -9999 101.01 114.94 144.75 163.68 192.39 232.14 201.95 172.97 184.33 170.67 153.36 147.82 162.59 158.80 141.26 131.01 153.41 155.21 164.81 147.67 124.32 98.58 90.88 78.16 69.04 65.49 62.63 71.89 71.92 87.60 100.60 88.33 109.42 102.33 93.99 92.18 72.60 77.18 69.23 57.24 -9999 -9999 -9999 -9999 -9999 -9999 -9999 -9999 -9999 -9999 -9999 -9999
-9999 -9999 -9999 -9999 -9999 -9999 -9999 -9999 -9999 -9999 -9999 75.53 84.70 -9999 -9999 -9999 -9999 -9999 -9999 -9999 -9999 -9999 -9999 -9999 -9999 115.89 128.96 152.38 176.41 246.47 186.24 173.18 135.33 127.43 122.46 131.03 139.50 200.13 175.27 171.58 187.22 158.78 132.40 113.39 120.05 84.45 95.48 77.10 67.15 64.08 67.58 72.19 70.32 71.99 91.25 81.29 88.62 82.74 85.97 97.76 88.09 76.12 75.33 76.46 -9999 -9999 -9999 -9999 -9999 -9999 -9999 -9999 -9999 -9999 -9999 -9999
-9999 -9999 -9999 -9999 -9999 -9999 -9999 -9999 -9999 -9999 82.35 107.80 105.94 92.56 -9999 -9999 -9999 -9999 -9999 -9999 -9999 -9999 -9999 -9999 -9999 91.92 124.69 156.68 156.97 156.33 161.14 122.60 125.63 124.86 109.78 119.31 131.85 131.77 204.24 170.86 158.29 146.54 143.65 151.39 114.23 109.50 81.84 69.19 61.09 66.03 69.30 67.21 79.24 84.05 91.43 90.58 92.09 88.91 94.33 94.95 88.00 85.58 71.57 77.43 63.08 -9999 -9999 -9999 -9999 -9999 -9999 -9999 -9999 -9999 -9999 -9999
-9999 -9999 -9999 -9999 -9999 -9999 -9999 -9999 -9999 90.98 131.47 142.39 136.81 86.04 -9999 -9999 -9999 -9999 -9999 -9999 -9999 -9999 -9999 -9999 -9999 102.82 123.40 144.04 118.48 136.33 136.36 124.62 113.17 109.18 110.76 126.74 122.09 178.89 168.54 199.61 198.71 176.65 125.94 129.14 101.96 117.83 78.03 65.71 67.07 64.51 66.70 71.11 79.18 100.97 102.60 94.88 81.01 81.39 83.99 96.26 94.26 92.39 68.05 63.61 57.64 -9999 -9999 -9999 -9999 -9999 -9999 -9999 -9999 -9999 -9999 -9999
-9999 -9999 -9999 -9999 -9999 -9999 -9999 -9999 71.93 87.49 148.70 133.17 109.63 -9999 -9999 -9999 -9999 -9999 -9999 -9999 -9999 -9999 -9999 -9999 -9999 -9999 112.86 117.76 102.12 146.80 112.80 100.23 94.95 95.01 102.15 120.40 130.97 151.10 171.52 192.62 179.35 176.89 173.85 154.54 138.01 123.55 108.61 93.77 68.81 65.11 65.36 65.90 73.01 90.38 105.94 95.04 78.93 68.35 78.13 79.47 81.65 80.09 72.60 61.25 59.85 62.08 59.99 -9999 -9999 -9999 -9999 -9999 -9999 -9999 -9999 -9999
-9999 -9999 -9999 -9999 -9999 -9999 -9999 -9999 90.99 114.82 98.78 97.33 101.99 -9999 -9999 -9999 -9999 -9999 -9999 -9999 -9999 -9999 -9999 -9999 -9999 -9999 -9999 95.83 93.49 94.59 87.07 94.07 98.28 99.16 102.55 124.70 118.36 149.86 152.82 175.49 158.06 157.51 140.20 158.61 163.94 125.25 116.86 94.14 79.97 71.45 67.39 61.06 65.11 78.44 76.67 84.25 81.33 78.05 75.62 79.58 86.51 91.07 80.03 65.45 86.42 82.42 74.74 -9999 -9999 -9999 -9999 -9999 -9999 -9999 -9999 -9999
-9999 -9999 -9999 -9999 -9999 -9999 -9999 -9999 89.02 89.07 78.82 89.91 -9999 -9999 -9999 -9999 -9999 -9999 -9999 -9999 -9999 -9999 -9999 -9999 -9999 -9999 -9999 75.22 84.04 93.09 -9999 91.15 -9999 88.83 88.47 99.83 102.54 103.36 108.31 101.17 131.02 154.23 129.52 123.85 153.00 136.25 112.26 96.17 91.05 81.25 79.52 61.55 64.65 72.39 76.80 81.57 88.57 80.20 82.45 75.54 79.23 88.28 86.12 77.57 85.21 97.94 90.42 86.18 82.63 -9999 -9999 -9999 -9999 -9999 -9999 -9999
-9999 -9999 -9999 -9999 -9999 -9999 -9999 70.38 76.36 73.29 -9999 -9999 -9999 -9999 -9999 -9999 -9999 -9999 -9999 -9999 -9999 -9999 -9999 -9999 -9999 -9999 -9999 74.06 76.90 83.74 -9999 -9999 -9999 85.45 96.36 101.11 111.77 100.08 97.67 99.33 82.45 133.25 138.63 113.81 128.13 125.05 116.09 105.88 92.50 85.00 74.67 65.27 71.17 65.18 71.79 74.78 75.06 75.83 81.24 68.97 82.59 81.09 87.88 95.30 101.31 100.47 82.81 74.18 79.14 -9999 -9999 -9999 -9999 -9999 -9999 -9999
-9999 -9999 -9999 -9999 -9999 -9999 -9999 -9999 -9999 -9999 -9999 -9999 -9999 -9999 -9999 -9999 -9999 -9999 -9999 -9999 -9999 -9999 -9999 -9999 -9999 -9999 -9999 -9999 -9999 -9999 -9999 -9999 77.86 88.78 110.87 142.57 134.65 123.76 121.87 103.68 105.59 128.00 122.24 113.19 105.93 98.86 107.44 102.77 87.76 78.47 69.52 67.17 78.24 64.30 62.76 70.43 63.20 66.38 78.75 86.99 103.97 92.20 95.53 99.17 117.02 97.58 77.81 75.71 -9999 -9999 -9999 -9999 -9999 -9999 -9999 -9999
-9999 -9999 -9999 -9999 -9999 -9999 -9999 -9999 -9999 -9999 -9999 -9999 -9999 -9999 -9999 -9999 -9999 -9999 -9999 -9999 -9999 -9999 -9999 -9999 -9999 -9999 -9999 -9999 -9999 -9999 -9999 -9999 83.34 97.21 120.47 173.94 154.48 151.20 118.58 104.66 93.36 102.26 100.66 102.42 101.89 105.63 103.26 108.56 90.65 78.96 76.34 72.03 69.34 65.28 68.17 76.84 73.06 72.28 81.59 89.85 116.69 110.05 94.75 97.41 110.47 100.63 70.84 70.67 -9999 -9999 -9999 -9999 -9999 -9999 -9999 -9999
-9999 -9999 -9999 -9999 -9999 -9999 -9999 -9999 -9999 -9999 -9999 -9999 -9999 -9999 -9999 -9999 -9999 -9999 -9999 -9999 -9999 -9999 -9999 -9999 -9999 -9999 -9999 -9999 -9999 -9999 -9999 -9999 82.33 89.48 105.24 130.76 151.88 139.54 118.42 97.08 93.56 105.32 98.12 92.59 89.58 85.60 93.79 95.06 81.13 77.05 73.41 67.06 64.85 65.03 72.95 74.04 81.43 75.26 77.25 89.42 116.50 117.20 94.39 89.44 100.30 77.98 70.54 68.11 -9999 -9999 -9999 -9999 -9999 -9999 -9999 -9999
-9999 -9999 -9999 -9999 -9999 -9999 -9999 -9999 -9999 -9999 -9999 -9999 -9999 -9999 -9999 -9999 -9999 -9999 -9999 -9999 -9999 -9999 -9999 -9999 -9999 -9999 -9999 -9999 -9999 -9999 64.04 77.92 79.57 85.12 103.05 135.85 150.84 114.66 121.29 92.92 96.83 108.56 89.70 93.98 78.47 84.67 83.51 75.10 66.10 70.22 64.82 68.81 61.63 62.89 70.10 74.36 77.94 69.79 69.75 86.32 103.28 112.48 87.47 75.63 67.93 66.05 70.92 68.91 65.22 -9999 -9999 -9999 -9999 -9999 -9999 -9999
-9999 -9999 -9999 -9999 -9999 -9999 -9999 -9999 -9999 -9999 -9999 -9999 -9999 -9999 -9999 -9999 -9999 -9999 -9999 -9999 -9999 -9999 -9999 -9999 -9999 -9999 -9999 -9999 -9999 -9999 74.14 85.76 81.34 90.37 100.41 107.34 99.39 99.93 87.21 91.00 107.61 91.68 80.51 78.83 87.27 63.88 71.62 72.95 77.71 77.70 75.69 66.50 57.04 56.37 66.05 69.98 71.42 70.81 73.29 87.71 92.68 95.38 87.68 75.78 56.84 78.76 73.00 64.43 58.30 -9999 -9999 -9999 -9999 -9999 -9999 -9999
-9999 -9999 -9999 -9999 -9999 -9999 -9999 -9999 -9999 -9999 -9999 -9999 -9999 -9999 -9999 -9999 -9999 -9999 -9999 -9999 -9999 -9999 -9999 -9999 -9999 -9999 -9999 -9999 -9999 -9999 71.65 76.72 81.09 87.60 94.55 100.76 103.01 95.43 85.21 86.39 91.45 83.00 83.30 88.58 75.14 71.97 66.89 79.07 73.43 67.87 74.63 74.20 61.91 62.50 64.63 70.11 66.18 71.00 76.36 84.85 92.52 90.76 87.90 76.19 69.29 60.09 56.89 60.26 58.04 55.82 -9999 -9999 -9999 -9999 -9999 -9999
-9999 -9999 -9999 -9999 -9999 -9999 -9999 -9999 -9999 -9999 -9999 -9999 -9999 -9999 -9999 -9999 -9999 -9999 -9999 -9999 -9999 -9999 -9999 -9999 -9999 -9999 -9999 -9999 -9999 -9999 73.86 79.37 75.67 76.89 81.94 89.55 87.30 95.20 90.61 81.13 89.24 83.90 102.80 106.02 107.71 94.15 80.62 80.83 81.72 67.16 81.84 81.73 75.14 67.32 64.91 68.98 63.90 70.36 74.01 75.27 76.41 84.64 89.95 72.31 65.32 54.55 54.96 51.59 50.25 49.01 48.69 -9999 -9999 -9999 -9999 -9999
-9999 -9999 -9999 -9999 -9999 -9999 -9999 -9999 -9999 -9999 -9999 -9999 -9999 -9999 -9999 -9999 -9999 -9999 -9999 -9999 -9999 -9999 -9999 -9999 -9999 -9999 -9999 -9999 -9999 -9999 75.24 78.51 72.42 73.95 85.11 87.64 86.50 84.20 96.03 93.37 103.22 121.02 123.83 112.30 112.95 91.59 89.27 84.89 89.08 80.25 81.53 75.79 68.59 68.34 69.26 67.26 65.21 71.49 70.78 75.83 77.18 80.95 76.81 77.48 66.44 57.84 57.12 48.19 45.38 43.85 43.45 -9999 -9999 -9999 -9999 -9999
-9999 -9999 -9999 -9999 -9999 -9999 -9999 -9999 -9999 -9999 -9999 -9999 -9999 -9999 -9999 -9999 -9999 -9999 -9999 -9999 -9999 -9999 -9999 -9999 -9999 -9999 -9999 -9999 -9999 -9999 -9999 68.28 76.07 74.92 65.19 91.19 99.03 97.45 111.92 99.19 118.90 129.33 132.57 121.03 136.71 97.98 84.29 90.39 92.59 83.95 76.74 74.88 67.39 64.88 69.58 68.11 62.92 63.59 66.06 71.20 74.13 73.63 74.30 66.64 65.10 55.88 55.49 -9999 45.25 41.59 39.31 43.32 -9999 -9999 -9999 -9999
-9999 -9999 -9999 -9999 -9999 -9999 -9999 -9999 -9999 -9999 -9999 -9999 -9999 -9999 -9999 -9999 -9999 -9999 -9999 -9999 -9999 -9999 -9999 -9999 -9999 -9999 -9999 -9999 -9999 -9999 87.82 75.07 96.19 86.93 85.99 85.35 109.70 112.07 139.44 142.25 120.72 145.64 136.71 167.44 169.52 147.47 95.28 80.34 90.67 81.31 71.40 67.43 62.66 62.70 70.44 61.36 53.28 56.80 61.75 65.82 69.79 76.34 81.94 69.91 69.75 55.44 52.27 51.86 -9999 45.50 44.10 46.80 42.16 -9999 -9999 -9999
-9999 -9999 -9999 -9999 -9999 -9999 -9999 -9999 -9999 -9999 -9999 -9999 -9999 -9999 -9999 -9999 -9999 -9999 -9999 -9999 -9999 -9999 -9999 -9999 -9999 -9999 -9999 -9999 -9999 -9999 98.85 89.24 89.22 84.40 96.12 114.16 104.95 120.71 119.18 115.55 118.13 135.94 113.71 146.53 141.42 113.14 88.99 90.80 84.42 73.77 74.84 58.38 58.27 61.37 57.95 49.38 46.50 51.77 58.04 60.48 66.87 71.87 82.65 73.97 77.38 63.05 54.63 54.17 51.96 -9999 -9999 -9999 -9999 -9999 -9999 -9999
-9999 -9999 -9999 -9999 -9999 -9999 -9999 -9999 -9999 -9999 -9999 -9999 -9999 -9999 -9999 -9999 -9999 -9999 -9999 -9999 -9999 -9999 -9999 -9999 -9999 -9999 -9999 -9999 -9999 85.88 103.71 95.91 94.15 87.17 96.00 106.29 105.00 108.05 112.09 121.18 116.35 103.51 105.80 131.42 119.57 128.02 102.01 100.34 88.45 71.18 60.05 58.12 54.05 59.47 55.11 46.52 47.33 53.24 56.89 57.81 64.98 70.40 70.80 76.65 70.16 62.83 58.17 61.46 63.12 52.27 55.92 -9999 -9999 -9999 -9999 -9999
-9999 -9999 -9999 -9999 -9999 -9999 -9999 -9999 -9999 -9999 -9999 -9999 -9999 -9999 -9999 -9999 -9999 -9999 -9999 -9999 -9999 -9999 -9999 -9999 -9999 -9999 -9999 -9999 -9999 -9999 89.39 89.80 96.59 94.34 104.93 95.82 98.27 100.94 106.87 120.82 99.47 96.79 95.69 103.80 101.21 108.01 118.16 94.62 93.93 78.12 64.31 60.46 51.09 50.05 51.86 49.42 48.89 52.13 52.32 50.67 49.89 63.60 73.12 74.14 67.33 56.23 61.71 60.62 58.92 53.87 51.80 54.88 57.37 -9999 -9999 -9999
