Rainfall_2007-2011/Rainfall_2007-05_ACTUAL.txt
ncols         180
nrows         290
xllcorner     -200000
yllcorner     -200000
cellsize      5000
NODATA_value  -9999
[rows 170 to 203 of 290, columns 77 to 153 of 180]
-9999 -9999 -9999 -9999 -9999 -9999 -9999 -9999 -9999 -9999 -9999 -9999 -9999 -9999 -9999 -9999 -9999 -9999 -9999 -9999 -9999 -9999 -9999 -9999 -9999 -9999 -9999 -9999 -9999 93.72 111.39 104.11 95.58 92.79 88.75 80.25 73.91 80.46 81.09 77.04 73.10 79.46 90.56 100.51 151.58 165.87 172.74 155.32 115.76 100.50 93.73 92.24 83.06 87.30 82.66 83.36 78.36 87.82 82.64 79.20 86.17 89.94 97.76 95.16 96.41 98.32 104.46 101.72 92.24 85.00 85.40 80.06 -9999 -9999 -9999 -9999 -9999
-9999 -9999 -9999 -9999 -9999 -9999 -9999 -9999 -9999 46.26 50.27 56.06 64.29 -9999 -9999 -9999 -9999 -9999 -9999 -9999 -9999 -9999 -9999 -9999 -9999 -9999 -9999 -9999 91.94 97.22 111.03 116.21 125.97 94.76 82.52 81.12 76.15 76.18 74.95 75.72 73.78 76.92 88.47 113.12 116.20 142.65 138.54 127.56 116.99 86.81 87.59 84.52 90.53 82.42 80.94 87.41 72.34 81.75 86.55 77.69 88.66 92.12 96.23 94.95 92.60 97.77 99.15 97.86 105.64 92.26 89.30 86.93 89.77 -9999 -9999 -9999 -9999
-9999 -9999 -9999 -9999 -9999 -9999 -9999 -9999 -9999 57.26 63.68 64.31 63.35 -9999 -9999 -9999 -9999 -9999 -9999 -9999 -9999 -9999 -9999 -9999 -9999 -9999 -9999 93.56 100.23 112.07 107.59 122.24 111.48 89.49 71.55 79.57 74.46 71.06 80.04 73.68 75.27 85.64 83.87 101.56 142.31 136.04 115.79 105.13 112.99 90.85 80.91 78.13 84.35 84.28 81.73 78.78 65.41 66.47 86.32 84.36 85.98 90.29 99.52 99.70 103.88 95.21 108.92 113.39 103.66 102.15 95.49 95.65 96.14 -9999 -9999 -9999 -9999
-9999 -9999 -9999 -9999 -9999 -9999 -9999 42.90 46.19 49.75 66.59 65.97 71.77 70.30 55.66 68.50 -9999 -9999 78.93 71.08 -9999 -9999 -9999 70.58 81.57 90.40 -9999 89.09 105.48 112.78 101.59 105.11 100.38 94.41 94.02 78.94 83.50 70.91 70.24 68.90 71.71 74.01 87.98 95.22 110.48 115.97 94.90 100.63 116.05 84.69 95.94 81.62 85.14 88.12 85.12 79.91 78.29 77.86 83.66 83.57 85.39 86.71 106.60 95.14 89.60 91.68 104.84 109.20 105.32 96.92 99.19 106.81 97.98 93.34 -9999 -9999 -9999
-9999 -9999 -9999 -9999 -9999 -9999 -9999 -9999 45.73 46.81 68.41 74.09 76.48 78.77 84.04 73.68 -9999 102.92 90.26 83.26 70.02 80.66 71.24 66.98 89.11 96.63 89.89 -9999 92.14 98.30 99.30 104.26 101.32 92.61 86.67 65.77 75.22 80.73 79.87 60.79 87.60 86.48 91.94 101.58 86.77 105.32 87.76 99.65 109.72 96.44 85.97 82.01 89.52 85.54 85.58 88.29 90.47 79.54 89.25 89.34 91.90 95.31 110.41 100.55 88.69 94.47 100.25 104.17 102.59 109.33 109.43 104.35 98.65 92.44 -9999 -9999 -9999
-9999 -9999 -9999 -9999 -9999 -9999 -9999 -9999 -9999 51.72 90.34 87.36 76.23 70.00 76.03 94.92 115.79 142.66 109.92 100.24 98.29 93.91 79.99 75.22 80.84 122.23 111.30 91.37 91.40 104.31 104.19 95.60 109.10 111.02 105.32 63.33 76.05 83.20 85.18 90.06 89.21 98.23 105.84 120.76 106.93 108.44 88.02 81.24 90.44 101.71 80.29 81.74 90.85 83.96 86.43 91.26 87.14 87.86 72.30 72.92 88.94 106.35 101.97 105.29 97.32 97.43 97.13 96.17 101.79 107.44 107.86 116.75 97.40 84.44 81.99 -9999 -9999
-9999 -9999 -9999 -9999 -9999 -9999 -9999 -9999 -9999 -9999 93.73 63.70 66.57 73.45 94.20 138.53 178.69 140.59 101.41 113.30 102.55 123.80 112.55 84.76 78.18 160.92 134.25 110.10 93.91 105.87 103.30 106.66 102.59 108.27 111.35 95.81 95.37 88.38 88.94 86.09 86.49 97.79 105.05 119.15 103.55 102.98 101.89 85.24 94.10 106.05 74.52 82.18 91.24 86.52 86.93 92.53 89.75 96.29 85.18 77.38 89.51 92.84 104.63 105.85 103.77 95.31 93.43 95.20 100.15 111.86 100.29 100.86 99.50 92.13 91.12 -9999 -9999
-9999 -9999 -9999 -9999 -9999 -9999 -9999 -9999 -9999 -9999 -9999 70.82 73.05 104.22 122.76 163.58 193.50 175.07 138.60 130.31 133.14 142.97 140.70 115.38 99.84 102.57 150.78 133.13 105.81 106.84 96.21 107.92 101.66 105.31 118.30 98.72 90.16 92.82 92.12 86.55 87.66 99.29 108.07 110.69 97.11 93.21 104.54 91.64 70.99 89.72 102.56 89.22 97.47 93.85 94.80 96.61 89.85 97.84 95.39 95.30 89.35 78.08 105.54 103.11 97.56 96.11 95.41 92.84 100.98 104.65 94.94 96.96 99.86 94.57 82.60 -9999 -9999
-9999 -9999 -9999 -9999 -9999 -9999 -9999 -9999 -9999 -9999 -9999 74.07 79.50 124.90 153.61 217.76 214.85 159.31 134.69 118.83 146.23 138.64 133.63 122.00 117.55 102.35 124.72 138.47 134.20 122.57 118.26 88.77 97.35 103.45 104.39 97.56 86.21 92.77 103.37 91.81 88.02 97.93 92.60 110.24 106.10 109.72 113.85 115.65 97.25 105.52 97.04 84.58 96.16 103.10 102.81 107.49 95.92 91.30 95.00 97.70 93.37 94.68 105.71 104.99 101.46 100.64 100.62 100.28 104.40 109.17 107.45 102.24 103.17 100.30 -9999 -9999 -9999
-9999 -9999 -9999 -9999 -9999 -9999 -9999 -9999 -9999 -9999 -9999 84.56 100.86 136.63 153.14 248.94 216.92 166.74 150.00 111.68 133.41 120.54 115.13 134.54 124.97 110.66 134.93 140.50 133.73 109.30 110.61 97.20 99.18 106.33 108.51 108.80 97.30 95.66 103.42 106.66 101.53 88.43 84.67 104.69 102.72 95.68 98.94 95.50 99.66 108.29 92.65 104.44 101.08 110.95 106.80 109.86 107.98 88.23 89.21 87.05 89.67 95.77 130.87 117.13 110.51 102.29 103.88 105.05 108.25 105.71 109.72 115.37 104.70 -9999 -9999 -9999 -9999
-9999 -9999 -9999 -9999 -9999 -9999 -9999 -9999 -9999 -9999 78.30 127.93 104.31 135.27 172.39 159.85 236.73 228.87 183.00 166.24 163.20 130.79 121.63 101.53 116.11 123.41 142.07 143.08 143.52 115.44 110.61 101.85 107.18 108.99 108.37 103.19 98.52 96.93 99.07 92.67 108.35 97.00 115.87 125.83 104.76 105.84 87.41 102.76 97.81 96.28 98.50 93.91 88.40 97.92 108.31 114.23 114.07 82.89 100.73 96.29 97.63 103.66 129.26 121.95 108.37 106.92 107.25 110.31 110.29 113.56 108.42 109.76 -9999 -9999 -9999 -9999 -9999
-9999 -9999 -9999 -9999 -9999 -9999 -9999 -9999 55.19 64.57 81.25 99.74 111.77 121.27 126.92 116.33 184.29 172.28 183.33 173.11 157.37 142.82 135.41 101.97 119.18 130.37 119.88 122.90 123.60 119.21 114.71 95.29 106.25 102.08 112.05 102.99 96.82 106.54 102.90 94.46 106.93 101.42 101.30 115.82 99.78 92.28 94.40 95.49 86.64 96.14 100.91 93.86 85.06 95.73 102.31 109.14 105.33 94.88 97.25 102.33 100.65 107.04 121.02 113.47 96.38 104.66 108.68 107.63 109.52 114.40 108.25 -9999 -9999 -9999 -9999 -9999 99.07
-9999 -9999 -9999 -9999 -9999 -9999 -9999 59.06 55.56 64.67 68.26 90.44 78.44 103.90 97.11 104.81 133.23 151.91 161.26 192.27 136.05 120.63 117.96 93.83 130.38 152.64 148.14 128.99 143.71 131.44 115.14 107.53 113.10 112.53 104.42 107.57 102.29 113.69 123.84 110.88 93.80 103.43 96.28 102.55 97.93 94.82 95.41 90.64 91.93 93.21 96.51 106.09 92.17 95.99 95.40 104.45 103.37 94.29 97.87 96.75 101.49 114.62 125.99 108.71 97.97 101.19 107.72 110.04 100.53 108.48 106.45 -9999 -9999 -9999 -9999 -9999 98.78
-9999 -9999 -9999 -9999 -9999 -9999 66.14 73.45 72.90 67.68 -9999 -9999 -9999 -9999 105.03 131.02 150.91 138.73 152.63 146.08 134.03 149.25 137.45 111.65 162.88 175.99 153.80 133.05 129.13 112.89 117.05 124.86 118.23 117.40 113.29 109.44 99.78 114.08 120.91 111.60 98.74 98.94 96.02 92.72 95.99 95.81 93.35 94.49 88.87 88.58 82.67 104.30 102.05 98.18 98.21 106.04 104.20 109.74 111.09 105.98 108.93 115.11 119.56 106.90 107.70 119.54 107.30 107.05 104.62 109.78 108.20 110.08 -9999 -9999 -9999 -9999 114.85
-9999 -9999 -9999 -9999 -9999 -9999 60.81 79.28 64.33 58.04 -9999 -9999 -9999 -9999 89.79 122.87 166.28 160.19 158.28 159.76 154.86 157.82 155.04 127.32 146.65 117.96 113.23 121.06 114.88 113.48 107.23 120.38 126.84 126.50 120.50 114.10 114.44 109.79 99.79 115.36 104.25 99.13 96.03 99.79 95.90 99.33 101.67 89.01 84.20 80.96 95.22 99.34 104.35 108.76 92.88 104.83 111.90 115.54 118.19 112.96 121.62 117.23 125.57 95.86 106.21 106.85 103.27 105.59 107.39 114.73 111.30 113.94 110.16 -9999 -9999 116.97 129.78
-9999 -9999 -9999 -9999 -9999 -9999 -9999 -9999 -9999 -9999 -9999 -9999 -9999 -9999 88.40 117.95 133.38 133.09 148.32 143.00 179.21 168.16 134.10 122.22 113.01 119.68 120.46 113.46 116.39 104.40 119.73 125.68 130.43 119.58 117.08 101.38 99.00 113.17 111.91 110.65 101.73 98.00 98.11 97.48 103.02 103.29 103.07 91.63 91.51 99.81 108.98 102.01 102.35 100.01 71.64 102.24 110.99 108.94 108.60 105.68 120.05 125.72 128.02 112.79 106.39 101.37 105.50 103.71 106.09 123.12 105.60 111.24 111.44 91.13 107.93 115.38 131.33
-9999 -9999 -9999 -9999 -9999 -9999 -9999 -9999 -9999 -9999 -9999 -9999 -9999 -9999 -9999 106.90 109.22 128.15 145.76 176.57 192.18 197.38 163.11 119.32 110.36 113.76 98.67 121.15 113.16 113.14 132.99 137.22 134.97 134.82 124.23 119.95 118.95 115.35 114.85 113.70 107.25 93.56 106.94 107.17 102.56 103.60 89.13 89.00 94.65 104.66 110.86 111.96 121.03 107.50 101.93 100.16 102.19 100.13 102.28 101.32 108.90 117.07 123.07 112.30 100.81 99.46 100.45 104.66 107.96 104.96 99.46 114.27 114.92 112.91 116.00 117.62 118.91
-9999 -9999 -9999 -9999 -9999 -9999 -9999 -9999 -9999 -9999 -9999 -9999 -9999 -9999 -9999 120.18 158.43 187.83 162.20 165.39 164.78 159.70 136.68 111.82 92.96 93.35 122.67 151.02 113.80 142.52 137.48 150.87 140.15 144.80 129.95 131.52 112.12 129.17 126.44 118.73 108.94 94.66 106.56 111.24 103.25 98.24 93.22 93.93 94.84 99.71 105.40 114.43 135.54 121.89 99.19 91.95 103.16 99.18 108.64 114.33 111.49 112.25 118.20 110.40 104.88 110.29 104.19 104.93 107.24 109.24 111.95 109.45 115.59 103.80 117.04 120.62 113.45
-9999 -9999 -9999 -9999 -9999 -9999 -9999 -9999 -9999 -9999 -9999 -9999 -9999 -9999 117.61 134.37 137.81 180.31 160.91 138.50 147.40 133.59 128.79 118.46 95.72 96.42 128.22 118.63 160.57 140.75 127.58 130.23 143.85 138.55 133.37 142.27 131.11 137.91 118.19 115.65 109.09 106.86 112.34 119.91 110.80 98.13 94.72 96.25 94.39 100.46 99.05 107.34 132.16 105.05 94.25 96.51 99.75 93.64 105.74 120.81 124.95 118.90 110.81 103.68 105.33 111.10 111.46 105.21 102.02 106.16 113.74 115.99 112.18 97.31 113.80 117.34 119.14
-9999 -9999 -9999 -9999 -9999 -9999 -9999 -9999 -9999 -9999 -9999 -9999 -9999 -9999 104.17 123.55 164.36 149.80 130.47 113.25 121.81 134.53 133.66 103.80 91.23 83.25 112.65 102.40 116.94 124.33 138.65 151.98 141.05 119.87 139.20 131.02 110.03 110.61 109.01 112.89 118.68 116.23 123.57 131.24 127.50 111.82 112.99 107.78 99.40 99.97 100.01 105.59 117.22 110.91 112.66 102.72 109.16 111.63 112.84 122.91 153.44 120.26 109.10 90.71 98.01 109.34 107.15 116.31 96.60 98.11 114.08 122.65 122.23 115.42 115.28 113.14 118.77
-9999 -9999 -9999 -9999 -9999 -9999 -9999 -9999 -9999 -9999 -9999 -9999 -9999 -9999 81.62 110.80 114.30 146.90 130.77 126.66 125.72 140.47 118.76 115.11 99.39 91.50 106.17 119.47 116.48 138.60 165.24 195.47 168.22 157.25 153.00 133.18 111.71 106.19 107.17 112.18 115.00 122.93 115.49 122.31 131.37 120.67 130.97 111.84 110.91 102.53 101.37 103.83 98.04 92.34 94.82 114.69 110.60 116.11 114.69 109.37 107.80 108.36 113.24 119.03 111.08 104.46 99.46 103.02 89.07 106.62 115.20 131.97 136.74 122.09 116.45 117.14 119.20
-9999 -9999 -9999 -9999 -9999 -9999 -9999 -9999 -9999 -9999 -9999 -9999 -9999 -9999 -9999 99.29 136.23 155.85 161.35 161.49 134.36 129.91 106.78 83.41 86.63 92.15 101.30 99.58 115.09 128.28 152.75 180.38 162.37 140.63 127.55 139.61 134.26 110.87 114.79 110.42 114.37 128.23 119.30 114.58 120.16 120.50 111.42 114.19 117.95 113.51 102.67 112.90 86.83 94.99 101.02 109.63 101.12 112.44 112.18 107.67 99.02 106.76 107.14 102.76 82.84 96.55 106.64 105.19 107.88 116.17 126.51 124.40 134.37 126.83 122.48 121.46 107.34
-9999 -9999 -9999 -9999 -9999 -9999 -9999 -9999 -9999 -9999 -9999 -9999 -9999 -9999 -9999 116.15 160.71 157.83 182.98 188.91 157.31 122.03 106.15 89.78 115.62 108.29 120.87 129.96 124.66 111.97 133.62 156.26 132.88 135.86 148.06 148.09 122.08 113.52 118.16 110.82 116.71 118.95 128.12 123.49 117.52 117.16 114.50 110.87 121.06 125.03 114.58 110.47 106.76 100.18 106.60 114.25 107.46 114.82 128.88 119.30 116.18 104.00 107.76 101.00 98.20 88.80 109.49 99.84 105.45 109.12 120.29 117.63 115.02 122.13 124.46 118.60 109.87
-9999 -9999 -9999 -9999 -9999 -9999 -9999 -9999 -9999 -9999 -9999 -9999 -9999 -9999 99.24 100.07 141.30 148.99 164.10 191.31 154.19 120.82 118.74 132.22 117.98 117.77 123.61 104.11 106.88 110.94 142.16 143.62 137.48 140.52 145.89 158.87 139.00 112.25 115.06 109.29 116.49 127.46 119.89 126.35 125.90 116.79 120.67 115.18 140.02 131.02 141.72 108.41 107.36 86.65 107.83 113.97 129.03 129.83 130.87 122.68 120.83 107.26 107.65 98.70 104.84 95.77 111.84 100.42 101.79 103.29 117.33 113.87 117.65 122.92 125.97 121.84 113.18
-9999 -9999 -9999 -9999 -9999 -9999 -9999 -9999 -9999 -9999 -9999 -9999 -9999 -9999 111.98 128.17 131.11 152.05 190.65 194.16 163.25 131.61 103.65 106.42 118.32 117.24 130.73 115.56 125.10 124.43 111.44 158.48 120.84 121.39 147.71 162.42 135.77 120.21 116.91 98.69 110.54 111.72 134.35 131.81 147.24 124.20 122.75 128.76 144.18 108.36 98.96 97.73 87.40 96.68 105.94 118.50 114.91 129.55 128.99 118.59 119.83 103.64 111.76 114.63 131.35 118.09 114.06 104.70 101.31 107.89 112.91 115.73 115.32 124.35 122.28 123.07 115.80
-9999 -9999 -9999 -9999 -9999 -9999 -9999 -9999 -9999 -9999 -9999 -9999 -9999 -9999 111.69 127.61 108.63 128.66 187.97 185.01 154.69 128.83 102.66 112.36 114.38 104.83 106.91 125.13 113.95 103.74 100.38 103.25 129.64 106.83 135.78 140.10 129.07 125.54 110.70 98.83 108.27 123.82 134.15 127.22 141.65 134.84 126.43 120.01 106.51 86.18 91.89 93.23 83.64 102.35 117.46 123.57 127.45 119.58 118.18 118.48 107.96 115.90 108.99 119.38 130.50 116.16 111.33 115.12 115.77 118.75 134.33 119.12 117.49 126.76 119.18 99.87 130.15
-9999 -9999 -9999 -9999 -9999 -9999 -9999 -9999 -9999 -9999 -9999 -9999 -9999 96.35 110.36 136.23 133.95 128.48 152.26 146.87 135.17 106.81 80.59 92.73 96.82 93.62 102.67 95.94 106.02 111.54 103.72 97.03 91.63 107.72 139.23 137.54 150.53 129.70 113.91 110.94 108.63 117.21 142.34 129.27 126.15 129.36 120.83 118.97 109.79 98.78 98.52 95.17 90.00 98.30 111.72 121.77 123.53 119.19 123.46 117.38 115.31 116.68 123.52 120.28 112.18 124.90 116.24 114.58 120.77 123.24 128.08 132.04 115.40 122.84 120.53 131.92 119.71
-9999 -9999 -9999 -9999 -9999 -9999 -9999 -9999 -9999 -9999 -9999 -9999 91.47 101.96 102.27 122.92 142.37 146.22 164.10 160.79 147.88 134.49 103.01 109.55 108.49 100.58 131.69 102.49 106.26 100.10 92.62 87.99 97.56 99.01 131.31 132.87 143.75 148.54 128.45 115.34 102.33 107.32 117.37 116.95 121.55 124.57 118.28 112.36 110.45 106.85 107.61 111.84 105.31 97.00 106.67 112.79 120.60 111.09 113.58 119.11 112.42 114.10 134.52 127.74 123.75 127.82 118.06 115.91 124.46 130.10 133.80 130.67 129.45 122.92 123.14 120.08 121.29
-9999 -9999 -9999 -9999 -9999 -9999 -9999 -9999 -9999 -9999 97.20 93.40 98.07 101.56 97.20 117.77 127.09 148.16 166.03 189.50 170.87 137.07 117.02 110.84 112.33 95.32 114.21 92.77 98.95 96.93 87.71 85.15 93.54 90.36 115.84 115.77 125.96 133.32 122.03 122.45 110.63 114.87 111.46 117.79 122.17 114.60 105.84 94.34 92.01 98.62 107.57 115.15 117.47 117.30 117.23 118.58 110.74 112.42 123.71 126.34 115.09 121.91 119.03 128.01 130.35 122.67 96.50 114.98 121.19 124.59 129.51 130.64 136.52 124.34 120.07 111.50 121.81
-9999 -9999 -9999 -9999 -9999 -9999 90.05 72.14 88.53 110.45 107.12 123.73 128.88 115.81 122.14 113.31 146.27 153.05 175.43 177.23 159.21 128.29 108.62 93.77 108.52 103.57 138.16 116.00 103.78 97.34 90.26 92.95 103.62 87.65 110.32 127.84 118.10 121.66 115.76 113.81 114.29 108.47 104.64 117.27 110.28 104.37 101.30 102.80 102.50 106.98 102.44 107.82 115.65 109.34 127.02 134.59 133.28 131.14 144.67 131.63 122.77 123.61 119.13 113.70 108.55 116.00 125.66 121.63 124.34 125.83 123.61 123.56 127.61 126.05 127.62 122.74 130.66
-9999 -9999 -9999 -9999 -9999 103.87 100.82 110.93 114.09 95.09 98.33 112.07 130.82 127.42 128.09 123.22 141.99 173.32 156.30 170.26 150.15 122.88 127.22 100.79 108.42 130.21 107.78 99.84 86.09 89.09 89.07 102.66 94.87 98.08 94.95 125.40 134.15 125.95 142.74 127.11 121.17 112.86 107.06 112.54 112.05 105.78 101.39 103.89 112.82 113.03 120.72 108.73 115.25 121.07 132.43 139.90 151.72 145.68 133.02 135.37 127.04 132.95 118.20 109.92 111.24 112.96 127.20 106.63 121.43 119.11 119.14 117.75 137.90 122.31 123.58 126.25 113.29
-9999 -9999 -9999 -9999 93.35 103.81 97.50 100.17 97.99 90.04 93.19 109.83 114.51 121.26 148.17 125.18 136.21 174.58 144.81 151.48 133.84 151.08 122.78 112.85 111.12 109.39 95.22 85.09 115.96 112.00 92.62 91.98 78.71 91.16 122.77 116.89 118.58 124.69 137.42 123.75 118.30 110.47 115.19 110.30 114.25 114.16 130.35 109.65 101.43 106.66 119.54 122.44 118.85 111.06 141.24 182.78 209.19 154.39 139.16 129.84 122.99 138.87 122.53 90.86 121.44 113.02 107.22 124.12 128.75 127.81 142.13 140.57 140.79 123.06 120.63 130.41 111.22
89.74 106.60 105.83 134.88 115.61 120.91 121.76 120.65 106.31 105.14 112.94 117.34 110.74 146.13 151.65 141.24 149.11 164.33 163.08 151.69 150.75 146.11 127.20 107.74 115.54 112.32 113.29 117.96 134.03 112.68 112.13 101.52 93.27 92.02 88.49 133.98 104.18 117.42 102.20 110.34 119.48 115.48 130.91 116.55 120.11 148.99 128.01 119.40 109.14 114.29 127.34 135.64 145.60 156.05 169.29 171.97 167.62 145.26 138.64 128.99 119.94 128.94 119.84 136.13 121.21 112.15 103.89 124.08 157.67 161.90 152.82 151.31 131.61 134.76 115.89 118.61 115.20
109.24 112.19 126.76 152.26 169.22 171.62 151.77 141.91 131.89 121.72 122.40 127.24 137.98 145.95 142.00 150.30 138.41 145.69 153.14 153.90 157.49 138.13 125.28 115.03 104.22 118.01 132.18 203.85 150.38 127.29 100.53 111.13 110.07 112.97 99.67 116.46 111.37 114.45 118.64 120.59 124.63 116.01 122.75 130.78 145.23 149.55 136.47 138.96 113.87 138.16 148.12 152.26 149.90 146.95 166.25 167.39 161.64 137.08 133.65 129.98 112.77 136.01 123.20 126.19 128.43 135.72 141.11 136.66 151.50 144.84 137.29 125.45 124.28 131.62 134.31 130.79 115.72
