Rainfall_2007-2011/Rainfall_2011-03_ACTUAL.txt
ncols         180
nrows         290
xllcorner     -200000
yllcorner     -200000
cellsize      5000
NODATA_value  -9999
[rows 170 to 203 of 290, columns 77 to 153 of 180]
-9999 -9999 -9999 -9999 -9999 -9999 -9999 -9999 -9999 -9999 -9999 -9999 -9999 -9999 -9999 -9999 -9999 -9999 -9999 -9999 -9999 -9999 -9999 -9999 -9999 -9999 -9999 -9999 -9999 16.43 16.03 15.90 17.23 16.51 18.13 17.71 16.85 17.18 17.18 16.24 16.01 16.58 19.00 19.83 27.05 23.39 17.69 14.38 12.12 9.38 6.33 5.20 3.52 3.90 5.03 5.09 5.00 5.96 5.97 4.62 5.48 6.68 6.93 6.99 7.58 7.84 9.21 9.65 6.93 3.05 2.87 2.96 -9999 -9999 -9999 -9999 -9999
-9999 -9999 -9999 -9999 -9999 -9999 -9999 -9999 -9999 39.40 33.44 28.34 27.63 -9999 -9999 -9999 -9999 -9999 -9999 -9999 -9999 -9999 -9999 -9999 -9999 -9999 -9999 -9999 16.73 12.91 15.11 16.51 16.62 17.03 16.18 14.56 14.96 14.96 14.75 16.20 15.51 16.35 17.63 20.40 22.29 22.34 15.57 17.58 14.76 10.22 9.81 6.60 5.46 6.18 5.60 6.04 6.13 5.31 5.82 6.11 5.48 5.81 6.21 6.45 6.82 8.18 9.18 10.34 8.22 4.45 3.56 3.40 3.61 -9999 -9999 -9999 -9999
-9999 -9999 -9999 -9999 -9999 -9999 -9999 -9999 -9999 33.84 31.93 30.82 27.52 -9999 -9999 -9999 -9999 -9999 -9999 -9999 -9999 -9999 -9999 -9999 -9999 -9999 -9999 16.92 16.82 14.61 15.63 17.34 15.55 15.90 15.59 15.99 14.30 13.79 15.17 14.58 14.95 15.06 13.90 14.32 15.66 22.64 19.39 20.29 15.08 13.60 10.56 7.95 9.07 6.95 6.12 6.60 6.46 5.91 5.27 4.90 4.87 5.76 6.24 5.93 7.04 7.51 9.07 8.12 7.67 5.05 3.86 3.39 3.68 -9999 -9999 -9999 -9999
-9999 -9999 -9999 -9999 -9999 -9999 -9999 24.12 29.53 30.36 32.08 28.58 29.50 26.48 19.20 19.77 -9999 -9999 8.60 10.93 -9999 -9999 -9999 9.67 13.61 13.86 -9999 13.12 18.46 15.13 13.67 13.67 14.53 15.21 15.87 17.65 15.78 16.09 14.83 16.65 16.46 15.26 15.06 13.49 13.96 18.39 13.93 14.20 13.40 11.85 11.52 8.99 8.60 7.97 9.07 9.23 6.65 5.62 5.44 5.10 5.28 5.98 5.38 5.57 6.17 6.65 7.92 8.26 7.78 6.37 4.63 3.24 3.20 3.84 -9999 -9999 -9999
-9999 -9999 -9999 -9999 -9999 -9999 -9999 -9999 27.07 31.23 30.40 30.18 30.94 24.90 22.76 22.10 -9999 12.99 12.63 13.73 11.01 6.75 6.89 8.46 11.46 11.57 10.93 -9999 11.59 11.71 12.39 13.37 13.44 13.91 14.04 17.92 16.10 14.10 15.83 17.01 18.14 16.11 17.03 19.15 15.54 15.95 11.82 14.94 18.82 11.40 8.76 8.29 9.32 8.69 9.58 10.15 7.62 6.34 6.10 5.82 5.65 5.49 5.99 6.18 5.93 6.26 6.82 7.01 6.73 6.59 6.69 5.39 3.91 4.15 -9999 -9999 -9999
-9999 -9999 -9999 -9999 -9999 -9999 -9999 -9999 -9999 29.47 27.22 28.84 27.99 22.07 23.28 23.81 22.11 32.92 21.44 19.85 16.86 13.31 7.63 8.48 10.24 12.45 11.61 10.74 11.19 10.70 12.04 12.91 12.13 12.54 14.37 19.72 16.23 12.46 15.11 16.63 16.65 13.34 18.17 18.03 15.16 15.03 12.31 11.25 11.65 8.25 8.36 8.54 8.59 7.94 9.35 9.36 7.49 6.22 4.80 4.43 5.37 6.23 7.88 7.16 6.09 5.84 5.79 5.79 6.16 6.09 8.25 7.43 5.55 4.59 4.53 -9999 -9999
-9999 -9999 -9999 -9999 -9999 -9999 -9999 -9999 -9999 -9999 25.37 23.22 26.37 24.65 28.56 31.98 45.95 47.83 38.12 29.92 22.15 20.29 15.65 9.46 8.74 13.54 10.85 11.21 11.26 10.72 10.50 11.80 10.81 12.31 12.33 16.36 17.26 13.37 14.26 15.22 14.27 16.57 18.00 22.29 14.93 16.09 14.38 10.36 10.25 12.14 9.72 9.32 9.28 8.08 8.96 9.42 6.94 5.22 4.51 4.43 5.54 6.47 6.57 6.10 5.77 5.40 4.93 5.10 5.88 7.54 7.73 6.44 5.24 4.43 4.17 -9999 -9999
-9999 -9999 -9999 -9999 -9999 -9999 -9999 -9999 -9999 -9999 -9999 25.41 25.93 33.81 40.24 45.88 67.64 72.72 50.05 45.17 32.94 25.85 21.31 15.09 11.61 11.55 13.20 10.64 10.01 11.01 9.38 11.22 11.04 12.26 13.22 13.01 13.01 13.30 13.93 13.32 13.57 15.89 18.28 17.83 15.59 14.04 15.19 14.32 11.68 12.36 10.79 10.64 10.97 10.53 9.93 8.86 6.73 4.68 3.93 5.34 5.39 4.46 6.06 5.61 5.15 5.05 4.81 5.04 5.20 5.55 4.69 5.34 4.50 4.04 3.87 -9999 -9999
-9999 -9999 -9999 -9999 -9999 -9999 -9999 -9999 -9999 -9999 -9999 27.71 27.92 31.32 44.24 83.65 100.00 80.90 48.28 40.46 40.71 33.06 29.83 22.75 22.19 14.88 12.37 13.13 10.46 11.18 10.29 11.81 11.16 12.13 12.68 12.71 12.25 12.63 15.17 13.81 15.49 17.54 14.84 12.58 16.42 17.51 17.58 14.28 15.03 13.48 10.70 10.12 11.00 10.97 9.82 8.90 7.05 5.55 5.03 6.23 5.89 5.86 5.54 5.48 5.07 4.88 4.56 4.84 4.35 4.23 4.71 4.61 3.88 3.22 -9999 -9999 -9999
-9999 -9999 -9999 -9999 -9999 -9999 -9999 -9999 -9999 -9999 -9999 39.63 56.36 55.17 70.99 103.07 87.45 68.61 53.53 48.83 45.49 28.67 28.44 26.02 24.50 16.38 16.37 14.87 13.09 11.23 12.16 11.60 11.67 13.24 13.13 12.52 11.91 12.75 15.36 15.63 15.45 13.84 14.38 15.10 15.23 15.26 17.57 14.28 15.07 12.86 10.72 10.78 10.76 10.34 10.08 8.50 8.25 5.30 4.55 7.94 6.67 5.85 6.20 5.15 5.24 4.72 4.39 3.95 3.97 3.67 4.46 4.41 3.92 -9999 -9999 -9999 -9999
-9999 -9999 -9999 -9999 -9999 -9999 -9999 -9999 -9999 -9999 41.08 64.23 49.93 80.06 82.32 77.09 102.40 76.22 64.67 62.49 53.32 32.43 24.72 18.49 20.17 19.15 18.52 15.31 13.70 12.83 12.21 10.75 12.24 12.92 12.46 12.06 11.74 12.14 14.33 15.14 12.85 14.64 12.66 11.83 14.88 16.83 17.00 14.89 12.92 12.66 11.81 10.87 11.46 11.54 9.30 8.12 8.15 7.47 6.99 7.14 6.46 5.36 5.38 4.81 4.86 4.64 4.41 4.22 4.39 4.78 4.40 3.97 -9999 -9999 -9999 -9999 -9999
-9999 -9999 -9999 -9999 -9999 -9999 -9999 -9999 32.61 33.67 41.53 47.79 48.37 58.60 78.98 54.47 75.24 68.78 64.67 57.58 48.43 28.12 30.41 21.43 21.69 19.85 15.01 13.33 11.44 12.97 11.72 11.04 12.20 11.51 12.32 12.13 11.30 12.79 14.07 14.72 11.96 12.32 12.21 12.88 11.96 13.17 15.34 13.09 13.74 12.73 10.89 9.49 8.71 9.80 8.55 6.87 6.51 7.46 7.12 6.26 5.78 4.71 4.38 4.64 4.22 4.39 4.73 4.82 4.76 4.98 4.86 -9999 -9999 -9999 -9999 -9999 5.09
-9999 -9999 -9999 -9999 -9999 -9999 -9999 34.22 31.57 37.37 40.77 42.23 36.25 33.84 36.87 40.73 49.16 59.04 56.35 59.50 40.46 24.08 25.04 19.90 25.41 25.73 23.20 18.79 14.40 12.95 12.28 12.49 12.74 12.05 12.74 13.19 12.90 13.30 14.37 12.44 10.22 12.16 11.47 12.24 13.40 12.04 11.46 11.29 12.61 10.87 7.33 8.50 8.35 7.77 7.68 6.67 7.24 9.37 7.60 5.47 5.45 4.58 4.14 4.40 4.16 3.97 4.25 4.50 4.13 4.61 4.76 -9999 -9999 -9999 -9999 -9999 6.32
-9999 -9999 -9999 -9999 -9999 -9999 34.98 37.20 35.00 41.18 -9999 -9999 -9999 -9999 33.29 45.63 60.71 62.69 62.14 51.13 43.79 34.63 31.91 23.30 34.15 29.54 23.19 23.02 20.65 13.17 14.03 15.03 14.04 13.92 12.77 13.38 14.08 12.42 12.76 11.30 11.69 11.60 11.49 11.32 11.70 10.49 10.86 11.48 10.43 8.56 6.77 7.99 7.61 7.05 6.88 7.18 8.59 10.88 9.24 5.67 5.00 4.77 4.88 4.24 3.74 3.56 3.78 3.64 3.33 3.75 3.85 3.95 -9999 -9999 -9999 -9999 6.66
-9999 -9999 -9999 -9999 -9999 -9999 33.49 40.86 35.11 35.07 -9999 -9999 -9999 -9999 36.16 42.94 64.62 63.50 74.09 65.40 55.48 49.21 40.97 32.11 35.18 24.19 21.92 21.65 17.00 14.79 14.13 14.99 14.47 15.08 14.71 14.55 15.53 12.16 13.12 12.57 11.32 11.00 11.37 11.62 11.36 11.29 11.88 11.73 10.76 8.93 7.85 7.45 5.45 5.05 5.90 6.84 8.27 8.69 7.83 6.56 5.14 5.14 4.97 4.06 3.85 3.67 3.72 3.56 3.11 3.52 3.66 3.74 3.84 -9999 -9999 5.14 6.96
-9999 -9999 -9999 -9999 -9999 -9999 -9999 -9999 -9999 -9999 -9999 -9999 -9999 -9999 29.03 38.74 42.61 40.57 60.69 57.64 59.31 55.54 35.05 34.46 29.95 24.65 20.23 17.73 17.00 13.43 13.35 13.15 12.91 14.51 14.23 13.19 13.62 10.02 13.10 12.74 11.94 11.32 12.27 12.05 11.24 10.80 10.29 11.16 12.49 10.40 7.74 7.06 6.62 7.03 10.20 9.25 7.23 7.37 6.55 6.38 6.38 6.93 5.43 3.80 3.73 3.74 3.39 3.66 3.39 3.21 3.74 3.81 3.75 3.39 3.78 4.15 4.62
-9999 -9999 -9999 -9999 -9999 -9999 -9999 -9999 -9999 -9999 -9999 -9999 -9999 -9999 -9999 31.82 29.96 31.33 44.87 57.36 55.09 53.97 41.05 33.74 27.31 21.66 13.98 14.20 12.08 11.02 10.22 10.32 10.34 10.84 11.49 10.21 10.15 9.81 11.46 11.94 11.57 10.19 12.45 13.22 10.83 10.39 10.68 9.50 9.24 9.33 8.55 6.93 7.19 10.18 11.19 9.23 5.27 5.78 5.97 4.47 5.51 5.98 5.26 4.34 4.26 4.00 3.91 3.50 3.48 3.75 4.27 3.89 3.99 3.72 3.74 4.22 4.06
-9999 -9999 -9999 -9999 -9999 -9999 -9999 -9999 -9999 -9999 -9999 -9999 -9999 -9999 -9999 30.48 42.84 63.39 59.36 53.85 46.87 42.88 30.53 28.44 23.10 15.54 16.40 17.12 10.80 11.11 9.48 12.19 8.96 9.03 9.71 9.80 10.83 12.18 12.63 11.64 11.13 12.04 11.90 12.50 11.44 10.42 8.44 7.89 8.35 8.55 8.33 8.10 12.96 13.58 16.34 11.20 5.71 5.44 5.58 4.57 5.19 5.19 5.00 4.61 4.24 3.41 3.51 3.52 3.58 3.98 4.13 3.94 4.10 4.58 4.26 4.41 5.20
-9999 -9999 -9999 -9999 -9999 -9999 -9999 -9999 -9999 -9999 -9999 -9999 -9999 -9999 30.48 31.65 45.84 59.48 54.18 46.11 48.53 50.60 35.58 26.72 20.02 14.96 16.23 11.32 16.08 11.08 8.51 7.26 9.31 9.19 10.17 12.03 11.56 11.79 10.79 11.36 11.84 12.07 13.56 16.13 13.17 9.98 8.62 8.06 6.46 4.58 7.32 8.42 10.61 13.52 6.08 6.37 5.85 4.69 5.72 5.95 5.91 5.27 4.85 4.64 3.81 3.35 3.21 3.41 3.54 3.62 3.70 3.86 4.38 4.72 4.05 3.89 5.00
-9999 -9999 -9999 -9999 -9999 -9999 -9999 -9999 -9999 -9999 -9999 -9999 -9999 -9999 29.66 33.88 47.47 44.38 44.13 29.47 34.29 40.31 31.40 17.62 15.53 13.31 13.83 8.93 11.24 12.82 12.68 11.59 10.94 11.90 10.00 10.67 9.68 10.17 10.25 11.67 12.92 11.70 17.20 16.38 15.30 12.02 10.31 9.00 6.72 5.97 6.53 6.08 9.03 8.35 7.04 4.62 5.54 5.95 5.32 6.00 5.74 5.02 4.69 4.21 3.44 3.47 3.43 3.11 3.44 3.37 3.42 3.97 3.91 3.62 3.37 3.92 5.34
-9999 -9999 -9999 -9999 -9999 -9999 -9999 -9999 -9999 -9999 -9999 -9999 -9999 -9999 26.11 33.56 24.71 34.70 31.83 28.16 29.93 32.01 24.74 22.26 16.12 13.77 11.91 10.74 10.73 13.21 15.47 15.68 12.53 13.25 11.49 10.69 10.28 9.64 10.89 11.76 12.06 13.98 18.48 16.15 14.24 11.71 10.89 9.53 8.06 6.69 6.75 6.52 6.46 4.82 4.90 4.34 4.89 5.68 5.38 5.18 4.90 4.82 4.86 4.60 3.64 3.55 4.15 4.04 3.55 3.18 3.46 4.06 3.78 3.57 3.41 3.62 4.68
-9999 -9999 -9999 -9999 -9999 -9999 -9999 -9999 -9999 -9999 -9999 -9999 -9999 -9999 -9999 29.45 34.74 37.77 40.29 42.00 32.84 28.39 21.13 17.89 14.96 13.22 11.26 9.72 7.76 8.97 10.43 12.86 12.71 12.84 10.49 11.17 11.87 10.39 12.35 12.77 11.95 13.62 14.67 13.16 11.81 11.53 10.15 8.23 8.87 7.63 6.81 6.47 6.37 5.14 5.19 4.91 4.98 5.65 4.97 5.12 4.72 5.13 5.24 4.46 4.38 4.13 4.09 3.98 3.50 3.20 3.29 3.29 3.32 3.29 3.50 3.66 4.58
-9999 -9999 -9999 -9999 -9999 -9999 -9999 -9999 -9999 -9999 -9999 -9999 -9999 -9999 -9999 30.78 37.44 40.71 48.20 48.29 38.16 28.64 19.93 15.24 15.28 16.81 14.67 13.05 10.89 9.13 9.74 11.96 10.20 12.80 15.40 11.43 11.91 11.40 11.51 14.05 12.52 12.77 13.67 12.94 12.77 11.95 9.80 10.04 8.66 7.36 6.96 6.82 6.78 6.36 6.06 5.98 5.58 6.14 5.29 5.48 5.27 5.41 5.54 4.68 4.62 4.55 4.33 3.72 3.65 3.17 2.82 2.85 3.13 3.27 3.65 3.83 4.33
-9999 -9999 -9999 -9999 -9999 -9999 -9999 -9999 -9999 -9999 -9999 -9999 -9999 -9999 24.06 24.26 33.69 39.95 43.11 41.65 35.95 25.62 21.27 22.00 18.74 17.11 12.59 9.99 10.41 10.29 11.55 10.05 10.29 11.86 11.70 11.89 11.98 11.64 12.74 12.61 12.47 13.59 15.79 12.73 12.58 11.57 10.84 8.92 7.24 5.84 7.62 6.74 6.42 6.00 6.28 6.10 6.02 5.69 5.83 5.21 5.31 5.41 5.62 4.56 4.74 4.29 4.46 4.05 4.38 3.56 3.02 3.08 3.54 3.60 3.70 4.09 4.75
-9999 -9999 -9999 -9999 -9999 -9999 -9999 -9999 -9999 -9999 -9999 -9999 -9999 -9999 27.17 32.81 30.04 31.77 37.89 41.53 33.11 26.91 17.89 17.79 19.41 17.41 14.53 12.52 13.28 11.55 10.25 10.98 8.59 10.92 10.71 14.63 12.19 11.95 11.71 12.57 12.91 12.81 19.22 16.05 13.67 12.32 11.33 9.11 7.04 6.98 6.78 6.13 5.23 5.76 5.86 6.11 6.05 5.82 5.83 5.52 5.42 4.63 4.88 4.64 5.17 4.97 4.81 6.56 5.38 3.96 3.47 3.54 3.56 4.04 3.94 4.68 5.56
-9999 -9999 -9999 -9999 -9999 -9999 -9999 -9999 -9999 -9999 -9999 -9999 -9999 -9999 25.68 29.46 26.85 31.82 35.43 37.96 31.46 24.49 18.31 20.47 19.21 16.24 15.87 13.92 14.91 12.24 12.33 10.47 12.74 10.48 10.91 10.99 11.35 11.77 11.18 12.07 14.74 15.83 15.88 16.81 15.00 11.61 10.32 9.32 8.07 7.95 7.18 6.79 6.78 5.12 5.53 5.89 4.53 5.14 5.37 5.43 5.22 4.56 4.59 4.88 5.30 5.72 5.76 5.15 4.55 3.97 3.75 3.51 4.00 4.41 5.00 4.80 4.72
-9999 -9999 -9999 -9999 -9999 -9999 -9999 -9999 -9999 -9999 -9999 -9999 -9999 23.57 25.58 29.50 28.54 26.95 32.67 31.02 27.59 20.93 14.09 15.98 16.56 14.93 18.90 15.34 13.43 14.23 12.73 12.09 11.69 11.55 9.41 9.83 11.89 10.74 11.32 11.35 14.88 15.90 16.13 14.71 13.01 10.37 9.18 8.64 7.85 7.21 6.28 4.78 3.95 4.35 5.24 5.99 6.24 5.28 5.28 4.97 4.39 3.61 4.83 5.06 4.49 6.80 6.01 4.85 4.49 4.07 3.71 3.61 4.26 6.05 4.90 4.63 4.37
-9999 -9999 -9999 -9999 -9999 -9999 -9999 -9999 -9999 -9999 -9999 -9999 25.82 25.84 27.04 26.57 22.51 30.50 38.82 35.51 29.81 23.49 18.87 21.07 19.13 16.04 23.56 15.86 13.92 12.56 11.53 10.83 10.77 10.35 12.07 11.85 12.93 14.25 13.71 12.18 13.36 13.94 13.53 10.48 10.31 9.92 8.64 7.63 7.70 6.55 6.36 5.74 5.31 4.63 4.67 5.73 6.97 4.72 3.63 3.82 3.57 3.94 5.14 5.30 5.36 7.95 5.01 4.53 4.70 4.08 4.09 3.92 4.01 3.60 3.63 4.49 4.56
-9999 -9999 -9999 -9999 -9999 -9999 -9999 -9999 -9999 -9999 24.71 23.55 24.52 25.45 25.36 28.66 25.53 34.61 41.60 43.70 36.53 26.62 21.56 15.81 17.88 15.90 22.21 16.72 12.44 10.28 9.73 10.02 9.73 9.51 12.25 11.40 13.63 12.96 12.54 13.07 14.73 13.46 12.40 10.41 9.62 8.48 6.92 5.55 5.12 5.69 8.23 8.10 6.97 6.83 5.41 5.33 5.36 4.55 4.76 4.33 4.27 4.15 4.15 5.58 5.43 5.25 4.71 4.79 5.34 3.38 3.72 4.42 3.14 3.25 4.01 5.55 6.00
-9999 -9999 -9999 -9999 -9999 -9999 26.98 20.71 25.45 32.25 30.56 30.56 31.08 28.56 27.45 25.57 33.06 36.51 44.17 41.00 36.23 28.02 19.99 16.06 16.24 13.74 15.24 13.33 12.05 9.76 9.57 10.09 12.04 10.36 13.44 13.65 14.20 13.05 12.18 12.08 12.49 11.91 10.05 9.09 9.11 7.20 5.95 5.30 5.58 6.49 8.01 8.68 6.87 7.13 5.10 5.39 5.08 4.63 5.17 4.58 3.91 4.02 3.53 3.75 3.93 5.10 5.33 5.20 5.17 4.21 3.94 4.19 3.92 3.87 5.80 5.87 5.66
-9999 -9999 -9999 -9999 -9999 25.57 30.85 35.06 34.05 25.65 30.70 29.42 31.95 28.68 20.92 26.06 32.82 43.40 46.75 48.87 37.56 30.44 24.03 17.06 14.53 18.17 12.94 11.01 9.54 9.07 9.29 11.90 10.32 11.93 14.08 15.44 16.09 15.29 15.59 14.79 12.52 9.87 9.22 7.66 7.91 6.47 5.52 4.72 5.64 6.11 6.90 6.35 6.11 6.26 5.69 5.62 4.92 4.17 4.36 4.58 4.43 3.99 2.94 3.55 3.83 4.94 5.22 5.09 4.34 3.18 3.58 3.95 4.23 4.25 4.28 5.80 7.04
-9999 -9999 -9999 -9999 21.21 22.70 27.40 31.00 32.29 30.60 26.51 28.92 28.81 29.74 33.92 27.96 31.26 42.18 36.77 38.16 34.52 33.60 24.66 22.46 17.30 14.89 12.35 9.32 12.72 11.78 8.97 9.46 8.58 10.60 17.09 17.37 15.58 15.09 13.87 13.84 12.06 8.86 8.86 8.81 7.73 5.99 6.76 6.18 5.79 6.02 5.18 5.85 5.72 5.78 6.11 6.47 6.11 5.02 4.54 5.26 4.39 3.79 3.43 3.32 2.76 3.73 4.23 4.52 4.14 3.84 3.93 4.27 3.91 4.90 5.60 5.48 6.34
27.52 31.80 30.92 38.17 30.96 31.44 36.67 36.46 33.78 29.95 23.59 28.70 31.81 38.57 38.38 34.58 32.43 37.42 37.13 33.29 32.57 26.54 21.93 17.32 18.08 15.24 9.98 12.18 14.25 11.77 10.08 8.92 10.96 11.15 12.54 17.68 14.29 16.97 13.01 10.71 10.02 9.08 10.21 7.94 7.15 7.64 6.43 6.81 7.00 7.56 4.64 4.69 5.21 5.09 4.91 6.79 5.88 4.99 4.39 5.74 4.28 3.42 3.50 3.65 3.22 3.81 3.79 3.85 4.23 5.05 4.92 5.89 6.80 5.86 5.09 5.24 6.57
36.67 37.89 37.60 45.47 49.76 49.94 48.32 42.91 40.75 35.50 31.21 33.51 38.26 40.14 39.47 38.65 31.79 33.14 34.30 31.54 28.87 22.79 20.17 16.91 15.06 16.97 16.57 23.83 18.80 13.59 9.58 11.68 12.58 14.92 12.93 13.90 13.33 13.02 11.79 10.45 10.02 9.35 10.56 6.64 7.79 8.72 8.64 7.17 7.67 7.74 4.69 3.94 5.59 5.35 5.16 5.46 5.76 4.99 5.60 6.35 5.46 4.56 4.24 3.95 4.44 4.15 4.02 4.20 4.40 5.52 5.23 7.08 6.44 5.86 5.28 6.19 5.75
