Rainfall_2007-2011/Rainfall_2009-11_ACTUAL.txt
ncols         180
nrows         290
xllcorner     -200000
yllcorner     -200000
cellsize      5000
NODATA_value  -9999
[rows 132 to 164 of 290, columns 75 to 149 of 180]
-9999 -9999 -9999 -9999 -9999 -9999 -9999 227.78 240.70 274.42 330.96 344.45 349.72 474.56 503.06 585.10 473.69 395.65 394.43 407.22 434.24 376.97 353.57 403.79 375.16 317.77 287.12 282.39 302.28 347.66 427.02 428.31 400.26 406.01 340.78 330.73 398.21 337.03 372.44 315.58 265.37 248.64 218.76 183.75 173.62 156.94 139.57 167.07 144.82 131.40 118.02 -9999 -9999 -9999 -9999 -9999 -9999 -9999 -9999 -9999 -9999 -9999 -9999 -9999 -9999 -9999 -9999 -9999 -9999 -9999 -9999 -9999 -9999 -9999 -9999
-9999 -9999 -9999 -9999 -9999 -9999 208.95 244.90 257.66 274.98 301.03 290.05 266.08 380.29 448.87 567.33 447.17 364.97 365.21 396.71 375.13 375.25 356.40 340.71 323.07 332.69 275.93 281.64 324.08 338.79 330.45 352.43 365.81 330.68 292.88 325.56 385.22 347.14 361.98 306.35 277.55 206.66 184.71 171.42 173.81 157.54 145.21 145.51 150.21 129.45 134.60 129.31 -9999 -9999 -9999 -9999 -9999 -9999 -9999 -9999 -9999 -9999 -9999 -9999 -9999 -9999 -9999 -9999 -9999 -9999 -9999 -9999 -9999 -9999 -9999
-9999 -9999 -9999 -9999 -9999 -9999 253.79 267.47 248.51 252.78 254.55 264.92 239.71 432.72 451.11 443.26 496.09 396.33 373.16 372.56 336.55 432.82 343.82 315.64 335.88 306.29 306.29 249.73 313.20 323.83 271.37 251.26 258.33 255.17 264.73 296.20 341.83 316.46 333.76 316.81 271.32 214.93 197.52 157.47 138.51 160.81 152.85 137.19 132.05 132.43 130.61 137.45 -9999 -9999 -9999 -9999 -9999 -9999 -9999 -9999 -9999 -9999 -9999 -9999 -9999 -9999 -9999 -9999 -9999 -9999 -9999 -9999 -9999 -9999 -9999
-9999 -9999 -9999 -9999 181.55 201.92 234.03 231.65 238.25 247.23 241.98 254.45 255.05 371.80 357.28 445.23 456.89 419.44 345.83 345.99 345.07 344.14 339.16 342.47 308.18 322.86 273.54 216.55 248.48 279.55 251.97 236.86 228.64 235.93 245.87 262.72 317.78 285.93 268.94 270.90 261.58 212.05 191.76 192.38 151.73 130.78 141.32 134.97 135.64 136.38 142.59 153.20 -9999 -9999 -9999 -9999 -9999 -9999 -9999 -9999 -9999 -9999 -9999 -9999 -9999 -9999 -9999 -9999 -9999 -9999 -9999 -9999 -9999 -9999 -9999
-9999 -9999 -9999 -9999 168.24 177.54 178.28 209.24 220.07 237.07 225.01 212.49 250.76 283.09 326.07 468.94 423.15 377.97 319.81 307.45 300.31 309.82 316.36 382.77 372.43 370.49 258.08 201.23 218.37 235.88 225.00 200.64 212.07 206.78 229.12 216.58 216.79 235.49 240.93 224.90 211.67 199.30 153.93 172.48 203.31 160.64 132.83 135.23 132.46 142.00 137.54 143.81 152.88 -9999 -9999 -9999 -9999 -9999 -9999 -9999 -9999 -9999 -9999 -9999 -9999 -9999 -9999 -9999 -9999 -9999 -9999 -9999 -9999 -9999 -9999
-9999 -9999 -9999 -9999 157.39 164.56 150.78 169.70 175.98 199.98 194.34 172.46 210.99 238.48 285.07 377.08 370.48 336.79 303.49 294.80 236.53 302.45 314.76 411.99 393.07 -9999 -9999 -9999 218.51 230.85 -9999 195.44 192.24 185.29 188.36 190.26 210.35 243.50 231.35 211.18 227.30 196.26 174.62 173.60 187.53 137.15 161.70 138.93 153.22 121.74 128.43 135.53 131.92 -9999 -9999 -9999 -9999 -9999 -9999 -9999 -9999 -9999 -9999 -9999 -9999 -9999 -9999 -9999 -9999 -9999 -9999 -9999 -9999 -9999 -9999
-9999 -9999 -9999 -9999 139.60 161.84 149.21 158.50 168.92 185.23 187.39 175.24 184.13 229.67 256.89 360.37 341.95 333.91 297.99 280.12 303.63 276.38 269.34 274.75 312.55 -9999 -9999 -9999 210.72 222.87 224.11 201.07 192.43 194.94 200.39 210.01 237.70 287.65 259.57 278.69 233.03 192.07 214.34 195.93 183.35 167.67 189.13 155.24 156.01 166.43 163.89 131.02 131.35 -9999 -9999 -9999 -9999 -9999 -9999 -9999 -9999 -9999 -9999 -9999 -9999 -9999 -9999 -9999 -9999 -9999 -9999 -9999 -9999 -9999 -9999
-9999 -9999 -9999 -9999 -9999 142.54 151.48 146.42 -9999 182.99 194.01 189.03 191.46 205.33 -9999 263.29 266.59 297.40 261.44 262.47 294.69 266.96 229.92 -9999 -9999 -9999 -9999 216.51 212.04 229.28 204.31 211.74 200.60 192.16 206.25 221.78 244.16 362.96 305.01 348.71 260.59 245.14 221.26 200.96 215.31 201.45 178.23 186.64 164.46 149.34 146.80 135.35 135.30 115.85 -9999 -9999 -9999 -9999 -9999 -9999 -9999 -9999 -9999 -9999 -9999 -9999 -9999 -9999 -9999 -9999 -9999 -9999 -9999 -9999 -9999
-9999 -9999 -9999 -9999 -9999 -9999 135.82 -9999 -9999 -9999 173.32 169.02 183.14 204.83 192.36 -9999 -9999 218.14 216.49 244.86 292.38 -9999 -9999 -9999 -9999 -9999 216.15 237.91 239.45 263.04 248.67 233.78 223.94 225.78 246.17 219.42 266.19 308.71 394.55 378.58 336.93 319.04 331.16 260.55 256.14 224.43 216.14 178.16 162.11 165.37 141.46 149.39 133.26 123.52 -9999 -9999 -9999 -9999 -9999 -9999 -9999 -9999 -9999 -9999 -9999 -9999 -9999 -9999 -9999 -9999 -9999 -9999 -9999 -9999 -9999
-9999 -9999 -9999 -9999 -9999 -9999 125.55 119.78 -9999 -9999 -9999 150.26 172.51 201.34 196.92 -9999 -9999 -9999 -9999 227.89 -9999 -9999 -9999 -9999 -9999 -9999 215.74 253.75 300.95 296.70 324.44 307.04 259.94 237.46 237.58 270.73 238.98 249.01 271.21 359.82 437.39 380.25 364.57 307.75 265.33 258.93 224.52 185.90 177.19 141.74 138.03 139.11 135.99 119.13 -9999 -9999 -9999 -9999 -9999 -9999 -9999 -9999 -9999 -9999 -9999 -9999 -9999 -9999 -9999 -9999 -9999 -9999 -9999 -9999 -9999
-9999 -9999 -9999 -9999 -9999 -9999 -9999 131.16 -9999 -9999 -9999 -9999 171.53 189.08 186.88 -9999 -9999 -9999 -9999 -9999 -9999 -9999 -9999 -9999 -9999 256.64 240.76 297.46 294.10 371.22 403.73 418.64 369.29 291.36 268.82 241.08 287.54 323.65 407.37 461.70 471.64 418.71 330.60 297.94 260.31 207.72 181.39 201.53 194.72 150.99 145.63 140.57 134.60 122.24 112.08 -9999 -9999 -9999 -9999 -9999 -9999 -9999 -9999 -9999 -9999 -9999 -9999 -9999 -9999 -9999 -9999 -9999 -9999 -9999 -9999
-9999 -9999 -9999 -9999 -9999 -9999 -9999 146.34 -9999 -9999 -9999 -9999 -9999 -9999 -9999 -9999 -9999 -9999 -9999 -9999 -9999 -9999 -9999 -9999 -9999 262.53 282.89 309.33 320.02 350.04 476.21 520.19 473.47 396.33 288.50 294.19 199.38 238.74 373.24 390.37 499.89 389.65 456.03 446.75 358.44 287.20 236.28 171.65 171.25 148.50 164.06 157.13 141.83 135.46 117.88 98.20 -9999 -9999 -9999 -9999 -9999 -9999 -9999 -9999 -9999 -9999 -9999 -9999 -9999 -9999 -9999 -9999 -9999 -9999 -9999
-9999 -9999 -9999 -9999 -9999 -9999 -9999 -9999 -9999 -9999 -9999 -9999 -9999 -9999 -9999 -9999 -9999 -9999 -9999 -9999 -9999 -9999 -9999 -9999 223.07 260.41 308.42 353.93 453.65 469.74 680.25 660.11 520.08 384.01 362.34 283.44 263.42 218.47 312.30 499.58 447.36 345.48 380.65 397.37 329.00 259.63 213.08 188.38 162.21 147.97 130.84 96.65 103.77 124.76 110.07 99.23 -9999 -9999 -9999 -9999 -9999 -9999 -9999 -9999 -9999 -9999 -9999 -9999 -9999 -9999 -9999 -9999 -9999 -9999 -9999
-9999 -9999 -9999 -9999 -9999 -9999 -9999 -9999 -9999 -9999 -9999 -9999 -9999 -9999 -9999 -9999 -9999 -9999 -9999 -9999 -9999 -9999 -9999 -9999 237.86 273.22 349.08 494.16 628.70 596.78 515.66 644.13 695.78 522.19 490.42 380.84 343.57 290.57 315.79 350.28 473.94 405.73 384.51 303.02 286.28 219.47 173.17 177.88 151.54 152.98 138.38 144.04 117.15 123.62 119.25 99.62 93.30 86.09 86.23 -9999 -9999 -9999 -9999 -9999 -9999 -9999 -9999 -9999 -9999 -9999 -9999 -9999 -9999 -9999 -9999
121.79 -9999 -9999 -9999 -9999 -9999 -9999 -9999 -9999 -9999 -9999 -9999 -9999 -9999 -9999 -9999 -9999 -9999 -9999 -9999 -9999 -9999 -9999 -9999 210.60 274.71 374.24 407.17 679.68 814.08 822.46 848.65 772.80 636.10 715.16 532.39 470.91 406.70 264.44 242.52 316.60 225.67 321.89 275.99 248.94 200.79 194.30 167.79 154.92 142.83 152.24 136.13 132.65 124.62 106.60 111.57 140.29 111.36 120.93 103.40 90.87 -9999 -9999 -9999 -9999 -9999 -9999 -9999 -9999 -9999 -9999 -9999 -9999 -9999 -9999
-9999 -9999 -9999 -9999 -9999 -9999 -9999 -9999 -9999 -9999 -9999 -9999 -9999 -9999 -9999 -9999 -9999 -9999 -9999 -9999 -9999 -9999 -9999 -9999 189.28 317.49 448.58 670.17 831.23 1083.06 907.15 932.40 883.54 814.68 688.74 716.58 620.04 457.52 365.08 301.35 268.89 228.81 291.43 265.36 250.48 236.10 218.56 167.27 207.24 171.30 160.22 136.32 130.79 112.61 120.61 127.35 153.24 169.93 152.08 158.45 142.70 145.02 121.08 -9999 -9999 -9999 -9999 -9999 -9999 -9999 -9999 -9999 -9999 -9999 -9999
-9999 -9999 -9999 -9999 -9999 -9999 -9999 -9999 -9999 -9999 -9999 -9999 -9999 -9999 -9999 -9999 -9999 -9999 -9999 -9999 -9999 -9999 -9999 -9999 217.04 262.55 349.51 545.81 593.01 1037.86 1180.54 785.79 826.28 693.48 743.55 739.92 591.08 498.91 453.36 345.43 346.76 426.91 386.22 370.33 341.43 333.83 281.74 216.61 214.91 167.92 145.30 136.24 131.46 114.82 119.82 137.00 159.75 176.46 131.00 158.13 150.77 158.90 123.74 133.59 -9999 -9999 -9999 -9999 -9999 -9999 -9999 -9999 -9999 -9999 -9999
-9999 -9999 -9999 -9999 -9999 -9999 -9999 -9999 -9999 -9999 -9999 -9999 206.47 176.04 161.24 -9999 -9999 -9999 -9999 -9999 -9999 -9999 -9999 -9999 -9999 213.82 287.65 407.08 517.17 601.12 670.94 734.21 573.18 563.52 613.72 547.80 513.41 480.42 529.94 426.85 439.56 462.64 433.76 473.33 397.25 322.63 274.91 260.52 214.16 168.52 143.42 128.42 131.89 124.30 130.11 198.66 199.08 220.17 209.30 196.80 208.99 164.95 165.07 140.50 111.00 -9999 -9999 -9999 -9999 -9999 -9999 -9999 -9999 -9999 -9999
-9999 -9999 -9999 -9999 -9999 -9999 -9999 -9999 -9999 -9999 -9999 -9999 223.02 178.30 -9999 -9999 -9999 -9999 -9999 -9999 -9999 -9999 -9999 -9999 -9999 -9999 294.56 386.54 476.63 573.22 788.90 611.66 567.07 485.10 477.77 415.45 417.21 429.85 573.22 445.15 473.71 520.01 473.50 406.03 334.29 356.61 251.79 272.45 200.00 156.56 146.46 144.63 123.73 139.75 144.01 197.90 219.63 189.82 160.50 180.11 201.06 185.59 182.46 153.85 150.32 -9999 -9999 -9999 -9999 -9999 -9999 -9999 -9999 -9999 -9999
-9999 -9999 -9999 -9999 -9999 -9999 -9999 -9999 -9999 -9999 -9999 229.81 290.20 248.45 229.35 -9999 -9999 -9999 -9999 -9999 -9999 -9999 -9999 -9999 -9999 -9999 256.83 353.24 430.89 522.93 526.87 537.63 472.48 442.83 451.23 363.73 364.50 373.99 403.20 507.69 449.83 460.83 473.11 455.34 446.39 324.90 307.20 250.27 175.82 157.72 167.27 171.09 141.00 166.96 177.52 190.54 236.05 204.45 181.91 181.82 172.41 172.81 178.64 146.68 155.00 119.93 -9999 -9999 -9999 -9999 -9999 -9999 -9999 -9999 -9999
-9999 -9999 -9999 -9999 -9999 -9999 -9999 -9999 -9999 -9999 224.47 309.54 346.56 354.65 239.57 -9999 -9999 -9999 -9999 -9999 -9999 -9999 -9999 -9999 -9999 -9999 282.57 320.25 397.86 391.94 481.11 429.88 427.73 428.59 317.37 336.06 358.02 393.51 410.77 472.20 485.10 496.59 509.67 390.65 384.12 281.47 287.88 243.13 189.16 168.88 152.46 149.78 156.83 152.82 171.49 188.34 193.45 164.15 148.53 132.93 138.35 148.74 167.29 137.57 131.01 106.21 -9999 -9999 -9999 -9999 -9999 -9999 -9999 -9999 -9999
-9999 -9999 -9999 -9999 -9999 -9999 -9999 -9999 -9999 165.96 201.12 312.70 278.03 253.21 -9999 -9999 -9999 -9999 -9999 -9999 -9999 -9999 -9999 -9999 -9999 -9999 -9999 314.59 326.29 331.49 427.16 391.30 329.06 283.76 269.44 280.21 307.45 319.26 389.80 438.34 471.27 475.35 514.95 490.43 475.90 440.91 336.41 268.58 242.67 180.06 156.81 138.27 131.23 132.29 139.64 176.30 168.38 132.25 119.47 113.61 93.77 106.67 118.19 132.58 116.58 113.80 98.82 84.52 -9999 -9999 -9999 -9999 -9999 -9999 -9999
-9999 -9999 -9999 -9999 -9999 -9999 -9999 -9999 -9999 196.04 255.06 238.73 218.35 224.77 -9999 -9999 -9999 -9999 -9999 -9999 -9999 -9999 -9999 -9999 -9999 -9999 -9999 -9999 301.33 275.82 295.40 283.90 269.03 244.58 236.24 297.40 327.26 281.06 369.07 332.87 429.32 467.82 481.23 441.61 470.21 463.00 350.93 322.78 276.44 233.81 174.46 147.58 130.84 122.83 144.21 156.46 142.73 115.07 114.71 104.38 102.50 106.72 114.15 122.67 110.79 129.48 116.42 95.94 -9999 -9999 -9999 -9999 -9999 -9999 -9999
-9999 -9999 -9999 -9999 -9999 -9999 -9999 -9999 -9999 185.58 196.81 214.04 208.79 -9999 -9999 -9999 -9999 -9999 -9999 -9999 -9999 -9999 -9999 -9999 -9999 -9999 -9999 -9999 233.78 273.30 308.97 -9999 239.10 -9999 227.04 222.56 284.49 274.11 306.10 313.47 322.27 408.52 438.51 387.63 388.62 446.10 408.48 348.54 269.44 253.04 195.52 181.10 158.39 142.46 142.31 146.29 143.49 135.22 114.24 117.87 108.73 103.55 114.25 125.23 117.49 115.86 110.22 99.30 90.02 82.75 -9999 -9999 -9999 -9999 -9999
-9999 -9999 -9999 -9999 -9999 -9999 -9999 -9999 147.91 160.99 162.32 -9999 -9999 -9999 -9999 -9999 -9999 -9999 -9999 -9999 -9999 -9999 -9999 -9999 -9999 -9999 -9999 -9999 227.58 256.34 261.73 -9999 -9999 -9999 227.85 258.33 266.46 345.80 302.67 388.20 323.14 334.60 402.90 416.45 349.33 384.18 370.98 339.99 329.46 260.71 205.80 166.16 148.24 139.51 128.78 126.01 124.42 120.45 114.60 122.84 108.76 114.67 108.23 129.29 128.73 118.90 110.65 88.87 74.32 74.37 -9999 -9999 -9999 -9999 -9999
-9999 -9999 -9999 -9999 -9999 -9999 -9999 -9999 -9999 -9999 -9999 -9999 -9999 -9999 -9999 -9999 -9999 -9999 -9999 -9999 -9999 -9999 -9999 -9999 -9999 -9999 -9999 -9999 -9999 -9999 -9999 -9999 -9999 224.39 239.51 279.73 352.14 370.29 463.30 449.23 357.60 357.29 391.10 340.62 350.75 337.61 314.81 304.16 285.00 235.48 190.53 164.52 156.09 142.18 119.72 117.18 113.88 110.94 114.76 119.33 126.59 148.15 123.55 130.09 114.24 107.54 95.57 91.28 82.26 -9999 -9999 -9999 -9999 -9999 -9999
-9999 -9999 -9999 -9999 -9999 -9999 -9999 -9999 -9999 -9999 -9999 -9999 -9999 -9999 -9999 -9999 -9999 -9999 -9999 -9999 -9999 -9999 -9999 -9999 -9999 -9999 -9999 -9999 -9999 -9999 -9999 -9999 -9999 224.60 295.29 267.45 394.33 468.00 543.90 478.45 386.61 289.22 315.43 287.62 318.80 357.35 328.20 285.72 267.86 242.39 190.79 172.24 156.54 131.51 118.07 113.66 110.24 104.05 109.98 119.11 122.67 149.42 131.22 105.69 102.62 98.44 92.14 87.97 85.77 -9999 -9999 -9999 -9999 -9999 -9999
-9999 -9999 -9999 -9999 -9999 -9999 -9999 -9999 -9999 -9999 -9999 -9999 -9999 -9999 -9999 -9999 -9999 -9999 -9999 -9999 -9999 -9999 -9999 -9999 -9999 -9999 -9999 -9999 -9999 -9999 -9999 -9999 -9999 203.50 238.69 287.01 357.78 429.24 425.77 435.07 343.01 297.90 302.45 269.17 271.41 262.16 239.45 285.36 231.45 215.04 177.56 159.33 136.15 125.11 126.13 108.33 112.95 95.95 95.38 103.53 112.39 120.39 111.46 106.04 103.21 112.99 91.86 86.89 83.68 -9999 -9999 -9999 -9999 -9999 -9999
-9999 -9999 -9999 -9999 -9999 -9999 -9999 -9999 -9999 -9999 -9999 -9999 -9999 -9999 -9999 -9999 -9999 -9999 -9999 -9999 -9999 -9999 -9999 -9999 -9999 -9999 -9999 -9999 -9999 -9999 -9999 168.18 207.35 201.45 215.51 294.24 345.92 422.88 349.34 380.93 293.93 271.10 297.46 265.68 270.20 265.11 276.09 242.01 201.02 181.04 154.75 125.21 127.97 107.89 103.02 102.83 98.33 93.55 87.51 88.85 102.44 104.63 106.04 104.48 100.16 95.37 93.84 95.47 92.32 91.43 -9999 -9999 -9999 -9999 -9999
-9999 -9999 -9999 -9999 -9999 -9999 -9999 -9999 -9999 -9999 -9999 -9999 -9999 -9999 -9999 -9999 -9999 -9999 -9999 -9999 -9999 -9999 -9999 -9999 -9999 -9999 -9999 -9999 -9999 -9999 -9999 201.22 205.84 198.49 220.91 243.41 281.91 271.18 283.35 263.57 255.02 308.95 288.63 270.34 254.97 274.30 246.34 235.81 192.26 191.70 167.31 143.83 119.31 102.64 95.86 90.63 88.85 90.87 89.62 92.92 94.08 92.76 92.98 102.49 100.85 100.90 80.20 87.88 91.32 91.91 -9999 -9999 -9999 -9999 -9999
-9999 -9999 -9999 -9999 -9999 -9999 -9999 -9999 -9999 -9999 -9999 -9999 -9999 -9999 -9999 -9999 -9999 -9999 -9999 -9999 -9999 -9999 -9999 -9999 -9999 -9999 -9999 -9999 -9999 -9999 -9999 193.29 191.73 188.57 203.07 217.09 232.31 218.69 240.28 235.29 229.04 259.12 255.40 236.27 275.17 233.71 228.33 194.95 205.58 165.32 156.11 141.95 127.35 106.27 99.21 90.73 83.41 89.80 91.80 94.87 91.16 94.64 99.41 102.33 103.61 107.30 90.65 89.13 90.48 87.14 83.37 -9999 -9999 -9999 -9999
-9999 -9999 -9999 -9999 -9999 -9999 -9999 -9999 -9999 -9999 -9999 -9999 -9999 -9999 -9999 -9999 -9999 -9999 -9999 -9999 -9999 -9999 -9999 -9999 -9999 -9999 -9999 -9999 -9999 -9999 -9999 157.89 165.28 157.94 163.07 181.72 197.36 190.26 223.18 240.58 223.89 245.26 268.57 295.21 316.97 273.70 250.47 223.39 197.37 175.13 138.39 107.15 117.78 117.34 99.87 90.77 88.21 89.22 94.99 90.87 85.82 87.99 99.31 102.57 98.66 90.95 84.09 87.42 83.85 90.36 89.07 78.07 -9999 -9999 -9999
-9999 -9999 -9999 -9999 -9999 -9999 -9999 -9999 -9999 -9999 -9999 -9999 -9999 -9999 -9999 -9999 -9999 -9999 -9999 -9999 -9999 -9999 -9999 -9999 -9999 -9999 -9999 -9999 -9999 -9999 -9999 137.32 143.05 133.37 139.06 172.14 184.69 188.35 213.00 228.08 240.70 258.81 297.28 325.29 293.14 276.58 215.35 199.07 160.72 158.02 137.14 118.74 114.29 100.59 98.73 93.37 91.45 92.48 103.83 92.31 86.83 84.97 89.18 85.45 82.28 88.14 84.15 79.95 80.03 77.45 77.37 81.28 -9999 -9999 -9999
