Rainfall_2007-2011/Rainfall_2007-10_ACTUAL.txt
ncols         180
nrows         290
xllcorner     -200000
yllcorner     -200000
cellsize      5000
NODATA_value  -9999
[rows 204 to 237 of 290, columns 77 to 153 of 180]
37.24 46.89 54.00 62.73 68.44 59.53 60.14 62.17 58.95 62.71 63.12 73.21 80.35 76.99 65.33 63.45 56.27 60.39 67.02 57.28 55.91 55.65 61.32 41.47 47.49 43.10 66.22 67.74 77.04 49.82 46.32 41.35 33.39 32.86 37.50 35.87 33.38 43.61 39.14 35.89 36.52 33.84 47.36 52.34 69.61 64.21 58.68 56.42 78.24 83.06 77.15 84.38 81.62 86.27 84.79 78.60 85.84 69.55 74.89 86.91 79.10 76.05 68.43 63.99 65.90 68.06 51.45 52.83 48.34 54.38 47.42 48.15 48.98 47.87 44.21 43.41 44.31
31.80 46.59 50.58 54.09 54.26 52.55 52.83 51.23 56.07 52.65 58.00 62.99 61.36 60.17 62.54 65.26 71.25 74.55 91.75 111.98 85.33 86.02 94.37 81.78 81.82 71.54 55.35 82.01 62.31 51.48 52.00 51.80 39.72 38.34 42.02 42.19 36.27 18.52 21.88 30.98 36.81 44.13 47.98 62.73 72.32 59.12 65.30 64.31 71.77 69.00 77.58 81.29 78.95 79.22 74.93 75.76 68.68 76.08 67.30 65.93 66.72 63.30 70.33 76.04 60.35 63.65 40.71 43.46 48.29 51.33 47.13 48.18 48.28 46.03 46.85 44.60 44.29
40.01 45.35 49.32 51.86 50.30 57.17 53.60 54.53 45.12 53.56 55.42 55.70 61.66 60.55 73.44 68.43 76.86 85.56 96.73 119.86 127.53 89.17 109.73 113.41 81.51 85.07 63.15 46.35 47.49 51.31 38.43 43.66 41.61 51.92 48.29 52.10 43.11 27.71 27.81 39.62 45.52 51.25 68.11 65.02 73.30 68.52 69.31 66.34 76.82 85.34 74.28 80.06 74.65 70.10 69.63 68.37 69.80 69.44 60.45 62.29 65.57 62.26 63.91 63.35 53.07 52.80 41.67 43.56 56.13 48.83 44.32 45.33 45.68 46.74 39.85 46.27 42.63
48.52 43.13 45.53 47.69 48.17 54.94 58.02 57.19 52.29 51.94 52.84 55.19 61.39 58.09 68.61 65.61 68.24 73.40 83.09 75.50 84.20 81.91 83.35 72.89 68.39 66.17 50.56 64.87 69.50 57.16 47.17 52.07 55.29 54.21 58.16 50.75 49.72 40.52 46.91 52.08 72.79 66.20 69.41 74.41 63.00 67.93 76.07 77.30 82.72 85.63 85.11 79.35 74.05 68.38 63.86 64.58 61.47 61.81 61.08 58.18 57.35 54.62 63.93 50.46 53.79 58.08 46.52 44.72 43.35 38.62 39.07 43.36 42.63 45.67 45.48 40.64 40.70
70.90 57.96 51.51 51.32 40.60 49.91 48.05 50.73 47.57 45.48 45.48 44.38 52.92 65.14 63.97 76.09 74.92 78.98 87.30 83.37 75.63 91.18 74.05 61.87 61.96 71.10 74.13 68.96 92.94 63.26 60.77 45.80 46.39 54.81 58.25 62.96 48.60 46.47 51.15 54.24 59.95 72.29 73.62 65.94 72.58 70.28 75.82 82.20 92.38 82.11 80.62 79.23 83.38 69.60 62.12 54.60 51.04 49.38 52.76 56.27 56.49 56.79 58.25 54.11 54.04 53.49 48.88 52.12 46.77 44.60 40.84 43.05 53.27 42.07 43.07 40.66 38.26
64.85 55.74 50.27 52.92 47.30 45.40 -9999 -9999 -9999 -9999 43.42 45.95 52.38 56.26 59.61 65.14 65.03 67.61 75.05 71.68 108.27 132.28 96.83 79.38 71.03 80.00 84.61 78.36 77.24 65.68 61.94 51.07 49.21 47.12 54.80 47.84 42.28 47.13 51.85 70.92 64.83 76.77 79.96 75.41 71.53 80.51 79.84 82.85 79.11 72.15 71.76 67.54 72.48 65.66 61.56 57.07 50.93 49.67 49.47 44.24 55.55 55.71 52.28 46.32 47.76 46.40 47.61 47.53 45.41 44.76 41.06 40.98 48.17 45.58 39.81 42.79 41.42
50.07 44.63 43.78 42.55 44.82 32.37 -9999 -9999 -9999 -9999 -9999 -9999 -9999 52.90 63.72 62.50 53.96 56.04 66.27 86.64 111.27 129.80 111.19 106.47 83.02 84.03 70.96 81.66 90.37 71.33 59.43 67.32 61.25 59.71 48.62 46.37 43.32 51.36 60.99 75.46 70.78 74.17 67.99 76.19 69.19 69.71 73.94 83.74 69.97 69.38 62.79 55.60 52.39 52.79 52.03 50.88 53.91 49.71 53.90 43.80 52.03 52.57 47.45 43.76 46.48 45.65 51.80 40.49 45.96 42.49 43.93 40.12 38.18 42.03 38.47 44.40 41.58
-9999 -9999 39.48 -9999 -9999 -9999 -9999 -9999 -9999 -9999 -9999 38.16 47.37 53.53 54.54 45.72 46.95 48.71 59.03 77.34 96.25 111.85 105.77 95.40 83.40 87.65 73.39 76.42 78.47 63.23 49.03 60.89 57.79 57.00 51.09 50.59 55.93 54.43 64.76 83.43 75.77 73.78 70.95 69.88 67.71 64.09 71.60 66.83 59.53 47.55 48.49 46.62 51.92 48.72 48.05 44.03 51.18 57.36 52.88 56.41 46.35 45.38 46.08 45.61 39.35 48.55 56.12 49.50 49.31 39.80 37.62 42.75 44.77 42.80 42.25 44.00 44.07
-9999 -9999 -9999 -9999 -9999 -9999 -9999 -9999 -9999 -9999 -9999 35.33 45.50 47.85 45.53 39.30 -9999 -9999 41.09 65.00 68.68 82.92 79.57 80.52 78.65 83.53 66.33 65.67 69.28 57.10 56.70 51.94 51.57 50.37 49.95 48.63 55.88 57.59 61.57 76.28 69.77 69.23 91.60 84.33 70.02 61.20 64.11 63.73 49.36 50.04 51.97 46.73 48.20 45.39 43.86 47.33 43.47 44.60 50.33 50.94 43.56 47.47 44.83 44.00 41.24 44.37 46.85 52.13 53.92 37.64 33.71 37.88 39.00 39.31 42.19 40.57 45.51
-9999 -9999 -9999 -9999 -9999 -9999 -9999 -9999 -9999 -9999 -9999 -9999 -9999 -9999 -9999 -9999 -9999 -9999 42.17 47.42 59.76 63.06 57.83 65.96 62.03 70.33 64.13 57.09 53.65 52.16 53.91 53.06 -9999 51.30 48.29 54.39 62.72 58.96 69.82 66.00 68.58 65.36 85.93 72.26 71.59 63.94 67.90 67.49 52.23 48.44 57.30 58.73 49.99 47.50 47.15 43.69 51.03 48.68 46.67 43.93 44.01 38.71 40.51 44.51 39.97 42.42 42.08 43.59 39.91 37.14 38.55 35.65 34.54 35.51 43.38 40.27 38.92
-9999 -9999 -9999 -9999 -9999 -9999 -9999 -9999 -9999 -9999 -9999 -9999 -9999 -9999 -9999 -9999 -9999 -9999 -9999 45.86 53.59 61.17 59.59 61.65 56.10 56.23 58.34 51.94 -9999 -9999 -9999 -9999 52.28 49.61 55.13 58.47 63.70 67.16 76.95 74.76 71.31 70.71 73.65 79.36 65.65 78.04 70.94 70.48 61.13 53.08 55.11 54.96 49.80 45.37 43.19 38.70 43.32 43.69 38.29 39.42 36.69 35.38 32.61 36.88 37.96 36.46 38.89 37.63 35.66 36.85 41.18 38.56 33.27 33.69 37.99 32.56 35.94
-9999 -9999 -9999 -9999 -9999 -9999 -9999 -9999 -9999 -9999 -9999 -9999 -9999 -9999 -9999 -9999 -9999 -9999 -9999 -9999 52.26 59.34 59.62 57.96 54.21 51.78 50.06 -9999 -9999 -9999 -9999 57.92 62.79 64.08 64.42 57.47 62.30 77.18 78.92 75.25 76.59 82.12 75.96 73.29 77.14 77.34 69.25 65.55 60.55 54.63 51.44 46.24 46.65 48.34 35.52 34.47 36.75 37.02 35.62 37.57 37.74 38.03 36.58 39.11 35.62 36.62 35.66 36.97 35.57 38.51 36.79 35.72 30.97 33.67 37.62 32.83 36.53
-9999 -9999 -9999 -9999 -9999 -9999 -9999 -9999 -9999 -9999 -9999 -9999 -9999 -9999 -9999 -9999 -9999 -9999 -9999 -9999 -9999 47.37 37.76 47.84 45.00 44.85 43.46 -9999 -9999 -9999 58.02 59.78 55.60 61.18 51.98 50.77 51.08 58.00 72.14 81.82 78.82 78.70 79.44 84.35 81.62 66.22 66.94 58.52 53.73 49.18 47.68 44.23 38.62 39.71 40.43 37.06 36.07 34.13 35.60 38.61 42.54 39.32 40.26 38.19 35.41 36.07 34.97 34.33 32.38 33.86 39.06 36.76 36.74 36.03 39.31 32.30 37.36
-9999 -9999 -9999 -9999 -9999 -9999 -9999 -9999 -9999 -9999 -9999 -9999 -9999 -9999 -9999 -9999 -9999 -9999 -9999 -9999 -9999 -9999 -9999 -9999 -9999 -9999 -9999 -9999 -9999 61.42 60.29 59.14 67.20 66.61 60.56 52.95 58.09 57.50 63.05 60.36 70.60 73.23 65.24 67.96 67.59 60.00 55.86 56.26 54.04 49.94 54.75 46.36 44.14 38.53 41.65 44.99 36.56 39.95 38.92 39.86 42.97 38.33 32.74 36.16 35.62 35.77 37.17 36.03 38.05 35.99 40.44 45.31 42.31 34.03 40.85 40.72 45.52
-9999 -9999 -9999 -9999 -9999 -9999 -9999 -9999 -9999 -9999 -9999 -9999 -9999 -9999 -9999 -9999 -9999 -9999 -9999 -9999 -9999 -9999 -9999 -9999 -9999 -9999 -9999 -9999 -9999 47.15 57.47 58.01 89.55 83.59 51.79 60.24 62.08 62.29 60.43 52.15 58.02 63.22 70.41 54.01 55.46 57.13 57.69 54.95 61.08 54.66 51.70 56.18 47.91 43.48 42.95 43.14 42.62 40.28 42.92 44.97 44.40 40.63 37.27 32.52 37.68 35.43 36.27 39.34 41.32 43.31 42.30 52.76 45.87 43.32 39.10 42.77 40.15
-9999 -9999 -9999 -9999 -9999 -9999 -9999 -9999 -9999 -9999 -9999 -9999 -9999 -9999 -9999 -9999 -9999 -9999 -9999 -9999 -9999 -9999 -9999 -9999 -9999 -9999 -9999 -9999 -9999 38.54 43.50 51.79 58.90 66.93 69.84 80.24 75.61 73.26 63.57 57.25 49.22 63.24 62.10 52.38 56.86 50.23 45.60 43.78 48.48 51.05 51.08 49.58 46.59 45.47 47.90 45.80 44.87 48.46 47.99 48.64 54.84 42.53 39.93 40.13 36.25 40.91 41.91 43.46 45.88 40.81 41.66 58.43 53.15 40.48 39.38 39.58 40.89
-9999 -9999 -9999 -9999 -9999 -9999 -9999 -9999 -9999 -9999 -9999 -9999 49.60 59.52 51.08 66.50 68.51 67.83 62.02 62.97 45.22 55.46 35.61 -9999 -9999 -9999 -9999 -9999 -9999 35.34 36.56 31.61 41.31 47.53 69.02 80.56 81.73 72.83 61.40 59.92 63.69 60.92 55.82 47.56 47.02 36.24 35.73 37.25 37.71 36.64 41.14 47.90 44.20 51.29 59.35 58.67 50.38 53.40 53.00 54.69 55.10 48.53 43.23 43.68 44.29 39.39 39.71 40.60 42.49 40.58 40.51 40.74 36.94 35.22 34.31 32.18 35.93
-9999 -9999 -9999 -9999 -9999 -9999 -9999 -9999 -9999 -9999 -9999 -9999 56.29 62.54 66.08 53.94 78.07 98.20 72.69 81.25 61.70 46.64 39.08 29.65 33.87 40.69 37.08 33.80 36.44 31.54 28.82 33.94 40.23 50.15 55.25 61.98 75.96 80.59 57.79 67.29 58.53 46.77 45.60 47.66 37.56 35.51 36.35 37.47 40.18 36.18 39.40 43.80 44.39 43.55 54.47 54.01 54.02 58.46 49.92 49.00 47.43 47.26 44.21 41.83 53.99 44.42 42.53 44.53 37.36 37.93 39.74 43.42 41.55 34.68 36.08 38.69 41.59
-9999 -9999 -9999 -9999 -9999 -9999 -9999 -9999 -9999 -9999 -9999 35.98 52.80 52.89 57.65 59.34 73.99 96.04 93.08 74.62 78.97 68.95 53.51 48.83 41.01 41.85 41.96 33.65 30.06 32.08 40.45 39.28 41.58 49.11 60.37 54.96 51.83 59.38 69.11 57.09 59.59 52.43 43.50 41.84 42.04 38.37 38.20 37.98 41.66 40.78 36.45 39.11 41.19 37.75 40.77 48.50 49.74 53.97 47.87 48.13 52.03 42.81 38.39 43.76 44.32 43.95 42.40 39.78 38.50 42.96 50.08 48.46 41.77 40.23 45.82 45.51 42.77
-9999 -9999 -9999 -9999 -9999 -9999 -9999 -9999 -9999 -9999 -9999 -9999 43.04 46.18 48.70 55.04 64.70 69.73 92.53 81.19 78.82 58.32 59.14 58.07 46.06 39.44 30.70 42.39 36.25 33.37 33.37 37.90 44.10 43.26 48.38 43.38 47.32 51.58 57.39 50.25 55.96 56.46 45.67 40.67 36.86 34.50 36.58 35.70 38.49 36.56 35.07 41.37 41.94 39.65 42.15 48.05 49.54 48.71 45.93 49.67 55.97 44.44 42.35 40.50 38.37 43.88 38.74 30.66 46.39 50.15 62.79 61.07 52.37 49.50 50.17 48.93 42.83
-9999 -9999 -9999 -9999 -9999 -9999 -9999 -9999 57.49 -9999 -9999 50.50 50.55 46.38 43.90 48.93 51.68 53.62 56.20 57.76 58.02 50.24 52.89 46.98 45.99 38.34 32.27 34.28 37.72 34.40 34.95 44.77 50.03 44.47 42.39 45.54 49.63 46.25 46.60 41.05 45.69 42.73 43.10 46.98 39.36 34.15 31.35 30.94 35.96 34.74 39.28 35.71 40.19 44.67 42.94 50.67 50.81 55.52 45.98 47.30 46.79 42.34 41.65 41.41 41.06 39.53 39.02 42.57 45.19 53.33 56.46 48.65 48.51 49.79 50.01 48.92 47.46
-9999 -9999 -9999 -9999 -9999 -9999 -9999 66.37 77.84 73.86 65.12 54.43 63.44 56.16 51.13 42.83 47.62 47.21 55.36 53.56 52.34 44.32 41.76 41.38 34.42 33.76 30.73 31.01 37.54 37.08 39.42 43.94 45.58 39.69 40.30 45.62 43.29 42.45 43.30 43.71 47.92 43.15 45.77 49.27 41.11 38.15 35.86 35.30 40.34 40.24 34.82 37.67 37.70 41.73 43.51 43.29 47.12 45.36 43.52 43.13 41.24 43.11 38.09 41.50 41.85 39.16 40.15 39.17 42.33 47.07 49.15 47.29 50.85 44.30 48.83 57.03 53.41
-9999 -9999 -9999 -9999 -9999 -9999 -9999 75.30 87.98 70.46 69.37 57.86 59.84 54.21 54.24 53.47 52.75 45.74 52.34 50.09 48.98 43.90 37.83 37.24 35.06 39.55 40.99 37.36 39.21 39.70 46.89 49.81 42.74 42.16 41.43 44.49 40.76 43.09 38.13 35.07 35.64 51.89 39.50 39.41 42.38 36.43 34.80 43.76 42.32 37.75 36.56 34.36 35.87 38.97 39.05 40.11 44.67 47.62 41.48 58.04 51.05 52.26 48.55 45.80 41.78 43.13 40.73 38.51 44.42 45.78 44.65 47.68 43.15 44.10 46.81 49.20 49.25
-9999 -9999 -9999 -9999 -9999 -9999 -9999 73.05 68.51 75.63 72.95 61.31 64.08 61.26 53.54 52.60 44.90 40.91 43.49 37.09 39.13 31.04 29.71 29.10 30.87 39.69 42.49 52.35 47.29 46.48 43.37 50.00 33.51 39.14 39.41 42.29 43.14 46.84 38.76 35.88 36.80 36.94 39.55 38.66 39.01 36.61 35.09 38.77 42.90 40.74 34.18 34.02 31.85 31.94 36.60 35.45 40.16 42.57 41.62 55.28 58.41 58.54 60.63 42.84 51.55 49.96 43.17 40.81 34.60 28.24 52.32 43.82 45.06 44.95 44.26 43.27 41.05
-9999 -9999 -9999 -9999 -9999 -9999 -9999 66.60 69.43 72.20 69.94 57.22 61.16 52.53 47.39 41.33 37.00 37.94 36.39 34.10 28.93 27.59 29.10 24.98 30.52 45.32 41.39 55.65 53.33 43.14 43.90 46.90 43.82 50.36 72.24 50.51 48.44 50.63 45.03 40.62 38.37 38.38 36.43 38.41 38.29 36.45 34.02 37.29 40.02 40.16 37.47 37.18 34.82 35.12 34.55 40.77 35.96 38.20 35.96 33.69 39.75 39.01 41.03 41.00 45.20 45.14 44.97 43.15 42.25 44.49 52.23 44.49 42.49 50.76 49.19 48.26 48.91
-9999 -9999 -9999 -9999 -9999 -9999 -9999 57.48 56.01 49.08 60.88 53.31 51.94 47.59 40.57 31.56 32.99 21.52 22.50 22.56 20.45 22.52 24.21 24.60 28.46 32.11 35.45 41.32 42.66 38.87 48.00 60.72 60.29 70.84 69.93 62.17 57.84 53.76 48.98 45.03 39.93 38.67 38.70 38.84 36.05 34.83 37.24 37.91 38.50 38.51 47.79 39.18 31.91 30.60 32.85 28.72 25.91 27.96 25.56 27.54 27.96 31.39 33.11 37.54 37.88 37.98 37.27 -9999 -9999 36.56 40.41 53.71 47.76 49.53 56.87 48.35 -9999
-9999 -9999 -9999 -9999 -9999 -9999 62.33 55.35 53.59 51.06 52.34 54.06 50.64 48.73 42.35 31.06 27.73 23.61 17.33 18.60 18.84 19.35 23.17 21.74 25.23 26.14 39.83 40.93 36.67 40.86 45.13 46.29 47.38 57.10 63.79 63.07 59.14 46.43 48.19 45.99 44.56 41.50 39.01 38.22 35.45 33.52 35.22 37.48 34.57 31.00 35.45 31.82 29.25 -9999 -9999 25.08 20.13 23.73 25.45 27.23 26.61 26.74 -9999 -9999 -9999 -9999 -9999 -9999 -9999 -9999 -9999 -9999 43.88 45.02 48.07 45.17 -9999
-9999 -9999 -9999 -9999 -9999 73.77 67.20 61.52 53.57 44.19 43.23 40.95 51.03 49.60 54.93 49.34 37.86 27.15 24.73 24.44 19.92 22.07 20.61 25.37 24.62 30.71 34.62 39.77 36.55 38.52 32.56 35.90 33.11 45.89 56.94 61.30 62.47 54.88 50.35 47.57 45.24 39.03 36.33 37.48 34.41 25.51 31.00 34.17 32.98 26.33 -9999 29.18 31.36 30.06 27.79 26.84 -9999 -9999 -9999 -9999 27.42 -9999 -9999 -9999 -9999 -9999 -9999 -9999 -9999 -9999 -9999 -9999 -9999 -9999 -9999 -9999 -9999
-9999 -9999 -9999 -9999 69.10 84.61 73.92 62.36 48.49 38.70 35.36 35.68 28.73 65.00 85.06 86.16 44.36 32.03 34.80 20.95 29.09 26.02 22.13 31.48 28.18 30.98 28.96 26.70 -9999 -9999 -9999 -9999 -9999 37.63 49.33 57.66 48.57 54.01 50.11 47.09 46.66 41.96 49.04 39.44 -9999 -9999 -9999 -9999 -9999 25.98 27.45 29.45 37.81 32.09 30.50 26.34 -9999 -9999 -9999 -9999 -9999 -9999 -9999 -9999 -9999 -9999 -9999 -9999 -9999 -9999 -9999 -9999 -9999 -9999 -9999 -9999 -9999
-9999 -9999 -9999 56.09 76.49 89.70 73.50 66.57 47.56 43.77 33.83 41.43 51.57 70.70 100.07 114.41 83.52 55.51 37.15 38.06 31.73 29.77 24.66 30.17 30.94 -9999 -9999 -9999 -9999 -9999 -9999 -9999 -9999 -9999 34.64 38.45 34.45 45.28 49.06 52.75 47.98 60.01 50.99 43.97 -9999 -9999 -9999 -9999 -9999 -9999 -9999 25.22 32.45 25.20 32.84 -9999 -9999 -9999 -9999 -9999 -9999 -9999 -9999 -9999 -9999 -9999 -9999 -9999 -9999 -9999 -9999 -9999 -9999 -9999 -9999 -9999 -9999
42.59 44.82 48.51 46.77 60.27 68.01 69.31 60.21 49.46 44.49 36.15 48.99 61.52 70.74 102.35 102.21 67.99 51.75 46.53 35.26 35.42 45.84 32.94 -9999 -9999 -9999 -9999 -9999 -9999 -9999 -9999 -9999 -9999 -9999 -9999 -9999 32.43 -9999 -9999 -9999 -9999 45.97 43.46 44.21 -9999 -9999 -9999 -9999 -9999 -9999 -9999 -9999 27.95 32.48 28.25 -9999 -9999 -9999 -9999 -9999 -9999 -9999 -9999 -9999 -9999 -9999 -9999 -9999 -9999 -9999 -9999 -9999 -9999 -9999 -9999 -9999 -9999
48.88 48.59 54.05 52.94 50.20 58.54 59.02 57.02 49.52 48.70 49.14 49.49 52.92 69.88 102.73 112.73 80.03 49.04 49.41 34.03 35.50 30.04 -9999 -9999 -9999 -9999 -9999 -9999 -9999 -9999 -9999 -9999 -9999 -9999 -9999 -9999 23.18 -9999 -9999 -9999 -9999 -9999 -9999 -9999 -9999 -9999 -9999 -9999 -9999 -9999 -9999 -9999 -9999 -9999 -9999 -9999 -9999 -9999 -9999 -9999 -9999 -9999 -9999 -9999 -9999 -9999 -9999 -9999 -9999 -9999 -9999 -9999 -9999 -9999 -9999 -9999 -9999
52.97 54.47 56.80 46.20 49.34 48.33 48.69 50.82 46.42 46.89 53.89 48.87 56.11 70.75 94.54 113.92 115.10 82.53 62.93 51.79 38.35 35.04 -9999 -9999 -9999 -9999 -9999 -9999 -9999 -9999 -9999 -9999 -9999 -9999 -9999 -9999 -9999 -9999 -9999 -9999 -9999 -9999 -9999 -9999 -9999 -9999 -9999 -9999 -9999 -9999 -9999 -9999 -9999 -9999 -9999 -9999 -9999 -9999 -9999 -9999 -9999 -9999 -9999 -9999 -9999 -9999 -9999 -9999 -9999 -9999 -9999 -9999 -9999 -9999 -9999 -9999 -9999
53.71 48.83 59.57 52.69 44.69 45.18 49.55 49.28 45.76 45.85 48.43 50.32 52.96 65.50 89.78 126.34 127.12 97.71 69.86 51.71 41.63 28.37 -9999 -9999 -9999 -9999 -9999 -9999 -9999 -9999 -9999 -9999 -9999 -9999 -9999 -9999 -9999 -9999 -9999 -9999 -9999 -9999 -9999 -9999 -9999 -9999 -9999 -9999 -9999 -9999 -9999 -9999 -9999 -9999 -9999 -9999 -9999 -9999 -9999 -9999 -9999 -9999 -9999 -9999 -9999 -9999 -9999 -9999 -9999 -9999 -9999 -9999 -9999 -9999 -9999 -9999 -9999
