Rainfall_2007-2011/Rainfall_2009-06_ACTUAL.txt
ncols         180
nrows         290
xllcorner     -200000
yllcorner     -200000
cellsize      5000
NODATA_value  -9999
[rows 170 to 203 of 290, columns 77 to 153 of 180]
-9999 -9999 -9999 -9999 -9999 -9999 -9999 -9999 -9999 -9999 -9999 -9999 -9999 -9999 -9999 -9999 -9999 -9999 -9999 -9999 -9999 -9999 -9999 -9999 -9999 -9999 -9999 -9999 -9999 37.97 59.42 54.82 46.93 47.37 49.35 56.29 58.05 63.40 66.70 61.67 62.34 72.99 80.37 77.46 101.92 107.61 91.97 103.03 112.34 89.18 79.68 86.48 84.34 88.25 66.52 51.26 45.81 36.82 32.87 30.92 32.14 34.01 28.41 26.00 24.83 24.57 25.12 29.24 31.25 36.91 37.84 34.32 -9999 -9999 -9999 -9999 -9999
-9999 -9999 -9999 -9999 -9999 -9999 -9999 -9999 -9999 58.81 55.21 51.28 59.52 -9999 -9999 -9999 -9999 -9999 -9999 -9999 -9999 -9999 -9999 -9999 -9999 -9999 -9999 -9999 36.56 38.03 44.18 45.76 48.70 47.86 51.40 56.22 55.37 55.11 46.65 59.89 63.70 66.24 80.34 94.71 129.07 111.81 80.81 108.26 97.40 95.04 107.11 82.29 99.49 86.31 73.88 61.66 46.07 34.82 32.85 34.68 34.06 40.82 36.58 31.78 27.30 32.59 37.27 33.72 37.41 38.76 39.74 39.07 39.30 -9999 -9999 -9999 -9999
-9999 -9999 -9999 -9999 -9999 -9999 -9999 -9999 -9999 61.21 63.79 56.16 55.79 -9999 -9999 -9999 -9999 -9999 -9999 -9999 -9999 -9999 -9999 -9999 -9999 -9999 -9999 42.27 40.31 42.53 43.44 41.19 40.91 51.23 46.87 50.99 55.45 62.14 59.12 63.69 69.95 76.02 67.13 89.94 111.28 120.47 102.44 99.40 100.31 185.75 134.02 93.95 123.17 95.29 76.18 66.04 43.41 41.85 41.60 42.96 29.84 41.65 43.30 40.19 38.74 34.25 38.81 38.83 37.62 44.57 47.98 46.72 42.28 -9999 -9999 -9999 -9999
-9999 -9999 -9999 -9999 -9999 -9999 -9999 46.29 49.79 51.69 64.92 57.11 61.27 65.33 43.79 50.96 -9999 -9999 37.40 43.56 -9999 -9999 -9999 26.06 22.17 27.21 -9999 38.96 44.50 47.49 45.89 46.38 48.40 57.77 55.70 54.99 53.94 49.91 51.15 58.47 80.43 78.15 85.36 70.93 85.86 107.87 94.18 97.44 103.88 103.76 119.67 103.51 107.58 96.46 77.92 75.56 60.02 55.25 49.70 42.32 47.98 47.08 49.82 37.39 32.73 32.50 37.36 36.49 36.52 41.56 41.58 44.93 42.56 39.03 -9999 -9999 -9999
-9999 -9999 -9999 -9999 -9999 -9999 -9999 -9999 50.30 47.07 55.70 52.24 53.32 60.36 62.25 60.12 -9999 43.27 42.56 56.69 55.54 65.74 54.46 37.77 40.25 40.18 39.76 -9999 47.28 53.98 49.29 45.82 46.91 46.86 49.34 55.39 57.17 62.67 58.09 53.68 78.81 72.35 58.43 67.91 84.98 99.80 97.61 111.06 89.32 84.43 83.68 90.01 117.86 95.18 73.65 76.73 69.79 57.00 62.29 60.30 53.92 43.82 42.11 36.93 31.50 34.89 39.02 43.24 38.75 33.22 32.58 35.88 39.33 38.28 -9999 -9999 -9999
-9999 -9999 -9999 -9999 -9999 -9999 -9999 -9999 -9999 47.14 48.99 52.12 49.80 39.05 44.04 59.31 73.91 85.55 48.61 59.22 63.30 63.90 49.78 43.69 37.73 54.56 54.30 45.29 47.57 42.23 51.90 50.35 41.40 46.20 45.84 60.41 60.21 71.70 60.73 64.70 67.58 56.92 61.67 62.75 69.47 87.92 81.32 79.18 73.79 86.33 85.85 87.78 108.12 93.42 75.67 76.68 65.46 58.26 52.82 52.07 49.07 40.30 35.14 35.38 35.70 36.99 38.08 39.19 34.11 30.95 23.83 30.05 33.12 34.13 34.56 -9999 -9999
-9999 -9999 -9999 -9999 -9999 -9999 -9999 -9999 -9999 -9999 45.35 43.49 48.11 39.36 58.93 72.94 100.96 77.62 46.13 53.95 48.28 53.43 49.14 48.96 46.68 62.74 57.27 61.76 58.92 66.72 52.04 45.01 40.04 40.57 35.07 44.90 47.87 55.56 60.11 63.46 56.90 57.39 63.50 63.93 73.96 70.08 72.88 66.40 72.98 105.03 101.47 91.42 91.68 84.70 77.58 78.26 65.37 52.43 49.66 54.45 49.54 40.37 32.15 33.29 35.73 35.05 34.56 33.30 32.99 32.65 24.32 32.23 35.55 32.09 29.12 -9999 -9999
-9999 -9999 -9999 -9999 -9999 -9999 -9999 -9999 -9999 -9999 -9999 45.84 47.69 61.90 64.78 88.73 96.37 72.63 69.75 63.95 42.41 57.48 56.61 59.25 56.27 61.67 64.05 53.62 58.77 65.93 63.30 46.79 42.90 35.05 37.49 42.08 45.70 50.70 53.42 51.48 50.35 48.22 67.87 78.64 73.49 67.09 74.56 71.94 55.11 113.28 104.39 101.73 100.68 82.33 81.65 89.29 59.48 49.01 45.28 68.84 44.99 45.22 34.66 36.99 37.50 36.92 36.40 33.89 33.43 32.81 36.80 46.07 39.58 32.48 27.98 -9999 -9999
-9999 -9999 -9999 -9999 -9999 -9999 -9999 -9999 -9999 -9999 -9999 46.16 50.55 70.55 84.29 114.96 87.35 71.34 54.12 47.14 62.16 67.49 68.59 56.34 51.97 56.70 67.93 78.83 77.36 60.98 53.96 33.46 43.38 42.67 38.98 41.58 45.60 50.49 50.28 44.51 50.19 60.73 60.81 70.84 79.81 78.16 80.02 81.38 75.40 88.00 105.74 95.17 101.81 89.98 94.28 91.22 63.92 51.52 43.17 42.69 44.67 40.87 41.64 43.20 42.30 41.68 36.19 35.86 31.88 25.81 31.62 39.00 37.73 33.39 -9999 -9999 -9999
-9999 -9999 -9999 -9999 -9999 -9999 -9999 -9999 -9999 -9999 -9999 55.95 63.72 87.21 86.70 114.32 87.51 67.66 71.62 39.02 58.13 71.96 64.83 69.18 60.10 54.29 77.95 80.95 75.46 56.96 46.64 40.06 44.96 48.52 43.09 45.29 45.98 50.99 50.57 47.26 53.62 64.02 61.61 91.95 84.25 70.62 76.56 67.45 89.60 93.70 80.60 85.86 84.61 80.23 76.24 74.93 71.65 46.12 40.92 38.16 39.83 39.53 60.48 54.23 54.08 48.02 36.29 26.70 28.20 21.65 30.30 35.53 36.85 -9999 -9999 -9999 -9999
-9999 -9999 -9999 -9999 -9999 -9999 -9999 -9999 -9999 -9999 60.01 96.96 79.41 93.83 93.33 80.13 81.74 80.63 71.17 55.92 67.22 62.80 65.69 51.64 54.65 66.17 87.96 82.08 73.09 51.11 40.23 47.83 53.35 49.67 46.19 51.63 53.91 54.13 55.37 62.64 62.73 71.60 83.41 73.51 94.97 85.09 73.01 70.66 73.59 84.31 90.22 76.65 69.53 64.06 72.24 77.93 66.68 45.88 45.82 43.42 46.98 48.76 61.57 57.42 51.99 49.75 40.95 35.41 41.72 39.20 41.35 37.41 -9999 -9999 -9999 -9999 -9999
-9999 -9999 -9999 -9999 -9999 -9999 -9999 -9999 53.25 54.02 60.05 71.28 61.72 64.78 73.05 58.07 54.61 54.92 69.56 71.18 66.46 60.28 67.02 53.33 63.47 72.78 64.41 67.55 60.35 55.74 49.20 44.96 58.00 55.68 64.36 64.78 62.23 57.96 58.21 61.35 55.72 69.18 80.70 80.99 88.67 79.31 78.28 72.79 74.72 76.58 76.80 73.32 70.65 67.25 62.70 58.52 56.16 51.42 44.78 45.59 57.32 59.66 67.59 62.98 59.25 54.85 43.56 39.30 41.93 40.97 54.20 -9999 -9999 -9999 -9999 -9999 44.34
-9999 -9999 -9999 -9999 -9999 -9999 -9999 55.29 52.95 65.79 74.57 64.46 40.97 43.70 41.99 49.75 56.39 66.10 75.32 99.83 57.39 46.03 54.64 57.04 83.72 94.48 83.67 65.96 69.46 57.59 54.38 49.15 59.63 96.32 93.19 75.77 61.15 71.01 80.73 65.04 54.02 69.85 77.75 77.80 106.94 101.01 79.07 67.88 65.99 67.63 51.13 59.06 71.72 61.23 57.00 57.06 60.01 47.35 49.27 60.39 60.12 63.45 76.04 72.98 63.83 57.55 45.56 39.43 41.12 49.37 57.83 -9999 -9999 -9999 -9999 -9999 107.93
-9999 -9999 -9999 -9999 -9999 -9999 58.58 67.23 66.72 73.73 -9999 -9999 -9999 -9999 35.56 56.02 77.77 76.26 78.89 78.88 73.52 68.26 81.52 81.46 113.39 107.85 84.85 72.75 70.09 54.20 52.35 53.35 54.46 77.32 93.63 68.82 54.16 77.22 83.83 74.27 71.01 71.78 81.09 92.87 110.40 100.82 78.10 72.87 62.91 59.67 55.09 55.76 56.55 56.93 51.96 54.36 53.17 41.57 49.01 64.51 55.73 56.11 70.72 71.81 69.89 61.21 48.84 45.04 46.06 45.28 48.86 61.70 -9999 -9999 -9999 -9999 71.22
-9999 -9999 -9999 -9999 -9999 -9999 73.05 77.44 74.07 79.93 -9999 -9999 -9999 -9999 36.31 51.48 85.99 77.66 79.87 93.09 89.94 89.32 101.14 78.47 101.31 75.20 80.37 68.34 59.98 51.41 52.10 51.06 56.88 64.97 76.19 79.07 81.77 80.84 88.96 83.76 69.36 72.26 75.00 77.57 92.93 93.52 80.65 63.95 55.85 59.33 67.95 64.52 60.89 62.16 48.27 55.61 58.63 51.08 59.11 58.15 56.52 54.91 61.82 50.18 58.52 51.61 47.97 45.69 45.45 42.16 37.19 48.21 46.29 -9999 -9999 50.11 40.07
-9999 -9999 -9999 -9999 -9999 -9999 -9999 -9999 -9999 -9999 -9999 -9999 -9999 -9999 37.16 53.02 70.85 68.20 77.08 79.39 107.41 86.59 83.16 78.65 82.77 76.34 74.58 61.95 50.18 45.78 52.80 45.22 61.90 67.96 68.33 77.55 77.07 92.30 89.10 93.69 82.13 84.44 78.43 79.42 76.52 83.40 86.46 65.86 61.45 69.08 73.32 67.01 65.31 64.48 56.18 64.72 72.20 55.75 55.41 56.93 64.58 66.19 63.72 65.23 60.33 48.66 48.07 42.64 41.51 37.95 41.23 40.75 34.83 39.95 40.63 54.39 50.70
-9999 -9999 -9999 -9999 -9999 -9999 -9999 -9999 -9999 -9999 -9999 -9999 -9999 -9999 -9999 41.13 48.25 78.35 83.53 103.97 112.39 104.78 83.46 60.97 80.89 69.41 59.57 52.51 45.63 52.01 45.05 57.58 62.11 69.86 79.00 80.56 84.68 95.83 91.10 95.72 100.33 98.70 97.65 92.74 80.13 82.70 81.32 76.57 57.50 63.09 70.64 72.27 78.37 71.30 62.12 58.64 49.39 49.36 51.11 47.75 59.89 61.86 68.02 55.74 48.42 51.87 47.69 45.40 40.96 43.19 47.40 44.63 38.47 39.75 38.04 41.84 37.22
-9999 -9999 -9999 -9999 -9999 -9999 -9999 -9999 -9999 -9999 -9999 -9999 -9999 -9999 -9999 35.68 64.67 129.77 75.57 90.02 103.72 96.35 83.58 68.99 69.02 63.50 69.63 53.77 45.18 48.06 54.86 57.34 54.66 65.44 89.01 92.69 97.16 103.78 96.34 99.90 107.19 109.66 108.73 108.29 96.85 109.92 85.16 76.23 60.52 66.90 70.96 71.22 84.83 72.20 54.40 44.16 48.52 46.09 52.04 50.57 53.31 60.47 57.68 48.19 44.13 49.07 46.15 45.73 45.58 33.77 42.35 40.16 40.85 41.79 34.68 36.99 37.14
-9999 -9999 -9999 -9999 -9999 -9999 -9999 -9999 -9999 -9999 -9999 -9999 -9999 -9999 48.60 53.07 68.08 86.45 78.00 81.41 102.64 101.50 85.27 98.02 83.48 85.36 76.81 58.82 72.67 57.31 56.30 58.11 71.17 105.31 90.07 106.92 98.46 119.83 96.45 97.68 109.09 110.27 117.44 134.89 109.45 97.30 91.32 80.69 68.85 96.34 75.79 71.14 53.18 60.00 41.93 43.63 44.83 35.84 46.27 52.75 45.54 49.69 48.60 42.24 40.25 40.79 43.75 44.91 44.03 43.04 42.69 42.51 41.53 41.42 42.50 47.84 41.56
-9999 -9999 -9999 -9999 -9999 -9999 -9999 -9999 -9999 -9999 -9999 -9999 -9999 -9999 46.00 54.51 79.04 64.89 58.53 77.86 85.89 94.93 103.62 109.26 95.99 104.83 77.33 66.96 68.78 68.95 92.00 73.14 81.52 73.35 89.04 89.84 96.53 84.06 101.90 98.38 91.18 129.09 137.15 123.04 116.34 103.77 96.56 87.15 82.15 87.65 74.10 71.43 60.00 53.06 41.44 43.00 42.91 44.97 44.27 48.94 51.95 49.32 49.10 39.53 38.53 42.70 43.58 46.13 43.65 42.85 45.75 42.54 45.08 54.10 46.76 45.91 40.82
-9999 -9999 -9999 -9999 -9999 -9999 -9999 -9999 -9999 -9999 -9999 -9999 -9999 -9999 35.38 53.49 51.87 61.81 61.42 73.90 75.15 93.46 91.19 104.21 93.86 82.08 70.77 71.08 75.85 83.33 87.65 90.37 77.27 84.07 79.57 78.46 77.48 74.32 82.18 94.07 95.35 120.68 141.34 121.00 116.22 131.56 128.97 103.86 93.45 87.18 75.56 65.56 53.96 34.74 34.55 29.61 29.23 40.04 36.94 38.44 45.57 46.24 50.69 48.17 35.65 40.75 45.61 45.70 44.53 53.07 48.07 45.11 44.74 49.16 58.98 78.91 50.61
-9999 -9999 -9999 -9999 -9999 -9999 -9999 -9999 -9999 -9999 -9999 -9999 -9999 -9999 -9999 37.46 58.06 74.83 86.77 96.85 74.02 76.17 75.71 76.41 68.65 61.12 75.80 82.57 69.20 82.66 74.65 90.58 76.41 76.70 73.89 79.42 81.12 65.47 68.41 78.86 78.77 107.64 120.96 108.44 101.15 103.08 102.02 91.14 96.62 84.10 61.14 61.75 56.79 39.95 35.74 29.94 26.38 38.97 40.22 42.44 48.34 51.71 52.09 48.61 51.06 51.76 48.28 48.13 49.38 51.81 50.09 46.55 39.83 41.97 56.98 67.25 53.93
-9999 -9999 -9999 -9999 -9999 -9999 -9999 -9999 -9999 -9999 -9999 -9999 -9999 -9999 -9999 38.27 59.65 82.57 105.76 121.99 106.34 71.83 66.79 57.64 67.19 71.50 84.15 99.81 77.26 67.81 66.70 79.97 69.04 81.06 100.03 76.99 84.81 64.19 68.22 81.87 79.47 87.11 108.16 129.39 101.29 97.90 98.97 94.92 89.59 70.08 60.66 58.96 52.88 42.45 35.09 30.74 27.92 42.17 55.30 52.75 50.05 48.50 54.86 51.47 54.76 65.79 49.93 43.52 40.19 42.41 53.00 48.46 42.47 42.38 57.03 54.77 52.76
-9999 -9999 -9999 -9999 -9999 -9999 -9999 -9999 -9999 -9999 -9999 -9999 -9999 -9999 23.72 30.86 55.06 83.07 92.63 121.01 107.06 71.51 71.89 75.48 75.24 71.86 67.30 56.74 65.97 74.54 85.00 78.81 72.49 79.98 80.88 79.40 74.40 60.24 63.60 71.74 77.93 85.03 76.21 104.15 138.20 91.05 88.82 90.89 64.31 52.42 61.45 51.37 49.13 35.17 20.00 19.77 38.14 41.45 51.21 59.91 81.00 54.69 55.71 53.14 54.14 52.33 44.98 42.79 36.06 42.54 49.61 46.10 39.24 42.20 48.60 53.46 52.74
-9999 -9999 -9999 -9999 -9999 -9999 -9999 -9999 -9999 -9999 -9999 -9999 -9999 -9999 36.72 47.20 59.98 66.88 99.90 113.18 85.79 63.92 40.28 51.00 77.29 78.64 76.20 64.68 81.29 81.77 73.67 86.55 71.15 69.85 68.08 91.30 81.77 69.43 57.91 63.77 74.15 78.58 88.82 95.30 86.60 85.46 86.30 85.81 48.20 52.71 54.52 43.25 50.64 34.99 20.85 27.71 35.04 43.27 47.98 57.85 71.74 55.37 48.73 51.48 50.88 47.77 45.15 51.11 47.47 47.38 44.84 40.87 38.94 40.00 44.62 45.94 49.87
-9999 -9999 -9999 -9999 -9999 -9999 -9999 -9999 -9999 -9999 -9999 -9999 -9999 -9999 50.51 60.13 53.94 61.92 95.16 102.11 87.01 68.12 52.94 55.54 65.79 66.92 68.69 68.96 87.01 72.29 70.73 70.39 81.86 64.86 75.01 87.69 83.73 82.32 72.01 72.00 80.11 88.26 91.69 94.19 84.17 85.60 88.51 81.78 66.73 60.27 54.99 44.07 41.47 38.19 41.92 45.73 33.07 36.87 40.35 40.20 40.22 48.41 49.56 52.85 50.10 40.77 39.11 45.88 45.97 45.64 40.35 38.55 42.81 41.93 41.95 48.86 49.24
-9999 -9999 -9999 -9999 -9999 -9999 -9999 -9999 -9999 -9999 -9999 -9999 -9999 55.49 59.23 66.18 57.45 64.96 76.59 88.40 88.45 78.12 45.84 50.61 55.75 60.15 63.82 62.63 78.02 76.80 70.87 62.04 63.43 65.77 76.36 77.38 99.60 83.70 79.81 83.14 87.34 91.36 97.85 94.37 83.94 81.18 77.37 82.03 73.27 62.71 58.57 50.64 46.20 38.50 44.96 43.24 34.01 37.26 38.68 42.70 46.99 43.78 51.50 56.36 54.69 42.61 36.81 43.45 66.75 49.59 40.16 38.63 43.76 37.86 44.95 40.12 50.25
-9999 -9999 -9999 -9999 -9999 -9999 -9999 -9999 -9999 -9999 -9999 -9999 66.94 62.19 61.38 60.86 50.99 72.72 96.21 102.64 96.52 88.30 58.64 57.15 55.37 50.37 62.31 58.57 59.57 57.93 61.21 59.59 75.52 71.86 80.07 69.15 77.91 82.00 88.12 83.57 86.49 92.51 82.45 92.04 91.71 81.18 78.82 80.21 72.52 72.69 68.26 66.37 55.77 44.33 54.17 47.34 45.71 44.06 45.58 47.38 51.69 54.70 70.01 64.60 62.26 45.64 35.49 38.44 56.89 46.25 41.07 38.93 44.45 53.52 61.76 53.25 60.22
-9999 -9999 -9999 -9999 -9999 -9999 -9999 -9999 -9999 -9999 57.61 56.99 60.74 59.35 53.60 65.88 70.17 89.56 98.08 111.26 103.48 80.03 59.63 44.05 55.46 45.36 65.93 57.12 54.46 60.99 57.94 65.56 86.24 78.91 77.72 65.58 70.19 76.63 83.19 87.33 87.22 92.28 94.24 92.53 90.80 80.08 75.38 72.10 77.25 75.54 77.64 78.62 70.61 66.23 58.57 57.30 51.57 46.53 43.94 50.58 58.97 60.85 57.28 67.41 77.88 52.54 29.13 38.00 35.17 43.95 44.27 42.69 39.75 102.91 87.14 68.25 70.17
-9999 -9999 -9999 -9999 -9999 -9999 64.99 52.77 61.71 74.60 73.89 73.06 71.27 64.46 67.09 79.93 88.20 84.78 94.45 99.26 88.60 67.20 55.71 41.56 51.95 55.39 85.51 76.89 62.11 59.40 64.66 68.01 79.65 63.56 78.76 75.50 69.97 86.47 84.76 88.09 84.84 91.64 89.91 100.18 85.04 75.56 72.53 71.41 78.92 78.13 73.42 78.93 72.58 61.26 66.09 64.91 60.36 57.16 44.30 50.84 50.07 56.14 60.30 62.64 64.79 56.02 54.29 41.56 40.55 45.35 45.19 45.32 57.85 99.69 68.37 65.16 68.93
-9999 -9999 -9999 -9999 -9999 77.09 79.06 80.03 73.45 60.09 68.97 72.59 72.27 65.35 53.70 84.07 85.53 81.90 67.61 86.40 71.11 60.00 66.88 49.16 46.49 74.97 70.52 61.87 47.61 54.88 61.61 74.80 69.96 73.87 74.20 81.32 81.73 89.31 99.15 88.19 90.21 87.52 89.02 105.53 95.71 76.03 70.25 68.85 77.60 76.06 82.93 73.68 74.95 69.05 68.80 64.99 60.72 59.60 53.81 55.93 60.13 59.10 48.19 81.77 62.44 58.23 52.60 43.17 45.68 38.79 50.81 68.38 68.83 70.69 58.17 61.29 58.70
-9999 -9999 -9999 -9999 69.18 74.19 71.36 68.33 61.47 64.28 69.95 80.47 73.77 70.40 90.17 78.38 71.16 81.51 64.23 74.68 72.60 74.98 65.45 60.74 58.95 67.46 61.92 48.67 64.93 70.40 56.33 60.62 62.60 76.30 82.44 78.27 91.49 96.08 88.82 87.93 88.00 82.65 87.23 100.24 90.41 74.89 84.99 79.05 82.26 72.36 75.73 74.69 75.66 63.22 69.00 74.71 71.89 69.81 70.99 63.36 60.65 64.31 59.39 46.04 67.58 52.77 47.21 49.81 47.84 44.30 56.42 70.70 83.47 59.64 59.50 54.06 48.59
56.16 69.50 69.58 87.03 76.77 75.36 72.80 71.27 65.95 77.46 76.76 91.07 81.88 86.85 95.66 77.90 71.88 69.76 65.89 71.11 76.52 72.82 63.00 54.99 66.27 69.72 62.80 74.48 73.34 66.46 66.27 67.08 79.90 71.49 75.52 99.76 90.71 102.70 100.11 89.25 105.68 99.35 95.16 78.14 65.51 79.60 78.28 75.37 76.92 66.59 59.26 57.80 55.76 58.04 64.27 68.94 72.18 68.45 73.60 67.61 59.41 61.73 58.31 62.00 57.81 44.91 47.73 47.60 49.66 54.75 55.10 62.17 57.13 55.10 53.56 37.98 45.68
61.72 72.83 91.18 100.70 102.06 89.92 90.19 72.81 85.97 99.03 93.24 90.73 93.56 96.48 79.86 81.89 65.19 59.61 60.80 63.65 76.84 66.16 60.59 56.54 56.08 70.95 78.10 113.87 95.16 70.78 63.02 68.99 68.37 86.51 78.44 93.93 88.93 80.72 86.48 89.78 114.49 107.26 65.67 57.70 72.22 73.01 80.38 73.40 73.27 74.49 57.46 51.42 55.78 62.27 69.13 68.27 66.17 62.42 53.36 61.97 52.66 59.60 51.38 58.15 70.03 77.91 57.10 48.66 50.04 45.77 39.72 57.85 49.96 51.28 60.16 46.74 45.78
