Rainfall_2007-2011/Rainfall_2009-11_ACTUAL.txt
ncols         180
nrows         290
xllcorner     -200000
yllcorner     -200000
cellsize      5000
NODATA_value  -9999
[rows 99 to 131 of 290, columns 75 to 149 of 180]
461.36 469.98 420.11 -9999 331.47 531.17 570.88 569.90 482.74 508.50 485.53 415.17 383.06 343.05 330.29 345.56 317.21 316.32 387.89 344.93 239.04 204.66 200.53 195.60 162.90 210.73 236.95 220.87 215.94 208.49 173.12 156.43 139.30 154.68 141.46 126.05 137.33 149.85 141.06 -9999 -9999 -9999 -9999 -9999 -9999 -9999 -9999 -9999 -9999 -9999 -9999 -9999 -9999 -9999 -9999 -9999 -9999 -9999 -9999 -9999 -9999 -9999 -9999 -9999 -9999 -9999 -9999 -9999 -9999 -9999 -9999 -9999 -9999 -9999 -9999
408.99 366.52 -9999 274.70 333.55 400.59 535.82 499.56 503.53 547.50 455.90 468.01 436.39 443.88 452.68 430.50 353.50 262.85 281.87 281.76 283.47 270.03 238.63 255.38 227.67 209.95 228.33 206.94 182.62 161.46 134.61 131.96 151.19 159.29 149.62 144.02 147.18 123.15 122.85 -9999 -9999 -9999 -9999 -9999 -9999 -9999 -9999 -9999 -9999 -9999 -9999 -9999 -9999 -9999 -9999 -9999 -9999 -9999 -9999 -9999 -9999 -9999 -9999 -9999 -9999 -9999 -9999 -9999 -9999 -9999 -9999 -9999 -9999 -9999 -9999
330.68 -9999 286.96 263.93 322.31 573.49 575.39 672.63 524.94 477.34 408.48 488.96 514.84 444.73 516.04 401.39 365.28 372.96 367.47 266.18 322.65 386.70 342.17 287.14 263.28 241.93 232.98 182.88 169.91 144.65 147.78 193.17 181.82 183.84 187.58 184.06 156.75 130.76 113.66 -9999 -9999 -9999 -9999 -9999 -9999 -9999 -9999 -9999 -9999 -9999 -9999 -9999 -9999 -9999 -9999 -9999 -9999 -9999 -9999 -9999 -9999 -9999 -9999 -9999 -9999 -9999 -9999 -9999 -9999 -9999 -9999 -9999 -9999 -9999 -9999
-9999 279.18 -9999 325.08 389.49 558.01 511.50 603.97 527.11 538.03 504.00 579.77 529.81 479.25 412.43 404.82 448.86 355.18 271.80 316.99 423.32 417.89 283.55 290.68 270.33 243.20 215.67 219.35 200.09 156.88 204.37 179.48 174.55 170.60 172.03 157.83 122.09 112.47 -9999 -9999 -9999 -9999 -9999 -9999 -9999 -9999 -9999 -9999 -9999 -9999 -9999 -9999 -9999 -9999 -9999 -9999 -9999 -9999 -9999 -9999 -9999 -9999 -9999 -9999 -9999 -9999 -9999 -9999 -9999 -9999 -9999 -9999 -9999 -9999 -9999
-9999 -9999 273.24 300.32 380.81 365.61 597.67 642.77 463.52 500.16 585.60 494.90 546.48 563.38 429.52 419.40 278.94 415.99 320.59 422.50 458.32 335.27 378.08 351.71 255.73 209.14 194.30 207.31 202.84 200.82 168.32 138.74 160.48 148.45 141.19 141.39 -9999 -9999 -9999 -9999 -9999 -9999 -9999 -9999 -9999 -9999 -9999 -9999 -9999 -9999 -9999 -9999 -9999 -9999 -9999 -9999 -9999 -9999 -9999 -9999 -9999 -9999 -9999 -9999 -9999 -9999 -9999 -9999 -9999 -9999 -9999 -9999 -9999 -9999 -9999
-9999 327.59 348.95 420.56 511.50 470.46 508.71 475.28 419.05 481.47 543.52 512.79 469.34 428.75 375.26 395.65 438.56 289.11 316.98 297.94 361.07 382.07 298.71 276.88 207.22 183.15 179.18 157.78 159.98 149.27 135.23 138.97 137.64 144.16 130.12 -9999 -9999 -9999 -9999 -9999 -9999 -9999 -9999 -9999 -9999 -9999 -9999 -9999 -9999 -9999 -9999 -9999 -9999 -9999 -9999 -9999 -9999 -9999 -9999 -9999 -9999 -9999 -9999 -9999 -9999 -9999 -9999 -9999 -9999 -9999 -9999 -9999 -9999 -9999 -9999
-9999 350.63 445.92 465.61 512.91 471.18 486.38 513.33 546.92 626.95 578.36 546.43 514.99 541.74 443.15 390.44 358.40 337.17 386.76 339.68 301.73 234.48 246.65 231.29 182.84 169.05 148.04 128.44 146.93 126.66 131.07 154.41 134.16 137.32 140.45 -9999 -9999 -9999 -9999 -9999 -9999 -9999 -9999 -9999 -9999 -9999 -9999 -9999 -9999 -9999 -9999 -9999 -9999 -9999 -9999 -9999 -9999 -9999 -9999 -9999 -9999 -9999 -9999 -9999 -9999 -9999 -9999 -9999 -9999 -9999 -9999 -9999 -9999 -9999 -9999
264.57 407.53 443.58 482.92 453.96 465.81 567.00 541.23 557.49 538.43 607.46 525.32 512.61 476.00 511.42 412.77 434.86 490.77 392.85 397.47 395.19 327.78 252.32 236.58 192.46 152.40 133.36 167.48 155.88 148.18 143.30 137.04 141.15 127.78 154.74 146.93 -9999 -9999 -9999 -9999 -9999 -9999 -9999 -9999 -9999 -9999 -9999 -9999 -9999 -9999 -9999 -9999 -9999 -9999 -9999 -9999 -9999 -9999 -9999 -9999 -9999 -9999 -9999 -9999 -9999 -9999 -9999 -9999 -9999 -9999 -9999 -9999 -9999 -9999 -9999
320.19 340.44 414.77 513.45 462.00 489.63 474.14 449.92 533.46 628.78 707.20 538.91 526.78 543.64 405.10 325.43 492.55 412.30 428.62 465.67 349.36 334.03 294.95 242.96 246.47 228.47 207.30 210.72 217.06 161.11 149.25 158.60 191.45 161.37 180.58 169.18 138.25 -9999 -9999 -9999 -9999 -9999 -9999 -9999 -9999 -9999 -9999 -9999 -9999 -9999 -9999 -9999 -9999 -9999 -9999 -9999 -9999 -9999 -9999 -9999 -9999 -9999 -9999 -9999 -9999 -9999 -9999 -9999 -9999 -9999 -9999 -9999 -9999 -9999 -9999
331.73 360.18 432.13 465.52 505.94 492.31 486.10 475.29 571.52 604.53 729.31 573.72 503.13 482.47 417.02 377.90 402.95 349.50 323.99 288.00 261.55 274.62 291.18 342.56 370.73 284.90 250.88 222.40 218.69 215.88 164.66 183.71 157.17 173.70 178.33 161.66 141.72 122.93 -9999 -9999 -9999 -9999 -9999 -9999 -9999 -9999 -9999 -9999 -9999 -9999 -9999 -9999 -9999 -9999 -9999 -9999 -9999 -9999 -9999 -9999 -9999 -9999 -9999 -9999 -9999 -9999 -9999 -9999 -9999 -9999 -9999 -9999 -9999 -9999 -9999
305.92 346.45 372.01 438.05 460.86 461.94 452.61 497.71 595.61 553.21 481.14 477.27 601.73 423.87 399.79 369.70 369.94 304.17 275.88 235.40 238.22 249.26 353.91 378.06 329.15 280.69 223.31 233.25 216.90 215.41 175.12 163.92 134.10 118.07 142.16 138.36 123.39 -9999 -9999 -9999 -9999 -9999 -9999 -9999 -9999 -9999 -9999 -9999 -9999 -9999 -9999 -9999 -9999 -9999 -9999 -9999 -9999 -9999 -9999 -9999 -9999 -9999 -9999 -9999 -9999 -9999 -9999 -9999 -9999 -9999 -9999 -9999 -9999 -9999 -9999
263.80 266.61 330.64 367.49 397.30 462.60 540.31 462.63 553.13 537.51 512.57 486.93 413.35 472.34 377.94 395.91 261.07 230.82 232.84 273.91 227.60 252.96 190.43 165.60 200.58 209.16 211.06 214.86 214.52 188.58 151.53 142.06 121.88 -9999 -9999 -9999 -9999 -9999 -9999 -9999 -9999 -9999 -9999 -9999 -9999 -9999 -9999 -9999 -9999 -9999 -9999 -9999 -9999 -9999 -9999 -9999 -9999 -9999 -9999 -9999 -9999 -9999 -9999 -9999 -9999 -9999 -9999 -9999 -9999 -9999 -9999 -9999 -9999 -9999 -9999
325.73 298.30 347.13 348.32 326.88 490.89 493.02 545.32 560.02 394.14 441.50 444.35 370.49 366.66 371.16 264.50 258.68 261.13 296.64 358.87 258.49 262.48 196.71 166.94 195.36 197.52 213.82 203.24 208.16 194.13 154.63 -9999 -9999 -9999 -9999 -9999 -9999 -9999 -9999 -9999 -9999 -9999 -9999 -9999 -9999 -9999 -9999 -9999 -9999 -9999 -9999 -9999 -9999 -9999 -9999 -9999 -9999 -9999 -9999 -9999 -9999 -9999 -9999 -9999 -9999 -9999 -9999 -9999 -9999 -9999 -9999 -9999 -9999 -9999 -9999
290.15 335.25 334.26 329.81 423.82 448.35 512.16 573.67 526.65 418.54 401.14 379.07 293.52 284.36 269.16 258.64 261.08 223.79 357.44 368.82 333.60 282.62 234.83 186.81 191.34 175.76 170.03 171.85 192.97 178.06 134.77 -9999 -9999 -9999 -9999 -9999 -9999 -9999 -9999 -9999 -9999 -9999 -9999 -9999 -9999 -9999 -9999 -9999 -9999 -9999 -9999 -9999 -9999 -9999 -9999 -9999 -9999 -9999 -9999 -9999 -9999 -9999 -9999 -9999 -9999 -9999 -9999 -9999 -9999 -9999 -9999 -9999 -9999 -9999 -9999
353.74 347.62 -9999 347.95 417.90 451.37 507.36 513.72 510.87 380.92 297.79 310.72 303.11 298.18 300.54 292.42 390.15 405.34 417.62 431.52 329.37 244.14 222.29 195.78 186.03 168.55 160.17 189.27 131.18 -9999 -9999 -9999 -9999 -9999 98.96 87.77 100.01 87.85 -9999 -9999 -9999 -9999 -9999 -9999 -9999 -9999 -9999 -9999 -9999 -9999 -9999 -9999 -9999 -9999 -9999 -9999 -9999 -9999 -9999 -9999 -9999 -9999 -9999 -9999 -9999 -9999 -9999 -9999 -9999 -9999 -9999 -9999 -9999 -9999 -9999
287.68 411.42 -9999 328.97 389.70 391.51 387.15 496.67 397.03 317.48 298.76 317.45 300.61 276.56 300.92 293.07 309.46 296.04 291.90 307.59 266.92 248.06 242.89 227.37 196.64 181.97 173.28 154.41 133.38 124.41 113.79 -9999 -9999 93.23 95.35 105.84 98.32 98.91 94.92 93.14 -9999 -9999 -9999 -9999 -9999 -9999 -9999 -9999 -9999 -9999 -9999 -9999 -9999 -9999 -9999 -9999 -9999 -9999 -9999 -9999 -9999 -9999 -9999 -9999 -9999 -9999 -9999 -9999 -9999 -9999 -9999 -9999 -9999 -9999 -9999
293.37 360.94 300.50 306.39 277.44 330.46 364.77 390.76 347.56 333.99 345.18 341.20 303.94 241.05 234.98 253.06 252.27 243.76 251.47 262.82 254.39 235.57 237.67 209.36 218.21 220.38 172.61 149.07 148.22 125.82 132.96 120.70 103.19 105.24 94.80 102.56 112.52 124.74 118.65 141.86 84.50 -9999 -9999 -9999 -9999 -9999 -9999 -9999 -9999 -9999 -9999 -9999 -9999 -9999 -9999 -9999 -9999 -9999 -9999 -9999 -9999 -9999 -9999 -9999 -9999 -9999 -9999 -9999 -9999 -9999 -9999 -9999 -9999 -9999 -9999
355.01 324.67 320.24 277.75 304.11 307.88 299.34 332.48 -9999 367.06 428.40 415.30 353.07 258.29 226.42 211.93 193.36 214.15 196.56 204.63 227.80 207.47 223.03 200.20 212.11 203.92 237.96 173.75 163.19 155.75 139.72 141.09 119.17 106.95 115.81 118.27 134.42 141.99 148.52 159.04 144.09 167.73 144.03 82.44 -9999 -9999 -9999 -9999 -9999 -9999 -9999 -9999 -9999 -9999 -9999 -9999 -9999 -9999 -9999 -9999 -9999 -9999 -9999 -9999 -9999 -9999 -9999 -9999 -9999 -9999 -9999 -9999 -9999 -9999 -9999
302.69 314.20 348.78 278.74 -9999 262.16 258.60 301.08 -9999 327.10 469.68 407.53 332.65 265.48 261.85 216.62 194.55 184.10 188.24 186.82 206.43 197.09 222.51 242.67 220.15 235.91 193.88 191.72 220.38 203.83 144.25 127.11 140.94 119.98 140.60 190.09 197.96 171.71 167.31 168.28 162.69 163.66 99.14 110.42 -9999 -9999 -9999 -9999 -9999 -9999 -9999 -9999 -9999 -9999 -9999 -9999 -9999 -9999 -9999 -9999 -9999 -9999 -9999 -9999 -9999 -9999 -9999 -9999 -9999 -9999 -9999 -9999 -9999 -9999 -9999
255.52 308.77 307.47 264.66 -9999 -9999 251.58 242.31 255.85 312.56 345.96 332.67 295.31 287.32 290.65 256.78 225.37 243.62 221.55 195.15 223.95 216.23 234.65 257.99 274.09 258.11 253.91 248.74 221.37 186.85 187.82 165.51 153.30 155.51 180.25 189.70 208.71 187.38 166.16 158.40 114.28 102.08 105.14 104.79 94.37 -9999 -9999 -9999 -9999 -9999 -9999 -9999 -9999 -9999 -9999 -9999 -9999 -9999 -9999 -9999 -9999 -9999 -9999 -9999 -9999 -9999 -9999 -9999 -9999 -9999 -9999 -9999 -9999 -9999 -9999
253.46 304.74 -9999 -9999 -9999 -9999 -9999 228.62 214.44 278.62 313.28 293.40 251.75 253.43 275.47 309.80 289.76 279.01 265.51 232.01 208.17 209.98 213.14 241.30 254.98 248.06 241.84 215.96 209.48 172.21 195.46 220.33 208.76 166.35 177.97 168.97 162.17 171.42 153.97 144.40 91.07 74.97 90.81 99.89 86.71 -9999 -9999 -9999 -9999 -9999 -9999 -9999 -9999 -9999 -9999 -9999 -9999 -9999 -9999 -9999 -9999 -9999 -9999 -9999 -9999 -9999 -9999 -9999 -9999 -9999 -9999 -9999 -9999 -9999 -9999
269.42 302.96 312.79 316.83 330.12 -9999 -9999 -9999 215.29 255.44 273.33 258.76 221.84 213.92 264.33 307.19 307.06 304.86 282.03 276.52 229.92 193.11 208.93 212.30 187.87 217.83 198.13 196.48 253.70 221.77 231.44 254.44 259.32 224.99 216.01 175.46 146.35 146.95 141.97 136.45 110.88 90.64 87.14 82.09 84.31 98.24 -9999 -9999 -9999 -9999 -9999 -9999 -9999 -9999 -9999 -9999 -9999 -9999 -9999 -9999 -9999 -9999 -9999 -9999 -9999 -9999 -9999 -9999 -9999 -9999 -9999 -9999 -9999 -9999 -9999
311.08 315.88 329.38 357.33 465.70 428.26 -9999 -9999 -9999 212.09 220.19 217.44 220.07 220.40 228.80 262.87 264.49 293.19 263.06 256.08 216.94 238.33 200.02 197.95 176.53 232.74 217.18 262.35 225.48 257.74 223.79 224.84 269.83 265.85 226.24 188.01 150.10 129.30 110.74 117.87 91.53 91.64 97.43 85.43 93.62 90.52 77.94 -9999 -9999 -9999 -9999 -9999 -9999 -9999 -9999 -9999 -9999 -9999 -9999 -9999 -9999 -9999 -9999 -9999 -9999 -9999 -9999 -9999 -9999 -9999 -9999 -9999 -9999 -9999 -9999
346.08 301.55 242.92 324.43 472.40 412.68 -9999 -9999 -9999 -9999 -9999 205.19 217.78 239.27 224.58 232.34 245.67 264.25 300.21 317.88 294.44 252.19 217.96 212.91 189.64 207.22 196.89 284.79 250.77 256.25 260.84 234.67 183.62 197.91 174.60 195.59 153.44 136.72 114.49 94.20 88.03 84.81 80.95 84.46 89.97 100.70 87.16 86.10 -9999 -9999 -9999 -9999 -9999 -9999 -9999 -9999 -9999 -9999 -9999 -9999 -9999 -9999 -9999 -9999 -9999 -9999 -9999 -9999 -9999 -9999 -9999 -9999 -9999 -9999 -9999
292.39 -9999 261.61 286.34 421.30 370.91 -9999 -9999 -9999 -9999 -9999 200.16 213.63 246.14 235.61 250.18 261.88 271.46 308.83 315.57 318.31 281.06 274.85 248.18 235.72 255.86 320.19 290.93 407.37 296.19 336.65 246.36 284.51 263.32 214.35 208.66 145.89 141.91 114.43 103.12 107.49 118.62 93.51 99.23 88.12 117.24 111.80 108.31 101.06 81.05 -9999 -9999 -9999 -9999 -9999 -9999 -9999 -9999 -9999 -9999 -9999 -9999 -9999 -9999 -9999 -9999 -9999 -9999 -9999 -9999 -9999 -9999 -9999 -9999 -9999
247.85 -9999 -9999 278.43 293.81 257.67 -9999 -9999 -9999 -9999 -9999 192.11 179.87 221.94 210.47 219.65 226.52 241.97 282.19 297.84 350.86 309.40 276.37 297.12 307.08 358.68 367.53 354.75 451.79 404.67 307.02 296.21 290.58 188.89 190.53 185.90 146.61 147.37 146.85 101.10 94.45 120.57 158.76 175.65 169.41 137.47 110.31 118.56 109.27 99.21 -9999 -9999 -9999 -9999 -9999 -9999 -9999 -9999 -9999 -9999 -9999 -9999 -9999 -9999 -9999 -9999 -9999 -9999 -9999 -9999 -9999 -9999 -9999 -9999 -9999
-9999 -9999 -9999 214.66 216.87 202.61 -9999 -9999 -9999 -9999 -9999 192.95 209.01 220.36 223.97 225.11 233.49 261.64 323.59 380.44 350.19 344.67 309.66 309.92 290.23 325.83 376.88 449.98 425.97 378.38 368.54 355.46 231.57 234.52 189.21 188.86 165.07 131.66 156.81 144.91 125.70 164.45 232.18 232.41 205.25 148.77 131.85 120.66 117.79 110.54 -9999 -9999 -9999 -9999 -9999 -9999 -9999 -9999 -9999 -9999 -9999 -9999 -9999 -9999 -9999 -9999 -9999 -9999 -9999 -9999 -9999 -9999 -9999 -9999 -9999
238.94 -9999 -9999 -9999 -9999 -9999 -9999 -9999 -9999 -9999 205.10 225.31 248.39 250.67 243.48 253.15 257.62 262.50 293.32 385.89 381.88 355.58 395.14 378.33 398.49 417.73 458.74 490.65 502.47 436.30 469.09 377.96 313.85 251.52 220.09 176.90 168.86 183.32 165.62 196.16 203.32 255.12 230.42 247.73 195.85 145.78 136.72 118.42 121.47 147.64 -9999 -9999 -9999 -9999 -9999 -9999 -9999 -9999 -9999 -9999 -9999 -9999 -9999 -9999 -9999 -9999 -9999 -9999 -9999 -9999 -9999 -9999 -9999 -9999 -9999
233.77 -9999 -9999 -9999 -9999 -9999 -9999 -9999 -9999 -9999 222.32 220.64 263.01 304.46 323.81 321.17 320.69 323.28 341.10 313.39 378.71 400.84 383.80 461.85 471.15 419.63 331.55 477.71 447.81 499.71 443.13 376.42 319.64 258.70 198.77 211.24 202.06 213.42 203.84 235.67 267.91 243.67 228.03 249.40 210.95 152.21 133.92 127.32 159.12 153.19 -9999 -9999 -9999 -9999 -9999 -9999 -9999 -9999 -9999 -9999 -9999 -9999 -9999 -9999 -9999 -9999 -9999 -9999 -9999 -9999 -9999 -9999 -9999 -9999 -9999
-9999 -9999 -9999 -9999 -9999 -9999 -9999 -9999 -9999 189.71 224.35 246.77 289.38 353.75 339.36 392.37 448.46 441.07 444.15 452.38 369.11 369.62 413.90 483.80 464.51 416.29 306.24 368.99 489.52 454.92 455.19 403.02 388.68 309.27 268.13 260.57 259.03 249.81 292.16 329.44 310.75 270.66 221.43 179.33 189.49 164.34 175.28 168.91 145.25 145.06 -9999 -9999 -9999 -9999 -9999 -9999 -9999 -9999 -9999 -9999 -9999 -9999 -9999 -9999 -9999 -9999 -9999 -9999 -9999 -9999 -9999 -9999 -9999 -9999 -9999
-9999 -9999 -9999 -9999 -9999 -9999 -9999 -9999 -9999 218.16 219.84 290.24 337.15 410.03 364.57 434.90 454.79 585.14 514.22 451.52 392.40 413.10 406.28 546.95 506.09 385.83 320.82 371.00 468.96 455.22 431.52 442.45 380.77 391.24 388.66 341.09 361.99 358.29 390.19 299.34 290.38 274.80 229.15 212.03 174.85 155.08 161.39 144.53 134.68 135.53 141.39 -9999 -9999 -9999 -9999 -9999 -9999 -9999 -9999 -9999 -9999 -9999 -9999 -9999 -9999 -9999 -9999 -9999 -9999 -9999 -9999 -9999 -9999 -9999 -9999
-9999 -9999 -9999 -9999 -9999 -9999 -9999 -9999 193.66 256.29 279.94 322.69 447.97 432.65 400.20 417.25 480.42 499.37 493.74 453.64 417.10 381.99 327.54 371.92 426.26 395.67 336.84 331.06 395.99 453.25 432.17 426.35 454.52 363.09 399.84 370.54 349.17 443.12 364.72 342.59 313.50 241.02 233.85 208.08 191.20 187.94 153.53 144.54 136.27 127.87 119.38 -9999 -9999 -9999 -9999 -9999 -9999 -9999 -9999 -9999 -9999 -9999 -9999 -9999 -9999 -9999 -9999 -9999 -9999 -9999 -9999 -9999 -9999 -9999 -9999
-9999 -9999 -9999 -9999 -9999 -9999 -9999 -9999 243.50 273.73 307.79 373.97 396.71 460.15 446.42 525.40 453.06 437.61 425.87 429.59 419.76 363.59 333.36 377.94 404.49 407.34 310.61 291.76 299.28 376.05 390.92 476.37 362.66 400.27 396.23 339.76 436.15 400.51 367.96 324.30 248.85 244.09 213.79 171.35 169.70 176.87 156.09 166.07 150.03 125.67 129.05 -9999 -9999 -9999 -9999 -9999 -9999 -9999 -9999 -9999 -9999 -9999 -9999 -9999 -9999 -9999 -9999 -9999 -9999 -9999 -9999 -9999 -9999 -9999 -9999
