Rainfall_2007-2011/Rainfall_2011-11_ACTUAL.txt
ncols         180
nrows         290
xllcorner     -200000
yllcorner     -200000
cellsize      5000
NODATA_value  -9999
[rows 102 to 135 of 290, columns 76 to 151 of 180]
228.17 -9999 270.10 287.27 409.87 398.58 501.98 470.69 513.35 528.29 730.07 743.58 552.60 414.01 339.16 373.50 301.80 211.91 238.67 298.20 309.06 207.48 212.18 187.74 156.49 131.30 118.35 106.94 83.77 103.38 83.13 77.67 72.26 70.84 63.81 52.69 49.15 -9999 -9999 -9999 -9999 -9999 -9999 -9999 -9999 -9999 -9999 -9999 -9999 -9999 -9999 -9999 -9999 -9999 -9999 -9999 -9999 -9999 -9999 -9999 -9999 -9999 -9999 -9999 -9999 -9999 -9999 -9999 -9999 -9999 -9999 -9999 -9999 -9999 -9999 -9999
-9999 246.52 254.90 295.46 283.40 451.07 509.68 395.38 446.28 545.90 469.54 485.96 486.01 441.80 362.30 243.95 303.42 213.48 282.07 304.92 255.77 281.72 250.50 175.47 139.34 121.42 112.46 108.17 104.12 76.92 55.70 64.12 59.08 56.17 57.46 -9999 -9999 -9999 -9999 -9999 -9999 -9999 -9999 -9999 -9999 -9999 -9999 -9999 -9999 -9999 -9999 -9999 -9999 -9999 -9999 -9999 -9999 -9999 -9999 -9999 -9999 -9999 -9999 -9999 -9999 -9999 -9999 -9999 -9999 -9999 -9999 -9999 -9999 -9999 -9999 -9999
274.37 295.82 356.95 419.44 363.13 384.67 382.29 353.49 402.44 470.44 449.52 404.29 386.77 372.06 358.65 371.97 253.96 226.78 201.36 258.12 285.50 226.98 208.73 144.85 121.42 102.60 83.79 86.05 76.63 60.95 55.44 54.62 57.12 49.74 -9999 -9999 -9999 -9999 -9999 -9999 -9999 -9999 -9999 -9999 -9999 -9999 -9999 -9999 -9999 -9999 -9999 -9999 -9999 -9999 -9999 -9999 -9999 -9999 -9999 -9999 -9999 -9999 -9999 -9999 -9999 -9999 -9999 -9999 -9999 -9999 -9999 -9999 -9999 -9999 -9999 -9999
280.75 368.25 399.46 419.70 335.58 390.30 454.32 495.76 473.62 498.78 475.62 450.63 481.84 404.12 358.29 323.03 296.87 327.93 270.02 225.09 164.41 193.78 173.97 124.75 108.18 79.34 64.56 80.43 65.95 62.61 68.50 56.45 50.46 47.01 -9999 -9999 -9999 -9999 -9999 -9999 -9999 -9999 -9999 -9999 -9999 -9999 -9999 -9999 -9999 -9999 -9999 -9999 -9999 -9999 -9999 -9999 -9999 -9999 -9999 -9999 -9999 -9999 -9999 -9999 -9999 -9999 -9999 -9999 -9999 -9999 -9999 -9999 -9999 -9999 -9999 -9999
296.44 377.06 389.16 332.84 336.11 471.94 476.90 473.94 405.60 512.41 465.73 471.89 415.41 477.04 400.62 406.36 427.99 333.32 333.94 308.68 181.82 155.84 139.58 115.77 97.08 97.76 97.99 88.35 77.58 70.11 61.99 63.65 48.38 53.76 50.97 -9999 -9999 -9999 -9999 -9999 -9999 -9999 -9999 -9999 -9999 -9999 -9999 -9999 -9999 -9999 -9999 -9999 -9999 -9999 -9999 -9999 -9999 -9999 -9999 -9999 -9999 -9999 -9999 -9999 -9999 -9999 -9999 -9999 -9999 -9999 -9999 -9999 -9999 -9999 -9999 -9999
229.52 303.44 397.35 348.20 378.37 390.83 388.72 428.82 485.09 535.81 438.23 458.07 420.09 379.25 345.72 458.69 358.75 360.86 451.83 315.27 216.82 177.34 138.33 145.81 142.27 134.83 138.92 122.59 83.91 74.21 71.65 87.22 64.01 63.82 58.45 49.23 -9999 -9999 -9999 -9999 -9999 -9999 -9999 -9999 -9999 -9999 -9999 -9999 -9999 -9999 -9999 -9999 -9999 -9999 -9999 -9999 -9999 -9999 -9999 -9999 -9999 -9999 -9999 -9999 -9999 -9999 -9999 -9999 -9999 -9999 -9999 -9999 -9999 -9999 -9999 -9999
260.71 318.93 355.33 393.07 394.88 395.04 385.51 464.87 495.31 634.94 446.89 434.05 388.85 372.25 322.34 351.72 301.43 271.54 244.99 209.15 189.05 180.66 201.41 222.59 178.88 155.82 136.11 122.04 122.16 102.25 92.57 69.79 69.43 56.91 50.25 44.73 40.62 -9999 -9999 -9999 -9999 -9999 -9999 -9999 -9999 -9999 -9999 -9999 -9999 -9999 -9999 -9999 -9999 -9999 -9999 -9999 -9999 -9999 -9999 -9999 -9999 -9999 -9999 -9999 -9999 -9999 -9999 -9999 -9999 -9999 -9999 -9999 -9999 -9999 -9999 -9999
264.74 283.11 332.43 354.05 364.21 363.58 401.60 484.01 454.48 397.58 407.01 575.10 387.24 348.49 318.42 318.37 257.45 216.32 167.50 162.71 164.47 222.63 232.33 201.38 180.52 131.18 137.54 110.88 114.64 98.19 81.36 57.49 48.74 45.87 42.80 40.39 -9999 -9999 -9999 -9999 -9999 -9999 -9999 -9999 -9999 -9999 -9999 -9999 -9999 -9999 -9999 -9999 -9999 -9999 -9999 -9999 -9999 -9999 -9999 -9999 -9999 -9999 -9999 -9999 -9999 -9999 -9999 -9999 -9999 -9999 -9999 -9999 -9999 -9999 -9999 -9999
211.55 257.36 272.45 294.94 354.15 421.58 365.47 441.78 435.63 421.92 413.64 363.96 411.55 325.17 334.39 222.83 187.19 163.80 164.86 136.12 157.47 119.18 104.91 121.24 126.22 124.34 115.95 103.88 93.79 75.90 66.63 52.47 -9999 -9999 -9999 -9999 -9999 -9999 -9999 -9999 -9999 -9999 -9999 -9999 -9999 -9999 -9999 -9999 -9999 -9999 -9999 -9999 -9999 -9999 -9999 -9999 -9999 -9999 -9999 -9999 -9999 -9999 -9999 -9999 -9999 -9999 -9999 -9999 -9999 -9999 -9999 -9999 -9999 -9999 -9999 -9999
236.87 280.80 257.28 240.70 370.94 372.43 416.71 432.59 311.70 358.75 368.36 305.83 303.95 321.07 235.42 226.65 210.09 201.38 211.95 149.02 159.59 117.47 93.51 108.34 110.57 118.23 106.90 103.97 94.20 72.72 -9999 -9999 -9999 -9999 -9999 -9999 -9999 -9999 -9999 -9999 -9999 -9999 -9999 -9999 -9999 -9999 -9999 -9999 -9999 -9999 -9999 -9999 -9999 -9999 -9999 -9999 -9999 -9999 -9999 -9999 -9999 -9999 -9999 -9999 -9999 -9999 -9999 -9999 -9999 -9999 -9999 -9999 -9999 -9999 -9999 -9999
258.38 294.46 260.12 325.75 339.55 372.52 439.23 400.18 321.89 319.73 308.35 234.99 225.39 229.21 245.83 235.31 176.26 245.64 222.48 198.70 185.08 143.05 97.59 99.15 92.05 87.60 84.94 90.55 80.06 58.81 -9999 -9999 -9999 -9999 -9999 -9999 -9999 -9999 -9999 -9999 -9999 -9999 -9999 -9999 -9999 -9999 -9999 -9999 -9999 -9999 -9999 -9999 -9999 -9999 -9999 -9999 -9999 -9999 -9999 -9999 -9999 -9999 -9999 -9999 -9999 -9999 -9999 -9999 -9999 -9999 -9999 -9999 -9999 -9999 -9999 -9999
280.54 -9999 279.85 329.86 346.56 366.41 383.24 383.54 288.79 233.85 250.57 243.42 239.50 252.70 240.86 271.00 296.47 287.13 271.31 206.19 166.98 141.06 94.96 88.92 84.05 77.46 85.33 54.96 -9999 -9999 -9999 -9999 -9999 33.20 30.08 35.67 29.65 -9999 -9999 -9999 -9999 -9999 -9999 -9999 -9999 -9999 -9999 -9999 -9999 -9999 -9999 -9999 -9999 -9999 -9999 -9999 -9999 -9999 -9999 -9999 -9999 -9999 -9999 -9999 -9999 -9999 -9999 -9999 -9999 -9999 -9999 -9999 -9999 -9999 -9999 -9999
323.79 -9999 261.46 309.54 305.68 286.63 360.95 291.75 237.63 231.21 256.06 249.97 230.58 247.65 225.62 221.04 210.01 197.38 191.32 158.13 145.15 134.94 112.05 95.53 89.29 80.05 63.64 49.48 48.08 45.07 -9999 -9999 34.60 34.63 38.47 36.35 34.21 29.53 30.64 -9999 -9999 -9999 -9999 -9999 -9999 -9999 -9999 -9999 -9999 -9999 -9999 -9999 -9999 -9999 -9999 -9999 -9999 -9999 -9999 -9999 -9999 -9999 -9999 -9999 -9999 -9999 -9999 -9999 -9999 -9999 -9999 -9999 -9999 -9999 -9999 -9999
274.04 231.18 242.26 219.34 248.72 248.56 268.83 249.83 243.85 260.79 275.30 264.56 212.56 190.98 192.56 185.25 172.16 165.18 155.47 134.33 123.73 125.52 108.72 111.71 108.07 78.91 59.51 54.11 46.49 56.23 50.60 38.37 39.11 36.11 39.26 44.13 45.90 41.97 50.14 36.54 -9999 -9999 -9999 -9999 -9999 -9999 -9999 -9999 -9999 -9999 -9999 -9999 -9999 -9999 -9999 -9999 -9999 -9999 -9999 -9999 -9999 -9999 -9999 -9999 -9999 -9999 -9999 -9999 -9999 -9999 -9999 -9999 -9999 -9999 -9999 -9999
236.17 231.20 209.67 234.62 207.65 173.54 207.41 -9999 264.83 313.66 325.71 299.00 220.79 173.72 156.63 141.76 149.42 126.62 119.10 112.54 98.12 113.74 104.53 116.13 95.25 109.44 72.78 64.12 66.50 58.76 57.82 47.00 41.68 43.96 46.18 53.08 53.72 54.21 57.50 50.51 49.66 44.77 25.30 -9999 -9999 -9999 -9999 -9999 -9999 -9999 -9999 -9999 -9999 -9999 -9999 -9999 -9999 -9999 -9999 -9999 -9999 -9999 -9999 -9999 -9999 -9999 -9999 -9999 -9999 -9999 -9999 -9999 -9999 -9999 -9999 -9999
219.60 226.40 179.18 -9999 163.71 148.21 184.81 -9999 232.93 336.44 303.12 255.67 198.83 184.59 161.74 144.96 128.60 119.90 114.55 113.35 99.33 113.02 126.61 119.03 121.32 85.08 81.47 93.91 87.14 60.08 51.52 57.57 50.14 55.93 72.88 79.30 70.15 66.82 57.11 52.27 55.75 33.03 31.76 -9999 -9999 -9999 -9999 -9999 -9999 -9999 -9999 -9999 -9999 -9999 -9999 -9999 -9999 -9999 -9999 -9999 -9999 -9999 -9999 -9999 -9999 -9999 -9999 -9999 -9999 -9999 -9999 -9999 -9999 -9999 -9999 -9999
214.30 191.59 161.92 -9999 -9999 158.13 157.89 162.80 207.52 239.26 233.37 210.47 200.85 202.81 188.70 166.32 175.62 139.81 122.48 138.38 119.35 125.17 134.64 136.97 118.32 113.25 112.81 97.03 79.77 74.68 62.87 63.15 69.60 78.93 80.53 93.18 83.35 65.95 58.27 42.66 40.86 37.65 33.68 32.25 -9999 -9999 -9999 -9999 -9999 -9999 -9999 -9999 -9999 -9999 -9999 -9999 -9999 -9999 -9999 -9999 -9999 -9999 -9999 -9999 -9999 -9999 -9999 -9999 -9999 -9999 -9999 -9999 -9999 -9999 -9999 -9999
213.93 -9999 -9999 -9999 -9999 -9999 153.60 150.07 190.45 211.68 196.99 180.00 182.55 191.88 219.44 213.84 207.70 178.23 146.55 128.32 122.60 119.38 129.43 128.14 116.09 110.08 96.27 92.86 74.20 75.19 82.48 85.12 72.16 76.80 73.78 72.95 76.05 65.67 61.76 46.24 44.42 36.73 37.45 31.30 -9999 -9999 -9999 -9999 -9999 -9999 -9999 -9999 -9999 -9999 -9999 -9999 -9999 -9999 -9999 -9999 -9999 -9999 -9999 -9999 -9999 -9999 -9999 -9999 -9999 -9999 -9999 -9999 -9999 -9999 -9999 -9999
211.92 209.42 207.84 215.93 -9999 -9999 -9999 151.26 175.97 184.37 175.65 160.45 154.99 181.98 208.02 212.13 217.76 187.99 173.59 141.93 116.24 118.15 117.57 98.61 107.46 93.26 89.18 116.15 103.21 106.52 111.07 109.24 93.05 90.35 74.32 59.82 62.91 61.13 63.86 52.43 38.90 34.86 31.71 30.63 34.53 -9999 -9999 -9999 -9999 -9999 -9999 -9999 -9999 -9999 -9999 -9999 -9999 -9999 -9999 -9999 -9999 -9999 -9999 -9999 -9999 -9999 -9999 -9999 -9999 -9999 -9999 -9999 -9999 -9999 -9999 -9999
221.57 228.04 237.87 305.00 278.67 -9999 -9999 -9999 142.50 145.77 143.44 150.17 150.13 153.18 166.62 162.70 185.19 167.72 159.59 135.39 147.53 112.48 110.69 95.86 121.66 112.06 133.80 112.28 128.65 112.54 106.33 116.45 108.80 93.85 78.84 66.50 57.90 47.31 52.84 40.17 32.57 29.47 29.99 32.03 28.19 22.89 -9999 -9999 -9999 -9999 -9999 -9999 -9999 -9999 -9999 -9999 -9999 -9999 -9999 -9999 -9999 -9999 -9999 -9999 -9999 -9999 -9999 -9999 -9999 -9999 -9999 -9999 -9999 -9999 -9999 -9999
213.48 170.51 215.95 307.82 266.45 -9999 -9999 -9999 -9999 -9999 128.95 140.10 160.30 147.51 142.57 144.90 159.33 187.02 197.05 180.70 151.21 124.16 119.39 104.48 112.71 109.73 160.34 122.63 128.91 130.05 112.15 81.78 83.21 69.82 78.26 64.61 59.96 52.47 43.12 37.68 27.90 28.48 29.38 28.70 29.86 24.54 21.92 -9999 -9999 -9999 -9999 -9999 -9999 -9999 -9999 -9999 -9999 -9999 -9999 -9999 -9999 -9999 -9999 -9999 -9999 -9999 -9999 -9999 -9999 -9999 -9999 -9999 -9999 -9999 -9999 -9999
-9999 185.39 194.08 273.23 238.13 -9999 -9999 -9999 -9999 -9999 125.10 134.31 155.60 151.46 163.46 187.84 179.65 195.39 197.08 195.38 168.41 158.88 140.15 131.39 141.12 178.74 166.64 201.03 148.73 168.11 120.58 131.78 118.58 92.81 81.10 62.92 60.58 53.24 48.35 40.01 25.28 23.56 31.03 26.15 31.75 26.06 27.85 26.00 22.30 -9999 -9999 -9999 -9999 -9999 -9999 -9999 -9999 -9999 -9999 -9999 -9999 -9999 -9999 -9999 -9999 -9999 -9999 -9999 -9999 -9999 -9999 -9999 -9999 -9999 -9999 -9999
-9999 -9999 192.06 195.18 165.57 -9999 -9999 -9999 -9999 -9999 119.62 114.32 132.97 131.63 144.38 153.38 160.38 182.22 190.93 223.35 193.95 168.88 174.87 172.76 197.93 197.18 184.26 231.24 204.86 157.63 151.38 137.76 87.78 85.88 78.85 62.00 63.12 63.73 45.40 39.44 35.04 45.71 53.51 46.28 37.07 26.99 29.95 27.85 22.85 -9999 -9999 -9999 -9999 -9999 -9999 -9999 -9999 -9999 -9999 -9999 -9999 -9999 -9999 -9999 -9999 -9999 -9999 -9999 -9999 -9999 -9999 -9999 -9999 -9999 -9999 -9999
-9999 -9999 145.04 139.29 125.75 -9999 -9999 -9999 -9999 -9999 108.81 113.70 123.74 137.08 146.57 155.10 173.83 214.91 254.26 234.67 230.64 205.17 194.97 167.59 178.46 193.10 225.76 218.48 195.46 190.11 181.88 110.78 107.15 84.34 81.74 69.37 56.93 67.79 65.27 58.83 58.91 73.55 72.74 60.78 43.10 34.05 29.87 29.63 24.57 -9999 -9999 -9999 -9999 -9999 -9999 -9999 -9999 -9999 -9999 -9999 -9999 -9999 -9999 -9999 -9999 -9999 -9999 -9999 -9999 -9999 -9999 -9999 -9999 -9999 -9999 -9999
-9999 -9999 -9999 -9999 -9999 -9999 -9999 -9999 -9999 130.00 119.45 130.44 144.59 153.62 168.82 175.17 179.61 202.57 269.55 268.80 249.13 272.43 251.20 235.45 233.81 245.50 255.70 266.71 236.88 245.99 187.12 146.62 112.74 99.14 79.74 69.51 71.58 62.89 70.52 74.32 85.21 71.70 74.99 56.88 40.62 34.81 28.07 28.33 28.75 -9999 -9999 -9999 -9999 -9999 -9999 -9999 -9999 -9999 -9999 -9999 -9999 -9999 -9999 -9999 -9999 -9999 -9999 -9999 -9999 -9999 -9999 -9999 -9999 -9999 -9999 -9999
-9999 -9999 -9999 -9999 -9999 -9999 -9999 -9999 -9999 160.22 131.98 152.12 194.05 221.79 225.96 226.69 228.56 242.82 230.37 288.04 288.26 267.83 296.83 255.09 238.71 207.44 277.83 243.00 276.70 237.27 182.17 144.72 113.96 87.96 93.61 77.10 74.22 68.04 72.36 83.99 73.86 65.92 70.66 59.26 41.38 34.26 30.27 35.60 28.06 -9999 -9999 -9999 -9999 -9999 -9999 -9999 -9999 -9999 -9999 -9999 -9999 -9999 -9999 -9999 -9999 -9999 -9999 -9999 -9999 -9999 -9999 -9999 -9999 -9999 -9999 -9999
-9999 -9999 -9999 -9999 -9999 -9999 -9999 -9999 143.50 164.58 169.47 199.33 256.41 251.07 290.73 329.35 319.37 319.63 339.93 297.60 290.90 278.82 282.52 245.29 249.09 226.47 241.72 256.10 230.99 224.99 186.60 173.83 136.82 113.24 104.34 93.98 86.07 103.43 106.68 89.58 76.33 59.74 47.88 51.44 42.23 43.55 40.85 34.20 28.94 -9999 -9999 -9999 -9999 -9999 -9999 -9999 -9999 -9999 -9999 -9999 -9999 -9999 -9999 -9999 -9999 -9999 -9999 -9999 -9999 -9999 -9999 -9999 -9999 -9999 -9999 -9999
-9999 -9999 -9999 -9999 -9999 -9999 -9999 -9999 151.72 157.74 211.27 251.89 310.65 277.47 330.57 341.73 431.36 371.53 327.12 292.62 288.83 243.37 309.15 281.85 233.61 220.88 217.15 225.95 224.65 204.08 196.24 168.34 171.30 160.54 133.49 130.75 123.25 130.99 88.36 81.24 72.47 61.67 58.00 48.36 37.04 36.76 34.48 31.49 27.66 27.90 -9999 -9999 -9999 -9999 -9999 -9999 -9999 -9999 -9999 -9999 -9999 -9999 -9999 -9999 -9999 -9999 -9999 -9999 -9999 -9999 -9999 -9999 -9999 -9999 -9999 -9999
-9999 -9999 -9999 -9999 -9999 -9999 -9999 127.50 169.76 200.91 241.17 339.32 326.97 306.15 318.94 364.21 375.22 361.68 325.34 278.05 222.27 178.31 198.56 231.40 212.41 175.98 161.09 174.90 181.94 178.63 175.47 185.87 147.18 168.70 148.06 124.55 151.63 121.93 105.33 86.99 60.21 62.13 59.30 53.75 52.52 41.05 34.72 29.61 26.85 24.18 -9999 -9999 -9999 -9999 -9999 -9999 -9999 -9999 -9999 -9999 -9999 -9999 -9999 -9999 -9999 -9999 -9999 -9999 -9999 -9999 -9999 -9999 -9999 -9999 -9999 -9999
-9999 -9999 -9999 -9999 -9999 -9999 -9999 165.26 190.25 228.68 280.69 295.49 351.06 345.00 407.39 348.37 346.91 319.61 321.00 298.06 206.44 185.83 206.99 215.29 198.54 141.79 140.50 143.96 152.01 153.28 177.41 134.16 155.33 160.61 130.62 153.87 138.42 121.76 99.01 70.05 65.99 59.60 51.86 55.87 53.64 46.22 39.68 29.63 27.52 26.28 -9999 -9999 -9999 -9999 -9999 -9999 -9999 -9999 -9999 -9999 -9999 -9999 -9999 -9999 -9999 -9999 -9999 -9999 -9999 -9999 -9999 -9999 -9999 -9999 -9999 -9999
-9999 -9999 -9999 -9999 -9999 -9999 164.00 172.94 203.82 255.16 254.79 245.45 368.85 402.28 468.11 340.54 323.00 298.92 299.32 302.39 224.10 203.19 231.61 197.79 144.39 117.68 128.43 147.66 147.61 161.41 143.80 120.64 144.67 134.50 124.56 139.44 112.81 112.13 91.66 78.89 69.19 63.39 56.45 56.36 46.22 38.87 38.77 26.98 24.00 22.54 -9999 -9999 -9999 -9999 -9999 -9999 -9999 -9999 -9999 -9999 -9999 -9999 -9999 -9999 -9999 -9999 -9999 -9999 -9999 -9999 -9999 -9999 -9999 -9999 -9999 -9999
-9999 -9999 -9999 -9999 -9999 151.57 174.53 184.99 208.76 237.01 225.76 283.56 323.28 348.18 456.43 348.84 297.23 271.72 270.20 240.67 218.99 195.71 186.31 161.91 146.74 112.28 116.87 140.24 139.11 122.45 112.84 104.26 115.82 110.28 117.03 132.07 115.87 115.56 95.47 87.22 62.63 56.73 53.91 53.09 47.06 41.35 34.09 28.55 23.50 22.64 21.35 -9999 -9999 -9999 -9999 -9999 -9999 -9999 -9999 -9999 -9999 -9999 -9999 -9999 -9999 -9999 -9999 -9999 -9999 -9999 -9999 -9999 -9999 -9999 -9999 -9999
-9999 -9999 -9999 -9999 -9999 184.24 193.27 178.34 196.21 200.16 211.88 241.59 344.00 325.10 321.88 391.96 317.92 262.39 242.04 216.05 252.18 186.45 163.79 155.12 136.87 129.92 105.16 130.29 126.94 103.09 94.56 90.40 91.70 97.51 102.40 115.17 108.70 111.62 103.68 84.65 67.86 64.95 51.75 47.43 45.91 41.19 31.37 26.91 26.30 22.46 22.25 -9999 -9999 -9999 -9999 -9999 -9999 -9999 -9999 -9999 -9999 -9999 -9999 -9999 -9999 -9999 -9999 -9999 -9999 -9999 -9999 -9999 -9999 -9999 -9999 -9999
-9999 -9999 -9999 125.11 141.18 166.35 165.77 171.13 194.92 191.17 194.94 191.78 253.14 246.23 309.38 324.67 292.21 222.44 217.52 217.47 197.94 177.21 162.16 139.47 141.64 118.16 94.55 104.16 105.69 90.60 80.00 74.11 80.93 81.74 87.60 107.96 102.91 94.30 88.57 80.78 65.01 60.08 55.40 38.86 34.60 35.00 29.39 27.62 24.97 24.33 24.87 -9999 -9999 -9999 -9999 -9999 -9999 -9999 -9999 -9999 -9999 -9999 -9999 -9999 -9999 -9999 -9999 -9999 -9999 -9999 -9999 -9999 -9999 -9999 -9999 -9999
