Rainfall_2007-2011/Rainfall_2007-10_ACTUAL.txt
ncols         180
nrows         290
xllcorner     -200000
yllcorner     -200000
cellsize      5000
NODATA_value  -9999
[rows 136 to 169 of 290, columns 77 to 153 of 180]
-9999 -9999 79.57 87.92 90.39 107.25 113.68 129.28 120.10 96.31 103.02 122.02 142.72 172.61 123.02 98.24 73.38 66.63 62.22 63.20 59.67 60.25 51.44 51.01 42.61 38.12 40.63 44.38 43.27 40.06 40.35 44.13 50.29 48.28 49.35 61.07 61.09 46.91 35.93 32.15 20.89 22.90 26.95 22.82 22.02 20.75 18.62 19.37 17.50 16.40 15.86 -9999 -9999 -9999 -9999 -9999 -9999 -9999 -9999 -9999 -9999 -9999 -9999 -9999 -9999 -9999 -9999 -9999 -9999 -9999 -9999 -9999 -9999 -9999 -9999 -9999 -9999
-9999 -9999 74.23 81.57 77.21 85.66 91.80 113.98 108.39 69.73 92.58 114.79 123.28 129.48 99.18 85.67 70.57 58.79 55.63 60.74 64.03 76.58 69.39 -9999 -9999 -9999 41.10 44.19 -9999 40.10 43.22 43.07 44.99 39.21 42.87 47.37 52.89 39.95 38.86 32.34 30.74 29.07 18.93 17.27 21.08 19.14 20.97 15.86 17.56 16.41 16.85 -9999 -9999 -9999 -9999 -9999 -9999 -9999 -9999 -9999 -9999 -9999 -9999 -9999 -9999 -9999 -9999 -9999 -9999 -9999 -9999 -9999 -9999 -9999 -9999 -9999 -9999
-9999 -9999 65.81 76.50 77.92 84.16 87.70 94.15 89.26 74.02 85.01 100.91 104.56 114.80 84.46 81.82 71.09 60.37 66.47 57.53 64.80 63.82 65.54 -9999 -9999 -9999 40.37 43.26 41.62 41.16 41.64 42.48 43.71 45.42 49.30 53.72 46.34 42.27 37.13 32.38 33.76 27.29 23.15 21.57 23.32 17.51 18.87 22.42 20.91 17.44 17.89 -9999 -9999 -9999 -9999 -9999 -9999 -9999 -9999 -9999 -9999 -9999 -9999 -9999 -9999 -9999 -9999 -9999 -9999 -9999 -9999 -9999 -9999 -9999 -9999 -9999 -9999
-9999 -9999 -9999 66.41 77.31 77.54 -9999 88.55 89.28 84.88 90.41 95.22 -9999 90.78 75.54 82.09 63.84 62.31 75.44 68.95 57.83 -9999 -9999 -9999 -9999 35.92 39.81 42.10 37.63 38.74 44.54 42.83 45.41 46.76 55.77 67.44 49.26 54.76 43.41 40.79 36.24 28.25 30.93 20.86 21.11 21.24 19.66 19.08 17.67 18.62 21.11 17.41 -9999 -9999 -9999 -9999 -9999 -9999 -9999 -9999 -9999 -9999 -9999 -9999 -9999 -9999 -9999 -9999 -9999 -9999 -9999 -9999 -9999 -9999 -9999 -9999 -9999
-9999 -9999 -9999 -9999 54.36 -9999 -9999 -9999 79.32 77.45 83.46 92.26 105.30 -9999 -9999 67.39 54.13 58.60 73.27 -9999 -9999 -9999 -9999 -9999 41.19 42.49 42.94 46.61 46.05 42.95 45.94 43.06 43.25 39.83 53.70 59.65 62.90 53.08 57.30 53.07 56.72 40.01 39.05 36.02 30.68 19.75 20.13 18.29 13.55 17.26 21.29 20.44 -9999 -9999 -9999 -9999 -9999 -9999 -9999 -9999 -9999 -9999 -9999 -9999 -9999 -9999 -9999 -9999 -9999 -9999 -9999 -9999 -9999 -9999 -9999 -9999 -9999
-9999 -9999 -9999 -9999 44.00 41.99 -9999 -9999 -9999 70.91 78.29 96.01 99.73 -9999 -9999 -9999 -9999 56.97 -9999 -9999 -9999 -9999 -9999 -9999 44.39 47.46 50.90 50.08 58.73 54.16 49.94 41.18 38.84 48.39 48.82 54.02 65.80 59.39 66.47 56.41 54.91 49.27 44.14 44.21 31.61 22.68 18.78 14.33 11.33 15.00 21.43 24.13 -9999 -9999 -9999 -9999 -9999 -9999 -9999 -9999 -9999 -9999 -9999 -9999 -9999 -9999 -9999 -9999 -9999 -9999 -9999 -9999 -9999 -9999 -9999 -9999 -9999
-9999 -9999 -9999 -9999 -9999 47.73 -9999 -9999 -9999 -9999 76.10 84.75 80.38 -9999 -9999 -9999 -9999 -9999 -9999 -9999 -9999 -9999 -9999 56.42 57.06 62.04 59.92 64.10 68.84 68.08 60.82 56.38 43.53 43.25 52.67 61.80 79.65 84.89 82.90 55.77 43.12 38.61 42.20 32.76 23.83 26.47 24.46 17.05 16.01 21.26 19.45 16.80 19.70 -9999 -9999 -9999 -9999 -9999 -9999 -9999 -9999 -9999 -9999 -9999 -9999 -9999 -9999 -9999 -9999 -9999 -9999 -9999 -9999 -9999 -9999 -9999 -9999
-9999 -9999 -9999 -9999 -9999 55.67 -9999 -9999 -9999 -9999 -9999 -9999 -9999 -9999 -9999 -9999 -9999 -9999 -9999 -9999 -9999 -9999 -9999 58.81 66.40 65.96 63.12 58.98 71.42 101.86 79.20 57.63 48.18 49.28 36.56 41.76 66.75 70.35 72.39 54.69 60.06 64.69 64.34 47.83 27.17 21.45 23.08 21.58 26.18 25.22 22.61 20.93 21.47 19.35 -9999 -9999 -9999 -9999 -9999 -9999 -9999 -9999 -9999 -9999 -9999 -9999 -9999 -9999 -9999 -9999 -9999 -9999 -9999 -9999 -9999 -9999 -9999
-9999 -9999 -9999 -9999 -9999 -9999 -9999 -9999 -9999 -9999 -9999 -9999 -9999 -9999 -9999 -9999 -9999 -9999 -9999 -9999 -9999 -9999 55.93 61.59 63.95 70.30 80.74 81.27 117.39 111.59 88.39 53.16 52.62 41.80 44.58 38.75 55.82 85.79 70.98 52.23 48.96 52.23 47.20 36.57 30.21 25.88 25.20 20.62 20.95 20.43 22.06 20.07 15.83 15.72 -9999 -9999 -9999 -9999 -9999 -9999 -9999 -9999 -9999 -9999 -9999 -9999 -9999 -9999 -9999 -9999 -9999 -9999 -9999 -9999 -9999 -9999 -9999
-9999 -9999 -9999 -9999 -9999 -9999 -9999 -9999 -9999 -9999 -9999 -9999 -9999 -9999 -9999 -9999 -9999 -9999 -9999 -9999 -9999 -9999 60.41 65.67 70.49 86.89 102.81 109.41 95.63 101.81 83.87 71.87 62.50 46.24 50.66 45.74 51.84 61.36 82.15 65.36 54.84 43.90 36.58 25.56 22.95 22.49 21.81 23.20 20.38 23.45 19.54 18.51 15.62 15.22 15.11 15.09 14.91 -9999 -9999 -9999 -9999 -9999 -9999 -9999 -9999 -9999 -9999 -9999 -9999 -9999 -9999 -9999 -9999 -9999 -9999 -9999 -9999
-9999 -9999 -9999 -9999 -9999 -9999 -9999 -9999 -9999 -9999 -9999 -9999 -9999 -9999 -9999 -9999 -9999 -9999 -9999 -9999 -9999 -9999 59.63 69.14 79.91 81.43 106.34 130.60 119.72 116.11 113.69 95.13 89.27 70.86 64.46 56.86 42.10 39.61 53.17 41.10 47.63 44.56 32.80 21.90 21.81 21.17 18.66 17.70 19.46 18.32 18.19 18.17 16.91 18.71 22.77 19.73 20.44 23.20 18.99 -9999 -9999 -9999 -9999 -9999 -9999 -9999 -9999 -9999 -9999 -9999 -9999 -9999 -9999 -9999 -9999 -9999 -9999
-9999 -9999 -9999 -9999 -9999 -9999 -9999 -9999 -9999 -9999 -9999 -9999 -9999 -9999 -9999 -9999 -9999 -9999 -9999 -9999 -9999 -9999 57.86 85.01 103.78 144.52 188.19 178.12 131.30 120.11 135.54 136.19 111.80 112.60 98.82 70.98 59.43 49.82 46.57 38.44 46.15 36.62 26.85 25.89 20.99 20.67 19.73 18.93 18.00 17.01 17.11 15.19 16.95 18.03 17.67 22.81 25.83 24.74 23.94 23.82 16.52 -9999 -9999 -9999 -9999 -9999 -9999 -9999 -9999 -9999 -9999 -9999 -9999 -9999 -9999 -9999 -9999
-9999 -9999 -9999 -9999 -9999 -9999 -9999 -9999 -9999 -9999 -9999 -9999 -9999 -9999 -9999 -9999 -9999 -9999 -9999 -9999 -9999 -9999 63.99 91.60 111.22 133.48 122.47 184.81 182.40 132.29 137.26 120.98 130.12 138.06 110.48 88.49 66.54 58.72 47.03 67.77 49.40 44.55 40.82 40.22 31.71 26.19 24.56 19.42 19.90 19.89 17.85 17.90 16.18 13.52 16.03 21.23 16.34 18.78 22.21 23.54 16.99 19.62 -9999 -9999 -9999 -9999 -9999 -9999 -9999 -9999 -9999 -9999 -9999 -9999 -9999 -9999 -9999
-9999 -9999 -9999 -9999 -9999 -9999 -9999 -9999 -9999 -9999 35.21 30.24 27.40 -9999 -9999 -9999 -9999 -9999 -9999 -9999 -9999 -9999 -9999 77.89 87.99 109.86 114.04 126.57 159.02 122.06 98.90 105.61 109.97 105.49 98.90 90.20 84.65 71.53 67.01 67.70 57.58 59.14 44.76 34.13 30.27 29.06 21.89 19.61 20.93 19.81 19.26 18.17 17.11 25.03 25.04 35.66 33.58 31.37 29.49 21.28 24.52 21.69 17.18 -9999 -9999 -9999 -9999 -9999 -9999 -9999 -9999 -9999 -9999 -9999 -9999 -9999 -9999
-9999 -9999 -9999 -9999 -9999 -9999 -9999 -9999 -9999 -9999 33.63 32.07 -9999 -9999 -9999 -9999 -9999 -9999 -9999 -9999 -9999 -9999 -9999 -9999 81.81 99.52 133.47 117.55 156.40 119.17 95.86 84.69 81.95 73.76 78.80 79.26 102.76 88.64 77.54 78.87 62.29 45.87 37.69 36.76 24.89 29.92 21.52 17.60 18.64 19.50 19.37 20.95 23.93 29.00 30.84 33.01 32.24 31.85 32.44 29.63 25.99 24.19 26.29 -9999 -9999 -9999 -9999 -9999 -9999 -9999 -9999 -9999 -9999 -9999 -9999 -9999 -9999
-9999 -9999 -9999 -9999 -9999 -9999 -9999 -9999 -9999 37.90 48.24 40.28 35.33 -9999 -9999 -9999 -9999 -9999 -9999 -9999 -9999 -9999 -9999 -9999 65.77 90.50 124.50 109.82 121.84 108.37 87.16 81.59 77.63 67.80 69.21 67.94 64.11 92.24 67.82 65.22 53.79 48.30 48.08 35.77 32.53 23.70 17.59 16.81 19.04 18.72 18.52 25.75 28.79 32.31 36.58 36.08 34.41 33.61 29.19 30.46 29.59 25.07 29.92 26.17 -9999 -9999 -9999 -9999 -9999 -9999 -9999 -9999 -9999 -9999 -9999 -9999 -9999
-9999 -9999 -9999 -9999 -9999 -9999 -9999 -9999 46.93 53.59 44.08 55.58 42.68 -9999 -9999 -9999 -9999 -9999 -9999 -9999 -9999 -9999 -9999 -9999 72.13 85.08 110.33 93.00 106.13 88.06 88.94 86.76 70.21 67.18 70.93 65.21 73.03 77.93 77.16 74.52 66.73 43.87 42.26 29.50 29.49 22.23 18.46 18.98 19.60 20.70 23.84 27.79 42.37 37.28 35.69 30.68 29.71 27.35 27.64 28.77 31.78 24.61 24.41 25.37 -9999 -9999 -9999 -9999 -9999 -9999 -9999 -9999 -9999 -9999 -9999 -9999 -9999
-9999 -9999 -9999 -9999 -9999 -9999 -9999 42.47 48.51 67.03 59.01 48.13 -9999 -9999 -9999 -9999 -9999 -9999 -9999 -9999 -9999 -9999 -9999 -9999 -9999 87.97 95.28 84.20 75.28 80.87 74.61 66.79 64.22 61.57 69.54 67.75 82.12 86.38 87.91 86.81 78.66 63.23 58.11 43.39 33.37 31.25 26.27 20.23 20.29 20.52 23.22 25.18 37.60 42.92 34.03 26.29 23.80 25.34 18.92 20.00 22.01 28.00 23.32 22.77 22.43 21.31 -9999 -9999 -9999 -9999 -9999 -9999 -9999 -9999 -9999 -9999 -9999
-9999 -9999 -9999 -9999 -9999 -9999 -9999 49.42 64.72 55.44 51.63 49.30 -9999 -9999 -9999 -9999 -9999 -9999 -9999 -9999 -9999 -9999 -9999 -9999 -9999 -9999 81.38 78.12 73.14 62.68 56.65 61.43 61.48 59.79 69.99 63.02 83.80 82.25 85.57 80.98 71.59 59.65 60.04 52.71 33.66 32.42 26.76 25.71 22.22 22.45 24.72 22.67 28.87 28.64 28.35 24.64 22.88 20.75 19.43 18.50 20.17 25.48 21.65 23.10 27.99 24.57 -9999 -9999 -9999 -9999 -9999 -9999 -9999 -9999 -9999 -9999 -9999
-9999 -9999 -9999 -9999 -9999 -9999 -9999 36.32 44.79 51.56 48.84 -9999 -9999 -9999 -9999 -9999 -9999 -9999 -9999 -9999 -9999 -9999 -9999 -9999 -9999 -9999 69.10 73.47 74.70 -9999 54.16 -9999 46.51 57.22 59.02 62.69 63.92 73.96 75.14 71.19 70.77 49.83 45.25 55.38 45.55 35.58 28.61 26.19 24.55 26.25 29.69 25.44 25.84 27.82 28.33 27.89 23.87 24.59 20.88 19.08 21.83 26.22 25.87 24.69 31.96 28.11 27.08 26.25 -9999 -9999 -9999 -9999 -9999 -9999 -9999 -9999 -9999
-9999 -9999 -9999 -9999 -9999 -9999 35.22 33.93 34.50 -9999 -9999 -9999 -9999 -9999 -9999 -9999 -9999 -9999 -9999 -9999 -9999 -9999 -9999 -9999 -9999 -9999 67.03 62.71 63.53 -9999 -9999 -9999 48.65 65.00 57.39 51.06 56.39 57.67 58.23 52.95 66.19 64.25 46.39 50.35 45.03 30.14 30.92 28.10 26.89 25.06 23.65 23.27 22.65 22.79 24.60 23.97 22.99 21.47 21.93 23.44 22.86 27.09 29.92 32.36 26.02 22.65 22.77 23.82 -9999 -9999 -9999 -9999 -9999 -9999 -9999 -9999 -9999
-9999 -9999 -9999 -9999 -9999 -9999 -9999 -9999 -9999 -9999 -9999 -9999 -9999 -9999 -9999 -9999 -9999 -9999 -9999 -9999 -9999 -9999 -9999 -9999 -9999 -9999 -9999 -9999 -9999 -9999 -9999 47.31 52.95 69.49 84.09 86.95 86.22 79.66 62.66 60.50 65.13 54.29 49.48 42.67 40.81 34.21 30.86 28.06 26.19 28.98 24.92 24.36 24.85 24.20 23.39 21.30 22.74 24.52 27.05 32.66 27.58 28.70 29.57 33.13 30.25 34.96 26.77 -9999 -9999 -9999 -9999 -9999 -9999 -9999 -9999 -9999 -9999
-9999 -9999 -9999 -9999 -9999 -9999 -9999 -9999 -9999 -9999 -9999 -9999 -9999 -9999 -9999 -9999 -9999 -9999 -9999 -9999 -9999 -9999 -9999 -9999 -9999 -9999 -9999 -9999 -9999 -9999 -9999 49.39 58.60 70.28 104.97 102.00 110.12 88.00 73.04 50.34 50.71 45.18 45.31 43.47 42.89 33.65 34.77 28.72 32.74 34.01 26.90 25.06 24.40 24.41 25.77 22.55 24.18 28.89 30.11 38.41 33.84 26.19 28.62 34.06 30.74 29.26 27.03 -9999 -9999 -9999 -9999 -9999 -9999 -9999 -9999 -9999 -9999
-9999 -9999 -9999 -9999 -9999 -9999 -9999 -9999 -9999 -9999 -9999 -9999 -9999 -9999 -9999 -9999 -9999 -9999 -9999 -9999 -9999 -9999 -9999 -9999 -9999 -9999 -9999 -9999 -9999 -9999 -9999 45.90 57.33 70.35 83.90 100.86 99.58 81.69 60.89 50.43 48.37 42.26 35.60 38.09 31.24 33.62 30.40 32.74 40.16 35.03 25.04 23.49 24.43 25.98 28.64 26.64 27.27 31.78 32.25 36.71 34.74 28.78 27.75 28.92 37.19 31.89 27.38 -9999 -9999 -9999 -9999 -9999 -9999 -9999 -9999 -9999 -9999
-9999 -9999 -9999 -9999 -9999 -9999 -9999 -9999 -9999 -9999 -9999 -9999 -9999 -9999 -9999 -9999 -9999 -9999 -9999 -9999 -9999 -9999 -9999 -9999 -9999 -9999 -9999 -9999 -9999 40.37 47.64 44.70 60.10 75.84 92.88 107.90 84.25 82.40 56.12 49.26 50.35 38.48 41.18 41.68 41.74 30.41 25.76 20.12 26.23 22.58 24.04 22.89 24.84 26.74 25.83 25.49 27.78 29.87 31.80 33.54 34.14 26.74 22.58 28.76 41.68 36.18 30.69 29.94 -9999 -9999 -9999 -9999 -9999 -9999 -9999 -9999 -9999
-9999 -9999 -9999 -9999 -9999 -9999 -9999 -9999 -9999 -9999 -9999 -9999 -9999 -9999 -9999 -9999 -9999 -9999 -9999 -9999 -9999 -9999 -9999 -9999 -9999 -9999 -9999 -9999 -9999 45.85 55.81 52.75 65.38 71.33 88.40 83.89 75.64 60.04 52.09 68.11 93.07 52.31 44.05 41.60 25.71 31.25 26.08 26.48 29.28 27.19 22.68 23.99 25.53 26.64 29.42 27.54 26.03 25.35 30.29 33.36 35.23 28.03 23.38 22.03 26.71 29.04 31.78 34.65 -9999 -9999 -9999 -9999 -9999 -9999 -9999 -9999 -9999
-9999 -9999 -9999 -9999 -9999 -9999 -9999 -9999 -9999 -9999 -9999 -9999 -9999 -9999 -9999 -9999 -9999 -9999 -9999 -9999 -9999 -9999 -9999 -9999 -9999 -9999 -9999 -9999 -9999 51.22 52.71 55.15 57.84 67.34 81.83 76.99 70.64 65.21 59.92 55.95 49.52 46.96 52.76 25.33 30.83 25.54 28.60 25.17 27.30 24.20 24.73 23.89 26.83 25.38 35.26 30.67 26.66 24.69 29.35 34.53 34.26 32.63 29.38 26.37 27.18 27.19 31.07 31.71 31.69 -9999 -9999 -9999 -9999 -9999 -9999 -9999 -9999
-9999 -9999 -9999 -9999 -9999 -9999 -9999 -9999 -9999 -9999 -9999 -9999 -9999 -9999 -9999 -9999 -9999 -9999 -9999 -9999 -9999 -9999 -9999 -9999 -9999 -9999 -9999 -9999 -9999 44.88 52.72 58.03 56.35 59.52 69.81 62.94 61.52 60.93 49.38 50.47 43.84 43.46 48.19 44.91 39.75 31.91 27.43 23.90 22.70 16.95 22.67 25.67 26.17 29.22 35.15 28.66 26.53 25.95 27.17 30.14 29.60 33.51 32.10 28.93 27.36 28.39 30.39 32.12 32.81 32.96 -9999 -9999 -9999 -9999 -9999 -9999 -9999
-9999 -9999 -9999 -9999 -9999 -9999 -9999 -9999 -9999 -9999 -9999 -9999 -9999 -9999 -9999 -9999 -9999 -9999 -9999 -9999 -9999 -9999 -9999 -9999 -9999 -9999 -9999 -9999 -9999 53.21 52.22 55.42 59.97 62.84 61.77 60.13 53.87 52.82 48.24 55.81 52.53 55.19 48.15 44.20 31.79 31.69 25.54 25.35 22.77 20.71 21.88 24.35 25.20 26.35 28.35 26.79 25.68 27.00 25.94 24.81 24.54 32.90 39.27 32.23 28.03 29.49 33.31 37.47 35.00 35.15 -9999 -9999 -9999 -9999 -9999 -9999 -9999
-9999 -9999 -9999 -9999 -9999 -9999 -9999 -9999 -9999 -9999 -9999 -9999 -9999 -9999 -9999 -9999 -9999 -9999 -9999 -9999 -9999 -9999 -9999 -9999 -9999 -9999 -9999 -9999 -9999 -9999 50.22 56.86 57.39 48.52 63.36 64.46 59.77 53.69 52.53 55.36 55.62 51.08 47.84 43.23 31.92 27.73 24.60 19.37 22.12 21.24 24.11 26.20 25.52 27.08 26.89 22.57 25.40 26.65 26.25 24.40 23.93 29.43 32.30 32.08 30.99 33.49 -9999 37.38 35.38 33.74 34.00 -9999 -9999 -9999 -9999 -9999 -9999
-9999 -9999 -9999 -9999 -9999 -9999 -9999 -9999 -9999 -9999 -9999 -9999 -9999 -9999 -9999 -9999 -9999 -9999 -9999 -9999 -9999 -9999 -9999 -9999 -9999 -9999 -9999 -9999 -9999 46.45 49.49 52.46 53.16 55.45 58.14 72.38 81.10 59.25 70.36 73.03 54.23 53.44 40.90 46.56 47.17 31.19 22.75 23.86 19.50 20.44 24.04 26.78 22.19 25.08 24.24 22.56 25.61 27.10 27.02 24.80 27.82 28.75 30.82 34.78 34.50 32.73 32.76 -9999 34.81 34.62 35.37 35.09 -9999 -9999 -9999 -9999 -9999
-9999 -9999 -9999 -9999 -9999 -9999 -9999 -9999 -9999 -9999 -9999 -9999 -9999 -9999 -9999 -9999 -9999 -9999 -9999 -9999 -9999 -9999 -9999 -9999 -9999 -9999 -9999 -9999 -9999 46.02 46.30 50.43 48.79 50.34 62.40 72.63 76.16 67.85 58.77 56.88 54.35 48.56 55.97 52.02 41.32 28.83 24.74 25.68 19.43 24.13 25.71 25.94 20.79 20.76 23.83 24.13 26.15 29.09 29.36 21.64 24.64 29.35 32.41 32.40 34.71 38.27 35.49 32.15 -9999 -9999 -9999 -9999 -9999 -9999 -9999 -9999 -9999
-9999 -9999 -9999 -9999 -9999 -9999 -9999 -9999 -9999 -9999 -9999 -9999 -9999 -9999 -9999 -9999 -9999 -9999 -9999 -9999 -9999 -9999 -9999 -9999 -9999 -9999 -9999 -9999 42.39 47.25 46.84 49.82 54.26 41.63 58.03 64.38 67.08 50.96 51.16 54.30 50.59 54.57 61.58 65.95 58.86 35.10 32.80 21.91 19.84 19.90 22.77 18.72 20.82 20.72 22.11 25.25 32.45 29.64 30.65 29.09 28.23 31.47 34.74 40.73 36.48 35.39 35.94 30.56 30.44 37.30 -9999 -9999 -9999 -9999 -9999 -9999 -9999
-9999 -9999 -9999 -9999 -9999 -9999 -9999 -9999 -9999 -9999 -9999 -9999 -9999 -9999 -9999 -9999 -9999 -9999 -9999 -9999 -9999 -9999 -9999 -9999 -9999 -9999 -9999 -9999 -9999 38.42 40.21 43.59 45.55 49.46 48.33 57.02 52.86 49.09 48.25 47.74 46.40 47.47 47.22 55.94 60.16 54.09 37.98 23.31 24.62 21.61 24.76 19.17 18.62 21.99 22.30 23.87 26.61 28.07 31.58 33.40 34.19 33.85 33.37 37.24 33.45 31.24 30.74 29.48 30.78 36.68 42.06 44.92 -9999 -9999 -9999 -9999 -9999
