Rainfall_2007-2011/Rainfall_2007-09_ACTUAL.txt
ncols         180
nrows         290
xllcorner     -200000
yllcorner     -200000
cellsize      5000
NODATA_value  -9999
[rows 170 to 203 of 290, columns 77 to 153 of 180]
-9999 -9999 -9999 -9999 -9999 -9999 -9999 -9999 -9999 -9999 -9999 -9999 -9999 -9999 -9999 -9999 -9999 -9999 -9999 -9999 -9999 -9999 -9999 -9999 -9999 -9999 -9999 -9999 -9999 81.03 88.44 87.53 84.07 82.12 79.92 76.40 72.50 72.23 71.28 71.81 76.51 87.74 89.64 97.62 131.78 118.84 103.39 65.96 44.05 38.06 31.88 27.91 30.18 32.85 25.22 26.09 25.73 29.23 33.50 41.35 35.23 32.43 30.28 29.27 29.91 28.66 33.94 37.31 29.38 20.61 20.83 19.79 -9999 -9999 -9999 -9999 -9999
-9999 -9999 -9999 -9999 -9999 -9999 -9999 -9999 -9999 87.10 85.14 87.18 99.83 -9999 -9999 -9999 -9999 -9999 -9999 -9999 -9999 -9999 -9999 -9999 -9999 -9999 -9999 -9999 65.07 74.51 83.79 87.10 83.88 78.58 76.07 72.08 68.54 67.40 69.76 70.72 75.21 80.20 92.27 118.15 106.46 117.75 87.38 71.93 63.00 33.57 34.79 28.10 34.16 20.24 18.84 24.84 22.18 20.26 27.72 29.48 28.71 27.51 27.38 27.03 28.38 34.55 32.38 32.15 33.70 27.20 24.68 23.62 25.28 -9999 -9999 -9999 -9999
-9999 -9999 -9999 -9999 -9999 -9999 -9999 -9999 -9999 97.53 98.62 90.21 93.48 -9999 -9999 -9999 -9999 -9999 -9999 -9999 -9999 -9999 -9999 -9999 -9999 -9999 -9999 70.19 67.91 67.00 80.29 94.56 83.68 75.36 70.88 69.25 68.07 72.53 71.62 68.57 70.90 80.89 85.82 96.17 131.05 125.17 77.91 59.10 46.66 32.18 28.15 23.24 27.07 20.33 18.90 21.35 21.13 19.90 26.76 33.19 22.91 20.67 22.36 23.44 27.13 28.04 37.12 34.09 33.98 38.01 31.87 28.68 24.43 -9999 -9999 -9999 -9999
-9999 -9999 -9999 -9999 -9999 -9999 -9999 77.05 90.99 94.94 104.74 105.31 117.49 123.84 106.36 119.50 -9999 -9999 74.99 81.36 -9999 -9999 -9999 66.85 76.03 79.51 -9999 57.83 68.75 66.46 64.08 67.38 70.88 75.13 72.18 74.95 74.73 70.66 64.79 66.62 71.04 72.81 103.96 85.40 95.03 99.47 53.91 50.65 54.54 33.68 36.59 27.11 25.90 23.29 23.03 22.02 23.93 26.18 25.47 22.14 22.34 18.45 20.99 22.14 24.63 26.97 34.68 36.59 41.22 42.84 30.95 22.26 16.17 26.54 -9999 -9999 -9999
-9999 -9999 -9999 -9999 -9999 -9999 -9999 -9999 87.48 90.18 113.52 126.83 127.14 137.97 142.59 124.28 -9999 81.98 96.48 106.24 96.67 95.40 81.92 71.01 83.05 76.27 56.86 -9999 47.45 51.37 56.83 59.46 59.89 60.21 59.16 65.65 67.92 64.62 65.47 61.74 79.54 76.76 97.20 115.73 68.88 66.71 43.81 60.93 42.74 37.02 32.10 29.50 31.15 27.06 23.25 22.71 25.10 23.83 21.96 17.20 19.81 18.60 20.74 19.94 22.53 27.03 33.30 35.93 38.51 39.00 26.39 21.97 23.33 32.68 -9999 -9999 -9999
-9999 -9999 -9999 -9999 -9999 -9999 -9999 -9999 -9999 91.16 121.79 134.16 124.00 123.46 124.56 148.33 166.12 192.32 118.45 122.45 120.59 113.22 87.49 79.69 64.59 71.10 64.19 53.40 44.87 44.62 53.39 55.01 56.82 55.29 52.87 66.06 63.43 62.30 59.76 61.44 74.95 77.02 102.54 111.91 91.82 63.51 48.93 44.40 42.05 34.87 33.86 32.95 32.29 28.62 25.80 25.81 25.23 25.05 19.76 18.98 19.70 19.44 17.96 18.79 21.88 25.68 31.52 31.99 33.15 33.25 30.68 20.83 28.12 35.16 37.43 -9999 -9999
-9999 -9999 -9999 -9999 -9999 -9999 -9999 -9999 -9999 -9999 119.36 106.14 105.81 127.52 157.60 183.43 238.39 189.80 125.32 125.72 110.55 120.92 99.66 74.32 70.75 83.58 61.94 60.99 44.47 43.46 45.81 55.85 51.30 51.60 56.21 49.48 50.42 52.40 55.09 56.28 63.18 78.09 90.57 77.46 82.57 65.94 60.87 40.72 39.92 46.97 40.67 37.46 37.73 38.20 30.26 28.26 26.23 26.77 21.99 19.06 21.01 19.07 20.20 20.45 22.38 24.21 27.86 28.01 29.16 33.15 29.31 24.64 29.89 34.98 36.63 -9999 -9999
-9999 -9999 -9999 -9999 -9999 -9999 -9999 -9999 -9999 -9999 -9999 107.00 108.49 155.50 187.26 201.23 253.38 207.12 164.40 152.20 133.06 141.92 89.58 93.46 78.28 58.73 80.74 63.02 46.81 49.57 41.47 48.98 45.47 43.96 37.92 44.25 45.30 44.20 50.73 50.68 55.26 71.54 79.48 73.15 63.21 57.80 63.75 51.98 37.65 43.70 48.41 43.65 42.87 36.86 35.42 33.18 26.81 28.13 25.12 21.42 21.87 20.85 22.67 26.30 25.76 23.28 24.30 28.44 24.96 23.79 22.56 26.90 32.78 37.63 39.54 -9999 -9999
-9999 -9999 -9999 -9999 -9999 -9999 -9999 -9999 -9999 -9999 -9999 104.17 117.87 162.99 212.92 323.50 287.80 254.72 160.75 141.76 169.54 155.27 138.94 99.78 84.92 56.85 67.25 73.53 61.44 45.95 40.67 37.52 41.64 45.90 44.87 42.21 46.28 46.90 48.05 47.20 55.86 67.03 61.83 57.47 79.55 82.01 73.98 68.39 53.79 48.37 50.92 49.30 44.01 41.42 38.99 34.95 26.91 24.98 21.73 19.27 21.35 21.39 22.78 37.53 30.25 23.06 19.69 18.34 20.14 20.07 20.20 23.83 33.69 35.99 -9999 -9999 -9999
-9999 -9999 -9999 -9999 -9999 -9999 -9999 -9999 -9999 -9999 -9999 108.02 135.10 181.82 226.81 369.90 309.37 211.60 185.81 149.23 164.34 189.66 131.33 121.66 111.42 77.70 81.23 85.01 64.35 40.78 36.06 36.75 38.07 48.40 45.48 40.55 46.10 45.65 45.79 49.52 56.49 58.55 60.40 75.23 75.72 75.23 73.34 61.44 62.87 59.09 42.96 45.64 43.27 47.65 42.56 29.04 28.82 23.37 22.33 17.28 21.17 21.16 24.91 24.27 26.14 21.76 18.96 16.42 18.29 17.58 19.70 23.85 29.99 -9999 -9999 -9999 -9999
-9999 -9999 -9999 -9999 -9999 -9999 -9999 -9999 -9999 -9999 94.83 153.97 117.56 186.13 245.13 213.16 253.04 233.06 218.54 212.02 191.54 156.21 112.40 96.99 90.35 84.13 82.51 67.99 59.95 35.58 27.08 31.07 39.25 41.46 41.22 40.97 40.82 41.85 50.74 61.06 55.48 57.58 67.87 59.48 74.90 75.76 63.61 68.12 55.66 53.21 52.23 44.28 39.14 36.07 33.85 29.35 25.71 26.10 20.10 19.48 21.47 20.65 22.48 20.49 22.12 23.04 20.79 19.22 19.76 23.35 24.81 26.16 -9999 -9999 -9999 -9999 -9999
-9999 -9999 -9999 -9999 -9999 -9999 -9999 -9999 83.27 82.48 91.76 98.62 104.34 134.71 162.63 147.69 190.13 210.94 216.44 194.84 152.40 131.67 124.21 91.34 88.17 75.64 56.33 46.26 36.35 33.87 30.59 30.90 36.77 27.64 37.03 37.76 37.32 41.64 50.56 60.87 47.02 51.11 53.49 59.25 52.09 50.34 60.35 48.48 39.34 44.11 43.44 40.42 33.13 33.14 26.19 16.17 21.49 20.69 15.33 20.87 21.85 19.56 18.44 22.64 21.31 23.97 22.70 20.61 23.04 25.47 27.36 -9999 -9999 -9999 -9999 -9999 25.64
-9999 -9999 -9999 -9999 -9999 -9999 -9999 84.39 81.39 90.81 89.12 83.61 72.14 90.45 93.94 110.06 145.88 175.47 177.69 196.56 133.53 99.62 103.03 80.83 102.05 92.34 72.59 45.93 43.44 34.91 31.02 31.82 35.37 37.12 34.45 35.37 37.24 40.02 44.81 43.09 44.84 49.00 49.46 41.27 40.49 38.63 40.69 38.17 35.48 38.16 35.88 36.87 37.18 28.31 24.13 19.38 21.97 21.98 20.01 19.70 23.14 18.98 18.85 26.66 20.30 23.83 23.63 22.01 21.43 25.25 28.20 -9999 -9999 -9999 -9999 -9999 34.29
-9999 -9999 -9999 -9999 -9999 -9999 96.71 88.49 81.42 86.54 -9999 -9999 -9999 -9999 74.25 108.75 162.77 171.27 176.83 171.97 167.60 144.40 136.17 108.99 129.86 100.29 74.38 58.08 53.11 37.82 31.95 30.25 30.83 32.77 33.79 31.34 34.27 36.14 39.61 37.07 34.61 40.20 38.48 34.87 41.19 33.57 36.51 38.04 38.30 32.47 32.35 31.62 31.36 27.55 23.63 22.60 25.65 23.49 24.58 22.22 28.90 25.38 24.11 30.33 30.15 31.79 27.53 27.23 30.21 28.95 30.05 36.54 -9999 -9999 -9999 -9999 36.07
-9999 -9999 -9999 -9999 -9999 -9999 80.29 102.60 71.15 63.50 -9999 -9999 -9999 -9999 84.30 104.76 173.61 157.65 179.80 203.14 199.97 205.70 182.23 101.34 106.68 72.80 59.81 56.78 48.22 36.63 29.85 27.28 30.68 33.25 32.92 30.40 32.36 33.22 33.89 35.91 33.95 35.57 33.77 34.76 38.37 38.01 38.70 34.57 37.53 30.40 31.24 30.97 29.04 30.15 19.42 24.60 27.00 25.85 33.68 33.33 36.50 27.51 26.58 24.18 25.97 29.32 28.58 29.98 31.80 30.12 29.47 30.88 31.42 -9999 -9999 36.22 39.00
-9999 -9999 -9999 -9999 -9999 -9999 -9999 -9999 -9999 -9999 -9999 -9999 -9999 -9999 65.86 113.88 140.39 148.76 176.41 178.02 223.37 236.56 151.67 123.21 103.09 78.11 60.79 48.70 32.59 29.95 31.14 27.45 28.87 30.06 29.21 28.41 25.69 24.42 30.43 32.08 31.71 32.26 32.36 31.66 29.20 34.15 36.04 30.38 30.90 35.60 33.42 28.19 27.30 33.56 32.76 28.38 28.02 30.39 32.09 32.45 28.45 19.18 27.34 24.22 23.77 28.74 32.84 31.26 31.21 28.26 33.70 32.00 30.33 22.50 28.13 35.23 44.49
-9999 -9999 -9999 -9999 -9999 -9999 -9999 -9999 -9999 -9999 -9999 -9999 -9999 -9999 -9999 110.46 104.44 131.62 168.35 201.78 194.82 193.06 174.31 122.42 98.84 71.42 48.67 39.38 33.91 32.13 29.41 26.24 24.93 25.77 25.45 20.54 22.01 23.62 26.26 26.15 25.98 29.77 32.92 34.25 28.64 30.22 44.93 39.47 31.46 32.64 31.65 26.46 27.71 27.63 26.72 28.63 30.80 29.53 29.38 24.32 25.73 24.19 18.33 22.92 26.16 29.91 29.03 29.97 29.67 31.79 37.45 34.29 29.70 26.92 28.78 32.50 40.10
-9999 -9999 -9999 -9999 -9999 -9999 -9999 -9999 -9999 -9999 -9999 -9999 -9999 -9999 -9999 96.01 148.48 221.76 200.43 194.93 166.18 168.47 157.42 117.31 94.81 64.44 58.61 44.46 34.15 35.64 31.81 25.17 21.77 22.87 22.28 21.27 24.16 27.29 24.49 22.25 20.59 28.47 30.21 30.45 27.95 30.29 25.82 28.58 26.53 29.96 31.38 28.72 32.76 29.12 26.75 27.01 32.18 34.13 33.44 27.84 27.45 25.81 22.80 28.24 28.14 32.79 28.84 28.47 28.98 29.23 36.26 32.39 28.21 25.87 28.19 31.34 41.56
-9999 -9999 -9999 -9999 -9999 -9999 -9999 -9999 -9999 -9999 -9999 -9999 -9999 -9999 99.62 110.62 150.62 208.52 192.74 184.79 160.50 136.53 123.13 112.88 83.82 59.00 55.65 41.48 48.94 35.67 31.26 27.10 27.79 25.31 24.48 27.89 28.06 29.04 23.65 22.54 24.80 27.71 29.31 29.48 27.50 27.00 25.18 25.28 23.73 25.75 27.71 25.93 25.70 26.24 31.14 28.01 33.05 38.28 37.88 42.09 41.42 32.48 29.63 31.65 33.30 35.21 29.18 27.33 26.33 27.44 29.05 30.26 29.21 26.52 28.80 31.13 37.78
-9999 -9999 -9999 -9999 -9999 -9999 -9999 -9999 -9999 -9999 -9999 -9999 -9999 -9999 79.63 95.59 162.33 154.57 146.88 129.42 129.78 136.33 123.01 93.62 70.94 55.98 50.27 34.61 38.61 38.46 35.38 31.44 23.02 23.65 24.95 24.77 27.17 28.59 26.14 26.01 25.40 25.03 30.65 28.53 29.18 29.87 27.54 26.29 25.82 27.46 26.47 24.72 25.32 29.78 31.43 31.68 35.53 41.95 36.09 41.31 38.28 31.83 32.06 37.29 36.23 36.70 28.08 29.32 24.69 24.46 24.69 29.06 27.93 28.32 33.46 33.82 31.19
-9999 -9999 -9999 -9999 -9999 -9999 -9999 -9999 -9999 -9999 -9999 -9999 -9999 -9999 57.76 73.33 100.61 136.25 125.44 123.32 122.86 134.48 100.96 87.72 70.47 54.49 42.30 37.43 41.23 36.20 43.51 39.68 30.56 27.06 24.12 24.29 25.00 24.41 25.91 26.19 25.36 26.89 30.07 31.70 32.93 30.77 30.51 24.96 30.82 31.08 25.08 23.47 24.27 29.56 27.58 39.21 41.26 39.51 34.61 34.76 33.04 31.17 34.03 39.14 36.78 29.13 26.05 27.42 22.12 19.22 24.52 25.19 24.05 28.28 31.11 32.59 31.35
-9999 -9999 -9999 -9999 -9999 -9999 -9999 -9999 -9999 -9999 -9999 -9999 -9999 -9999 -9999 75.99 118.14 146.50 159.15 172.72 141.15 115.16 78.25 53.62 49.84 39.26 36.06 32.54 18.44 22.85 34.95 33.23 27.17 20.30 18.08 25.40 28.83 24.12 26.86 29.29 30.42 34.31 35.50 36.41 30.05 29.96 25.66 20.72 28.38 30.10 25.69 23.95 25.96 27.66 32.04 39.51 36.05 33.85 31.87 35.44 33.93 33.73 32.88 29.85 28.42 27.75 27.70 26.94 22.67 26.85 28.11 27.04 30.54 32.38 29.69 29.74 32.60
-9999 -9999 -9999 -9999 -9999 -9999 -9999 -9999 -9999 -9999 -9999 -9999 -9999 -9999 -9999 92.80 121.37 160.65 182.44 218.04 196.06 123.84 79.74 57.51 56.76 49.07 49.06 44.23 31.60 25.97 28.10 28.09 19.94 22.56 25.84 28.78 39.33 28.96 30.24 30.96 31.41 33.76 43.27 45.14 33.55 30.93 28.33 29.69 29.12 30.26 27.89 28.11 32.46 34.18 36.47 35.56 32.32 31.23 35.79 37.83 43.24 33.11 35.26 30.44 25.80 28.67 27.39 25.20 22.02 25.90 30.46 29.10 29.76 33.66 29.66 30.09 30.45
-9999 -9999 -9999 -9999 -9999 -9999 -9999 -9999 -9999 -9999 -9999 -9999 -9999 -9999 61.30 74.47 111.00 176.00 189.35 182.07 187.03 108.10 96.02 101.25 70.44 61.94 47.15 37.83 29.92 29.87 32.18 25.94 22.13 24.44 23.84 31.72 27.49 23.74 25.82 26.49 31.08 36.43 47.23 50.52 41.47 33.52 35.97 29.63 32.34 32.11 29.60 34.78 42.46 33.30 42.91 40.06 33.46 30.06 32.54 31.52 31.57 32.88 31.53 33.82 29.41 29.83 29.25 25.53 21.95 25.66 29.41 28.62 28.10 26.46 27.23 30.08 31.55
-9999 -9999 -9999 -9999 -9999 -9999 -9999 -9999 -9999 -9999 -9999 -9999 -9999 -9999 73.32 86.41 102.47 121.20 155.80 181.92 155.20 117.71 81.16 74.21 64.11 60.91 54.10 42.12 38.54 34.56 24.85 27.28 18.24 18.05 19.41 26.93 20.47 23.81 23.36 23.23 28.02 34.75 54.14 45.32 33.70 35.94 33.65 39.06 29.08 31.74 29.22 35.89 32.28 34.12 38.92 37.53 36.33 32.86 35.17 32.56 31.87 28.99 31.07 28.52 28.22 29.24 30.02 21.20 22.52 28.38 26.47 26.08 25.12 28.24 27.24 26.03 34.25
-9999 -9999 -9999 -9999 -9999 -9999 -9999 -9999 -9999 -9999 -9999 -9999 -9999 -9999 76.87 87.08 82.61 108.84 144.66 157.92 141.74 117.54 76.66 66.71 69.86 57.89 49.94 43.47 33.71 28.01 23.37 19.87 21.71 15.90 23.41 25.17 26.41 27.86 24.14 23.06 30.89 40.50 36.71 35.13 33.69 36.05 33.91 32.23 29.82 27.48 29.11 34.73 32.14 30.86 27.19 26.23 31.42 39.10 39.25 36.95 32.70 32.05 28.28 29.48 28.56 25.79 25.03 21.34 23.16 22.90 23.61 23.78 24.22 26.68 24.14 24.06 31.54
-9999 -9999 -9999 -9999 -9999 -9999 -9999 -9999 -9999 -9999 -9999 -9999 -9999 73.88 83.21 100.00 106.81 86.32 118.55 125.52 130.12 96.57 65.22 56.00 65.14 63.59 62.11 47.42 28.54 31.11 25.88 14.87 15.53 21.05 24.23 25.84 32.06 28.16 26.47 22.76 37.19 40.68 35.28 31.93 31.61 38.26 36.43 31.81 29.31 27.67 27.55 28.33 27.87 23.50 27.71 28.09 34.49 41.41 42.95 36.30 33.53 32.31 30.12 29.69 28.41 27.88 24.74 24.94 32.78 24.81 22.91 21.20 22.61 22.06 23.74 30.09 30.72
-9999 -9999 -9999 -9999 -9999 -9999 -9999 -9999 -9999 -9999 -9999 -9999 65.70 78.04 89.60 83.46 80.59 103.40 124.19 132.07 116.61 111.93 74.43 73.34 60.44 48.02 76.38 45.38 32.09 27.72 27.10 22.90 23.57 26.87 32.53 33.91 32.78 30.63 42.22 38.81 36.39 40.13 33.28 28.25 33.59 32.19 31.72 28.27 28.30 25.15 26.06 26.44 27.68 23.26 28.68 30.58 35.86 36.56 33.90 31.30 31.78 30.38 35.57 29.50 29.48 31.19 26.61 32.55 33.24 26.26 24.29 24.61 23.75 23.78 28.90 27.33 39.15
-9999 -9999 -9999 -9999 -9999 -9999 -9999 -9999 -9999 -9999 65.39 62.32 63.04 63.06 74.38 85.58 75.34 105.62 120.29 140.21 128.77 99.73 75.31 54.42 57.09 41.06 56.81 48.96 31.45 26.82 24.59 23.90 27.10 29.76 32.88 27.46 32.39 37.71 39.47 38.41 33.81 32.63 32.47 28.36 26.73 26.66 25.06 20.63 18.90 20.07 24.22 26.26 31.92 32.04 30.89 30.01 29.79 30.76 35.13 34.69 28.92 30.68 30.93 29.89 32.90 29.73 25.53 28.99 28.03 25.32 25.67 21.22 24.17 26.13 27.69 28.73 35.87
-9999 -9999 -9999 -9999 -9999 -9999 60.29 50.01 60.60 77.29 75.90 70.14 80.28 83.10 76.92 73.80 99.48 105.99 119.52 125.22 115.17 87.85 64.13 49.51 58.86 46.68 59.31 48.96 35.59 26.00 25.84 26.70 32.60 27.22 31.56 32.74 32.90 44.61 40.92 29.26 29.91 31.29 29.84 25.68 24.18 23.06 22.79 20.77 20.96 22.74 21.71 25.56 32.55 31.11 33.16 30.69 32.84 33.26 38.44 33.55 29.59 26.51 25.33 22.46 24.31 25.23 26.73 32.91 29.86 25.75 23.43 21.06 25.32 29.32 35.48 31.81 35.05
-9999 -9999 -9999 -9999 -9999 58.09 65.29 76.19 76.25 59.53 74.24 68.98 73.29 54.27 70.73 77.61 93.10 112.09 98.05 121.18 118.80 93.67 78.18 53.73 48.66 59.61 44.29 37.40 28.15 27.22 27.50 31.32 27.25 23.30 20.04 27.58 34.15 38.29 40.20 29.97 29.46 27.03 26.83 21.50 22.83 21.16 20.41 18.89 21.90 23.86 28.02 28.25 33.92 31.15 27.13 29.69 34.23 31.29 30.27 31.64 28.38 24.81 20.64 18.23 19.06 21.65 23.23 24.33 24.06 21.33 22.96 24.56 27.89 30.39 30.82 31.67 28.77
-9999 -9999 -9999 -9999 50.99 52.25 57.16 65.46 71.06 74.65 70.46 77.89 73.86 71.71 92.95 76.60 85.06 112.93 90.42 101.06 117.55 111.11 75.95 64.44 53.67 43.00 37.43 27.02 42.76 41.74 30.26 26.73 23.53 24.08 24.50 25.80 34.53 35.33 33.53 30.62 28.23 23.20 23.18 22.99 19.23 21.66 29.66 19.80 16.51 23.29 23.81 27.48 29.79 27.14 30.66 38.79 43.90 35.17 32.12 28.18 22.79 23.17 19.33 26.02 22.25 25.33 24.27 23.95 23.36 23.28 26.37 26.52 27.31 25.62 28.68 28.55 26.20
50.61 61.93 58.51 70.55 63.86 63.72 70.19 79.85 74.02 77.89 68.17 82.11 75.72 110.31 96.19 88.64 90.96 97.26 91.18 86.20 99.30 74.21 61.93 55.81 53.89 41.14 28.07 38.79 50.69 41.88 41.07 29.32 27.79 27.71 25.99 34.81 33.97 39.39 34.02 29.32 23.86 22.83 29.11 21.09 18.47 27.86 28.20 22.34 19.28 26.00 24.72 25.30 30.70 32.96 35.39 39.07 35.69 31.47 32.74 26.70 23.73 21.43 21.31 26.32 23.24 25.69 25.84 24.77 22.78 27.73 29.04 29.10 24.49 23.95 27.01 32.64 26.19
52.39 59.23 71.22 84.14 92.80 92.90 87.06 101.77 91.70 91.62 83.96 86.37 92.28 93.13 92.67 95.07 85.85 83.34 82.96 81.83 72.87 56.99 57.97 52.53 44.39 46.16 46.99 94.39 69.12 46.66 36.45 36.10 31.33 33.83 27.56 30.79 30.12 24.99 25.33 24.56 20.99 22.72 23.04 22.24 25.99 27.67 28.39 25.74 22.11 29.02 25.61 26.57 28.93 30.22 34.64 34.05 32.76 29.38 27.66 25.50 23.74 25.27 28.05 24.62 26.86 27.72 30.69 25.96 27.36 30.84 29.80 28.09 29.58 23.40 25.39 26.20 24.75
