Rainfall_2007-2011/Rainfall_2010-09_ACTUAL.txt
ncols         180
nrows         290
xllcorner     -200000
yllcorner     -200000
cellsize      5000
NODATA_value  -9999
[rows 170 to 203 of 290, columns 75 to 149 of 180]
-9999 -9999 -9999 -9999 -9999 -9999 -9999 -9999 -9999 -9999 -9999 -9999 -9999 -9999 -9999 -9999 -9999 -9999 -9999 -9999 -9999 -9999 -9999 -9999 -9999 -9999 -9999 -9999 -9999 -9999 -9999 122.86 140.34 140.17 137.41 141.25 132.04 113.71 97.88 100.21 95.04 102.63 103.31 111.19 123.87 135.45 175.58 175.47 150.60 109.12 86.24 73.61 68.77 62.03 55.62 63.69 63.57 68.18 63.44 65.47 66.08 68.97 68.82 72.53 71.88 72.37 75.97 69.85 85.15 90.40 77.35 73.32 76.89 79.78 -9999
-9999 -9999 -9999 -9999 -9999 -9999 -9999 -9999 -9999 -9999 -9999 114.16 109.37 108.92 117.65 -9999 -9999 -9999 -9999 -9999 -9999 -9999 -9999 -9999 -9999 -9999 -9999 -9999 -9999 -9999 94.82 98.13 121.52 130.75 135.05 124.35 117.59 108.29 97.04 92.45 101.27 99.75 100.24 103.61 122.04 153.53 142.85 165.36 126.09 121.39 105.65 66.11 71.64 57.11 66.14 61.81 57.24 65.05 60.23 56.75 61.00 60.34 60.07 65.32 69.85 71.31 78.83 111.41 96.07 86.09 87.43 74.75 73.59 78.71 79.75
-9999 -9999 -9999 -9999 -9999 -9999 -9999 -9999 -9999 -9999 -9999 128.89 130.37 118.90 113.94 -9999 -9999 -9999 -9999 -9999 -9999 -9999 -9999 -9999 -9999 -9999 -9999 -9999 -9999 104.47 103.18 98.72 117.19 128.51 116.17 120.35 104.37 102.61 89.85 88.32 93.68 92.96 92.69 98.81 92.17 112.92 145.15 180.73 122.34 115.21 100.80 76.63 62.21 44.90 60.51 58.74 55.22 55.81 58.86 57.43 61.41 59.97 55.93 57.28 65.14 68.11 79.16 90.24 103.75 88.87 83.70 68.01 71.44 69.94 72.87
-9999 -9999 -9999 -9999 -9999 -9999 -9999 -9999 -9999 147.03 126.51 119.92 136.79 138.75 136.60 128.69 103.32 106.35 -9999 -9999 63.18 72.47 -9999 -9999 -9999 87.89 101.89 102.87 -9999 91.08 108.14 105.79 97.29 97.58 105.96 128.08 120.09 107.82 90.45 74.41 74.05 89.29 88.56 86.83 79.37 102.48 124.63 144.70 87.07 93.51 111.94 69.03 74.27 52.59 54.93 52.53 59.88 60.31 62.36 67.80 61.73 54.92 58.78 55.64 73.15 73.31 74.23 77.24 92.73 93.91 89.56 90.85 72.89 73.10 56.33
-9999 -9999 -9999 -9999 -9999 -9999 -9999 -9999 -9999 -9999 98.57 100.72 127.43 124.36 133.77 140.82 128.33 107.76 -9999 72.36 81.50 94.69 85.74 93.98 91.35 84.94 102.37 99.17 90.89 -9999 93.67 95.52 87.81 78.88 86.15 93.90 90.31 82.98 81.89 76.96 83.18 84.69 100.84 96.15 114.92 153.80 105.20 117.71 69.39 99.39 94.08 73.03 60.59 56.00 61.97 57.13 60.09 63.38 63.70 61.26 61.52 55.38 60.16 62.20 79.07 74.29 72.32 76.22 85.38 88.94 88.24 97.38 84.16 78.09 75.70
-9999 -9999 -9999 -9999 -9999 -9999 -9999 -9999 -9999 -9999 -9999 102.74 136.19 139.14 133.35 137.11 124.80 131.68 135.22 176.83 116.58 121.92 122.73 125.89 109.79 96.60 75.55 90.61 100.01 91.94 80.30 78.60 83.55 82.11 81.92 84.99 84.57 79.59 78.94 74.78 80.61 86.07 101.40 111.16 131.80 150.32 145.16 111.01 80.44 74.85 76.68 65.04 60.83 58.37 62.15 57.19 61.84 62.92 59.61 63.43 58.99 57.50 61.34 70.20 79.78 73.95 71.73 73.23 79.85 77.99 85.43 93.41 92.77 93.21 85.19
-9999 -9999 -9999 -9999 -9999 -9999 -9999 -9999 -9999 -9999 -9999 -9999 141.43 124.58 122.93 143.64 161.36 186.65 240.47 202.05 139.00 140.85 124.16 119.84 101.00 84.34 76.66 124.13 93.82 93.94 73.17 74.45 67.57 74.03 74.66 82.29 102.34 78.30 78.15 72.78 77.39 79.69 88.89 110.21 125.11 108.77 124.69 119.33 111.44 69.63 69.12 81.25 63.74 60.97 62.54 60.81 65.70 64.40 57.38 58.30 55.35 58.24 66.40 65.22 77.40 74.33 70.25 70.46 76.82 75.59 81.80 96.22 83.88 79.11 82.01
-9999 -9999 -9999 -9999 -9999 -9999 -9999 -9999 -9999 -9999 -9999 -9999 -9999 133.51 134.19 194.41 221.31 218.98 291.27 244.68 187.91 173.78 162.04 142.00 84.87 105.07 90.41 79.14 114.54 94.14 78.42 78.68 63.04 72.37 70.70 72.48 75.47 72.48 68.70 65.64 75.07 74.95 80.61 98.29 121.19 117.14 95.17 95.81 107.35 85.13 61.36 69.40 73.56 68.01 64.25 63.87 64.55 57.62 54.78 56.08 51.17 67.58 68.26 65.66 79.98 78.47 71.39 68.00 70.52 76.04 74.08 73.86 70.29 79.36 79.91
-9999 -9999 -9999 -9999 -9999 -9999 -9999 -9999 -9999 -9999 -9999 -9999 -9999 134.08 148.13 255.80 270.25 386.52 362.72 303.40 185.71 161.41 200.13 174.46 151.82 113.10 99.99 77.20 91.47 98.04 78.37 67.60 65.57 72.06 70.20 75.06 75.37 74.98 64.84 71.11 74.46 74.49 84.79 103.73 101.43 98.35 119.11 115.25 107.91 96.07 86.64 79.14 73.74 76.34 64.03 51.29 60.63 57.57 56.44 56.83 53.80 52.71 62.58 59.82 73.48 88.90 75.05 67.76 68.67 81.95 69.64 67.79 70.08 73.58 78.65
-9999 -9999 -9999 -9999 -9999 -9999 -9999 -9999 -9999 -9999 -9999 -9999 -9999 151.93 184.94 254.43 300.83 450.19 369.41 264.57 220.97 162.17 193.60 210.11 141.63 133.41 109.00 87.19 105.27 104.84 84.99 64.52 68.21 67.26 64.73 80.01 75.87 70.58 71.62 71.03 70.72 81.50 89.17 88.63 88.66 108.97 106.89 93.62 101.05 80.57 85.53 92.00 65.77 70.89 68.83 64.26 66.80 72.22 71.91 54.74 53.07 58.04 62.88 56.13 69.89 67.49 68.08 64.89 65.85 61.84 62.63 59.68 68.99 74.72 76.79
-9999 -9999 -9999 -9999 -9999 -9999 -9999 -9999 -9999 -9999 -9999 -9999 129.36 234.08 178.16 275.22 338.49 305.65 416.15 358.82 289.40 273.10 231.94 185.25 129.30 112.25 99.21 99.91 108.94 92.33 79.42 65.13 67.08 57.11 66.31 69.01 68.92 69.31 68.90 68.82 75.06 83.56 85.79 88.89 93.10 74.22 107.65 106.43 92.34 88.01 75.88 80.37 74.73 66.30 74.64 70.57 69.96 85.15 70.38 65.84 55.64 59.38 62.27 58.21 66.86 61.49 64.38 68.11 66.03 64.53 62.72 67.15 76.65 83.95 -9999
-9999 -9999 -9999 -9999 -9999 -9999 -9999 -9999 -9999 -9999 98.16 106.44 120.73 145.01 167.05 226.15 270.27 238.55 334.37 354.98 305.84 270.42 198.96 167.60 156.42 115.82 112.45 99.41 77.24 66.04 53.27 52.69 51.23 53.38 61.29 45.20 64.65 68.37 69.43 76.06 76.78 85.32 87.99 88.27 86.84 84.75 79.61 77.90 89.76 75.10 74.10 76.19 67.27 65.61 63.24 65.50 52.98 48.96 57.49 52.36 45.54 60.12 61.85 60.07 63.90 64.98 58.68 66.45 69.98 70.66 68.43 65.95 72.91 -9999 -9999
-9999 -9999 -9999 -9999 -9999 -9999 -9999 -9999 -9999 105.66 94.72 105.05 112.80 122.95 125.87 184.99 197.16 191.28 235.20 271.17 256.39 291.21 175.40 124.54 131.92 108.56 138.14 125.39 100.10 65.41 59.73 54.33 49.61 54.61 61.15 64.65 65.88 69.64 73.81 78.88 84.76 76.31 89.92 90.51 84.25 76.57 76.75 71.96 68.37 64.53 66.82 67.15 56.84 55.61 61.90 52.36 45.61 44.50 49.97 42.89 48.83 64.54 69.96 61.13 81.89 65.43 55.03 60.47 65.29 68.69 62.89 70.63 71.77 -9999 -9999
-9999 -9999 -9999 -9999 -9999 -9999 -9999 -9999 136.61 115.96 102.08 108.13 -9999 -9999 -9999 -9999 166.76 225.20 260.37 253.92 256.29 231.02 199.60 181.27 179.42 148.35 181.03 134.50 99.01 82.88 78.11 56.79 54.97 56.14 57.10 61.79 65.32 67.40 75.67 74.69 73.17 65.79 74.37 79.67 79.38 74.50 81.46 65.22 64.49 64.52 63.88 53.00 48.21 45.43 47.59 46.03 44.50 44.84 49.87 41.06 50.37 68.30 67.38 60.99 68.24 65.59 59.68 70.82 61.53 61.24 61.91 65.54 64.49 55.13 -9999
-9999 -9999 -9999 -9999 -9999 -9999 -9999 -9999 118.93 143.85 104.53 103.09 -9999 -9999 -9999 -9999 121.17 191.44 275.76 232.64 272.89 282.19 252.76 257.74 246.27 161.45 166.08 97.42 91.97 86.60 71.87 57.53 55.33 53.36 57.75 62.61 66.50 67.13 72.63 72.31 66.82 70.34 69.94 71.51 69.42 69.69 61.23 64.66 68.00 60.89 55.95 47.84 40.78 44.99 40.35 41.53 37.74 43.69 48.58 48.07 66.01 66.72 74.40 60.19 62.00 57.69 59.21 60.16 56.19 59.77 61.54 65.85 60.23 58.23 62.77
-9999 -9999 -9999 -9999 -9999 -9999 -9999 -9999 -9999 -9999 -9999 -9999 -9999 -9999 -9999 -9999 108.95 194.58 230.96 239.68 256.76 248.26 300.01 279.52 201.00 173.65 154.32 109.56 92.09 73.03 51.52 47.76 54.98 51.78 55.78 59.26 58.21 61.84 61.05 62.39 65.99 67.89 66.49 66.17 67.72 64.60 52.41 58.28 58.61 58.43 59.13 58.20 39.13 42.40 46.17 49.27 53.74 45.46 44.90 51.83 60.77 62.62 57.80 40.49 53.88 61.57 58.35 57.61 62.70 56.54 67.78 70.83 65.49 67.69 75.04
-9999 -9999 -9999 -9999 -9999 -9999 -9999 -9999 -9999 -9999 -9999 -9999 -9999 -9999 -9999 -9999 -9999 221.59 189.51 234.11 269.38 299.29 296.12 267.64 216.53 155.04 123.99 102.36 72.46 58.06 51.66 52.74 51.18 50.52 52.42 54.84 54.64 50.29 54.75 57.96 59.21 59.78 61.47 65.14 70.72 73.10 54.00 54.00 63.01 63.45 63.35 63.33 53.35 51.58 58.19 68.72 46.31 44.10 39.67 42.47 49.32 41.67 49.01 51.05 47.24 50.49 53.20 60.77 58.61 57.07 58.41 60.27 63.27 67.08 70.47
-9999 -9999 -9999 -9999 -9999 -9999 -9999 -9999 -9999 -9999 -9999 -9999 -9999 -9999 -9999 -9999 -9999 191.95 274.24 371.36 338.68 304.55 248.49 240.07 192.14 150.00 121.94 88.65 85.84 64.12 49.98 60.15 52.11 47.88 50.70 51.48 49.64 49.63 54.98 60.84 57.85 56.75 57.24 63.40 66.40 68.68 54.65 57.47 53.54 54.78 62.59 64.85 60.63 56.48 63.85 54.43 39.64 38.08 42.19 44.66 49.70 46.05 47.03 49.69 47.79 54.58 53.75 62.84 56.58 56.57 57.88 51.96 57.07 60.05 60.76
-9999 -9999 -9999 -9999 -9999 -9999 -9999 -9999 -9999 -9999 -9999 -9999 -9999 -9999 -9999 -9999 173.39 193.98 255.60 354.71 322.67 276.85 237.92 238.83 178.14 151.65 113.31 81.66 82.25 58.68 89.61 58.00 48.28 47.29 54.88 53.94 50.61 61.14 61.24 59.74 51.43 54.01 59.10 62.90 63.60 55.95 53.08 55.13 52.51 51.86 56.32 58.72 57.79 50.78 53.52 45.40 36.27 40.20 44.44 43.67 49.53 53.11 43.22 46.49 51.44 55.69 54.85 54.25 54.11 56.09 58.16 60.96 57.28 61.10 63.06
-9999 -9999 -9999 -9999 -9999 -9999 -9999 -9999 -9999 -9999 -9999 -9999 -9999 -9999 -9999 -9999 144.33 170.37 274.92 267.25 248.76 197.68 196.81 212.24 179.45 122.03 95.00 73.79 74.35 53.47 60.66 61.60 60.47 60.97 55.90 52.12 44.11 53.57 63.93 54.99 49.72 58.28 60.97 61.30 81.61 52.15 54.29 56.53 51.57 51.33 52.17 56.00 55.77 48.98 47.58 44.88 41.66 42.01 46.20 53.17 48.17 50.64 47.75 43.98 51.43 60.10 54.26 54.34 53.18 61.22 54.89 58.71 54.52 57.74 59.30
-9999 -9999 -9999 -9999 -9999 -9999 -9999 -9999 -9999 -9999 -9999 -9999 -9999 -9999 -9999 -9999 116.35 148.01 171.45 239.26 206.59 189.32 181.18 198.10 148.07 125.52 100.09 77.89 65.53 57.35 59.68 62.49 76.10 88.44 69.05 70.85 58.28 57.97 63.40 52.68 53.17 56.13 59.21 69.03 92.56 75.20 61.76 54.55 50.86 49.95 57.68 54.55 52.64 49.72 40.74 34.48 33.50 44.33 48.70 51.94 46.33 47.00 47.01 47.11 55.26 64.23 60.97 51.32 52.88 56.89 46.67 55.99 54.56 50.19 56.01
-9999 -9999 -9999 -9999 -9999 -9999 -9999 -9999 -9999 -9999 -9999 -9999 -9999 -9999 -9999 -9999 -9999 139.84 184.54 228.31 235.48 238.52 191.53 165.38 116.48 80.64 74.48 63.02 58.98 53.66 50.32 62.17 70.04 95.56 78.30 81.16 68.53 69.61 70.20 52.67 52.56 49.12 54.38 70.77 74.25 62.83 49.63 53.01 52.41 52.33 58.34 56.46 50.55 48.34 45.32 36.35 40.57 47.16 44.24 48.86 45.80 51.69 56.26 58.02 56.26 50.95 46.81 49.31 55.30 58.67 53.44 52.17 53.47 56.61 69.68
-9999 -9999 -9999 -9999 -9999 -9999 -9999 -9999 -9999 -9999 -9999 -9999 -9999 -9999 -9999 -9999 -9999 143.06 175.47 212.80 227.88 262.54 208.03 169.56 114.40 85.16 88.77 81.48 84.21 77.82 71.58 66.02 75.36 90.34 81.66 79.50 84.38 89.73 106.88 60.75 58.90 48.10 51.88 58.62 64.82 56.60 53.92 52.71 54.65 55.09 58.15 57.35 51.67 51.50 53.44 51.95 48.10 47.59 45.65 50.24 56.69 60.25 74.36 58.45 61.62 52.74 44.66 51.08 54.31 53.68 57.68 50.68 54.87 54.39 56.87
-9999 -9999 -9999 -9999 -9999 -9999 -9999 -9999 -9999 -9999 -9999 -9999 -9999 -9999 -9999 -9999 99.99 114.66 156.96 203.69 216.99 219.66 206.53 143.99 131.59 146.39 121.16 114.02 96.43 79.81 80.87 89.91 103.64 90.63 86.13 89.81 89.22 101.87 79.82 52.91 56.89 52.09 56.30 61.50 69.07 60.01 52.90 62.11 70.00 55.77 61.89 62.27 52.59 52.91 61.43 49.26 45.13 43.37 47.99 48.67 52.27 52.97 59.28 57.54 54.86 59.07 52.56 55.27 56.42 53.74 67.89 64.88 55.54 55.01 59.23
-9999 -9999 -9999 -9999 -9999 -9999 -9999 -9999 -9999 -9999 -9999 -9999 -9999 -9999 -9999 -9999 114.24 128.66 136.61 155.08 191.85 229.83 204.16 160.02 125.37 116.03 127.23 122.72 116.11 99.50 110.60 107.13 88.48 105.03 87.72 95.93 79.54 93.57 55.94 52.27 53.17 50.22 54.41 55.70 74.58 71.20 62.16 72.90 68.39 72.47 54.68 61.03 51.28 49.01 45.23 46.52 42.34 46.66 52.62 49.14 51.92 51.51 58.91 49.40 52.45 49.22 50.38 54.62 57.43 59.91 59.89 69.88 60.98 56.28 55.50
-9999 -9999 -9999 -9999 -9999 -9999 -9999 -9999 -9999 -9999 -9999 -9999 -9999 -9999 -9999 -9999 113.45 121.21 108.64 147.15 179.80 209.80 195.38 164.77 118.86 120.22 127.14 116.85 123.67 135.86 112.41 98.77 100.42 84.89 106.21 84.96 66.73 64.14 56.11 59.03 50.22 49.62 49.66 57.63 55.63 64.42 65.25 61.51 55.57 55.48 54.23 53.61 52.06 41.80 36.91 44.01 43.74 50.11 48.52 46.61 46.83 50.85 45.70 46.66 44.93 49.32 49.05 45.15 45.69 49.18 51.51 54.90 53.98 54.41 53.57
-9999 -9999 -9999 -9999 -9999 -9999 -9999 -9999 -9999 -9999 -9999 -9999 -9999 -9999 -9999 109.63 121.42 141.91 144.28 138.07 175.29 178.03 171.31 139.63 109.54 93.35 116.09 132.28 149.85 120.69 98.22 103.98 95.40 83.47 80.00 64.61 53.98 54.47 54.94 53.08 50.52 52.42 46.51 49.18 51.37 55.26 53.34 56.85 52.81 51.19 50.12 48.48 44.00 38.72 39.13 43.03 46.83 46.60 47.31 46.48 47.56 48.49 43.34 41.21 45.81 48.55 46.42 47.45 43.46 47.25 50.07 53.78 53.43 50.65 51.34
-9999 -9999 -9999 -9999 -9999 -9999 -9999 -9999 -9999 -9999 -9999 -9999 -9999 -9999 93.47 114.72 125.89 119.83 111.25 155.24 201.91 198.35 155.63 172.22 122.46 119.54 106.46 104.13 157.81 112.79 106.38 93.15 92.25 80.08 68.99 60.68 67.76 58.17 57.80 49.80 53.71 50.72 46.11 49.91 49.60 49.68 50.25 49.29 48.48 45.64 48.25 41.90 41.36 39.47 41.19 39.76 44.47 43.34 46.83 44.67 41.96 43.05 48.66 45.06 52.76 51.55 48.72 50.62 48.74 49.34 53.65 56.16 56.98 47.98 50.72
-9999 -9999 -9999 -9999 -9999 -9999 -9999 -9999 -9999 -9999 -9999 -9999 81.97 76.15 95.21 98.23 106.59 131.49 119.61 179.28 209.22 230.30 202.10 161.38 131.08 93.85 120.44 104.70 117.95 116.30 97.30 100.73 84.45 76.80 55.74 57.51 71.59 61.19 51.89 53.60 49.21 51.41 48.83 50.41 49.20 44.75 40.78 39.20 37.59 34.20 34.88 34.30 41.62 43.36 42.12 39.73 35.88 38.00 38.56 37.99 41.00 50.57 56.73 47.25 46.35 53.23 51.74 51.53 48.30 51.50 52.33 59.54 58.00 52.79 59.31
-9999 -9999 -9999 -9999 -9999 -9999 -9999 -9999 74.77 54.66 68.31 113.35 117.89 107.19 133.62 137.74 145.96 149.67 181.29 184.80 205.64 208.23 192.90 155.79 129.13 109.73 124.39 106.81 145.51 128.87 95.65 80.48 76.05 67.98 67.10 53.10 69.48 64.61 50.26 49.24 45.75 45.20 45.99 46.66 37.96 40.70 37.13 34.38 33.62 32.02 35.80 37.56 37.65 42.02 38.77 36.16 36.94 38.27 43.41 42.75 46.82 47.19 49.36 44.96 46.93 42.52 48.53 54.20 58.18 63.50 58.90 54.13 51.16 49.48 54.46
-9999 -9999 -9999 -9999 -9999 -9999 -9999 83.18 88.39 91.69 96.49 100.64 123.39 117.67 127.64 95.61 148.10 166.81 189.37 213.82 182.08 217.28 195.15 160.52 168.77 120.14 107.81 133.95 107.72 95.87 68.90 64.76 62.17 65.54 54.70 50.62 46.34 50.46 52.55 51.14 57.58 48.96 45.53 37.18 34.79 37.01 36.46 32.33 30.57 28.65 34.67 37.19 43.41 37.40 37.60 36.66 33.92 38.13 45.46 41.07 38.54 40.88 44.54 45.72 41.07 37.22 44.55 47.26 49.15 46.71 44.43 37.34 42.07 42.48 50.20
-9999 -9999 -9999 -9999 -9999 -9999 68.73 71.97 88.95 99.98 113.45 128.68 129.49 147.15 141.44 142.37 193.88 170.07 198.70 235.40 176.03 193.39 212.42 203.53 177.70 170.14 125.49 98.57 89.95 73.35 99.28 83.35 56.76 53.41 44.82 40.51 43.43 44.69 50.44 54.62 57.41 47.75 42.09 32.39 32.62 36.14 35.40 33.51 41.82 32.90 33.98 35.33 36.55 34.15 31.78 33.26 39.14 46.00 53.36 41.27 35.54 37.36 38.31 45.12 38.39 51.64 44.46 44.79 41.61 43.54 43.06 41.57 50.62 40.41 42.96
-9999 -9999 107.32 124.95 109.87 125.43 105.86 105.23 124.93 142.82 135.38 155.10 142.29 162.74 151.75 239.03 208.05 198.77 217.63 207.92 191.95 176.21 198.80 176.31 154.14 138.91 127.86 96.48 68.21 90.64 98.64 73.45 68.45 52.08 43.90 46.51 46.06 53.90 42.51 49.85 52.76 41.86 30.00 29.62 41.90 36.02 42.61 46.13 38.51 34.29 32.31 39.21 37.51 34.94 33.46 35.43 47.23 42.96 41.99 38.52 34.71 37.09 44.63 50.22 44.76 50.57 42.53 42.09 41.01 40.10 44.86 53.02 53.74 49.01 43.71
-9999 96.27 110.95 123.07 138.24 149.87 186.56 183.74 162.58 180.77 174.40 189.90 176.25 181.69 202.29 220.06 205.11 211.33 190.55 169.17 155.40 164.54 160.70 150.40 142.10 127.31 107.93 106.74 105.33 142.98 112.26 76.02 61.64 61.81 54.81 58.61 45.30 38.55 37.91 39.89 39.84 36.01 25.29 26.05 32.81 36.94 46.18 46.45 43.34 38.80 36.57 45.46 38.51 36.78 36.43 37.49 46.99 45.69 42.14 38.13 37.43 37.44 38.45 50.31 53.72 43.82 45.71 45.27 44.86 41.05 57.19 54.28 49.23 47.77 44.91
