Rainfall_2007-2011/Rainfall_2009-04_ACTUAL.txt
ncols         180
nrows         290
xllcorner     -200000
yllcorner     -200000
cellsize      5000
NODATA_value  -9999
[rows 204 to 237 of 290, columns 76 to 151 of 180]
99.39 117.25 110.29 108.01 115.12 117.26 109.05 98.71 99.98 92.25 104.24 102.82 90.91 99.67 114.39 93.42 89.85 71.03 73.73 95.58 102.83 104.50 78.42 73.25 64.75 66.53 51.09 70.08 71.43 71.20 55.58 50.03 45.94 41.51 43.16 41.58 43.86 42.15 49.48 56.08 50.52 53.46 42.52 40.71 42.32 52.14 45.89 38.65 35.40 44.22 45.90 43.04 46.26 44.61 43.42 39.07 39.67 39.17 35.40 37.97 41.15 39.87 36.89 36.06 36.39 37.13 38.49 35.12 29.81 26.23 27.45 26.52 21.73 23.46 23.58 22.26
97.33 94.92 105.90 102.34 106.09 97.59 101.19 96.70 102.99 100.49 91.21 98.57 77.10 74.89 84.20 87.35 88.76 94.62 94.22 119.55 149.06 119.54 100.74 81.41 94.07 89.39 62.92 57.91 85.12 69.33 64.32 57.99 57.18 45.81 50.72 39.39 46.13 54.15 56.83 42.13 42.85 47.41 45.33 45.93 47.17 51.56 46.12 43.38 40.62 42.28 45.58 46.30 44.22 43.48 41.29 47.68 43.32 36.17 38.31 36.51 36.19 36.84 35.44 36.00 39.41 41.40 37.97 29.98 30.51 27.09 26.59 23.20 20.40 22.03 22.20 21.68
-9999 99.64 82.97 88.59 99.66 95.56 95.05 95.84 97.58 92.54 85.95 86.05 79.59 81.60 84.98 105.84 93.13 104.50 109.39 116.31 117.77 123.27 107.48 107.07 115.85 88.99 87.93 77.02 58.57 64.17 67.57 46.03 50.36 44.80 56.44 53.96 63.19 54.36 50.47 46.37 42.29 43.91 49.61 60.92 50.75 48.54 44.38 42.29 41.04 45.10 47.38 40.51 38.78 36.80 42.30 43.64 39.36 36.50 36.80 37.89 34.30 34.48 36.42 38.04 39.02 43.89 40.02 35.85 32.10 28.37 26.49 23.37 19.97 21.16 22.44 20.08
79.15 79.12 78.47 75.16 90.86 102.11 100.68 100.26 84.68 83.15 81.59 73.75 73.81 88.06 80.48 94.56 90.91 91.26 91.72 103.23 95.81 99.82 93.64 105.31 103.24 97.74 88.81 71.03 80.94 85.96 64.82 54.34 49.36 56.63 54.96 71.38 72.52 62.44 49.28 50.01 44.08 55.73 64.24 52.99 49.03 41.74 42.29 40.16 42.08 36.45 33.76 36.09 38.98 38.00 36.77 33.88 30.90 34.05 37.05 38.97 35.90 34.96 37.08 41.30 37.56 43.08 44.84 35.62 30.40 27.18 23.79 21.70 21.11 19.57 18.35 19.43
70.98 68.60 72.21 81.03 89.64 85.61 88.57 79.25 69.47 67.61 70.13 67.34 69.81 75.08 89.50 80.84 100.51 93.91 104.97 123.84 113.01 88.36 107.99 95.90 85.42 100.66 91.12 89.34 78.75 86.15 65.92 63.31 49.75 53.27 66.04 72.09 82.19 63.91 50.60 57.40 44.05 46.27 52.87 52.91 42.27 45.94 39.37 39.24 39.26 32.09 30.59 33.65 37.98 41.83 36.38 28.82 24.31 29.14 31.52 34.66 33.61 36.22 40.11 41.26 41.08 41.04 40.26 37.99 38.50 30.60 28.74 23.09 21.60 20.86 11.61 16.37
-9999 65.25 72.49 85.10 87.90 83.93 79.31 -9999 -9999 -9999 -9999 66.26 70.60 74.94 70.41 64.09 70.24 80.04 88.85 110.41 113.32 146.32 156.69 124.58 104.69 100.24 105.10 97.78 88.15 82.73 71.27 60.27 52.73 60.71 61.96 72.30 48.89 40.66 41.17 52.79 58.80 46.07 51.49 44.90 38.47 42.25 37.80 35.59 39.15 33.95 32.36 35.22 34.85 36.69 31.14 29.60 27.05 30.65 32.19 35.15 37.24 39.20 39.64 38.73 35.62 38.37 44.06 37.74 34.71 33.33 30.75 23.91 21.94 20.68 19.14 19.30
-9999 68.93 71.60 72.39 73.19 82.76 64.56 -9999 -9999 -9999 -9999 -9999 -9999 -9999 64.99 59.77 61.70 66.06 72.18 94.18 128.54 153.58 170.43 153.31 133.34 109.43 104.17 78.91 87.71 96.88 76.81 58.32 65.81 65.07 64.21 50.89 45.60 41.64 43.77 50.39 50.31 48.53 46.66 38.08 39.49 36.79 35.51 37.26 39.97 37.18 36.44 32.23 31.02 27.98 28.47 29.77 30.66 32.62 34.23 36.90 38.92 37.98 41.23 37.21 34.88 40.62 37.34 40.05 34.52 33.37 28.93 26.93 25.93 19.92 20.33 19.28
-9999 -9999 -9999 66.44 -9999 -9999 -9999 -9999 -9999 -9999 -9999 -9999 48.81 62.48 73.42 70.97 59.20 58.64 63.64 79.29 110.79 137.90 153.36 137.84 121.87 108.68 108.22 79.54 77.40 66.65 54.00 47.14 55.32 57.76 52.76 46.59 52.16 46.91 50.87 55.64 49.83 42.25 43.81 40.54 39.00 39.67 40.72 46.03 44.03 39.02 35.70 33.40 31.89 27.29 30.65 29.19 28.15 33.49 39.63 36.81 40.94 37.03 40.05 37.52 38.47 40.44 38.02 37.52 34.82 31.88 28.11 26.78 26.30 27.10 23.37 23.35
-9999 -9999 -9999 -9999 -9999 -9999 -9999 -9999 -9999 -9999 -9999 -9999 45.76 58.99 64.91 65.38 60.08 -9999 -9999 65.77 101.04 104.66 118.50 106.71 99.65 92.25 88.03 71.62 65.92 61.45 50.86 56.19 52.03 49.78 42.70 40.52 40.16 43.31 48.01 51.83 44.84 42.48 45.43 38.67 41.73 44.30 44.02 44.99 43.97 40.18 46.53 42.89 37.09 37.11 33.05 31.40 33.99 36.61 42.36 38.04 38.02 33.03 36.07 32.46 33.16 33.66 35.70 31.76 29.13 29.08 27.90 26.62 24.54 24.14 24.71 26.27
-9999 -9999 -9999 -9999 -9999 -9999 -9999 -9999 -9999 -9999 -9999 -9999 -9999 -9999 -9999 -9999 -9999 -9999 -9999 59.21 72.03 95.53 92.49 92.53 82.23 68.74 65.69 58.50 48.14 46.84 43.03 45.21 45.79 -9999 38.53 35.29 40.78 50.83 49.67 51.34 45.63 52.74 43.24 39.95 39.94 46.77 44.45 48.16 51.04 48.45 47.89 51.48 47.63 40.89 37.39 41.75 40.78 37.14 36.17 36.91 32.59 30.44 27.81 26.88 30.64 31.89 33.96 27.96 28.10 29.93 25.56 24.96 23.59 22.22 23.82 29.40
-9999 -9999 -9999 -9999 -9999 -9999 -9999 -9999 -9999 -9999 -9999 -9999 -9999 -9999 -9999 -9999 -9999 -9999 -9999 -9999 69.50 76.85 77.70 72.59 66.54 59.25 57.71 54.71 46.36 -9999 -9999 -9999 -9999 36.12 33.45 34.04 41.03 49.50 45.69 52.32 53.55 52.27 43.26 42.54 45.33 44.05 49.65 47.60 56.81 55.47 55.87 54.71 48.71 43.43 39.35 42.60 37.20 35.80 34.49 28.15 29.08 26.84 26.11 23.00 26.74 28.05 23.83 21.39 25.06 25.38 27.26 21.94 24.42 24.33 22.06 25.68
-9999 -9999 -9999 -9999 -9999 -9999 -9999 -9999 -9999 -9999 -9999 -9999 -9999 -9999 -9999 -9999 -9999 -9999 -9999 -9999 -9999 69.51 65.97 60.53 54.98 53.28 49.54 44.02 -9999 -9999 -9999 -9999 35.07 37.57 36.20 29.70 37.01 39.51 48.37 52.15 45.76 45.79 40.84 43.10 42.32 47.00 54.14 49.94 53.38 54.60 54.65 58.59 46.37 42.15 42.76 40.14 35.05 32.58 30.29 27.84 27.85 26.75 27.81 26.34 26.80 27.02 26.05 21.29 26.46 28.40 27.73 21.69 25.87 23.84 24.84 26.58
-9999 -9999 -9999 -9999 -9999 -9999 -9999 -9999 -9999 -9999 -9999 -9999 -9999 -9999 -9999 -9999 -9999 -9999 -9999 -9999 -9999 -9999 51.02 43.14 37.51 40.97 37.60 36.75 -9999 -9999 -9999 28.91 33.52 32.79 38.08 34.77 35.28 35.09 43.21 36.78 41.50 42.59 38.19 45.59 45.15 45.44 46.59 49.39 47.63 49.33 50.61 50.16 47.46 49.76 42.90 42.51 35.74 31.92 33.15 29.91 27.92 28.54 28.91 26.11 22.36 27.85 28.28 26.54 27.73 30.43 29.40 26.29 27.58 28.30 26.99 28.41
-9999 -9999 -9999 -9999 -9999 -9999 -9999 -9999 -9999 -9999 -9999 -9999 -9999 -9999 -9999 -9999 -9999 -9999 -9999 -9999 -9999 -9999 -9999 -9999 -9999 -9999 -9999 -9999 -9999 -9999 33.15 30.45 33.13 28.96 32.31 32.58 34.99 36.19 36.51 34.66 31.94 34.95 31.50 34.85 40.37 42.23 42.65 44.66 48.38 50.83 51.38 58.78 52.14 52.14 45.13 43.73 36.30 31.93 32.20 29.52 26.56 26.89 26.04 24.83 27.76 29.48 29.79 32.41 31.68 31.57 32.85 34.20 34.10 31.99 27.88 34.80
-9999 -9999 -9999 -9999 -9999 -9999 -9999 -9999 -9999 -9999 -9999 -9999 -9999 -9999 -9999 -9999 -9999 -9999 -9999 -9999 -9999 -9999 -9999 -9999 -9999 -9999 -9999 -9999 -9999 -9999 31.78 38.04 36.99 42.79 39.83 34.19 40.23 41.01 35.36 35.29 29.79 30.93 34.09 32.10 38.40 42.44 41.56 47.11 52.65 57.74 53.21 60.16 60.40 50.60 48.59 43.86 39.22 31.74 32.05 31.92 29.18 27.46 28.19 28.39 27.64 33.09 32.53 34.43 39.64 37.62 40.32 34.95 35.32 33.91 28.84 34.57
-9999 -9999 -9999 -9999 -9999 -9999 -9999 -9999 -9999 -9999 -9999 -9999 -9999 -9999 -9999 -9999 -9999 -9999 -9999 -9999 -9999 -9999 -9999 -9999 -9999 -9999 -9999 -9999 -9999 -9999 31.09 32.96 32.81 38.67 46.63 47.45 48.28 41.16 39.26 35.92 32.61 30.86 38.66 37.21 40.88 42.64 42.99 43.06 44.85 49.01 54.99 60.11 53.66 47.76 47.53 43.96 40.04 33.24 32.74 33.20 33.24 31.50 26.93 27.33 28.37 36.99 39.70 33.22 41.37 41.78 35.74 32.73 33.41 40.04 34.67 35.62
-9999 -9999 -9999 -9999 -9999 -9999 -9999 -9999 -9999 -9999 -9999 -9999 -9999 51.23 62.65 61.01 77.88 73.58 65.35 61.50 77.94 42.06 52.27 36.05 -9999 -9999 -9999 -9999 -9999 -9999 31.48 36.26 40.01 35.70 40.67 45.28 51.75 45.75 38.67 35.52 32.60 38.14 40.60 39.14 34.60 36.98 38.55 40.21 40.43 44.11 47.46 56.73 53.04 46.89 49.60 43.83 48.69 42.18 34.29 37.14 39.56 36.50 36.92 32.41 32.35 41.97 42.27 40.74 40.65 37.06 36.87 38.24 34.78 34.18 35.33 36.89
-9999 -9999 -9999 -9999 -9999 -9999 -9999 -9999 -9999 -9999 -9999 -9999 -9999 55.40 65.60 72.28 68.18 76.93 86.04 78.38 79.68 55.15 57.38 48.09 41.39 32.52 36.10 34.99 33.82 29.73 31.37 34.16 32.78 31.42 34.74 36.77 41.82 40.88 39.66 34.16 39.50 37.90 36.15 38.36 38.80 32.44 37.65 39.67 41.94 49.93 48.43 56.16 47.70 50.05 49.05 45.80 45.11 47.78 41.41 38.22 36.85 37.23 37.74 39.63 41.88 55.48 51.84 49.40 49.18 41.71 38.95 37.40 38.87 39.12 37.87 38.12
-9999 -9999 -9999 -9999 -9999 -9999 -9999 -9999 -9999 -9999 -9999 -9999 33.40 48.51 55.51 57.37 57.87 68.36 88.72 79.56 79.76 71.66 60.92 59.94 41.35 42.22 42.91 46.68 36.73 30.18 26.82 28.26 28.60 29.24 28.87 34.90 37.15 37.26 35.71 42.80 38.02 40.98 39.99 35.10 33.17 31.71 38.10 41.60 42.00 45.94 49.24 49.59 51.77 50.95 46.66 46.54 49.92 47.42 43.45 48.07 44.62 50.36 46.25 47.71 46.00 48.22 52.78 51.73 44.18 44.34 42.87 49.22 43.17 38.37 39.59 44.77
-9999 -9999 -9999 -9999 -9999 -9999 -9999 -9999 -9999 -9999 -9999 -9999 -9999 41.07 44.37 48.85 56.96 61.15 63.86 73.34 71.16 65.95 55.09 57.02 56.52 48.76 41.34 39.29 44.76 34.56 25.01 22.99 26.89 30.32 29.73 32.68 29.16 35.48 39.22 37.63 37.52 41.60 42.27 32.02 32.62 41.29 38.87 40.80 40.08 44.31 41.65 48.96 54.74 55.19 52.22 49.28 53.71 57.01 58.18 53.99 53.03 60.65 52.14 49.30 42.94 48.43 46.48 58.25 43.07 46.50 44.12 45.24 48.57 44.94 44.25 46.01
-9999 -9999 -9999 -9999 -9999 -9999 -9999 -9999 -9999 52.64 -9999 -9999 43.03 41.01 48.54 43.61 48.71 51.77 53.02 55.74 55.64 57.26 66.87 58.15 60.81 52.29 42.19 36.71 35.56 37.02 24.98 23.34 32.02 34.42 34.23 34.28 35.10 40.64 42.21 38.58 34.61 38.00 36.41 37.64 41.42 43.00 39.40 33.56 32.38 42.41 42.77 52.69 48.75 54.86 61.22 55.97 54.39 59.49 67.28 56.85 54.73 52.07 52.58 51.21 51.45 47.69 47.89 49.68 41.00 40.97 43.04 44.03 46.00 42.40 43.76 46.99
-9999 -9999 -9999 -9999 -9999 -9999 -9999 -9999 57.18 61.56 69.74 62.85 52.21 55.47 56.62 46.97 39.74 46.40 45.17 56.34 54.92 59.48 63.94 55.12 55.79 47.21 41.66 37.58 37.85 36.67 35.73 29.72 30.34 33.35 36.21 35.14 37.15 36.56 35.27 31.90 37.78 39.60 39.04 39.13 45.83 42.63 43.62 40.81 38.57 42.86 46.24 46.38 51.89 55.47 59.72 59.66 58.00 58.57 56.15 56.63 54.51 55.80 55.12 57.36 55.09 52.13 49.07 47.10 41.96 39.50 38.90 43.22 42.72 43.36 37.26 40.76
-9999 -9999 -9999 -9999 -9999 -9999 -9999 -9999 59.61 58.85 67.84 66.27 64.88 59.42 52.67 50.57 50.79 50.78 56.44 57.55 52.53 58.07 56.64 50.84 50.56 45.88 52.06 56.06 49.77 41.29 36.78 31.08 37.73 37.93 38.72 37.03 36.78 34.28 36.17 33.70 34.60 37.49 49.29 40.47 40.72 40.79 40.74 41.14 41.50 40.01 43.05 40.71 53.58 56.59 58.07 55.97 56.53 62.68 62.10 55.62 63.42 57.53 62.68 68.37 57.76 62.30 56.53 47.97 41.65 42.75 41.12 41.10 42.71 39.18 36.64 38.56
-9999 -9999 -9999 -9999 -9999 -9999 -9999 -9999 64.18 67.36 69.09 70.21 62.63 56.13 54.36 53.73 43.70 45.40 45.68 54.35 50.89 55.26 55.12 45.07 42.57 43.51 58.67 57.14 55.80 54.68 44.98 41.61 45.10 43.36 45.50 41.41 31.39 33.08 35.13 33.99 37.75 44.89 41.91 38.56 36.66 41.08 43.34 44.22 45.36 52.54 51.90 43.24 51.42 55.02 53.25 51.98 60.96 60.56 58.99 54.95 61.59 60.51 64.27 76.80 60.12 76.94 61.85 48.55 42.31 50.82 45.75 43.37 40.60 39.72 36.06 35.04
-9999 -9999 -9999 -9999 -9999 -9999 -9999 -9999 49.91 63.94 57.36 59.03 57.81 58.34 54.45 43.10 47.27 45.59 49.21 54.00 51.70 45.20 37.74 44.83 37.83 45.14 66.27 58.37 62.26 60.52 46.92 47.76 50.44 50.33 53.14 66.07 44.95 40.21 38.71 39.61 46.16 44.81 42.49 37.57 38.37 48.86 44.68 39.18 46.91 48.34 48.07 47.85 47.51 49.77 53.02 55.90 66.66 53.51 52.57 51.07 52.25 51.05 51.85 53.24 57.50 58.60 50.69 48.45 46.31 40.89 38.80 40.67 36.62 35.17 38.50 38.44
-9999 -9999 -9999 -9999 -9999 -9999 -9999 -9999 51.73 58.75 54.19 62.91 68.28 61.15 59.36 53.48 45.30 47.50 52.97 52.88 47.27 49.38 46.71 43.06 46.54 47.65 46.76 54.43 64.50 52.05 41.88 56.00 72.92 58.52 70.99 65.92 56.84 54.98 48.59 50.42 45.28 45.59 38.87 44.99 48.73 45.02 42.43 50.30 48.68 53.38 52.84 48.95 48.08 46.65 48.03 53.47 50.73 50.72 48.95 45.85 47.66 50.32 51.87 51.16 51.61 48.66 43.52 40.24 -9999 -9999 32.42 31.12 30.29 37.21 35.39 44.92
-9999 -9999 -9999 -9999 -9999 -9999 -9999 67.89 60.95 63.90 64.36 67.20 71.12 69.65 64.57 69.58 59.24 63.93 53.26 51.45 48.29 48.23 46.90 42.57 46.14 49.10 54.64 54.83 58.57 48.69 50.35 57.24 53.66 55.94 54.06 55.81 60.74 55.75 45.25 48.82 48.20 49.77 50.82 51.57 56.75 51.77 48.58 50.19 54.62 54.74 56.28 48.03 43.78 40.78 -9999 -9999 47.45 51.77 54.51 47.40 47.65 47.14 58.71 -9999 -9999 -9999 -9999 -9999 -9999 -9999 -9999 -9999 -9999 34.24 39.26 42.82
-9999 -9999 -9999 -9999 -9999 -9999 97.70 86.02 80.50 78.03 66.86 57.22 65.87 72.38 77.44 87.06 73.35 77.14 60.56 57.76 61.02 33.59 35.43 41.64 46.08 45.55 55.17 53.34 56.12 45.80 52.53 43.58 42.03 45.74 54.39 60.99 61.68 59.00 50.62 46.94 55.21 52.52 43.37 45.90 51.11 52.72 43.93 47.50 55.63 58.34 52.68 -9999 42.16 41.56 39.89 41.73 41.39 -9999 -9999 -9999 -9999 48.22 -9999 -9999 -9999 -9999 -9999 -9999 -9999 -9999 -9999 -9999 -9999 -9999 -9999 -9999
-9999 -9999 -9999 -9999 -9999 86.37 104.90 110.49 94.80 82.50 72.13 68.51 64.98 62.85 96.09 120.67 119.63 87.40 71.69 85.07 74.15 57.13 44.21 42.77 49.54 50.86 44.97 42.87 41.34 -9999 -9999 -9999 -9999 -9999 45.40 53.74 58.78 48.60 44.15 43.27 39.69 46.72 39.75 43.19 43.63 -9999 -9999 -9999 -9999 -9999 48.20 50.47 49.11 38.06 41.44 44.88 39.58 -9999 -9999 -9999 -9999 -9999 -9999 -9999 -9999 -9999 -9999 -9999 -9999 -9999 -9999 -9999 -9999 -9999 -9999 -9999
-9999 -9999 -9999 -9999 74.67 83.00 118.99 123.91 132.15 107.14 87.15 77.11 84.43 89.58 124.65 137.37 136.66 114.31 99.50 82.94 75.01 59.82 52.51 46.21 46.64 45.63 -9999 -9999 -9999 -9999 -9999 -9999 -9999 -9999 -9999 39.80 45.18 41.25 37.17 44.63 50.01 44.93 39.75 44.60 39.51 -9999 -9999 -9999 -9999 -9999 -9999 -9999 38.02 43.19 40.03 43.28 -9999 -9999 -9999 -9999 -9999 -9999 -9999 -9999 -9999 -9999 -9999 -9999 -9999 -9999 -9999 -9999 -9999 -9999 -9999 -9999
-9999 86.96 81.09 83.51 91.76 92.41 118.13 130.59 140.82 123.03 109.48 94.02 100.61 106.11 109.65 134.48 127.90 101.34 102.50 102.68 69.52 72.40 61.60 46.58 -9999 -9999 -9999 -9999 -9999 -9999 -9999 -9999 -9999 -9999 -9999 -9999 -9999 39.18 -9999 -9999 -9999 -9999 37.01 40.47 39.40 -9999 -9999 -9999 -9999 -9999 -9999 -9999 -9999 36.65 37.95 31.27 -9999 -9999 -9999 -9999 -9999 -9999 -9999 -9999 -9999 -9999 -9999 -9999 -9999 -9999 -9999 -9999 -9999 -9999 -9999 -9999
-9999 101.32 99.96 95.55 106.55 110.34 116.62 130.68 131.81 143.08 132.05 120.89 103.51 98.19 107.04 134.53 133.12 109.01 90.89 97.73 64.44 58.23 47.12 -9999 -9999 -9999 -9999 -9999 -9999 -9999 -9999 -9999 -9999 -9999 -9999 -9999 -9999 33.79 -9999 -9999 -9999 -9999 -9999 -9999 -9999 -9999 -9999 -9999 -9999 -9999 -9999 -9999 -9999 -9999 -9999 -9999 -9999 -9999 -9999 -9999 -9999 -9999 -9999 -9999 -9999 -9999 -9999 -9999 -9999 -9999 -9999 -9999 -9999 -9999 -9999 -9999
-9999 112.44 131.24 119.84 116.09 123.35 120.11 120.98 127.85 121.57 117.67 123.99 97.97 93.04 107.16 134.38 149.73 168.69 107.67 91.44 75.95 62.29 55.25 -9999 -9999 -9999 -9999 -9999 -9999 -9999 -9999 -9999 -9999 -9999 -9999 -9999 -9999 -9999 -9999 -9999 -9999 -9999 -9999 -9999 -9999 -9999 -9999 -9999 -9999 -9999 -9999 -9999 -9999 -9999 -9999 -9999 -9999 -9999 -9999 -9999 -9999 -9999 -9999 -9999 -9999 -9999 -9999 -9999 -9999 -9999 -9999 -9999 -9999 -9999 -9999 -9999
89.73 98.06 122.71 133.90 123.01 133.25 133.42 135.61 128.10 110.64 104.48 98.76 107.51 108.25 109.07 123.67 135.22 138.18 115.13 91.86 73.59 68.66 43.15 -9999 -9999 -9999 -9999 -9999 -9999 -9999 -9999 -9999 -9999 -9999 -9999 -9999 -9999 -9999 -9999 -9999 -9999 -9999 -9999 -9999 -9999 -9999 -9999 -9999 -9999 -9999 -9999 -9999 -9999 -9999 -9999 -9999 -9999 -9999 -9999 -9999 -9999 -9999 -9999 -9999 -9999 -9999 -9999 -9999 -9999 -9999 -9999 -9999 -9999 -9999 -9999 -9999
