Rainfall_2007-2011/Rainfall_2011-07_ACTUAL.txt
ncols         180
nrows         290
xllcorner     -200000
yllcorner     -200000
cellsize      5000
NODATA_value  -9999
[rows 102 to 135 of 290, columns 76 to 151 of 180]
57.42 -9999 90.10 93.33 124.20 104.92 144.99 138.08 138.74 128.51 156.80 118.99 130.67 101.29 108.60 142.28 114.05 96.98 143.24 189.08 217.63 164.04 171.55 172.64 163.63 154.01 93.32 97.38 121.60 173.37 142.81 132.88 116.78 126.81 128.45 159.61 148.87 -9999 -9999 -9999 -9999 -9999 -9999 -9999 -9999 -9999 -9999 -9999 -9999 -9999 -9999 -9999 -9999 -9999 -9999 -9999 -9999 -9999 -9999 -9999 -9999 -9999 -9999 -9999 -9999 -9999 -9999 -9999 -9999 -9999 -9999 -9999 -9999 -9999 -9999 -9999
-9999 85.74 86.02 79.34 70.25 124.22 143.07 109.03 125.86 167.96 149.28 133.48 133.87 136.80 127.29 120.62 131.37 150.38 186.43 155.41 163.67 197.30 192.87 154.34 138.69 139.33 115.16 113.93 144.65 135.86 143.56 109.27 105.26 114.08 122.98 -9999 -9999 -9999 -9999 -9999 -9999 -9999 -9999 -9999 -9999 -9999 -9999 -9999 -9999 -9999 -9999 -9999 -9999 -9999 -9999 -9999 -9999 -9999 -9999 -9999 -9999 -9999 -9999 -9999 -9999 -9999 -9999 -9999 -9999 -9999 -9999 -9999 -9999 -9999 -9999 -9999
84.73 93.71 90.50 78.50 73.59 102.81 114.07 92.91 118.44 133.90 142.03 124.14 110.48 115.95 127.44 153.26 90.40 116.19 147.70 161.85 193.99 141.85 144.69 146.89 129.77 132.38 119.36 120.41 115.82 104.74 105.60 104.89 103.95 110.74 -9999 -9999 -9999 -9999 -9999 -9999 -9999 -9999 -9999 -9999 -9999 -9999 -9999 -9999 -9999 -9999 -9999 -9999 -9999 -9999 -9999 -9999 -9999 -9999 -9999 -9999 -9999 -9999 -9999 -9999 -9999 -9999 -9999 -9999 -9999 -9999 -9999 -9999 -9999 -9999 -9999 -9999
81.51 99.50 81.80 70.33 58.69 97.64 133.59 149.00 136.96 131.10 124.64 138.29 150.48 125.52 122.22 98.29 96.73 116.33 116.53 124.72 109.95 131.19 100.78 121.03 123.13 127.71 107.18 111.41 96.85 100.76 124.62 106.93 107.64 106.26 -9999 -9999 -9999 -9999 -9999 -9999 -9999 -9999 -9999 -9999 -9999 -9999 -9999 -9999 -9999 -9999 -9999 -9999 -9999 -9999 -9999 -9999 -9999 -9999 -9999 -9999 -9999 -9999 -9999 -9999 -9999 -9999 -9999 -9999 -9999 -9999 -9999 -9999 -9999 -9999 -9999 -9999
89.11 98.19 91.59 91.99 94.58 140.25 154.46 183.68 129.01 142.68 104.14 144.59 112.81 152.98 119.89 128.45 107.70 105.14 98.79 156.48 147.11 124.68 144.71 124.14 108.67 88.56 108.84 103.13 103.96 111.60 116.05 112.03 91.48 91.79 86.56 -9999 -9999 -9999 -9999 -9999 -9999 -9999 -9999 -9999 -9999 -9999 -9999 -9999 -9999 -9999 -9999 -9999 -9999 -9999 -9999 -9999 -9999 -9999 -9999 -9999 -9999 -9999 -9999 -9999 -9999 -9999 -9999 -9999 -9999 -9999 -9999 -9999 -9999 -9999 -9999 -9999
80.46 89.97 96.75 75.47 112.17 119.70 119.21 141.43 163.88 165.64 130.34 146.16 145.57 130.13 104.88 134.08 104.44 123.82 160.93 148.38 144.90 147.85 129.26 148.01 141.07 127.75 135.37 119.25 102.24 99.12 120.19 142.11 111.71 107.43 105.60 105.47 -9999 -9999 -9999 -9999 -9999 -9999 -9999 -9999 -9999 -9999 -9999 -9999 -9999 -9999 -9999 -9999 -9999 -9999 -9999 -9999 -9999 -9999 -9999 -9999 -9999 -9999 -9999 -9999 -9999 -9999 -9999 -9999 -9999 -9999 -9999 -9999 -9999 -9999 -9999 -9999
77.56 93.54 98.05 109.04 121.53 119.52 114.46 144.90 152.23 190.64 138.37 126.60 131.23 122.35 100.61 125.12 115.79 111.20 119.94 125.23 136.24 132.61 163.20 182.54 148.44 130.09 119.27 109.57 121.46 100.23 115.26 114.14 121.07 115.91 115.41 109.88 89.34 -9999 -9999 -9999 -9999 -9999 -9999 -9999 -9999 -9999 -9999 -9999 -9999 -9999 -9999 -9999 -9999 -9999 -9999 -9999 -9999 -9999 -9999 -9999 -9999 -9999 -9999 -9999 -9999 -9999 -9999 -9999 -9999 -9999 -9999 -9999 -9999 -9999 -9999 -9999
86.94 88.16 106.21 129.47 105.37 100.95 120.51 154.23 134.57 121.34 120.69 167.92 117.74 115.75 118.34 119.22 102.04 95.99 88.01 96.80 119.90 162.52 150.47 151.49 133.93 108.53 117.92 106.58 104.69 109.88 109.25 95.40 89.34 100.97 108.93 111.34 -9999 -9999 -9999 -9999 -9999 -9999 -9999 -9999 -9999 -9999 -9999 -9999 -9999 -9999 -9999 -9999 -9999 -9999 -9999 -9999 -9999 -9999 -9999 -9999 -9999 -9999 -9999 -9999 -9999 -9999 -9999 -9999 -9999 -9999 -9999 -9999 -9999 -9999 -9999 -9999
80.76 88.62 91.81 91.40 92.24 120.03 98.62 132.54 129.31 145.69 127.71 116.35 153.72 135.23 112.12 99.90 83.54 64.33 74.76 72.47 106.13 96.41 85.25 92.49 118.91 126.24 112.51 101.43 100.06 100.62 102.17 91.27 -9999 -9999 -9999 -9999 -9999 -9999 -9999 -9999 -9999 -9999 -9999 -9999 -9999 -9999 -9999 -9999 -9999 -9999 -9999 -9999 -9999 -9999 -9999 -9999 -9999 -9999 -9999 -9999 -9999 -9999 -9999 -9999 -9999 -9999 -9999 -9999 -9999 -9999 -9999 -9999 -9999 -9999 -9999 -9999
74.67 93.59 93.88 68.69 112.25 108.35 117.14 122.40 73.47 80.19 125.35 104.60 114.19 138.72 116.14 113.62 99.08 98.57 96.03 75.73 80.09 83.90 85.59 95.56 105.50 128.50 114.75 104.31 110.59 104.80 -9999 -9999 -9999 -9999 -9999 -9999 -9999 -9999 -9999 -9999 -9999 -9999 -9999 -9999 -9999 -9999 -9999 -9999 -9999 -9999 -9999 -9999 -9999 -9999 -9999 -9999 -9999 -9999 -9999 -9999 -9999 -9999 -9999 -9999 -9999 -9999 -9999 -9999 -9999 -9999 -9999 -9999 -9999 -9999 -9999 -9999
86.52 90.72 86.71 104.60 101.99 110.51 121.76 104.81 92.79 108.43 118.64 89.76 85.47 97.02 102.48 113.63 107.22 119.26 118.18 105.11 89.57 85.88 78.33 89.27 94.81 116.52 109.10 121.94 117.50 98.53 -9999 -9999 -9999 -9999 -9999 -9999 -9999 -9999 -9999 -9999 -9999 -9999 -9999 -9999 -9999 -9999 -9999 -9999 -9999 -9999 -9999 -9999 -9999 -9999 -9999 -9999 -9999 -9999 -9999 -9999 -9999 -9999 -9999 -9999 -9999 -9999 -9999 -9999 -9999 -9999 -9999 -9999 -9999 -9999 -9999 -9999
79.11 -9999 83.18 104.08 104.68 103.04 108.72 103.25 83.89 78.38 93.96 88.87 96.75 121.22 110.59 150.07 150.66 137.20 134.63 107.29 86.42 88.98 81.29 89.57 87.00 94.48 109.21 94.52 -9999 -9999 -9999 -9999 -9999 82.24 81.04 84.09 74.99 -9999 -9999 -9999 -9999 -9999 -9999 -9999 -9999 -9999 -9999 -9999 -9999 -9999 -9999 -9999 -9999 -9999 -9999 -9999 -9999 -9999 -9999 -9999 -9999 -9999 -9999 -9999 -9999 -9999 -9999 -9999 -9999 -9999 -9999 -9999 -9999 -9999 -9999 -9999
90.72 -9999 73.72 97.07 92.82 81.67 111.25 85.31 98.92 77.69 95.58 100.44 93.47 121.56 94.02 98.33 106.19 106.87 108.63 101.12 91.05 93.48 101.80 89.12 90.43 100.09 103.12 86.24 106.17 101.05 -9999 -9999 82.33 89.11 91.90 86.64 80.89 75.02 74.58 -9999 -9999 -9999 -9999 -9999 -9999 -9999 -9999 -9999 -9999 -9999 -9999 -9999 -9999 -9999 -9999 -9999 -9999 -9999 -9999 -9999 -9999 -9999 -9999 -9999 -9999 -9999 -9999 -9999 -9999 -9999 -9999 -9999 -9999 -9999 -9999 -9999
83.10 62.15 67.71 67.28 79.11 84.18 95.00 87.96 87.19 97.18 101.19 100.99 95.15 83.94 88.11 87.32 92.98 102.63 107.45 106.49 100.79 93.92 93.18 96.01 104.44 93.70 105.39 105.02 108.27 113.85 99.35 77.18 83.75 89.95 91.70 104.60 96.99 91.66 105.18 78.17 -9999 -9999 -9999 -9999 -9999 -9999 -9999 -9999 -9999 -9999 -9999 -9999 -9999 -9999 -9999 -9999 -9999 -9999 -9999 -9999 -9999 -9999 -9999 -9999 -9999 -9999 -9999 -9999 -9999 -9999 -9999 -9999 -9999 -9999 -9999 -9999
72.93 67.07 59.38 70.70 72.24 68.13 79.35 -9999 107.48 126.52 131.69 98.50 84.62 74.00 82.05 83.46 93.46 95.58 90.29 95.42 92.22 99.04 95.93 93.45 120.02 91.61 108.92 114.54 115.96 99.96 110.40 94.52 87.13 90.94 89.55 114.89 111.78 102.95 115.87 102.13 97.55 103.17 72.97 -9999 -9999 -9999 -9999 -9999 -9999 -9999 -9999 -9999 -9999 -9999 -9999 -9999 -9999 -9999 -9999 -9999 -9999 -9999 -9999 -9999 -9999 -9999 -9999 -9999 -9999 -9999 -9999 -9999 -9999 -9999 -9999 -9999
69.36 71.46 54.11 -9999 60.78 65.04 74.66 -9999 96.50 142.85 122.28 106.66 95.82 82.81 84.91 82.34 80.07 86.29 87.53 94.69 103.72 108.42 108.14 87.03 111.79 97.21 95.13 126.28 148.13 96.96 90.38 102.97 90.84 97.33 120.14 131.93 112.97 104.15 116.85 104.66 125.07 88.57 83.23 -9999 -9999 -9999 -9999 -9999 -9999 -9999 -9999 -9999 -9999 -9999 -9999 -9999 -9999 -9999 -9999 -9999 -9999 -9999 -9999 -9999 -9999 -9999 -9999 -9999 -9999 -9999 -9999 -9999 -9999 -9999 -9999 -9999
68.47 58.24 48.21 -9999 -9999 65.05 64.58 69.32 94.16 114.77 107.98 105.08 122.46 101.17 94.17 93.56 103.48 93.00 90.92 102.31 103.39 111.31 116.23 126.93 128.09 134.05 111.65 113.97 131.08 113.10 102.26 116.52 110.02 120.28 117.17 131.84 115.13 95.03 105.67 91.64 91.68 92.39 94.40 93.17 -9999 -9999 -9999 -9999 -9999 -9999 -9999 -9999 -9999 -9999 -9999 -9999 -9999 -9999 -9999 -9999 -9999 -9999 -9999 -9999 -9999 -9999 -9999 -9999 -9999 -9999 -9999 -9999 -9999 -9999 -9999 -9999
66.48 -9999 -9999 -9999 -9999 -9999 64.65 65.05 92.25 101.23 99.74 109.72 121.92 118.66 108.79 108.52 104.27 101.36 95.30 87.03 94.74 102.66 111.88 116.57 119.85 120.06 105.28 103.02 121.76 108.56 125.95 123.33 101.72 106.79 101.82 105.86 111.39 93.78 97.84 78.54 83.42 93.17 107.45 81.37 -9999 -9999 -9999 -9999 -9999 -9999 -9999 -9999 -9999 -9999 -9999 -9999 -9999 -9999 -9999 -9999 -9999 -9999 -9999 -9999 -9999 -9999 -9999 -9999 -9999 -9999 -9999 -9999 -9999 -9999 -9999 -9999
59.54 51.01 65.37 70.01 -9999 -9999 -9999 68.63 83.32 90.68 94.83 104.82 110.66 112.06 115.75 116.76 116.97 103.33 101.83 91.79 77.31 98.74 100.12 92.52 106.07 98.71 94.64 123.26 121.99 155.53 169.50 141.25 112.10 111.35 70.45 95.85 99.02 97.66 97.41 80.81 94.89 93.51 108.60 109.70 105.83 -9999 -9999 -9999 -9999 -9999 -9999 -9999 -9999 -9999 -9999 -9999 -9999 -9999 -9999 -9999 -9999 -9999 -9999 -9999 -9999 -9999 -9999 -9999 -9999 -9999 -9999 -9999 -9999 -9999 -9999 -9999
64.83 65.35 76.04 91.04 71.84 -9999 -9999 -9999 67.05 74.55 78.88 85.84 80.98 82.99 101.19 99.09 110.02 96.21 96.41 94.79 100.85 89.45 92.33 98.68 118.34 110.80 116.55 100.72 123.20 125.61 132.07 144.06 126.16 105.15 101.14 102.48 90.98 82.39 89.67 73.96 87.15 93.38 109.67 111.62 86.78 77.95 -9999 -9999 -9999 -9999 -9999 -9999 -9999 -9999 -9999 -9999 -9999 -9999 -9999 -9999 -9999 -9999 -9999 -9999 -9999 -9999 -9999 -9999 -9999 -9999 -9999 -9999 -9999 -9999 -9999 -9999
72.33 54.14 72.15 91.80 71.45 -9999 -9999 -9999 -9999 -9999 72.98 75.35 72.58 79.48 89.61 90.88 105.01 113.86 119.68 109.88 95.98 89.19 92.72 103.22 141.01 93.47 105.38 104.29 124.54 129.72 128.06 97.91 100.70 88.21 116.90 108.75 100.92 92.42 84.59 75.82 89.36 121.40 116.15 98.67 95.02 81.47 70.90 -9999 -9999 -9999 -9999 -9999 -9999 -9999 -9999 -9999 -9999 -9999 -9999 -9999 -9999 -9999 -9999 -9999 -9999 -9999 -9999 -9999 -9999 -9999 -9999 -9999 -9999 -9999 -9999 -9999
-9999 54.80 57.87 90.90 71.10 -9999 -9999 -9999 -9999 -9999 70.61 72.35 78.48 78.32 96.73 97.30 102.00 112.90 118.61 116.85 96.89 99.67 99.86 96.56 102.13 115.48 93.93 154.96 141.06 181.39 129.71 123.05 121.09 102.92 118.31 101.51 93.81 90.35 95.44 98.53 121.52 104.16 100.09 80.85 92.00 95.35 73.86 67.03 53.78 -9999 -9999 -9999 -9999 -9999 -9999 -9999 -9999 -9999 -9999 -9999 -9999 -9999 -9999 -9999 -9999 -9999 -9999 -9999 -9999 -9999 -9999 -9999 -9999 -9999 -9999 -9999
-9999 -9999 67.11 77.62 68.17 -9999 -9999 -9999 -9999 -9999 59.31 63.48 67.12 76.29 85.06 89.16 89.75 100.12 109.76 117.35 101.21 100.19 104.43 107.68 122.80 123.78 116.50 164.72 166.65 135.78 137.71 91.33 87.16 118.32 105.12 100.19 106.70 108.21 95.89 93.40 117.79 115.43 108.63 100.51 92.92 89.34 86.07 66.24 60.82 -9999 -9999 -9999 -9999 -9999 -9999 -9999 -9999 -9999 -9999 -9999 -9999 -9999 -9999 -9999 -9999 -9999 -9999 -9999 -9999 -9999 -9999 -9999 -9999 -9999 -9999 -9999
-9999 -9999 55.76 59.10 63.27 -9999 -9999 -9999 -9999 -9999 58.31 56.91 62.62 69.91 74.80 79.87 92.84 112.81 124.26 103.37 102.28 85.94 92.09 94.84 108.63 102.67 124.09 139.03 138.17 157.90 164.27 116.01 114.78 100.37 103.35 111.65 105.15 112.23 110.66 109.61 108.30 117.46 106.12 121.26 86.70 87.66 80.92 80.87 68.95 -9999 -9999 -9999 -9999 -9999 -9999 -9999 -9999 -9999 -9999 -9999 -9999 -9999 -9999 -9999 -9999 -9999 -9999 -9999 -9999 -9999 -9999 -9999 -9999 -9999 -9999 -9999
-9999 -9999 -9999 -9999 -9999 -9999 -9999 -9999 -9999 69.98 72.27 73.81 70.18 72.97 75.87 76.62 85.00 92.35 112.37 106.79 99.92 117.04 111.41 123.43 133.96 138.07 146.61 165.39 167.01 151.51 151.13 134.40 111.67 98.25 83.77 102.63 121.01 102.52 109.64 116.18 132.47 111.39 124.43 121.65 90.59 84.72 74.71 78.58 82.20 -9999 -9999 -9999 -9999 -9999 -9999 -9999 -9999 -9999 -9999 -9999 -9999 -9999 -9999 -9999 -9999 -9999 -9999 -9999 -9999 -9999 -9999 -9999 -9999 -9999 -9999 -9999
-9999 -9999 -9999 -9999 -9999 -9999 -9999 -9999 -9999 79.00 72.61 76.43 86.29 88.63 86.39 78.74 74.69 86.92 73.97 95.24 117.10 119.26 130.74 135.17 131.26 121.31 172.97 149.39 158.78 142.75 130.89 118.76 102.50 85.66 97.94 104.43 117.20 100.78 106.62 121.24 120.39 93.16 111.37 108.85 85.86 78.84 77.46 87.66 79.79 -9999 -9999 -9999 -9999 -9999 -9999 -9999 -9999 -9999 -9999 -9999 -9999 -9999 -9999 -9999 -9999 -9999 -9999 -9999 -9999 -9999 -9999 -9999 -9999 -9999 -9999 -9999
-9999 -9999 -9999 -9999 -9999 -9999 -9999 -9999 66.42 76.03 70.69 76.52 82.52 79.98 101.48 118.83 109.85 109.96 101.84 85.57 94.74 119.31 148.58 136.50 131.15 123.40 153.97 182.93 153.27 150.75 129.70 120.24 90.97 101.70 112.03 123.46 120.05 108.62 112.77 120.37 110.63 82.38 78.93 98.81 96.97 106.58 92.03 74.64 71.27 -9999 -9999 -9999 -9999 -9999 -9999 -9999 -9999 -9999 -9999 -9999 -9999 -9999 -9999 -9999 -9999 -9999 -9999 -9999 -9999 -9999 -9999 -9999 -9999 -9999 -9999 -9999
-9999 -9999 -9999 -9999 -9999 -9999 -9999 -9999 66.87 71.06 85.61 74.00 82.29 78.34 119.20 125.93 155.25 125.77 103.59 91.20 104.47 114.93 179.99 168.79 127.50 108.33 134.54 179.09 146.23 139.49 152.98 126.06 129.89 132.48 124.02 139.87 136.03 137.99 102.53 105.14 102.64 93.70 107.63 113.02 93.76 94.34 77.75 68.73 63.35 76.91 -9999 -9999 -9999 -9999 -9999 -9999 -9999 -9999 -9999 -9999 -9999 -9999 -9999 -9999 -9999 -9999 -9999 -9999 -9999 -9999 -9999 -9999 -9999 -9999 -9999 -9999
-9999 -9999 -9999 -9999 -9999 -9999 -9999 51.40 75.57 89.35 88.27 83.65 78.83 80.42 117.25 137.42 130.89 121.88 107.31 96.06 77.00 96.40 129.31 147.61 148.72 127.83 133.67 163.96 170.84 151.22 149.69 157.17 116.73 123.88 121.54 125.42 158.02 118.57 124.90 116.64 92.70 104.86 129.85 127.42 121.58 94.83 77.48 71.28 69.87 71.40 -9999 -9999 -9999 -9999 -9999 -9999 -9999 -9999 -9999 -9999 -9999 -9999 -9999 -9999 -9999 -9999 -9999 -9999 -9999 -9999 -9999 -9999 -9999 -9999 -9999 -9999
-9999 -9999 -9999 -9999 -9999 -9999 -9999 73.45 84.10 91.00 111.69 107.98 96.17 85.86 122.62 103.37 108.16 106.79 110.07 97.72 64.26 73.32 110.77 132.51 167.97 135.01 144.69 150.15 154.23 140.84 160.92 119.41 130.58 129.48 114.24 163.44 153.68 127.02 124.73 106.08 108.43 102.35 101.85 109.48 111.92 99.11 87.05 72.13 73.36 70.32 -9999 -9999 -9999 -9999 -9999 -9999 -9999 -9999 -9999 -9999 -9999 -9999 -9999 -9999 -9999 -9999 -9999 -9999 -9999 -9999 -9999 -9999 -9999 -9999 -9999 -9999
-9999 -9999 -9999 -9999 -9999 -9999 103.77 99.63 94.73 106.14 109.59 110.57 130.48 109.64 129.46 97.93 95.97 99.33 103.43 99.06 83.44 78.48 90.94 112.94 121.60 127.21 154.36 165.73 155.04 159.99 137.85 111.01 124.71 103.00 111.77 147.73 127.16 131.31 124.96 106.80 113.58 112.01 110.46 109.56 96.46 90.41 83.73 71.81 67.67 67.82 -9999 -9999 -9999 -9999 -9999 -9999 -9999 -9999 -9999 -9999 -9999 -9999 -9999 -9999 -9999 -9999 -9999 -9999 -9999 -9999 -9999 -9999 -9999 -9999 -9999 -9999
-9999 -9999 -9999 -9999 -9999 101.90 108.22 119.31 95.12 90.65 87.83 96.40 114.93 108.41 119.06 104.49 92.43 99.39 107.28 96.90 91.79 88.07 83.70 96.39 125.41 101.38 127.54 153.75 150.68 134.55 123.71 103.20 105.59 101.96 112.38 127.50 121.32 118.09 103.13 92.54 94.77 101.29 112.42 111.17 99.05 93.71 88.83 79.51 71.97 69.94 75.23 -9999 -9999 -9999 -9999 -9999 -9999 -9999 -9999 -9999 -9999 -9999 -9999 -9999 -9999 -9999 -9999 -9999 -9999 -9999 -9999 -9999 -9999 -9999 -9999 -9999
-9999 -9999 -9999 -9999 -9999 125.82 160.96 133.64 99.74 83.74 83.65 87.82 137.47 140.16 107.57 127.30 105.69 99.31 103.49 92.56 113.88 83.86 80.72 99.69 105.52 130.55 125.82 141.97 133.13 125.64 120.70 81.47 83.32 99.43 96.72 101.67 111.82 95.40 92.72 92.86 96.63 93.71 102.66 111.04 115.94 102.48 95.20 83.65 81.51 87.40 73.88 -9999 -9999 -9999 -9999 -9999 -9999 -9999 -9999 -9999 -9999 -9999 -9999 -9999 -9999 -9999 -9999 -9999 -9999 -9999 -9999 -9999 -9999 -9999 -9999 -9999
-9999 -9999 -9999 82.44 98.17 125.02 133.63 124.46 102.92 84.20 83.40 79.49 115.30 111.72 123.83 114.84 108.01 87.64 93.51 96.67 93.66 94.66 98.42 91.31 100.69 120.63 133.64 129.12 120.91 113.98 103.08 90.27 86.27 84.45 92.95 120.02 105.92 101.53 93.81 105.00 98.93 95.38 88.53 123.08 129.98 123.10 119.67 104.36 94.96 88.94 89.52 -9999 -9999 -9999 -9999 -9999 -9999 -9999 -9999 -9999 -9999 -9999 -9999 -9999 -9999 -9999 -9999 -9999 -9999 -9999 -9999 -9999 -9999 -9999 -9999 -9999
