Rainfall_2007-2011/Rainfall_2009-02_ACTUAL.txt
ncols         180
nrows         290
xllcorner     -200000
yllcorner     -200000
cellsize      5000
NODATA_value  -9999
[rows 170 to 203 of 290, columns 77 to 153 of 180]
-9999 -9999 -9999 -9999 -9999 -9999 -9999 -9999 -9999 -9999 -9999 -9999 -9999 -9999 -9999 -9999 -9999 -9999 -9999 -9999 -9999 -9999 -9999 -9999 -9999 -9999 -9999 -9999 -9999 12.33 14.08 15.21 16.12 18.42 17.48 16.22 14.64 18.38 19.57 20.46 22.09 28.86 37.27 43.97 83.95 81.04 68.37 53.48 46.37 40.23 35.88 32.83 28.57 32.87 36.30 40.76 36.92 44.60 44.37 45.57 47.10 47.94 42.93 42.62 41.34 36.24 55.08 49.20 45.83 37.45 38.91 44.73 -9999 -9999 -9999 -9999 -9999
-9999 -9999 -9999 -9999 -9999 -9999 -9999 -9999 -9999 14.86 15.51 17.38 17.82 -9999 -9999 -9999 -9999 -9999 -9999 -9999 -9999 -9999 -9999 -9999 -9999 -9999 -9999 -9999 10.35 10.72 14.91 18.26 16.46 18.55 18.09 16.09 16.36 17.34 19.27 20.72 22.65 25.62 35.99 51.06 46.30 56.45 57.35 63.08 53.46 36.19 38.29 30.54 35.77 39.81 37.10 44.75 40.26 39.70 43.91 41.96 48.68 47.97 45.46 43.69 44.06 44.51 64.27 68.03 62.62 46.06 43.83 45.35 46.64 -9999 -9999 -9999 -9999
-9999 -9999 -9999 -9999 -9999 -9999 -9999 -9999 -9999 16.18 17.77 16.99 16.25 -9999 -9999 -9999 -9999 -9999 -9999 -9999 -9999 -9999 -9999 -9999 -9999 -9999 -9999 11.72 10.97 11.99 16.63 23.08 20.84 19.97 18.13 18.19 16.62 17.14 19.05 20.63 22.06 26.09 31.52 45.17 66.88 62.03 57.50 52.65 44.46 42.71 36.63 31.27 31.62 38.09 37.53 35.98 36.89 40.14 43.42 42.72 48.88 46.17 45.95 45.80 50.74 52.10 66.88 69.34 57.50 46.58 48.77 45.28 46.79 -9999 -9999 -9999 -9999
-9999 -9999 -9999 -9999 -9999 -9999 -9999 17.52 13.94 13.39 18.03 16.50 16.61 15.08 11.14 12.31 -9999 -9999 11.73 14.85 -9999 -9999 -9999 16.28 17.87 17.79 -9999 13.93 10.82 15.34 18.16 19.70 19.99 22.13 22.24 20.03 20.20 19.89 19.34 18.99 21.06 23.24 39.20 35.33 42.35 55.04 44.66 44.90 46.14 38.70 42.92 35.43 33.44 34.86 36.42 32.89 36.40 37.07 42.37 44.17 45.79 38.50 44.16 45.23 42.92 47.37 57.64 55.94 46.51 54.89 48.02 42.11 49.40 47.48 -9999 -9999 -9999
-9999 -9999 -9999 -9999 -9999 -9999 -9999 -9999 11.42 9.36 14.46 15.18 15.26 14.69 13.48 13.41 -9999 13.81 15.20 22.43 21.22 18.10 15.05 20.39 24.10 20.48 20.43 -9999 18.06 21.03 20.36 17.29 18.72 19.78 18.86 15.59 17.57 16.96 19.51 17.29 22.97 24.33 40.74 45.73 33.35 49.33 37.10 47.12 41.05 36.53 39.16 36.21 37.91 37.31 30.74 31.49 36.34 40.98 45.36 46.51 48.43 43.94 49.68 46.77 42.17 46.52 49.86 51.54 51.53 58.90 54.16 47.03 46.78 49.07 -9999 -9999 -9999
-9999 -9999 -9999 -9999 -9999 -9999 -9999 -9999 -9999 9.73 12.99 14.93 14.52 13.75 15.30 18.09 23.68 31.48 21.64 25.03 24.46 21.46 13.68 20.36 19.94 28.26 30.46 26.80 21.86 25.01 22.24 20.01 19.72 22.74 25.80 14.64 16.26 14.40 19.14 22.74 24.78 24.81 42.64 51.14 44.15 42.95 34.49 35.63 37.48 35.67 41.44 38.34 36.15 37.02 35.30 37.07 36.54 42.40 41.06 40.03 44.10 48.27 53.63 52.42 47.60 47.97 44.61 45.49 51.37 56.92 60.38 57.35 50.44 49.59 49.32 -9999 -9999
-9999 -9999 -9999 -9999 -9999 -9999 -9999 -9999 -9999 -9999 12.64 12.28 13.98 14.94 20.71 29.16 38.46 34.24 27.79 27.43 23.23 27.21 23.99 18.01 19.09 46.40 37.00 30.59 25.64 25.04 21.69 23.49 19.69 24.73 30.73 22.09 24.11 18.50 20.02 22.89 23.18 29.84 38.16 37.95 37.95 33.84 33.46 31.41 38.01 44.53 39.17 38.00 37.43 42.21 40.02 39.83 36.25 38.83 38.64 38.98 44.41 47.92 53.03 52.70 51.66 47.64 42.43 43.38 51.20 62.76 56.80 53.41 52.90 47.94 41.05 -9999 -9999
-9999 -9999 -9999 -9999 -9999 -9999 -9999 -9999 -9999 -9999 -9999 13.49 15.12 23.25 32.87 43.67 45.43 36.73 29.67 32.38 32.82 33.40 31.22 26.30 25.22 26.24 42.26 35.79 28.14 27.09 22.11 23.53 21.67 23.35 25.45 21.65 19.35 19.88 19.92 19.44 22.26 29.12 37.36 37.89 34.45 32.10 36.36 31.16 30.26 45.12 34.84 39.79 35.86 36.13 40.23 37.56 34.72 39.25 36.55 38.07 40.85 46.83 50.37 47.98 46.59 49.24 48.16 50.73 51.38 54.30 43.96 51.02 52.52 54.14 36.49 -9999 -9999
-9999 -9999 -9999 -9999 -9999 -9999 -9999 -9999 -9999 -9999 -9999 14.68 16.52 27.27 38.42 52.02 49.54 39.89 23.68 20.32 33.96 37.01 41.72 31.43 28.44 27.30 28.20 36.83 39.02 34.82 21.69 20.12 21.09 23.44 23.98 20.37 16.47 19.52 20.42 17.86 20.35 28.31 31.86 31.30 36.52 36.89 38.00 35.10 32.08 36.54 32.18 38.63 33.41 18.75 37.48 38.45 36.21 34.49 32.72 33.90 39.61 36.34 35.39 46.43 49.54 54.44 48.00 43.33 47.78 51.51 50.91 49.63 50.81 44.87 -9999 -9999 -9999
-9999 -9999 -9999 -9999 -9999 -9999 -9999 -9999 -9999 -9999 -9999 17.42 22.12 28.86 33.41 55.24 49.89 35.01 31.84 18.11 29.46 39.94 42.15 36.36 30.75 26.39 34.42 35.90 37.75 27.39 23.46 22.99 26.25 26.16 26.22 22.30 23.11 20.14 20.32 21.32 23.62 23.12 23.28 27.68 30.39 28.64 33.46 27.51 35.31 38.09 29.86 33.40 35.82 40.43 42.16 35.73 38.72 31.14 30.69 40.34 38.98 35.64 48.20 47.02 57.36 59.86 50.33 50.16 47.36 47.51 50.32 51.53 49.37 -9999 -9999 -9999 -9999
-9999 -9999 -9999 -9999 -9999 -9999 -9999 -9999 -9999 -9999 18.75 27.57 25.33 33.62 34.73 38.26 51.33 47.69 35.79 30.70 34.72 33.71 32.23 27.64 26.11 29.39 36.60 37.12 38.68 27.53 22.58 21.05 24.13 23.18 24.02 22.62 21.77 20.85 20.98 22.95 21.50 23.35 25.04 25.70 21.54 29.50 23.14 26.14 27.00 33.26 28.39 28.04 35.33 39.05 39.76 34.67 30.73 33.50 37.35 39.48 41.14 40.20 45.00 42.62 57.07 64.24 54.12 52.09 48.26 53.98 49.32 44.22 -9999 -9999 -9999 -9999 -9999
-9999 -9999 -9999 -9999 -9999 -9999 -9999 -9999 13.92 16.23 20.39 21.62 24.40 28.60 36.21 28.39 41.72 55.91 37.62 33.50 34.20 26.84 29.62 22.83 26.80 28.21 26.50 29.78 27.46 25.14 22.28 18.06 19.87 17.18 22.36 22.99 23.11 27.36 22.98 23.23 23.60 21.49 18.35 25.05 22.97 23.58 25.03 25.50 24.29 29.47 29.65 31.80 33.98 37.64 40.36 35.10 36.64 38.82 36.91 36.36 44.28 46.15 52.11 56.33 53.33 59.31 55.09 55.47 50.31 50.42 47.88 -9999 -9999 -9999 -9999 -9999 50.14
-9999 -9999 -9999 -9999 -9999 -9999 -9999 16.36 14.27 20.80 21.70 21.64 20.40 24.32 24.65 22.83 31.15 36.63 33.64 40.08 30.63 18.78 21.13 18.17 26.38 28.54 28.71 27.27 28.60 25.37 21.94 19.39 21.29 22.36 22.45 25.20 26.68 27.57 29.68 22.33 21.66 23.45 17.02 22.22 23.84 24.03 25.01 24.16 24.59 28.98 30.37 33.65 35.51 35.75 38.10 36.22 37.06 36.29 36.53 45.00 48.22 53.47 60.89 57.43 54.61 53.63 52.64 53.25 43.78 47.95 45.72 -9999 -9999 -9999 -9999 -9999 44.68
-9999 -9999 -9999 -9999 -9999 -9999 21.31 24.60 25.94 22.40 -9999 -9999 -9999 -9999 16.86 24.90 30.36 29.49 32.22 28.88 24.21 25.36 25.64 23.57 33.58 31.01 27.07 22.85 23.86 20.78 21.09 21.36 22.02 23.76 27.13 24.32 30.07 25.61 26.77 24.04 20.85 23.28 25.92 27.64 22.08 22.18 25.19 27.25 26.28 27.09 27.73 31.61 33.39 33.01 31.58 35.14 38.49 35.86 38.91 50.77 61.18 62.42 65.69 59.75 56.67 52.39 51.73 53.89 58.30 55.79 50.28 51.61 -9999 -9999 -9999 -9999 48.10
-9999 -9999 -9999 -9999 -9999 -9999 22.44 26.48 20.33 17.16 -9999 -9999 -9999 -9999 17.41 23.34 31.67 30.87 33.32 33.88 31.05 32.45 32.50 24.78 32.62 26.73 17.57 21.84 20.46 17.68 19.12 20.86 22.98 26.24 26.80 24.16 24.57 25.54 26.11 25.93 22.02 22.27 22.42 23.13 22.68 24.73 28.31 26.01 25.86 26.70 28.21 31.55 32.43 33.57 25.02 34.79 43.06 43.07 54.49 55.15 74.09 67.53 67.93 66.05 60.60 51.12 50.48 52.49 60.54 57.12 56.31 56.42 54.94 -9999 -9999 50.69 54.02
-9999 -9999 -9999 -9999 -9999 -9999 -9999 -9999 -9999 -9999 -9999 -9999 -9999 -9999 17.32 26.08 24.40 24.87 32.73 32.31 33.14 37.38 27.72 25.22 26.99 26.28 19.52 18.57 16.81 14.69 18.95 20.22 22.83 24.48 24.25 24.87 21.84 22.54 26.32 29.68 24.99 23.04 23.21 22.27 18.09 23.53 27.01 24.03 32.42 31.10 27.12 31.46 33.98 34.30 41.99 43.07 44.34 47.17 53.35 54.50 61.05 64.36 70.66 68.25 66.36 51.01 47.58 49.28 57.27 56.26 55.28 57.76 57.64 55.12 51.64 53.21 56.46
-9999 -9999 -9999 -9999 -9999 -9999 -9999 -9999 -9999 -9999 -9999 -9999 -9999 -9999 -9999 31.70 21.12 21.97 29.13 32.62 25.81 31.12 25.60 20.87 22.83 22.49 18.45 15.94 15.20 16.76 18.28 20.35 20.88 23.71 23.51 19.10 21.28 22.39 24.99 26.90 26.91 25.78 26.58 26.45 23.28 24.91 26.13 27.39 27.22 29.31 32.81 36.94 42.37 42.36 42.71 40.10 33.65 39.36 45.71 38.83 49.72 56.70 74.05 64.57 61.17 52.05 52.25 49.55 51.07 53.05 56.93 60.46 56.62 50.65 49.59 49.92 50.94
-9999 -9999 -9999 -9999 -9999 -9999 -9999 -9999 -9999 -9999 -9999 -9999 -9999 -9999 -9999 22.37 31.49 33.82 29.14 30.62 26.90 27.51 23.37 22.47 21.20 18.25 20.01 16.74 14.88 18.31 19.15 20.49 18.59 23.39 23.02 22.02 24.78 28.05 28.37 27.50 27.09 25.31 27.68 25.47 24.91 26.76 25.89 26.05 25.88 29.70 33.44 37.59 52.64 50.76 41.44 38.59 37.58 42.43 49.20 42.52 47.14 48.82 63.49 61.39 58.61 52.83 51.36 49.66 43.70 64.43 60.78 55.71 50.68 48.18 48.64 50.33 47.88
-9999 -9999 -9999 -9999 -9999 -9999 -9999 -9999 -9999 -9999 -9999 -9999 -9999 -9999 20.76 22.89 23.70 28.17 27.03 23.37 26.07 30.37 26.71 26.11 21.57 17.40 19.70 14.90 21.80 20.07 19.59 24.33 24.77 24.91 23.44 30.57 28.39 32.10 27.02 27.75 27.22 27.56 30.68 34.06 29.84 27.88 26.61 26.52 26.76 30.96 32.58 36.55 35.03 47.60 41.14 39.95 42.82 42.83 53.75 62.30 54.78 57.69 57.01 53.90 51.99 57.55 56.84 53.33 54.32 54.22 57.31 52.55 50.16 47.49 50.79 53.92 51.15
-9999 -9999 -9999 -9999 -9999 -9999 -9999 -9999 -9999 -9999 -9999 -9999 -9999 -9999 17.05 20.35 25.79 22.13 22.25 20.98 23.45 27.23 27.00 22.50 19.15 16.12 18.36 21.06 20.11 23.06 33.74 28.02 25.75 20.91 23.14 26.42 27.46 25.87 26.81 27.87 29.13 28.73 34.49 34.86 36.15 32.55 30.07 29.79 28.04 29.72 31.84 39.61 39.55 44.22 42.84 40.61 46.14 53.87 51.18 63.47 64.27 60.47 58.92 49.23 50.13 61.41 59.17 57.00 53.68 57.35 54.91 45.73 48.10 47.37 56.58 58.89 51.15
-9999 -9999 -9999 -9999 -9999 -9999 -9999 -9999 -9999 -9999 -9999 -9999 -9999 -9999 14.82 19.83 17.59 20.73 22.25 25.71 25.63 28.30 23.56 23.17 18.52 17.91 18.66 19.74 19.93 25.71 36.33 38.22 27.85 34.39 30.19 27.78 28.72 25.91 26.22 26.22 28.00 31.14 33.81 34.67 36.51 31.45 31.21 30.06 31.28 28.20 34.53 38.61 35.94 34.18 35.97 44.51 44.19 50.97 51.56 51.71 55.21 57.64 61.02 60.65 51.68 52.30 59.13 63.86 53.22 67.24 55.04 46.37 46.93 50.23 52.40 60.58 49.58
-9999 -9999 -9999 -9999 -9999 -9999 -9999 -9999 -9999 -9999 -9999 -9999 -9999 -9999 -9999 17.71 23.81 26.33 30.90 34.58 30.71 28.26 21.26 15.98 17.76 15.46 18.95 23.38 21.57 25.26 28.61 42.35 36.37 38.21 32.29 31.82 30.20 26.43 27.56 26.05 29.01 32.77 32.44 33.95 33.70 32.93 31.38 31.52 34.61 33.67 35.94 36.90 37.56 35.34 40.26 45.90 43.79 52.97 47.17 51.89 58.27 65.94 63.50 59.27 57.65 57.91 60.53 60.94 56.84 57.79 57.29 52.11 47.57 51.49 49.38 48.32 48.47
-9999 -9999 -9999 -9999 -9999 -9999 -9999 -9999 -9999 -9999 -9999 -9999 -9999 -9999 -9999 19.52 26.28 31.95 39.21 45.27 34.40 26.83 20.75 18.84 20.75 24.89 27.13 27.92 26.17 23.22 26.23 38.01 38.67 36.65 37.76 32.08 34.73 28.72 28.99 28.25 30.24 31.89 35.36 38.27 36.31 35.51 32.86 30.91 35.08 34.40 36.32 39.11 42.88 46.76 48.32 55.20 55.18 59.00 46.37 56.18 65.92 63.02 65.71 61.44 61.68 66.20 66.15 57.14 55.29 58.39 56.65 54.89 52.07 51.17 53.06 51.10 49.27
-9999 -9999 -9999 -9999 -9999 -9999 -9999 -9999 -9999 -9999 -9999 -9999 -9999 -9999 17.59 15.42 24.76 35.88 44.68 30.15 37.47 24.37 22.57 28.17 26.86 28.29 30.29 26.49 25.04 25.89 24.56 28.38 35.16 35.49 33.53 34.11 32.61 28.73 30.43 28.52 29.37 34.55 38.26 35.92 39.93 35.92 37.22 33.00 33.31 32.14 40.46 38.19 42.16 47.32 49.35 50.19 57.55 55.51 55.58 56.81 66.52 62.92 64.53 57.26 63.16 63.04 58.68 56.48 57.37 53.45 55.50 52.31 50.41 49.37 51.42 53.53 49.63
-9999 -9999 -9999 -9999 -9999 -9999 -9999 -9999 -9999 -9999 -9999 -9999 -9999 -9999 18.91 20.22 22.52 28.60 37.96 43.16 36.72 31.96 20.21 25.35 30.51 30.42 31.86 29.08 30.64 28.27 22.45 34.05 29.35 30.05 29.64 38.66 30.77 31.22 30.11 26.24 29.56 31.81 44.29 40.15 38.22 38.62 37.86 36.10 35.14 26.02 35.80 33.55 33.96 42.31 45.80 51.82 57.64 57.71 58.60 57.59 60.46 58.31 58.84 57.66 62.91 60.62 55.55 59.78 55.24 55.66 53.65 51.00 48.73 53.60 50.74 57.25 47.00
-9999 -9999 -9999 -9999 -9999 -9999 -9999 -9999 -9999 -9999 -9999 -9999 -9999 -9999 17.05 17.96 19.03 22.85 35.98 42.13 40.71 36.89 25.81 30.40 30.52 26.89 24.46 25.80 28.04 24.91 22.20 28.65 35.52 27.80 30.71 32.15 31.53 31.87 28.88 26.92 30.95 35.60 38.81 37.06 35.70 41.32 41.78 41.85 37.76 33.63 35.44 40.30 43.27 42.57 47.43 51.40 50.47 51.39 49.21 40.83 52.23 58.12 57.58 58.97 60.78 55.10 52.17 49.69 53.13 53.13 50.29 48.55 47.63 50.11 51.79 64.05 65.26
-9999 -9999 -9999 -9999 -9999 -9999 -9999 -9999 -9999 -9999 -9999 -9999 -9999 18.72 18.81 21.52 20.25 21.58 26.47 32.91 40.92 33.25 23.99 25.71 25.00 25.58 25.18 23.09 24.29 28.93 28.08 31.71 30.26 27.71 27.79 28.65 37.48 30.30 27.88 27.85 33.47 35.79 41.74 37.80 38.05 42.41 40.97 44.12 41.51 37.98 37.39 37.41 38.81 46.28 50.88 53.18 52.07 51.02 52.58 47.61 61.27 56.62 59.94 58.05 60.60 61.67 54.86 49.04 54.60 52.27 49.12 52.87 49.47 48.39 50.82 49.89 52.15
-9999 -9999 -9999 -9999 -9999 -9999 -9999 -9999 -9999 -9999 -9999 -9999 27.60 23.65 20.90 20.32 18.69 26.26 33.59 36.99 40.37 37.66 30.20 26.03 23.70 26.07 39.40 28.96 32.99 25.03 26.14 26.66 29.06 30.88 32.51 31.35 36.29 34.81 35.00 31.76 33.18 36.49 37.63 40.36 41.30 41.49 41.80 44.74 44.10 44.12 42.78 44.04 44.92 45.00 40.82 48.02 53.01 52.94 60.76 57.76 53.04 55.99 66.04 56.72 60.23 65.60 56.21 47.39 55.16 51.81 53.11 49.39 51.30 51.56 55.50 60.62 63.80
-9999 -9999 -9999 -9999 -9999 -9999 -9999 -9999 -9999 -9999 29.29 29.22 28.65 29.97 22.58 23.38 21.90 29.74 38.45 40.87 41.51 37.58 31.77 21.16 30.55 28.97 39.18 32.34 29.72 25.05 24.69 25.90 29.41 30.88 32.36 27.77 38.90 37.12 33.36 33.93 34.57 35.91 37.53 39.70 39.54 41.77 44.20 40.06 40.28 41.43 50.58 53.88 51.49 51.35 48.32 47.76 50.87 46.87 46.99 59.21 50.55 56.94 53.08 56.93 62.32 58.33 53.67 51.01 52.52 56.22 58.99 55.82 58.46 57.24 55.05 55.80 69.34
-9999 -9999 -9999 -9999 -9999 -9999 26.90 20.51 25.71 36.84 37.61 39.94 36.14 31.64 28.29 23.96 29.91 32.08 40.12 39.53 37.81 35.22 34.35 27.29 33.70 30.89 42.74 39.56 33.00 26.22 25.82 26.97 31.77 25.47 34.41 35.65 40.14 36.10 34.18 36.09 37.06 34.71 33.17 41.00 38.32 38.49 41.07 47.03 45.75 48.60 48.29 56.30 51.15 50.41 50.04 50.36 56.41 54.43 45.50 62.24 57.09 60.83 57.41 54.07 52.73 54.83 54.83 54.58 54.53 61.11 58.62 54.01 57.20 60.21 68.13 63.17 69.93
-9999 -9999 -9999 -9999 -9999 35.78 31.67 34.85 36.58 34.24 41.56 39.42 39.91 39.07 24.03 27.37 30.84 32.81 31.47 37.98 30.89 30.54 45.68 45.05 32.52 42.48 35.00 34.58 29.67 26.16 25.55 31.32 28.42 29.72 28.81 34.06 38.80 37.18 42.79 38.48 40.37 38.25 34.78 38.82 39.81 37.89 41.08 53.57 52.01 55.71 67.84 53.61 54.27 52.38 54.99 55.84 57.05 53.49 66.33 74.28 62.69 58.01 46.63 59.02 55.19 65.72 57.61 53.23 60.42 60.64 58.96 57.08 61.65 61.91 66.40 69.39 69.33
-9999 -9999 -9999 -9999 36.56 38.60 32.41 33.48 34.80 36.57 36.22 38.38 37.18 34.97 35.49 30.01 29.67 33.85 27.49 31.58 32.42 37.61 44.34 44.73 39.90 36.74 36.48 34.68 45.00 36.28 28.20 27.27 25.35 28.61 32.50 34.61 37.77 38.46 38.42 40.60 41.41 38.36 41.32 42.79 41.46 40.07 53.08 45.33 39.70 60.84 67.67 54.51 53.15 53.56 53.23 67.31 66.87 61.15 57.61 64.01 64.80 59.36 52.86 66.37 65.33 61.49 57.18 59.35 62.52 64.55 63.15 62.64 62.88 60.96 73.00 68.70 64.63
27.28 32.92 35.10 47.03 41.81 43.00 39.33 39.73 36.54 35.05 33.44 42.64 52.39 40.99 37.09 33.11 31.11 31.02 30.02 28.30 34.01 41.38 42.14 37.34 40.74 41.46 36.48 40.03 48.51 37.20 36.99 35.28 31.79 30.38 34.06 42.39 34.97 40.83 40.32 38.26 43.16 39.87 48.41 41.82 42.60 57.86 51.95 49.32 50.62 62.34 58.29 55.80 57.47 63.62 60.87 62.75 65.38 57.57 54.36 57.90 58.32 63.05 62.19 60.24 55.17 60.15 57.45 67.56 66.63 76.82 72.33 74.55 73.52 68.36 71.51 65.94 75.20
35.09 36.51 38.07 54.68 50.73 53.79 37.96 53.12 43.61 44.06 39.40 45.26 51.16 41.51 37.02 36.12 28.67 27.27 28.38 27.03 26.71 40.85 42.73 40.91 34.23 42.21 46.16 70.55 54.43 40.87 32.78 38.32 42.09 41.85 35.31 35.94 36.44 36.51 40.22 39.80 44.63 42.59 51.05 46.95 64.71 60.05 61.28 51.43 51.50 65.40 59.64 62.17 59.81 58.57 61.32 61.88 57.59 54.20 57.68 57.74 50.35 70.81 63.48 55.26 56.48 55.49 61.43 64.18 69.53 68.72 62.01 63.88 63.30 70.96 75.15 70.07 66.94
