Rainfall_2007-2011/Rainfall_2008-08_ACTUAL.txt
ncols         180
nrows         290
xllcorner     -200000
yllcorner     -200000
cellsize      5000
NODATA_value  -9999
[rows 198 to 230 of 290, columns 75 to 149 of 180]
-9999 -9999 -9999 -9999 -9999 -9999 -9999 -9999 -9999 -9999 -9999 -9999 151.19 134.94 126.61 111.66 133.55 160.85 158.95 190.18 196.18 243.39 222.45 184.41 166.87 142.24 147.75 112.22 139.76 120.22 114.02 125.89 99.34 88.41 91.77 93.10 122.44 108.75 98.67 88.55 94.57 96.14 88.41 84.68 88.05 95.63 93.31 81.27 71.07 81.71 90.07 84.84 101.83 104.91 104.00 102.42 91.73 89.62 100.40 94.72 112.05 99.87 90.49 82.78 77.51 84.06 81.93 78.25 71.79 71.20 66.19 70.07 69.59 74.31 82.59
-9999 -9999 -9999 -9999 -9999 -9999 -9999 -9999 123.89 88.94 128.44 194.46 198.82 201.21 181.57 164.57 168.41 173.58 215.47 200.14 204.68 220.78 209.16 169.35 144.64 110.59 137.16 129.81 192.19 163.91 125.95 117.73 99.21 101.06 123.56 100.98 120.69 121.27 97.47 87.31 83.15 76.22 82.03 83.30 84.32 91.55 75.67 68.52 53.10 72.15 91.13 93.77 92.21 98.92 100.00 92.87 97.21 101.45 100.29 102.14 100.09 103.15 87.06 91.54 86.06 87.48 87.36 78.41 73.48 73.84 70.10 72.57 69.29 69.85 69.72
-9999 -9999 -9999 -9999 -9999 -9999 -9999 150.25 135.24 154.58 171.29 171.18 196.55 192.18 186.14 172.06 139.18 206.34 217.64 257.79 213.58 233.84 207.62 164.38 178.40 123.98 107.44 172.12 148.87 127.26 95.91 97.26 96.86 125.00 101.26 95.96 87.09 101.90 112.87 101.56 112.00 97.51 86.38 89.03 86.91 92.09 88.13 75.03 68.22 75.17 86.96 94.84 102.39 87.10 96.72 104.69 109.37 97.04 97.76 92.37 101.04 109.27 93.92 85.94 86.75 94.29 91.11 80.69 73.83 60.98 63.51 69.98 65.83 53.74 58.99
-9999 -9999 -9999 -9999 -9999 -9999 129.84 147.34 136.22 146.99 151.18 157.33 178.57 203.77 196.91 193.92 237.67 207.36 196.67 251.05 179.72 202.48 211.28 226.75 172.26 152.35 135.34 141.00 133.68 100.14 124.68 129.00 88.73 99.73 86.81 84.55 85.36 89.38 106.93 112.04 107.97 93.27 89.66 89.54 96.57 87.10 85.35 80.13 96.53 90.19 88.93 93.61 94.75 100.85 99.42 154.58 116.66 104.88 107.74 106.37 99.94 105.12 94.30 76.18 68.84 82.06 88.72 81.94 73.55 75.61 71.91 69.93 85.76 54.51 53.41
-9999 -9999 123.53 154.98 159.68 214.66 189.81 180.17 193.93 202.66 185.11 185.70 183.94 238.75 272.06 297.40 238.61 217.05 214.38 220.68 200.91 203.76 227.09 198.47 176.06 212.12 155.97 142.93 122.24 139.64 142.27 112.43 122.51 104.18 90.61 80.16 91.03 107.12 102.47 111.88 122.32 89.09 89.13 90.33 103.95 84.40 87.00 93.69 85.76 94.76 93.82 92.87 106.98 96.25 90.57 107.44 83.84 103.26 99.36 100.08 99.01 103.71 86.18 88.92 101.11 85.76 82.10 72.06 70.55 74.46 108.05 111.55 90.24 76.95 74.14
-9999 149.56 167.60 180.19 191.91 254.62 318.89 284.04 261.74 237.17 273.76 287.04 232.70 266.24 295.62 303.88 263.74 260.86 201.98 182.68 183.69 193.30 213.06 170.08 164.70 161.91 124.57 151.97 162.69 254.39 202.49 142.09 111.18 110.82 106.35 121.43 90.59 83.33 80.48 87.52 89.98 88.83 91.20 89.68 86.98 77.72 107.27 99.27 111.52 115.31 114.99 119.04 108.98 94.70 92.00 93.74 91.71 92.76 96.09 90.30 99.68 97.24 87.25 101.48 86.96 78.36 88.96 78.41 72.29 68.67 104.35 103.24 99.06 81.25 75.40
153.74 148.21 159.18 171.16 189.59 239.90 259.50 237.12 227.06 250.54 263.51 271.99 252.23 266.86 300.78 315.15 242.90 233.10 183.96 197.73 243.73 222.58 223.79 186.26 168.05 146.26 145.89 130.88 209.59 222.08 229.77 151.02 132.95 130.09 129.51 122.72 85.08 83.50 76.04 82.92 88.67 86.52 73.27 99.06 87.18 102.44 99.20 110.95 111.01 105.15 100.68 104.90 109.24 100.82 94.39 90.34 80.82 87.30 87.45 86.49 92.40 102.06 92.92 92.42 87.70 88.39 92.04 89.42 77.16 76.40 105.76 91.37 85.82 75.00 74.28
-9999 129.00 139.45 169.94 188.14 180.49 232.59 183.04 207.92 222.75 251.65 236.49 235.93 261.13 253.26 234.13 227.04 238.05 267.87 275.72 345.08 439.32 329.92 286.81 267.69 276.83 253.57 158.13 146.73 265.00 200.93 116.55 138.41 148.72 130.41 103.77 68.47 95.40 105.39 111.03 82.77 82.85 97.58 93.31 94.16 114.25 121.97 103.47 94.97 92.02 93.95 89.17 102.77 94.85 90.43 76.14 79.37 79.85 77.50 85.08 82.37 80.07 80.08 81.10 84.30 89.49 103.70 92.90 92.47 79.12 64.51 72.55 78.83 73.72 72.76
-9999 -9999 157.03 161.05 172.80 190.94 193.44 202.98 209.12 225.66 242.62 210.21 235.58 226.69 250.46 243.21 291.21 252.59 302.37 340.26 375.69 419.08 432.90 367.06 363.30 406.23 254.88 243.43 196.09 133.39 170.39 180.12 95.53 105.64 110.52 142.83 114.39 128.52 111.53 104.03 88.41 88.63 92.30 102.68 123.90 111.31 114.10 100.19 95.53 91.07 101.68 106.30 92.70 83.77 82.73 75.65 80.16 84.42 81.47 78.10 77.69 70.81 68.87 84.80 97.48 106.28 100.39 88.78 87.29 85.23 77.59 68.36 64.92 59.03 69.52
-9999 139.65 148.93 150.64 164.54 179.56 205.53 230.30 242.76 225.57 214.50 215.44 224.70 233.88 263.20 233.57 277.67 252.77 274.86 318.79 350.85 317.02 342.97 315.06 337.04 305.23 306.85 274.28 202.46 177.98 237.00 176.27 134.84 125.89 161.92 157.36 149.86 134.65 136.95 95.76 90.57 86.37 121.81 129.51 116.21 113.19 90.72 94.96 104.32 101.63 92.36 89.38 83.53 83.53 78.18 77.38 80.56 83.96 87.64 86.69 77.47 75.00 82.37 87.80 108.83 89.80 98.88 103.05 79.33 69.43 63.59 61.47 62.37 68.45 72.43
114.32 119.80 153.46 112.63 155.78 182.72 220.67 223.62 198.91 196.45 190.07 196.57 206.09 205.69 225.42 264.65 239.29 299.80 317.50 352.73 397.18 341.92 256.98 280.58 256.93 238.96 232.51 277.71 221.83 200.10 242.15 160.53 158.69 127.49 150.89 166.88 161.05 143.52 121.89 91.40 84.93 83.15 102.55 123.51 107.58 101.83 103.94 93.64 96.29 93.93 80.11 74.96 73.24 84.06 90.96 78.62 85.13 75.62 80.93 82.59 89.22 106.40 103.22 99.31 101.55 98.56 93.95 86.58 77.58 73.61 62.23 61.70 64.97 69.61 84.87
-9999 -9999 144.27 152.16 164.40 175.40 192.43 201.12 -9999 -9999 -9999 -9999 192.65 190.73 218.90 209.84 203.62 231.68 254.04 292.59 325.14 276.89 371.23 340.14 345.39 273.54 255.68 289.81 259.22 232.63 193.78 183.87 133.27 136.61 186.96 160.26 147.64 118.79 102.71 102.16 91.96 112.35 102.98 126.89 112.35 95.38 95.49 85.98 83.53 86.93 80.72 86.82 83.47 78.36 82.56 90.97 86.94 83.45 92.48 89.35 97.03 107.59 109.66 103.83 105.97 99.95 74.64 70.17 71.98 68.13 64.26 59.80 60.82 64.68 77.28
-9999 -9999 144.14 169.71 172.29 162.84 190.42 145.83 -9999 -9999 -9999 -9999 -9999 -9999 -9999 191.56 222.69 216.74 193.89 235.95 285.13 359.46 417.25 503.48 449.47 378.80 284.49 272.90 224.58 248.09 283.53 214.93 149.91 188.83 191.72 173.21 114.96 104.56 108.88 110.39 115.89 120.35 108.11 107.77 94.67 87.66 84.08 80.10 84.88 89.77 82.81 95.40 80.86 70.17 70.27 74.10 82.17 86.36 99.72 89.47 103.02 124.50 110.37 104.78 120.17 95.30 78.32 60.62 66.75 60.19 67.21 63.91 52.89 59.66 59.64
-9999 -9999 -9999 -9999 152.54 -9999 -9999 -9999 -9999 -9999 -9999 -9999 -9999 149.14 182.51 206.35 207.89 174.99 176.26 201.78 269.76 350.81 404.60 463.35 406.24 336.74 283.05 291.54 245.86 240.82 209.53 188.79 133.64 163.94 164.18 135.69 111.94 110.80 107.52 105.75 121.77 125.49 109.31 105.51 93.28 88.91 87.64 84.84 90.05 84.68 82.31 75.12 74.86 65.25 64.11 76.19 84.00 72.03 91.87 110.86 101.06 115.09 95.74 90.91 102.22 99.06 79.86 70.21 75.50 73.63 76.41 62.30 57.83 47.88 72.38
-9999 -9999 -9999 -9999 -9999 -9999 -9999 -9999 -9999 -9999 -9999 -9999 -9999 132.55 167.77 182.85 166.61 160.97 -9999 -9999 201.38 321.48 322.03 351.32 328.14 309.76 299.00 295.22 240.37 208.75 177.12 146.34 147.22 126.83 120.14 106.73 108.77 110.92 100.02 107.48 120.65 115.38 110.58 110.84 77.52 90.48 91.88 87.24 85.92 82.27 72.24 63.85 83.97 71.45 70.80 71.11 78.15 76.75 89.11 81.81 97.32 86.03 83.63 93.93 84.29 75.39 77.50 73.89 74.54 75.01 90.74 61.79 56.68 60.13 64.45
-9999 -9999 -9999 -9999 -9999 -9999 -9999 -9999 -9999 -9999 -9999 -9999 -9999 -9999 -9999 -9999 -9999 -9999 -9999 -9999 167.42 205.78 278.67 286.30 291.35 271.55 276.33 244.69 224.30 170.67 155.87 133.39 131.88 123.51 -9999 107.67 106.62 115.23 107.56 109.43 122.23 109.82 126.95 111.04 91.94 104.94 95.84 85.21 89.70 96.12 83.42 76.01 77.83 83.71 71.57 75.93 86.97 78.14 88.11 90.60 91.46 90.99 83.61 78.93 76.23 81.51 64.06 77.57 62.52 65.11 63.00 62.60 61.60 56.67 60.31
-9999 -9999 -9999 -9999 -9999 -9999 -9999 -9999 -9999 -9999 -9999 -9999 -9999 -9999 -9999 -9999 -9999 -9999 -9999 -9999 -9999 187.18 204.39 222.63 243.66 225.74 203.65 188.07 173.69 156.78 -9999 -9999 -9999 -9999 121.26 98.72 115.80 116.53 117.46 110.47 123.32 112.10 108.45 107.01 145.54 173.78 89.27 98.77 98.98 109.04 96.92 85.38 77.07 81.66 78.57 70.77 78.71 71.85 79.15 82.87 73.10 75.66 69.52 71.40 56.89 64.70 64.90 66.93 45.60 48.44 59.88 53.20 56.96 60.51 64.78
-9999 -9999 -9999 -9999 -9999 -9999 -9999 -9999 -9999 -9999 -9999 -9999 -9999 -9999 -9999 -9999 -9999 -9999 -9999 -9999 -9999 -9999 193.54 211.80 203.06 178.51 181.24 175.63 164.54 -9999 -9999 -9999 -9999 130.75 140.57 129.35 108.21 96.91 109.86 122.08 124.46 119.98 104.25 112.61 97.59 112.09 110.05 118.51 101.16 101.08 94.90 84.48 71.28 74.07 63.59 73.00 64.17 66.80 69.03 70.17 71.46 72.48 66.38 70.13 63.92 65.99 66.96 66.24 57.06 56.38 57.04 61.32 59.50 63.21 58.37
-9999 -9999 -9999 -9999 -9999 -9999 -9999 -9999 -9999 -9999 -9999 -9999 -9999 -9999 -9999 -9999 -9999 -9999 -9999 -9999 -9999 -9999 -9999 166.44 136.29 140.51 151.46 157.40 147.23 -9999 -9999 -9999 104.30 124.96 123.93 118.89 117.92 120.51 110.00 102.17 91.62 104.44 92.93 99.28 103.66 103.51 100.09 92.97 100.59 92.56 86.22 84.35 74.29 77.70 73.90 72.17 70.73 69.75 71.13 65.92 72.88 74.24 75.10 76.58 63.90 61.69 57.39 63.60 58.65 51.73 54.29 52.30 60.31 61.68 66.95
-9999 -9999 -9999 -9999 -9999 -9999 -9999 -9999 -9999 -9999 -9999 -9999 -9999 -9999 -9999 -9999 -9999 -9999 -9999 -9999 -9999 -9999 -9999 -9999 -9999 -9999 -9999 -9999 -9999 -9999 -9999 120.07 112.18 128.76 120.80 128.76 116.79 117.88 123.07 104.28 84.90 82.19 68.89 65.26 80.41 85.30 92.31 92.18 104.33 96.85 94.24 87.65 95.09 77.65 80.24 78.21 77.51 63.96 73.57 73.70 69.86 72.89 74.16 69.11 55.97 57.51 57.53 59.09 55.32 49.84 54.17 56.85 65.20 76.68 75.21
-9999 -9999 -9999 -9999 -9999 -9999 -9999 -9999 -9999 -9999 -9999 -9999 -9999 -9999 -9999 -9999 -9999 -9999 -9999 -9999 -9999 -9999 -9999 -9999 -9999 -9999 -9999 -9999 -9999 -9999 -9999 97.36 128.13 146.51 190.46 161.65 132.70 119.94 103.56 98.39 95.03 78.54 73.72 73.03 74.64 86.36 92.13 85.75 103.08 94.83 108.15 101.71 88.90 100.00 88.91 83.80 76.49 67.15 62.98 59.88 65.49 68.68 70.12 61.69 57.59 42.42 50.99 62.26 65.10 63.85 63.40 62.70 74.72 90.28 81.90
-9999 -9999 -9999 -9999 -9999 -9999 -9999 -9999 -9999 -9999 -9999 -9999 -9999 -9999 -9999 -9999 -9999 -9999 -9999 -9999 -9999 -9999 -9999 -9999 -9999 -9999 -9999 -9999 -9999 -9999 -9999 86.92 102.46 148.03 175.98 192.85 190.70 152.63 133.26 114.91 97.22 86.29 79.32 89.03 87.20 92.41 94.63 93.07 81.96 78.71 87.46 93.45 101.62 92.53 87.07 85.57 74.84 65.93 63.43 59.10 61.08 65.38 65.61 60.28 58.90 60.48 61.93 77.43 49.00 66.06 72.42 72.30 73.09 89.27 103.79
-9999 -9999 -9999 -9999 -9999 -9999 -9999 -9999 -9999 -9999 -9999 -9999 -9999 -9999 157.92 205.36 145.21 222.06 242.02 220.62 212.69 201.47 92.08 127.05 85.73 -9999 -9999 -9999 -9999 -9999 -9999 91.96 112.37 118.07 137.69 147.70 175.48 153.32 159.24 124.56 92.08 84.69 95.49 98.78 92.93 81.01 88.94 80.11 73.70 79.54 76.62 74.08 89.23 92.49 87.09 84.74 83.45 86.90 82.07 61.67 63.86 68.91 66.51 67.59 65.86 65.21 71.70 78.05 73.61 63.09 64.76 75.81 79.52 74.40 92.48
-9999 -9999 -9999 -9999 -9999 -9999 -9999 -9999 -9999 -9999 -9999 -9999 -9999 -9999 181.63 221.30 226.05 195.35 307.10 330.72 244.33 235.80 180.14 105.98 92.69 65.55 58.99 86.21 88.59 74.90 83.67 86.57 96.96 117.82 116.63 124.56 139.25 144.95 149.32 132.46 92.54 99.36 94.32 80.94 83.95 90.08 69.05 78.16 74.47 76.21 77.42 74.81 67.67 80.06 77.70 83.17 81.74 71.19 79.66 77.37 62.31 61.79 60.93 78.93 70.69 64.04 91.07 93.84 88.64 87.21 70.66 70.97 73.25 77.45 81.19
-9999 -9999 -9999 -9999 -9999 -9999 -9999 -9999 -9999 -9999 -9999 -9999 -9999 97.81 136.68 153.44 182.28 195.35 247.59 283.08 269.28 226.16 233.55 191.13 159.42 113.72 107.51 89.84 115.42 79.16 70.02 81.11 94.48 95.30 107.19 110.04 126.15 128.09 127.32 127.77 126.72 101.16 96.77 95.05 87.64 83.03 94.62 78.60 78.27 79.40 72.11 75.83 74.07 79.02 81.10 74.13 79.42 91.16 76.58 72.92 71.44 67.90 79.87 74.76 69.04 65.04 71.13 94.15 97.19 77.62 80.49 75.56 91.75 93.17 74.20
-9999 -9999 -9999 -9999 -9999 -9999 -9999 -9999 -9999 -9999 -9999 -9999 -9999 -9999 118.40 131.68 135.97 172.16 200.77 212.31 270.05 232.51 204.81 163.74 168.99 166.82 123.91 99.42 89.99 94.16 84.50 79.78 82.06 87.89 106.30 128.73 109.75 100.20 109.68 116.28 116.52 102.90 102.59 111.81 84.10 80.79 91.47 82.82 80.53 76.49 79.81 75.47 74.80 94.11 85.27 67.49 83.67 95.79 92.56 86.68 75.79 80.29 94.73 77.75 74.56 63.04 73.10 74.86 79.30 79.08 91.30 98.01 92.89 110.32 91.09
-9999 -9999 -9999 -9999 -9999 -9999 -9999 -9999 -9999 -9999 122.18 -9999 -9999 106.63 102.32 139.02 132.00 148.76 177.71 159.03 155.66 180.86 172.76 186.76 156.75 156.61 123.78 99.96 85.38 82.83 83.16 75.79 86.07 78.60 97.39 91.23 95.07 101.91 101.26 87.15 101.20 93.40 88.41 92.50 86.07 95.85 88.80 74.95 68.40 66.81 80.50 82.85 88.15 79.99 83.29 92.36 84.98 99.18 96.93 109.51 97.75 86.27 95.02 70.30 76.16 79.01 78.29 83.37 88.68 105.76 85.98 86.08 88.19 88.18 76.76
-9999 -9999 -9999 -9999 -9999 -9999 -9999 -9999 -9999 146.34 172.96 192.14 169.38 135.49 161.74 164.36 141.09 137.75 142.60 129.43 146.15 144.28 164.85 145.59 138.94 137.22 117.70 95.87 85.46 88.84 86.21 82.11 74.79 77.56 85.51 69.08 74.50 92.93 86.50 81.13 85.09 91.90 91.59 88.17 93.24 105.83 86.03 72.94 66.68 66.69 82.46 85.69 79.57 85.09 87.02 93.18 90.54 86.01 87.88 83.72 85.66 83.28 80.74 84.31 81.41 85.33 90.37 81.68 87.36 85.68 79.41 86.41 79.57 75.30 80.72
-9999 -9999 -9999 -9999 -9999 -9999 -9999 -9999 -9999 175.76 192.64 185.81 167.64 146.23 174.67 150.07 144.86 145.58 127.65 139.34 131.52 123.09 148.24 144.04 136.31 144.16 125.52 137.73 137.13 114.73 97.90 72.28 70.61 74.18 83.20 86.74 82.61 80.71 78.04 80.55 74.59 69.97 67.39 75.81 86.29 87.89 85.46 75.25 71.91 81.47 78.22 75.59 63.61 76.01 90.56 90.86 83.05 85.82 89.95 96.70 90.90 126.61 101.57 99.95 93.22 79.12 104.57 94.23 84.37 84.45 82.95 101.51 78.37 75.90 76.11
-9999 -9999 -9999 -9999 -9999 -9999 -9999 -9999 -9999 181.30 212.59 256.47 187.38 158.98 154.75 144.54 132.98 119.64 109.17 104.69 130.71 121.45 138.41 149.41 127.58 122.32 117.16 154.66 147.29 136.43 136.47 105.65 88.86 85.17 74.92 73.66 77.15 76.40 74.38 68.00 71.19 68.71 79.83 66.24 80.65 77.03 79.34 80.58 78.74 82.13 88.10 78.60 68.71 64.04 64.37 78.06 77.89 70.57 83.73 86.24 102.14 122.66 119.98 114.22 124.29 86.27 126.66 107.92 91.04 81.79 105.41 98.07 97.69 73.73 75.66
-9999 -9999 -9999 -9999 -9999 -9999 -9999 -9999 -9999 134.63 196.28 177.70 181.26 158.04 155.35 130.53 107.12 128.68 113.40 99.92 118.58 117.71 109.09 130.20 136.34 122.45 128.71 166.11 156.01 168.55 161.50 130.03 126.16 110.39 90.67 89.68 89.54 80.86 84.02 78.10 81.84 84.93 74.30 74.12 73.86 75.97 72.15 78.64 81.45 81.70 83.44 80.27 72.50 78.51 62.12 67.72 76.00 85.45 81.17 62.21 72.55 71.73 84.63 77.85 77.52 82.77 89.97 92.86 94.59 86.37 81.44 77.23 102.46 82.51 69.16
-9999 -9999 -9999 -9999 -9999 -9999 -9999 -9999 -9999 114.04 157.88 139.46 167.95 170.42 175.21 154.17 124.92 113.51 107.46 126.92 104.18 97.57 107.77 109.03 111.53 115.19 125.56 125.99 159.65 180.09 139.76 119.78 156.52 141.18 103.69 113.58 93.94 106.78 111.28 103.84 101.59 94.41 79.32 74.30 79.79 78.74 73.68 80.46 83.33 81.69 76.12 73.60 83.17 75.46 64.14 64.54 65.39 64.94 63.53 60.72 60.24 67.82 74.82 69.24 72.14 74.84 74.31 79.98 78.23 -9999 -9999 68.20 78.33 79.57 68.47
-9999 -9999 -9999 -9999 -9999 -9999 -9999 -9999 147.56 136.58 156.27 157.70 174.10 186.53 181.85 167.32 162.55 119.59 110.70 107.48 95.78 92.91 98.43 93.15 103.33 106.63 126.08 146.74 175.13 159.11 123.48 126.63 130.26 107.46 103.93 97.18 94.72 122.95 117.92 112.58 100.95 95.76 93.44 94.52 89.01 83.03 77.00 81.44 77.65 80.04 75.02 65.39 72.60 67.52 67.60 -9999 -9999 60.34 53.17 54.22 59.80 58.60 67.71 58.43 -9999 -9999 -9999 -9999 -9999 -9999 -9999 -9999 -9999 -9999 71.21
