Rainfall_2007-2011/Rainfall_2011-11_ACTUAL.txt
ncols         180
nrows         290
xllcorner     -200000
yllcorner     -200000
cellsize      5000
NODATA_value  -9999
[rows 170 to 203 of 290, columns 76 to 151 of 180]
-9999 -9999 -9999 -9999 -9999 -9999 -9999 -9999 -9999 -9999 -9999 -9999 -9999 -9999 -9999 -9999 -9999 -9999 -9999 -9999 -9999 -9999 -9999 -9999 -9999 -9999 -9999 -9999 -9999 -9999 49.03 48.53 45.76 45.43 44.47 44.32 40.19 35.19 45.14 46.55 38.78 38.87 43.11 43.76 43.85 65.15 68.54 67.08 59.86 45.38 36.01 31.22 30.20 25.55 27.43 23.89 23.47 22.07 23.81 22.42 17.66 20.13 21.47 20.96 22.27 24.46 24.29 25.54 23.48 21.60 21.13 20.57 18.60 -9999 -9999 -9999
-9999 -9999 -9999 -9999 -9999 -9999 -9999 -9999 -9999 -9999 82.91 72.07 63.28 64.58 -9999 -9999 -9999 -9999 -9999 -9999 -9999 -9999 -9999 -9999 -9999 -9999 -9999 -9999 -9999 38.31 37.57 42.15 42.27 45.52 42.64 38.33 35.85 38.43 42.07 47.70 40.09 39.54 40.00 44.06 55.71 69.13 68.09 61.28 63.13 50.99 35.09 34.66 27.95 30.84 28.66 24.85 26.79 24.64 22.05 24.82 21.14 21.52 21.93 21.00 20.96 22.21 23.99 24.66 24.28 25.60 22.33 20.46 19.35 19.98 -9999 -9999
-9999 -9999 -9999 -9999 -9999 -9999 -9999 -9999 -9999 -9999 76.01 73.88 62.68 62.69 -9999 -9999 -9999 -9999 -9999 -9999 -9999 -9999 -9999 -9999 -9999 -9999 -9999 -9999 36.67 35.85 37.35 41.01 39.30 36.04 39.88 32.71 33.18 36.92 36.57 40.25 41.18 38.22 38.82 40.50 49.17 80.46 79.21 61.84 60.69 52.89 41.67 33.43 29.26 25.51 26.97 25.40 24.45 26.20 23.95 23.48 21.75 20.36 20.55 21.94 20.98 22.27 22.57 27.67 27.97 25.73 23.52 20.60 19.76 20.61 -9999 -9999
-9999 -9999 -9999 -9999 -9999 -9999 -9999 -9999 65.05 72.29 69.79 74.40 67.11 68.79 67.41 46.31 49.71 -9999 -9999 38.44 39.02 -9999 -9999 -9999 27.06 27.94 32.97 -9999 34.21 36.88 36.66 38.15 39.22 39.12 42.35 38.98 37.71 39.17 34.75 33.57 41.97 38.25 36.00 40.98 47.33 58.98 68.23 53.73 54.47 54.19 37.69 39.18 31.08 27.51 25.63 26.23 25.15 26.24 23.17 22.96 21.76 20.71 19.64 22.18 21.68 21.78 21.65 26.68 29.54 25.33 26.36 21.59 21.07 20.51 21.33 -9999
-9999 -9999 -9999 -9999 -9999 -9999 -9999 -9999 -9999 67.91 65.35 62.83 57.08 65.11 65.69 54.76 47.05 -9999 42.11 49.12 49.00 41.74 37.02 32.25 30.67 32.23 32.88 36.77 -9999 35.23 36.12 38.50 38.40 38.31 37.17 35.64 37.26 39.19 37.75 40.60 45.12 40.14 37.19 48.35 56.31 52.13 60.98 46.48 59.46 53.48 40.54 32.97 29.68 30.56 29.06 26.38 25.49 24.15 25.19 25.02 23.58 22.40 20.81 23.85 22.60 21.64 22.23 24.79 27.19 27.34 24.43 24.19 23.04 21.26 22.60 -9999
-9999 -9999 -9999 -9999 -9999 -9999 -9999 -9999 -9999 -9999 65.12 65.13 61.59 65.87 57.23 65.62 73.29 75.27 100.86 70.89 64.26 57.50 51.31 38.19 37.34 28.39 28.89 39.41 40.22 34.81 33.88 38.07 41.13 37.09 33.06 37.07 39.51 39.75 38.22 41.82 48.76 44.54 34.44 50.76 66.10 59.10 58.58 52.56 52.15 44.97 35.60 33.43 30.73 30.87 29.69 29.95 28.70 25.58 26.39 24.82 22.79 22.24 22.19 22.14 21.85 21.83 21.44 23.10 21.42 23.34 23.17 28.57 26.96 23.64 23.90 24.98
-9999 -9999 -9999 -9999 -9999 -9999 -9999 -9999 -9999 -9999 -9999 72.82 69.02 80.01 65.36 105.17 137.56 154.04 139.57 102.05 83.02 63.34 53.35 44.29 38.56 33.14 40.62 31.82 40.23 38.74 39.15 34.20 33.56 34.40 35.24 48.03 39.96 40.27 36.26 41.78 45.94 40.78 46.22 50.80 61.39 60.55 55.74 56.86 49.69 47.97 51.31 33.76 31.85 32.13 30.35 29.93 30.83 25.99 26.91 24.59 21.44 22.34 22.02 22.21 21.81 22.42 21.66 22.10 22.41 23.77 28.01 26.54 24.29 24.33 25.07 24.85
-9999 -9999 -9999 -9999 -9999 -9999 -9999 -9999 -9999 -9999 -9999 -9999 84.12 84.91 129.43 191.90 204.07 200.15 195.49 131.67 105.98 76.85 64.06 42.91 48.26 39.06 36.69 48.72 47.40 44.82 38.84 34.54 35.33 34.12 36.32 37.76 36.40 34.88 35.28 37.91 36.08 37.21 45.67 48.12 47.41 51.21 50.49 58.56 56.32 45.24 42.60 36.35 30.76 32.69 33.71 31.95 30.27 26.98 28.28 24.62 20.49 22.32 22.11 22.73 24.87 24.15 21.97 20.34 21.21 22.71 25.14 22.27 22.31 23.75 26.65 27.81
-9999 -9999 -9999 -9999 -9999 -9999 -9999 -9999 -9999 -9999 -9999 -9999 86.84 92.96 139.59 185.62 248.89 234.46 203.12 112.39 87.12 94.20 79.20 68.61 54.07 49.12 41.44 42.87 54.66 53.10 48.85 34.83 33.81 33.64 36.02 37.62 36.43 35.49 35.30 40.39 33.17 34.96 40.79 33.88 35.92 53.85 64.96 66.00 58.72 55.18 46.48 37.74 29.71 32.24 36.71 33.00 31.27 27.66 26.58 24.11 21.88 22.48 21.90 22.36 28.46 26.09 23.34 19.92 19.88 19.79 21.40 19.82 21.76 24.55 24.91 -9999
-9999 -9999 -9999 -9999 -9999 -9999 -9999 -9999 -9999 -9999 -9999 -9999 102.21 125.48 158.45 200.08 239.38 199.77 161.06 129.60 84.31 87.79 73.87 59.13 63.63 50.42 45.57 59.43 58.26 55.07 43.51 37.99 35.21 36.00 40.93 40.23 38.52 35.64 36.47 40.80 36.90 37.45 40.12 37.25 52.87 56.38 61.54 68.95 50.22 49.01 48.48 36.59 35.13 35.85 36.20 35.67 31.39 31.55 24.96 23.25 22.77 22.96 21.96 26.29 24.28 27.13 25.10 20.72 17.23 20.34 19.47 19.02 23.90 24.42 -9999 -9999
-9999 -9999 -9999 -9999 -9999 -9999 -9999 -9999 -9999 -9999 -9999 100.10 152.19 137.41 160.17 167.87 149.50 152.37 145.60 149.06 136.05 110.32 82.85 65.37 61.65 51.31 56.37 69.45 68.87 73.89 46.40 34.78 32.69 38.80 38.85 38.05 37.32 37.27 36.13 36.08 34.55 34.87 39.83 43.50 38.29 57.30 63.99 60.92 52.35 45.56 43.68 39.95 34.97 35.53 35.82 36.53 32.90 29.19 26.73 23.09 22.72 23.47 22.03 24.23 23.04 26.02 26.20 22.02 19.93 21.58 24.56 25.77 25.82 -9999 -9999 -9999
-9999 -9999 -9999 -9999 -9999 -9999 -9999 -9999 -9999 99.92 90.90 103.94 104.41 98.42 93.28 110.44 96.12 104.05 146.55 153.67 145.44 135.25 92.41 82.48 62.83 64.54 60.43 53.66 59.86 58.38 53.51 46.62 36.56 38.01 36.95 37.99 38.05 40.68 43.16 36.17 33.85 35.60 37.20 35.54 41.06 46.39 45.10 54.71 45.13 44.06 42.07 36.16 34.01 31.30 34.13 34.33 29.21 28.33 24.15 19.56 19.65 23.69 24.40 27.44 28.06 27.12 27.08 22.01 19.77 22.75 24.39 27.43 -9999 -9999 -9999 -9999
-9999 -9999 -9999 -9999 -9999 -9999 -9999 -9999 81.48 99.66 79.37 79.51 80.03 60.42 65.99 72.05 79.54 100.05 120.05 134.17 164.08 122.15 57.96 66.37 66.70 83.02 80.89 71.84 62.69 55.68 50.88 44.96 39.14 37.93 38.45 35.75 39.23 41.38 40.49 42.16 33.84 37.74 38.25 32.77 33.89 35.05 33.68 39.14 38.53 39.93 37.65 34.64 32.89 31.27 29.95 32.34 27.16 27.56 24.80 22.04 21.35 23.61 26.90 31.30 29.65 29.62 27.02 22.43 20.00 22.82 25.70 28.16 -9999 -9999 -9999 -9999
-9999 -9999 -9999 -9999 -9999 -9999 -9999 85.49 78.10 73.22 74.05 -9999 -9999 -9999 -9999 59.45 82.52 127.05 136.61 131.98 119.52 101.99 81.64 96.01 92.32 116.00 90.92 69.02 69.10 60.49 46.33 41.89 40.52 35.09 35.12 34.56 37.95 46.42 35.15 39.68 36.03 30.19 32.61 34.64 33.01 34.00 29.02 36.02 38.67 32.97 31.46 30.11 26.88 31.89 35.56 33.82 28.42 28.87 26.86 26.13 24.07 25.85 26.68 30.86 28.46 26.84 26.14 23.24 23.53 25.79 28.02 28.30 29.13 -9999 -9999 -9999
-9999 -9999 -9999 -9999 -9999 -9999 -9999 75.39 86.72 64.25 56.80 -9999 -9999 -9999 -9999 59.72 76.69 139.10 122.55 135.64 135.14 127.55 132.55 126.69 107.44 119.86 83.39 69.12 64.63 58.51 48.11 40.80 38.19 37.55 34.66 37.42 34.00 36.64 36.13 32.78 36.93 30.86 31.31 33.90 33.56 31.07 35.05 41.04 38.86 31.12 32.21 34.50 33.31 39.82 43.42 36.13 33.69 31.30 27.97 29.72 27.79 29.39 27.81 28.67 27.87 24.57 22.98 22.37 23.61 26.10 29.80 30.35 32.11 34.93 -9999 -9999
-9999 -9999 -9999 -9999 -9999 -9999 -9999 -9999 -9999 -9999 -9999 -9999 -9999 -9999 -9999 48.84 85.38 106.62 100.40 111.33 104.13 147.17 151.16 110.78 126.42 118.76 79.16 62.07 58.94 57.42 45.91 43.22 37.89 37.37 34.98 33.70 36.63 34.26 42.65 37.88 34.09 32.50 32.91 33.04 31.49 26.29 33.67 36.19 41.41 37.34 39.25 35.66 33.30 35.78 37.91 35.57 28.51 29.65 28.62 27.16 26.63 28.73 22.65 24.84 24.26 23.37 22.75 22.23 20.60 28.86 31.20 35.58 37.65 40.13 46.27 50.85
-9999 -9999 -9999 -9999 -9999 -9999 -9999 -9999 -9999 -9999 -9999 -9999 -9999 -9999 -9999 -9999 94.50 84.18 102.78 112.03 135.22 147.06 143.87 127.89 107.00 74.60 63.20 52.38 53.79 46.96 41.38 44.03 38.55 38.91 38.29 34.04 35.53 36.86 42.13 34.78 32.28 31.89 29.72 32.63 33.18 30.39 35.29 42.53 42.17 40.37 39.85 38.19 35.26 38.54 47.36 29.05 27.24 21.66 23.52 27.20 28.85 28.84 23.51 24.49 23.78 24.28 24.03 24.25 22.48 27.19 38.74 45.78 42.53 40.48 47.26 49.17
-9999 -9999 -9999 -9999 -9999 -9999 -9999 -9999 -9999 -9999 -9999 -9999 -9999 -9999 -9999 -9999 85.04 114.76 127.18 123.16 126.77 122.67 114.32 102.48 91.03 72.16 55.20 63.44 55.71 44.96 48.49 42.23 40.39 39.81 39.12 33.93 33.24 35.21 40.16 33.68 32.58 29.59 28.19 31.30 32.67 35.00 33.50 35.97 37.13 38.42 41.27 40.63 38.69 52.19 39.99 26.13 22.71 23.49 25.13 28.56 32.09 30.28 27.19 26.19 24.51 23.96 25.00 24.66 25.88 28.71 39.50 45.59 42.54 40.14 42.55 42.43
-9999 -9999 -9999 -9999 -9999 -9999 -9999 -9999 -9999 -9999 -9999 -9999 -9999 -9999 -9999 72.79 79.49 104.82 115.84 114.24 100.03 92.21 94.78 94.63 96.02 74.47 62.05 67.21 55.53 70.83 47.92 38.90 44.07 47.73 38.08 41.54 44.85 46.08 41.08 33.65 32.36 30.46 30.10 34.31 37.44 35.40 37.20 35.04 34.80 37.69 39.37 40.63 37.73 42.50 28.47 23.93 24.56 26.24 25.66 29.89 34.03 29.71 27.37 26.08 26.07 24.16 26.35 26.64 27.94 31.11 33.83 38.08 40.30 43.97 40.86 38.70
-9999 -9999 -9999 -9999 -9999 -9999 -9999 -9999 -9999 -9999 -9999 -9999 -9999 -9999 -9999 61.33 69.31 97.95 76.46 79.39 74.15 79.48 89.30 98.18 82.54 70.70 64.16 61.23 55.24 52.20 49.38 58.30 54.34 50.75 46.97 46.26 46.73 55.74 49.05 33.77 32.52 30.78 27.72 38.36 35.21 36.74 38.63 34.63 35.28 38.62 42.07 39.73 42.62 39.77 33.34 27.65 28.74 29.06 32.58 31.28 33.29 28.95 25.97 26.64 23.22 22.30 27.60 28.40 26.44 31.01 35.52 37.42 41.90 40.97 35.54 36.55
-9999 -9999 -9999 -9999 -9999 -9999 -9999 -9999 -9999 -9999 -9999 -9999 -9999 -9999 -9999 48.57 60.96 61.55 67.38 74.44 91.59 87.52 97.18 93.26 89.76 77.50 63.78 58.98 57.45 60.23 54.48 67.54 71.60 55.16 57.20 50.91 50.37 59.31 45.33 37.04 31.87 29.90 32.98 37.69 37.00 39.54 37.24 33.80 34.55 47.79 48.86 43.03 41.27 33.08 31.51 30.23 32.68 34.58 35.51 36.00 33.47 25.92 26.05 28.01 28.51 25.52 26.81 32.13 32.11 31.61 39.01 37.24 42.75 39.86 35.09 36.00
-9999 -9999 -9999 -9999 -9999 -9999 -9999 -9999 -9999 -9999 -9999 -9999 -9999 -9999 -9999 -9999 55.87 68.07 81.85 101.12 123.89 94.74 92.78 86.03 62.12 60.98 60.38 59.02 54.72 49.03 57.27 53.56 64.45 59.02 52.99 44.64 54.02 57.92 42.39 40.04 33.15 30.01 37.41 36.92 34.29 32.18 34.54 35.38 32.60 41.05 47.95 40.04 40.37 35.95 31.59 32.26 34.39 34.50 36.11 31.78 32.70 24.67 25.01 28.37 30.56 31.08 30.74 34.20 35.94 34.18 36.07 35.58 36.02 31.87 31.71 33.50
-9999 -9999 -9999 -9999 -9999 -9999 -9999 -9999 -9999 -9999 -9999 -9999 -9999 -9999 -9999 -9999 55.11 58.62 76.57 105.74 155.15 125.93 111.05 85.03 71.08 67.80 75.48 73.46 72.11 66.16 64.79 63.96 64.66 61.46 59.10 62.23 56.46 55.42 45.06 44.30 34.45 36.22 39.99 41.53 35.00 31.29 31.31 34.50 35.37 39.88 44.42 41.30 40.37 39.63 36.82 35.36 35.78 34.55 39.40 39.87 33.47 25.97 26.16 30.82 31.74 32.20 32.06 34.41 35.91 34.35 30.99 36.69 35.68 31.81 30.27 32.54
-9999 -9999 -9999 -9999 -9999 -9999 -9999 -9999 -9999 -9999 -9999 -9999 -9999 -9999 -9999 51.83 43.30 60.57 77.15 87.26 123.32 121.62 101.44 95.84 101.39 85.57 90.71 76.20 63.75 68.71 73.23 74.56 63.63 63.40 66.86 64.15 65.94 57.04 44.13 48.47 42.10 45.30 47.51 44.80 41.21 37.96 34.04 35.52 35.63 48.11 50.42 43.96 41.01 40.01 34.50 36.14 35.42 35.02 33.88 35.44 30.10 28.13 31.19 31.76 29.35 33.63 32.33 33.43 34.79 35.15 34.30 36.70 34.62 30.44 28.87 29.68
-9999 -9999 -9999 -9999 -9999 -9999 -9999 -9999 -9999 -9999 -9999 -9999 -9999 -9999 -9999 56.46 60.27 66.74 69.47 91.60 131.35 129.24 110.28 80.79 75.76 86.47 82.32 87.01 77.99 88.09 80.90 66.34 72.18 60.04 67.34 56.48 67.61 51.11 45.95 49.61 44.18 44.63 42.62 57.77 46.72 42.12 36.33 34.00 40.77 46.79 49.19 43.04 38.56 35.51 33.96 33.86 34.36 37.01 35.40 34.40 30.28 28.43 29.46 28.40 30.22 33.72 33.61 33.60 35.02 33.60 37.92 37.20 33.27 29.03 28.81 27.51
-9999 -9999 -9999 -9999 -9999 -9999 -9999 -9999 -9999 -9999 -9999 -9999 -9999 -9999 -9999 61.81 64.88 64.67 83.95 101.95 132.77 139.97 112.49 84.46 81.88 83.32 76.13 89.32 107.28 79.42 72.73 74.27 59.40 75.64 62.51 53.63 46.89 47.13 44.09 42.04 37.70 41.67 46.49 48.00 42.35 44.67 41.17 37.94 39.62 45.07 44.64 40.36 32.53 31.54 31.13 29.48 33.00 30.30 31.21 31.10 30.82 27.06 28.83 28.91 31.06 30.23 27.61 27.83 30.02 34.10 38.82 33.68 32.67 28.93 27.57 29.18
-9999 -9999 -9999 -9999 -9999 -9999 -9999 -9999 -9999 -9999 -9999 -9999 -9999 -9999 70.86 76.01 81.90 78.12 85.39 111.38 121.72 129.40 101.32 91.18 75.60 72.14 66.91 91.15 80.83 69.65 79.35 75.19 63.99 59.00 53.38 49.84 48.72 64.84 45.59 41.87 42.95 41.62 44.68 56.84 43.26 40.81 41.08 37.50 37.25 38.49 39.12 34.78 30.75 31.63 27.38 31.56 31.29 29.95 32.42 34.58 29.64 29.96 25.90 31.41 34.11 28.24 26.50 26.11 26.79 30.04 34.79 36.49 34.12 31.95 30.59 30.12
-9999 -9999 -9999 -9999 -9999 -9999 -9999 -9999 -9999 -9999 -9999 -9999 -9999 75.31 78.24 88.23 83.48 75.24 99.34 137.74 135.10 120.58 123.57 94.24 91.21 83.33 67.94 93.65 80.10 81.80 78.10 72.01 62.12 60.60 56.56 61.92 56.76 54.33 59.48 52.21 45.29 41.36 45.48 42.63 37.91 41.25 38.81 36.14 34.09 34.67 31.96 28.62 30.61 32.47 29.59 33.63 30.97 31.52 28.94 29.56 24.99 24.43 24.30 31.03 29.31 27.85 25.65 24.35 22.92 31.48 38.95 40.36 29.04 30.31 30.70 32.80
-9999 -9999 -9999 -9999 -9999 -9999 -9999 -9999 -9999 -9999 -9999 96.57 91.23 77.79 67.05 78.63 90.70 88.31 124.60 145.62 152.26 136.08 114.67 96.54 58.70 84.26 69.15 93.24 88.85 82.70 86.95 68.61 61.68 58.81 59.14 62.63 54.16 50.19 50.32 48.51 47.59 42.16 49.77 44.35 38.62 38.17 35.65 33.03 26.33 24.51 25.81 24.51 26.90 40.78 44.03 39.04 33.28 28.01 26.07 30.00 27.46 24.97 24.41 24.66 29.45 28.09 25.89 23.34 27.41 31.09 31.89 37.30 32.70 28.90 29.29 33.85
-9999 -9999 -9999 -9999 -9999 -9999 -9999 81.99 59.16 84.54 124.93 132.40 126.69 98.32 92.11 94.96 83.59 109.20 120.75 138.34 137.65 124.42 108.10 96.27 81.71 85.90 70.70 95.50 95.40 79.98 71.05 64.63 60.50 69.39 55.07 63.75 58.71 48.70 50.03 53.70 44.44 43.59 44.52 37.23 38.68 34.95 31.50 25.75 24.55 26.31 27.78 21.97 26.10 40.41 41.12 42.57 35.37 27.07 23.46 30.91 28.80 30.17 29.38 32.20 25.99 22.93 23.10 24.07 31.41 30.39 33.83 34.03 31.77 33.43 36.46 44.13
-9999 -9999 -9999 -9999 -9999 -9999 107.05 99.41 101.92 109.74 123.52 133.45 125.03 103.36 90.97 89.46 95.93 106.38 128.93 115.35 130.08 105.53 97.31 115.36 87.86 71.87 96.53 85.16 75.66 58.12 58.58 57.33 67.58 58.13 54.91 51.72 54.10 53.62 58.69 53.78 46.99 40.57 37.02 35.16 35.41 34.03 27.70 24.01 22.61 26.32 27.68 33.62 31.78 37.09 38.64 37.47 32.35 24.04 18.93 26.36 28.87 28.49 28.67 29.09 25.83 21.63 24.30 27.95 31.47 30.95 30.81 30.84 30.50 36.99 41.74 45.65
-9999 -9999 -9999 -9999 -9999 104.94 108.74 103.14 105.07 110.28 123.88 107.48 112.31 101.24 97.78 116.91 99.55 97.88 128.07 102.16 109.17 124.63 115.88 119.82 111.58 84.93 79.76 71.44 66.69 85.85 80.84 59.98 55.22 52.05 51.98 48.91 49.60 49.64 45.33 43.37 43.85 41.74 33.38 34.89 35.36 32.67 25.41 29.80 27.59 27.80 29.36 31.17 29.60 27.66 36.96 37.64 31.70 28.94 26.46 25.02 24.54 27.30 26.18 25.17 21.24 22.56 25.56 27.89 30.54 36.78 33.58 29.32 31.54 32.84 36.85 47.57
-9999 72.77 94.90 107.00 129.13 124.32 132.88 142.74 126.45 115.39 115.98 102.88 105.67 108.78 118.62 114.61 105.35 102.07 112.52 105.48 99.06 123.16 113.81 100.12 76.82 93.08 77.28 48.61 71.92 93.06 91.32 88.97 68.51 64.77 56.60 47.27 63.62 36.58 43.24 41.02 41.20 44.65 38.36 42.42 33.08 30.87 32.86 27.85 29.86 29.32 30.52 28.62 29.33 35.40 40.65 34.80 29.57 26.96 22.99 24.49 24.69 25.64 25.39 22.74 27.09 23.54 27.70 30.41 32.06 34.35 37.64 31.81 33.52 34.68 35.26 40.53
76.86 97.41 107.04 118.03 149.88 159.17 174.85 153.55 142.41 141.24 141.24 119.12 113.51 120.55 116.55 109.38 110.15 98.33 95.97 93.17 112.45 133.05 107.13 92.47 85.34 93.09 91.30 86.90 135.71 122.28 104.34 72.87 72.71 62.72 73.02 59.05 53.71 44.52 40.97 41.63 40.81 47.07 41.91 31.95 30.18 39.02 36.89 37.37 34.78 31.91 39.70 31.06 30.43 35.45 34.11 33.81 32.78 26.08 22.90 26.51 28.84 24.66 28.22 25.27 22.58 23.87 26.62 36.01 31.72 32.33 33.69 31.58 31.08 28.62 33.52 41.36
